48
10
29
5
5
0
1
7
18
1
2
8
9
11
7
11
23
20
22
19
10
19
47
49
5
11
25
10
32
37
13
25
26
9
18
7
14
14
3
14
22
14
39
9
11
8
33
25
25
29
51
36
35
52
5
1
14
34
53
5
34
17
17
4
37
17
23
8
27
33
6
49
7
11
11
11
4
9
7
27
3
2
23
36
79
22
14
17
56
28
1
24
29
28
25
18
30
15
41
17
56
3
22
7
4
31
51
7
2
17
8
12
31
20
17
31
52
14
15
50
17
12
76
9
14
24
24
0
8
32
5
3
42
9
5
4
17
67
14
51
4
4
12
9
27
19
9
14
10
19
10
1
10
31
25
70
57
6
18
11
45
7
5
22
1
6
5
11
12
3
17
25
16
21
27
25
10
3
34
2
10
34
9
65
0
17
22
3
13
94
5
16
9
30
7
23
24
1
63
0
18
8
4
61
38
67
13
31
44
28
1
20
21
42
1
30
27
17
23
2
2
11
19
32
8
7
29
9
50
15
84
28
6
38
17
11
3
31
10
12
4
52
2
5
15
68
1
27
31
33
58
41
9
3
5
18
29
27
18
10
15
36
43
4
10
3
10
5
30
9
35
54
16
13
9
29
21
24
41
3
19
32
16
2
30
27
21
1
25
32
15
14
31
3
5
34
14
1
19
29
20
14
9
24
2
7
23
4
4
1
26
26
62
18
19
20
25
0
33
41
18
23
4
54
26
5
39
28
24
8
21
30
4
20
5
16
10
21
44
6
11
27
20
15
18
36
4
42
15
6
35
51
12
4
38
54
32
21
38
45
15
6
9
32
0
6
4
39
40
10
41
39
66
4
20
28
28
14
37
9
17
27
6
27
18
28
6
4
27
35
51
14
50
32
37
22
62
25
5
17
13
24
1
27
29
5
1
26
8
24
40
7
1
15
3
19
30
21
14
20
12
15
1
25
23
52
3
25
45
45
17
41
2
23
15
21
22
47
1
13
19
2
23
29
2
1
5
17
21
10
30
28
13
25
8
7
4
4
6
6
38
4
50
29
42
19
21
24
28
20
12
4
37
13
5
9
4
23
10
25
22
14
32
16
25
11
9
32
14
13
33
20
9
1
33
33
2
37
5
11
11
17
21
6
17
42
36
1
1
8
25
3
14
30
38
27
26
2
12
4
15
5
24
21
1
14
25
3
1
29
37
1
10
12
24
15
21
28
18
26
1
5
18
32
32
2
1
27
33
10
35
16
27
5
12
15
11
11
21
6
2
44
29
9
9
29
11
26
10
20
1
8
34
6
55
8
4
3
14
15
10
15
26
43
4
12
55
17
11
58
8
4
4
13
9
19
40
2
37
3
29
19
8
17
3
4
9
5
9
2
21
20
37
0
25
46
2
6
10
13
16
1
8
14
9
25
13
2
12
29
46
10
46
9
7
9
1
3
2
6
13
23
23
6
1
0
7
9
6
6
10
22
23
19
3
19
4
9
10
17
28
11
36
14
7
21
17
20
2
9
24
7
5
11
40
15
22
12
2
31
1
19
21
8
13
12
7
49
23
4
32
22
9
34
2
13
17
3
1
15
4
20
39
9
21
2
7
12
1
5
1
6
4
13
4
10
15
9
10
19
12
20
16
20
1
19
2
3
20
9
6
16
0
16
15
10
18
29
4
28
11
14
7
1
8
10
14
10
2
6
48
1
2
16
15
4
0
1
11
4
1
10
1
30
11
25
19
9
6
11
11
11
15
0
9
3
14
20
14
28
12
10
18
8
9
4
20
8
0
12
12
19
7
15
0
1
1
12
28
5
8
11
18
20
18
5
6
11
8
8
4
16
3
39
7
4
11
12
1
6
10
2
5
20
11
1
28
5
14
11
11
9
4
4
5
14
0
17
12
11
7
23
28
9
9
2
0
7
7
2
19
6
10
12
16
5
10
14
23
2
2
24
9
9
20
0
5
19
9
0
3
8
12
5
1
0
2
0
2
23
2
13
5
3
5
3
10
4
35
3
4
2
9
3
26
0
9
7
19
0
7
9
6
1
6
2
5
9
17
12
1
10
2
4
17
3
16
5
9
4
8
19
14
1
5
4
4
4
15
10
3
1
12
5
2
29
4
6
9
13
5
9
10
3
5
11
5
5
11
6
21
6
15
1
1
10
15
1
3
2
12
1
4
1
1
6
2
7
5
13
6
9
10
3
3
3
7
6
0
3
5
2
1
2
8
4
0
4
4
2
1
2
4
1
4
0
0
1
1
0
