5
31
15
15
8
15
13
20
45
12
36
2
11
3
40
23
15
53
12
19
29
31
25
14
10
31
15
3
14
25
36
13
61
6
23
1
61
8
5
25
15
26
40
41
35
16
17
46
20
34
7
9
34
50
28
7
27
22
21
26
36
51
15
15
42
6
59
17
64
7
20
44
38
22
59
20
68
12
7
29
9
7
34
15
3
6
4
41
6
25
43
32
37
5
25
7
77
29
40
26
8
19
28
7
34
4
7
76
38
54
7
7
25
40
8
12
76
33
31
2
67
23
42
2
18
11
3
2
59
22
58
7
4
21
33
60
14
21
40
28
19
2
37
55
44
32
35
16
8
13
18
17
17
2
36
18
30
22
0
12
21
9
8
15
65
9
9
12
12
28
1
5
0
9
2
27
33
13
17
29
27
59
22
40
16
3
10
6
24
10
65
26
35
48
42
24
2
16
57
38
47
10
8
19
12
25
7
6
9
19
26
6
52
6
12
30
7
37
7
37
31
1
42
51
56
6
36
43
18
4
18
2
26
4
15
17
10
21
28
12
2
4
18
59
2
28
32
15
4
8
55
8
19
50
3
17
15
14
43
8
18
1
4
18
13
30
9
31
34
25
1
11
20
20
38
54
11
9
9
18
10
42
45
4
17
40
7
11
9
3
5
29
25
2
5
45
2
35
14
45
31
38
10
49
21
43
29
3
2
9
3
15
30
64
19
27
0
5
7
27
31
15
22
14
19
21
35
73
25
16
17
48
9
15
20
11
2
20
19
20
10
25
44
29
35
30
23
40
5
5
0
30
24
19
45
47
7
16
0
33
1
22
13
7
30
10
31
20
28
7
6
26
29
32
50
9
47
38
4
7
15
11
4
1
47
56
12
6
37
1
23
0
27
17
14
24
12
8
38
24
14
28
47
1
34
20
38
5
15
13
37
19
21
12
11
13
33
21
5
12
35
1
14
53
5
7
6
1
7
20
2
43
17
22
26
45
9
31
28
4
6
7
15
27
10
39
39
1
3
7
40
12
1
10
37
24
15
10
6
3
36
7
10
26
6
3
26
23
6
19
8
20
13
4
54
30
33
37
11
14
28
2
17
7
26
50
17
15
9
23
17
9
19
32
28
20
15
11
9
21
18
3
5
12
54
8
18
4
8
8
16
36
7
8
7
7
13
8
4
18
25
25
35
21
42
26
43
0
30
9
0
29
1
17
24
15
5
1
6
3
5
10
16
37
4
12
24
36
44
22
16
3
9
6
44
7
37
1
15
24
37
7
25
11
34
14
8
18
8
10
29
17
2
6
21
29
13
38
6
16
3
6
18
5
23
30
21
4
0
13
27
19
7
13
13
1
7
15
11
18
37
15
22
7
15
5
10
8
16
2
5
21
14
14
21
1
12
8
20
21
40
25
25
5
4
13
21
5
15
16
8
2
31
25
3
8
6
17
8
37
15
18
9
7
7
16
4
13
27
3
23
16
3
14
28
14
9
20
10
10
1
17
6
12
16
35
20
11
5
3
17
14
1
11
10
17
7
29
12
8
15
7
8
13
8
4
5
8
10
25
7
17
18
6
4
44
11
16
41
20
4
0
2
0
32
3
3
15
5
21
16
20
19
8
12
0
2
3
10
15
23
15
20
26
3
2
14
7
24
11
14
6
15
28
9
3
12
18
9
4
6
0
3
32
26
10
7
12
8
5
2
35
34
8
4
26
23
24
24
21
0
12
23
6
12
13
24
5
9
14
26
0
6
22
24
12
25
21
9
18
0
5
14
16
20
10
12
15
4
2
18
7
3
15
29
16
3
6
4
2
4
8
4
8
3
11
1
18
5
4
17
17
14
13
4
4
11
23
3
2
3
3
14
1
25
13
6
3
31
41
9
10
12
5
5
16
24
23
7
4
23
7
5
10
2
21
10
22
9
17
4
4
10
21
2
3
11
22
25
3
5
9
12
1
4
6
1
6
10
16
7
16
24
8
2
16
1
4
6
9
5
2
11
4
0
5
6
4
7
9
8
10
13
3
28
6
16
6
8
21
4
2
14
7
10
7
4
8
3
23
13
6
12
6
6
2
9
4
23
0
17
7
2
14
2
10
2
0
2
14
7
1
10
2
13
17
7
7
5
6
18
1
15
3
5
7
12
1
18
1
6
3
7
12
5
4
1
21
6
6
8
1
3
8
1
1
0
3
6
8
5
2
1
11
2
3
9
2
1
3
3
1
4
1
6
2
6
6
4
1
5
0
1
1
5
4
1
1
1
1
2
2
2
5
1
4
0
0
0
0
