4
25
1
5
4
29
29
20
5
9
0
41
2
10
18
13
15
6
2
5
17
1
17
17
68
5
23
29
11
26
18
3
17
13
3
23
8
1
16
80
30
0
35
28
21
12
37
26
53
44
12
12
22
28
14
2
33
28
11
16
7
0
13
18
2
3
2
3
48
21
17
52
51
11
28
11
2
5
28
38
40
5
53
6
6
4
17
4
37
22
48
12
7
6
40
19
64
31
59
5
48
49
9
4
31
0
10
1
22
11
22
52
52
25
2
32
34
38
17
1
38
18
5
33
14
12
6
6
33
13
26
7
52
33
17
26
0
50
23
42
4
58
12
22
17
23
18
25
3
24
60
22
10
53
11
29
3
34
45
53
15
30
16
40
1
17
26
0
27
16
42
42
17
21
10
6
21
19
58
14
25
11
26
34
4
2
34
24
10
3
26
7
16
34
46
23
18
4
43
31
20
15
33
17
14
36
28
0
9
10
5
17
33
19
7
44
15
56
5
42
46
17
9
22
18
8
17
5
33
29
16
26
1
31
17
31
33
15
14
15
32
19
15
12
22
16
19
4
4
7
5
24
7
21
17
6
36
10
5
23
12
3
2
37
25
59
18
5
11
16
52
4
1
30
12
61
23
11
13
11
55
34
32
54
8
59
23
27
10
27
29
44
12
29
9
17
15
44
4
7
7
24
6
20
15
37
14
5
38
2
7
9
15
29
4
13
29
15
3
24
27
38
14
19
9
14
21
12
3
30
12
26
16
26
10
34
2
28
5
9
18
52
29
17
8
24
7
5
24
46
5
28
23
22
27
22
30
19
29
19
11
40
1
36
13
2
0
3
6
19
6
17
2
28
17
7
4
1
2
33
14
11
36
13
11
29
5
43
22
29
1
28
5
14
11
24
13
17
16
11
13
32
26
10
7
37
0
24
24
5
10
32
15
15
7
30
39
0
28
22
25
1
30
39
8
34
43
34
0
45
16
16
1
31
14
44
11
53
6
44
25
15
7
21
26
7
38
13
7
19
26
1
15
13
33
32
7
38
18
30
4
42
14
60
37
25
7
31
29
18
13
4
9
36
20
45
29
5
14
6
0
3
24
13
3
19
5
7
22
0
2
22
7
33
25
9
7
3
4
1
23
17
9
21
12
30
53
22
6
16
1
15
41
27
19
39
1
10
17
13
10
18
16
1
3
27
11
10
18
23
25
9
17
21
6
27
39
21
7
16
6
5
6
16
17
25
2
0
19
33
0
8
10
7
37
29
10
12
30
4
39
19
7
14
30
12
2
26
4
44
45
18
54
4
18
29
10
39
4
3
15
1
18
19
25
13
25
10
9
7
17
40
6
10
7
14
7
22
27
42
4
18
27
13
19
2
39
2
30
1
7
27
19
8
12
9
15
6
25
7
28
0
14
4
9
7
4
32
22
11
16
1
34
2
20
16
18
0
14
16
20
17
14
15
34
2
18
10
0
18
1
26
11
3
7
16
26
4
24
15
22
6
16
19
22
22
1
4
8
28
11
9
4
6
5
24
6
16
1
4
16
37
4
9
21
25
11
6
7
27
13
14
12
8
8
6
5
13
8
12
26
29
25
13
4
17
17
17
12
40
16
38
4
3
5
24
1
3
8
6
4
14
13
6
26
12
5
2
0
30
27
2
2
11
14
16
11
3
7
1
1
5
18
10
7
25
34
15
6
2
27
8
2
9
4
15
1
6
27
7
2
11
1
7
11
1
18
22
11
0
13
25
1
19
7
22
15
13
0
11
1
16
2
3
3
14
17
21
0
5
30
14
21
16
20
12
6
4
26
11
19
11
9
14
9
27
2
16
26
33
14
7
14
13
0
0
27
11
4
20
9
0
17
12
7
2
0
8
9
4
9
15
4
27
0
17
13
10
3
17
10
3
9
5
20
20
1
5
5
7
6
1
17
10
0
22
1
17
12
22
0
0
5
10
14
7
10
3
3
7
11
5
17
2
24
3
13
8
10
4
16
16
19
4
6
2
19
7
2
15
9
3
8
14
15
5
5
5
24
17
14
7
1
3
2
12
1
4
13
13
11
5
10
10
6
4
2
0
8
8
0
4
9
0
7
13
16
11
16
5
5
2
17
15
2
6
6
1
8
0
9
13
13
3
14
9
9
0
5
8
11
17
11
15
2
10
4
15
8
8
19
11
6
13
11
1
1
5
9
0
1
4
3
1
11
5
1
5
8
6
7
2
2
1
3
7
2
2
6
13
6
1
6
10
5
5
1
0
6
3
3
8
11
2
2
1
1
3
3
0
2
0
2
5
1
2
2
1
3
0
