2
6
7
66
6
4
25
3
10
2
6
3
13
14
12
15
11
2
36
16
33
15
40
35
58
11
7
58
4
10
3
15
20
42
14
13
1
24
25
40
10
8
19
5
15
31
11
4
19
28
16
15
35
8
11
52
49
36
26
0
32
29
3
20
23
23
91
26
18
31
11
31
28
49
1
3
4
41
0
18
10
35
61
9
26
30
80
27
13
25
18
2
29
1
45
50
48
11
51
27
58
13
21
9
36
53
7
51
5
32
8
56
19
27
54
17
8
71
33
24
13
34
32
4
47
13
10
50
5
18
28
21
0
19
30
7
45
7
8
19
23
35
7
5
41
36
35
9
32
53
37
16
81
26
7
23
3
56
49
30
2
27
10
1
15
12
46
7
5
6
40
15
37
11
26
10
2
49
11
6
2
37
16
38
24
44
1
38
5
64
40
0
16
40
32
7
27
1
49
7
54
21
21
48
60
51
40
31
18
10
27
10
23
18
4
67
79
14
6
20
3
7
17
29
52
9
17
20
24
5
12
2
5
12
14
43
29
5
10
22
54
27
30
14
14
17
7
50
3
32
10
15
19
3
84
40
2
18
24
15
21
0
4
33
25
5
38
56
9
25
3
40
24
36
15
32
26
4
18
11
11
18
2
44
16
36
58
18
47
50
46
5
8
6
6
8
24
16
20
18
28
18
65
6
4
20
4
4
7
7
31
59
17
43
19
8
23
11
3
21
21
5
67
9
14
15
21
5
30
47
18
20
5
17
42
11
18
42
34
42
10
4
15
58
24
13
15
28
27
6
1
80
9
1
29
35
3
33
24
2
18
2
36
50
6
8
31
48
3
4
17
24
10
23
10
7
19
23
12
18
2
27
31
4
21
24
30
31
11
5
11
43
22
18
20
7
43
17
6
30
7
20
10
25
17
28
32
21
48
20
22
0
31
31
11
22
32
24
22
36
2
40
1
29
1
8
20
39
2
44
44
8
32
43
7
9
32
18
47
7
16
8
18
29
6
20
11
23
37
10
18
13
28
33
21
3
46
16
46
23
11
32
28
34
20
28
21
11
18
14
28
1
15
22
27
27
33
2
22
17
31
28
15
13
14
16
1
38
1
26
36
24
15
2
14
11
1
20
17
30
41
43
37
13
22
7
20
33
8
16
0
52
18
36
13
9
24
14
1
5
43
5
18
42
1
3
5
39
5
14
26
45
0
14
13
24
14
17
44
12
5
42
12
1
26
40
10
10
35
10
17
11
6
31
15
0
3
13
33
21
15
11
14
1
27
23
19
1
14
18
24
15
7
1
23
2
17
43
3
1
19
24
4
12
11
24
22
21
36
19
16
18
8
33
8
16
16
10
18
16
13
19
2
11
32
9
12
18
15
2
12
4
34
4
10
16
16
18
28
2
10
27
21
27
18
29
4
16
0
15
4
9
1
30
33
19
19
15
4
6
13
66
5
24
3
6
21
9
29
13
19
15
7
26
17
20
14
6
21
10
4
12
30
5
25
4
14
38
3
12
13
9
8
9
21
3
12
26
47
31
25
17
11
15
10
22
5
24
7
19
28
1
6
1
10
15
19
17
20
3
31
0
47
1
43
13
3
6
48
23
11
16
19
26
5
27
10
5
2
43
23
25
4
12
28
25
31
40
12
44
9
2
19
21
9
21
15
27
1
4
4
24
9
15
25
15
19
9
14
5
27
10
4
29
12
5
2
2
17
3
10
6
10
13
24
4
20
12
0
15
7
26
1
14
8
15
0
14
24
26
12
16
11
11
9
4
25
12
8
11
4
12
4
14
3
7
21
27
11
1
15
6
28
1
1
7
5
24
8
3
19
26
31
1
10
7
5
20
5
3
18
11
1
3
15
29
5
0
6
1
12
3
7
28
1
1
0
18
3
2
14
10
3
3
12
2
4
1
31
7
3
7
3
7
14
1
4
13
8
14
11
4
18
18
2
6
13
2
3
16
2
14
9
1
2
2
4
6
1
19
5
5
4
16
20
4
4
4
21
2
6
17
3
27
7
1
14
9
2
27
22
1
0
9
2
8
13
15
18
8
6
16
19
22
10
10
1
2
8
12
8
10
4
14
10
22
1
3
1
6
17
8
10
1
10
16
15
9
16
5
7
8
2
4
7
0
10
8
8
1
2
2
2
10
16
8
4
16
1
7
1
11
4
19
7
6
24
6
6
7
3
8
7
9
4
3
7
9
1
5
7
3
11
2
1
10
3
8
8
3
1
9
1
1
2
2
8
4
2
3
10
2
4
3
3
1
3
1
3
4
2
2
1
1
0
0
3
1
2
2
1
1
2
0
4
0
0
0
0
0
