22
13
3
4
31
3
60
12
32
2
10
5
1
3
2
9
4
12
13
26
8
15
20
2
22
2
8
6
7
34
29
27
26
24
7
12
12
9
12
18
38
9
12
1
7
18
7
3
20
24
1
21
40
22
10
4
13
28
12
53
7
44
75
29
16
6
51
42
9
10
49
6
3
10
36
72
24
22
12
51
15
5
29
48
2
11
56
25
10
33
3
19
36
20
14
7
5
36
17
40
11
19
25
7
17
1
12
8
2
17
14
42
4
16
32
53
22
12
26
28
26
61
38
23
25
25
16
38
23
2
16
24
9
1
18
3
8
28
45
35
15
38
39
10
11
26
3
11
1
47
43
8
28
5
25
39
5
3
6
13
37
41
21
54
3
26
26
15
12
52
35
1
13
31
12
63
43
1
24
16
14
19
9
4
15
3
28
12
4
34
16
14
26
10
20
10
12
1
53
28
43
4
22
27
40
67
28
21
3
1
21
48
4
28
15
27
9
12
14
17
0
5
8
7
29
37
36
29
3
28
21
29
51
12
18
34
15
37
1
39
7
43
16
46
41
30
7
3
3
3
21
11
39
96
6
53
11
18
43
25
38
32
53
24
28
14
1
18
14
21
20
31
4
2
39
16
64
49
17
17
33
2
30
28
22
51
18
12
0
8
36
25
61
46
46
19
32
23
4
35
7
44
29
19
44
10
20
7
38
0
33
0
5
1
41
29
36
7
15
16
2
51
38
2
44
62
3
5
31
9
28
13
13
17
5
16
26
4
21
26
24
48
23
13
10
8
4
25
23
1
24
12
27
23
49
39
13
27
24
16
33
30
28
50
15
58
30
0
70
7
27
13
25
7
21
8
11
18
43
2
2
10
25
23
27
16
24
1
27
19
22
9
6
41
11
7
5
31
3
32
5
28
10
10
19
18
6
14
35
1
23
9
8
21
37
31
6
18
4
13
5
26
29
16
2
31
13
9
9
25
51
31
8
9
7
15
1
1
29
22
46
33
24
15
2
15
11
17
29
33
24
29
51
0
10
52
11
5
9
11
27
12
17
16
2
22
5
6
27
24
43
6
13
15
59
19
13
27
18
58
11
11
4
7
1
15
57
27
20
12
15
16
7
36
12
34
23
26
20
16
16
26
4
68
41
15
9
6
9
21
47
2
20
7
12
4
32
27
8
53
24
49
10
5
69
3
29
3
24
8
1
40
16
6
2
15
3
22
41
9
11
37
34
17
19
18
11
13
14
11
18
10
20
1
7
12
7
17
12
22
2
3
12
10
26
18
32
20
5
36
17
2
30
3
27
0
41
7
13
6
9
13
8
14
6
54
36
45
22
33
5
49
19
22
29
9
19
0
22
3
6
25
34
3
11
17
8
4
24
17
2
20
3
20
21
10
36
12
14
3
10
11
43
41
6
5
14
3
10
18
31
14
34
30
21
2
22
9
8
38
19
10
0
9
4
26
39
13
1
17
10
1
15
9
25
25
37
30
30
6
10
4
16
19
10
10
25
22
25
4
20
10
12
9
13
24
0
20
19
22
12
13
26
3
3
3
14
16
14
37
15
25
9
19
25
4
4
37
25
6
0
3
28
3
0
10
24
0
10
13
2
2
7
14
25
4
19
15
15
21
9
2
7
14
17
4
20
2
11
15
2
4
30
3
49
14
6
2
1
15
9
34
32
21
22
9
7
9
2
11
3
20
5
33
3
41
13
6
0
5
3
23
17
24
4
7
18
15
25
10
37
1
2
4
2
9
3
35
23
24
37
11
16
18
4
30
34
20
8
6
6
2
6
32
13
5
19
29
20
26
15
1
12
25
11
8
23
9
6
1
3
7
3
11
9
16
5
26
4
2
27
4
14
4
41
19
32
16
10
24
1
12
12
1
10
2
1
12
8
3
8
5
4
24
9
5
6
9
8
21
9
17
22
14
3
10
2
6
4
12
18
8
2
2
3
3
4
7
22
1
7
20
10
15
10
11
21
18
12
16
5
8
6
3
11
13
17
6
6
16
7
12
5
15
2
31
11
16
5
20
9
1
4
2
7
6
2
11
6
6
1
1
8
15
3
5
24
26
11
6
4
14
1
4
18
4
10
3
0
4
9
29
20
5
3
2
2
4
6
6
7
16
2
0
13
23
10
2
9
3
9
7
3
12
8
5
5
3
5
15
24
10
9
3
4
12
18
5
1
5
4
5
5
2
11
7
15
4
1
3
6
11
11
5
3
4
8
4
4
9
0
1
1
10
7
1
1
1
1
3
13
3
2
6
3
5
5
1
4
4
1
3
3
6
4
6
11
1
4
2
3
6
10
9
0
3
3
7
3
3
3
0
2
2
4
3
0
0
0
0
