3
29
30
4
14
23
5
5
32
53
25
33
9
4
14
14
4
68
9
6
10
7
14
32
18
9
22
11
26
6
8
6
27
4
26
2
20
46
46
95
28
7
40
6
43
12
21
13
42
25
9
23
13
34
28
3
45
42
23
14
30
28
15
54
7
17
21
50
38
8
2
28
1
15
6
22
17
13
3
1
49
24
27
20
38
1
7
10
4
19
4
41
3
17
17
15
39
46
1
13
41
2
22
4
25
7
19
17
14
44
11
42
4
40
17
15
2
44
18
8
1
1
56
49
3
7
74
1
70
1
27
16
18
31
32
73
12
6
10
35
7
50
7
6
66
1
6
34
10
18
6
35
29
25
22
10
60
3
58
38
24
9
25
26
19
17
4
65
17
4
31
24
26
31
75
31
2
11
15
25
23
5
18
42
6
34
31
40
7
5
40
18
9
25
25
36
47
17
7
20
1
25
11
12
25
9
48
2
29
26
47
49
5
7
43
32
10
22
38
17
45
25
30
17
7
56
22
11
40
19
5
36
8
59
3
1
3
7
16
3
63
30
61
15
10
8
0
8
11
27
16
33
19
24
18
4
17
15
1
3
18
23
26
42
16
24
17
3
56
24
20
6
20
31
4
28
43
28
4
3
1
10
21
43
9
30
23
46
28
0
24
10
23
16
14
0
11
22
24
76
23
6
4
3
24
11
48
47
18
23
14
2
10
4
43
23
4
1
38
39
23
4
30
16
25
6
10
3
16
0
46
20
49
42
0
23
11
50
38
49
13
23
24
3
1
15
36
21
19
36
13
42
9
44
22
7
50
11
16
9
2
19
41
3
11
16
6
19
24
33
8
20
13
2
3
23
35
3
8
38
1
40
45
37
20
16
22
32
23
7
55
9
18
20
25
11
18
0
16
6
4
6
13
25
13
7
63
24
21
69
16
12
25
5
13
6
39
25
16
6
13
23
2
33
47
22
11
4
15
3
9
12
18
33
31
4
27
14
50
33
6
41
12
24
4
4
18
21
22
4
34
40
37
8
19
33
24
36
13
0
22
4
22
12
31
13
12
18
16
47
30
35
24
21
2
19
13
24
21
30
27
2
5
13
8
13
24
18
5
22
30
22
34
4
21
14
12
25
24
26
19
23
0
22
5
18
26
20
6
32
4
53
27
2
24
20
4
4
13
30
23
35
15
26
21
21
46
47
33
5
24
14
43
8
16
8
2
10
32
22
12
17
38
13
13
15
6
18
17
13
10
31
1
2
1
45
44
9
37
25
12
37
38
30
8
21
29
14
18
27
52
26
10
54
69
11
17
14
25
10
18
37
14
4
13
24
28
2
12
25
6
19
14
24
17
21
29
2
1
11
5
14
10
20
31
6
5
42
7
4
30
9
8
20
2
25
12
23
8
10
35
7
2
36
36
19
36
2
5
38
9
23
10
6
3
19
29
7
10
8
33
9
16
2
7
39
9
10
53
0
12
0
18
7
10
2
37
25
3
6
25
5
22
7
21
32
17
31
8
18
7
24
25
4
1
14
12
10
7
11
35
2
2
5
10
33
8
15
6
24
9
7
1
32
11
5
27
2
6
33
10
9
17
10
8
12
2
4
10
3
5
9
19
41
3
19
2
41
3
15
3
35
0
6
39
2
18
3
21
4
4
1
16
22
16
26
0
22
4
4
0
0
5
4
13
34
16
9
14
11
17
6
19
3
2
17
7
4
20
27
12
8
19
35
21
19
2
16
2
23
5
7
4
19
31
2
29
27
20
12
1
19
10
3
1
8
26
13
6
4
24
9
14
28
2
7
6
33
37
10
3
2
8
6
4
18
20
41
5
9
11
21
1
23
0
7
9
8
2
2
10
37
21
4
29
9
7
37
7
19
1
12
15
4
4
1
3
22
1
16
31
0
9
1
20
12
23
8
8
21
6
14
6
0
7
11
3
7
1
14
6
1
4
12
2
2
17
12
8
5
14
4
8
21
3
3
35
6
16
9
12
14
9
10
10
7
5
17
1
17
8
10
10
4
17
3
18
6
2
8
5
2
11
3
9
4
8
3
22
26
6
21
18
5
2
9
12
5
21
3
35
4
17
13
3
8
18
7
9
6
2
7
13
7
10
15
9
22
2
8
15
1
12
14
13
2
5
13
8
2
4
1
10
16
6
4
15
7
9
5
5
5
1
5
10
5
13
12
11
0
5
10
0
2
7
1
5
9
8
5
3
8
11
0
4
13
4
2
1
11
2
9
12
13
8
1
19
8
7
10
6
0
10
5
4
2
3
12
1
2
4
14
13
6
4
1
1
1
5
5
2
0
3
1
5
2
3
7
3
1
4
3
4
0
1
1
5
2
6
1
5
1
0
1
7
2
0
0
0
0
