13
10
1
25
12
39
0
5
7
23
38
25
7
44
15
0
12
34
15
3
7
43
12
40
35
6
63
15
11
46
22
23
23
54
21
23
13
8
20
39
33
10
12
85
24
1
7
34
4
12
12
26
35
39
14
11
35
36
56
24
0
7
19
9
18
21
4
26
1
28
74
15
34
7
24
10
42
13
52
56
25
2
58
22
7
3
2
12
37
12
19
12
34
10
4
5
6
24
23
52
13
52
16
34
27
11
35
3
26
2
14
13
27
39
0
0
19
29
44
18
19
24
10
36
8
11
21
35
21
36
21
30
49
55
15
13
6
18
43
66
33
33
31
5
14
23
29
39
26
5
7
75
48
46
27
2
8
6
35
25
85
19
17
32
56
14
16
8
48
14
12
79
39
54
5
29
16
0
22
73
23
10
6
67
81
23
4
17
4
23
50
34
13
47
25
8
11
25
26
21
11
19
7
14
28
76
27
6
5
19
24
23
4
20
7
21
27
46
6
12
6
23
20
24
57
4
29
21
31
3
11
29
44
18
26
35
28
7
20
47
4
2
42
1
6
49
7
14
36
26
28
34
42
24
20
9
37
1
35
28
5
26
10
38
14
23
10
22
14
17
8
4
18
11
45
9
28
28
20
34
0
18
1
0
30
25
7
32
51
8
13
0
19
7
27
38
34
40
18
31
32
30
44
34
31
13
32
64
18
14
1
26
0
36
15
61
4
23
67
49
12
25
3
8
22
25
19
33
31
25
24
9
3
15
23
16
29
17
5
16
31
45
7
15
20
40
6
30
20
43
3
17
17
10
32
20
21
26
8
6
19
3
20
21
43
3
16
3
12
14
17
44
8
40
36
34
0
13
18
40
25
7
46
39
7
50
32
9
27
22
18
31
1
45
1
6
18
24
4
26
19
16
5
30
21
7
39
8
34
11
13
10
33
48
23
11
22
11
10
32
6
9
12
18
0
10
9
8
23
2
42
27
23
12
41
19
36
23
35
10
1
49
21
16
23
28
0
25
5
17
6
3
24
49
9
25
37
9
1
51
8
23
23
7
15
23
16
3
28
16
11
6
7
37
20
29
5
6
30
31
6
24
19
33
19
17
17
9
42
44
41
16
8
6
19
48
8
6
1
15
38
22
25
12
25
31
3
29
30
13
21
11
0
33
38
34
4
29
26
49
23
10
3
2
25
27
31
11
10
23
4
30
9
1
1
10
19
10
10
1
2
1
25
26
27
13
16
36
24
53
15
12
6
13
5
5
40
2
50
25
4
31
6
5
10
30
9
8
9
1
25
11
11
17
7
10
4
33
2
31
43
1
16
30
16
34
12
26
15
17
13
0
17
4
31
1
18
11
19
13
21
6
28
13
3
18
35
4
30
35
39
0
6
7
4
10
42
38
36
3
1
8
29
19
36
13
27
9
12
17
16
32
8
19
3
3
9
10
15
20
6
52
30
13
16
12
9
32
21
7
7
0
18
3
19
20
11
32
21
16
9
8
34
37
17
4
12
3
3
21
20
21
24
2
14
3
8
22
22
1
21
43
43
17
1
13
12
50
11
2
14
17
25
4
16
20
10
32
4
12
34
19
40
23
0
9
21
8
1
41
15
17
11
20
27
36
27
12
15
30
13
16
15
41
4
22
8
5
8
7
24
10
5
17
15
15
5
25
25
3
9
36
27
4
10
1
15
9
18
13
2
5
27
2
6
40
1
22
8
9
16
12
19
8
3
17
8
4
17
9
16
12
4
1
21
3
0
7
1
34
4
41
21
10
4
20
6
5
27
9
12
8
0
1
10
11
27
10
7
10
3
26
1
2
22
8
4
4
38
11
14
10
7
5
5
25
16
0
14
20
8
9
4
16
10
1
34
12
13
13
25
8
2
0
5
12
34
10
7
9
0
37
14
32
2
7
7
9
2
7
7
20
1
15
27
6
10
21
23
37
4
4
15
8
10
2
1
42
5
18
33
12
3
15
30
1
19
28
16
3
8
9
2
33
1
4
0
3
9
13
2
12
16
26
1
1
8
11
3
2
7
5
19
3
10
4
23
2
8
10
0
0
16
18
29
11
25
3
20
4
8
8
7
17
7
3
8
19
24
12
8
1
5
3
9
10
9
4
14
3
18
9
0
9
18
10
13
4
16
2
7
12
8
6
2
0
8
6
2
8
1
12
13
10
10
12
10
14
1
1
0
5
6
2
0
1
21
18
11
14
8
2
4
2
4
3
7
2
11
3
1
10
2
21
4
8
3
13
4
6
0
8
8
1
1
0
10
7
1
7
0
3
6
1
7
7
10
4
3
11
9
6
2
4
7
2
0
1
3
5
9
4
3
2
0
6
2
5
5
3
4
4
3
5
4
1
4
4
2
2
4
2
3
2
2
1
3
0
0
0
