9
7
43
3
6
32
4
50
3
12
17
7
10
12
11
2
5
2
2
7
8
3
18
32
10
6
2
9
0
5
11
18
32
17
11
32
86
62
31
7
33
3
11
5
9
1
41
12
16
16
1
25
17
32
13
54
25
22
16
20
11
29
10
20
40
4
8
30
39
1
65
9
16
21
12
10
39
57
56
25
9
51
39
17
78
25
9
21
12
21
18
63
17
46
31
44
17
17
21
29
16
2
10
45
22
49
27
9
22
13
28
5
8
40
2
33
3
20
11
14
8
28
29
34
62
34
48
26
7
27
19
4
20
16
16
5
10
13
5
16
23
37
17
17
37
23
33
37
46
10
19
18
38
47
47
14
28
41
47
28
15
0
40
21
20
20
40
5
29
33
34
6
11
15
7
51
45
15
31
20
5
47
11
10
18
1
15
16
27
25
28
36
31
78
29
19
3
19
21
11
20
6
15
8
1
73
6
47
3
1
19
63
25
14
44
34
42
40
14
37
7
59
8
6
27
36
30
3
27
36
24
9
35
25
25
4
20
17
8
31
4
16
21
30
35
1
18
6
0
12
8
13
41
8
2
14
25
25
4
10
17
35
29
23
4
15
35
65
8
75
41
26
37
10
27
12
42
22
0
24
14
0
39
25
7
38
11
9
58
1
21
2
15
69
22
44
24
31
19
7
45
1
4
7
9
19
16
32
23
33
30
4
2
34
34
2
9
41
13
7
36
17
36
36
19
24
34
16
5
11
22
2
6
31
19
26
42
13
20
20
4
33
49
26
2
37
30
12
10
39
40
29
20
23
30
7
10
23
33
21
18
0
31
9
37
28
2
10
13
28
42
21
5
2
11
10
7
12
18
93
25
13
1
13
35
25
12
45
37
45
14
18
40
9
42
9
49
20
10
28
25
51
1
10
5
2
19
13
38
57
27
31
56
20
10
15
34
1
19
2
24
4
6
16
6
13
6
48
4
26
21
17
37
18
33
14
13
31
10
36
18
15
22
3
13
30
17
18
26
4
32
40
24
18
33
58
3
40
24
67
11
1
15
22
24
2
77
41
40
9
26
9
29
4
34
14
17
10
10
5
57
23
1
34
17
11
14
18
15
35
8
21
0
42
19
40
13
40
20
15
23
33
11
9
10
4
10
17
23
2
3
16
33
9
28
28
27
13
29
13
5
18
35
24
31
14
2
24
26
5
10
36
30
23
6
11
18
11
48
16
25
9
3
6
6
15
17
3
5
21
17
10
21
20
5
20
2
36
63
7
18
25
7
13
19
3
45
23
26
59
51
52
5
11
18
4
9
16
13
5
1
11
23
6
26
21
2
16
25
5
6
19
5
4
4
6
4
27
24
35
9
11
12
6
43
10
9
3
5
13
11
31
10
10
3
16
34
19
25
1
13
37
23
4
15
4
0
7
7
8
8
1
12
25
68
16
28
12
20
20
0
8
18
6
19
5
14
4
11
21
2
4
36
17
12
13
1
47
12
5
4
8
20
2
19
15
8
29
22
16
12
30
5
6
12
26
14
16
14
9
1
28
24
30
8
37
11
16
34
4
11
3
1
15
21
2
24
5
9
39
12
28
9
14
13
21
51
12
13
9
5
20
14
15
27
26
21
5
19
3
9
23
22
13
30
5
18
13
20
49
9
2
8
8
32
14
47
9
26
3
36
4
19
10
41
13
28
4
14
9
1
6
12
7
8
4
14
7
3
32
7
9
25
43
30
24
10
20
5
1
5
0
4
18
5
9
10
5
26
14
19
4
10
3
7
4
39
0
9
54
21
18
17
0
2
7
22
6
3
9
0
11
10
15
4
34
11
13
5
15
6
1
17
7
9
3
1
2
8
12
6
15
5
7
11
26
1
22
17
5
7
42
21
35
13
12
8
30
6
6
7
0
9
1
6
23
26
7
8
8
13
5
2
14
1
13
0
14
10
7
27
1
14
20
5
29
2
2
2
6
9
7
14
2
27
25
3
15
21
6
0
9
9
20
23
9
5
13
18
0
1
9
15
35
29
2
12
5
20
40
12
3
1
1
18
8
9
11
6
14
0
6
1
7
5
3
8
17
3
5
6
6
7
7
15
9
15
20
3
4
10
3
12
28
22
15
9
0
22
7
2
3
9
7
23
31
0
4
14
6
8
13
5
14
9
6
4
22
10
7
11
6
8
10
5
5
7
2
25
5
9
3
13
8
6
0
4
15
0
3
5
4
11
15
9
16
1
4
2
5
12
7
12
7
12
3
0
2
10
10
11
12
3
8
8
22
9
7
2
8
1
3
9
18
10
7
9
8
12
9
1
5
2
3
2
10
3
8
0
9
12
8
2
6
2
5
5
0
2
6
5
6
3
0
2
1
2
12
6
1
3
2
5
2
1
5
3
5
10
3
1
2
5
5
1
1
4
1
0
0
