4
1
1
13
1
0
13
7
37
11
7
22
0
22
20
52
38
6
4
11
17
21
5
6
15
19
15
1
2
40
24
24
14
27
8
3
48
12
31
13
16
31
1
21
23
2
22
39
12
7
3
38
4
3
68
37
6
80
3
16
59
19
3
25
16
27
16
7
31
28
21
17
25
16
59
12
13
6
20
48
30
11
22
24
7
9
14
10
23
20
42
51
38
8
15
3
1
26
18
48
61
23
6
18
28
9
43
34
6
43
13
7
5
35
27
15
35
12
12
16
61
31
10
30
26
16
13
6
25
16
12
47
4
13
0
21
4
10
7
54
6
2
13
18
24
30
14
85
10
12
26
15
7
4
21
2
67
52
1
38
22
14
21
11
28
41
40
4
46
61
0
6
18
32
14
19
32
22
9
3
6
8
3
3
3
22
35
20
14
44
25
9
39
1
34
4
8
11
22
15
13
14
22
37
32
14
19
43
42
27
32
15
22
25
32
19
15
5
56
20
47
6
27
4
45
20
51
17
30
15
28
41
33
26
23
13
57
15
22
73
41
38
25
29
23
8
0
40
13
0
3
27
23
17
17
33
7
5
2
41
20
10
13
64
19
7
15
3
5
9
29
38
27
21
31
7
9
31
43
8
8
58
28
19
28
11
19
8
3
17
35
7
10
39
10
32
4
36
18
9
14
32
5
21
25
26
32
7
30
2
6
4
55
24
22
45
5
40
11
43
3
52
56
56
21
64
7
21
15
3
4
17
4
41
58
7
18
12
37
5
64
21
52
25
1
4
9
82
47
3
32
21
20
47
17
14
13
21
26
6
1
71
27
5
7
25
13
26
17
23
14
24
55
33
13
4
22
31
27
45
43
7
43
20
47
16
21
29
8
24
29
14
20
43
72
53
13
62
35
35
30
17
20
37
54
6
65
26
0
48
20
35
21
16
49
19
5
3
51
10
40
26
20
37
3
29
3
3
5
17
22
5
30
17
19
72
59
32
63
27
12
3
40
26
4
21
8
31
16
16
38
31
42
52
9
19
18
22
19
16
9
6
9
26
8
23
2
46
3
16
28
36
35
3
59
8
7
23
0
14
81
34
12
11
4
8
2
3
31
14
20
5
6
2
53
32
35
10
11
33
19
7
53
30
30
9
16
3
21
26
8
1
63
7
19
56
19
17
15
18
9
24
14
29
20
8
27
20
37
13
46
7
4
41
8
31
12
26
13
18
14
18
11
19
33
11
21
27
36
47
11
1
3
27
31
5
8
20
9
9
1
10
43
5
5
18
6
7
37
29
40
10
29
17
5
33
3
34
18
20
22
13
7
26
0
34
3
52
3
39
4
45
50
7
3
25
7
10
0
2
5
21
61
1
12
12
3
15
20
45
32
21
28
7
22
10
34
29
1
12
37
12
23
21
19
22
5
7
18
3
23
19
17
60
7
1
23
0
14
21
5
33
14
0
15
21
27
29
32
35
14
28
26
15
0
54
5
32
17
7
25
1
21
4
6
4
3
8
38
1
22
15
5
3
6
4
20
11
23
29
29
32
29
45
3
19
9
6
11
9
14
20
11
10
26
5
16
3
14
27
21
23
0
6
2
28
9
32
25
2
4
6
21
12
18
1
8
29
53
27
6
19
12
15
2
0
44
4
28
14
11
4
2
27
25
15
15
2
25
8
2
3
5
26
24
9
5
11
8
2
5
16
3
17
12
2
6
15
29
2
9
20
10
0
13
0
13
22
20
5
24
24
1
43
40
5
21
4
60
13
22
22
11
7
11
11
25
1
9
11
6
9
17
2
5
7
18
14
6
6
13
0
17
4
14
3
3
15
0
5
14
10
6
15
3
18
13
24
8
0
7
7
26
25
12
13
11
23
2
26
9
11
15
22
7
10
0
14
7
5
10
11
9
3
1
27
9
11
9
17
13
9
17
19
26
30
15
12
3
31
2
9
6
4
2
0
10
14
14
28
18
22
26
22
10
11
10
2
5
2
12
1
11
24
1
25
14
16
14
7
37
13
16
11
8
10
33
18
20
1
6
3
11
18
6
6
5
2
7
22
16
23
5
3
10
8
4
9
5
30
17
7
10
2
9
2
11
11
9
9
2
0
9
15
8
8
14
2
11
2
1
11
22
7
0
7
8
11
7
7
11
5
12
8
12
4
35
10
12
14
30
8
6
14
2
2
8
10
7
11
10
4
10
8
5
12
4
1
8
2
12
1
1
1
25
9
15
7
9
4
17
0
7
9
2
10
4
8
3
5
12
0
18
3
1
21
8
11
1
3
6
3
15
2
2
9
6
4
4
8
15
2
10
4
7
0
7
8
6
12
10
3
3
6
6
14
6
6
6
2
8
6
3
1
14
9
5
0
2
3
3
2
14
6
3
2
1
11
3
6
0
3
8
1
1
9
2
3
2
2
7
1
1
2
1
1
7
3
0
0
