10
8
16
35
4
31
11
9
13
35
59
97
11
7
7
11
6
33
6
6
27
21
5
6
16
5
32
14
21
26
2
36
30
6
32
1
16
56
19
8
27
27
6
18
1
6
9
26
32
17
27
39
22
71
31
0
30
45
47
26
35
49
34
60
14
2
9
47
53
24
13
1
20
45
30
36
16
42
74
74
1
61
26
41
30
19
22
0
12
10
29
16
20
20
32
36
20
38
9
9
3
61
25
51
38
11
5
31
1
63
20
11
44
67
32
29
32
4
20
30
67
18
57
26
4
37
4
21
9
7
18
14
64
4
6
20
2
66
6
4
49
12
36
24
29
21
19
10
7
2
41
16
29
48
75
8
6
9
13
5
23
10
4
14
18
37
65
34
33
10
36
46
19
63
19
12
8
3
7
10
5
8
9
22
11
3
19
21
6
13
30
26
21
17
6
3
17
41
16
52
20
4
5
7
10
50
18
10
13
6
40
12
26
9
43
3
46
67
19
14
8
37
78
2
56
7
3
29
6
29
19
41
21
27
30
44
17
28
10
52
25
4
12
4
21
1
49
1
44
14
9
11
4
14
11
45
40
22
45
9
11
34
36
18
15
34
46
16
20
23
2
4
13
21
42
6
46
1
37
11
44
30
40
13
11
19
74
40
11
28
41
7
28
19
53
10
10
8
2
17
14
8
28
25
14
15
1
6
12
14
4
22
10
50
36
54
6
6
1
26
0
24
12
15
27
28
16
27
9
8
8
57
25
4
60
10
23
50
3
38
6
7
14
7
12
19
11
35
7
68
18
57
48
3
10
3
17
17
29
30
11
3
30
2
39
3
7
3
25
7
47
31
40
2
2
11
49
12
12
28
13
3
15
0
23
5
20
50
21
16
16
16
6
28
0
0
32
32
56
4
14
25
25
21
30
14
9
26
28
22
8
33
21
13
4
16
61
8
41
37
16
36
43
7
8
16
30
8
15
7
29
8
10
0
26
8
9
8
46
25
43
3
31
3
10
6
49
37
48
9
21
3
12
23
61
8
11
30
34
9
5
41
9
3
9
21
4
4
25
11
34
3
22
2
4
61
36
19
12
18
28
0
1
18
27
35
4
18
21
17
41
34
31
9
5
44
7
3
36
14
18
17
16
13
39
14
8
17
13
32
9
23
33
41
7
39
6
12
21
8
35
12
17
1
7
0
21
14
23
59
4
23
13
30
33
35
1
13
7
7
9
34
28
15
32
1
6
15
24
19
15
12
28
14
31
46
15
9
5
7
21
6
22
5
1
27
10
19
22
15
13
12
2
27
40
33
3
15
16
21
16
18
33
33
23
1
24
4
21
0
53
30
18
6
34
17
17
31
46
3
17
42
25
46
5
1
3
0
0
12
14
12
14
20
32
3
12
12
15
39
6
6
2
13
55
36
22
9
12
2
1
24
10
39
23
36
2
12
3
19
3
7
20
24
31
38
1
17
9
56
2
37
1
7
22
47
10
6
63
14
3
7
44
13
33
3
28
24
12
19
20
36
20
14
8
8
1
12
7
9
15
26
37
6
2
23
12
18
6
21
9
12
14
6
4
31
0
37
14
42
13
11
13
2
24
10
3
22
61
3
1
1
24
31
29
11
41
16
5
12
5
34
2
17
11
31
13
16
18
7
16
38
16
29
6
11
24
14
11
32
23
19
26
22
9
6
30
5
18
11
18
51
0
13
5
28
19
13
40
5
33
7
11
22
19
0
16
9
12
22
1
9
6
12
2
10
13
39
32
12
13
23
7
4
4
10
5
19
23
15
2
5
9
11
7
11
1
40
11
4
18
22
25
10
18
6
1
9
14
13
7
11
10
10
0
9
11
9
31
9
30
13
16
22
5
7
9
19
24
2
11
16
11
9
21
2
24
7
6
12
23
2
14
4
15
15
11
0
13
11
24
2
27
17
14
33
2
9
10
18
6
13
2
18
11
4
4
7
6
18
3
6
52
23
2
4
3
13
2
18
20
6
0
7
7
8
2
16
6
4
2
5
19
17
13
9
1
6
1
6
9
2
13
5
26
15
0
30
10
26
12
9
20
12
5
1
0
28
22
10
1
2
10
12
3
21
18
14
15
4
8
5
21
21
0
14
1
12
12
13
10
1
25
5
6
6
15
5
7
6
5
23
28
13
3
1
14
10
0
2
3
18
11
9
0
6
9
5
9
13
2
1
16
17
14
1
5
10
2
21
7
3
3
14
10
20
5
10
1
5
16
2
9
10
1
1
10
1
4
7
11
4
13
1
13
4
7
3
6
13
11
1
9
12
3
4
1
15
0
5
8
5
2
14
8
5
1
19
21
8
6
8
1
7
9
6
3
11
1
5
2
3
2
2
2
10
1
6
7
2
1
1
4
6
0
7
4
6
2
4
6
4
0
8
3
7
1
7
2
4
6
3
3
0
2
1
1
1
1
2
4
1
1
6
2
2
1
1
0
0
