11
5
10
26
17
0
13
87
0
7
7
28
49
1
30
34
31
7
44
21
16
15
4
54
24
40
1
30
15
30
15
16
5
58
0
34
37
24
55
7
9
8
38
19
42
6
49
9
26
42
22
42
32
48
14
13
22
19
12
41
4
62
4
15
4
4
16
44
21
28
47
41
9
13
9
22
21
30
26
44
24
23
52
17
26
1
1
62
36
31
73
10
37
70
5
13
17
30
27
25
8
13
17
9
24
8
36
32
32
12
41
26
9
15
5
19
44
36
9
65
4
36
5
29
9
23
0
24
4
4
40
17
27
45
27
27
6
23
11
24
18
9
26
0
3
27
8
35
29
18
6
77
7
52
8
16
20
47
60
13
70
39
21
23
7
33
18
24
28
14
3
17
66
7
16
6
46
8
15
31
1
46
8
31
5
24
45
14
18
33
23
62
62
29
35
49
38
31
11
13
6
6
10
31
44
37
65
31
55
14
35
34
68
8
13
17
8
24
37
70
6
26
20
8
27
8
15
16
3
9
29
28
67
14
96
22
22
47
22
16
10
42
7
7
20
5
31
13
0
29
15
20
13
7
18
6
23
6
21
32
22
27
61
22
14
1
21
15
14
5
10
3
41
2
1
1
17
18
9
24
57
19
40
36
3
29
26
8
21
17
31
19
25
12
25
4
67
1
16
16
20
59
32
11
16
35
27
23
21
5
58
11
16
27
30
0
37
16
28
58
39
18
54
26
13
31
0
9
20
9
3
21
23
23
56
28
5
51
13
49
24
2
7
12
11
9
4
5
10
17
22
16
21
18
12
10
20
7
27
4
26
15
2
61
3
20
9
19
30
10
40
1
15
19
17
8
1
3
1
39
2
19
30
32
22
16
19
15
64
42
9
5
11
4
59
6
7
4
11
52
18
31
9
3
42
35
22
8
28
11
33
68
4
39
19
2
21
27
21
37
8
15
3
37
19
44
22
10
21
25
4
58
38
11
0
4
9
46
37
45
26
20
0
23
14
22
22
9
19
26
26
6
33
4
19
66
24
4
4
24
40
47
6
30
1
18
18
25
45
29
25
13
35
21
11
12
17
27
3
9
11
5
58
19
6
29
70
32
24
24
49
32
19
10
23
4
24
39
21
8
18
27
45
0
66
4
53
5
2
72
52
13
3
14
32
9
10
1
10
51
25
11
26
2
18
3
12
19
35
23
41
41
12
29
5
8
1
3
24
19
13
0
25
37
39
48
26
28
36
7
29
48
51
22
25
6
12
12
23
5
13
13
11
2
14
8
5
4
33
36
10
22
23
5
11
56
21
1
13
49
15
27
6
4
24
18
20
5
11
14
24
11
47
45
5
12
10
42
16
17
4
11
9
10
14
22
2
7
1
32
22
12
50
15
4
2
3
53
2
12
23
11
1
23
16
24
11
26
27
8
25
13
2
5
36
9
22
12
14
45
10
19
13
18
4
6
22
5
15
33
25
24
51
17
12
24
9
35
24
47
11
11
5
9
8
27
12
4
33
28
23
29
17
47
8
18
6
13
2
44
8
9
37
2
21
23
35
15
48
15
13
5
9
2
46
28
37
11
29
29
19
14
19
4
20
27
6
34
12
6
26
8
31
25
34
20
0
25
13
12
25
6
7
29
26
11
15
18
24
10
4
22
19
8
12
25
19
20
20
9
22
17
17
20
11
8
0
13
15
28
44
17
5
3
1
6
33
1
16
10
1
44
23
1
16
14
22
20
12
3
19
6
20
22
14
1
9
23
8
9
11
13
1
13
18
19
34
14
17
14
7
29
1
24
22
4
14
7
15
1
20
4
24
5
3
21
4
1
7
4
15
12
14
6
15
3
18
7
9
16
8
33
8
12
13
32
14
8
1
13
15
5
1
13
2
4
28
16
16
2
20
1
27
21
24
2
5
17
19
11
11
7
14
13
3
0
12
5
9
20
16
29
41
28
14
2
14
2
6
3
8
15
3
2
13
7
28
11
3
6
3
4
1
36
26
11
27
2
7
5
19
14
1
1
14
16
3
15
1
29
3
4
1
8
0
20
7
7
10
20
8
20
3
17
8
1
30
11
0
0
14
27
6
26
11
1
19
5
12
17
6
14
31
8
6
12
2
17
11
9
21
10
6
13
11
24
11
18
8
7
8
4
8
16
1
4
13
3
13
9
7
16
2
24
2
9
13
3
14
7
18
10
5
10
10
0
2
16
20
13
16
10
13
14
16
5
13
1
2
2
6
0
20
12
9
7
14
9
5
10
10
0
8
4
3
10
14
8
0
0
10
1
8
1
1
9
5
1
8
8
7
1
15
3
1
6
8
10
4
13
5
1
4
2
5
14
0
8
9
20
1
2
9
1
4
2
2
7
2
11
2
4
6
0
5
5
6
0
7
5
4
0
5
14
1
5
12
1
7
0
5
0
6
0
4
8
2
7
1
3
8
4
1
3
2
1
2
4
1
1
4
1
3
5
1
0
2
1
1
2
