0
11
9
7
0
12
45
20
10
13
4
21
18
12
1
1
42
4
15
6
64
15
15
3
84
18
37
20
3
16
18
35
62
4
32
14
27
2
24
37
59
0
26
15
36
26
37
4
8
4
40
46
46
11
15
46
12
37
16
58
17
26
9
19
21
26
22
7
7
9
11
35
66
27
51
51
44
15
3
38
13
23
5
28
30
24
36
30
40
30
12
30
42
41
15
29
42
0
9
13
18
67
29
38
66
72
51
35
75
69
17
20
16
0
32
61
26
47
55
37
5
4
8
12
19
2
53
24
39
17
79
28
58
7
35
16
41
57
54
14
8
4
26
33
15
16
2
26
12
8
6
3
25
46
54
50
40
43
48
1
3
9
18
5
9
7
32
1
3
17
8
1
27
32
11
38
18
57
40
21
45
1
55
8
34
35
5
23
27
5
17
9
18
28
45
62
25
7
17
4
61
75
38
6
56
4
101
9
3
22
1
7
24
24
12
22
8
15
71
4
22
19
6
9
13
8
47
12
12
49
6
9
22
38
17
18
4
6
6
7
23
6
37
31
44
5
33
39
10
87
9
38
0
26
26
25
8
14
42
6
50
23
4
34
45
7
9
0
49
10
0
43
10
30
25
23
18
9
23
22
3
12
27
22
28
8
37
70
13
44
30
44
49
2
9
65
4
26
17
22
13
15
28
12
48
15
12
33
6
17
13
21
4
51
16
24
9
1
54
43
69
25
42
21
20
3
15
11
22
24
19
51
19
14
14
48
2
21
1
34
12
13
18
12
27
24
25
9
20
1
3
12
9
26
49
22
55
10
32
3
15
28
19
14
9
23
7
5
39
24
34
29
36
8
6
37
14
42
25
4
2
34
17
22
47
11
49
33
49
24
55
19
0
47
23
46
10
31
3
1
26
1
15
2
15
11
5
41
12
1
27
27
22
17
23
9
7
46
33
31
16
46
46
29
42
14
47
20
20
32
14
4
30
0
3
11
22
67
38
39
33
20
22
3
1
21
5
22
33
20
53
33
22
3
24
0
36
17
16
35
0
2
26
19
41
33
9
14
1
36
2
49
7
15
54
37
3
23
29
27
32
24
2
15
26
12
16
9
37
4
27
0
8
10
4
9
27
14
64
19
11
14
5
26
29
11
9
14
4
72
17
12
30
5
21
2
33
46
12
8
12
4
7
17
12
6
8
29
14
28
7
0
29
56
4
15
21
10
14
44
11
18
47
41
10
23
15
6
22
40
28
4
6
23
1
17
2
3
7
29
17
9
8
52
19
21
27
4
25
19
18
2
21
25
3
13
8
1
27
7
23
11
15
3
29
29
19
3
21
10
26
16
7
3
25
11
30
17
4
25
8
1
9
8
8
20
1
14
7
22
13
37
2
39
2
13
19
3
35
15
13
19
14
9
5
2
35
45
13
18
7
7
3
3
10
13
57
2
20
23
6
50
44
1
5
22
8
14
3
27
8
26
22
26
0
24
17
14
19
4
8
2
22
29
25
0
40
11
3
27
8
5
21
17
2
58
22
20
18
16
30
1
13
22
22
8
0
2
23
25
27
26
23
12
11
15
12
31
1
9
20
53
36
4
25
2
31
26
4
15
40
7
20
25
22
1
3
8
1
32
19
41
25
1
22
25
26
7
30
2
6
10
7
7
30
19
20
12
12
16
8
4
2
0
11
4
19
4
0
18
5
32
10
6
5
25
7
34
6
14
26
10
4
10
15
4
1
11
12
9
12
4
26
45
21
11
41
3
21
24
16
8
18
2
12
4
9
19
19
34
18
15
0
14
1
14
3
11
3
13
26
31
15
26
2
7
10
19
7
15
5
14
8
0
7
9
16
0
34
8
9
11
16
27
0
0
25
8
7
15
11
6
15
11
9
13
10
47
19
3
5
19
11
4
14
17
26
17
14
18
15
18
3
20
2
8
12
1
25
17
18
25
9
45
11
3
6
8
8
8
29
16
18
2
34
19
10
20
7
22
18
37
14
11
3
31
6
17
5
27
14
10
4
13
9
21
3
6
14
19
3
3
7
21
25
21
6
3
47
2
15
13
9
24
9
13
21
15
2
5
9
21
7
12
7
12
12
14
7
2
9
1
20
10
12
3
4
16
12
6
3
19
9
0
25
15
1
5
23
1
6
7
16
6
25
24
12
23
3
5
11
16
5
3
13
4
4
2
1
9
8
13
14
10
20
29
19
5
4
3
12
1
1
10
19
5
11
21
1
8
15
6
4
4
6
3
0
3
4
10
9
8
18
2
16
25
11
20
2
10
13
0
9
3
1
8
14
22
1
7
12
0
4
1
5
10
10
2
2
14
2
9
18
8
8
1
15
0
5
8
17
1
4
12
13
2
12
2
2
10
5
1
8
1
7
1
8
8
4
1
7
1
4
2
8
5
16
3
0
6
3
3
5
5
2
5
1
8
7
4
2
6
2
2
4
0
3
5
9
2
7
5
5
3
0
0
3
1
1
2
3
3
4
3
2
3
1
2
2
0
