16
1
21
16
2
6
18
22
7
1
36
37
41
32
14
2
9
5
14
23
15
7
12
43
6
26
23
34
22
8
37
5
1
21
1
30
49
10
37
32
47
3
17
27
87
15
21
47
54
8
8
38
14
43
27
22
13
14
46
41
20
22
0
14
4
19
63
8
45
12
16
36
16
6
65
28
25
18
41
47
62
29
12
20
61
39
13
32
14
29
109
13
11
25
30
39
25
71
18
16
6
45
10
7
7
1
16
10
60
18
9
3
28
20
41
17
96
35
5
28
75
16
50
43
39
85
74
32
41
40
2
41
12
13
49
20
27
19
48
4
1
10
59
10
14
17
38
64
72
23
14
47
1
41
0
14
20
8
3
21
30
13
10
5
53
36
39
54
4
88
16
46
6
2
17
38
40
4
28
14
5
3
45
20
23
5
15
38
9
27
18
5
17
26
21
9
22
51
21
30
0
22
15
16
16
3
32
37
26
16
13
54
23
13
5
45
12
3
34
8
77
29
2
87
22
6
67
52
40
8
40
25
72
39
42
30
26
10
20
25
29
36
5
59
9
2
7
25
3
24
49
18
9
22
24
21
27
25
17
6
48
3
27
7
16
16
24
1
20
16
27
15
32
37
2
26
28
37
84
12
66
36
4
11
45
56
27
11
46
23
19
25
12
33
11
56
7
34
11
28
38
44
87
26
8
4
39
53
53
14
10
29
40
6
8
7
1
4
7
18
24
37
30
1
15
51
82
11
21
2
43
12
12
5
16
90
1
4
17
9
39
16
19
9
12
27
2
7
23
36
4
20
25
0
6
19
12
2
52
16
3
32
7
15
8
23
4
9
18
2
18
43
6
1
24
19
18
92
58
32
9
23
28
18
15
24
19
22
12
8
26
25
53
58
2
10
19
26
5
47
8
55
38
12
28
20
6
10
28
25
29
36
25
7
15
11
37
12
35
12
19
49
10
14
49
1
44
34
6
21
28
41
15
27
21
24
9
3
26
4
4
1
20
22
16
2
2
52
20
30
7
30
22
11
36
8
25
32
29
18
41
25
10
28
14
42
26
26
2
10
20
7
34
1
63
29
2
17
2
12
32
4
27
17
26
29
53
20
20
14
6
9
39
16
32
43
3
32
4
23
17
12
48
24
8
23
12
31
3
11
13
2
63
8
8
26
13
19
57
31
5
17
28
16
53
11
1
32
26
32
49
4
24
7
10
56
25
20
35
25
24
18
10
5
3
31
13
26
18
15
10
7
13
8
30
12
5
1
39
5
39
34
1
4
54
8
7
18
13
20
17
29
18
38
22
34
36
5
32
27
6
8
5
0
4
7
17
16
19
24
4
38
26
2
2
33
26
19
30
15
7
9
14
1
3
20
4
10
26
32
33
41
14
19
17
0
15
7
27
19
30
2
5
12
6
1
45
7
23
21
31
70
0
3
15
5
3
3
52
15
19
19
14
16
7
14
17
15
10
10
13
25
28
0
31
27
11
31
2
27
21
19
6
29
7
10
10
35
24
21
22
11
26
7
9
5
19
30
23
20
3
3
18
9
23
18
7
11
19
11
39
32
43
21
56
2
31
2
25
10
0
12
8
8
11
9
12
21
14
4
2
3
15
17
13
48
3
30
2
6
6
32
18
16
12
4
35
21
30
14
2
10
14
0
22
11
6
3
13
1
25
16
11
25
27
10
11
29
2
7
12
40
3
16
10
7
10
4
29
29
17
15
28
24
15
18
16
22
21
0
50
9
20
6
10
31
16
4
4
25
12
30
3
78
2
7
21
14
16
4
1
6
6
23
6
20
37
15
3
19
4
23
3
1
1
34
1
1
2
8
1
6
18
13
21
22
3
2
1
15
2
1
2
5
14
4
7
0
3
13
17
9
11
3
20
18
6
1
31
23
15
2
26
11
5
3
10
13
25
18
11
1
8
25
38
9
13
8
6
1
7
7
5
3
21
16
9
7
9
22
24
16
27
1
34
5
17
12
8
20
1
1
15
7
14
10
24
36
5
15
2
7
19
52
0
23
25
17
24
0
6
38
1
11
14
4
1
8
17
21
14
4
14
26
10
2
3
17
10
9
17
10
10
3
3
12
15
11
7
27
6
9
12
1
9
16
9
4
22
5
7
1
19
5
7
8
1
21
7
10
20
7
11
4
2
12
6
3
7
30
11
11
24
1
18
29
37
3
21
17
4
2
1
15
8
2
15
6
4
1
11
9
13
5
5
1
24
12
1
3
14
10
4
9
11
3
2
22
5
14
2
17
7
10
2
4
3
2
12
5
12
11
4
23
5
9
19
6
12
12
6
0
10
11
16
10
8
19
14
4
5
2
13
6
8
4
8
10
3
12
17
3
14
10
11
13
6
30
3
1
7
10
8
16
5
5
2
0
6
16
9
4
8
4
8
1
6
6
5
10
2
0
5
7
15
2
7
3
16
1
2
5
2
19
6
7
0
6
3
5
2
4
3
6
9
4
1
4
2
1
0
8
0
1
5
4
1
1
0
1
5
3
0
0
3
1
1
0
1
1
