44
5
15
4
24
0
44
29
5
8
6
15
54
1
10
3
59
46
5
10
68
22
2
1
14
22
26
7
13
4
9
9
28
23
22
33
1
62
63
16
21
63
12
11
26
34
12
22
0
86
19
60
23
4
10
8
12
25
43
32
9
53
23
30
23
20
57
6
26
20
27
18
60
7
48
51
41
5
11
27
51
5
14
18
11
35
30
22
37
3
20
13
30
41
35
3
19
26
13
27
54
52
25
11
9
19
71
7
64
12
40
4
5
34
30
13
42
35
16
12
46
9
32
13
13
42
36
33
37
11
64
18
22
9
23
45
19
1
4
65
27
60
37
52
57
58
1
44
19
4
6
9
7
7
80
26
13
3
12
2
27
7
30
7
26
16
18
59
16
10
6
2
47
34
33
24
22
2
129
5
61
17
3
4
61
31
1
9
5
77
4
73
52
50
29
41
19
21
35
22
6
26
5
30
31
51
13
7
18
18
22
28
0
4
8
33
9
18
13
10
10
25
40
10
16
9
27
54
38
9
6
11
29
38
32
17
16
7
6
2
1
35
4
18
5
18
17
39
37
35
0
26
48
21
21
54
32
3
17
31
89
43
74
59
6
22
77
27
37
9
15
8
88
16
32
3
27
7
18
20
14
12
10
55
17
29
3
19
6
29
32
20
25
38
4
21
45
35
48
2
45
35
6
24
25
32
26
60
6
44
92
30
45
1
47
22
32
21
19
9
5
30
10
36
19
14
18
3
46
24
8
32
34
10
1
12
6
13
3
6
34
7
27
23
16
19
21
78
35
64
31
25
3
64
59
59
16
36
4
54
39
26
9
24
48
12
17
18
7
13
40
17
7
15
25
5
13
5
10
39
19
31
18
10
7
13
26
8
36
19
4
3
6
34
15
9
45
16
13
20
0
5
15
36
27
14
45
11
38
12
20
19
18
9
11
8
32
24
11
8
12
1
36
22
24
47
10
19
3
32
32
25
11
18
15
10
17
1
35
30
14
6
18
51
39
17
4
34
7
5
11
13
2
3
2
27
19
18
41
20
18
27
4
56
31
32
2
17
11
11
43
4
11
2
33
40
16
0
2
32
30
54
48
5
16
11
5
24
18
61
29
19
17
53
35
40
28
4
24
7
14
35
12
23
1
26
2
12
38
5
39
14
47
30
7
8
4
19
22
18
11
32
22
5
18
8
33
18
18
9
2
26
47
28
66
48
14
42
52
6
11
0
34
28
42
30
2
29
9
44
16
1
6
26
9
23
1
10
13
5
4
3
0
4
30
49
24
23
3
0
13
11
12
29
6
23
13
26
19
15
6
69
4
8
16
36
14
34
32
19
14
12
13
8
49
7
18
15
37
18
62
8
39
30
45
44
50
27
17
19
17
34
38
2
22
9
13
30
4
18
10
3
30
7
9
33
10
31
33
22
5
20
23
5
8
3
4
11
21
3
32
22
19
10
38
6
47
60
35
21
38
33
7
9
11
36
17
22
14
21
2
30
15
2
5
10
3
11
22
33
33
16
51
28
48
6
9
11
21
33
17
3
6
7
16
24
36
31
24
35
16
24
3
40
11
2
28
3
3
11
32
24
4
22
10
45
2
36
18
5
14
6
15
8
6
47
25
19
5
8
20
14
36
11
23
40
34
18
2
9
20
12
24
17
31
2
28
4
17
20
4
42
9
15
4
19
25
14
19
10
5
15
17
6
9
24
10
32
12
39
29
19
12
9
22
16
10
10
17
16
10
19
2
11
19
11
15
12
11
11
8
25
20
6
26
2
8
32
6
8
13
16
42
33
24
22
3
14
35
14
0
20
13
13
1
9
20
7
5
12
9
16
4
2
17
3
14
6
30
11
28
12
21
16
4
3
3
9
20
2
20
3
3
32
22
41
24
4
28
22
2
1
5
3
14
1
42
23
14
26
16
12
12
15
9
4
31
19
26
10
36
8
3
0
27
6
11
16
10
15
3
14
15
17
2
24
3
0
20
25
28
7
21
5
16
20
0
13
5
8
10
10
11
14
1
8
17
18
37
10
18
22
33
7
19
6
8
13
14
31
14
27
4
1
4
24
10
25
9
11
3
5
25
14
22
4
16
5
27
10
2
7
6
1
2
13
11
4
12
8
7
7
12
15
7
1
21
5
3
13
8
13
33
6
1
5
0
0
15
8
7
7
33
2
3
16
8
3
23
15
24
0
35
7
16
2
2
1
4
16
8
19
12
14
12
7
20
23
9
16
8
16
9
12
11
6
3
26
4
12
14
7
4
9
8
18
21
27
11
15
11
8
17
4
15
12
11
13
3
6
4
15
6
9
4
7
5
8
12
4
13
9
15
7
5
17
3
18
9
13
2
11
1
12
5
6
11
9
11
8
13
7
4
16
9
5
11
11
1
1
12
1
3
2
18
1
13
13
2
9
7
2
8
3
5
0
16
6
6
5
2
4
11
5
3
4
21
1
12
2
3
7
2
1
3
3
0
4
2
4
2
3
7
8
3
0
4
8
2
1
6
3
3
7
1
4
2
0
6
5
4
2
0
2
1
0
0
0
0
0
