19
0
11
6
0
18
53
1
41
9
6
34
5
18
42
12
50
3
1
16
33
16
4
9
28
39
24
9
17
19
15
32
28
40
27
30
7
13
9
1
10
14
28
15
10
2
34
28
22
35
11
39
46
41
11
38
10
22
31
24
16
19
7
37
6
38
24
26
28
44
39
43
2
37
3
18
42
69
57
32
37
13
44
24
36
39
36
16
66
16
5
7
20
26
19
32
1
59
0
37
9
43
33
19
16
27
2
74
10
28
59
4
37
13
27
9
17
35
2
47
44
19
28
28
10
0
59
30
5
43
68
39
16
12
8
17
9
5
10
40
11
12
98
62
6
41
13
46
9
1
19
76
9
24
9
5
11
20
4
19
33
15
27
16
21
0
14
30
78
22
66
12
17
33
21
35
73
4
37
49
7
13
5
16
13
37
0
21
34
39
10
15
3
32
10
16
0
23
28
13
25
3
29
14
14
3
8
18
16
2
20
19
54
43
23
29
8
23
36
10
51
49
56
33
14
24
38
8
23
5
32
18
3
7
16
14
31
41
35
7
33
32
26
5
15
12
25
4
9
2
9
6
32
12
39
67
1
37
3
36
21
56
1
26
7
12
21
7
49
1
4
17
58
31
8
15
1
11
63
27
6
12
59
2
4
9
12
17
15
17
40
40
7
20
3
37
28
5
12
37
4
27
5
60
47
5
38
20
26
13
16
34
46
37
21
3
27
34
68
62
24
2
16
14
47
39
20
48
20
23
25
4
15
55
5
16
15
8
40
28
24
2
28
18
57
66
9
32
30
17
0
2
41
9
9
39
24
24
57
20
3
11
42
7
4
63
24
42
54
33
7
33
2
20
34
1
79
7
0
6
21
11
26
4
1
5
14
32
45
1
29
5
27
6
19
41
14
1
90
8
5
2
14
21
35
1
19
2
48
1
11
36
38
4
47
14
4
2
12
12
57
9
33
36
11
32
25
42
10
40
10
13
6
13
37
9
12
5
14
37
20
8
33
12
14
8
10
33
9
29
47
17
13
33
13
35
19
26
17
7
37
4
43
17
2
7
28
6
25
2
3
26
45
9
50
5
65
3
1
6
52
27
35
51
41
7
36
14
20
39
14
2
24
5
4
33
15
21
4
13
23
14
18
47
8
6
43
38
7
4
19
10
16
67
14
4
34
3
7
16
14
7
11
3
8
5
29
20
25
17
8
2
23
12
7
4
5
32
18
44
8
29
6
15
15
4
10
10
5
18
4
9
5
9
12
5
50
15
15
18
50
4
11
16
5
16
14
6
28
17
15
20
11
3
10
0
14
30
10
15
35
39
23
35
10
14
25
25
1
41
27
3
3
11
23
18
32
19
13
27
31
7
26
17
8
15
3
25
33
46
9
34
12
9
8
22
26
10
3
10
17
18
25
28
2
27
34
24
22
5
20
21
8
10
2
13
20
17
24
58
7
12
40
38
2
2
32
9
23
12
25
2
8
15
19
5
3
13
5
9
17
4
41
6
45
10
39
1
23
11
1
12
7
3
34
25
12
30
5
13
4
15
47
32
10
6
0
11
3
7
17
10
25
6
36
34
3
21
14
21
13
67
12
8
10
12
5
3
20
38
22
22
10
41
16
24
17
38
2
3
1
7
14
4
30
0
2
17
5
24
10
0
12
35
31
18
7
21
32
18
2
15
2
8
6
6
33
26
22
3
20
3
18
5
15
14
7
48
1
10
6
20
25
8
4
2
5
16
23
9
20
5
10
6
8
23
4
20
8
19
9
7
10
41
0
10
6
10
24
6
10
11
1
6
22
1
1
8
16
5
9
14
11
15
4
2
21
15
23
10
1
10
15
4
29
26
7
4
15
12
14
17
25
3
16
11
24
22
1
4
18
8
28
13
8
25
17
28
26
9
6
3
5
15
12
12
18
12
10
8
16
30
15
1
3
15
21
15
40
3
7
37
14
22
20
12
16
6
21
14
27
3
0
14
29
0
3
16
4
8
2
9
26
20
7
1
2
8
9
20
2
36
10
9
17
15
22
8
1
37
4
2
14
49
0
4
25
20
13
19
16
12
13
23
16
4
4
11
2
10
20
19
10
11
11
1
12
33
13
19
13
6
17
26
11
6
5
4
8
9
1
3
28
9
2
2
12
25
6
1
19
2
29
10
3
5
5
2
13
24
6
15
1
13
24
8
7
1
6
25
3
16
3
7
20
14
11
5
8
4
1
17
26
6
0
24
8
11
22
17
15
1
19
0
21
21
11
4
15
1
8
4
10
4
7
14
11
5
12
9
8
9
1
14
0
10
6
14
1
11
1
17
5
7
4
19
2
15
2
6
6
2
1
4
11
3
8
14
3
18
13
2
6
11
2
11
6
9
1
10
7
1
11
10
3
7
19
11
7
4
24
12
2
9
6
5
17
10
3
5
4
9
20
12
2
6
3
4
6
18
13
5
0
13
9
8
3
0
5
12
1
1
0
3
0
7
18
2
5
2
2
2
2
7
1
4
8
3
6
2
2
5
6
7
1
2
3
3
1
7
9
2
4
4
3
1
3
6
3
7
0
3
4
2
2
2
1
3
0
0
