52
16
4
4
30
27
31
4
7
51
45
30
39
9
0
18
6
15
2
4
26
9
22
7
38
17
2
2
23
6
5
25
4
31
16
59
10
6
35
45
38
3
38
20
9
26
19
32
12
28
6
63
2
33
41
38
7
9
23
37
51
30
17
10
43
20
1
19
21
8
49
35
32
10
32
12
18
72
21
40
11
24
22
34
25
117
6
1
9
34
30
21
53
39
18
42
6
21
3
11
3
35
30
13
49
33
5
3
5
59
39
19
23
38
2
7
48
34
6
45
53
1
24
47
9
24
37
2
33
27
12
49
32
18
16
41
41
37
17
55
39
13
25
9
2
16
20
0
29
80
33
22
8
9
23
46
4
1
11
4
5
27
54
54
23
54
25
68
61
36
5
38
48
14
59
5
17
18
7
52
8
17
27
40
14
55
47
59
8
15
33
35
33
1
12
11
45
18
46
59
15
2
67
18
26
50
18
11
22
41
21
16
18
10
30
28
68
5
37
7
23
13
56
26
21
22
75
27
43
19
7
46
50
29
34
1
47
10
18
14
0
34
29
8
26
7
26
14
4
59
60
0
18
36
5
5
8
43
44
13
49
29
20
17
22
37
0
16
9
28
31
4
4
8
34
10
14
19
39
51
5
8
6
23
5
3
33
39
43
29
15
29
35
22
19
55
33
27
6
36
4
23
15
0
10
21
18
16
27
0
24
11
2
15
13
48
18
48
5
1
25
11
15
12
40
51
17
21
21
50
31
27
67
17
19
23
24
14
45
18
9
36
4
41
18
10
77
5
52
38
10
7
10
1
43
24
3
24
7
57
35
25
27
16
4
66
74
8
29
52
15
12
5
32
38
29
19
33
22
1
9
32
9
14
25
40
53
6
34
5
42
52
26
32
28
23
20
23
28
28
20
28
3
52
11
17
25
6
3
55
6
18
16
29
32
33
13
19
4
5
3
29
6
18
6
9
18
8
35
8
18
5
0
11
31
19
41
24
14
1
33
51
40
43
0
2
4
21
2
9
12
28
19
33
28
29
50
0
23
0
39
16
7
46
19
3
32
24
5
16
10
36
44
2
26
10
2
45
27
30
24
13
30
20
13
30
6
34
2
17
24
17
16
18
8
16
7
27
11
11
28
5
25
18
21
13
2
0
29
10
9
12
7
18
19
34
29
9
41
7
4
33
13
31
4
6
13
60
35
21
58
15
23
27
5
1
15
60
52
17
50
32
0
50
15
23
1
11
22
35
16
18
35
27
22
7
19
33
6
6
4
13
9
23
22
1
6
10
20
25
32
4
7
25
33
44
22
47
1
18
25
37
2
10
4
9
3
18
13
6
47
38
12
15
3
8
3
6
15
18
8
11
6
10
28
18
6
40
23
7
28
23
38
6
14
24
36
0
24
4
36
5
8
1
6
8
45
17
50
17
1
20
26
27
16
10
12
16
5
38
27
31
4
12
7
6
37
20
17
9
9
0
3
8
0
11
54
36
2
48
5
12
17
41
44
29
16
17
33
9
18
3
2
38
12
6
17
14
7
15
25
38
19
4
8
8
3
7
32
19
12
25
39
31
5
9
2
8
18
24
21
5
12
32
5
11
26
6
22
9
38
30
17
5
28
13
59
4
15
15
10
21
30
27
21
1
12
22
9
18
22
8
7
4
43
21
4
7
13
42
3
14
27
3
27
33
11
6
25
4
4
27
6
19
18
8
11
12
8
16
30
24
2
1
15
15
8
4
2
8
28
51
11
0
6
11
15
21
2
8
25
3
6
61
22
26
3
30
20
19
30
9
27
4
2
7
27
2
9
37
7
9
1
2
3
36
18
25
4
5
29
2
8
48
11
17
27
1
7
22
20
6
4
34
18
14
16
29
33
35
31
23
15
29
21
9
7
13
5
12
40
8
12
10
13
10
13
33
3
14
17
6
31
15
11
21
40
1
30
11
11
26
23
9
27
10
6
21
5
3
28
33
11
9
12
7
11
25
14
1
0
7
10
1
25
16
9
19
8
6
29
12
38
12
30
25
8
21
1
3
20
12
5
14
11
11
4
22
14
16
34
6
1
37
12
40
16
4
1
29
29
14
16
0
1
3
23
6
12
7
3
23
9
1
20
12
35
0
22
8
28
5
0
16
7
10
20
8
17
13
20
11
4
1
20
6
6
12
1
23
17
10
10
10
19
7
1
14
12
5
9
16
14
10
24
3
8
15
29
17
13
5
7
6
15
33
9
7
0
2
6
17
6
13
3
5
11
23
17
0
2
0
7
0
4
11
16
2
11
5
0
13
0
2
3
8
10
9
4
16
15
24
7
16
31
0
3
14
14
2
3
10
1
3
2
3
8
9
6
18
16
19
5
0
0
12
7
7
14
18
10
13
1
4
6
10
9
7
6
6
1
0
14
5
4
2
0
14
4
0
0
9
14
15
10
1
12
4
3
11
2
0
11
6
5
5
8
4
1
5
5
0
3
9
2
6
2
4
3
7
1
1
5
4
0
5
5
1
8
6
4
2
2
4
9
7
4
4
3
1
7
4
1
4
5
2
2
7
0
2
3
4
4
3
8
1
4
4
1
1
1
3
3
0
2
1
1
1
1
1
