6
23
58
27
1
4
21
7
1
9
29
23
45
10
39
4
43
2
52
24
7
0
2
8
15
25
11
22
19
13
28
2
39
7
24
46
10
25
13
8
36
26
20
35
12
44
8
42
3
4
2
13
6
36
10
0
75
22
20
5
8
18
6
30
2
49
18
26
5
41
58
15
18
65
5
31
26
51
37
18
8
45
0
6
36
28
24
21
16
9
2
59
16
32
19
42
20
55
3
36
6
1
28
38
19
19
1
4
24
58
1
9
21
47
25
19
1
9
26
26
33
40
19
6
9
24
0
5
30
42
28
12
2
34
2
34
6
19
27
4
13
44
59
41
104
5
16
26
4
39
12
16
19
10
42
54
51
20
3
36
35
15
15
11
16
5
35
45
14
46
11
15
4
21
2
58
25
61
21
1
14
2
59
10
9
50
11
0
23
20
15
48
10
9
67
35
6
1
20
37
40
49
8
22
50
47
17
65
5
69
22
13
48
6
12
7
7
31
35
48
41
23
34
1
48
2
2
47
52
24
11
17
32
12
18
22
8
33
13
48
11
21
22
0
45
14
17
20
47
37
29
40
60
43
17
4
1
13
58
10
5
29
23
66
28
47
11
21
20
12
29
54
27
26
68
21
10
1
4
2
35
32
48
20
42
8
47
27
14
27
6
23
36
8
36
7
34
14
42
8
108
30
19
50
22
16
31
17
3
13
3
8
24
8
17
6
59
26
3
13
19
67
3
19
37
6
28
32
55
35
16
63
32
40
33
16
5
20
11
22
32
6
22
20
1
57
6
5
12
2
4
2
44
43
6
21
8
2
34
41
5
33
12
25
2
40
22
33
19
13
37
8
32
24
12
18
12
70
21
10
0
10
57
7
47
20
7
11
27
52
11
38
10
23
26
18
24
3
40
20
19
52
16
59
12
30
16
24
23
14
1
37
9
17
82
26
5
1
25
7
30
37
9
42
9
3
48
13
27
38
2
6
21
15
11
34
16
19
32
10
3
7
19
8
32
2
32
44
10
28
4
1
18
29
30
5
39
1
48
5
18
34
5
23
20
6
30
5
11
8
57
7
17
24
1
27
10
18
60
51
35
16
41
26
16
52
15
11
25
9
9
5
8
62
4
11
11
20
24
27
13
6
21
5
10
12
23
3
36
32
24
36
33
12
26
33
28
4
0
3
14
16
24
28
42
21
2
15
25
26
11
74
11
23
3
43
20
25
8
25
20
13
6
16
13
41
29
22
70
1
1
22
11
8
14
16
45
36
26
14
18
26
0
19
28
37
24
34
21
8
5
2
8
10
47
6
0
46
36
6
8
6
30
25
20
33
35
23
36
1
23
7
10
51
0
2
15
39
27
7
40
27
6
8
34
17
7
16
3
30
3
8
17
13
3
0
18
20
27
18
31
18
19
1
13
14
17
25
21
4
2
30
15
1
53
10
17
1
3
19
60
21
26
5
18
10
0
17
6
13
41
11
31
6
19
14
18
30
9
2
3
34
31
44
14
5
10
36
36
3
27
17
2
16
10
4
3
8
0
30
8
47
1
18
10
19
18
13
4
12
12
14
0
16
14
9
17
22
22
31
1
2
5
36
10
24
55
3
6
27
20
27
12
33
12
9
24
2
9
3
3
34
26
2
20
12
8
36
30
9
6
18
17
11
1
14
11
19
7
43
11
9
11
40
13
9
19
36
7
26
8
5
9
32
42
22
17
1
19
1
16
28
7
5
12
2
18
12
6
11
25
21
20
7
12
47
41
25
19
19
2
42
23
13
3
13
0
3
27
4
12
23
15
37
5
12
37
11
34
11
4
6
18
28
24
9
35
1
27
15
1
22
38
2
22
17
15
17
6
20
5
11
34
14
19
6
10
36
0
26
27
37
19
2
0
6
5
15
12
18
24
3
10
4
4
13
14
20
3
17
38
9
34
26
17
9
15
0
10
8
15
16
9
29
12
16
13
5
19
6
16
12
21
3
8
14
7
3
29
5
6
16
9
39
11
11
8
3
39
9
25
3
2
36
15
22
24
12
10
20
2
18
14
15
17
33
4
3
5
8
4
6
1
22
5
15
10
26
2
4
9
32
20
12
9
4
4
13
8
5
8
7
1
8
18
36
12
12
29
27
12
4
2
3
1
16
14
8
1
1
17
13
32
9
3
2
20
0
8
4
2
4
17
14
7
4
4
7
12
14
3
8
18
19
0
10
4
18
8
11
14
13
13
34
3
17
8
16
13
19
8
11
5
22
0
4
24
8
0
6
4
5
28
9
32
4
4
19
6
1
3
30
7
13
5
10
17
21
0
2
9
4
6
8
1
1
3
14
5
2
8
7
6
17
9
2
3
4
1
1
5
3
13
11
3
9
2
13
4
3
21
28
3
17
1
13
4
7
3
4
9
3
17
7
5
4
1
5
5
12
2
14
6
10
7
7
0
0
9
5
16
8
16
8
19
3
6
9
3
5
4
1
4
5
1
7
14
0
17
5
0
2
7
11
3
13
7
9
5
4
4
9
0
9
6
14
2
6
1
10
5
4
1
10
1
9
2
1
1
7
5
9
6
5
3
3
6
6
5
1
11
1
6
2
5
1
5
4
1
3
4
2
2
0
1
1
0
2
1
1
