19
12
37
15
7
3
3
0
48
13
37
4
23
10
19
15
29
27
3
27
62
11
4
8
1
16
35
39
8
26
79
19
17
24
2
23
17
31
37
2
26
3
36
16
64
41
36
20
0
15
48
79
25
29
25
14
40
23
7
17
16
26
4
33
7
22
50
39
13
2
65
45
7
27
76
17
13
14
4
39
15
64
4
3
26
61
47
3
32
1
49
7
28
21
43
23
7
12
15
52
56
31
3
1
8
14
1
10
68
36
41
53
18
38
13
61
11
2
11
6
58
40
29
12
23
2
4
21
21
5
22
48
72
71
69
0
7
6
86
3
8
34
40
29
54
21
18
44
22
5
62
11
14
17
11
20
19
36
17
2
20
27
15
41
9
52
69
29
11
32
66
17
9
3
26
52
63
17
5
54
35
29
29
16
16
21
27
13
8
39
73
6
5
10
25
28
10
18
3
6
30
17
21
6
11
32
41
18
38
9
3
22
14
19
18
49
29
14
16
48
11
8
29
47
12
37
36
35
70
37
14
13
24
31
33
34
38
46
4
26
15
0
35
5
15
34
53
7
58
26
2
31
61
0
10
12
72
7
15
1
54
22
43
29
27
44
52
41
8
11
48
15
14
2
2
18
22
53
27
57
19
53
36
7
35
3
11
16
13
32
9
19
37
9
26
10
18
25
12
1
15
53
8
40
9
1
24
61
1
27
31
34
0
2
30
45
16
3
10
6
17
17
25
6
12
12
1
40
3
5
13
10
43
16
18
9
19
14
42
7
33
22
6
8
17
19
38
23
6
10
12
19
42
11
31
16
15
6
18
26
37
8
53
23
41
15
29
15
1
24
13
20
1
20
16
10
48
29
9
16
27
8
24
57
22
60
2
11
12
7
12
24
14
21
6
32
40
32
11
5
20
35
35
11
5
30
2
6
22
30
37
37
21
19
12
35
15
34
26
40
17
11
31
2
12
33
20
34
10
6
15
50
19
2
18
25
40
12
16
29
10
64
6
24
1
43
4
7
24
3
33
12
1
50
20
22
6
9
21
34
3
23
24
46
14
2
1
12
3
11
59
7
32
15
13
34
2
49
8
20
24
19
45
32
22
15
5
11
6
14
5
22
9
9
9
22
22
28
1
18
23
35
20
40
7
0
76
7
16
19
20
15
23
5
19
5
12
1
8
16
13
54
14
16
22
4
33
16
16
7
14
17
8
20
15
2
22
15
65
41
71
1
22
28
19
13
8
21
7
11
1
17
3
26
23
8
47
15
3
29
26
1
34
22
35
8
0
38
60
24
20
40
16
48
36
15
5
38
5
12
21
13
11
26
32
16
9
26
8
11
8
2
35
31
31
8
12
17
26
2
37
25
20
15
1
5
20
19
38
27
2
12
13
7
49
12
43
43
12
56
59
2
31
19
7
7
29
20
26
30
15
23
1
32
5
29
32
11
3
1
22
17
11
9
22
11
7
1
34
8
50
25
11
41
5
12
15
38
16
2
68
11
20
19
5
27
1
5
21
7
7
22
19
38
54
24
8
3
10
14
46
4
4
23
6
2
7
21
10
0
24
14
19
7
11
22
26
5
41
3
1
1
2
4
34
2
0
16
4
20
13
5
13
21
19
12
40
14
26
6
11
11
6
16
27
31
4
46
8
14
9
9
3
12
8
1
1
14
5
35
22
13
10
9
20
4
4
39
0
26
12
1
16
12
38
14
3
19
33
43
4
8
7
58
18
4
6
39
3
38
23
8
6
17
6
17
6
14
32
60
4
37
14
21
17
2
15
16
31
1
7
14
19
8
1
21
16
1
25
5
3
12
33
25
32
12
29
13
1
16
10
14
31
13
16
14
1
29
11
5
7
2
6
17
3
17
1
15
18
16
24
6
20
6
9
9
22
6
34
16
10
7
43
7
11
32
22
8
16
1
17
4
4
39
5
11
2
0
21
27
21
10
13
3
2
27
44
2
15
2
9
18
9
32
4
5
9
33
22
1
4
8
6
1
11
6
11
0
11
1
25
5
30
7
9
19
10
23
10
16
18
1
9
16
9
8
26
10
10
1
39
9
3
6
21
11
26
14
6
4
15
3
1
6
30
0
3
26
2
4
28
16
12
4
10
24
10
2
22
5
19
11
2
5
4
18
17
19
9
13
9
6
4
3
6
9
19
5
36
8
5
4
8
10
21
5
8
13
4
2
4
2
0
9
26
2
8
7
7
10
3
17
20
22
31
9
20
21
1
1
11
20
14
5
7
9
4
10
3
32
19
5
11
8
13
9
17
8
10
12
12
9
9
20
7
1
10
11
19
9
4
11
8
19
5
20
7
13
3
20
12
8
16
21
1
12
15
1
19
0
13
4
6
8
6
17
2
6
4
15
1
19
12
16
37
1
8
6
0
6
14
6
9
12
8
22
10
11
5
8
9
3
6
6
7
15
2
18
4
23
6
4
8
0
14
2
5
8
8
3
6
7
12
0
6
6
25
5
8
14
0
2
8
0
7
0
12
6
4
2
7
4
4
8
0
2
0
1
9
1
1
6
4
1
0
3
6
3
6
4
3
9
1
2
4
4
0
14
1
4
3
0
5
7
15
3
8
2
3
7
4
2
8
5
3
3
4
2
0
4
1
1
5
0
2
0
2
0
0
0
