17
0
48
40
1
31
27
0
22
12
0
5
6
9
39
10
14
1
26
12
45
40
33
10
62
16
23
19
24
11
11
23
18
5
15
20
24
20
4
27
26
2
31
16
6
13
28
2
19
33
6
36
29
29
34
26
30
20
38
9
41
20
62
31
39
18
28
33
43
47
6
34
0
53
31
13
1
30
53
44
13
27
20
27
11
34
10
36
12
26
45
30
23
51
11
14
17
13
28
0
20
21
23
33
25
23
40
59
19
31
32
9
27
1
64
23
48
27
12
60
45
17
51
17
0
20
29
32
37
3
28
2
31
49
42
1
47
20
22
15
20
75
30
10
32
28
21
33
39
22
19
76
37
40
16
3
8
15
32
51
11
16
23
22
3
26
19
39
39
6
72
15
27
8
37
32
14
14
12
9
62
24
32
15
10
26
71
8
16
12
1
19
44
1
44
44
6
42
0
39
45
28
35
80
48
3
3
19
24
13
32
32
55
2
20
38
6
14
3
5
32
2
55
60
11
43
29
31
3
30
47
14
0
30
14
35
14
49
18
8
28
7
25
8
3
24
11
4
30
16
21
21
44
23
9
5
8
21
12
25
31
56
16
5
17
28
26
13
7
35
26
3
46
8
2
47
32
11
20
21
61
11
3
17
41
5
18
14
9
10
35
4
19
44
5
26
47
4
4
38
15
19
17
39
35
25
35
56
5
39
3
24
19
14
25
20
10
3
23
2
35
18
10
0
49
11
42
22
66
5
3
30
53
1
4
25
10
15
30
3
0
48
15
6
34
14
2
22
1
11
1
35
8
13
25
53
19
23
6
31
16
15
3
54
6
31
4
23
48
2
56
38
22
10
0
18
3
10
28
29
26
32
0
13
7
11
2
20
29
47
21
38
36
39
6
36
42
26
3
65
0
37
1
36
31
53
20
16
19
37
65
40
8
11
3
13
15
5
1
18
10
4
41
8
0
15
7
64
1
8
38
33
25
28
11
17
17
28
32
55
6
2
18
38
4
1
4
50
49
68
16
10
7
41
13
21
6
22
44
16
18
32
42
36
24
27
12
15
19
7
14
8
15
12
4
44
8
0
42
5
56
10
0
22
6
9
13
17
8
14
7
23
6
46
12
7
20
2
15
27
49
11
16
6
1
21
51
0
8
26
41
0
16
32
25
7
49
34
19
9
7
0
25
27
7
17
11
1
27
13
14
9
27
16
9
38
32
2
67
40
22
13
13
5
25
2
12
18
40
5
36
25
11
25
2
3
31
33
20
3
0
11
2
30
11
35
75
5
25
37
13
5
43
58
1
73
25
19
8
24
39
4
21
9
1
4
5
64
11
5
7
7
69
15
14
7
25
15
6
1
6
55
52
22
64
10
3
26
34
15
6
10
0
4
14
8
21
19
11
0
53
31
39
24
23
0
22
36
10
3
16
18
10
2
11
11
21
4
4
43
31
34
27
5
24
3
16
20
2
39
29
40
3
12
17
40
13
7
9
24
4
1
18
11
6
1
1
17
4
30
16
27
32
3
14
30
17
55
12
2
5
6
44
57
6
5
15
7
15
2
20
22
4
21
32
33
9
8
2
39
17
14
17
11
2
6
16
5
11
12
11
37
5
60
22
5
0
9
17
22
41
28
28
21
35
16
17
3
14
6
27
27
12
8
7
2
11
19
8
12
9
12
6
6
11
64
12
30
21
1
15
7
6
19
21
26
11
5
20
1
23
3
8
22
8
25
8
5
2
16
0
3
8
18
3
12
37
9
17
18
19
5
9
5
20
3
37
8
12
32
34
12
6
9
49
8
23
13
11
11
12
11
11
14
13
9
3
0
32
15
4
7
20
21
13
4
23
2
7
13
12
5
20
27
23
21
11
23
5
1
4
26
3
16
31
3
9
14
40
32
9
5
22
4
16
0
11
3
5
13
28
22
4
24
18
12
2
36
9
3
6
2
7
41
23
10
16
21
0
5
42
1
22
6
12
14
13
17
26
8
28
2
6
14
13
10
5
46
18
1
13
2
38
4
32
12
16
12
3
0
36
18
21
21
12
7
4
6
1
23
14
8
28
23
4
7
39
15
9
8
15
14
31
22
7
4
5
31
9
31
10
17
16
33
17
7
3
19
5
16
11
6
8
18
3
22
2
31
10
21
10
9
12
5
2
13
26
11
8
44
1
10
12
2
1
11
17
8
6
2
16
21
2
7
2
18
1
8
5
10
11
9
18
8
18
6
23
17
0
7
0
8
1
12
0
10
16
7
2
14
3
7
4
7
9
6
1
27
24
17
9
16
11
4
11
4
6
11
31
2
4
29
3
15
10
5
4
10
24
4
11
48
5
27
2
17
7
6
3
10
19
3
0
8
4
30
17
15
8
6
17
4
8
14
30
10
24
11
36
5
15
2
16
9
2
17
5
10
15
3
0
13
0
3
11
10
7
1
7
2
12
8
24
8
15
8
3
18
9
6
3
17
7
8
8
15
8
23
2
9
4
3
2
21
11
2
12
1
11
8
12
9
1
1
7
7
4
8
7
4
8
0
3
4
10
1
10
12
5
4
1
1
6
4
7
5
6
1
3
3
3
8
11
5
5
2
0
11
4
4
3
3
0
6
4
3
4
6
8
3
5
6
5
2
2
3
1
3
5
1
1
1
1
2
3
1
1
1
0
0
