0
1
5
10
12
28
8
20
34
5
37
19
3
2
3
10
10
19
15
8
11
3
1
26
1
15
6
5
34
27
7
17
20
7
56
22
18
15
34
66
45
18
1
25
8
13
45
19
17
35
22
30
1
15
10
36
37
13
2
16
5
10
12
44
65
21
7
46
28
34
16
11
3
10
66
12
13
6
8
17
65
31
17
21
56
46
9
8
43
60
28
15
28
50
33
49
18
11
64
26
7
4
4
24
20
9
27
18
38
3
1
24
12
38
34
17
21
56
55
30
42
5
8
32
35
4
39
12
34
37
41
53
4
22
33
28
26
49
2
18
38
25
12
15
27
7
1
80
37
4
2
36
33
41
4
27
5
9
14
36
57
1
5
41
17
1
22
25
12
28
44
32
8
28
31
39
42
8
53
11
55
50
11
5
5
21
12
46
16
29
3
9
17
18
2
59
44
33
9
17
4
57
17
46
43
19
16
37
6
37
15
32
4
29
34
25
39
7
30
28
44
12
60
30
9
4
27
1
54
3
7
8
18
40
40
20
26
4
44
13
22
28
30
32
10
20
66
20
12
17
30
68
17
35
25
6
5
16
41
16
28
3
10
19
4
33
40
19
36
31
8
23
9
3
10
15
29
1
25
34
35
8
11
27
11
53
14
4
26
21
51
24
2
34
9
30
0
34
9
42
7
38
0
16
12
22
33
10
12
20
12
28
5
27
21
10
36
8
5
48
29
15
12
5
23
46
25
48
51
74
36
10
0
11
18
58
37
8
15
15
10
20
12
39
33
8
27
34
15
1
18
5
24
17
23
30
48
31
22
48
14
56
3
6
6
35
6
4
6
7
19
57
21
36
5
23
22
21
32
37
18
3
17
8
24
21
6
26
39
46
6
34
27
1
8
9
5
8
15
16
45
11
27
30
35
30
26
10
9
4
2
39
24
28
20
9
51
9
16
8
22
7
4
14
6
38
42
6
5
18
8
56
24
30
25
34
49
1
1
28
9
25
19
3
39
4
27
68
18
23
11
5
32
26
46
37
32
25
22
1
15
66
24
6
34
22
9
30
8
5
3
45
35
7
65
7
19
25
34
31
25
27
31
6
20
13
2
6
60
36
45
2
21
3
5
19
20
7
1
10
28
11
24
9
15
21
11
6
12
2
5
16
30
3
11
45
11
24
2
17
18
13
37
17
36
7
56
6
63
45
42
15
9
8
20
18
23
7
9
7
18
64
9
18
53
24
40
9
14
87
19
22
0
26
4
8
19
55
7
16
39
24
37
9
14
28
10
14
44
20
8
26
15
6
30
12
2
11
22
8
16
4
14
5
2
28
38
43
2
43
11
25
5
10
26
40
32
14
18
5
8
22
29
1
15
25
16
39
43
18
5
14
35
5
19
8
7
9
0
49
28
41
16
31
32
34
14
13
9
18
51
3
10
27
3
21
19
53
2
41
19
20
9
8
15
1
4
6
13
39
14
21
9
21
12
12
53
19
45
7
15
26
3
10
25
14
4
28
34
29
20
20
4
44
19
8
21
38
21
2
0
6
38
14
11
33
1
33
23
8
32
7
18
20
2
32
12
24
49
6
18
23
16
3
1
6
12
3
32
3
10
8
20
42
19
8
9
29
31
5
11
14
10
1
2
6
2
6
1
23
29
1
24
5
18
7
11
20
23
2
37
1
5
20
1
26
12
7
28
22
3
4
8
28
6
2
17
11
13
9
9
11
3
24
2
11
12
31
22
11
36
11
10
3
31
27
1
16
27
17
21
14
23
20
7
2
7
3
8
21
24
17
4
7
11
26
32
3
13
4
12
36
11
24
15
3
2
13
11
4
30
7
17
21
35
17
3
2
32
13
0
4
13
1
1
3
15
3
19
30
16
9
22
22
17
1
18
4
10
1
1
34
1
27
14
22
33
24
12
4
8
20
26
21
10
0
7
13
33
9
34
4
26
4
12
12
2
7
2
22
10
18
19
11
17
15
24
10
2
12
7
20
25
26
2
7
17
15
5
14
2
28
7
12
12
2
10
21
3
31
13
45
12
8
5
26
10
2
19
25
41
4
8
10
2
13
6
16
19
6
14
21
2
12
2
4
10
19
20
22
12
2
8
23
37
4
13
10
10
15
4
43
14
11
15
13
31
20
10
8
9
1
13
30
37
17
7
11
5
3
21
16
10
3
28
3
23
26
13
8
10
2
3
21
14
16
3
7
7
5
14
27
18
17
10
4
10
10
2
14
14
5
18
7
2
3
11
15
23
21
2
6
3
5
5
14
8
18
5
30
15
33
1
3
9
4
6
16
14
32
1
13
14
17
7
5
2
10
23
11
22
5
20
28
1
0
7
9
4
11
30
3
5
16
0
4
5
2
9
18
0
3
37
10
4
1
16
14
11
2
16
5
2
1
4
18
13
12
10
16
4
1
1
14
26
1
1
9
7
15
26
4
15
1
4
5
10
5
23
8
1
8
7
22
10
24
7
1
7
3
8
15
15
4
3
15
13
4
2
10
15
11
21
14
5
3
8
4
2
1
6
3
1
7
4
0
0
7
0
9
9
5
0
12
3
6
19
9
5
4
2
2
8
2
4
8
3
2
4
1
4
5
5
6
1
11
1
4
2
8
9
3
5
3
6
6
2
2
7
1
7
9
1
0
0
3
0
3
1
2
1
3
0
3
1
2
3
3
1
1
