25
0
7
8
6
5
13
1
7
4
3
17
0
3
43
2
7
0
43
57
17
42
16
29
10
53
19
7
24
73
28
10
8
20
21
4
31
12
35
7
6
23
9
61
16
8
16
21
8
14
58
22
98
9
28
24
24
22
25
25
24
34
26
30
36
33
4
1
17
11
20
1
23
2
42
7
34
30
14
32
44
11
15
24
43
5
64
19
1
42
49
43
7
24
3
55
41
20
24
24
12
56
11
49
10
13
30
42
2
23
16
17
7
9
34
6
13
26
15
76
17
40
36
6
3
19
53
1
63
12
0
8
94
2
47
7
40
34
4
19
22
16
30
24
8
6
8
13
62
7
51
62
13
24
14
2
11
57
1
13
26
4
13
24
63
1
12
4
55
37
28
26
25
0
20
5
25
32
6
37
45
7
29
57
28
31
90
7
81
74
10
29
7
45
45
6
1
36
10
64
31
42
4
46
36
25
10
45
23
6
26
33
96
58
50
33
22
34
5
20
11
12
0
33
23
26
68
72
25
39
5
29
13
22
27
8
34
9
14
63
11
37
8
50
28
24
8
57
0
15
16
16
44
78
49
42
15
38
4
20
18
29
71
53
47
1
18
47
7
17
44
79
15
52
11
52
58
10
21
5
1
33
45
46
60
20
13
28
33
11
32
21
15
65
24
69
6
14
95
38
22
5
14
43
12
10
9
10
19
18
67
7
50
10
18
7
6
2
13
21
5
41
40
28
21
15
24
15
15
32
41
24
1
2
25
24
11
11
20
11
70
48
41
37
8
21
10
46
42
8
15
28
1
34
13
51
22
17
25
22
19
18
36
43
34
10
0
31
10
31
2
48
9
3
11
7
26
22
22
25
41
20
9
25
24
15
2
28
43
35
13
1
13
44
22
14
14
29
12
2
31
12
6
24
13
2
9
28
52
14
16
3
3
5
11
25
4
18
15
13
1
8
38
33
3
1
35
18
25
27
32
10
15
13
11
22
14
7
19
28
45
22
48
41
5
7
3
29
6
17
1
17
3
3
24
3
15
21
24
17
12
6
11
16
1
65
31
31
1
86
48
60
13
25
46
37
12
27
41
12
10
11
62
5
53
47
6
13
16
33
7
14
17
17
13
29
9
5
7
52
32
7
16
67
8
10
14
26
5
16
38
18
37
3
18
16
14
22
18
19
26
40
9
24
10
17
13
1
17
41
36
14
30
31
5
22
16
5
15
12
7
22
41
2
17
9
57
27
10
5
40
16
13
32
4
12
17
19
2
0
34
32
28
1
11
59
19
27
11
8
6
17
35
22
52
6
4
32
8
19
9
19
12
3
35
11
18
27
15
22
12
20
20
8
12
32
15
14
35
32
18
7
3
34
23
18
45
8
17
6
26
36
34
3
17
2
24
35
6
10
28
43
0
9
3
4
6
14
16
7
8
15
18
14
44
10
2
16
10
3
32
15
37
24
18
8
11
43
9
32
5
14
9
21
17
8
33
33
27
16
2
7
2
39
13
23
4
41
13
25
18
5
44
43
12
2
15
28
1
38
16
22
44
9
11
21
6
38
22
21
16
23
28
46
37
25
8
16
7
12
9
12
14
20
22
4
22
10
4
10
0
4
43
26
11
22
36
1
20
48
34
12
10
15
7
34
13
13
28
20
11
33
26
9
11
1
15
14
10
17
16
46
8
13
31
17
3
18
15
6
35
8
28
7
17
18
6
25
5
16
2
20
19
36
13
23
5
7
27
34
2
13
4
4
16
31
47
14
12
2
7
34
38
15
22
1
7
22
1
1
33
17
25
17
15
12
4
10
20
0
5
4
8
18
2
35
8
7
43
16
26
33
1
42
5
0
9
4
15
3
8
10
32
15
34
29
4
3
20
2
3
30
4
4
23
4
11
5
28
13
20
3
1
6
4
24
17
6
19
27
46
11
19
19
13
18
16
22
7
7
16
19
15
5
32
9
3
5
23
6
20
19
26
1
13
12
19
28
6
9
32
22
26
5
9
15
40
7
2
7
7
27
11
7
25
14
20
12
2
20
4
9
0
7
15
21
8
1
24
18
20
14
23
9
14
12
25
3
5
12
5
4
1
24
3
6
25
3
34
18
16
28
3
3
17
2
11
7
13
3
2
5
8
35
26
13
2
21
3
14
6
16
8
0
15
21
19
5
18
12
24
12
1
8
7
11
16
3
5
16
4
18
29
14
20
3
1
6
4
6
3
10
41
7
14
37
2
15
15
10
20
22
3
12
14
2
12
4
21
5
34
34
10
7
25
1
20
42
16
10
20
14
14
3
19
15
23
4
10
27
26
1
11
14
9
2
6
14
49
19
13
26
15
19
9
10
29
0
37
11
1
10
2
20
7
9
8
14
30
9
20
5
0
3
30
14
27
9
4
6
18
12
3
6
5
3
6
5
5
11
1
16
3
1
1
11
4
1
8
1
1
14
16
8
1
4
17
11
21
1
7
1
1
3
12
8
2
3
1
3
2
20
6
4
11
4
6
25
14
5
1
3
2
4
4
2
10
16
2
1
4
16
14
7
1
6
9
1
2
8
1
5
7
8
7
2
6
3
0
10
7
2
1
3
11
4
1
3
3
8
4
8
2
7
2
2
11
1
2
11
2
2
1
2
4
3
0
0
1
4
5
7
2
1
3
2
2
5
2
8
2
2
1
3
0
2
2
2
4
3
1
2
6
3
2
4
2
2
1
0
