1
12
0
43
5
39
15
3
0
5
16
5
59
18
11
4
5
25
16
6
14
56
32
15
13
10
21
61
5
47
9
2
9
15
9
1
59
12
21
25
20
9
12
39
3
10
11
25
36
25
14
1
1
53
47
2
0
10
0
24
6
2
2
39
6
17
6
2
41
31
30
58
2
20
7
0
3
3
26
0
33
8
49
37
56
29
29
14
10
27
13
15
60
14
66
75
5
27
36
34
19
50
6
20
7
46
16
21
33
18
27
23
13
18
30
10
5
37
10
32
26
76
30
64
60
16
29
37
43
4
69
14
16
12
33
5
26
5
25
9
56
42
74
1
21
67
8
14
73
21
3
28
25
22
2
16
3
39
8
40
2
16
6
9
48
9
67
6
25
34
58
19
28
27
31
13
49
13
2
18
31
24
35
2
1
21
4
18
10
42
33
5
6
21
13
59
34
26
15
35
27
2
8
27
4
13
25
10
37
43
27
9
33
9
71
20
6
91
8
18
31
5
27
32
10
15
16
8
18
20
31
64
34
5
54
9
19
47
6
38
58
16
50
19
1
1
7
59
24
34
18
1
30
14
40
6
20
16
80
30
19
22
37
1
14
4
17
44
57
4
32
7
33
53
11
36
25
71
43
45
8
34
21
26
30
38
32
17
32
38
10
15
1
38
34
3
48
27
18
41
0
22
27
29
11
8
1
18
26
35
14
40
53
4
5
25
23
27
28
33
22
35
0
26
9
52
25
1
25
23
26
36
30
7
6
12
26
7
57
46
20
12
55
25
19
5
5
51
6
35
19
15
7
10
55
24
21
33
29
16
22
5
50
4
3
26
26
28
47
2
3
14
64
32
44
11
12
16
18
50
25
16
5
2
2
13
19
27
51
31
41
16
29
24
64
7
43
28
5
54
20
39
8
45
84
8
2
4
42
33
27
49
44
49
39
45
6
9
9
18
19
43
2
36
2
26
19
19
14
25
41
8
13
28
60
38
34
9
32
8
14
31
42
8
25
9
34
16
4
17
14
24
14
3
11
6
40
23
51
2
27
23
5
11
42
40
41
27
43
26
10
27
17
39
18
8
25
14
5
55
43
46
20
10
7
19
22
16
3
25
30
35
58
25
6
39
55
42
16
2
4
12
17
27
12
6
27
77
48
23
31
24
22
45
52
37
25
38
5
28
39
11
26
2
26
30
5
9
28
2
2
43
13
25
32
6
25
87
29
9
37
26
20
10
34
10
3
51
6
25
66
40
6
9
10
17
28
6
16
12
8
35
13
13
25
28
13
2
6
20
53
46
27
36
17
35
4
29
19
4
34
8
32
30
24
53
17
7
25
19
3
3
8
66
7
1
19
7
17
22
21
1
12
8
73
20
1
5
16
28
24
1
6
16
32
47
45
32
38
13
2
10
27
62
4
2
28
7
22
23
25
1
3
30
5
34
9
34
30
3
14
0
24
41
34
10
19
11
4
2
31
17
12
6
13
22
9
29
14
2
39
9
11
10
16
21
23
70
27
15
22
10
11
11
34
39
16
2
20
21
34
15
14
9
26
3
2
38
3
36
1
20
38
31
19
19
27
0
24
3
1
37
17
13
10
6
20
2
15
38
27
7
4
36
4
7
3
22
65
9
40
9
9
14
17
8
44
7
28
17
4
22
1
31
7
9
0
34
51
31
5
7
13
22
3
39
14
5
25
4
47
22
10
35
39
23
34
0
15
1
2
32
3
35
3
2
10
39
35
1
21
18
0
19
7
46
43
3
33
29
41
30
23
3
8
19
11
5
14
28
11
4
17
27
25
3
4
13
9
15
16
17
5
9
64
7
29
1
9
14
12
33
27
22
15
1
7
7
17
32
11
39
4
19
1
28
6
10
13
33
5
9
14
8
21
29
31
8
10
5
16
9
17
5
47
15
7
45
14
22
3
18
6
2
18
34
13
10
30
7
11
25
5
34
10
5
38
6
37
3
7
11
5
28
16
8
15
1
13
4
22
2
3
2
4
42
22
16
2
39
2
22
11
9
4
26
17
20
26
0
26
33
4
10
28
10
4
11
12
17
22
14
18
22
10
23
6
6
31
14
20
19
6
24
12
10
22
13
2
22
30
12
31
8
8
7
16
4
29
30
17
14
2
23
31
9
13
10
1
2
4
6
21
19
16
1
27
2
19
6
26
13
25
15
5
46
22
3
9
15
8
16
16
9
16
22
4
19
17
4
17
15
6
15
14
35
15
13
3
3
5
26
19
9
4
16
3
30
14
22
10
12
21
11
11
14
9
15
5
0
3
13
10
8
4
5
14
16
10
13
4
19
28
34
20
0
7
5
13
1
3
16
6
4
0
17
25
6
19
12
25
3
3
20
8
21
11
23
10
1
13
4
10
3
1
16
10
14
32
10
4
6
7
5
28
11
4
27
9
15
9
11
1
16
6
1
1
1
6
8
4
17
19
3
3
3
7
12
2
6
5
4
28
5
13
4
5
6
4
4
2
4
6
5
1
1
10
7
4
2
11
3
19
6
5
9
7
7
8
4
7
17
3
1
12
8
8
15
6
11
0
8
11
11
2
2
1
10
10
12
11
2
2
12
7
0
7
6
4
3
1
1
4
4
19
7
1
3
1
14
2
2
1
2
10
6
4
7
1
2
4
5
10
1
10
5
2
9
6
0
0
4
1
8
8
2
4
2
1
1
4
8
1
6
2
2
2
2
4
1
2
4
2
2
1
1
1
0
1
1
