21
2
1
32
29
43
19
4
2
73
76
55
39
19
47
3
48
39
16
12
9
1
6
15
14
8
0
58
22
31
60
60
41
9
14
1
42
44
33
6
6
16
21
34
17
1
7
32
30
34
15
1
15
49
41
36
15
15
37
90
24
61
12
24
25
49
9
26
25
39
0
17
46
24
22
1
53
5
9
1
66
2
26
23
29
14
60
5
25
21
8
49
34
30
47
55
8
27
32
3
41
38
26
12
27
2
53
3
77
42
5
22
15
60
52
71
3
6
40
1
1
17
6
6
1
9
16
6
13
7
37
17
1
12
17
41
19
30
30
23
13
41
33
91
0
44
65
15
32
27
24
8
18
46
6
33
44
32
1
71
8
6
45
9
13
38
18
17
5
28
14
10
35
12
3
49
26
13
18
47
11
34
25
60
2
13
21
5
31
1
28
4
20
29
59
8
17
6
51
11
34
47
2
25
1
30
38
7
67
27
17
9
3
33
23
31
11
73
16
21
11
1
38
74
34
42
26
40
24
4
29
37
24
0
62
39
34
14
32
22
32
4
12
22
68
63
13
48
25
14
18
21
19
2
38
10
13
24
8
31
39
22
50
34
51
18
85
29
17
9
28
30
15
11
6
9
13
34
53
55
7
28
33
47
21
13
62
13
16
25
4
2
30
40
2
7
45
29
22
48
70
25
11
21
6
23
59
14
7
30
51
38
11
17
5
48
34
40
36
20
23
20
10
20
14
24
32
41
19
61
26
5
7
42
32
46
32
76
13
14
22
5
18
27
0
10
9
33
24
39
36
6
24
26
20
28
39
7
13
7
9
41
22
43
57
16
32
61
46
5
5
14
23
2
45
22
2
35
5
6
76
21
40
16
59
12
1
5
29
0
24
63
28
16
13
46
40
17
36
62
34
8
18
1
4
9
5
3
15
20
9
20
2
8
36
6
12
14
6
4
12
46
4
36
32
44
13
60
34
2
18
32
5
15
10
22
4
28
8
4
2
1
29
1
14
1
13
31
4
56
16
22
41
27
6
2
45
17
18
10
39
9
37
46
27
20
19
20
4
18
2
31
3
22
29
13
38
22
44
29
21
45
21
15
27
15
9
22
3
7
33
15
23
25
3
5
36
3
22
37
29
19
5
5
20
16
10
50
2
31
43
15
25
32
2
35
3
2
16
14
37
19
21
31
1
40
19
19
11
35
44
31
53
14
25
7
16
33
3
4
11
43
6
1
5
40
43
11
10
28
8
9
14
16
24
0
21
18
27
8
31
21
10
0
39
4
39
21
28
38
32
46
8
49
18
15
20
24
24
29
7
24
11
12
57
2
9
3
34
40
14
21
13
5
6
12
31
28
8
23
3
15
34
22
30
50
15
12
30
23
18
1
13
21
31
32
10
39
9
20
31
2
8
10
0
22
0
2
55
30
36
16
22
15
23
1
15
42
7
2
50
3
12
9
12
39
6
25
5
0
29
16
6
11
8
14
33
4
18
2
6
34
42
15
14
5
0
10
16
9
27
1
14
10
28
2
20
6
58
29
5
16
40
28
10
34
14
40
7
9
15
12
4
28
3
3
2
0
65
40
65
14
34
28
11
3
18
31
20
10
30
42
13
3
35
17
2
11
5
1
14
20
35
8
35
8
13
24
27
0
15
47
50
7
24
8
22
20
2
17
13
34
6
12
35
33
2
29
18
12
30
11
51
16
7
3
21
10
26
29
13
5
23
0
11
19
21
25
27
9
27
15
1
20
3
8
14
49
34
7
12
6
19
17
27
29
5
33
10
19
23
1
28
4
0
12
13
11
48
25
20
36
25
26
20
29
26
33
29
28
22
22
17
19
9
33
6
13
22
9
10
29
23
6
18
9
1
17
10
2
13
5
13
31
2
36
11
14
17
7
26
20
19
8
5
30
24
8
7
8
10
12
46
15
15
6
3
20
4
28
26
30
12
15
11
25
4
18
15
11
6
6
0
16
22
3
5
5
11
23
1
19
2
33
7
26
16
9
13
17
5
24
19
5
16
2
37
16
5
23
22
18
7
11
16
6
12
5
4
2
19
21
19
8
1
31
11
5
4
13
3
3
1
3
4
17
58
22
11
7
27
11
20
8
8
12
1
23
5
6
15
2
40
5
7
5
3
17
10
8
20
16
28
7
23
7
0
13
10
8
40
31
28
42
10
2
3
1
14
9
6
21
18
18
32
0
28
2
23
14
27
3
11
22
4
13
6
23
1
20
17
24
6
34
9
24
28
0
15
10
1
27
4
14
6
24
17
8
0
14
3
18
19
10
4
3
9
20
6
6
14
1
11
12
10
3
24
31
4
4
4
7
8
39
4
9
6
16
11
2
26
12
6
18
28
6
3
0
2
13
7
5
3
8
6
9
6
6
7
8
3
3
3
7
4
6
11
7
16
3
8
13
19
19
5
12
5
2
2
5
19
5
1
7
8
11
11
7
20
8
5
3
9
8
9
13
23
5
19
12
11
10
5
10
0
19
4
16
4
1
12
2
7
13
1
0
10
19
9
11
9
7
4
3
8
14
5
13
8
8
4
4
6
14
9
13
22
6
0
6
11
16
2
0
1
3
2
1
5
2
1
3
13
12
22
8
10
7
2
0
5
6
8
11
0
9
5
2
1
7
2
4
10
0
8
4
5
3
2
1
8
6
1
2
7
1
2
2
2
7
2
2
3
2
8
4
3
7
1
5
1
1
14
5
4
0
0
4
1
4
3
0
0
3
0
3
0
2
1
0
