31
31
18
8
5
5
17
1
25
6
39
24
47
9
1
55
15
12
1
15
38
19
19
52
18
13
10
63
34
4
14
13
4
5
5
14
55
11
30
17
29
34
23
19
3
35
7
29
7
12
49
0
51
10
67
13
1
8
24
5
12
13
35
17
63
67
37
3
12
10
40
31
9
4
60
29
31
7
12
29
35
20
4
23
23
12
72
14
5
1
8
15
14
26
60
10
0
23
38
16
29
19
50
8
14
55
4
67
13
54
60
3
52
32
2
40
16
21
38
2
6
45
30
8
11
33
7
12
6
21
0
12
16
23
12
41
27
52
21
52
51
10
2
65
9
35
64
14
25
8
26
32
24
9
13
23
51
31
1
17
40
47
39
16
38
6
29
42
33
16
23
19
43
31
12
21
36
63
54
24
14
38
46
16
14
36
11
43
57
77
1
4
27
47
1
32
19
46
26
15
108
20
37
57
42
60
24
43
5
53
35
66
28
45
9
28
18
40
41
13
37
2
48
6
4
7
30
64
37
28
21
32
6
64
1
2
37
12
16
28
34
5
30
59
41
16
8
11
25
24
3
22
24
22
50
11
41
9
11
67
9
22
46
5
34
11
14
9
4
23
25
4
30
49
38
20
76
12
52
2
47
10
17
2
63
42
45
44
4
56
50
32
14
33
16
27
36
50
11
45
14
0
58
13
37
0
46
3
28
16
17
13
9
4
26
44
22
3
11
48
7
15
21
37
6
21
5
12
9
39
19
6
50
13
55
45
11
99
43
39
25
45
7
43
32
5
16
18
22
27
38
36
18
62
7
22
59
19
29
8
0
33
14
0
15
12
17
22
51
36
44
29
61
4
20
10
35
57
43
10
24
9
4
29
18
20
28
31
19
18
17
19
7
7
30
15
5
38
3
7
2
11
36
10
19
14
32
12
75
2
35
37
14
4
31
44
18
35
21
72
26
25
38
32
3
1
69
10
43
18
17
76
3
16
4
7
30
38
5
12
15
33
38
51
22
13
7
27
17
30
9
10
36
16
2
9
53
17
2
1
41
61
18
1
31
11
38
14
5
6
12
18
28
37
13
22
26
20
2
18
40
19
52
34
34
17
4
3
0
3
81
16
16
10
16
4
19
7
30
12
8
15
22
36
10
33
24
55
30
5
16
29
19
0
8
0
31
19
53
42
39
26
36
14
20
2
17
79
4
13
5
4
13
62
15
30
9
42
16
27
29
11
37
23
26
75
22
37
15
14
54
14
24
32
1
19
15
30
13
32
29
1
9
59
9
17
12
28
12
18
45
10
28
25
28
8
0
61
15
12
6
60
3
34
5
24
2
7
24
9
37
62
7
31
28
7
24
12
12
2
21
51
5
10
10
2
20
25
28
52
9
5
4
35
39
21
10
25
15
7
43
19
48
33
19
13
41
24
17
13
34
19
7
47
29
32
64
17
22
4
14
14
10
20
31
11
15
20
11
36
46
11
7
11
17
1
59
29
0
75
11
2
37
44
35
75
51
52
15
12
33
54
9
29
4
27
16
47
48
55
6
25
8
17
23
9
4
69
24
5
22
10
18
46
4
49
9
32
4
14
23
8
3
6
29
13
21
24
4
1
21
39
21
8
25
22
20
33
10
62
25
1
2
15
13
11
47
25
59
14
57
15
22
3
53
20
13
2
10
30
31
42
10
5
15
0
58
12
31
53
6
25
30
7
40
13
9
26
31
1
11
25
9
12
27
33
22
5
7
25
12
30
9
15
17
20
33
9
14
6
8
27
20
2
16
15
8
20
4
42
1
19
27
21
21
18
16
31
6
24
37
27
5
10
15
22
16
15
11
8
33
27
27
10
13
22
5
28
17
13
24
27
30
5
3
13
3
22
1
13
2
10
33
9
38
5
10
5
13
11
6
5
9
9
7
12
15
2
1
23
30
10
12
1
15
13
17
13
1
26
27
7
16
8
8
16
2
33
12
5
12
16
33
6
19
28
18
17
18
5
9
29
29
8
22
12
6
2
3
23
27
8
6
15
18
16
11
32
21
0
12
0
35
22
25
11
32
2
5
7
34
6
4
51
19
20
12
10
34
31
2
31
20
7
3
2
13
13
24
14
11
5
22
19
0
11
14
17
23
3
42
11
5
12
4
23
14
32
7
22
12
2
5
16
19
2
1
17
12
13
15
17
21
12
8
5
2
18
0
3
2
19
14
2
2
12
1
18
11
9
0
2
17
16
11
27
18
2
3
29
4
18
10
21
13
14
12
9
6
2
13
2
20
7
18
2
13
9
20
12
10
13
1
17
3
0
7
21
9
0
6
1
17
36
16
0
2
6
26
20
8
9
3
13
3
12
9
2
4
16
1
8
6
17
6
11
10
16
10
20
14
8
5
21
11
12
10
5
4
15
4
10
8
10
2
9
14
6
3
6
27
22
31
10
17
7
1
4
6
2
16
6
11
15
6
7
2
12
9
3
4
15
6
8
8
8
12
13
20
26
5
7
18
3
0
2
6
14
2
8
5
22
3
0
3
9
12
2
3
20
2
2
5
9
8
11
9
12
6
4
4
6
2
5
0
2
7
12
7
1
1
5
7
8
2
13
17
8
12
2
3
6
0
9
9
9
8
7
2
3
6
1
3
2
10
11
6
4
2
2
0
4
4
6
9
8
7
1
8
1
12
8
0
5
7
2
5
2
3
1
6
4
3
16
4
2
0
3
8
0
7
3
2
1
1
4
1
1
2
6
6
1
1
0
5
4
1
3
2
2
2
0
4
1
1
1
1
0
0
0
