10
16
0
20
4
37
6
1
4
3
3
2
1
16
11
1
11
47
2
4
8
47
4
34
21
24
43
22
31
7
35
43
18
7
13
10
8
24
33
8
20
15
1
13
22
1
12
4
33
34
65
27
33
74
22
16
19
24
51
5
15
1
21
32
22
11
38
78
22
87
35
19
1
3
36
47
79
17
39
31
7
4
32
5
9
5
9
3
30
1
50
6
13
4
2
14
2
37
43
34
19
10
56
4
12
52
43
42
3
27
34
39
54
23
66
11
45
61
46
6
20
9
55
87
16
18
9
19
32
5
24
18
83
38
33
17
5
5
47
2
17
25
24
14
7
55
21
0
13
55
8
3
26
32
23
27
54
2
35
16
22
11
59
43
29
17
54
7
44
7
11
39
29
9
62
12
16
4
19
9
12
2
6
13
44
31
19
68
38
1
12
38
33
45
70
24
9
20
22
15
7
11
3
20
15
3
3
17
62
50
19
37
11
44
1
4
36
23
3
12
24
56
4
16
38
44
21
5
7
29
7
48
47
94
15
71
52
1
6
44
7
1
15
40
9
23
5
20
42
33
27
23
9
48
26
18
6
3
34
13
4
2
19
3
35
67
38
15
34
39
21
17
55
32
47
12
10
36
13
10
13
5
32
36
48
17
11
45
7
35
7
7
8
23
14
4
0
18
36
14
62
7
12
8
1
39
28
86
12
9
39
24
26
58
23
8
4
72
21
6
3
49
26
80
6
3
35
16
21
1
40
43
7
57
44
25
18
12
2
30
9
9
23
10
41
5
10
14
11
20
3
1
12
2
13
37
28
16
22
9
29
46
20
18
40
2
19
9
39
37
27
20
5
22
48
20
14
11
18
6
56
13
1
13
30
39
5
17
15
68
18
22
6
9
34
45
38
3
41
72
21
41
29
14
25
17
26
1
9
46
54
10
53
9
13
33
4
35
4
10
18
46
15
22
35
15
40
16
15
10
4
26
1
18
11
4
18
53
33
18
36
11
8
23
1
26
21
32
10
62
15
9
22
15
34
29
10
16
11
35
3
31
46
14
22
4
22
14
26
1
48
33
10
23
23
23
15
16
5
1
65
2
18
76
39
1
9
5
5
14
4
29
1
8
56
23
14
20
30
9
34
47
1
11
37
24
0
51
3
29
12
4
9
14
27
2
5
37
3
7
24
2
30
20
35
15
2
25
15
37
18
15
44
6
79
16
13
10
9
7
36
33
1
9
4
12
3
22
15
19
41
42
4
12
36
19
24
4
25
40
7
44
16
25
33
30
30
19
26
0
28
16
35
16
7
22
42
15
23
52
35
8
22
13
12
7
56
8
40
14
27
7
15
25
36
14
16
33
3
1
29
17
14
33
26
23
4
1
2
15
1
5
22
30
13
6
43
39
51
6
4
14
30
3
39
11
31
12
1
12
3
11
43
19
21
31
45
14
19
22
6
7
5
7
17
10
43
16
26
11
22
49
3
1
28
23
16
24
9
50
15
1
31
0
6
15
57
35
7
18
26
13
15
6
9
22
14
11
31
12
15
10
6
6
10
9
22
30
25
3
17
38
16
16
22
18
8
36
41
2
8
23
1
0
19
7
7
13
2
19
14
35
2
2
8
16
43
5
34
8
5
26
3
21
18
12
28
7
23
1
62
18
36
12
2
3
7
13
8
26
40
16
37
13
9
0
25
13
10
9
32
2
0
62
7
2
64
7
16
24
10
28
29
10
6
17
8
26
13
0
2
8
4
12
4
49
16
5
1
21
17
0
11
16
18
1
19
51
26
14
4
3
26
15
0
0
6
19
19
10
5
28
43
5
0
26
4
20
16
14
9
34
1
1
11
9
16
32
39
3
5
28
32
16
28
8
6
0
3
8
3
1
26
20
15
23
32
14
3
3
27
1
3
15
26
2
4
3
11
3
2
25
4
19
15
15
33
19
17
18
26
2
7
16
23
9
20
14
5
26
29
11
7
5
3
1
8
8
15
15
28
7
9
11
28
22
16
34
26
23
10
17
10
32
1
29
14
20
5
0
20
18
1
26
6
22
14
16
22
13
5
21
6
12
18
21
2
15
2
22
2
12
19
2
13
25
17
15
24
3
5
18
17
5
25
13
21
4
10
24
8
30
11
3
11
16
10
2
14
0
23
23
8
1
1
15
5
7
4
26
7
2
3
6
11
13
6
9
29
11
6
12
1
3
27
5
20
4
0
14
1
6
22
1
2
17
12
13
0
2
24
8
9
22
2
18
9
5
19
9
26
11
19
6
15
2
28
3
16
6
13
25
26
19
19
1
8
2
3
13
2
8
13
10
2
2
25
0
9
25
19
10
11
5
14
5
6
12
18
7
9
25
31
7
2
1
0
7
15
4
11
10
16
5
22
3
23
5
6
23
12
4
7
16
14
8
1
1
13
9
25
3
20
10
4
22
11
11
19
1
9
1
3
7
3
11
11
16
1
5
4
2
0
11
16
9
19
2
3
16
0
8
1
5
1
3
15
4
10
18
2
18
2
0
1
3
10
5
10
2
4
4
10
3
13
18
9
7
12
5
11
12
12
4
1
2
0
14
7
12
5
3
10
5
14
3
1
8
7
14
0
10
4
4
3
9
14
1
3
0
18
5
3
10
9
10
11
7
4
0
16
9
9
1
7
1
4
6
4
7
2
9
12
4
11
0
2
4
6
2
6
23
5
3
2
6
8
4
1
6
6
1
5
0
3
3
6
2
10
10
0
0
5
1
8
2
8
1
1
3
5
1
3
1
2
4
3
1
5
6
0
2
5
2
0
3
0
2
1
1
