15
7
22
1
13
17
43
7
10
10
2
17
67
27
21
11
9
28
87
38
3
22
40
2
13
16
38
6
31
8
26
25
67
53
21
9
9
65
33
7
26
30
26
14
30
44
16
37
6
7
11
16
17
24
24
3
4
47
24
28
72
5
28
62
23
21
30
57
48
31
20
25
25
70
26
23
14
44
23
26
28
16
13
23
16
48
57
39
64
3
19
15
12
8
2
23
40
92
10
36
16
31
51
20
17
8
22
23
72
16
8
37
38
10
7
40
31
36
19
22
9
30
49
1
88
18
13
12
11
2
11
7
41
72
29
12
35
52
62
35
40
33
30
49
44
8
47
1
14
29
6
3
27
4
6
32
7
37
44
2
20
17
52
49
22
124
55
40
32
58
39
7
13
39
34
40
16
2
5
47
4
13
27
16
11
9
17
18
67
44
24
27
11
20
35
25
14
1
7
40
6
15
29
28
9
74
8
1
16
40
50
30
55
47
37
24
58
2
21
78
38
9
57
1
34
14
30
16
0
30
16
4
27
4
62
27
9
1
37
19
0
24
56
28
20
2
4
43
40
14
46
22
9
19
13
65
9
50
11
26
6
5
37
31
74
33
43
34
17
47
69
1
36
25
26
31
59
40
10
29
7
54
32
42
1
6
52
1
9
40
33
31
21
13
11
7
25
31
5
4
17
48
6
18
52
32
2
30
19
14
2
1
6
29
6
32
24
41
18
38
46
30
69
45
48
26
14
21
18
20
4
20
8
30
16
8
5
8
56
0
35
5
51
16
30
54
6
10
2
31
33
36
58
34
1
11
23
14
35
10
2
35
17
4
0
39
12
10
33
23
6
11
42
29
10
6
36
7
46
23
15
57
9
5
19
24
44
21
63
3
65
41
6
8
2
5
21
7
25
5
58
70
34
48
46
0
48
4
36
31
19
24
15
24
21
16
30
14
6
17
6
6
15
35
42
8
1
14
28
13
8
34
12
15
28
24
15
21
36
14
3
18
33
23
20
4
10
26
39
4
2
45
8
14
20
8
16
4
5
64
11
18
10
20
36
38
25
39
49
20
23
57
18
42
20
29
68
1
6
7
50
44
15
41
36
15
6
25
10
10
32
6
10
16
19
27
49
40
27
17
3
21
33
22
9
29
2
0
17
9
2
48
37
69
29
10
22
17
10
51
12
75
5
35
5
4
16
10
36
7
47
22
18
23
3
0
3
20
14
9
21
20
31
17
29
18
35
46
19
29
60
11
28
2
12
9
40
7
11
46
26
2
78
20
24
6
2
23
17
4
48
16
39
1
48
18
12
5
6
20
58
12
29
18
8
44
14
38
45
10
16
21
36
28
56
39
42
9
10
5
19
5
26
28
7
6
8
8
8
14
50
22
35
10
12
29
1
22
12
8
23
7
24
65
13
22
19
17
1
26
6
9
47
39
8
16
16
37
3
26
19
50
11
1
3
40
53
34
21
40
11
21
28
25
22
2
31
35
0
14
7
15
8
7
2
0
3
46
7
57
21
13
24
24
43
8
26
49
8
11
2
29
31
17
16
39
22
11
0
6
3
19
19
36
24
24
12
44
29
18
54
34
5
11
5
40
12
17
24
16
24
38
10
6
9
26
37
23
38
8
4
18
31
46
9
25
36
13
16
23
58
20
51
13
9
24
35
18
5
5
4
17
0
4
4
49
1
26
44
11
17
23
47
8
22
20
19
7
12
22
30
9
5
32
15
5
6
19
5
11
37
32
4
10
17
10
8
10
28
10
14
7
3
15
6
14
14
9
33
11
19
1
23
36
25
30
3
3
13
22
10
10
12
25
48
8
2
1
8
39
15
6
0
20
24
0
11
32
20
37
0
5
13
0
3
26
25
25
7
16
28
5
8
11
8
10
1
2
7
7
8
2
18
32
9
29
10
16
17
9
42
33
5
48
24
12
11
5
18
7
21
9
8
8
5
31
17
20
7
19
23
9
19
1
52
45
3
28
47
11
9
34
18
8
8
8
11
46
15
10
12
9
7
9
6
3
10
28
3
20
34
6
6
13
6
1
16
36
9
1
4
18
5
25
5
2
7
15
6
2
10
6
7
24
0
18
41
16
34
17
4
9
12
2
6
7
3
15
20
2
2
16
14
7
3
32
3
1
27
10
19
12
16
8
4
4
52
5
13
15
5
8
17
3
10
23
10
7
12
6
17
2
36
5
48
21
3
12
14
10
10
9
18
22
14
2
40
2
28
8
12
6
4
29
8
23
6
4
10
8
13
3
6
18
5
21
15
4
26
10
0
16
17
7
11
9
24
15
5
20
8
7
29
29
10
8
33
24
33
23
33
4
1
11
19
26
20
0
2
1
1
5
12
0
14
0
2
13
7
3
17
13
25
13
5
7
25
4
16
10
3
13
21
2
4
3
16
4
21
16
19
1
1
3
5
21
24
3
8
1
8
11
5
8
9
3
8
1
25
15
11
12
10
39
3
0
15
2
7
15
2
8
6
2
15
1
16
13
15
12
2
1
25
10
1
3
1
16
8
9
10
5
13
14
0
11
17
20
6
18
10
0
9
1
19
6
9
2
13
18
15
9
3
5
2
9
12
6
4
12
1
1
4
10
7
15
6
3
9
0
2
3
15
2
4
14
20
11
2
7
3
1
3
12
4
11
8
15
7
3
0
0
4
0
0
6
5
12
14
1
3
17
2
4
3
5
3
3
2
4
7
10
3
0
4
1
8
10
7
2
3
3
0
3
4
6
10
2
11
1
3
2
13
1
6
9
0
3
4
11
6
6
1
4
13
4
9
9
1
2
3
1
4
1
1
2
2
2
2
1
