34
0
48
9
2
43
15
38
8
2
39
11
16
47
12
11
58
16
18
1
11
19
34
4
59
38
23
32
1
5
7
2
17
26
24
19
28
12
0
25
51
30
29
22
7
25
4
16
31
8
45
47
73
14
26
38
40
37
4
41
23
29
37
49
18
10
14
23
10
26
43
35
14
20
47
45
1
24
6
25
11
62
47
50
37
10
40
46
21
39
1
13
5
17
33
3
41
14
1
14
27
33
44
20
36
17
45
1
16
63
15
9
46
59
9
3
14
53
28
43
19
17
41
54
17
22
26
43
21
44
53
24
16
3
15
71
83
15
7
15
17
15
43
43
2
11
31
19
23
1
12
24
22
21
71
9
9
10
5
36
12
33
33
41
14
46
31
3
7
55
44
29
11
19
65
9
10
32
35
12
1
21
8
21
17
3
47
18
8
20
73
32
29
17
36
27
3
8
54
23
45
5
16
26
42
17
10
0
15
50
13
24
0
45
33
14
26
43
17
11
8
6
10
41
51
46
52
4
2
23
9
2
12
31
7
13
54
0
28
30
10
38
50
8
17
11
61
9
4
18
15
34
35
1
15
6
33
17
13
35
4
12
13
13
29
20
5
10
13
43
64
29
42
1
76
6
33
1
8
22
8
55
2
0
16
7
24
8
3
24
4
55
29
11
13
23
33
23
5
6
15
49
4
13
61
9
37
54
11
5
16
33
18
11
44
5
17
18
29
21
74
13
9
9
17
14
54
3
30
4
2
14
59
15
7
28
30
57
8
60
3
25
24
21
33
9
6
32
12
39
34
4
29
11
5
1
21
2
24
14
5
0
40
35
3
12
9
11
13
2
15
9
43
23
73
7
57
33
48
29
23
50
37
50
31
15
42
2
4
2
14
65
8
7
1
5
58
14
51
7
16
0
1
14
5
10
19
17
5
3
25
14
40
8
37
17
2
43
7
50
57
32
37
7
18
13
1
18
30
25
29
17
10
8
11
6
1
1
87
5
36
35
18
4
18
5
4
18
13
30
23
49
45
35
39
15
1
0
7
36
10
46
23
42
36
4
23
32
32
5
15
4
16
53
29
9
2
31
11
7
9
10
54
3
27
60
0
22
8
44
28
1
31
22
16
0
2
43
30
12
56
38
4
26
11
21
11
13
22
3
58
30
33
40
13
65
3
15
9
6
1
17
17
15
68
28
64
63
71
13
13
49
47
39
50
11
14
16
1
23
57
24
10
19
15
26
32
3
18
9
23
3
18
28
13
9
12
6
66
24
11
7
1
32
9
27
22
5
16
23
42
7
3
3
8
23
16
25
17
7
33
23
14
8
26
48
22
24
3
16
1
5
26
16
5
25
13
28
59
8
26
25
19
32
21
22
24
38
5
16
54
12
25
18
19
23
19
38
14
18
63
3
16
42
8
22
59
24
8
29
32
36
10
33
5
13
3
9
12
32
14
23
4
26
29
31
43
36
46
55
13
1
11
32
5
6
6
45
15
15
20
9
43
25
9
4
49
28
22
47
22
7
3
22
8
5
23
7
3
3
21
9
48
39
13
32
1
24
3
21
34
14
6
14
22
13
36
37
30
33
4
12
8
28
2
12
11
7
57
6
32
10
0
5
18
9
41
37
4
33
36
11
17
3
2
4
17
28
9
18
5
1
18
22
28
16
0
24
28
2
17
32
2
44
29
29
7
40
16
3
8
10
0
15
19
2
13
11
2
39
17
6
18
8
15
17
13
40
29
12
10
4
27
7
26
5
24
58
33
7
25
7
24
37
42
31
18
27
12
56
19
28
14
20
10
1
37
2
5
37
13
1
6
17
3
2
32
26
4
26
21
37
27
3
7
2
8
25
3
48
12
4
14
4
13
5
19
29
0
5
22
40
42
11
34
12
6
19
9
18
4
23
1
16
6
22
26
5
32
18
11
24
26
21
0
15
29
6
6
22
22
4
15
3
11
8
11
14
7
23
21
31
7
2
10
32
13
0
33
10
23
15
4
25
3
21
11
21
2
10
7
1
25
2
6
33
0
27
0
10
14
4
14
1
28
5
9
12
6
0
6
16
6
13
11
26
17
17
33
21
13
27
2
2
7
20
14
26
5
7
17
26
7
30
41
10
36
5
15
12
11
4
12
9
10
21
18
3
10
4
15
8
7
22
16
23
8
22
2
14
24
15
6
16
3
5
8
37
13
9
7
8
19
8
4
6
4
20
16
30
19
12
27
0
30
35
8
2
24
9
1
24
21
7
6
5
20
27
16
9
36
17
10
16
1
3
11
8
10
13
3
9
0
12
27
12
10
2
21
4
10
26
8
20
2
6
13
6
3
8
42
14
12
22
6
3
14
42
6
1
11
7
26
8
11
7
19
6
11
14
2
16
10
27
0
6
11
1
12
17
12
4
2
7
5
8
7
21
2
11
9
10
26
9
3
14
15
6
0
7
12
8
5
14
0
10
18
5
0
15
14
11
2
1
5
2
12
2
2
14
16
8
25
2
3
9
4
19
1
3
14
19
6
1
8
12
3
11
19
6
3
8
16
9
21
6
10
16
21
9
9
3
8
0
10
4
13
2
22
1
13
11
1
4
2
22
31
14
5
5
6
8
13
9
1
7
12
22
19
13
8
3
7
13
0
8
0
5
5
18
4
4
3
3
4
3
5
5
5
6
11
6
5
12
12
5
8
5
2
9
5
3
3
4
5
13
5
6
5
12
16
6
4
4
4
3
2
17
5
14
5
4
2
4
5
5
4
6
4
7
4
3
16
4
3
3
4
13
3
3
3
6
3
0
1
1
1
5
2
0
0
5
4
0
3
3
1
3
2
4
1
3
0
0
3
3
1
1
1
0
