10
3
25
19
3
5
1
6
36
74
21
2
17
7
0
27
49
58
16
17
15
25
20
3
16
47
11
59
36
5
24
12
19
28
9
31
20
19
89
16
5
40
3
32
32
24
28
44
10
19
18
8
24
28
30
18
21
17
20
3
8
24
29
0
23
13
22
23
27
34
51
11
19
29
35
4
56
51
30
27
13
26
19
16
11
8
66
32
19
18
16
13
43
49
54
24
20
44
7
37
43
10
52
3
24
88
16
81
56
5
0
13
32
66
11
7
25
7
51
3
38
17
32
10
7
4
32
7
13
8
17
19
18
3
0
22
56
48
68
8
40
46
45
50
37
28
36
4
58
59
58
36
29
35
14
28
1
11
11
52
66
10
6
0
5
27
17
7
61
16
5
56
37
11
1
53
31
17
33
17
4
15
2
8
58
46
1
11
92
52
23
29
5
32
17
27
3
15
28
17
21
12
2
42
2
47
28
48
13
5
17
98
23
27
34
43
14
33
23
29
18
52
48
52
43
16
12
22
11
51
17
41
31
58
19
25
0
34
6
26
54
36
5
40
11
14
38
29
47
34
7
7
60
36
35
10
14
33
4
27
59
10
26
0
41
19
47
18
2
12
5
31
32
24
4
14
12
23
29
59
31
20
23
15
34
2
24
31
36
41
10
69
4
10
35
71
15
11
15
34
26
23
23
38
8
2
14
15
56
10
41
30
24
41
13
53
26
1
17
4
16
45
30
3
64
21
28
34
46
36
1
25
28
25
6
14
21
15
62
4
6
10
49
2
26
12
33
7
32
4
17
8
19
16
19
23
31
37
37
24
43
24
10
1
16
3
7
53
36
19
7
54
16
48
21
36
29
47
58
21
20
12
6
14
5
10
21
1
7
15
8
24
28
19
43
3
5
33
54
34
23
5
31
19
31
60
5
10
22
25
55
50
34
0
5
8
10
61
19
21
32
10
16
1
21
20
12
3
20
11
20
44
3
24
28
7
18
21
9
61
19
8
52
30
0
13
21
24
9
54
34
15
16
16
47
17
28
24
50
14
68
44
75
23
8
48
15
12
26
38
31
18
45
18
48
6
23
7
2
36
17
40
32
10
12
6
22
10
7
12
88
35
16
3
10
10
14
10
25
12
40
3
14
31
19
28
9
13
1
37
17
40
28
15
18
17
32
25
12
36
6
22
27
2
7
6
9
25
19
29
36
74
42
9
10
46
16
5
28
20
26
22
12
69
44
5
18
11
5
6
13
63
23
45
16
10
55
10
12
34
26
49
20
2
25
59
31
12
4
15
26
36
12
10
14
39
20
2
16
47
62
10
60
56
6
28
45
26
14
21
13
34
18
12
18
35
33
16
29
28
27
21
35
10
12
18
45
1
15
29
15
10
50
13
38
26
18
33
34
1
35
43
16
2
22
3
27
27
1
12
15
12
16
37
1
32
23
3
4
30
8
8
53
4
26
14
31
1
31
16
46
1
23
18
18
29
30
6
8
9
22
1
18
6
33
23
8
7
15
18
10
29
74
16
35
32
9
21
17
10
31
9
18
28
56
21
12
6
16
4
17
15
7
28
19
10
22
34
10
13
1
23
12
22
10
2
61
4
32
19
18
16
16
13
3
7
3
1
19
17
24
67
23
18
1
24
10
16
75
41
16
30
25
36
13
5
15
8
27
19
16
31
31
52
6
32
12
6
21
26
14
36
4
18
14
8
59
2
39
42
19
10
9
31
14
2
33
29
2
10
14
32
8
15
2
7
22
25
25
7
29
31
8
12
7
4
27
21
46
17
5
6
2
26
22
4
11
35
15
40
6
20
25
7
44
1
22
11
10
9
23
31
5
1
21
17
5
3
4
37
7
3
18
31
19
3
1
10
35
27
29
2
6
12
11
19
28
10
5
2
9
7
19
10
14
9
9
9
6
5
1
20
13
1
20
22
38
36
28
16
14
27
4
10
6
3
6
6
8
11
2
14
1
19
7
53
13
10
18
35
2
31
22
15
0
10
16
13
9
7
11
24
12
23
4
26
7
4
13
13
8
13
9
26
13
9
28
24
27
37
13
8
3
9
25
5
22
8
14
33
20
14
31
18
0
30
5
14
15
9
17
13
2
0
9
9
25
13
3
19
14
35
5
44
4
4
4
8
10
22
7
14
15
1
6
9
15
4
10
28
9
1
10
4
13
30
4
31
2
8
17
26
4
2
39
11
15
3
4
11
2
2
9
10
2
29
13
2
4
1
27
5
9
23
16
1
4
16
0
10
3
2
17
6
1
5
36
13
29
19
6
22
2
5
7
38
5
28
1
17
14
9
22
0
13
0
4
6
6
4
15
29
5
9
20
13
22
6
20
1
18
45
16
14
24
10
5
2
13
6
12
12
1
14
3
23
3
5
11
6
14
5
12
1
0
6
22
21
10
8
44
10
4
21
7
10
6
17
5
20
23
9
14
17
27
6
6
12
9
0
8
11
8
4
8
15
24
4
21
12
0
14
11
34
22
2
23
3
2
8
2
15
7
18
5
10
2
1
1
11
11
2
5
6
0
25
5
5
7
30
0
6
12
0
17
8
16
3
7
2
0
5
16
15
15
31
7
15
1
3
4
3
11
19
3
8
14
8
2
20
4
23
18
10
9
3
5
7
1
9
6
2
5
5
1
10
13
6
8
15
6
15
8
17
13
8
5
1
18
2
3
11
5
9
12
8
2
1
7
4
2
0
11
3
5
13
3
10
1
4
2
7
1
1
1
5
10
1
15
1
7
0
1
1
12
6
6
7
9
0
2
1
7
3
12
5
2
8
1
3
3
4
1
1
9
2
10
1
3
0
0
3
5
1
1
1
2
4
0
0
3
3
1
3
1
3
2
1
1
0
