2
13
9
23
29
31
11
3
41
20
8
19
33
82
4
43
38
55
48
11
17
12
10
10
24
1
25
27
5
22
54
4
25
27
42
1
14
10
4
23
15
2
10
3
17
2
21
3
43
18
12
23
32
50
19
33
9
53
17
88
23
42
6
14
5
25
28
46
14
1
8
56
21
5
21
44
75
6
35
15
48
25
25
3
3
35
26
28
28
66
27
10
7
47
28
32
22
14
71
1
26
9
15
9
2
4
2
16
69
24
30
7
69
35
11
17
5
2
22
14
11
80
33
30
27
11
7
31
4
39
47
11
35
10
7
11
0
41
21
76
4
17
13
8
5
18
49
42
25
0
25
23
18
32
36
61
11
25
2
80
32
31
20
1
67
12
4
36
4
27
44
0
44
14
24
16
18
16
8
41
3
70
55
11
21
17
44
50
23
13
33
53
38
4
21
7
31
25
32
9
49
3
23
42
26
49
54
5
19
53
24
33
43
7
5
15
9
7
14
9
36
4
26
27
23
41
5
14
25
30
35
20
14
10
64
92
37
78
33
17
7
92
49
29
39
19
11
7
19
65
7
20
6
10
26
66
39
21
34
93
80
9
16
3
48
28
27
1
82
53
25
6
73
11
35
56
7
45
8
3
15
20
40
22
41
26
48
14
14
18
15
27
12
9
53
21
19
30
13
29
18
7
13
22
22
27
11
31
24
37
77
17
33
25
6
16
13
4
8
32
2
35
30
52
18
44
25
9
32
26
33
46
35
2
32
12
46
11
28
9
3
0
19
80
25
48
15
18
14
21
12
27
7
20
19
18
22
19
29
52
24
22
72
23
10
19
52
2
32
10
70
1
42
24
32
10
26
5
7
37
21
0
25
39
20
17
22
9
19
60
17
46
32
35
11
3
25
30
9
14
40
2
14
23
36
27
67
2
9
43
21
25
15
18
17
24
35
37
32
28
35
4
75
6
14
53
73
53
16
13
36
39
28
10
44
32
5
18
15
4
3
32
22
49
36
46
33
8
26
39
18
43
10
23
39
3
12
51
25
17
18
26
39
35
29
3
38
2
23
5
10
32
24
2
15
13
28
59
58
7
43
25
4
22
6
0
23
12
6
51
12
14
9
43
10
30
16
40
8
28
46
10
11
22
58
5
31
65
9
12
14
7
17
24
2
45
27
8
16
36
22
12
8
40
24
63
12
25
16
12
25
22
13
18
24
43
16
26
13
31
18
16
32
36
13
4
38
21
0
50
16
6
33
29
22
25
3
3
30
8
53
26
21
34
27
2
4
22
3
19
9
2
25
20
8
6
41
1
48
15
34
42
14
8
8
55
24
50
2
75
21
29
5
16
0
6
14
1
1
3
44
1
9
0
8
13
9
41
18
26
3
31
10
16
49
11
3
30
28
11
67
15
62
14
8
16
3
21
20
11
35
27
36
12
21
9
49
10
1
34
9
13
8
14
16
47
3
12
1
13
1
31
23
21
35
11
31
4
34
13
61
23
9
5
39
8
16
4
23
17
37
8
12
20
10
11
24
12
51
10
25
11
3
61
8
9
40
3
11
44
5
8
28
13
21
7
2
20
1
85
33
30
21
31
48
31
44
5
20
7
14
62
20
26
9
42
12
8
19
22
16
7
21
36
68
9
4
21
4
22
28
18
6
9
38
7
18
20
16
15
27
63
36
20
36
30
21
19
37
6
5
18
17
43
13
9
9
12
31
22
14
42
22
16
9
8
13
11
36
18
7
20
10
20
41
3
32
7
16
18
4
29
5
35
4
31
18
22
21
53
34
31
8
19
12
25
25
12
3
2
17
7
16
4
15
31
15
11
20
18
15
12
27
13
20
10
13
2
1
21
15
11
8
20
23
12
2
39
6
18
18
29
8
20
34
23
24
25
0
6
4
51
1
21
14
13
25
11
17
10
13
0
47
7
13
3
33
10
9
5
22
13
15
0
15
26
12
17
28
11
2
24
11
0
1
3
19
15
10
30
25
36
50
7
10
20
17
11
3
18
1
46
27
23
13
19
9
30
16
1
3
15
9
35
43
49
20
5
23
4
0
9
9
23
21
9
8
11
45
12
55
1
8
22
6
41
25
3
22
5
3
36
9
36
18
23
9
21
23
6
11
11
12
19
4
6
3
6
7
16
34
4
21
7
6
6
0
20
54
0
18
19
15
5
15
5
10
10
18
44
1
1
24
8
8
3
32
42
17
4
25
10
11
17
23
12
12
7
1
25
13
1
10
5
5
52
8
19
11
9
2
12
29
17
3
12
26
5
13
2
9
6
11
42
8
6
33
8
20
36
35
13
7
10
4
4
15
5
2
19
2
13
7
6
1
17
22
3
20
24
3
14
8
7
1
7
16
36
12
7
10
8
6
6
1
6
14
31
9
35
9
17
27
3
7
15
15
1
5
21
16
6
14
9
11
21
7
7
3
5
11
9
10
20
13
7
9
3
18
5
5
13
40
14
7
3
9
0
10
2
7
19
23
14
9
6
13
24
0
5
3
2
6
37
12
11
11
17
4
20
11
1
12
11
12
10
10
19
6
3
0
7
9
12
11
7
1
13
5
12
1
6
1
3
15
17
1
8
18
11
12
4
19
4
27
11
2
6
14
9
14
7
10
2
8
0
9
9
1
7
17
11
13
25
5
8
8
4
2
1
9
6
18
4
1
12
0
17
11
1
23
7
4
2
3
5
3
5
9
6
6
8
1
2
2
5
16
3
9
3
3
3
4
6
5
6
4
11
6
7
5
5
11
11
9
3
4
0
5
6
7
2
2
2
16
6
7
1
6
1
5
1
3
1
7
1
5
1
1
4
2
5
2
3
5
14
8
2
1
9
1
3
2
0
2
10
0
0
0
5
0
1
7
0
1
4
2
1
1
0
