29
40
2
5
5
28
6
10
30
6
15
35
6
41
1
2
2
16
8
40
50
37
10
16
25
18
4
5
14
24
2
7
5
22
13
64
27
3
30
28
1
27
14
55
1
36
30
45
38
22
30
66
10
5
19
65
28
62
37
29
44
29
18
10
29
30
15
19
7
5
21
52
35
13
43
21
2
8
42
60
9
2
24
18
64
15
74
9
24
83
23
19
58
42
51
37
12
12
30
17
28
66
7
53
47
82
1
55
26
7
75
16
20
12
19
6
3
34
38
11
33
8
25
8
56
14
2
23
62
7
8
17
57
32
43
20
16
11
44
63
6
19
4
27
26
45
48
21
47
18
73
25
49
0
49
31
59
1
1
22
28
38
7
12
17
13
26
30
9
51
16
34
46
2
1
1
34
8
35
16
2
20
38
34
22
21
18
45
5
4
8
7
55
70
51
28
16
10
37
31
60
22
9
33
1
64
15
50
42
10
18
5
17
30
55
27
6
12
10
5
21
5
73
36
54
43
17
31
20
44
26
32
14
28
21
15
11
0
29
26
1
39
22
8
55
39
7
7
21
76
19
33
28
20
20
8
56
19
14
7
19
16
30
72
10
7
0
7
44
29
15
52
1
52
26
24
18
1
18
53
10
10
20
7
29
12
59
2
6
6
43
18
18
5
101
33
8
22
3
6
37
26
21
48
8
2
57
1
22
3
40
15
53
26
3
24
2
5
31
34
4
14
8
8
22
8
1
35
35
21
11
13
38
13
75
52
20
5
23
1
16
0
15
55
23
15
41
25
11
31
22
7
20
1
10
3
38
34
8
12
26
21
12
43
35
49
7
68
20
0
15
11
36
27
59
24
33
26
34
12
34
10
7
2
26
7
47
11
18
6
11
18
24
0
13
9
42
13
15
22
19
2
25
15
41
40
10
13
16
19
29
12
19
11
52
26
20
6
19
7
39
31
21
5
12
39
24
3
19
17
33
13
15
2
10
30
7
12
16
3
8
1
23
22
13
13
31
39
29
5
50
40
33
58
17
30
22
2
38
15
23
12
4
27
63
7
1
14
14
50
5
45
4
44
10
19
16
2
8
10
19
9
31
15
15
1
34
21
54
25
11
29
22
38
10
34
55
16
4
21
21
8
22
27
1
1
43
19
48
34
20
4
26
12
25
12
42
36
4
65
10
9
7
36
27
30
11
1
16
14
17
23
4
58
32
43
36
49
58
6
26
11
18
46
64
20
28
1
28
26
6
16
17
4
21
9
14
25
21
66
7
38
18
9
5
2
29
19
13
31
36
37
10
4
10
13
11
20
47
38
42
2
12
51
23
12
59
26
48
41
24
21
42
42
26
41
76
22
34
14
29
1
24
15
49
19
16
44
7
16
28
13
8
38
23
7
67
32
2
45
15
19
23
2
25
33
17
2
21
1
7
16
23
15
14
15
1
33
31
3
4
31
26
26
42
20
15
6
28
15
13
8
41
21
27
2
17
26
15
16
8
8
29
14
25
8
20
20
14
3
23
20
10
17
9
41
20
74
0
23
54
7
14
25
11
51
25
0
15
19
67
28
56
27
15
11
29
2
11
28
63
20
20
19
0
6
12
10
10
6
36
20
52
28
34
14
31
17
6
7
6
6
57
36
16
18
13
6
7
22
12
43
0
41
1
30
36
18
10
33
17
1
20
33
14
16
3
36
11
2
53
12
12
2
42
21
31
73
32
21
15
7
34
8
36
34
8
45
1
19
1
3
22
45
12
35
37
11
7
9
12
25
17
19
6
25
42
31
1
12
15
30
40
12
30
13
23
2
1
22
18
17
7
10
13
7
53
45
25
16
28
4
3
19
35
12
12
3
24
39
0
5
33
38
5
11
27
10
36
24
11
29
13
2
1
3
39
17
5
1
1
30
16
15
22
28
9
26
12
35
24
48
1
36
39
32
0
7
24
4
32
9
3
15
7
1
16
53
22
22
11
27
5
3
12
10
9
8
8
24
20
2
25
14
10
4
38
12
24
50
18
12
23
13
2
13
28
18
11
15
19
1
7
13
14
17
2
33
17
3
12
21
38
4
7
12
5
22
20
33
9
13
28
35
6
1
4
14
23
29
17
25
1
6
8
12
30
14
3
14
39
20
11
33
32
19
19
19
1
3
11
38
15
8
19
2
20
13
29
6
10
13
18
14
2
11
11
2
1
10
16
12
3
3
29
21
15
5
35
11
8
25
13
12
24
13
2
6
17
15
12
12
0
8
27
12
2
4
1
25
22
11
38
9
31
5
14
19
11
20
2
5
12
18
1
4
7
16
7
6
24
3
59
30
1
12
12
10
9
25
12
20
14
3
1
8
4
23
16
7
11
11
23
9
15
2
2
5
43
12
9
6
10
17
17
16
13
29
11
19
2
2
18
12
3
39
6
18
8
19
14
36
1
18
10
19
3
7
5
13
3
13
6
26
11
29
4
6
10
15
6
14
11
5
2
4
7
0
13
12
18
0
7
3
7
19
15
14
0
5
6
15
18
2
1
13
6
23
0
3
13
20
5
19
1
2
1
27
16
9
18
12
7
2
10
5
21
8
10
2
6
10
10
4
1
7
1
11
14
2
6
2
3
5
10
11
5
3
8
7
0
2
6
6
21
7
7
8
6
22
7
6
2
13
4
9
0
24
7
4
5
14
2
4
12
14
4
6
4
6
4
6
21
4
4
17
10
9
17
12
26
3
6
0
3
3
14
0
1
19
0
7
4
8
14
15
1
6
1
5
6
10
1
7
6
6
1
1
3
10
3
2
2
4
12
7
12
3
15
7
5
4
4
11
3
12
10
3
5
15
3
13
3
8
4
0
12
6
4
3
1
9
1
2
6
5
2
0
2
2
5
5
7
2
1
3
2
8
2
3
2
4
1
4
3
0
2
1
2
0
