5
91
4
31
17
17
4
24
1
4
19
7
14
42
0
5
44
17
1
34
19
28
2
14
20
23
15
20
35
11
11
20
4
18
9
17
41
34
23
4
28
4
4
7
17
3
13
37
11
22
34
19
36
4
11
47
37
15
54
13
65
38
2
23
41
25
12
32
49
13
52
2
30
25
8
45
50
29
4
17
30
11
37
6
72
49
5
25
13
7
25
52
12
12
19
28
22
67
9
49
17
29
15
39
10
10
48
4
32
30
13
37
77
0
29
18
39
17
6
4
17
5
14
40
5
11
7
29
22
17
26
51
14
6
15
7
9
83
24
51
46
20
30
11
3
78
37
40
50
14
13
68
76
21
1
5
14
12
9
3
40
23
30
20
17
14
8
94
63
10
30
52
27
42
17
9
17
19
26
39
87
40
12
15
51
19
36
43
20
11
53
8
45
13
52
19
70
45
81
27
34
9
17
23
11
15
29
41
19
8
7
38
37
62
57
18
55
48
33
19
70
9
35
52
29
60
60
49
44
43
6
39
27
45
21
14
20
13
9
16
26
34
31
1
2
9
14
11
3
20
13
14
12
22
63
30
35
14
37
47
35
15
11
22
13
29
4
13
35
8
61
23
70
21
17
1
8
24
18
22
71
7
26
15
28
39
46
16
14
11
7
9
33
25
2
58
3
39
59
6
6
9
2
26
4
16
19
104
2
17
44
11
5
32
0
10
46
10
14
22
14
12
53
21
6
13
13
0
12
32
73
20
13
44
4
7
66
21
26
19
30
16
1
35
3
21
38
66
15
11
41
0
3
19
1
13
27
38
17
13
1
28
10
48
25
17
27
27
18
41
31
10
12
38
3
30
5
54
22
15
35
76
45
16
2
59
23
29
11
4
16
7
31
63
14
7
28
28
25
12
21
27
6
42
2
20
25
26
43
17
12
0
23
71
32
3
18
13
23
38
13
29
2
30
34
60
29
19
24
2
54
21
13
44
28
21
36
51
20
20
48
13
0
17
10
28
22
14
27
40
13
15
1
20
8
37
17
14
9
15
5
17
19
23
35
7
19
2
43
7
84
53
24
2
8
43
1
3
40
12
17
23
62
13
46
4
10
58
19
2
47
24
9
21
53
25
29
52
53
8
4
2
20
28
36
8
12
9
15
29
0
27
6
8
3
13
45
10
35
0
85
26
22
10
29
10
29
35
49
3
18
5
2
69
27
45
18
47
68
53
31
11
4
15
43
24
40
39
2
17
18
14
30
0
19
22
40
3
20
2
17
32
39
16
1
26
18
8
27
30
11
0
17
47
37
8
0
43
36
2
35
33
23
12
10
57
17
31
5
5
34
53
45
47
2
5
64
3
5
16
29
41
20
11
19
17
3
32
11
2
40
13
2
6
7
25
4
66
48
15
48
13
9
59
2
26
1
31
23
4
8
27
39
32
1
19
44
37
2
7
43
13
6
21
27
43
9
9
17
61
20
20
21
29
8
32
51
12
17
14
8
14
15
28
7
3
30
43
14
29
19
22
22
44
10
14
24
1
3
36
12
18
4
5
12
15
16
56
6
14
23
6
7
92
15
2
10
0
16
11
4
7
26
24
17
15
53
1
33
31
15
5
37
35
9
32
4
12
17
19
5
30
63
21
13
6
0
24
8
36
25
1
2
31
16
40
34
10
26
21
27
9
18
12
24
7
0
26
26
8
36
29
10
3
28
14
16
20
26
20
15
67
29
44
3
29
0
14
25
6
26
36
11
4
15
16
22
19
15
5
31
27
21
35
23
21
24
23
9
13
3
7
2
2
5
9
13
33
6
28
3
44
8
37
37
20
31
22
6
1
27
15
7
35
20
4
3
44
16
31
11
40
14
23
12
22
1
11
15
30
15
20
47
32
5
13
19
5
37
39
17
18
20
19
0
7
8
10
49
37
14
13
19
7
23
34
38
22
5
4
12
38
17
14
22
15
10
16
30
2
3
3
52
24
0
7
7
8
6
22
1
1
12
4
13
10
23
5
27
17
32
1
41
38
10
19
19
22
32
11
20
4
25
43
8
9
2
24
1
20
4
14
19
8
3
27
32
5
23
2
7
18
20
15
22
7
4
15
28
38
8
27
32
17
18
7
8
3
14
3
14
1
19
6
11
26
41
15
16
2
15
2
16
2
5
20
16
12
2
0
4
10
23
16
24
5
1
25
14
4
30
21
11
5
2
20
22
10
49
5
11
25
7
0
41
45
32
3
25
9
6
7
35
8
5
8
25
20
13
8
6
4
22
20
4
1
16
8
5
10
2
17
28
1
13
34
6
8
14
8
6
35
5
57
4
18
3
4
8
24
25
29
14
16
20
2
31
44
3
13
5
22
2
17
20
29
5
22
1
7
8
13
29
19
21
12
13
7
19
2
2
28
12
9
2
11
15
3
2
21
15
0
11
14
11
2
8
7
2
19
3
9
5
5
5
10
13
5
23
10
26
12
9
19
0
7
10
6
6
10
26
8
0
4
9
0
9
11
2
9
10
9
15
15
8
29
1
6
6
27
4
10
11
15
3
4
6
18
9
7
1
11
18
1
4
0
27
7
2
12
7
5
17
2
6
4
18
3
5
2
12
3
8
4
15
25
8
20
0
0
3
9
10
10
11
10
8
15
7
0
20
2
16
7
9
1
9
1
7
7
1
5
1
15
15
9
9
2
11
2
8
1
4
8
15
8
6
0
14
9
6
17
8
0
3
17
10
3
15
2
5
6
6
3
0
5
24
7
5
8
12
21
13
6
1
12
0
10
1
8
1
12
1
10
0
0
8
7
0
5
7
0
6
5
5
8
7
3
11
3
1
9
3
3
3
0
2
5
5
14
0
3
3
4
2
3
8
6
6
3
1
5
0
2
4
5
1
4
7
0
9
11
0
0
3
1
2
0
2
0
6
1
1
0
0
1
1
1
1
2
