0
9
14
1
31
1
6
2
12
8
36
16
37
4
7
0
7
81
10
14
42
24
77
42
8
12
20
17
6
10
1
24
18
6
31
24
24
19
18
15
53
1
9
13
62
20
57
53
33
13
1
1
9
22
7
66
18
0
31
52
12
64
9
50
50
54
58
28
12
6
17
1
67
6
20
8
2
15
44
64
38
59
75
31
26
54
18
7
27
8
8
47
44
15
8
12
14
24
63
77
78
48
11
77
2
26
5
30
3
37
44
30
48
24
3
74
47
0
8
30
43
23
25
64
10
21
10
43
20
29
55
22
49
5
14
47
24
61
48
12
27
10
57
77
25
25
36
25
74
3
0
55
46
45
6
107
19
34
29
25
75
43
12
7
33
47
11
0
35
44
33
43
40
43
5
26
12
56
48
55
16
30
14
48
7
23
71
16
5
21
38
1
40
48
18
26
5
50
47
13
13
7
4
3
19
16
24
4
42
50
37
18
6
51
61
20
8
14
7
53
64
5
42
19
14
1
36
32
16
9
21
35
25
30
69
93
0
4
39
12
12
27
35
54
34
5
0
18
45
9
21
2
15
2
57
20
27
23
5
21
23
13
43
51
42
16
26
3
66
30
28
2
14
25
17
20
5
1
73
23
19
66
39
1
39
37
24
46
28
57
1
12
2
59
30
5
79
15
39
31
14
13
1
4
10
57
20
14
5
22
5
3
21
25
16
36
43
51
0
15
15
23
68
5
39
7
21
25
14
13
19
19
11
31
6
39
35
20
3
24
30
30
35
24
49
36
34
6
59
23
14
36
65
24
20
36
28
40
31
3
13
44
14
6
11
40
11
2
36
8
13
32
4
28
38
36
17
7
49
3
21
14
62
78
32
27
40
13
49
12
9
12
38
6
4
29
36
19
22
10
32
14
14
22
4
33
18
29
3
13
53
26
24
7
40
51
38
28
33
57
31
30
56
24
17
25
28
8
7
36
28
13
18
31
0
12
6
45
6
10
44
24
18
24
2
19
3
14
8
63
40
12
3
40
26
4
35
27
39
3
11
8
31
11
70
38
17
35
19
48
53
19
16
10
26
12
19
8
8
18
10
9
1
24
24
7
4
1
21
0
13
4
13
26
52
18
28
2
2
14
1
13
28
1
6
49
33
24
15
6
51
39
14
2
23
40
11
21
11
39
8
1
31
9
15
9
8
21
8
37
19
52
14
39
6
0
15
22
29
41
1
11
23
28
1
25
7
15
32
4
25
51
32
20
24
33
14
6
11
9
32
4
13
3
0
12
37
20
28
12
6
2
9
49
21
33
4
14
5
64
36
39
1
37
2
0
7
26
40
30
0
9
34
25
8
28
9
23
42
31
6
9
4
6
7
8
15
52
19
2
15
10
21
5
12
25
6
32
14
7
31
8
2
30
7
19
24
8
34
30
0
16
4
1
39
3
11
19
26
5
6
27
18
28
34
6
52
10
17
30
51
4
16
12
23
31
5
15
6
11
7
20
13
17
20
2
10
10
2
21
9
26
11
21
16
39
25
22
62
5
34
3
7
36
16
31
50
16
19
4
47
39
0
32
28
28
37
20
36
27
27
34
23
5
17
10
1
4
43
2
22
14
19
9
41
33
28
3
12
7
11
30
13
37
22
7
16
15
13
5
34
14
6
21
23
15
15
39
8
8
18
13
38
4
28
16
19
34
2
46
23
25
4
16
16
1
15
18
27
32
39
13
10
1
13
19
35
24
11
16
7
3
9
39
19
35
2
10
12
28
36
38
18
17
35
8
45
74
1
12
18
30
2
35
39
3
22
47
8
15
12
3
28
31
21
52
29
27
25
2
28
4
14
24
55
23
14
21
2
20
2
12
22
20
5
39
18
30
15
21
7
4
6
17
2
22
12
14
22
29
35
12
20
42
21
10
10
22
27
13
20
26
10
22
5
38
9
17
6
15
3
32
4
3
3
13
20
6
21
18
22
27
27
19
26
0
35
22
6
9
10
22
28
34
3
26
10
17
10
7
3
4
21
7
57
6
33
5
7
20
32
18
5
23
12
4
2
9
12
18
27
35
9
1
12
3
32
29
2
6
26
23
3
4
3
20
20
41
6
22
10
10
4
25
14
4
24
5
14
9
26
6
19
7
21
19
5
30
17
35
18
8
18
1
16
27
20
1
25
6
6
21
27
8
49
9
24
0
2
10
7
43
6
11
14
10
28
10
18
4
10
4
31
34
21
21
51
15
31
10
21
0
0
7
13
12
19
29
5
5
24
28
9
22
31
5
16
4
28
12
1
56
13
14
2
6
31
0
10
13
5
12
9
4
4
11
16
29
27
17
35
29
14
9
9
34
6
3
10
23
21
13
23
8
14
6
8
24
3
8
3
0
15
1
33
20
6
17
1
12
16
6
14
6
1
1
7
23
13
17
20
13
23
5
2
17
6
2
22
19
5
2
12
33
15
11
14
1
10
16
22
2
10
24
28
0
12
24
18
7
2
10
5
10
16
2
9
50
4
8
10
16
21
0
21
6
39
6
8
11
37
7
26
6
12
6
14
20
11
3
6
9
17
15
15
3
2
41
14
11
6
16
14
1
9
0
1
10
4
26
7
13
9
14
12
14
7
2
7
9
2
11
6
9
6
6
1
21
2
21
10
4
6
6
19
2
2
4
5
1
6
1
2
6
3
3
0
16
1
24
5
15
19
24
5
8
1
3
14
7
4
8
11
6
10
14
9
3
6
2
0
5
2
8
16
1
11
9
17
5
18
0
3
3
5
2
0
5
11
19
0
0
14
1
6
1
1
13
3
8
3
5
2
2
9
6
8
4
4
16
9
9
6
6
12
6
10
4
3
4
0
11
10
2
2
1
2
4
11
6
0
11
4
4
5
19
2
7
0
10
13
2
4
0
3
12
6
8
3
2
2
1
1
1
6
2
2
1
1
4
4
4
3
2
0
2
4
1
0
0
