4
2
10
22
4
28
21
31
11
44
9
26
1
3
1
52
14
6
18
2
58
5
10
1
34
5
35
5
19
6
26
24
22
4
5
48
10
18
41
10
6
21
42
15
10
3
28
26
33
16
45
45
50
10
40
17
7
17
47
12
1
20
25
17
4
21
94
10
22
48
19
37
20
19
46
30
9
8
47
20
6
31
13
35
26
49
7
10
10
25
69
15
8
11
46
1
30
10
10
14
49
33
71
30
29
30
26
10
14
32
65
40
10
14
31
34
9
14
2
21
6
47
20
52
14
3
26
17
1
59
7
8
21
38
31
11
23
31
29
22
18
50
41
75
23
33
34
11
6
27
68
21
48
42
63
12
47
6
53
57
36
26
9
16
39
17
58
42
29
48
51
30
5
31
0
13
30
23
52
22
49
4
13
0
22
58
16
45
73
7
31
19
42
29
39
3
15
8
12
33
7
11
34
5
10
21
27
30
44
2
37
1
73
16
5
15
60
6
8
16
15
4
30
19
4
32
15
37
48
29
25
46
41
21
19
10
31
1
16
47
41
21
80
4
6
43
15
21
21
1
10
5
1
3
20
42
20
47
17
65
10
44
16
36
27
17
8
2
19
41
10
58
11
15
41
31
17
17
15
35
29
3
30
20
51
1
7
36
28
6
12
10
4
22
69
35
6
9
32
28
1
1
11
50
12
28
3
18
3
51
12
17
4
21
42
4
5
38
26
48
20
22
32
20
34
8
11
7
4
67
49
23
22
9
27
50
21
48
6
13
88
46
67
25
6
26
7
66
3
62
16
2
18
15
15
8
15
23
6
26
22
16
31
19
16
22
37
7
27
34
24
10
8
15
9
2
54
17
22
23
13
12
16
23
20
35
5
42
27
30
16
29
31
28
58
11
3
7
9
69
33
25
57
27
13
32
4
50
4
10
4
4
46
3
20
11
41
45
28
1
4
20
22
14
15
16
25
49
7
16
10
18
12
14
23
30
50
25
44
27
29
51
11
46
52
16
22
28
16
5
3
8
30
46
1
22
19
36
30
20
16
5
12
13
25
20
25
17
2
17
7
33
64
46
38
10
2
22
14
43
14
22
15
28
26
13
15
22
14
15
8
41
32
2
26
18
3
24
56
28
14
4
15
47
9
24
58
22
44
13
85
31
26
71
9
4
19
41
10
56
36
9
18
18
3
18
0
2
43
39
15
17
10
6
53
29
1
33
7
56
17
39
26
34
47
8
1
15
20
18
23
45
2
53
9
4
9
33
9
9
26
8
44
27
20
0
10
7
38
36
27
32
2
40
33
29
10
18
20
15
40
38
31
53
29
6
7
89
16
75
44
34
3
13
77
1
27
25
3
39
14
1
10
9
27
6
4
26
40
17
49
23
34
16
3
30
8
35
10
34
45
21
19
12
1
12
4
23
0
40
40
12
11
24
2
2
9
22
39
53
9
4
2
4
1
12
10
13
4
31
48
48
13
2
71
24
33
9
29
13
59
27
5
18
2
36
7
51
7
11
42
12
9
30
32
4
24
31
9
7
2
14
34
29
20
30
25
19
14
1
1
13
15
32
14
25
2
1
24
18
41
1
3
15
11
13
24
0
21
5
16
12
1
15
21
57
7
15
34
4
26
16
38
38
55
15
39
0
4
35
9
20
9
3
13
17
14
9
27
42
19
44
41
12
11
4
1
6
40
7
20
11
15
19
34
13
18
31
5
14
7
0
37
8
4
9
0
27
9
9
28
40
28
34
30
7
11
34
24
21
25
13
52
41
37
9
3
33
26
20
33
20
11
33
1
13
10
17
15
7
30
0
15
53
31
13
6
33
24
41
10
37
39
18
66
18
6
3
43
14
4
6
26
18
23
2
17
36
38
15
2
12
14
11
28
3
29
26
4
22
37
12
15
10
8
8
9
45
19
24
5
25
21
19
19
19
13
30
49
24
3
13
13
9
30
27
6
1
6
3
14
8
16
34
5
11
19
34
3
7
22
8
12
24
17
8
15
42
13
25
25
33
4
5
11
21
18
7
5
2
10
21
0
3
5
33
32
19
44
6
9
14
21
8
24
16
34
6
12
34
15
37
10
20
7
2
13
10
22
11
14
9
9
30
25
23
48
5
1
6
20
33
4
13
4
11
23
0
9
15
36
10
13
10
6
16
16
6
2
5
24
6
25
10
14
18
2
22
23
11
8
43
10
17
25
9
34
0
3
24
25
13
9
13
8
11
0
27
7
19
0
35
10
16
13
11
17
39
14
4
1
14
20
13
17
5
18
18
3
1
34
13
6
15
5
17
23
13
14
25
3
24
9
24
4
6
19
34
1
19
45
4
15
29
19
12
25
24
4
1
5
8
17
6
4
15
5
10
20
3
19
3
31
5
11
4
22
9
20
5
5
16
14
8
15
25
8
14
18
23
14
15
2
6
1
12
9
4
9
7
1
10
1
22
25
19
10
13
6
4
14
2
10
13
42
13
14
2
1
19
9
31
11
15
6
12
1
39
16
11
13
3
26
5
23
7
21
14
20
8
25
10
22
3
8
13
24
16
11
14
1
27
1
5
17
34
27
12
22
9
21
12
21
12
8
11
5
7
15
24
8
28
28
27
6
12
0
3
23
6
14
1
4
6
12
6
19
21
4
1
1
6
3
8
5
11
3
16
19
17
3
13
9
7
15
16
1
5
2
8
12
11
26
2
8
7
9
3
13
10
8
3
18
20
0
14
5
0
15
6
1
3
0
9
14
5
2
17
5
5
5
11
7
17
2
4
6
11
9
4
0
2
8
2
7
18
2
12
7
4
4
9
4
1
3
10
8
4
6
4
3
6
10
15
6
3
4
18
1
3
12
2
8
2
3
7
5
8
2
10
6
5
3
3
6
2
5
3
4
1
1
3
1
6
3
2
1
3
0
2
3
6
6
4
5
1
4
6
6
3
5
1
2
5
3
2
3
2
2
1
0
0
1
1
0
2
0
2
0
0
