24
5
10
2
3
2
53
2
8
1
45
3
10
15
8
12
0
12
82
17
62
32
64
2
7
10
12
20
18
39
9
8
42
55
30
25
22
26
20
24
27
2
8
10
26
25
43
32
3
13
66
25
21
39
11
42
25
26
50
8
8
32
6
9
15
21
36
13
2
50
13
37
71
17
42
33
30
77
35
24
19
14
19
19
42
7
27
55
51
12
33
46
12
66
15
31
14
49
1
24
76
47
4
42
28
10
30
25
15
69
1
40
16
22
61
31
29
76
4
44
10
3
5
45
1
13
9
7
92
45
9
62
57
22
77
21
48
20
17
32
49
1
35
8
24
0
8
42
26
2
32
7
67
48
21
14
27
26
69
18
5
71
68
14
3
17
12
48
11
53
39
29
23
19
16
38
20
24
10
28
28
53
36
34
2
4
1
18
6
39
18
15
23
23
27
46
6
20
18
11
12
37
27
43
31
14
2
6
14
44
57
3
25
40
66
53
47
33
57
28
23
22
19
43
0
42
22
15
75
3
15
38
34
8
12
9
70
2
8
34
7
7
24
20
13
60
44
53
10
21
53
73
30
2
66
16
34
23
27
32
15
3
43
11
4
23
61
18
6
10
16
15
23
2
5
3
64
16
40
7
15
18
1
28
14
8
3
11
20
47
16
62
56
36
24
31
34
14
19
33
48
61
38
29
12
9
19
21
14
12
33
26
52
1
3
3
29
89
43
3
5
42
1
39
23
16
16
23
0
60
25
56
57
6
4
25
87
30
34
23
5
33
38
50
43
12
69
26
23
0
31
21
32
16
52
1
46
53
9
29
42
5
15
5
34
6
57
8
45
21
19
50
77
22
30
62
0
41
18
22
3
27
30
49
38
16
1
38
17
11
26
27
28
106
78
49
2
42
2
9
30
23
10
45
33
68
25
4
20
24
28
23
10
27
35
13
51
26
1
16
16
90
10
2
44
18
62
19
2
31
2
2
30
5
1
26
5
23
39
3
72
26
45
7
8
3
19
30
31
17
6
6
13
2
9
17
28
48
6
24
30
18
73
31
11
16
16
32
9
7
33
13
15
59
32
24
35
28
24
28
39
36
17
34
14
23
9
9
3
18
23
4
23
36
19
14
32
21
18
14
53
42
1
3
32
13
10
21
34
69
27
34
7
21
24
26
19
30
48
37
10
2
8
1
20
26
17
1
16
49
5
37
39
1
14
2
44
22
26
15
9
57
12
38
27
60
29
18
17
29
35
7
22
43
15
53
1
19
17
38
23
6
15
30
38
8
5
40
8
11
24
9
0
28
21
25
27
55
11
13
11
15
7
1
30
20
16
71
7
49
2
17
23
41
19
1
9
3
14
31
58
15
8
4
25
4
21
36
20
6
24
36
49
9
7
10
1
67
60
14
8
19
25
4
36
7
6
2
28
13
24
55
21
9
27
14
2
7
48
39
14
18
6
17
26
14
2
9
7
38
4
17
15
2
12
3
7
12
6
27
14
1
35
41
7
1
16
13
3
30
20
4
15
16
3
3
7
4
63
31
17
14
24
48
1
27
17
41
3
19
39
5
33
12
18
26
19
10
43
20
16
8
19
5
12
11
5
28
18
30
1
3
8
2
12
16
9
0
22
1
13
2
17
35
10
6
3
30
15
34
10
22
34
16
8
35
14
26
2
22
10
6
16
6
14
13
37
23
25
4
53
24
6
6
22
22
6
1
17
7
53
23
7
19
13
25
18
35
24
11
27
1
18
5
14
20
44
9
40
9
6
14
12
6
3
13
29
22
8
2
7
12
42
35
27
31
54
46
34
34
17
21
17
24
8
26
33
26
37
3
22
29
1
10
7
4
17
24
14
5
50
16
22
17
24
70
40
29
12
17
1
52
7
51
22
22
14
2
1
8
32
31
33
42
30
16
10
4
10
4
4
14
3
26
11
13
38
16
10
14
0
31
20
21
11
13
0
26
51
11
42
1
26
12
52
8
9
25
2
30
12
22
11
32
20
21
34
24
11
1
9
17
29
29
25
33
32
16
7
13
11
8
14
16
37
5
47
13
10
3
14
35
11
34
9
22
8
18
7
9
11
24
7
21
17
0
31
13
18
28
22
15
15
44
7
15
2
5
7
9
9
2
3
39
20
6
4
45
28
21
30
6
19
13
16
0
3
22
5
38
24
1
8
6
8
5
5
1
17
25
20
27
48
5
9
0
34
3
30
14
13
15
21
6
26
4
12
1
4
33
23
8
21
26
9
36
8
6
11
3
12
21
7
30
8
35
27
2
15
16
46
28
17
17
6
35
20
22
9
18
14
17
22
1
9
6
48
10
15
18
23
17
0
18
8
0
15
11
20
22
9
25
3
35
9
9
12
30
61
2
4
0
8
2
13
8
1
5
2
5
2
20
10
11
36
4
15
13
11
37
2
34
7
9
9
14
28
3
12
5
16
4
7
3
13
10
13
29
18
9
2
27
0
34
20
19
6
4
1
11
22
8
11
6
4
20
15
13
7
2
8
8
13
4
27
7
9
23
6
3
16
8
26
20
7
5
2
13
7
4
23
3
7
7
10
3
3
18
7
18
4
6
18
8
22
7
3
12
2
8
8
27
2
22
4
32
5
20
3
21
8
1
3
26
37
9
9
21
12
4
8
8
18
3
17
4
13
4
7
9
16
1
13
11
17
2
12
16
4
4
4
1
10
4
22
14
10
10
22
2
4
2
2
11
9
1
4
5
2
4
14
28
13
6
1
1
12
15
13
11
9
0
3
6
16
3
2
9
9
4
3
5
4
6
11
1
10
8
7
4
13
9
1
3
2
3
5
2
7
11
6
7
2
4
5
8
20
5
3
1
9
3
6
10
1
2
5
8
6
3
12
9
11
1
4
7
5
2
1
4
15
2
2
2
4
10
0
9
4
9
1
9
7
11
2
2
0
5
11
8
10
4
8
2
5
0
4
1
1
6
3
5
1
9
1
1
4
2
4
2
2
1
5
0
0
0
3
1
1
3
