3
28
23
12
4
22
41
6
23
8
12
3
26
6
77
9
34
7
65
22
26
19
4
22
8
7
15
19
28
30
46
57
13
7
33
14
21
21
8
34
28
8
13
4
17
3
28
13
51
12
15
7
14
19
34
52
46
63
7
50
7
11
39
7
49
17
23
4
5
20
16
17
9
9
22
6
24
49
46
43
1
77
13
9
0
40
49
18
24
7
80
4
9
12
30
31
10
51
49
34
35
65
22
63
42
30
8
30
8
72
11
14
9
1
21
58
1
8
10
51
26
17
12
20
79
33
26
2
25
5
19
30
5
48
12
19
9
59
1
0
16
48
24
25
19
91
29
7
32
18
28
49
29
23
77
14
3
71
1
23
2
19
25
19
17
33
39
18
78
53
5
22
5
15
9
20
16
29
64
60
77
9
78
16
8
57
11
21
47
3
21
28
22
10
69
24
32
13
31
2
23
50
66
41
13
33
28
8
34
8
12
56
15
19
7
65
10
31
39
31
1
25
9
19
17
53
79
7
29
11
12
23
29
23
1
2
40
31
14
4
71
19
27
13
35
57
61
45
16
28
26
51
15
5
6
17
40
8
33
13
5
49
27
36
14
6
6
8
41
25
45
5
24
19
35
53
8
22
62
21
5
1
29
5
39
11
31
31
18
54
25
33
1
42
21
44
17
50
3
26
18
68
30
41
0
19
5
38
4
12
60
24
4
58
23
52
13
36
13
34
22
38
9
11
17
22
94
11
48
20
0
40
19
3
25
8
20
16
16
25
20
20
19
23
38
3
39
1
38
24
6
7
5
15
6
17
66
19
53
18
41
2
17
6
26
34
69
41
61
12
26
10
25
41
17
23
24
6
16
44
4
21
30
47
51
7
11
65
24
18
34
61
9
28
39
22
27
9
17
25
18
8
29
48
9
44
17
15
10
22
24
46
49
28
10
5
7
1
44
37
15
2
57
13
21
18
18
39
48
7
28
17
82
52
4
24
11
24
17
6
8
36
28
3
4
16
84
19
2
16
13
9
7
39
27
11
31
18
10
33
33
10
0
25
57
21
30
14
14
6
2
16
8
38
9
57
37
13
53
57
25
21
47
9
26
9
34
73
13
30
1
24
50
13
25
41
12
63
20
41
1
4
4
0
27
31
29
34
82
1
10
7
49
32
2
0
31
10
5
15
54
20
31
27
18
5
20
43
0
5
2
17
56
5
22
12
16
16
20
2
13
18
9
31
12
0
32
29
53
40
22
31
15
31
26
8
17
31
9
18
2
13
3
30
34
3
22
1
1
29
53
20
60
27
10
21
19
10
36
53
31
2
14
58
20
4
24
16
22
33
7
46
17
8
39
10
4
19
19
0
6
23
26
60
9
46
17
13
38
38
47
47
10
49
6
16
48
8
17
22
25
21
37
30
1
39
14
6
16
27
17
60
25
34
16
12
29
8
23
5
3
22
8
70
14
41
24
34
54
7
11
3
1
15
14
20
30
24
3
32
30
43
10
6
2
2
17
10
49
33
22
10
1
55
9
9
2
36
7
47
16
25
28
12
30
25
2
27
6
49
8
20
23
26
5
8
43
19
16
4
8
10
30
27
24
11
16
17
39
34
23
10
29
61
1
22
17
18
5
35
19
46
20
37
38
18
2
30
23
7
7
4
10
46
3
10
27
28
57
19
27
16
16
25
5
6
13
68
7
17
19
39
32
15
8
7
22
28
6
29
10
57
9
3
31
65
16
27
13
12
26
41
21
12
13
11
37
6
3
16
23
39
3
9
40
25
6
17
12
23
2
14
3
9
4
42
4
19
11
13
3
3
2
30
23
30
0
51
6
1
12
45
19
6
31
1
20
16
27
7
5
29
53
2
6
29
1
14
34
57
16
3
22
6
29
18
23
4
27
11
41
6
23
1
15
19
2
7
5
26
18
6
20
9
32
6
14
28
13
7
36
10
24
22
21
0
6
2
5
10
3
16
28
24
9
5
41
23
12
27
8
18
10
25
25
19
10
0
5
51
20
10
15
33
0
21
28
9
14
17
26
3
31
9
15
2
28
15
21
2
5
16
15
39
6
18
15
28
35
12
15
7
1
24
33
21
8
25
6
31
5
18
19
52
4
13
0
22
17
31
12
30
16
13
35
16
8
7
5
13
9
1
19
16
14
23
2
8
35
20
12
2
18
23
6
23
9
2
41
42
5
5
28
26
7
10
3
32
15
5
16
0
24
4
4
10
22
23
10
12
2
17
1
17
12
1
15
6
34
25
11
15
19
25
7
13
6
66
1
17
19
21
8
1
40
2
15
2
19
15
7
16
18
45
22
14
5
16
4
8
17
2
12
10
19
23
14
9
0
9
1
16
11
15
1
24
10
20
18
14
10
12
1
9
12
3
10
13
2
10
5
36
9
24
14
7
8
12
1
20
14
22
6
15
10
1
6
3
11
6
16
6
8
25
8
14
8
6
15
3
5
12
33
27
33
18
8
14
2
2
9
15
18
1
6
4
22
12
9
18
13
8
6
1
7
10
17
14
4
6
15
11
7
13
0
3
15
13
22
5
21
10
3
14
8
13
19
5
2
4
13
20
18
13
7
11
16
4
19
3
9
15
12
8
5
14
2
8
12
14
3
11
9
11
12
3
12
16
10
19
15
27
2
35
35
2
11
2
12
3
4
9
2
8
25
20
23
16
2
4
9
4
2
20
17
18
4
0
10
0
6
10
4
0
8
13
12
3
12
8
21
14
9
2
4
16
14
0
11
9
10
1
4
4
12
16
10
15
2
6
8
17
2
9
3
6
9
3
6
3
7
7
3
3
9
6
5
2
14
6
2
4
5
9
19
5
0
0
8
4
4
2
5
9
4
4
1
6
10
8
15
7
4
10
2
1
1
7
1
2
4
1
5
4
9
1
10
16
1
1
5
5
13
11
3
3
3
4
8
1
6
5
11
1
1
11
1
1
8
6
6
6
0
4
0
4
7
7
5
1
2
4
1
4
3
7
2
1
2
9
2
2
1
4
2
2
2
2
2
4
