12
17
5
58
2
23
6
61
33
41
27
31
8
10
18
14
37
7
27
0
5
12
18
39
8
4
33
20
23
19
17
8
21
13
23
40
22
9
94
22
34
14
49
26
11
9
89
75
22
41
7
17
31
22
24
18
40
22
19
38
5
20
40
46
4
11
37
34
6
20
32
6
24
19
3
31
45
14
77
8
28
25
19
32
2
56
16
25
8
31
21
66
27
57
27
10
29
13
16
31
28
37
2
25
46
28
11
0
10
14
17
6
2
99
29
5
38
23
44
20
41
42
34
34
0
69
11
32
26
32
40
65
66
49
10
1
36
21
16
49
49
4
16
7
46
23
25
63
48
39
14
24
26
4
21
38
48
15
21
6
66
24
14
75
12
72
37
14
18
10
32
55
72
13
16
5
49
38
9
6
15
35
31
16
27
33
20
56
41
43
27
33
79
10
15
126
28
45
31
30
0
25
6
1
12
29
5
15
53
62
15
12
2
18
26
33
39
41
1
14
65
44
5
22
4
32
42
20
10
38
24
5
38
84
57
61
64
24
15
65
12
12
26
4
14
34
31
32
24
64
1
10
11
37
47
12
10
54
13
27
16
27
28
51
10
13
0
38
13
63
21
22
51
9
15
7
33
17
16
24
47
16
12
8
36
29
6
5
37
54
93
78
42
17
35
17
6
45
2
21
19
15
7
9
61
18
56
24
9
0
32
19
14
34
112
42
8
4
12
22
36
32
13
54
8
2
14
27
8
5
33
20
17
15
45
13
62
54
31
63
12
56
9
61
1
52
8
49
9
33
21
5
29
2
5
54
78
33
19
14
11
32
38
11
28
28
6
21
18
23
4
7
39
13
19
10
13
10
8
41
28
3
21
7
11
23
5
6
44
25
15
33
66
45
42
32
1
29
14
45
20
11
36
0
46
11
27
50
1
0
4
8
13
27
20
32
42
18
66
14
0
34
30
10
37
3
17
22
10
13
1
14
15
5
78
6
21
5
25
42
6
68
21
22
13
27
36
15
5
48
10
13
22
15
27
18
5
17
8
22
17
8
11
40
38
8
2
11
40
2
25
21
42
25
45
11
41
2
32
11
17
5
69
30
34
38
14
5
17
9
7
3
38
28
32
47
9
10
41
60
41
46
42
19
7
12
4
31
28
42
18
5
18
14
2
45
13
24
14
26
42
25
37
17
29
7
3
10
13
14
10
13
9
42
33
57
29
58
19
50
10
1
8
12
24
21
28
14
25
5
19
37
23
7
6
56
26
9
20
1
10
16
30
0
12
4
6
14
11
21
26
11
21
12
11
50
15
32
2
12
22
25
47
31
2
21
3
12
33
36
18
13
2
8
32
46
37
26
14
24
10
21
36
5
17
41
41
2
22
3
37
39
23
7
10
12
3
34
21
17
24
18
11
32
10
4
52
15
12
8
23
26
52
31
21
19
36
10
16
7
28
20
7
43
26
51
51
19
33
18
8
15
35
16
9
15
29
19
1
26
4
6
6
65
7
17
17
13
9
7
22
0
0
73
1
28
23
36
35
16
10
61
13
14
19
9
33
0
14
24
37
2
1
12
45
35
44
52
25
20
17
5
36
5
16
0
6
30
16
0
5
12
8
9
36
25
27
27
11
4
18
19
21
9
24
30
44
27
2
1
1
11
14
32
17
12
22
25
5
8
12
25
14
33
52
13
11
26
31
16
42
1
10
11
18
6
22
34
15
10
3
26
38
20
3
39
28
56
7
10
17
30
29
9
4
15
9
13
33
1
51
0
3
19
11
8
29
21
35
5
27
7
15
4
31
2
20
29
24
3
20
76
26
13
30
34
24
35
2
15
38
23
4
27
46
3
20
41
26
18
14
26
4
10
13
11
6
6
1
12
12
26
33
2
32
9
15
12
7
22
21
16
45
40
8
18
3
41
9
21
15
11
45
9
45
28
3
48
2
10
26
2
24
30
15
11
18
13
35
1
12
29
8
19
32
38
15
30
6
12
13
8
14
53
7
14
11
12
42
34
15
41
19
7
20
1
12
16
18
9
15
18
36
21
19
10
30
2
2
18
9
24
9
12
8
46
36
5
16
15
20
2
24
7
10
47
43
2
14
4
29
20
22
5
36
3
9
12
12
21
22
0
10
22
5
23
9
27
6
32
11
5
22
3
12
7
7
9
23
15
6
10
25
32
21
12
9
3
7
17
10
14
16
26
29
4
23
2
3
3
3
23
12
5
5
37
25
18
5
5
3
24
4
20
8
18
10
19
10
6
9
1
24
21
28
7
9
24
16
28
20
2
23
11
6
43
3
22
17
23
3
0
4
16
2
27
37
17
10
4
0
3
1
29
9
28
21
1
15
27
25
14
32
5
3
28
10
3
34
3
5
2
21
13
12
26
1
1
7
8
8
9
15
16
7
16
18
3
14
35
18
11
14
14
3
24
4
16
4
12
19
9
7
9
22
7
4
11
6
1
39
15
11
17
1
14
3
10
13
16
31
5
3
2
4
9
21
9
19
16
8
4
16
10
21
11
6
9
21
13
13
8
27
17
6
13
15
1
14
8
26
3
12
27
23
17
14
30
24
6
18
4
18
6
8
6
8
30
17
2
8
6
4
10
10
6
10
11
7
6
5
2
43
11
15
33
15
15
14
3
11
4
8
1
28
11
6
13
11
1
9
19
13
1
8
1
2
8
3
2
17
33
5
8
16
4
13
19
21
5
2
9
11
40
3
9
2
14
12
16
7
7
16
4
8
7
15
12
22
6
9
3
10
20
4
1
1
4
9
13
9
2
2
2
19
2
0
7
6
14
8
11
5
2
8
6
1
0
8
1
4
2
6
20
10
11
7
14
12
8
11
4
13
5
26
18
11
5
7
1
11
11
15
1
3
18
0
6
9
5
0
10
15
7
4
1
17
5
9
8
12
7
2
8
6
6
10
17
9
6
8
6
3
7
0
3
0
15
10
2
9
12
1
3
3
3
15
8
3
1
4
5
1
1
1
5
1
1
5
3
1
2
2
2
2
1
2
4
1
3
4
0
3
0
4
3
0
0
1
4
