5
2
19
3
44
66
31
71
23
13
1
3
10
19
14
11
43
2
5
18
35
21
4
44
68
2
50
3
23
22
22
8
8
0
6
15
7
9
21
3
14
43
3
23
17
4
6
11
4
31
24
13
104
42
18
59
21
16
12
37
17
69
20
16
1
55
8
14
1
18
10
10
38
25
58
46
40
52
32
11
14
18
20
42
35
112
30
10
21
44
22
27
80
10
37
63
33
12
23
5
4
4
14
47
25
40
13
1
36
9
2
16
33
5
8
21
1
17
42
18
27
7
41
4
9
18
8
4
62
11
115
40
30
20
7
31
25
49
6
14
14
22
10
44
31
3
49
17
59
6
30
12
16
10
19
26
19
33
4
73
3
2
20
38
18
11
6
6
16
17
24
41
23
3
23
5
34
36
7
41
15
20
3
42
84
19
103
29
45
11
47
24
9
29
75
1
78
20
3
29
31
12
17
80
66
54
8
19
16
16
29
28
11
5
40
47
32
14
39
11
55
69
15
9
49
1
20
13
11
17
15
20
52
83
34
36
31
12
17
1
14
23
32
7
14
70
12
0
54
18
23
32
32
18
13
9
65
83
26
57
3
17
41
22
30
23
55
9
51
17
43
62
15
13
66
20
23
102
4
18
19
5
17
16
49
20
20
55
20
80
2
29
6
13
38
37
32
32
33
6
22
9
57
16
75
2
5
5
19
66
75
2
1
51
37
19
20
29
12
15
84
21
32
51
2
1
45
10
10
12
18
47
14
10
17
42
40
46
38
18
15
62
59
12
0
57
28
12
27
32
51
12
7
38
51
5
42
10
11
11
3
28
4
45
3
43
10
37
48
3
2
32
45
49
25
22
64
35
78
32
30
15
23
9
33
62
19
26
26
9
7
10
22
8
29
11
4
28
8
11
15
7
15
3
18
32
1
17
33
60
58
40
17
34
30
41
32
16
20
3
66
11
28
3
36
10
1
17
48
26
12
54
14
24
94
53
27
42
42
23
19
20
11
2
61
35
23
4
67
16
8
25
6
25
24
23
47
44
15
10
56
9
4
19
46
22
2
74
19
22
37
4
21
1
5
22
39
22
35
23
46
28
46
34
8
26
7
48
34
19
6
10
8
46
5
76
9
27
33
5
47
11
4
26
23
25
14
36
39
35
27
37
37
54
50
19
17
50
30
35
32
17
24
6
2
29
5
53
33
6
40
19
18
2
7
15
77
36
14
6
3
9
26
8
6
3
40
48
36
30
6
47
89
5
57
4
31
9
32
23
18
4
2
10
18
6
38
32
28
25
25
31
21
18
33
18
1
12
16
61
1
5
21
22
35
47
5
5
14
12
47
63
24
68
9
33
22
25
12
9
25
8
4
3
68
42
10
6
19
6
35
47
29
86
53
34
4
13
8
50
5
15
12
2
28
37
7
37
16
40
25
8
15
5
19
65
14
26
32
32
11
23
17
14
56
48
30
19
46
17
19
31
9
5
30
41
6
31
12
2
4
13
17
28
7
23
7
20
23
17
37
32
11
11
22
23
25
9
12
3
43
6
33
45
5
25
7
38
48
24
5
1
52
52
17
23
21
30
18
38
2
4
21
1
30
14
22
1
10
61
4
31
3
48
9
25
36
18
22
14
1
0
44
8
26
15
34
4
31
2
18
14
10
25
17
12
10
7
24
22
45
2
13
27
10
6
12
6
7
51
39
14
38
50
30
17
17
9
22
13
9
41
35
37
0
9
20
3
16
23
5
8
13
26
2
27
1
29
4
47
27
24
43
31
3
16
15
9
20
17
8
52
13
32
22
46
18
15
16
45
12
22
16
36
38
15
12
2
49
26
28
24
23
9
3
8
13
24
8
2
3
14
5
15
33
2
32
23
19
49
15
14
0
4
4
1
5
42
25
7
22
17
7
3
29
34
13
9
22
4
4
12
4
11
5
5
22
38
3
22
32
38
15
21
27
2
1
33
39
1
10
22
53
7
27
4
35
1
4
13
5
11
31
3
32
24
14
9
13
6
19
22
4
17
27
14
15
21
24
10
3
3
12
13
10
0
30
39
5
12
18
9
21
2
24
28
38
54
6
31
7
42
1
17
14
0
2
1
4
19
4
11
8
29
19
21
19
14
19
25
32
19
5
4
4
15
3
23
9
17
15
12
23
9
19
4
20
2
14
16
20
9
19
18
5
23
35
9
27
8
8
19
5
12
17
33
7
6
6
28
3
14
30
14
11
17
12
33
10
40
6
15
32
11
15
2
14
8
11
12
25
23
21
23
4
16
3
21
26
17
3
19
13
26
13
13
2
5
24
23
7
2
12
12
13
25
9
11
3
1
24
11
6
1
12
16
21
48
11
11
22
27
40
7
16
12
6
4
4
5
5
14
12
14
3
2
10
6
5
12
1
26
28
7
13
46
18
26
15
24
15
2
27
1
15
10
30
4
8
8
35
23
4
18
8
16
6
13
12
10
6
25
8
10
4
0
1
8
21
8
30
23
27
14
2
9
10
19
46
31
3
20
5
5
1
3
19
7
2
15
29
11
5
9
3
31
11
18
20
12
21
6
23
0
11
9
8
21
4
15
22
2
8
16
6
23
7
3
4
21
26
15
12
26
25
18
9
8
2
4
0
6
16
5
18
7
9
16
29
7
2
5
1
2
21
14
1
7
3
10
11
5
15
1
3
16
7
2
5
9
2
3
8
18
30
5
11
6
1
8
26
8
4
1
11
17
10
13
17
1
17
21
8
0
9
14
6
9
17
3
1
9
5
9
5
7
0
21
13
1
26
3
7
7
11
18
17
8
6
6
2
10
8
4
4
5
15
4
11
11
14
19
6
9
7
9
1
7
9
13
2
9
1
3
3
6
7
12
23
0
5
17
1
5
9
6
10
2
4
8
4
4
6
9
1
7
2
2
15
9
4
17
2
4
1
1
8
8
4
2
14
5
2
14
6
10
20
14
0
3
0
12
3
6
1
11
2
1
7
3
5
1
5
0
5
4
5
1
4
1
2
2
3
7
7
3
1
3
3
3
2
2
1
6
0
5
1
0
1
2
2
3
6
1
1
1
1
1
1
0
