15
11
7
39
13
0
29
16
39
2
46
1
49
9
4
60
35
1
16
26
1
3
1
27
39
3
18
32
21
35
4
9
26
10
27
48
52
6
25
28
26
3
29
42
4
25
14
66
14
77
5
12
49
9
15
27
36
28
34
31
23
19
3
27
10
19
6
27
41
11
9
38
13
32
3
45
25
3
33
54
12
28
14
17
15
8
86
57
27
18
33
18
3
15
8
19
55
11
54
18
28
24
47
51
0
13
9
5
10
25
4
2
22
23
3
8
19
25
20
25
20
20
23
1
46
31
33
20
46
15
23
40
25
11
34
48
27
21
10
42
31
50
36
10
42
18
27
30
41
31
45
4
46
2
65
23
10
7
44
29
39
3
50
87
61
13
106
19
43
10
16
41
4
11
43
7
17
11
57
65
40
13
22
14
24
35
14
43
15
3
62
4
8
50
55
10
53
2
69
31
58
36
8
10
29
22
3
70
14
30
19
4
45
1
9
8
8
56
22
109
28
17
6
10
5
49
33
5
48
1
22
20
23
27
7
51
20
27
41
38
44
56
78
7
36
12
56
20
33
18
25
19
10
88
13
7
16
45
11
42
5
63
8
14
2
12
38
41
72
108
7
24
7
52
9
57
35
71
33
45
50
29
7
0
8
14
33
1
42
2
19
23
19
32
24
13
68
56
0
9
9
19
29
60
9
11
3
27
55
40
21
69
5
10
22
35
38
29
47
5
24
62
1
6
23
10
66
42
16
3
8
31
9
7
53
61
19
44
23
11
15
13
24
4
0
39
24
25
0
22
56
12
10
8
5
27
19
12
6
41
18
11
53
6
27
14
31
18
62
44
37
7
69
38
13
14
0
9
38
36
10
13
16
30
11
6
2
6
42
76
11
5
27
9
20
28
37
9
1
43
7
3
8
46
99
38
25
34
5
33
56
40
35
27
4
5
56
3
3
61
33
25
2
44
5
6
18
5
11
10
39
3
7
11
21
30
28
28
11
80
23
44
15
20
34
25
15
13
4
15
20
39
17
2
0
24
10
7
32
18
27
1
25
15
26
21
30
0
39
13
20
3
33
16
4
16
5
45
22
42
34
27
37
15
13
71
39
47
7
2
14
1
19
36
3
12
13
36
5
11
29
14
44
21
41
9
46
1
10
20
7
39
10
14
36
31
36
3
29
18
70
28
23
47
20
13
10
12
12
19
55
13
32
71
29
41
45
34
71
28
42
43
1
42
1
31
5
15
16
6
8
15
21
14
52
37
20
27
45
33
12
26
11
4
41
4
4
30
22
0
10
12
4
1
36
23
48
40
18
6
20
26
13
26
32
8
32
22
4
2
43
56
6
35
19
16
33
8
26
64
22
7
12
32
8
47
52
14
8
15
21
11
25
5
1
10
11
37
28
17
2
18
42
22
19
2
31
33
11
16
42
20
10
5
5
1
83
53
20
11
16
9
9
27
11
13
6
27
39
39
3
28
22
9
9
14
7
58
13
11
5
42
57
30
20
39
31
24
21
17
4
4
16
39
36
17
17
1
36
29
1
12
14
10
6
35
6
18
13
17
8
4
7
48
39
21
19
29
1
29
1
12
4
1
7
84
15
28
8
6
27
28
10
24
17
54
3
0
52
10
27
14
4
55
10
9
42
17
1
17
0
37
7
2
2
8
13
10
21
13
20
5
39
29
37
75
6
27
2
27
18
38
6
3
13
40
14
9
10
33
23
19
56
12
67
3
3
4
3
20
9
7
47
28
23
28
20
22
22
53
9
5
29
10
40
31
62
22
2
56
12
29
54
8
1
40
1
40
7
11
23
13
23
9
19
23
29
4
6
71
12
24
6
17
4
29
62
19
31
24
7
14
15
16
37
12
21
17
19
36
69
37
48
8
0
7
7
23
23
10
44
1
16
39
8
63
29
19
40
28
30
0
16
4
20
20
6
8
37
3
9
3
4
13
7
10
33
14
14
25
9
30
15
0
4
37
14
18
30
7
36
48
17
17
7
6
10
24
52
13
5
22
9
14
3
28
7
5
5
6
14
47
2
31
1
22
8
3
27
3
2
41
10
25
19
23
2
3
19
0
4
18
26
2
13
1
2
7
15
3
0
22
27
25
29
6
12
24
21
27
17
32
17
7
13
10
19
23
2
7
35
2
25
14
36
8
20
5
5
5
18
6
25
5
12
8
47
18
15
25
19
1
28
4
14
35
2
5
18
27
5
38
1
12
30
14
16
42
13
11
11
7
4
1
10
19
11
11
18
6
32
30
3
0
0
5
0
2
6
1
21
10
26
14
23
22
22
17
41
1
12
10
35
49
15
39
25
5
3
17
37
16
16
11
8
38
16
4
8
22
7
2
14
23
1
9
33
23
17
6
10
19
24
12
5
8
27
1
10
26
22
38
1
1
1
12
31
21
6
15
24
2
20
13
4
15
1
35
28
11
4
10
14
2
21
15
9
4
26
38
1
4
4
17
25
5
6
12
6
1
27
19
7
10
12
25
17
0
5
6
2
12
29
2
20
3
5
5
14
29
4
1
12
2
11
1
29
5
27
0
1
6
26
7
17
7
19
5
22
6
25
3
19
4
9
6
0
4
10
10
6
2
1
17
4
25
18
14
12
14
2
36
5
11
18
3
12
1
5
12
2
7
5
6
2
14
8
3
20
21
11
15
9
0
1
16
9
23
2
1
4
1
3
10
7
4
26
22
19
14
3
9
3
4
12
5
2
4
7
14
17
2
6
7
12
14
11
3
10
7
21
7
4
6
4
6
1
12
1
5
9
1
1
1
3
0
11
1
28
8
8
5
3
9
4
3
2
4
9
7
8
10
1
10
4
6
4
17
22
9
5
18
3
8
15
16
7
13
20
7
3
4
6
9
4
10
6
23
6
22
2
7
13
6
7
1
4
11
7
2
20
8
0
9
3
10
4
3
5
3
3
5
4
5
0
6
1
6
11
3
17
10
3
1
15
2
1
10
9
10
8
5
12
0
1
11
4
7
6
3
4
7
14
5
5
0
3
0
2
4
2
4
7
11
13
1
7
5
4
1
3
10
4
2
2
0
3
0
0
3
1
1
2
0
4
0
0
1
1
0
