12
44
50
6
2
34
13
1
5
5
31
0
5
3
24
49
32
44
6
12
17
4
7
19
33
7
9
21
34
36
29
10
12
22
12
4
9
31
23
11
3
11
37
56
11
41
26
4
28
49
8
32
41
37
28
23
33
62
9
16
22
6
19
66
24
18
26
61
11
25
60
16
32
23
21
14
20
4
26
11
14
18
2
2
33
1
20
28
66
12
10
25
32
15
83
14
12
3
24
3
14
16
34
44
36
51
36
4
49
43
76
75
15
21
45
48
2
4
19
13
24
11
10
12
19
50
39
17
58
31
13
57
12
23
16
34
1
24
13
68
16
32
13
36
47
50
31
56
7
18
45
85
6
26
8
17
23
12
9
7
14
28
9
62
12
52
6
36
37
46
1
38
4
14
35
27
8
21
3
53
14
21
11
5
13
48
27
49
46
25
4
20
70
23
25
37
44
21
13
45
49
20
35
11
5
38
2
1
19
8
2
1
62
52
31
10
76
5
54
47
6
12
26
6
44
43
28
11
10
33
2
7
17
5
4
39
35
20
37
19
17
34
6
44
11
22
13
34
3
44
14
5
55
35
54
2
17
34
13
22
1
71
16
22
4
33
4
15
44
34
14
18
41
4
16
19
27
6
18
32
4
69
27
7
3
65
23
39
38
42
10
5
85
6
21
19
36
40
19
55
53
12
49
22
16
3
13
3
13
4
13
36
32
41
9
1
31
11
27
20
14
79
64
4
22
56
17
6
6
9
6
34
30
29
33
34
12
24
19
9
13
31
24
11
15
63
51
19
45
20
15
13
6
36
51
40
4
12
4
38
27
47
6
10
6
7
12
7
22
25
5
30
32
19
7
4
28
14
17
15
32
32
18
20
15
24
25
44
36
34
6
25
27
11
34
6
29
38
16
31
20
52
11
16
3
22
8
25
25
56
60
35
31
25
12
11
25
13
32
16
61
33
20
3
33
7
54
19
8
20
9
25
15
44
55
17
79
31
15
1
98
5
5
50
17
11
50
12
3
21
2
35
23
8
7
21
16
47
31
74
18
1
47
24
52
17
28
30
49
0
3
9
76
6
30
20
16
11
2
23
4
23
17
40
42
23
43
23
5
67
1
15
64
45
44
55
11
43
11
22
45
36
18
24
35
31
1
9
45
23
56
47
37
2
22
6
6
7
7
48
1
28
47
20
6
40
6
42
31
26
29
31
4
2
46
17
35
33
43
5
7
4
30
8
34
31
30
26
5
37
8
2
39
5
21
8
4
36
13
18
8
46
17
22
37
25
63
77
2
12
4
23
21
60
23
8
35
23
9
24
9
9
15
39
27
3
40
73
30
28
18
40
9
28
10
35
17
9
1
24
18
8
39
39
24
5
11
7
12
42
15
27
45
14
39
13
18
9
38
28
35
31
8
1
5
22
37
9
46
67
19
27
33
17
40
5
36
41
4
19
28
6
0
44
12
23
2
22
9
24
2
13
15
27
62
14
2
9
53
16
17
56
22
22
13
20
16
64
66
27
16
5
15
27
37
30
14
12
16
64
3
25
9
1
9
4
9
17
3
1
9
18
51
7
2
3
20
25
32
29
29
4
41
4
16
53
4
13
25
32
9
24
17
10
55
3
48
5
6
11
7
2
43
1
22
20
13
5
12
1
29
13
4
5
13
46
15
26
18
12
9
22
6
42
50
59
4
31
8
28
16
2
18
7
40
32
30
15
46
44
6
27
35
38
18
21
1
10
43
7
33
2
16
8
36
11
16
16
7
6
20
26
29
6
24
17
30
35
31
1
33
0
16
24
11
11
22
1
26
3
21
52
13
4
54
28
5
5
13
0
27
20
37
8
1
3
9
3
4
16
32
43
30
34
21
4
20
29
5
8
33
40
39
3
54
44
6
5
3
23
26
18
6
41
17
6
0
11
52
29
5
4
14
23
13
26
17
14
32
42
16
36
31
35
1
17
39
17
10
15
13
2
11
50
6
15
36
43
31
5
31
15
8
20
11
2
20
15
18
12
2
0
23
16
23
19
13
3
16
24
42
15
13
21
20
5
21
15
20
20
30
10
7
7
17
8
5
1
5
21
8
17
35
21
1
8
9
50
11
16
22
4
6
8
4
8
20
11
39
23
12
3
8
6
40
11
6
41
19
17
8
2
9
25
11
13
35
2
8
17
29
18
13
9
20
6
30
36
13
17
24
3
21
43
7
8
5
30
25
19
18
8
17
3
35
16
23
17
9
4
4
6
38
7
14
13
21
1
34
14
31
5
15
3
7
15
1
5
7
31
27
31
8
21
0
8
10
5
16
19
16
11
2
13
29
29
49
10
18
7
15
4
17
10
1
7
24
8
17
14
26
7
13
34
37
11
13
17
18
1
18
28
9
6
0
21
2
13
40
3
24
34
1
10
11
13
1
0
11
24
19
32
33
5
3
34
43
11
6
10
14
36
0
6
6
30
12
0
5
9
13
23
26
7
5
25
2
16
11
14
10
5
5
8
3
14
2
6
17
5
18
5
1
10
38
2
26
6
19
24
30
8
22
11
8
4
29
5
4
27
6
10
6
5
27
15
5
10
5
38
1
19
11
1
27
0
1
17
14
28
4
7
18
14
3
17
21
5
10
19
5
2
10
6
22
16
27
19
2
13
11
1
18
16
8
2
2
1
14
23
4
16
31
12
21
6
5
27
8
3
10
3
17
4
13
10
13
10
10
20
4
14
1
4
1
21
11
3
19
10
1
0
14
23
7
7
0
3
4
13
4
13
18
11
9
12
14
5
10
6
5
5
9
5
7
27
7
3
12
10
8
5
14
13
2
6
1
8
8
5
2
20
1
15
4
5
31
4
13
12
6
21
1
11
1
6
7
2
8
12
13
8
6
4
20
5
27
2
7
15
22
14
13
7
12
13
6
4
4
10
4
9
4
13
5
9
5
17
12
18
10
7
3
0
29
8
16
9
15
0
3
10
1
7
9
1
5
5
5
0
16
6
1
5
6
2
3
15
4
6
8
5
12
5
9
2
5
5
3
7
1
7
1
1
5
5
4
4
9
1
3
6
6
2
2
1
2
2
3
9
6
1
9
1
0
2
1
2
0
4
2
6
2
2
3
1
1
2
2
1
