18
16
13
56
1
15
18
6
38
4
10
5
66
10
92
27
24
4
57
39
8
14
31
80
20
13
18
99
51
16
20
6
20
11
4
19
5
2
24
5
8
28
13
30
34
35
50
4
49
5
19
6
13
10
7
18
4
1
39
13
52
57
13
20
27
54
36
58
32
1
1
55
26
6
41
7
33
51
9
14
32
6
6
21
73
8
22
24
41
61
14
52
63
27
22
65
18
4
1
5
14
41
76
101
20
14
52
12
38
33
71
10
30
7
25
88
35
10
8
76
46
38
23
30
59
29
47
12
5
10
30
22
47
4
42
45
13
33
13
17
0
36
37
35
34
73
23
53
0
54
46
4
1
53
31
20
37
25
17
2
7
2
33
4
57
35
73
50
30
73
57
7
20
51
62
39
0
36
7
35
6
47
5
28
12
53
11
147
59
30
24
14
42
5
36
64
47
97
34
16
8
10
36
3
36
35
41
20
29
19
28
22
17
6
23
35
14
5
30
57
8
27
2
6
15
19
37
4
18
8
4
32
48
32
42
22
65
26
16
14
116
18
1
21
40
15
13
2
33
13
18
21
4
20
66
9
9
4
41
12
9
21
21
0
11
9
39
13
54
19
69
32
52
18
58
8
22
7
6
2
45
4
27
109
6
32
49
34
31
10
32
25
9
52
8
43
12
21
34
8
22
5
21
1
59
14
13
35
39
17
23
66
39
2
74
26
40
40
9
6
14
24
34
3
26
10
31
13
2
38
30
45
61
9
46
13
29
5
15
8
21
24
30
6
40
29
10
8
15
39
29
35
39
15
49
18
24
40
8
31
31
56
40
49
55
3
4
7
8
6
50
28
11
12
33
11
32
6
23
11
1
6
12
15
26
20
40
40
7
30
21
18
40
59
14
15
26
43
9
39
16
28
12
78
8
44
28
20
22
31
11
12
30
6
1
46
44
7
9
9
28
78
20
36
7
40
21
5
22
8
10
10
17
8
25
53
24
19
38
45
29
8
30
8
38
22
54
51
14
6
46
23
34
27
11
26
2
7
36
27
10
17
52
3
7
10
13
4
38
30
25
27
4
13
17
39
7
45
60
25
5
5
26
24
50
42
81
5
37
21
13
11
31
45
7
2
1
2
8
21
3
11
17
2
13
22
55
10
20
4
31
0
23
9
21
51
15
2
45
26
14
5
1
19
29
79
21
12
40
27
45
27
5
36
39
21
17
3
63
43
4
7
26
38
34
0
51
18
1
16
18
8
9
12
3
22
38
7
40
35
38
11
0
33
33
11
29
5
32
2
15
37
35
27
11
1
13
69
12
18
3
72
28
22
52
47
26
1
26
32
3
9
7
22
42
38
19
13
23
24
29
8
17
13
14
35
3
27
17
11
21
28
13
19
1
3
10
7
8
8
9
29
29
23
4
6
47
10
14
41
34
23
5
26
42
42
34
18
24
1
38
45
2
21
56
30
3
1
41
50
15
47
40
43
19
15
22
8
8
6
19
15
25
11
4
43
8
15
23
39
9
3
5
39
31
26
5
19
6
52
15
3
35
6
9
29
32
6
2
9
33
6
24
18
10
11
27
6
15
25
12
11
39
24
6
2
56
0
11
9
18
25
14
19
5
4
12
16
4
6
6
18
27
17
22
18
1
0
60
27
9
16
31
16
21
32
6
11
27
13
2
40
4
38
9
16
27
5
14
2
8
7
20
8
22
43
36
34
21
29
13
30
37
16
16
46
13
2
19
9
1
26
0
4
20
34
12
18
18
15
22
6
25
9
6
8
26
19
18
3
22
1
30
9
4
6
9
23
15
18
14
14
2
5
10
2
56
10
1
43
15
31
25
3
14
18
13
7
16
15
19
31
28
2
23
42
17
8
12
51
48
28
11
26
36
1
28
9
17
54
22
3
10
4
9
38
15
11
21
26
4
62
21
39
28
2
32
3
26
29
22
12
15
22
23
9
16
11
30
45
25
20
4
17
21
24
28
6
15
1
8
37
66
7
22
4
13
8
7
20
9
5
6
7
24
8
19
31
35
32
60
26
9
9
39
43
25
22
19
40
3
8
15
46
15
14
8
4
33
37
3
1
28
29
22
24
54
26
17
5
26
1
6
5
8
2
11
17
9
0
24
26
2
3
9
35
29
5
15
12
45
15
30
10
30
2
12
25
17
7
24
20
7
25
9
49
19
2
0
21
1
9
14
7
20
1
1
4
17
1
24
5
1
11
3
4
4
15
18
3
1
15
11
3
13
18
65
34
1
6
21
13
37
13
8
12
5
22
32
21
14
14
3
16
14
34
18
2
8
24
19
2
14
29
3
26
31
2
7
12
4
17
34
2
8
17
1
23
8
8
9
13
5
2
30
23
7
11
28
22
9
7
14
25
1
32
19
13
18
6
25
28
0
27
13
15
10
2
6
37
6
24
22
6
12
3
50
4
14
19
7
1
2
20
3
13
11
5
11
21
49
12
2
3
5
10
5
14
11
8
17
1
9
7
3
22
18
7
2
23
6
45
16
3
5
1
13
9
16
17
11
9
3
7
5
17
15
7
15
10
19
32
22
12
4
12
20
0
16
27
13
17
9
16
29
6
12
4
8
25
32
6
5
2
13
15
5
15
23
3
11
14
19
19
7
17
1
13
16
9
7
1
22
14
10
6
12
28
25
3
34
4
4
15
17
5
3
5
12
5
31
17
1
7
2
17
3
9
7
4
15
22
7
20
3
1
8
34
22
10
8
7
4
1
3
5
1
8
2
2
3
24
9
1
17
30
0
0
4
5
1
15
3
3
1
13
34
7
15
2
8
17
14
3
9
4
15
4
21
14
6
13
7
14
0
1
1
7
11
17
28
1
0
11
2
22
13
4
3
2
11
3
3
0
10
17
6
16
6
6
15
21
8
1
2
8
5
3
15
19
1
13
16
15
14
2
9
14
9
9
4
2
8
3
7
12
12
16
3
8
2
13
3
3
8
0
3
2
5
5
23
5
1
17
4
19
4
4
2
7
1
5
17
2
11
2
12
4
13
12
2
3
9
10
5
11
18
15
0
7
0
3
3
7
3
3
10
2
11
6
2
3
0
0
3
5
12
3
0
0
2
4
7
2
1
2
3
4
1
5
4
1
2
1
1
3
1
1
1
0
