4
9
12
8
66
29
7
4
1
12
4
6
14
43
59
4
14
7
10
3
60
1
40
8
25
11
35
30
20
25
33
11
7
45
5
5
9
36
46
4
6
9
18
7
4
38
28
29
57
10
1
28
13
22
9
49
9
25
6
36
43
36
9
30
52
21
18
7
3
24
12
17
4
6
46
38
24
48
23
79
34
0
28
61
72
2
3
46
21
1
4
32
70
8
59
35
77
27
52
16
51
24
64
4
5
3
6
12
45
8
18
20
42
38
11
26
33
48
14
39
28
66
67
52
31
7
27
29
48
29
38
2
1
67
8
8
42
41
39
22
57
28
5
56
26
37
8
41
11
10
22
15
48
33
6
83
35
51
7
55
3
34
6
17
35
31
6
16
14
2
21
49
54
9
12
50
24
37
17
6
14
41
69
56
10
26
41
34
11
50
55
52
6
38
33
17
3
19
4
19
59
12
15
15
35
35
49
96
66
25
4
36
45
2
10
59
11
39
8
29
28
42
22
3
10
24
16
64
7
38
49
35
13
5
46
33
65
32
26
47
42
12
1
27
19
38
43
15
15
21
8
38
2
52
31
20
7
49
6
50
10
20
69
3
16
14
45
37
2
45
25
38
19
41
20
15
26
31
17
13
3
10
39
15
6
51
24
50
81
39
28
37
56
10
7
1
11
45
33
39
39
44
5
10
17
29
81
43
17
63
15
38
0
31
10
44
17
43
30
35
3
1
56
25
22
18
55
8
67
57
2
49
5
17
7
20
30
40
30
19
37
4
2
21
31
39
2
28
48
35
35
0
18
29
36
8
1
49
29
24
26
9
13
37
27
29
36
24
4
19
9
33
4
11
25
44
48
14
26
5
63
14
27
4
8
1
22
29
10
23
19
12
55
9
15
39
14
42
13
26
1
17
5
50
11
72
19
47
20
20
17
31
5
24
27
8
8
43
44
56
6
7
37
23
34
60
16
47
67
11
0
77
27
34
13
10
19
14
4
40
39
42
4
28
5
42
3
44
2
27
28
56
9
17
12
33
36
49
19
11
26
3
9
9
4
8
11
35
2
16
40
11
15
40
18
79
18
31
11
44
67
21
21
52
40
22
45
37
8
33
15
35
55
30
3
7
11
13
21
45
13
15
55
34
7
5
54
28
30
16
39
15
2
9
16
50
11
36
44
48
20
20
21
5
6
34
63
33
18
8
13
46
7
18
30
11
14
17
20
43
41
1
10
9
21
33
27
8
39
29
1
3
13
63
55
1
14
7
31
7
12
32
41
21
11
20
21
6
21
23
3
46
16
36
3
60
40
43
15
62
55
42
3
0
10
49
0
54
24
2
68
15
4
0
6
37
55
7
30
20
6
4
12
45
32
0
3
12
23
30
27
17
14
25
45
13
9
27
10
6
40
8
52
15
23
50
35
23
43
2
12
26
11
11
36
37
18
1
23
5
8
46
61
2
8
1
22
17
28
36
10
14
41
3
44
75
21
3
3
25
1
21
32
34
1
18
22
57
10
39
45
9
1
26
41
34
13
78
9
8
40
17
2
30
64
6
5
20
47
23
0
2
12
37
18
15
18
12
12
27
57
24
49
1
8
56
14
24
71
2
45
15
17
7
28
0
66
38
13
9
20
4
24
29
12
32
36
28
39
23
12
30
64
42
5
13
2
31
15
21
65
12
28
13
1
1
23
18
21
33
2
40
11
12
0
18
23
17
39
25
9
12
41
19
27
33
5
3
9
26
4
21
21
48
27
2
2
6
3
2
8
45
5
12
13
9
48
3
16
51
16
54
23
22
34
35
13
7
2
50
14
4
0
6
20
13
3
15
12
2
14
12
27
10
6
26
0
31
7
35
9
18
5
11
57
31
68
14
6
9
50
15
11
32
38
1
9
39
35
53
51
35
8
1
19
17
15
14
6
39
9
10
5
2
6
11
15
33
7
24
64
42
30
19
7
35
20
12
1
34
18
7
25
1
1
38
8
27
15
33
19
21
5
25
28
4
19
4
23
11
37
14
8
5
0
26
13
10
5
21
20
25
32
11
15
22
36
12
35
17
14
15
5
6
29
9
19
1
8
3
8
10
24
24
21
10
8
2
14
7
17
1
19
30
7
34
22
2
15
7
8
40
5
3
9
37
59
36
18
3
4
9
36
36
10
4
21
1
20
3
1
33
20
34
6
1
18
18
8
2
1
19
24
49
17
10
38
9
0
46
28
1
28
15
1
22
12
32
9
8
23
4
20
25
4
22
11
22
2
49
5
10
3
6
17
6
26
10
6
3
5
26
23
29
6
11
24
6
14
38
27
15
18
20
20
6
13
3
27
4
27
6
26
13
24
16
20
10
0
13
10
7
8
15
16
10
8
18
8
17
7
31
5
20
4
15
15
5
13
14
1
3
7
14
26
6
15
14
19
2
46
1
17
6
11
1
4
14
30
11
3
20
2
2
8
4
11
35
26
3
33
42
3
18
4
22
10
32
17
32
16
5
2
22
22
17
6
5
27
10
14
9
19
4
9
37
5
14
17
12
20
27
12
7
20
14
2
9
0
15
8
6
22
20
13
7
9
1
6
10
22
14
23
14
19
8
3
11
15
0
6
17
1
6
11
14
8
12
19
19
15
6
10
32
14
24
20
6
16
13
30
8
2
33
2
5
10
9
10
26
16
8
1
3
39
34
12
11
2
5
30
35
10
7
11
6
25
10
7
5
18
12
16
12
7
20
15
11
5
16
2
19
35
1
4
16
5
4
11
10
3
4
6
9
3
5
19
11
8
1
10
9
19
13
16
2
5
5
18
25
6
16
7
15
20
15
27
7
6
8
17
4
13
13
2
12
4
8
1
2
8
18
17
6
2
21
11
14
2
7
7
22
3
9
11
3
16
3
12
8
4
33
3
12
6
30
21
11
8
6
4
2
5
19
3
6
5
3
9
13
5
20
8
10
12
6
3
10
20
3
23
7
7
10
1
4
18
15
10
7
6
12
1
4
1
3
4
5
9
7
12
2
0
7
14
11
5
7
4
1
5
23
2
4
5
9
7
1
7
1
6
3
14
2
11
3
7
22
0
3
5
1
3
2
1
8
3
3
13
4
7
4
1
5
5
1
1
3
6
1
8
1
0
2
1
8
3
2
2
1
4
3
5
1
3
1
2
0
3
0
