0
3
31
23
7
22
5
27
57
78
5
12
63
3
54
8
25
15
3
11
16
14
12
26
34
22
8
5
53
11
5
25
20
20
20
6
31
2
15
8
36
9
104
23
47
17
2
2
39
11
29
8
44
6
2
11
39
27
37
25
5
22
15
38
21
17
12
39
5
25
46
76
33
22
3
31
31
71
32
43
16
30
70
31
36
27
44
2
15
39
34
34
10
33
32
54
26
23
61
32
35
32
35
84
24
36
5
37
16
18
11
18
4
29
36
27
12
18
5
9
23
17
32
63
40
4
17
42
2
37
60
70
46
20
34
13
23
39
30
36
28
16
16
41
7
73
31
15
51
25
72
67
15
43
115
26
45
8
2
5
28
16
44
20
25
29
16
6
49
23
18
5
34
7
33
19
50
37
29
30
46
18
22
66
40
48
31
30
5
54
15
6
6
47
10
20
57
59
12
27
27
33
25
32
21
3
37
25
5
56
53
5
33
16
31
0
45
5
12
9
33
40
27
29
27
12
21
38
7
7
55
33
53
93
18
18
13
10
16
68
42
13
46
1
3
39
68
10
2
17
42
51
56
68
20
24
36
11
0
89
61
93
5
72
1
27
6
22
40
50
59
59
28
21
13
54
4
22
21
32
1
61
9
29
4
65
18
30
40
29
31
23
10
23
9
9
27
26
21
18
36
18
16
54
11
14
31
45
2
17
22
14
34
43
8
76
21
21
5
29
11
23
17
30
11
26
31
6
13
47
24
17
56
14
97
1
37
28
14
19
10
71
41
41
8
20
14
10
21
36
58
17
9
2
13
55
27
41
12
12
1
50
13
25
19
41
14
10
62
13
23
4
38
14
0
60
23
38
16
37
20
20
24
55
40
21
46
22
6
23
9
33
12
27
11
19
24
18
7
29
10
38
20
10
28
9
16
16
39
14
17
7
24
50
37
39
38
42
20
2
13
32
30
8
2
50
11
25
57
43
11
9
26
13
31
46
49
15
23
14
5
1
28
20
23
9
27
4
39
41
11
54
4
41
20
34
54
7
9
26
7
7
34
22
18
35
19
20
13
15
1
36
16
59
35
18
4
33
22
17
15
52
24
11
38
35
19
9
28
10
40
5
15
29
8
29
1
14
24
0
31
0
33
11
33
9
2
35
33
27
9
1
29
15
11
37
31
89
23
43
7
35
1
8
15
7
18
30
5
65
73
5
2
28
17
41
4
32
55
15
24
16
1
46
15
5
13
58
57
21
8
47
11
40
17
41
2
7
9
13
9
11
9
11
36
71
21
1
13
12
5
9
12
12
12
22
23
10
25
22
27
3
29
21
5
24
31
28
50
41
35
33
27
52
34
0
49
7
30
9
0
13
41
12
21
7
1
25
12
22
8
24
14
22
1
18
70
2
6
26
58
21
49
7
8
26
27
6
31
19
38
17
42
10
40
4
26
7
61
34
21
44
48
47
17
23
6
3
34
20
3
6
11
11
9
16
10
3
20
25
2
6
5
7
27
6
6
16
19
6
26
49
4
14
23
28
16
59
50
13
11
27
14
6
17
4
23
52
19
37
1
37
1
9
6
30
21
25
19
16
8
21
43
2
6
3
24
39
10
5
4
0
11
22
12
5
46
40
3
31
4
8
24
15
25
63
7
0
33
16
33
14
7
21
40
4
11
3
17
38
52
39
14
37
3
21
46
28
12
18
14
19
20
19
32
13
19
24
34
5
18
12
3
32
20
35
8
15
1
26
21
30
19
10
76
11
23
19
30
17
19
1
16
6
47
7
35
25
20
30
26
7
2
23
17
20
14
63
11
28
65
4
15
43
19
29
25
42
29
16
31
4
15
13
11
15
20
4
0
20
14
12
10
24
16
16
36
2
23
7
17
4
18
5
14
21
17
38
16
37
34
29
23
20
40
19
12
25
6
1
6
1
17
16
30
26
13
41
39
52
8
38
15
24
2
13
21
6
9
18
6
43
5
9
21
6
37
25
23
13
15
39
2
20
26
3
4
14
15
32
19
2
6
24
6
10
3
14
19
56
18
17
11
12
10
9
1
5
33
12
33
5
14
19
22
48
12
6
10
42
13
11
33
12
9
20
6
50
8
30
6
31
16
21
35
5
17
15
51
5
12
16
18
32
43
15
25
22
17
40
46
7
10
14
4
26
19
22
4
29
9
57
35
19
32
18
17
6
29
23
7
1
9
20
36
10
4
1
30
20
49
19
18
13
14
18
30
21
6
21
49
17
4
17
8
9
25
14
1
17
14
11
8
29
21
20
14
16
17
17
5
42
7
29
17
9
10
4
25
17
11
4
6
49
2
11
37
18
35
3
7
7
9
2
39
14
4
3
37
11
6
27
35
28
7
2
13
20
28
12
20
3
8
13
34
7
8
0
2
6
16
19
7
5
0
53
38
34
9
10
0
11
26
21
3
3
61
14
8
7
1
8
3
8
1
2
6
17
9
34
49
31
21
20
11
4
15
23
21
3
0
11
13
36
9
12
15
13
16
1
26
4
6
22
46
10
2
23
19
10
34
5
2
15
16
22
8
28
0
13
15
14
8
3
22
3
13
35
9
0
31
7
15
13
15
18
4
11
15
3
33
8
3
25
7
13
0
11
10
20
6
9
11
2
33
25
3
5
18
16
8
18
8
13
30
34
16
13
10
15
18
14
14
22
7
16
11
10
7
5
15
9
16
0
7
2
15
2
9
9
19
19
15
29
4
20
10
1
6
1
9
12
3
5
28
26
14
4
14
46
17
8
10
21
15
6
2
6
7
7
2
7
17
27
7
10
9
6
16
26
3
7
9
17
10
24
14
1
9
5
3
5
9
11
6
2
14
2
9
17
22
3
16
1
7
2
0
10
11
17
20
10
1
8
2
6
36
3
7
11
16
26
7
10
9
11
15
1
4
10
7
4
2
15
3
9
4
5
2
5
17
14
9
13
18
7
7
4
24
11
20
2
6
2
11
8
3
3
6
6
15
3
6
4
3
11
3
17
11
5
9
2
10
2
4
6
1
3
12
9
6
2
4
1
3
14
4
19
1
3
8
5
7
8
7
0
8
3
4
5
11
16
10
10
13
8
3
0
1
4
13
8
5
5
0
6
6
11
3
3
10
7
4
0
4
4
1
0
4
4
7
3
6
3
2
4
0
2
1
3
2
1
1
2
2
1
1
2
1
1
