13
20
14
1
2
33
8
75
25
8
45
26
22
2
10
11
16
3
11
38
3
11
22
20
15
6
15
8
20
7
0
5
8
50
12
36
8
15
13
14
2
36
47
0
32
5
28
7
19
62
16
40
5
7
45
20
8
6
4
27
43
33
44
6
12
52
37
8
74
8
55
86
13
59
11
2
28
1
63
1
15
11
91
1
16
14
14
65
28
64
7
43
39
66
7
8
8
1
9
30
44
5
92
15
52
42
44
26
13
27
13
43
11
14
39
15
12
8
2
11
62
42
17
13
32
64
77
15
83
8
14
1
10
40
7
16
10
12
25
41
53
39
23
19
30
37
56
24
35
28
0
19
44
7
27
58
60
11
1
45
20
26
15
25
11
14
32
0
6
21
31
7
51
3
0
30
55
89
10
53
12
38
26
26
26
55
19
12
2
17
75
8
8
1
61
30
24
42
49
39
28
15
19
16
61
4
45
43
24
20
6
24
34
44
39
24
31
51
23
4
29
11
43
4
21
28
26
10
35
7
19
13
10
41
61
5
22
20
23
42
3
29
2
41
6
46
50
8
0
16
40
24
57
46
10
0
13
51
57
35
4
38
38
9
22
7
4
30
34
52
56
12
0
3
45
49
35
10
18
6
2
13
31
59
14
20
43
42
4
23
12
2
24
30
20
19
13
1
6
33
21
16
5
63
16
28
11
34
10
69
23
1
26
25
51
37
12
10
7
12
17
16
2
1
1
10
49
74
60
28
34
24
31
29
74
35
23
24
1
68
6
11
42
0
14
23
66
11
42
56
42
4
33
21
15
5
7
38
17
72
9
17
5
8
57
7
26
21
55
24
46
3
22
20
20
4
7
22
9
19
2
59
2
53
16
29
19
15
25
13
28
18
1
61
9
5
29
22
82
8
27
4
12
55
56
19
40
22
27
9
24
33
16
53
35
28
16
2
9
39
25
11
0
30
6
10
44
35
6
67
9
11
18
23
57
29
47
31
23
11
52
5
19
60
15
57
43
6
44
25
38
4
15
1
43
42
7
20
20
4
22
19
55
38
52
8
25
34
43
31
44
42
24
31
12
29
5
34
30
15
6
64
3
26
30
20
18
61
7
37
6
3
26
17
13
23
2
13
26
24
9
31
10
21
38
1
21
28
57
32
26
42
22
15
7
32
9
28
13
32
60
61
44
12
103
5
36
10
35
33
31
8
12
4
25
28
25
31
14
62
3
19
5
52
2
1
21
28
29
1
35
2
3
31
16
35
5
17
4
20
16
4
29
30
9
5
6
5
23
5
1
46
24
12
14
6
11
4
17
25
41
23
4
1
30
34
37
68
5
38
2
16
13
4
21
6
65
23
28
12
2
15
26
10
23
1
6
51
24
1
0
17
17
46
19
2
38
7
40
41
20
18
12
5
25
16
15
5
69
1
28
28
58
22
18
10
22
6
5
50
61
21
55
2
9
38
18
44
8
12
28
20
5
20
16
17
57
21
7
17
12
17
36
16
34
10
3
18
2
7
24
9
37
27
36
10
34
26
13
18
40
14
18
59
10
2
29
18
22
7
40
21
17
45
13
7
28
4
8
9
19
10
3
31
12
17
8
23
22
23
8
15
3
12
43
5
30
8
29
42
49
4
1
5
49
33
36
9
23
25
15
13
8
2
29
28
4
17
47
13
14
8
31
10
19
16
23
8
53
9
23
14
34
4
23
30
17
29
11
9
19
2
4
5
4
0
6
11
8
12
12
4
36
19
23
18
6
21
35
17
10
7
1
3
3
4
14
31
7
25
10
12
61
18
3
14
7
9
37
0
41
51
54
45
33
38
15
2
14
5
3
40
19
25
30
0
4
11
5
12
8
5
13
14
7
22
3
16
9
35
39
30
22
29
20
15
9
10
36
13
0
13
9
18
27
9
0
13
9
9
57
24
15
21
5
6
49
21
10
34
4
30
21
39
32
25
14
49
4
25
30
11
10
39
7
33
1
20
23
0
39
15
52
18
29
21
11
2
37
13
17
1
6
33
2
10
39
9
45
12
33
21
7
40
61
8
30
31
51
39
24
8
28
9
12
13
0
12
24
1
6
41
24
6
16
15
5
32
17
14
25
1
8
2
41
15
13
2
23
19
9
20
15
26
3
39
0
48
18
22
2
10
4
13
12
4
2
4
30
23
25
17
2
0
10
32
18
20
36
1
9
4
27
15
4
5
16
6
12
31
13
4
19
6
11
14
4
30
15
2
24
27
8
2
8
7
13
3
27
15
24
26
6
31
67
13
28
31
22
13
14
0
31
15
8
14
3
37
2
14
28
2
5
48
9
18
9
1
19
10
9
5
19
11
13
15
36
37
2
27
20
21
5
13
2
0
34
16
16
6
7
13
32
13
7
14
9
24
11
8
29
19
28
7
26
7
4
8
16
10
17
43
6
9
12
26
12
22
17
13
23
13
3
18
8
5
25
12
5
12
19
8
12
12
6
8
1
21
0
14
21
28
13
11
20
16
0
12
29
1
0
4
13
17
2
24
14
7
1
1
3
6
10
16
19
16
35
2
2
35
8
27
10
13
38
0
9
6
10
20
6
2
9
21
5
17
10
9
31
18
18
6
2
23
10
18
16
14
26
4
5
13
10
23
17
22
24
4
2
9
31
18
11
15
10
21
9
19
16
18
2
22
15
9
33
16
32
17
13
20
24
14
32
2
2
14
24
8
1
31
10
22
13
4
1
37
5
12
10
29
4
3
6
20
21
2
5
1
16
22
7
35
22
9
12
1
13
14
26
4
0
12
3
10
2
7
13
9
18
11
25
14
3
19
13
10
12
27
8
2
8
13
1
9
5
33
5
2
8
11
15
25
6
25
12
12
29
4
2
2
2
14
9
21
5
2
6
10
2
11
9
7
22
9
22
7
1
9
8
5
3
22
19
2
3
13
23
19
2
0
7
18
4
2
18
4
4
3
4
6
7
13
1
18
7
5
15
4
0
5
10
12
1
5
11
10
12
1
16
3
8
2
1
16
6
6
1
16
7
2
6
16
1
3
17
6
10
3
7
11
9
4
8
1
12
1
2
7
11
2
1
13
10
0
2
9
1
1
7
18
3
2
11
3
8
4
4
11
7
0
3
3
1
12
8
2
0
6
2
8
2
11
4
2
2
6
12
3
3
0
2
1
3
0
2
3
2
5
1
4
3
7
1
1
4
1
1
1
1
2
