13
16
2
4
2
2
17
19
3
7
26
11
40
14
41
1
8
8
28
14
51
44
13
35
6
13
12
6
9
12
46
11
7
5
52
25
30
56
43
28
4
40
38
0
6
11
31
18
39
25
18
18
39
8
42
7
33
62
25
58
53
21
22
34
34
63
21
20
15
27
8
22
41
52
68
11
7
74
20
23
5
18
92
11
25
42
26
14
53
35
33
14
42
38
21
23
6
35
3
6
32
7
32
19
42
2
18
34
1
34
73
39
25
39
63
35
5
22
44
7
28
19
10
46
32
48
70
6
29
9
41
28
61
17
38
0
32
14
5
33
56
57
5
12
24
66
58
30
40
5
6
30
6
53
52
2
22
56
21
7
46
51
21
7
52
22
23
4
59
40
10
26
19
38
13
11
51
21
25
6
2
21
46
1
19
20
56
19
8
31
15
8
40
49
15
6
26
19
46
74
8
20
28
21
63
7
16
30
46
41
5
3
76
16
34
64
28
28
40
52
1
45
21
7
23
39
31
41
34
0
63
24
22
80
85
0
18
29
34
6
16
21
54
22
36
64
28
21
25
13
46
10
53
40
1
30
22
6
29
22
21
23
3
29
4
33
4
33
7
12
18
25
34
10
25
6
2
51
61
54
9
81
47
12
62
32
10
21
22
26
0
9
28
25
7
28
0
57
16
24
9
70
40
62
1
14
42
54
4
32
60
68
26
11
20
23
28
42
26
6
2
9
11
8
16
9
19
3
4
8
9
100
26
7
3
8
9
44
22
42
29
22
21
6
8
68
1
15
25
64
22
25
36
18
2
30
6
26
56
4
30
33
13
27
51
48
55
14
69
18
39
31
26
9
22
1
31
39
8
3
14
58
1
12
0
27
7
33
23
22
1
73
15
26
50
5
9
8
20
10
32
44
22
7
1
7
24
39
1
17
32
16
9
16
22
19
48
33
12
19
2
7
35
24
61
20
10
20
40
8
57
43
1
1
26
18
22
33
9
21
50
21
28
8
9
10
16
81
37
1
49
11
34
41
2
40
83
36
34
34
43
23
10
4
15
30
12
1
14
14
26
9
25
5
68
23
7
31
38
26
15
58
10
16
2
6
44
12
19
18
49
35
59
16
19
6
4
24
10
56
25
39
26
3
41
18
28
3
26
28
84
51
28
52
4
52
27
4
16
25
67
40
46
37
32
13
2
5
7
9
16
54
26
15
19
4
44
47
27
22
29
40
1
13
8
27
67
28
5
36
5
32
18
12
32
19
24
2
13
45
19
38
33
35
17
18
25
8
56
33
20
40
21
11
30
32
10
28
41
16
16
32
4
50
23
58
4
9
16
46
17
49
4
54
3
30
4
7
41
11
13
69
64
25
4
2
10
31
26
17
23
33
19
28
17
28
42
25
9
19
2
1
26
38
34
48
31
4
6
75
18
14
21
6
39
29
34
22
29
18
12
5
4
42
3
16
19
10
3
1
22
13
63
39
10
57
7
31
17
26
22
54
32
31
5
16
15
10
12
0
4
6
6
28
65
51
14
1
1
16
9
6
1
15
10
30
18
38
32
29
43
2
3
7
21
33
42
27
32
5
8
24
17
1
44
4
49
6
17
28
13
35
32
21
9
26
6
31
11
1
21
28
16
5
40
11
34
31
26
18
10
2
38
1
24
31
1
8
2
18
23
19
37
71
28
2
17
21
10
18
32
2
49
11
3
41
11
5
28
7
25
29
2
7
53
46
39
5
39
15
5
10
12
21
2
35
17
41
5
8
3
76
4
44
19
16
14
40
8
39
45
40
26
16
5
62
72
6
45
12
3
49
10
13
23
1
27
49
23
16
6
0
20
48
9
25
21
24
36
2
28
13
48
40
11
39
37
12
0
5
28
15
34
18
19
34
10
4
57
6
21
5
13
19
46
37
24
22
28
17
20
45
10
65
34
33
4
2
34
36
21
14
4
43
7
3
22
18
9
25
3
8
30
11
37
18
32
13
11
28
25
43
17
11
35
27
5
26
22
29
3
14
6
10
29
34
16
0
12
52
26
64
5
25
18
4
23
7
13
24
25
4
23
39
15
15
53
4
1
25
4
13
37
22
36
13
20
4
41
11
53
9
23
8
2
8
30
33
13
23
14
13
38
25
12
7
24
2
5
9
42
11
22
67
15
26
28
23
15
9
4
10
45
26
3
13
9
20
21
49
5
10
32
18
23
7
5
8
24
37
11
38
34
7
36
1
9
24
29
26
26
2
27
20
12
14
29
29
21
25
28
22
4
22
6
11
1
4
32
3
17
10
19
13
7
43
21
11
15
16
32
11
21
35
5
26
20
24
12
1
22
30
36
12
23
21
18
10
15
0
47
13
1
21
10
3
72
14
20
15
9
30
15
3
16
8
3
30
17
15
22
22
10
17
28
12
7
29
6
7
15
6
3
25
10
5
20
28
12
8
13
33
22
23
36
51
10
3
34
13
42
13
2
17
21
10
19
10
25
32
9
4
23
15
22
25
32
6
16
7
10
26
26
24
28
22
8
22
6
6
36
17
19
2
19
14
17
10
29
1
23
20
10
14
10
4
3
10
11
15
24
36
29
7
9
10
1
15
7
15
13
11
23
2
10
9
38
0
25
15
20
8
10
34
22
19
7
2
2
21
25
4
11
29
2
4
16
17
7
13
21
23
7
31
16
2
10
20
3
41
2
9
3
15
13
15
21
7
13
1
4
33
14
10
17
5
15
15
4
16
10
12
6
10
33
8
8
37
13
1
25
6
21
15
7
29
2
5
12
20
16
5
19
16
6
17
17
5
5
6
1
7
5
6
9
10
16
21
21
5
14
4
14
24
3
5
5
19
43
18
21
2
10
0
1
13
6
11
4
11
6
13
2
21
15
9
25
10
4
12
22
10
13
2
2
12
30
2
1
1
14
16
9
14
25
7
1
2
5
1
2
5
7
9
30
15
0
2
2
5
3
9
20
8
1
9
15
5
25
6
1
2
6
7
6
17
10
7
7
18
13
11
19
7
3
4
4
34
11
9
11
6
9
2
11
6
0
9
3
5
2
11
3
11
5
1
5
4
9
1
10
7
5
5
2
9
17
7
10
3
7
5
1
8
2
2
3
2
13
4
10
11
13
8
0
1
3
2
0
10
3
12
4
13
1
0
14
4
4
1
8
5
2
6
10
4
1
3
5
1
3
4
2
2
0
2
4
2
2
2
0
3
0
2
1
1
0
0
1
1
