35
19
56
7
18
0
33
23
7
0
60
18
4
5
2
26
18
15
7
43
14
14
9
48
31
11
42
25
0
24
17
12
31
1
12
20
5
14
2
35
27
20
18
7
25
12
29
20
23
7
1
23
52
25
17
17
25
53
8
5
76
41
2
2
38
23
56
23
20
31
11
1
17
30
8
24
52
0
75
26
33
1
37
71
5
88
25
47
26
12
72
20
35
18
21
19
13
5
18
9
1
17
6
12
16
16
3
41
2
69
10
13
5
14
69
18
33
60
32
55
32
36
15
35
37
28
53
24
3
34
18
47
62
31
30
3
47
13
16
13
21
19
33
13
15
1
52
81
54
18
64
14
72
2
9
26
48
42
11
66
37
45
38
58
14
21
16
28
26
41
5
36
32
29
55
1
42
8
22
32
9
40
19
30
52
19
43
9
18
17
33
2
45
122
68
27
6
30
28
85
20
59
45
33
7
34
9
20
60
14
3
50
32
54
34
112
27
17
34
12
15
4
6
30
21
34
30
43
5
31
90
4
20
23
12
7
8
49
63
60
1
4
10
42
7
58
27
43
21
41
4
18
60
48
29
24
16
82
0
50
114
30
2
19
12
6
28
11
38
18
5
3
5
10
6
24
26
16
7
20
23
28
1
79
12
28
37
24
52
3
19
3
16
5
9
12
25
6
19
29
45
66
29
22
32
39
4
2
11
15
3
34
39
20
6
49
13
47
64
11
14
62
22
25
57
39
24
16
65
40
26
24
16
58
8
9
4
23
2
25
40
29
24
14
61
23
24
24
11
14
31
13
32
6
9
21
44
35
56
11
16
3
25
68
5
12
13
16
23
26
76
34
24
0
28
19
10
12
6
30
22
7
11
2
52
36
30
38
30
9
8
56
37
29
10
50
23
36
4
0
59
31
24
3
8
53
3
32
33
4
57
0
26
16
4
33
27
27
13
9
93
67
46
6
34
64
25
41
38
5
5
72
9
28
17
28
6
29
11
58
25
9
14
16
20
19
3
33
70
44
25
10
54
29
15
52
24
35
4
1
10
11
29
35
14
39
12
27
13
49
19
5
32
8
22
13
30
2
39
22
18
28
9
57
10
29
31
28
22
53
35
49
26
26
8
37
19
60
78
30
25
27
45
23
9
30
64
2
15
89
29
20
22
26
6
31
14
40
47
22
21
46
37
7
28
42
11
48
4
10
22
4
20
17
20
35
14
51
8
49
77
30
26
13
8
4
2
14
27
44
8
52
8
38
18
56
3
14
27
6
23
17
7
18
9
21
50
30
5
49
12
18
38
29
11
48
22
3
16
2
20
30
35
45
13
40
22
33
53
2
27
8
11
50
42
11
32
36
13
21
8
11
1
30
22
1
1
17
12
10
44
3
32
33
34
36
22
6
13
3
37
17
1
30
25
32
19
0
15
1
15
28
3
22
5
7
7
6
12
26
48
10
27
6
20
81
62
9
4
7
3
56
36
17
4
27
41
23
44
1
28
8
25
44
55
25
10
6
18
7
39
27
13
81
13
30
19
13
24
15
12
31
8
3
6
27
97
21
21
26
73
8
9
22
38
23
44
1
24
18
42
31
50
24
33
46
15
1
30
26
56
35
8
13
25
49
5
16
43
26
11
30
16
3
14
9
2
13
15
40
51
5
14
10
57
46
16
8
30
47
18
7
58
26
19
4
27
14
7
5
24
25
49
7
34
18
1
28
2
36
10
14
25
8
16
41
29
30
2
53
2
15
19
7
49
0
14
47
1
22
10
58
33
2
7
16
7
10
21
15
1
26
0
11
32
63
20
6
5
3
6
40
31
3
1
27
22
9
22
1
14
4
1
4
20
32
39
4
9
25
61
10
6
24
5
10
14
21
1
4
16
5
14
2
4
11
6
38
19
25
13
7
30
7
3
4
41
4
13
18
11
23
32
2
22
7
44
16
4
14
43
51
6
13
1
30
1
30
16
16
52
43
20
21
27
3
8
20
1
19
21
32
2
1
12
14
33
4
10
29
26
20
15
16
5
15
26
28
12
10
23
29
36
22
11
15
16
19
25
3
20
8
6
51
31
14
4
12
14
11
37
10
9
6
13
43
38
12
5
5
18
32
18
48
22
3
15
9
28
22
21
6
2
27
5
18
4
19
10
5
29
35
39
1
11
19
11
19
26
44
32
37
34
20
39
31
11
5
66
9
1
3
6
26
28
8
22
36
36
15
25
10
3
2
2
32
6
12
15
0
28
9
27
23
10
14
24
38
5
12
7
25
5
12
4
17
5
16
14
11
23
18
35
3
15
6
12
30
28
20
8
8
15
4
1
3
9
13
14
34
35
2
18
27
24
11
5
1
39
18
37
21
8
8
0
11
11
5
12
17
4
6
9
29
21
1
10
33
24
16
23
8
14
4
6
26
3
19
19
30
6
35
42
10
4
28
27
12
23
48
12
1
23
25
0
23
29
13
24
8
8
23
19
1
1
24
24
5
38
17
14
4
6
36
25
20
1
48
9
12
29
17
1
6
4
15
15
24
9
4
32
10
14
7
13
0
3
17
26
9
4
4
4
29
10
13
12
19
5
6
1
8
22
11
9
2
8
21
18
16
10
5
27
21
11
31
14
12
24
22
7
1
36
20
12
4
7
5
4
19
19
8
24
20
6
23
16
19
21
20
2
19
12
2
3
14
9
20
18
2
22
7
4
5
25
5
19
19
1
24
20
7
1
14
5
20
5
1
13
19
16
12
10
6
11
1
5
21
27
22
22
17
8
2
12
4
9
3
7
2
25
21
20
20
2
31
4
15
5
2
22
7
5
18
5
4
9
10
11
13
1
5
1
10
8
9
6
21
13
15
12
3
14
32
1
4
12
10
12
2
14
23
6
10
9
7
10
7
25
2
10
21
11
2
14
12
10
4
12
15
2
9
17
4
10
4
19
2
19
12
12
25
17
6
8
0
3
18
3
7
7
7
11
6
8
15
14
3
8
11
8
2
2
9
3
10
4
2
2
14
17
8
29
2
15
8
2
4
6
2
2
2
0
7
4
11
7
1
2
4
6
16
1
1
7
18
1
2
11
11
2
7
14
2
0
11
4
7
16
9
11
12
10
7
11
9
1
14
26
8
6
2
9
11
0
14
0
4
7
5
2
4
2
8
17
6
0
5
5
1
8
10
9
6
5
3
8
0
2
3
10
6
2
5
10
4
0
2
5
2
0
2
1
8
2
4
0
2
1
4
1
3
3
3
2
1
0
0
0
0
