7
2
3
3
56
41
5
2
6
12
41
1
7
9
0
2
4
31
18
48
57
20
23
6
1
7
69
11
64
25
9
45
21
9
8
15
23
59
26
12
14
20
26
23
19
4
27
15
9
20
20
43
16
22
28
1
9
29
5
15
12
20
10
61
40
13
22
3
3
22
24
36
7
36
48
34
44
36
37
43
32
12
1
43
41
27
71
31
13
27
47
61
17
13
9
51
62
66
29
41
3
6
13
19
4
31
41
21
15
4
12
12
6
23
18
11
5
30
13
86
30
66
65
7
21
51
28
13
14
18
44
3
38
36
81
45
26
69
28
1
79
6
15
14
45
48
9
47
46
32
3
7
9
12
13
47
26
29
17
18
0
74
25
59
57
23
8
48
56
13
34
22
1
2
11
7
28
54
12
4
37
16
52
4
54
46
14
17
13
30
9
40
14
41
36
58
12
69
42
9
29
17
10
69
40
34
13
7
42
1
77
48
30
20
16
30
11
22
42
8
26
16
0
31
58
22
10
10
53
3
35
30
68
61
2
39
11
46
26
11
38
0
28
23
35
39
30
27
31
18
11
6
2
11
31
53
8
21
77
56
47
40
52
56
9
20
17
32
1
8
21
40
20
18
16
13
27
12
20
23
6
18
27
10
16
23
15
19
7
44
53
6
31
7
2
25
26
16
27
48
4
52
71
45
75
7
25
32
27
45
33
31
25
4
31
11
30
10
33
62
63
16
5
80
6
38
66
13
41
8
42
37
12
18
28
51
12
35
19
3
11
7
107
26
18
13
18
28
38
3
15
46
6
41
10
27
20
4
9
3
6
57
5
47
14
10
5
1
21
44
39
36
5
41
32
45
71
34
45
3
79
3
2
32
10
25
45
14
29
30
6
19
30
23
36
56
6
49
7
9
27
27
9
21
16
28
23
69
18
23
12
22
11
13
37
39
53
32
23
32
20
43
55
5
28
20
73
4
40
25
12
14
24
17
3
46
12
3
2
27
20
38
57
8
30
25
9
15
23
21
5
52
21
1
10
45
5
36
50
26
37
9
34
5
37
16
27
6
58
25
6
63
31
9
32
15
4
45
15
14
41
2
48
21
17
19
6
1
31
39
37
13
66
55
32
6
16
26
17
8
17
6
37
4
9
10
10
26
49
25
8
0
35
3
21
6
24
7
14
26
77
16
35
20
41
37
28
4
20
75
55
12
8
5
16
37
7
1
26
13
13
31
36
1
7
26
4
22
11
9
9
39
31
4
3
17
33
6
44
2
4
35
24
1
3
45
17
12
9
24
30
11
28
5
31
5
27
17
5
19
7
25
20
2
4
58
31
8
22
9
16
60
31
25
69
49
2
7
1
8
15
36
3
24
3
0
5
21
34
15
11
32
20
43
38
15
3
3
29
35
28
9
9
17
49
16
33
20
24
4
107
9
6
37
26
1
16
28
23
9
32
6
3
23
10
33
17
22
31
39
4
38
9
29
13
1
12
31
1
48
2
24
46
1
10
21
4
34
23
25
20
6
15
49
31
30
14
6
23
4
18
18
2
16
39
50
5
34
12
21
2
47
8
9
30
1
21
12
25
2
87
1
11
31
55
89
26
1
26
21
16
8
72
18
38
3
15
5
18
10
26
5
43
30
20
42
16
28
27
9
23
20
28
31
11
44
33
22
6
54
15
30
54
35
13
12
34
1
1
40
6
66
24
85
11
18
30
8
44
39
19
17
0
2
10
38
29
10
28
48
15
1
10
4
5
12
17
19
25
14
6
27
12
13
7
35
5
11
49
14
23
25
21
33
33
27
17
23
50
12
12
13
19
4
11
60
4
39
31
17
20
3
26
4
9
6
26
12
37
25
30
3
22
28
11
3
3
16
12
28
10
12
10
31
30
36
25
39
51
7
9
43
46
10
15
7
40
13
51
4
19
14
34
7
37
16
1
35
19
5
29
25
13
6
19
7
33
31
32
28
4
24
2
26
4
4
51
21
12
6
44
2
20
4
33
22
17
19
8
7
24
38
20
2
29
14
10
33
31
35
5
27
1
38
3
16
25
13
11
4
0
14
20
11
3
35
6
1
6
13
16
19
24
5
15
32
53
7
3
9
6
4
38
15
8
9
24
0
30
22
2
7
9
10
49
14
44
36
1
6
25
13
10
0
4
16
10
27
22
8
8
7
27
24
0
19
14
10
18
38
56
8
57
1
9
13
6
1
7
23
29
34
13
18
2
30
9
14
9
44
9
1
35
39
30
1
6
6
6
12
24
3
28
7
23
26
2
10
6
20
2
6
6
12
1
22
27
28
5
32
5
25
4
27
14
25
10
0
20
19
8
14
11
0
11
7
23
7
24
36
0
7
11
24
5
4
10
17
19
5
15
9
41
15
23
17
22
19
38
24
2
17
1
14
17
8
10
1
16
17
7
20
17
17
23
1
29
10
1
8
9
32
9
10
4
23
6
17
13
32
10
22
4
6
36
23
11
13
14
18
24
18
60
0
22
20
8
13
6
11
6
10
8
18
33
44
37
47
12
19
12
25
18
12
9
10
1
5
1
23
16
43
2
24
15
7
21
4
4
15
18
2
47
33
13
26
2
4
34
12
24
3
2
26
13
6
20
19
43
6
4
12
15
8
41
6
3
4
11
18
2
26
11
5
18
15
20
15
16
1
15
0
7
17
6
2
0
6
18
25
13
19
19
8
4
14
8
8
1
7
16
12
0
18
16
22
12
27
17
22
10
41
24
13
27
2
4
1
11
29
15
16
18
6
2
13
7
2
20
30
27
20
17
10
12
7
3
14
6
18
10
13
18
9
10
6
12
4
2
4
0
6
17
13
6
12
12
2
26
10
11
14
10
1
1
5
9
33
14
6
11
8
1
16
12
6
4
12
23
4
11
20
5
2
9
11
26
10
2
1
14
35
4
23
1
3
2
2
8
15
3
23
2
5
1
0
14
10
5
1
1
11
1
11
2
8
12
2
12
7
7
27
11
23
9
23
20
15
4
4
1
22
1
15
1
21
5
19
1
5
19
3
3
3
10
22
12
9
12
14
2
6
7
9
16
12
1
15
2
2
10
10
12
16
19
16
4
3
11
3
19
4
8
8
11
11
9
4
19
11
11
1
6
4
7
1
5
5
8
6
8
3
10
15
6
5
7
0
5
11
6
10
3
0
7
13
2
3
8
10
1
3
1
12
4
10
1
10
6
4
2
9
6
3
10
5
1
2
1
3
15
10
1
0
2
3
0
2
5
2
3
5
2
1
0
3
7
0
3
0
