21
56
36
2
42
63
10
30
4
55
12
19
9
7
18
2
54
17
1
60
2
3
68
3
5
0
13
15
48
12
42
49
53
18
6
30
8
17
5
28
38
13
40
2
27
22
10
43
25
39
23
40
37
19
43
91
47
17
43
51
51
30
4
11
20
4
39
26
19
19
14
36
15
31
60
2
58
37
19
38
5
38
75
11
55
25
27
39
33
83
10
44
18
31
13
3
13
45
34
30
42
0
0
40
11
72
56
22
43
31
2
9
28
17
19
65
13
18
53
28
4
15
16
11
41
12
44
1
39
2
9
46
70
21
16
2
29
39
21
14
87
45
40
64
58
22
15
40
15
13
28
7
28
15
24
48
4
54
5
10
64
2
44
28
36
17
16
5
13
12
46
9
21
28
43
22
91
50
1
17
21
19
33
26
1
42
37
63
60
10
43
25
28
8
10
9
70
52
40
47
13
45
10
28
30
14
12
87
22
47
37
2
21
12
64
30
24
29
28
29
35
43
64
4
26
60
45
14
1
34
38
13
61
57
5
21
47
96
75
5
19
1
30
38
18
13
36
25
20
21
21
10
17
22
42
18
4
27
43
59
52
36
5
2
2
45
7
14
17
22
38
5
52
10
14
51
1
18
13
5
8
21
9
2
46
5
68
19
39
16
47
25
6
31
40
2
61
10
21
78
11
65
26
40
19
46
29
8
26
6
7
31
63
1
8
6
14
20
3
34
34
14
21
41
41
17
20
44
24
12
19
8
13
4
60
3
37
37
30
20
6
7
11
10
9
14
6
3
56
70
2
11
33
9
5
43
38
27
22
43
9
14
37
11
44
4
24
31
8
37
73
61
9
16
7
33
20
19
18
10
19
20
3
14
18
14
12
66
23
46
23
36
11
7
16
30
16
18
6
12
17
29
15
56
9
21
24
0
34
39
50
18
16
27
17
10
0
3
33
31
45
71
18
40
20
7
2
26
22
20
3
40
23
5
13
40
64
1
4
27
17
50
52
9
36
26
31
23
28
19
41
23
5
12
44
1
16
12
14
22
48
39
43
62
44
4
19
38
12
27
23
26
52
15
36
23
28
45
10
12
16
54
21
37
63
5
47
37
52
10
6
18
13
15
8
21
9
58
23
6
15
20
42
76
22
51
33
16
4
8
7
18
26
6
11
13
10
55
22
73
12
11
33
8
13
95
31
25
11
48
23
10
24
9
22
21
16
19
5
33
13
5
5
15
21
35
33
8
20
18
67
15
17
23
21
35
3
2
65
12
3
2
24
9
51
5
92
63
23
2
25
21
38
14
4
23
8
22
16
28
7
7
3
17
30
21
26
22
43
6
24
17
25
44
13
33
35
4
50
3
13
9
48
2
28
16
14
12
49
18
24
27
4
31
17
11
5
10
54
13
58
1
33
8
2
2
10
19
26
52
28
6
38
33
43
36
7
26
7
34
15
10
39
18
4
11
13
29
7
20
21
17
37
12
22
11
7
7
18
12
43
9
20
10
30
50
20
12
56
30
42
24
37
8
50
9
8
14
5
19
8
46
17
2
22
57
7
4
8
34
7
19
22
19
14
47
30
30
23
9
33
3
16
23
2
14
34
39
14
50
49
17
12
9
28
10
24
11
26
8
34
39
19
11
23
4
9
10
20
9
47
12
5
2
4
28
29
50
51
31
19
5
3
29
18
11
2
30
52
73
25
38
13
0
20
31
15
21
40
31
46
29
11
22
12
5
18
17
13
49
13
41
4
18
12
74
11
0
32
13
14
16
27
57
18
69
15
26
13
25
41
12
35
11
3
41
38
28
10
26
17
10
22
27
11
11
20
4
5
10
41
16
45
17
22
9
2
2
14
23
15
2
2
35
11
18
19
10
28
39
21
5
29
21
18
4
12
4
1
14
45
5
5
9
45
10
17
24
20
28
13
2
13
2
23
17
14
1
8
14
0
22
30
36
7
23
10
15
29
5
6
35
28
19
17
33
35
11
3
38
12
12
2
4
10
2
16
42
7
30
24
39
15
31
22
28
26
12
20
13
33
0
11
23
14
2
9
16
32
19
21
16
4
19
4
27
35
38
11
15
1
6
12
12
55
13
22
27
27
8
26
33
21
8
24
4
1
17
33
1
9
20
28
9
20
2
2
2
9
11
54
1
14
30
16
6
17
21
4
14
12
20
34
37
28
23
1
1
1
8
27
5
27
12
5
6
24
13
13
1
37
10
19
21
38
11
20
14
7
7
1
11
22
4
14
2
21
19
20
10
15
30
23
9
6
7
1
22
18
14
7
24
7
7
28
25
30
31
59
32
8
17
11
13
33
13
44
43
4
32
31
33
5
19
23
13
23
0
5
2
15
7
8
21
3
43
16
18
9
37
29
27
7
3
8
4
5
13
35
10
16
5
7
23
26
36
16
11
0
3
51
11
18
25
7
4
18
10
5
6
31
3
19
20
24
35
5
43
11
18
5
41
8
12
3
7
30
44
23
7
20
14
14
6
30
16
21
10
5
30
4
27
6
3
10
7
7
8
22
8
9
9
36
9
48
6
32
20
53
20
4
16
16
14
8
5
0
18
10
2
3
42
1
19
8
8
2
27
6
21
11
16
17
24
9
5
22
0
17
5
11
12
6
5
31
19
15
16
4
20
11
22
7
11
2
15
27
10
7
16
2
4
14
20
8
24
4
34
8
6
24
3
19
14
3
18
11
19
36
55
13
3
30
4
16
9
4
21
4
1
22
6
11
22
13
38
16
33
1
1
4
9
12
8
18
0
7
12
9
3
16
27
3
5
8
15
8
3
9
18
12
14
7
9
18
9
9
1
26
11
11
14
12
10
7
1
10
13
4
31
20
17
3
22
7
14
13
4
0
24
1
13
16
3
1
16
9
5
4
4
5
10
5
22
7
3
4
16
12
8
11
8
15
7
2
10
20
8
5
7
2
7
18
20
0
19
8
18
2
3
7
13
8
14
17
20
3
15
1
10
21
7
11
15
21
14
12
21
13
7
19
6
2
2
8
9
18
16
5
9
11
6
12
8
2
5
10
1
10
3
14
0
10
1
14
0
1
16
5
10
3
18
4
7
4
5
10
8
3
12
6
1
5
11
1
3
4
6
4
8
7
5
21
5
2
6
3
3
3
6
3
14
17
2
5
1
11
5
9
2
0
17
4
7
3
3
7
5
4
3
0
11
7
13
1
4
1
14
4
4
8
0
3
7
1
5
2
1
3
1
1
4
1
5
0
3
1
3
1
5
2
5
6
2
1
2
9
0
3
0
2
1
2
0
1
1
0
0
0
0
