1
1
1
18
24
22
27
4
8
28
8
40
3
1
27
65
3
7
43
13
6
5
24
16
11
10
16
45
1
29
14
23
6
33
29
1
6
39
73
91
36
26
11
22
9
4
56
8
2
11
11
11
32
43
7
16
33
25
41
34
22
13
10
35
22
51
4
10
7
4
1
39
24
3
36
56
61
54
11
26
17
2
14
14
5
51
49
20
29
25
31
35
51
56
10
14
64
43
55
13
45
14
6
17
27
5
15
18
5
56
11
52
70
35
12
2
24
16
30
37
26
31
2
0
39
37
31
15
14
21
8
58
51
25
7
6
37
11
4
35
4
34
120
40
99
39
13
5
18
3
17
31
5
72
14
4
20
33
46
31
41
17
7
7
69
11
34
38
50
11
1
35
7
14
35
39
15
73
7
28
11
16
1
90
69
27
33
2
50
10
2
64
4
36
19
55
26
35
36
6
2
24
30
62
20
76
6
14
7
62
29
2
63
25
13
36
25
14
54
18
17
25
3
45
37
17
14
3
33
35
61
4
15
17
48
32
0
29
36
11
15
23
30
19
21
41
35
16
28
3
15
26
7
39
19
44
1
19
60
33
47
37
34
17
20
7
8
12
10
16
9
30
89
11
19
19
29
29
8
46
7
32
0
73
52
15
17
76
1
46
31
73
32
2
41
6
43
1
10
29
31
3
39
9
6
22
44
41
18
47
22
63
21
11
4
6
1
8
4
34
5
25
68
41
2
70
8
7
24
18
17
36
52
27
8
38
7
11
6
34
40
4
46
32
21
53
19
7
9
12
23
4
45
27
60
47
16
27
4
50
57
42
3
7
53
12
16
2
19
24
16
5
4
4
46
59
34
30
31
19
56
38
20
2
79
38
53
11
9
29
3
53
9
8
10
6
27
39
19
0
10
25
23
8
10
3
38
16
33
4
56
11
14
33
2
64
40
25
13
34
49
5
59
4
5
22
8
23
8
26
26
34
21
18
27
3
12
13
7
24
48
45
17
23
6
4
33
25
38
8
72
23
67
30
33
9
11
5
28
53
23
12
8
8
31
15
8
20
68
15
56
37
48
38
39
7
33
23
6
0
47
41
27
11
15
4
8
58
9
21
8
44
58
22
109
21
43
6
13
22
4
26
23
30
1
39
46
0
32
18
6
12
20
3
8
27
2
65
28
5
20
12
37
22
10
14
0
25
15
8
38
14
16
32
15
47
32
0
16
1
26
35
29
26
56
36
55
10
36
79
19
11
8
10
48
33
25
16
30
8
67
14
34
33
6
20
13
11
39
35
30
4
20
22
16
31
1
67
31
50
25
18
19
13
38
32
46
7
31
47
18
7
0
20
37
9
40
18
9
35
77
27
42
13
43
14
82
2
14
15
49
3
34
8
2
30
24
4
19
11
33
24
44
37
15
38
54
47
6
20
18
8
14
15
17
15
16
7
23
16
22
58
39
45
22
7
21
36
15
28
40
0
10
60
2
1
11
44
29
18
7
26
8
8
27
14
61
9
33
24
11
14
7
0
5
45
39
36
35
52
18
3
52
25
12
1
6
17
24
8
28
2
10
67
16
11
36
34
31
44
0
8
18
9
36
9
15
12
25
9
20
40
18
12
11
33
31
9
10
50
34
29
14
48
17
21
12
5
12
24
16
34
17
11
36
36
32
11
27
40
2
12
25
6
34
12
22
12
22
5
7
12
17
6
26
38
17
25
1
32
0
66
14
8
12
42
26
6
27
41
58
8
16
16
28
17
8
47
33
5
18
9
5
7
33
4
20
21
32
3
35
74
19
38
30
10
11
0
30
40
0
13
25
18
9
6
10
43
4
27
24
8
11
28
39
19
24
7
51
12
37
3
25
38
18
42
32
4
32
3
32
39
6
0
36
6
27
37
8
17
3
2
4
23
17
19
5
11
8
34
2
13
2
49
12
36
43
41
14
4
9
25
17
34
36
30
9
34
1
25
11
32
6
10
6
22
19
77
45
28
8
22
45
4
2
24
18
2
18
41
10
20
8
0
16
33
41
48
31
27
21
10
3
16
22
28
30
11
38
27
27
20
22
16
41
5
23
65
2
17
29
6
31
38
45
11
53
6
7
17
22
35
28
1
6
30
44
38
13
2
3
38
25
18
26
5
12
15
24
29
6
62
37
31
9
20
21
5
19
19
22
27
31
18
51
22
7
38
3
29
28
15
4
46
25
7
14
24
6
5
43
2
34
20
37
5
1
24
12
10
17
24
22
16
32
21
2
33
0
7
5
25
26
28
47
19
10
6
17
37
2
4
20
4
10
12
20
35
16
9
25
58
0
8
3
13
17
2
34
1
33
6
0
15
58
10
30
4
9
11
13
17
1
16
24
11
11
13
13
20
6
42
28
11
28
16
22
9
20
18
12
13
7
14
12
25
12
53
15
2
11
47
10
6
28
27
25
2
13
38
19
11
14
7
23
2
26
39
2
4
2
20
19
10
31
38
32
18
6
17
0
13
18
2
15
5
11
2
31
11
3
22
3
15
4
16
19
23
6
54
10
29
2
20
17
3
20
21
19
0
5
10
37
14
26
9
4
10
2
1
44
4
18
20
7
3
0
33
14
14
25
15
5
19
17
8
21
33
1
25
6
3
3
7
15
7
13
3
23
9
9
19
17
1
13
2
22
2
10
19
23
21
9
1
5
20
5
10
29
21
6
6
10
0
13
28
30
26
14
19
28
3
16
4
28
4
23
1
5
16
9
16
10
6
20
27
5
4
2
12
10
1
1
17
8
21
10
8
19
14
3
39
18
3
34
1
1
4
18
6
24
7
3
12
5
5
2
18
12
5
17
11
28
15
33
10
16
14
12
2
3
11
12
2
12
12
21
30
21
0
12
4
21
30
5
3
10
26
4
4
4
18
44
12
25
25
2
10
7
12
17
11
4
11
4
1
11
11
5
8
0
9
11
7
2
24
14
10
6
14
20
0
7
12
21
25
16
1
9
1
1
14
5
5
16
4
11
12
16
1
6
17
22
11
4
21
21
6
9
19
6
4
18
17
11
4
11
18
6
11
1
5
8
7
4
4
4
14
21
11
5
5
9
2
10
6
7
0
8
6
1
12
4
2
12
1
2
17
14
2
1
3
21
13
4
6
2
14
5
16
5
4
20
4
8
5
3
2
0
6
8
4
2
21
12
5
7
5
1
3
9
5
3
5
3
6
5
14
4
11
5
2
4
5
14
5
16
9
1
4
4
2
5
11
5
9
4
5
14
3
5
0
13
0
2
3
3
5
1
4
3
8
1
1
4
3
0
0
3
1
1
2
0
3
1
2
2
1
2
0
