5
34
7
3
4
13
5
27
7
4
11
16
10
3
2
55
2
14
19
7
70
21
46
54
35
25
9
5
11
44
29
45
42
36
65
19
7
68
18
20
33
23
18
18
31
16
23
86
7
18
58
11
41
28
8
49
23
37
56
23
22
22
58
17
32
1
107
18
18
9
23
29
17
6
30
24
19
46
20
48
25
41
37
31
13
24
21
26
48
41
31
41
80
8
21
67
43
5
4
31
16
43
49
40
15
14
18
20
78
3
16
29
48
41
8
2
32
38
16
10
21
29
27
23
14
0
14
16
19
37
1
19
40
73
37
40
51
11
57
2
33
38
11
29
9
45
7
46
24
27
9
21
6
47
37
26
45
5
11
54
27
22
5
42
36
9
2
43
13
5
9
25
8
8
30
32
43
5
33
55
62
18
81
45
54
65
16
7
34
15
34
7
60
8
50
24
18
24
27
50
33
3
23
45
18
17
29
53
15
67
58
3
75
34
18
18
47
19
43
8
45
29
7
8
19
18
49
14
72
8
13
37
49
64
26
8
24
57
7
6
38
26
16
37
5
36
18
59
30
5
12
11
54
38
34
27
53
15
18
8
102
45
18
33
28
9
0
10
1
30
14
12
22
3
81
86
12
42
11
5
81
12
4
12
20
22
8
32
76
43
46
30
40
17
9
6
41
44
26
5
27
14
66
22
15
16
48
40
37
0
12
15
18
23
3
21
31
33
45
40
6
38
45
4
36
13
28
5
5
29
35
40
30
25
10
12
7
48
31
76
62
8
24
33
37
25
2
33
45
54
5
7
18
33
2
50
4
25
49
2
22
26
51
64
31
6
52
50
9
30
29
35
5
34
58
9
36
45
32
66
64
8
20
55
31
44
55
10
13
11
15
17
8
3
37
15
32
63
18
18
42
49
60
30
53
62
5
14
16
46
27
46
2
24
10
26
37
19
15
28
33
13
50
32
38
22
42
25
39
35
9
31
6
23
0
31
0
14
37
14
19
22
36
34
26
13
5
27
39
59
102
63
73
83
10
35
15
4
13
45
24
60
44
25
50
48
22
27
64
6
39
25
0
0
51
45
67
19
9
36
45
45
8
29
2
31
74
22
28
9
26
1
16
23
1
14
11
49
1
2
17
37
2
54
19
3
6
37
19
1
21
0
15
31
23
17
32
33
39
25
31
20
17
51
14
8
6
56
33
62
16
10
21
5
9
32
35
19
7
30
17
0
23
28
9
62
13
23
32
29
69
17
22
13
38
61
54
28
11
4
10
39
4
24
32
23
72
4
4
5
23
30
23
3
55
21
20
0
1
21
12
44
52
16
20
4
1
30
19
5
30
34
19
10
15
39
11
40
10
3
14
32
41
14
18
8
0
47
20
21
35
13
9
40
45
11
17
17
19
62
44
40
3
4
26
28
30
12
3
19
2
13
9
28
35
53
39
19
66
19
36
92
63
81
30
51
56
15
13
59
26
10
5
13
25
16
14
13
9
9
23
33
17
11
1
24
1
31
17
26
21
59
0
22
16
46
36
11
4
1
7
17
22
26
29
5
2
10
11
2
13
27
41
23
42
24
2
45
52
21
0
10
65
16
9
42
18
14
16
44
35
4
43
20
9
12
9
20
32
10
10
4
2
21
8
20
30
21
0
3
30
44
18
38
32
4
11
4
29
40
17
40
20
40
15
23
26
37
22
20
32
9
43
15
19
21
15
9
2
5
12
18
3
30
25
16
13
40
34
14
12
40
10
37
23
5
1
54
38
25
50
18
8
2
2
39
22
14
38
40
0
14
4
19
16
7
5
0
22
20
11
2
20
11
9
4
34
55
8
21
16
13
6
36
6
54
25
17
16
9
22
12
13
28
13
11
16
20
18
13
1
13
15
6
20
45
26
65
30
27
15
19
2
4
12
63
20
2
25
4
63
6
23
36
4
34
20
27
8
56
51
18
12
15
49
2
4
24
45
4
6
7
20
10
38
27
4
37
18
24
19
17
13
20
21
4
45
33
50
16
3
35
6
8
6
9
41
20
3
11
54
30
29
13
17
13
13
48
17
14
4
12
10
4
7
28
10
28
24
23
34
21
1
8
34
13
18
30
15
11
26
26
50
6
6
11
34
18
6
3
0
6
8
4
14
8
12
13
31
33
3
2
23
29
25
9
13
24
29
19
36
11
23
76
2
14
3
8
9
44
17
10
20
44
16
34
2
11
20
21
15
13
34
21
22
29
6
14
7
10
8
14
5
10
37
4
17
21
3
10
34
34
10
32
20
19
3
22
7
9
16
2
30
20
20
7
15
6
11
31
45
19
1
4
17
5
11
10
20
5
14
1
13
21
0
2
20
10
6
28
18
2
21
10
2
7
27
7
42
11
1
4
3
26
17
24
20
42
43
17
6
7
18
4
3
5
19
3
10
59
12
10
15
15
43
8
11
11
19
44
0
11
9
24
59
8
11
35
30
7
23
37
18
1
8
67
4
18
0
30
49
35
1
41
17
24
20
26
8
5
8
22
38
32
10
31
11
6
6
22
14
27
45
28
30
4
8
19
9
5
14
4
7
10
8
22
27
65
2
1
10
12
11
6
20
13
4
13
8
2
29
16
9
2
33
35
32
9
15
16
14
25
4
13
2
7
22
8
3
30
4
20
20
26
39
6
9
4
18
3
18
2
29
6
0
18
18
6
8
2
12
20
22
14
8
5
11
3
10
37
6
19
25
2
23
50
15
44
31
12
15
5
8
12
13
13
6
5
2
5
10
12
4
11
23
33
23
8
15
10
7
17
6
5
5
1
21
8
21
16
16
5
11
2
24
9
4
16
15
1
2
19
6
6
1
33
5
4
4
11
20
11
18
2
10
25
3
7
3
9
9
44
4
0
10
8
6
15
14
13
3
4
25
8
6
24
12
8
20
17
33
8
17
15
2
6
6
13
6
2
0
16
4
16
18
11
19
4
15
10
17
30
0
2
1
14
2
4
12
4
15
8
2
3
21
22
4
3
14
4
5
6
13
17
18
16
3
15
1
7
6
5
17
5
16
17
4
8
19
0
7
10
4
13
6
11
10
14
0
28
19
15
8
0
5
8
9
3
7
1
7
9
7
11
8
22
4
13
4
1
5
8
5
9
5
1
2
4
5
5
7
4
6
3
6
14
3
5
7
2
8
15
7
7
1
2
6
8
11
7
4
9
10
17
3
3
8
13
1
6
1
2
5
1
7
9
4
11
15
2
16
2
3
14
8
2
4
9
3
1
4
2
0
3
7
4
8
2
5
1
6
3
7
4
2
2
2
3
4
4
4
0
5
7
7
2
2
6
3
5
4
1
9
4
2
0
0
1
1
0
