5
28
72
1
21
4
6
31
3
7
26
23
8
37
34
110
44
17
15
12
6
13
48
20
7
16
25
38
93
27
21
14
1
10
53
60
44
22
25
15
36
9
36
12
4
19
25
37
55
4
27
4
22
116
17
45
70
12
23
17
14
26
44
16
20
8
5
48
17
24
2
34
44
46
1
21
55
11
64
57
21
10
30
56
8
34
24
29
20
40
14
63
6
16
15
4
29
23
29
60
32
42
19
42
14
16
85
6
45
51
14
22
11
40
32
29
48
13
1
31
2
5
34
8
18
10
30
13
17
20
6
43
5
37
40
43
8
22
54
61
50
37
13
41
14
10
42
7
30
42
12
47
52
6
95
6
83
52
28
4
15
43
14
55
67
53
84
61
17
3
6
29
19
22
41
2
1
23
1
1
14
40
30
30
15
51
39
59
78
8
8
20
9
4
13
16
16
29
66
61
34
5
55
42
70
30
23
9
11
52
20
3
69
56
38
28
49
12
33
0
33
30
0
10
59
16
21
10
45
27
8
40
38
66
62
66
6
78
15
15
19
49
22
45
64
61
36
1
78
1
9
37
4
16
58
22
2
13
26
7
57
38
38
2
8
16
14
16
28
1
3
38
111
13
43
7
49
41
85
16
2
19
2
40
8
51
16
2
44
34
36
15
3
26
68
16
21
23
3
28
2
41
51
4
15
14
31
39
51
23
14
31
2
9
77
2
48
43
15
15
9
49
61
36
31
3
52
1
3
24
20
10
15
11
21
8
27
69
12
5
34
34
38
31
4
24
43
8
26
38
56
13
36
10
50
27
49
22
9
43
63
31
19
10
17
13
69
30
14
11
80
22
15
19
20
15
15
8
18
34
8
15
14
12
26
54
2
21
18
33
11
15
23
28
39
16
17
57
46
1
49
39
13
13
26
43
0
50
34
32
29
13
10
16
9
22
3
51
4
18
52
20
1
3
29
46
1
9
0
5
44
16
14
30
12
26
28
20
11
43
28
58
35
51
36
13
52
50
8
14
28
52
21
8
24
10
19
30
6
44
43
7
8
23
24
10
28
9
15
49
17
41
44
30
12
25
25
17
1
13
9
60
13
58
28
0
6
23
23
20
25
53
58
14
1
37
34
30
26
22
27
10
43
22
27
17
30
31
18
5
36
9
9
35
41
54
15
22
10
10
10
35
67
18
15
22
7
45
22
53
11
35
41
24
25
18
14
12
8
45
50
45
7
59
27
27
5
22
49
9
42
7
26
26
40
8
22
29
15
6
40
7
49
40
49
11
35
5
31
27
32
6
8
1
34
32
48
44
11
12
12
12
56
19
35
40
26
4
13
1
22
30
9
20
24
7
22
13
13
1
33
46
4
0
19
11
4
12
17
27
11
42
12
44
20
36
25
64
24
1
14
5
8
8
36
52
56
12
41
77
44
64
24
5
58
30
8
52
7
10
62
11
19
48
63
28
1
10
21
51
14
16
66
57
5
11
13
1
43
45
38
48
5
15
35
15
26
20
46
25
0
14
18
32
70
10
27
15
10
47
71
33
3
28
5
12
0
14
8
5
18
23
22
20
47
68
37
18
47
28
12
26
9
21
11
15
54
19
27
19
38
7
11
30
51
19
10
32
8
43
11
14
35
19
78
4
1
19
8
24
22
51
36
3
32
8
19
45
13
28
3
28
1
34
20
1
17
12
10
3
28
15
4
13
35
21
7
10
11
3
27
9
24
9
11
0
16
51
36
14
35
7
33
15
13
28
22
29
3
2
19
47
1
2
10
26
13
5
10
18
23
16
8
14
15
24
43
19
7
12
15
1
12
46
0
19
13
3
21
19
33
31
16
17
31
29
46
5
46
31
36
24
33
46
16
32
8
26
5
55
9
27
3
22
2
8
20
43
18
15
0
24
47
24
2
20
45
6
5
3
13
46
35
19
7
30
33
25
70
28
6
1
1
2
52
3
10
37
12
26
5
20
29
5
38
45
14
5
24
31
26
39
1
3
32
19
9
5
57
4
31
43
54
14
2
27
10
3
1
24
74
13
22
29
27
0
12
37
10
2
29
40
25
4
15
4
9
14
38
30
47
32
8
15
3
2
0
16
29
4
5
16
8
13
21
25
18
5
2
57
33
26
23
2
5
36
1
4
14
20
2
30
7
39
17
2
5
2
1
7
33
34
40
0
54
47
16
33
3
27
32
27
4
7
9
25
22
8
42
30
10
7
34
3
10
10
10
32
14
10
6
19
34
16
4
17
1
20
17
8
14
9
13
39
1
2
2
2
9
47
20
1
12
55
18
48
15
28
8
6
9
5
19
24
0
19
0
9
23
6
43
9
7
1
40
31
15
2
5
20
18
35
5
32
2
20
13
55
10
29
4
9
3
26
1
27
26
9
6
28
28
13
24
8
11
14
5
25
18
0
21
28
3
21
17
4
8
23
11
4
10
14
36
21
44
37
29
20
33
4
9
27
27
16
32
22
16
2
36
18
11
19
1
6
28
11
8
17
2
35
2
23
11
8
42
53
11
7
44
14
7
28
14
29
37
29
17
19
2
8
2
32
15
10
2
34
7
23
13
17
54
0
7
22
4
7
36
2
1
2
17
17
4
4
35
16
4
7
62
13
29
13
20
17
6
14
13
3
13
19
15
10
15
8
9
24
1
11
2
22
2
7
9
24
24
14
16
12
8
3
1
15
23
7
14
12
14
4
3
1
9
11
8
6
14
12
14
3
24
23
28
8
7
11
2
4
11
18
14
23
14
9
8
5
9
12
4
18
5
18
7
5
11
11
13
14
3
19
7
41
4
22
11
10
6
16
16
1
1
24
0
0
11
13
25
0
6
21
4
0
31
3
14
11
4
12
4
2
25
27
13
23
1
4
7
17
2
4
10
7
8
10
10
43
11
15
25
8
1
14
6
15
21
5
7
13
19
12
21
24
7
2
5
1
17
15
20
9
25
10
9
3
2
22
5
10
6
13
10
13
4
15
3
21
12
1
9
6
16
0
3
17
6
8
15
33
16
3
21
2
15
12
22
13
6
18
12
5
26
6
32
3
5
7
6
3
5
26
9
3
21
8
14
6
1
14
2
8
4
1
8
12
27
0
16
4
10
0
7
1
1
16
14
20
10
3
7
4
3
13
1
13
7
7
12
26
18
5
14
8
12
5
7
8
3
0
12
4
10
1
6
24
12
1
6
8
16
16
1
2
2
11
19
2
11
10
4
1
0
1
8
5
8
10
5
8
6
2
27
6
6
10
2
6
4
5
1
8
11
5
1
5
4
1
3
8
1
3
5
1
2
3
3
6
8
10
5
6
1
1
8
10
3
7
2
5
2
2
4
4
7
4
3
4
2
5
0
3
1
1
