39
19
6
22
44
41
32
4
25
8
79
11
25
7
5
9
98
27
4
17
15
28
18
16
12
18
1
88
2
83
30
9
22
29
22
24
36
38
4
89
26
5
78
11
18
24
27
2
7
14
22
38
29
14
37
8
10
4
24
58
19
8
43
80
0
14
27
36
18
12
20
3
17
53
15
17
18
59
68
27
0
37
5
52
20
34
72
10
36
4
8
20
7
39
78
26
67
14
29
12
18
86
47
15
9
34
10
60
1
32
9
60
34
9
49
36
7
15
37
49
20
47
26
1
9
17
35
2
13
21
2
25
21
8
3
42
52
33
21
39
8
28
44
85
113
9
41
3
20
18
23
4
15
22
64
44
80
25
36
49
5
66
24
33
31
1
26
7
11
19
41
16
26
28
43
20
15
95
38
10
57
56
22
5
11
7
10
46
34
55
18
2
52
38
19
12
80
67
54
3
36
31
55
7
41
21
44
26
32
30
9
1
4
61
4
8
36
17
34
3
57
58
45
77
3
40
35
37
45
1
1
28
28
13
29
14
2
37
63
68
36
12
41
7
47
2
10
8
6
34
2
45
43
6
9
3
31
16
17
8
8
9
28
25
29
18
30
2
13
45
17
17
29
43
50
26
30
35
39
40
50
3
24
11
5
43
6
60
26
36
15
30
14
25
46
81
12
28
13
28
33
2
6
37
0
10
13
12
47
23
8
19
40
19
14
7
25
10
40
30
23
10
27
25
60
27
44
10
6
17
10
68
43
40
9
9
24
52
33
22
1
42
58
8
69
15
23
3
39
10
5
61
7
11
0
22
46
35
34
37
31
18
8
18
43
4
10
3
32
39
11
3
1
106
21
8
19
24
40
29
2
5
69
40
21
3
40
34
57
54
16
29
66
10
60
23
18
33
40
37
9
27
19
32
40
8
22
27
27
66
42
6
43
28
37
62
18
43
31
29
3
24
6
32
23
49
16
4
5
63
37
9
13
43
31
43
3
10
62
5
3
25
6
61
40
30
17
48
1
47
49
22
28
88
17
9
38
26
5
9
40
5
46
52
23
43
2
35
43
3
22
34
87
12
15
81
9
7
42
36
8
51
3
41
34
28
54
10
3
7
1
18
13
28
12
26
16
92
24
3
13
55
9
13
19
4
20
20
14
1
20
11
35
38
14
20
30
8
48
17
10
13
9
42
30
27
11
17
32
12
23
14
17
21
71
18
35
11
14
23
36
37
39
20
82
12
27
17
1
18
57
46
14
48
29
0
31
21
22
10
21
33
4
39
15
35
16
8
25
62
18
11
5
59
13
16
24
9
4
31
15
52
58
64
42
11
2
30
34
50
28
21
12
18
23
36
29
1
8
25
42
45
13
20
1
6
36
20
36
25
11
5
30
9
40
6
9
3
51
1
27
24
13
13
36
15
13
34
20
17
58
36
21
23
31
47
30
18
46
54
43
9
16
16
9
8
84
61
33
8
5
51
19
41
25
25
8
31
9
21
32
28
11
10
14
17
54
18
32
3
12
22
56
6
4
52
5
20
14
75
6
5
7
11
32
28
51
23
45
83
1
8
30
25
14
28
12
9
59
12
61
10
25
7
13
13
28
44
16
30
12
14
17
70
8
30
15
12
69
15
53
11
7
49
7
6
31
14
7
49
28
3
29
43
19
26
29
11
31
92
4
16
52
15
2
11
5
35
37
4
36
2
10
3
10
29
32
17
4
11
44
26
8
19
7
61
28
19
1
32
27
44
20
17
6
31
24
2
18
20
4
23
43
36
6
17
31
26
21
18
19
21
42
2
16
35
4
31
8
39
3
35
39
20
14
28
31
20
27
7
8
21
21
4
1
9
7
20
27
26
20
13
48
24
27
19
52
29
19
31
49
42
7
36
5
11
5
26
15
25
55
35
6
32
2
10
4
26
13
42
28
34
47
24
34
22
13
5
39
11
38
35
1
17
33
6
12
3
13
17
3
68
22
24
17
45
10
21
5
21
7
17
4
54
16
20
14
6
27
18
1
1
58
1
10
27
31
0
43
27
38
46
35
2
8
3
4
33
1
7
11
10
6
26
11
4
16
43
30
14
36
12
40
31
8
21
8
4
4
9
17
13
4
12
18
21
5
3
33
14
29
6
12
37
13
56
75
73
19
42
13
26
23
17
25
20
30
8
32
3
12
19
45
15
54
22
8
5
1
10
21
14
11
20
27
5
25
12
4
33
4
35
22
25
8
15
11
23
0
6
35
23
31
90
51
3
12
24
8
18
31
6
6
37
10
2
9
2
16
7
17
21
12
15
9
6
17
23
5
16
22
4
35
3
1
16
3
41
5
9
7
18
32
13
21
9
9
14
19
5
39
44
2
0
11
35
23
1
23
38
3
12
7
3
23
21
26
16
36
43
6
47
26
18
11
5
4
17
6
7
12
13
41
12
2
18
45
32
29
12
28
16
12
8
26
31
0
42
20
15
8
0
8
8
4
8
11
5
38
11
12
14
3
21
10
35
11
27
45
16
31
33
17
9
14
16
36
21
29
8
5
29
16
13
5
2
44
12
14
5
6
7
16
1
1
5
9
40
6
8
14
6
22
6
1
5
9
19
5
12
6
24
10
18
30
4
31
21
32
29
4
4
16
13
46
17
1
32
5
14
2
13
3
22
37
4
22
20
25
19
7
6
5
7
2
16
6
2
20
21
9
5
28
19
14
0
3
6
1
12
4
4
15
20
22
20
12
22
1
5
10
30
13
5
2
25
38
1
16
4
7
16
45
17
10
1
19
5
34
1
9
10
10
2
30
3
11
18
21
11
21
11
33
1
1
9
11
15
10
1
23
3
10
19
21
16
14
12
6
27
8
14
5
16
30
9
11
21
14
8
11
9
5
7
4
12
39
26
22
19
31
14
25
4
21
12
31
5
5
34
13
2
4
8
20
11
43
9
25
34
1
3
4
29
15
31
30
12
3
7
2
20
4
5
15
6
1
9
22
10
30
4
2
16
23
9
2
7
6
4
14
21
19
6
11
4
1
0
5
9
9
12
12
17
3
11
22
11
6
5
12
11
2
7
9
6
4
23
11
22
5
14
11
1
2
1
9
8
17
16
14
3
4
10
9
4
13
19
11
11
10
12
5
21
1
18
2
0
3
3
8
7
18
15
6
0
4
4
26
5
4
1
5
5
7
26
9
7
4
4
5
10
6
7
4
3
13
1
5
20
10
1
14
0
15
10
9
0
9
5
4
8
14
5
8
6
5
7
10
6
0
9
7
9
11
3
21
2
5
2
7
3
2
2
9
18
4
1
0
2
8
4
5
6
2
4
4
3
0
14
2
3
13
3
1
1
5
3
1
1
4
1
7
4
3
1
1
0
1
1
2
1
2
2
1
1
1
4
0
0
