15
2
7
18
30
22
12
3
2
20
8
8
11
0
3
2
21
9
62
16
16
3
16
9
36
3
26
22
80
15
27
65
4
8
4
15
29
61
30
20
24
29
57
42
25
10
7
59
40
9
11
25
16
42
29
27
3
60
11
10
9
29
2
26
9
39
15
36
74
24
5
38
18
43
47
25
18
46
15
35
3
9
8
12
6
62
59
25
43
77
32
49
42
45
10
75
9
18
52
8
33
58
29
25
48
27
27
25
3
17
25
59
37
83
5
13
39
35
8
14
3
16
56
11
14
4
55
18
43
31
6
57
38
42
9
38
26
46
2
38
68
39
36
15
61
6
5
56
1
4
30
65
17
7
9
10
44
15
15
70
30
26
32
26
20
1
0
49
126
56
69
14
78
30
25
52
15
34
4
30
27
14
14
52
57
47
37
37
2
32
29
7
79
27
47
71
17
8
2
20
44
4
54
6
9
46
20
37
49
17
21
35
42
36
11
22
34
3
6
65
14
76
24
51
31
6
33
10
17
25
9
15
36
11
9
29
17
36
87
77
15
29
33
24
16
31
60
16
46
19
19
54
12
68
8
40
1
42
21
41
2
20
30
5
16
22
26
3
64
13
37
43
23
45
22
48
66
39
8
43
38
49
44
19
30
2
2
11
10
24
43
35
7
11
38
10
23
50
15
71
10
1
29
31
27
4
4
15
4
1
26
9
34
30
7
29
5
37
1
30
91
30
20
39
19
14
65
8
6
0
36
25
29
32
10
22
43
22
23
1
81
51
52
26
35
20
52
27
21
21
22
0
30
1
23
34
2
7
3
10
37
46
29
43
19
6
70
1
23
21
18
18
51
10
37
8
2
36
47
17
33
64
6
4
35
12
28
7
55
66
76
2
44
7
9
34
14
7
35
54
32
41
26
24
38
4
94
11
22
86
35
71
3
54
15
1
4
0
62
34
2
40
26
21
27
61
33
22
29
50
41
27
3
25
0
54
15
6
11
17
56
46
18
0
20
32
26
5
26
19
37
25
2
35
29
50
16
18
15
10
8
2
16
16
38
4
15
34
43
17
45
7
28
5
41
49
16
36
30
42
43
19
0
45
36
8
19
43
47
50
36
11
8
21
79
8
3
27
33
47
32
33
17
34
46
33
53
1
45
8
14
22
18
8
49
17
10
19
12
28
6
5
94
16
39
7
36
42
1
17
41
27
10
9
23
17
47
40
17
10
18
8
33
7
26
32
15
67
32
22
10
22
34
31
14
11
57
40
20
31
41
16
18
29
17
34
2
11
21
42
35
20
31
36
31
65
50
28
3
25
67
56
43
8
12
6
1
13
26
59
11
19
4
45
30
1
10
5
13
4
21
50
26
47
6
10
12
26
4
25
43
17
47
28
0
33
0
26
42
17
0
21
16
16
16
67
31
37
11
17
0
39
32
18
7
11
76
27
13
10
47
4
13
24
27
1
30
15
31
18
27
7
61
3
62
8
27
20
36
3
15
0
20
3
56
0
38
16
0
10
24
48
26
9
2
21
10
4
3
2
22
1
73
31
1
18
17
1
35
28
55
25
2
8
27
21
47
19
43
10
50
7
4
57
5
51
5
23
7
38
40
6
27
29
17
13
38
15
63
28
44
24
35
11
24
15
31
13
20
0
4
7
26
3
14
11
1
12
31
18
11
27
19
52
23
48
37
54
20
16
27
29
34
21
12
54
5
6
23
10
8
8
70
8
37
0
13
16
22
18
34
49
29
45
30
36
2
27
8
7
4
40
15
27
1
28
55
72
50
1
31
38
5
48
2
6
4
3
6
13
38
9
29
13
1
7
0
23
33
10
46
30
3
31
35
20
19
34
10
14
18
4
28
0
45
27
12
1
30
13
6
4
13
27
6
48
8
63
8
23
12
38
3
25
42
38
43
25
6
58
14
12
17
8
37
24
31
23
11
22
30
13
19
8
18
45
2
42
39
8
17
16
2
10
2
9
9
4
23
73
6
24
34
16
0
43
3
13
10
5
18
10
0
34
20
25
17
32
22
3
54
34
27
30
3
7
10
7
37
1
22
59
37
8
39
2
36
13
12
22
4
33
29
9
9
1
4
30
20
6
18
13
37
1
12
32
35
3
39
24
29
8
25
21
25
31
26
36
4
18
29
13
10
43
31
12
5
10
21
5
1
9
3
25
11
40
8
34
14
3
20
16
12
14
38
34
19
4
12
0
18
17
22
14
27
29
55
27
19
26
9
14
27
19
26
2
7
24
20
50
42
15
63
9
28
0
11
20
17
20
17
25
28
9
34
19
24
1
14
17
12
12
22
7
4
13
3
3
26
15
9
19
49
5
17
24
50
26
3
37
7
4
16
22
7
18
20
41
25
46
7
4
39
28
15
10
6
11
13
49
12
31
6
57
15
3
13
7
49
4
6
23
12
20
4
23
13
13
1
19
49
35
3
22
7
7
3
3
16
32
44
30
26
21
5
7
22
22
18
32
12
4
5
5
17
21
12
28
11
27
14
10
25
0
8
13
7
14
22
4
9
12
17
33
9
5
18
14
11
19
8
9
28
6
34
10
7
25
14
10
31
24
3
5
22
0
18
9
8
18
18
9
21
2
3
21
2
10
1
9
14
3
9
20
10
3
15
17
36
20
1
8
0
26
5
27
15
46
2
35
5
14
46
20
13
21
24
6
6
32
1
11
23
3
4
17
6
10
21
13
17
4
32
3
29
16
7
12
7
17
1
32
1
14
6
14
9
26
6
37
7
1
34
12
17
15
2
3
16
4
3
3
10
5
14
4
18
21
12
8
10
5
3
18
12
1
20
10
16
8
3
22
19
17
5
1
12
3
26
4
9
6
20
12
13
16
28
1
29
20
5
8
14
1
14
35
28
1
13
1
22
29
5
16
8
5
12
18
26
4
31
2
4
21
17
9
5
38
2
11
37
18
2
11
7
2
0
18
10
17
1
39
8
15
19
3
17
2
10
22
5
12
6
19
7
2
19
5
2
16
1
20
9
26
5
0
13
1
14
1
18
10
2
3
7
19
2
0
18
15
2
9
7
1
1
1
0
12
7
8
3
3
19
5
7
15
5
1
6
9
7
4
0
16
12
16
23
18
14
0
6
0
0
13
11
9
13
15
18
5
13
3
2
8
16
17
1
7
15
4
1
8
9
5
0
5
19
8
1
4
4
5
6
3
7
10
5
19
5
2
8
1
5
3
8
7
4
6
2
13
7
7
13
5
15
16
3
10
6
2
11
10
5
0
8
5
11
1
5
0
4
14
2
19
10
5
4
3
3
2
2
5
12
8
5
3
4
4
5
10
6
2
6
4
7
7
4
5
1
9
6
3
2
8
1
4
3
6
4
2
0
2
5
1
2
5
2
3
4
2
5
0
3
1
1
1
1
0
0
0
