7
11
34
43
16
3
55
4
3
1
4
6
7
3
44
18
59
13
18
18
1
11
8
5
23
10
12
1
53
27
5
8
35
24
44
29
5
27
27
32
17
7
9
41
20
18
12
32
68
36
16
2
5
26
1
12
32
13
2
9
68
22
8
6
23
9
47
22
28
3
41
21
47
7
9
19
50
35
20
6
33
13
45
25
32
3
68
10
53
0
47
18
38
10
3
16
47
5
1
11
38
8
26
8
8
51
9
17
7
20
13
89
2
34
14
24
9
3
13
51
39
4
36
14
9
70
42
20
27
70
23
35
68
42
28
10
29
31
51
21
22
4
45
1
41
11
32
5
17
42
17
8
42
27
34
34
10
5
17
17
42
8
11
29
24
31
76
17
10
20
7
37
51
69
94
23
36
47
8
30
30
30
44
3
51
54
64
30
41
1
19
76
19
11
31
63
22
2
24
28
13
30
39
37
2
39
24
45
71
25
9
50
5
81
34
80
68
2
37
44
13
23
8
63
52
24
5
56
26
55
9
95
68
11
8
61
35
0
56
19
47
25
14
18
1
48
18
1
21
44
43
68
5
43
8
17
4
21
55
41
7
13
30
13
6
22
25
88
26
13
5
17
58
51
53
37
21
57
23
19
5
1
20
33
20
21
20
55
3
37
33
6
5
25
21
2
18
73
24
22
8
23
43
4
15
86
3
1
13
45
30
45
13
76
5
18
26
36
2
13
55
1
48
48
49
12
46
76
25
32
22
20
4
10
1
20
49
11
100
1
18
5
18
1
3
46
9
42
9
26
35
5
10
43
37
25
10
36
5
19
7
40
65
1
22
59
15
16
38
44
3
30
43
43
17
26
39
18
22
34
22
31
17
15
53
25
17
51
8
24
55
12
27
48
56
18
34
15
24
5
40
54
12
19
17
3
16
3
53
33
3
10
24
30
16
4
20
8
30
5
17
8
9
26
21
2
31
32
16
18
22
4
38
32
2
52
34
24
13
34
16
27
25
5
28
12
71
35
30
55
48
23
1
7
62
35
2
52
32
3
18
19
21
27
15
23
39
17
8
5
20
3
5
19
21
4
32
38
5
20
62
62
2
17
35
10
35
53
13
24
12
15
11
6
29
50
18
18
37
7
15
7
29
36
33
25
6
3
39
3
17
30
14
37
24
9
27
2
16
8
63
7
14
26
1
15
4
15
4
66
33
35
22
26
48
15
0
21
31
25
40
42
63
30
12
1
9
49
41
2
2
60
23
12
29
16
30
36
51
26
8
3
9
19
2
5
1
28
50
22
38
30
15
16
0
17
14
25
51
0
26
3
62
39
7
36
15
24
18
26
22
8
30
1
51
25
43
31
21
1
14
40
27
25
4
12
34
29
32
1
27
13
24
22
1
34
25
21
14
53
34
18
1
23
11
31
27
23
5
27
38
0
5
17
0
92
25
50
20
49
43
10
13
12
18
15
39
44
8
34
23
19
0
33
5
25
6
4
73
15
9
2
4
3
18
18
41
1
46
30
36
28
5
56
32
9
26
10
23
22
17
33
6
30
92
21
43
24
8
39
53
70
2
15
46
9
25
8
17
9
9
25
37
8
8
26
3
17
10
17
16
0
6
26
33
2
5
28
2
9
33
36
33
0
17
25
1
4
5
28
55
23
13
2
41
46
37
7
45
15
5
38
32
9
2
13
43
36
12
34
13
12
22
31
16
9
40
61
26
7
2
23
14
12
26
17
1
30
19
10
16
5
47
37
21
3
1
21
62
23
18
1
2
25
15
44
12
5
42
39
73
20
19
17
21
5
20
58
14
16
22
14
17
28
62
17
20
6
43
6
30
23
13
23
30
24
22
12
30
28
6
2
2
17
31
2
3
23
15
16
19
6
26
37
50
8
29
13
3
1
31
73
4
25
59
12
6
14
19
45
25
25
11
46
2
7
39
18
4
15
63
4
30
17
50
1
7
11
47
3
4
37
19
31
27
4
3
12
4
32
60
31
3
16
33
16
3
34
28
68
62
0
5
30
17
21
24
9
6
31
10
1
6
15
25
15
9
36
13
4
44
21
5
32
27
9
45
16
1
44
20
28
33
14
38
11
1
23
11
4
22
6
12
28
3
11
1
3
53
41
18
6
39
37
20
26
23
3
9
23
8
16
10
9
16
3
16
18
22
15
49
10
19
22
16
24
16
14
40
23
5
19
27
10
49
25
6
28
6
7
5
15
38
40
9
19
27
11
28
63
26
13
10
14
17
14
11
33
3
13
44
7
8
30
20
1
0
9
40
10
38
31
25
16
11
20
9
3
1
1
7
12
12
6
36
4
24
16
18
28
1
8
17
57
6
38
1
27
7
44
35
39
4
1
12
55
9
20
5
4
21
17
11
21
32
8
6
16
22
5
55
5
4
2
19
8
10
24
9
12
30
10
25
13
14
10
22
28
26
53
13
20
2
32
18
13
13
13
2
20
13
13
14
39
21
23
10
5
9
22
18
16
50
9
34
3
27
11
3
41
1
24
11
21
19
5
5
4
6
9
11
3
18
24
17
0
31
34
13
17
19
26
4
27
37
16
26
23
5
2
10
14
25
17
12
16
30
6
10
2
6
17
6
17
38
20
9
27
22
37
21
13
15
15
10
23
21
6
29
27
13
8
27
0
9
0
17
9
21
20
25
1
44
2
11
54
20
30
52
25
2
13
15
1
8
5
17
8
13
25
3
12
9
34
13
33
6
2
18
5
5
8
2
14
8
0
4
29
10
2
13
20
13
5
6
11
30
2
6
31
8
14
21
18
8
2
18
8
10
15
24
9
17
4
0
2
26
9
7
26
20
20
8
13
4
18
25
25
6
4
12
7
1
14
0
9
9
10
8
19
9
17
5
37
26
13
10
3
3
14
24
1
20
11
15
1
10
11
3
1
25
12
6
15
2
10
13
2
1
6
11
7
13
0
24
1
5
17
3
12
11
4
32
4
21
14
29
4
1
12
10
15
8
15
6
2
45
11
6
6
10
6
7
9
0
9
11
32
5
22
28
2
1
23
4
18
14
8
3
9
5
2
16
18
21
9
3
10
8
3
16
20
27
11
9
11
34
12
9
8
20
6
7
20
11
1
19
13
4
1
18
11
6
1
3
19
6
13
16
8
16
3
27
10
17
6
0
8
10
16
7
17
11
17
2
17
7
17
10
3
18
16
2
10
26
2
0
5
3
15
6
8
13
3
9
5
1
15
9
0
11
10
2
5
2
7
3
18
7
8
3
16
4
2
9
18
2
8
16
25
3
3
0
3
8
6
4
7
0
2
12
0
3
2
8
1
15
1
0
9
14
4
5
2
4
8
9
2
4
3
1
12
6
10
4
2
0
5
6
4
1
10
3
3
5
1
6
2
8
6
0
11
5
2
6
5
3
3
1
0
2
0
1
1
0
1
1
2
1
1
