15
35
24
8
2
13
3
22
30
50
18
12
32
8
13
18
44
9
3
13
4
48
15
19
21
1
100
10
66
2
11
19
10
3
17
25
4
84
60
19
37
41
3
21
3
18
2
31
16
44
19
5
3
16
50
17
66
22
45
77
2
20
3
32
30
34
9
75
73
34
10
0
12
47
39
77
48
25
19
39
50
14
20
29
78
29
5
13
20
85
49
47
45
26
15
42
23
15
21
56
10
27
54
40
90
39
81
2
16
52
54
28
31
43
53
60
31
30
42
10
9
39
21
48
42
6
1
69
42
11
19
13
36
18
24
19
48
27
5
7
14
33
7
93
11
39
26
58
41
1
46
71
26
63
26
30
43
1
19
45
35
1
45
4
26
46
49
16
11
45
23
8
11
30
60
20
1
51
8
3
57
8
1
2
36
11
26
6
94
2
28
28
27
34
14
61
59
11
31
20
31
1
11
7
74
4
38
63
35
47
14
6
59
31
43
37
84
52
8
74
29
41
16
31
24
25
19
22
2
9
7
85
12
26
50
57
4
69
9
82
23
4
65
8
6
3
8
48
11
108
4
28
31
31
65
9
16
16
60
65
17
66
22
30
28
44
78
25
46
17
21
17
14
93
2
66
33
28
18
18
62
27
17
10
3
34
19
11
27
5
50
2
11
22
4
42
57
26
23
102
11
54
7
41
30
54
81
20
25
24
24
44
4
0
83
43
50
8
47
30
2
16
42
11
25
57
24
17
27
6
26
2
8
21
5
13
20
11
35
33
78
11
88
2
70
8
38
51
1
11
19
74
30
0
34
6
76
30
12
27
2
25
3
4
4
31
29
15
10
49
52
22
44
24
3
38
33
6
11
16
19
64
45
33
14
13
35
13
13
18
22
59
9
17
39
14
6
7
57
20
19
15
6
32
43
36
16
17
37
14
21
31
6
44
38
6
25
6
13
3
35
17
14
44
47
10
30
8
11
31
2
43
37
57
11
32
42
29
6
25
13
49
35
25
18
7
17
7
57
26
22
37
10
2
42
35
35
9
28
16
44
7
3
11
16
35
61
18
10
35
15
45
14
36
57
23
31
26
2
38
15
1
52
31
92
39
13
83
25
50
7
1
8
8
94
17
72
48
54
52
4
59
62
16
11
44
23
12
19
65
31
3
13
24
33
27
27
34
12
2
2
19
27
15
30
46
33
16
20
11
32
61
4
52
1
78
1
13
29
16
102
38
45
14
30
35
40
27
32
45
24
22
8
2
22
11
25
3
17
31
17
5
26
53
37
8
7
51
32
11
17
31
9
24
5
32
30
64
35
7
34
25
4
12
12
3
2
14
39
50
29
24
13
27
42
15
7
1
11
6
15
13
10
2
0
87
32
4
135
44
24
22
21
21
51
32
8
55
14
4
1
38
32
24
5
19
23
42
7
1
31
36
57
37
22
10
33
6
46
49
90
12
1
14
9
25
28
54
2
1
23
9
35
6
27
16
19
27
58
14
34
20
4
8
24
1
42
33
18
15
28
20
7
62
50
22
53
13
10
2
5
29
57
33
33
22
1
11
73
13
68
31
14
9
18
8
60
58
4
16
26
27
20
16
21
3
29
11
28
40
44
16
19
6
52
37
17
12
51
13
1
1
30
10
44
15
17
16
25
25
16
10
10
3
17
20
40
26
15
8
52
14
2
9
3
46
9
20
2
17
14
13
18
22
7
50
2
11
13
26
33
13
8
25
5
2
63
13
17
12
32
27
15
22
9
36
31
0
18
29
10
41
13
18
12
6
26
32
29
62
42
5
18
8
10
33
43
9
10
2
4
2
34
6
21
15
21
47
19
15
22
20
30
31
14
45
19
9
40
18
20
10
3
16
106
8
53
4
13
16
42
7
54
13
11
48
19
3
39
20
26
11
24
27
5
37
5
4
54
1
57
44
21
23
13
7
28
36
6
9
33
22
6
10
12
90
13
20
10
8
48
26
9
2
14
18
8
12
7
34
34
4
12
22
15
45
12
13
37
15
50
1
40
10
17
14
16
43
51
22
30
17
60
14
12
6
38
41
6
28
10
45
38
26
15
23
30
20
17
12
10
9
32
36
27
1
4
16
29
5
28
36
41
14
26
7
12
1
23
7
34
14
25
3
9
4
23
35
15
23
4
55
3
2
3
20
14
1
5
22
26
3
17
6
2
38
19
19
27
16
5
21
30
14
8
23
18
24
17
31
1
4
10
15
6
22
11
10
18
16
42
2
28
36
18
12
23
8
38
1
20
29
14
3
0
21
17
5
8
10
19
21
10
4
12
44
1
6
44
6
4
8
1
5
11
13
15
31
10
17
9
22
35
6
8
1
12
8
24
14
23
33
16
12
15
9
6
8
4
16
18
0
5
3
0
9
15
52
30
22
11
9
2
6
7
19
12
8
15
36
9
21
29
7
17
9
4
67
5
41
37
6
2
7
12
8
44
13
10
24
21
6
8
12
5
29
49
35
37
17
12
33
45
14
0
20
20
1
1
57
54
9
13
16
33
21
10
3
39
4
1
18
9
23
31
26
16
19
39
35
40
9
10
20
16
19
48
42
20
36
26
19
15
0
7
3
14
16
16
5
15
4
4
12
22
6
23
6
12
31
1
11
39
9
45
12
11
15
33
23
1
19
34
8
5
6
10
43
4
10
11
19
23
8
2
17
2
2
19
30
3
17
11
20
10
8
13
3
18
37
22
6
3
9
13
1
15
9
6
18
34
6
19
19
0
18
5
8
11
17
2
2
9
8
36
44
16
11
2
22
34
3
6
8
37
23
23
13
9
50
0
23
12
9
1
11
13
6
23
26
15
2
3
14
12
6
12
29
6
11
7
18
10
9
1
16
2
1
22
25
8
14
35
23
31
1
6
14
5
6
3
0
13
7
0
14
9
19
18
26
12
6
19
24
2
15
12
22
32
3
12
2
12
15
3
8
14
3
21
9
12
15
11
1
21
1
16
25
14
3
5
6
1
7
12
33
21
2
4
2
1
8
7
19
25
24
8
3
18
6
9
6
20
9
9
5
34
10
3
15
9
7
3
3
16
2
2
14
10
2
20
4
23
10
8
3
21
4
1
18
4
1
7
9
13
18
8
14
1
3
8
7
4
14
18
7
11
9
28
9
44
0
7
12
9
5
13
8
13
8
11
7
7
17
13
10
26
18
14
9
20
14
4
14
9
3
15
13
10
6
14
11
7
3
10
9
5
6
11
1
12
5
1
14
9
16
16
5
8
11
0
3
18
14
0
9
10
10
0
4
1
16
20
6
9
7
5
16
3
6
6
0
5
3
5
8
7
9
12
6
2
10
4
4
9
1
6
1
7
0
16
18
0
3
8
8
1
1
13
0
6
6
2
7
8
8
5
2
0
5
0
5
5
7
14
2
7
2
3
1
5
2
4
1
1
3
6
0
2
1
4
3
3
0
3
0
0
1
1
0
