2
2
12
8
17
1
31
5
7
19
3
36
26
3
13
16
14
47
5
26
35
82
7
23
9
10
93
0
23
22
22
13
51
3
16
26
3
35
2
105
46
9
70
68
49
9
68
80
5
72
28
31
10
4
41
5
31
27
5
37
17
13
13
46
58
8
14
34
6
45
9
57
38
17
49
1
66
17
58
55
38
30
11
33
43
15
77
61
51
70
28
75
26
42
19
28
6
34
6
41
24
42
68
46
24
36
36
15
23
17
42
14
14
32
37
0
1
12
19
54
14
23
82
36
14
2
76
36
18
16
41
32
22
4
88
45
31
48
22
14
57
5
107
36
39
8
34
39
4
59
41
12
1
3
85
78
23
27
44
19
13
3
19
81
16
44
6
28
80
20
50
49
40
4
19
7
20
33
20
24
72
31
25
34
88
24
6
28
76
25
16
6
7
2
40
27
15
10
32
15
25
11
41
34
9
9
1
19
43
13
11
35
53
34
38
13
54
45
34
64
4
42
1
29
16
47
41
46
51
53
1
29
44
33
74
16
5
50
40
4
39
17
24
58
19
39
17
8
20
7
20
15
33
80
10
14
82
12
20
42
30
10
34
14
50
38
50
45
17
26
38
14
1
13
35
59
46
23
30
4
0
45
10
44
23
19
33
4
9
63
32
10
23
10
38
81
17
47
39
7
24
5
39
16
44
3
50
14
45
18
29
1
25
20
21
15
29
30
22
25
41
1
5
43
10
8
43
22
27
31
15
20
58
26
19
36
32
9
0
10
4
16
16
11
21
52
57
23
64
24
32
8
12
2
45
67
4
47
59
9
23
36
20
11
23
0
4
14
32
19
39
30
23
15
1
45
42
25
37
1
6
8
43
26
19
26
40
8
56
12
47
63
6
30
23
25
14
3
20
42
24
45
30
4
10
5
23
53
41
11
9
36
22
8
53
18
5
31
8
34
15
8
8
4
29
28
42
36
12
7
73
1
32
2
44
52
26
14
45
47
30
26
7
6
1
7
1
43
24
10
47
7
25
27
9
14
16
4
15
40
11
24
20
11
11
29
56
16
24
19
58
63
31
19
15
79
42
32
17
42
74
26
46
22
2
17
20
68
4
15
33
26
27
12
6
99
13
36
7
21
44
15
28
11
9
7
13
10
8
81
34
21
34
24
7
25
8
7
22
40
6
21
27
12
46
22
3
25
13
63
22
16
43
3
22
28
15
25
18
29
5
2
40
17
9
33
8
16
12
22
49
9
15
16
31
21
13
7
79
21
45
81
17
63
30
24
38
48
33
12
38
4
1
26
47
7
12
14
30
15
6
9
1
34
32
27
21
47
24
45
6
10
60
58
21
14
70
2
2
7
8
72
9
24
43
71
78
41
83
24
12
14
25
10
22
13
6
49
28
54
24
2
1
10
30
48
17
57
20
43
15
52
1
26
19
21
2
5
3
4
31
48
26
5
17
6
26
27
1
1
17
4
27
41
25
34
26
18
7
35
45
11
25
33
21
35
45
4
10
14
21
49
52
3
34
63
30
49
17
13
22
21
20
7
28
57
68
38
9
45
33
5
15
29
18
13
3
22
10
22
58
3
8
17
13
8
26
25
6
5
19
2
27
25
41
28
10
11
10
21
27
20
14
12
55
44
24
16
5
14
8
15
18
12
11
11
17
19
4
2
33
38
7
65
45
3
23
38
38
31
39
3
50
43
2
20
7
56
14
32
29
1
3
33
6
9
63
17
6
1
6
17
17
5
8
8
19
4
7
6
36
64
23
8
8
34
35
23
7
1
3
30
0
4
24
34
24
15
8
25
13
0
43
12
10
17
20
30
8
32
6
18
13
18
15
8
15
83
35
20
22
26
14
19
3
20
26
1
47
6
3
1
23
16
22
9
10
26
50
9
16
1
48
31
34
8
43
30
12
38
13
16
57
1
7
22
19
19
74
63
31
52
14
36
22
30
10
1
33
10
20
18
29
7
19
11
9
7
10
6
13
15
31
4
42
15
52
22
17
1
19
34
23
11
8
21
13
55
6
44
30
21
5
17
23
16
1
49
29
56
38
7
44
51
17
12
18
78
8
5
23
9
16
38
16
14
9
3
13
14
11
13
18
22
20
1
8
22
11
6
24
12
2
10
50
20
3
4
14
13
27
22
6
8
9
16
4
10
12
19
15
23
29
28
21
29
17
19
20
8
24
16
27
5
10
8
5
5
36
22
54
8
18
14
18
26
39
18
17
51
53
37
16
15
2
11
22
17
8
31
16
8
15
6
18
4
34
6
26
11
13
9
48
15
37
11
21
14
15
19
36
45
23
25
5
11
20
17
21
22
5
25
0
20
5
2
57
15
3
24
28
17
23
1
24
22
8
17
40
2
25
30
56
28
18
19
27
4
32
4
27
39
23
19
7
4
4
12
13
7
1
7
13
44
31
57
18
9
28
2
23
6
25
1
11
5
1
13
3
31
8
24
30
2
67
1
41
18
1
65
13
12
2
13
4
13
4
33
1
10
0
30
6
45
16
6
2
3
40
3
5
3
11
25
1
45
25
4
16
13
2
15
21
10
14
17
8
11
11
0
5
13
49
32
4
37
1
26
23
30
31
2
25
25
20
1
9
28
3
40
24
6
14
39
22
7
44
17
24
15
10
27
7
6
12
10
6
30
21
41
15
18
13
4
7
34
30
28
28
30
0
25
24
4
17
4
25
16
40
34
25
27
18
13
8
4
3
24
36
9
37
4
5
16
18
2
27
3
10
3
6
21
34
20
11
31
27
21
11
19
11
9
39
29
12
7
26
3
14
8
35
9
18
15
6
9
22
8
38
12
21
38
0
4
5
25
20
6
10
8
37
8
20
0
9
23
7
16
31
5
25
1
6
7
13
15
49
1
7
14
8
4
26
2
9
6
22
8
24
24
10
7
22
14
7
4
17
5
17
5
3
17
11
11
0
22
13
22
0
9
7
19
14
10
2
6
5
25
12
1
24
21
12
6
2
9
21
31
12
22
5
8
16
2
2
10
2
13
1
4
17
11
17
15
11
6
8
13
1
28
15
5
20
9
4
6
8
6
10
3
5
8
1
2
13
23
21
11
18
28
1
3
12
0
12
23
5
3
12
3
14
2
7
8
14
18
1
14
17
3
9
19
5
2
6
16
2
1
8
3
5
8
1
4
12
2
3
31
16
3
1
7
8
5
5
6
9
3
1
20
3
14
5
8
9
3
12
29
15
19
0
6
8
7
25
1
11
8
13
5
8
8
11
15
2
1
8
10
10
8
6
3
3
3
9
9
6
3
7
7
8
6
8
20
0
8
6
6
21
13
4
22
9
3
5
5
1
5
1
4
1
3
5
6
10
6
7
16
3
3
2
10
0
6
10
5
2
2
1
11
2
1
2
1
8
3
6
2
5
3
6
8
3
6
3
10
3
3
3
1
2
4
2
1
1
8
4
4
2
0
5
4
4
1
1
1
1
5
0
0
