16
10
18
31
24
3
31
4
37
9
9
21
19
37
10
55
3
19
35
10
5
4
54
17
20
33
12
18
13
24
55
24
19
82
26
9
1
16
21
7
28
26
24
30
37
37
45
2
73
22
12
29
22
23
0
45
16
44
8
21
13
18
20
1
39
4
14
51
62
6
14
8
28
29
24
33
28
21
14
0
14
48
14
5
33
39
3
28
31
12
51
51
24
29
39
18
30
19
29
7
18
36
12
51
18
78
23
20
52
14
28
20
25
90
14
5
7
8
38
24
27
24
51
77
55
42
35
79
20
2
39
21
4
41
21
4
11
23
27
88
28
5
67
22
64
30
27
27
8
42
51
16
24
50
30
77
5
15
35
3
20
16
29
31
15
33
8
27
27
35
25
27
26
62
10
25
5
11
39
9
45
18
46
21
53
80
27
8
3
19
4
76
24
30
17
26
96
10
30
73
41
18
5
14
30
4
54
16
18
9
27
19
2
46
57
51
11
2
2
13
8
14
7
29
63
22
49
14
12
2
34
7
22
22
81
1
9
59
18
5
7
9
32
38
52
60
33
75
55
67
48
2
3
27
3
6
18
65
36
67
4
23
23
0
8
8
28
12
3
42
19
3
6
15
26
32
51
44
8
108
74
5
12
7
4
16
24
43
31
7
25
7
7
49
48
18
35
1
58
13
58
34
0
35
13
22
1
22
21
23
53
18
36
18
13
11
28
52
50
9
6
16
44
11
48
18
26
0
21
29
27
12
7
68
9
58
19
29
56
7
29
0
23
46
20
26
28
45
6
1
33
36
28
14
3
5
62
19
30
23
1
22
29
4
20
25
21
3
48
20
61
14
49
37
5
25
41
14
41
17
74
19
4
67
33
27
0
40
51
14
25
13
15
0
18
10
25
24
4
35
18
11
21
19
37
17
22
9
10
23
57
5
60
33
3
18
17
8
2
24
28
4
32
14
11
22
53
14
33
48
4
0
2
9
12
32
42
7
31
14
66
27
16
7
2
5
33
17
19
40
17
56
36
10
16
6
6
59
13
26
9
2
25
55
21
16
10
45
17
2
20
23
21
76
12
48
21
1
14
36
18
24
82
36
54
28
34
10
2
29
11
17
63
21
23
13
23
26
60
16
24
36
5
29
36
6
8
16
24
34
18
15
16
47
46
6
25
17
66
13
33
1
20
38
38
21
8
2
56
27
27
3
12
18
16
30
56
31
11
2
14
7
32
48
13
40
35
4
9
20
20
42
45
54
5
22
2
18
92
73
31
20
10
46
15
8
21
0
26
11
13
99
26
10
13
18
6
31
31
43
41
45
11
71
43
14
18
31
1
4
22
25
23
34
8
5
7
9
63
7
28
51
24
26
22
5
27
35
7
13
31
9
12
39
2
34
22
19
4
1
11
22
4
13
11
31
9
20
1
24
48
13
44
36
20
47
37
61
37
35
29
28
18
18
27
50
16
19
20
12
11
30
7
23
31
0
8
32
35
2
20
27
16
31
56
41
3
17
4
16
30
29
53
29
8
2
33
8
1
8
32
27
66
25
39
19
64
5
4
60
22
0
34
12
3
30
45
25
31
24
10
2
1
7
3
2
5
23
20
16
33
28
26
39
16
12
24
28
18
36
43
8
24
40
5
39
31
35
103
21
13
1
3
26
18
1
48
28
39
21
65
1
21
10
17
2
28
33
17
29
19
14
28
11
13
45
10
13
27
2
4
42
28
13
9
1
33
31
79
13
12
17
4
34
3
23
53
48
22
2
29
12
54
33
8
41
5
13
73
17
5
5
20
9
8
15
11
2
3
51
33
14
19
54
7
42
18
14
9
1
10
36
3
35
42
19
39
29
19
25
24
4
18
5
59
46
7
9
2
9
13
65
10
0
45
50
0
17
2
13
1
31
45
35
12
18
24
2
25
70
17
38
43
6
16
20
5
6
23
45
17
20
2
34
12
28
8
14
22
28
8
23
12
28
24
50
18
21
23
25
12
16
3
25
8
52
20
35
27
47
32
11
20
18
18
11
1
24
1
17
7
4
6
80
13
6
20
2
75
14
20
63
2
39
1
11
25
48
41
10
19
14
6
33
40
22
24
7
21
16
10
11
52
6
43
23
12
27
49
51
26
22
55
38
29
13
13
4
38
11
19
17
23
53
8
38
25
39
2
2
5
45
5
41
9
17
3
19
21
23
27
15
18
26
10
3
9
12
36
15
14
20
23
8
25
12
7
36
12
43
10
21
48
22
14
16
6
38
0
21
37
13
16
2
33
25
6
32
9
37
1
8
2
60
11
9
11
27
23
31
24
34
11
20
12
19
28
33
7
12
17
14
18
7
41
6
20
24
8
5
1
8
2
5
50
11
2
16
4
7
7
38
6
46
31
42
27
24
7
11
1
1
3
25
3
9
34
1
5
15
42
14
20
66
52
7
26
24
23
5
16
23
15
16
18
23
32
16
17
3
0
18
19
17
17
26
38
1
11
20
22
15
11
31
2
25
15
14
24
38
9
32
2
2
19
15
4
4
26
17
9
27
8
2
10
6
0
20
6
18
34
4
4
14
22
3
13
9
1
2
23
2
20
6
11
11
8
21
6
12
16
2
28
1
14
15
11
32
7
9
17
16
27
0
12
7
15
10
8
5
1
21
7
17
15
6
12
9
7
48
6
8
15
4
9
2
30
3
16
34
5
16
24
28
7
1
13
1
7
5
3
5
19
8
2
6
13
27
30
34
4
11
30
5
8
7
15
18
13
23
9
7
5
10
1
8
12
2
18
14
9
5
17
9
3
19
10
7
2
7
7
24
22
31
10
10
31
5
14
9
6
21
16
39
13
5
8
19
3
6
13
10
18
24
20
10
49
1
23
10
13
8
8
19
0
11
18
12
9
19
2
18
5
23
26
4
16
16
8
14
23
6
9
3
11
7
28
6
5
0
4
33
24
10
1
2
22
5
2
7
0
15
30
5
19
6
2
5
23
2
8
9
3
26
7
25
22
27
8
18
1
27
13
7
15
27
16
5
3
17
3
2
11
3
17
16
14
24
4
26
1
7
5
6
7
2
6
19
10
10
21
18
17
15
6
3
10
5
26
6
15
4
9
32
16
11
10
3
5
23
13
1
13
1
19
11
17
10
20
25
22
14
4
4
12
30
14
6
13
2
9
14
17
20
13
2
14
9
6
9
16
10
4
0
1
11
6
1
19
8
11
17
8
0
5
8
27
8
6
9
6
8
7
1
2
1
26
6
9
11
11
1
5
9
0
0
5
3
10
8
9
5
1
13
16
10
1
36
3
10
0
2
8
15
3
3
0
9
3
12
2
7
7
4
18
3
13
9
3
6
6
10
12
16
7
2
2
7
1
4
2
1
10
4
0
7
1
4
3
1
0
6
1
8
0
3
0
11
9
16
9
3
3
1
4
12
8
12
3
4
7
3
0
9
1
1
6
11
2
0
2
0
1
2
2
3
3
4
6
5
0
4
3
1
1
1
4
1
1
2
