12
10
2
21
44
20
52
8
58
9
79
19
30
6
11
5
17
56
10
2
21
10
83
13
35
4
7
40
43
17
21
32
37
50
40
29
34
10
37
11
27
2
22
20
4
33
3
3
43
12
12
1
35
21
10
8
34
39
13
8
21
45
8
37
66
31
10
19
17
18
41
6
10
21
27
22
62
58
44
44
56
20
31
11
27
5
5
59
18
10
6
4
26
40
6
35
7
34
2
67
19
23
10
28
23
53
14
55
12
47
31
12
3
3
2
30
51
37
25
28
12
57
15
17
8
103
13
71
60
12
7
76
33
38
30
48
14
12
9
24
2
54
23
21
2
28
50
45
8
0
63
1
32
49
7
11
58
22
59
35
32
6
29
25
5
9
45
5
0
24
22
18
11
13
32
20
46
1
38
53
32
48
19
31
70
26
1
64
37
46
13
70
22
19
6
13
63
41
37
19
13
23
12
14
70
69
1
21
22
52
84
7
46
50
12
27
54
19
19
9
32
16
24
26
49
16
13
9
69
1
72
67
25
11
21
38
61
6
20
24
35
24
9
59
17
17
6
25
40
20
50
20
19
50
31
35
57
19
52
78
20
20
14
57
11
12
13
17
47
15
41
52
4
13
16
3
8
65
22
30
24
14
1
29
21
40
23
21
5
5
41
66
3
1
42
29
25
8
45
12
16
24
31
69
13
17
0
7
15
20
63
26
13
59
81
19
15
10
20
60
59
26
17
41
52
31
1
33
10
39
23
16
68
26
51
29
1
3
16
35
49
29
11
3
25
44
43
15
3
42
32
7
2
4
69
36
55
35
3
73
1
23
57
34
38
60
65
4
10
32
5
4
26
15
46
30
9
25
1
6
30
95
1
46
6
48
5
39
58
11
23
25
12
13
36
27
0
1
32
24
26
31
18
23
18
2
46
66
15
21
25
35
4
19
9
5
14
4
4
19
17
89
114
24
53
22
86
12
4
45
12
51
27
11
19
78
13
20
85
27
53
32
14
0
10
22
81
15
2
9
39
84
12
64
25
26
3
7
16
23
14
48
35
9
37
24
56
2
12
1
38
29
5
1
12
13
63
14
33
10
32
2
21
3
30
39
11
9
2
54
9
39
6
25
2
44
38
42
79
4
56
54
4
1
18
64
9
2
1
46
16
7
25
10
52
21
24
13
8
22
47
4
56
63
22
8
33
7
71
58
19
40
6
2
7
15
8
14
54
11
13
18
97
58
25
16
30
26
83
16
24
3
18
8
14
68
2
24
31
46
20
18
33
13
9
35
2
20
12
9
24
26
1
28
8
36
30
30
24
4
62
9
11
20
20
53
37
27
26
32
27
35
44
35
24
7
16
8
11
47
17
42
44
13
42
30
31
22
41
13
19
25
39
71
4
6
39
2
34
15
5
46
24
15
40
35
27
25
26
20
19
57
31
20
12
5
7
4
35
1
25
25
3
51
12
13
23
36
23
36
19
40
20
45
9
22
12
10
31
4
36
20
21
8
27
3
14
19
15
19
28
39
16
30
8
9
56
11
12
27
10
12
44
24
17
41
16
20
36
11
44
33
35
29
17
23
19
53
9
24
12
6
6
16
55
1
3
10
22
30
42
15
4
39
53
21
16
4
28
41
6
33
23
18
11
3
42
2
1
17
25
55
37
25
14
48
31
12
15
53
23
10
9
6
59
8
8
4
9
28
58
21
5
11
17
19
29
37
2
54
24
4
17
31
19
18
18
3
8
20
7
0
7
30
19
14
14
34
12
5
36
41
5
1
4
12
20
9
21
14
13
53
14
71
41
25
10
5
17
28
5
11
22
51
14
9
19
26
13
6
9
28
24
19
14
59
6
1
5
56
23
22
21
6
32
3
22
20
14
12
22
32
17
10
39
7
45
3
18
46
40
15
11
13
17
22
5
14
14
28
30
11
0
15
42
11
32
16
20
11
53
22
47
27
20
6
20
30
12
6
44
21
14
6
43
28
16
17
2
81
18
29
40
21
18
46
29
18
19
4
45
1
1
8
23
23
39
44
2
17
6
23
24
16
5
7
24
52
26
39
24
8
41
44
30
26
21
3
37
11
55
5
18
4
47
10
12
30
25
8
19
29
19
16
32
2
30
21
1
23
45
13
35
18
31
11
29
11
3
24
8
33
2
7
49
12
28
6
38
36
14
10
42
31
30
38
10
3
18
17
15
42
53
24
7
7
29
4
30
10
14
30
30
6
34
6
7
9
22
6
5
3
55
15
29
23
6
27
17
17
28
42
16
26
18
12
11
6
16
4
11
5
22
23
27
35
18
13
23
27
6
64
51
18
8
53
3
1
5
10
26
1
5
25
25
17
9
20
23
11
14
4
22
3
44
4
10
40
4
37
33
11
17
32
10
6
9
38
12
11
11
6
8
3
26
34
23
14
5
0
28
54
3
14
7
3
25
21
34
5
10
1
3
23
30
10
20
17
39
21
1
30
47
34
18
27
11
11
3
31
19
24
17
21
4
11
4
37
34
33
30
8
51
51
21
43
19
25
25
44
32
12
4
7
19
6
27
20
37
18
15
11
18
22
4
26
24
3
3
2
18
13
29
25
15
30
0
51
20
32
6
28
16
0
13
2
35
13
15
10
20
4
1
19
11
23
29
16
28
7
4
9
20
16
4
7
21
6
19
10
32
6
2
2
29
24
6
6
16
23
12
14
20
21
15
0
25
3
1
67
7
24
4
2
18
19
5
12
8
6
10
18
13
14
4
19
10
9
3
13
27
27
46
7
18
15
8
27
9
3
13
28
20
23
2
28
46
34
29
31
17
29
3
10
22
14
18
8
26
1
7
27
17
9
2
6
7
15
12
31
9
7
15
12
26
14
30
15
15
7
5
2
12
15
11
34
19
0
10
20
7
19
10
6
1
9
7
0
14
9
14
10
1
7
0
11
15
31
43
6
16
20
17
6
6
2
3
17
9
12
2
7
2
14
9
10
0
5
22
16
22
12
14
11
29
12
2
12
8
18
4
10
0
9
17
9
10
34
11
17
2
11
12
40
15
5
12
14
3
12
1
17
28
5
15
32
11
14
4
4
5
8
2
2
25
2
35
21
11
5
5
9
2
19
2
9
23
4
19
2
7
1
3
14
6
0
0
5
25
4
11
9
19
1
4
10
20
2
10
3
40
3
5
6
1
3
8
9
6
13
26
4
2
6
8
17
25
4
6
37
13
3
14
6
1
11
1
6
5
0
5
9
2
7
14
12
2
0
6
16
6
0
11
2
16
5
7
5
24
2
4
7
9
10
10
6
22
5
10
6
6
12
5
5
5
0
1
15
9
1
14
3
0
2
16
10
0
2
5
10
2
21
7
2
10
8
1
5
2
23
11
3
9
2
5
2
16
6
5
7
0
13
5
2
6
7
1
11
8
5
1
3
3
11
15
4
5
0
12
3
2
2
1
10
2
5
2
7
3
4
5
4
5
2
0
7
0
3
5
1
1
9
5
4
2
0
2
5
0
1
1
0
0
0
2
0
2
0
0
0
