15
23
1
14
18
26
28
43
117
9
26
6
10
6
6
28
5
3
35
26
24
12
6
29
13
6
14
12
35
84
29
4
20
20
33
17
4
45
83
2
17
29
32
44
14
10
0
24
74
39
5
39
11
6
15
5
16
20
25
17
2
39
22
3
35
61
15
104
43
26
22
29
1
8
13
4
27
17
63
53
56
27
10
36
20
14
59
36
10
4
26
56
1
22
45
34
34
14
5
40
94
63
26
83
1
21
78
1
11
35
1
46
56
6
25
47
19
32
38
44
12
35
37
17
6
44
40
70
20
2
34
4
109
18
32
32
49
27
20
19
50
67
21
5
8
48
11
5
47
106
36
38
35
15
43
49
58
3
29
35
12
4
0
46
8
64
54
24
22
36
51
55
47
23
31
22
80
0
60
46
53
46
52
7
40
10
43
6
2
56
86
69
32
20
22
92
19
27
20
11
4
9
22
14
77
68
25
15
36
54
28
10
29
36
14
16
4
18
38
40
10
45
119
49
18
41
39
23
14
95
12
56
4
30
6
28
11
80
36
41
30
28
100
1
89
3
23
45
54
6
30
3
15
92
17
24
39
7
12
3
2
50
10
69
3
28
27
63
11
47
45
9
38
32
46
32
44
24
1
10
8
81
8
52
58
26
18
2
5
16
26
33
12
46
14
39
13
22
10
0
3
56
56
6
4
44
54
55
57
11
51
33
74
27
4
21
22
14
49
40
15
16
5
10
28
19
3
23
18
48
38
12
35
17
11
16
10
36
6
25
39
51
51
10
22
61
17
65
21
1
10
39
27
32
22
4
1
95
36
56
15
34
15
7
10
2
43
41
35
68
5
14
1
35
46
31
17
25
45
53
0
27
18
14
15
36
14
38
2
57
3
7
3
37
12
27
47
23
20
4
19
51
14
55
23
37
14
6
33
18
22
7
51
16
58
10
12
0
22
8
35
38
17
9
30
24
42
41
43
57
22
33
25
21
37
26
11
60
44
10
6
29
3
7
20
10
18
16
9
12
36
53
25
56
17
17
14
7
32
28
25
28
25
44
20
55
15
41
30
7
70
69
45
33
4
17
20
45
17
10
40
20
20
13
16
32
70
43
23
15
11
57
4
18
28
16
27
30
38
5
14
51
29
22
19
7
26
48
13
24
28
6
38
32
30
3
68
52
27
26
19
10
41
2
25
56
23
34
25
46
5
15
5
26
15
16
26
29
11
10
27
18
34
34
8
8
46
27
22
6
18
36
11
17
26
21
10
15
45
43
48
3
2
86
8
63
23
43
52
5
8
14
14
6
13
32
22
30
73
14
7
30
8
53
36
60
23
2
10
28
38
20
8
10
6
15
51
26
7
47
26
21
9
6
36
0
63
21
35
8
20
29
3
5
31
15
21
9
45
25
19
21
24
50
28
11
50
48
27
13
55
24
36
77
38
29
15
4
58
12
46
39
7
33
12
21
18
28
10
15
28
16
21
40
25
15
6
45
29
2
40
24
45
22
2
51
1
8
7
33
31
13
7
23
70
7
39
78
39
54
36
0
34
3
10
1
33
27
38
4
19
1
13
21
14
6
27
34
42
17
15
42
10
49
40
22
22
31
31
0
6
19
18
19
19
5
28
7
48
17
1
12
11
43
5
23
23
30
29
16
4
40
26
36
16
14
25
2
2
21
25
19
5
26
46
17
5
63
45
35
44
2
69
60
20
18
21
35
33
4
6
15
11
8
34
7
4
25
59
48
13
8
13
20
79
6
1
5
11
4
27
29
5
20
31
16
32
4
10
66
30
52
13
3
0
28
29
2
53
26
0
45
34
8
24
1
21
5
12
21
24
30
17
7
38
19
10
20
21
5
3
45
0
34
21
11
12
19
35
32
14
41
42
41
1
36
58
42
10
13
12
5
78
61
38
13
1
3
39
39
48
20
2
13
26
10
2
36
12
22
4
29
6
10
22
68
33
43
15
39
11
7
45
2
22
10
12
17
29
20
38
35
63
38
36
5
24
2
12
25
40
18
8
30
9
3
19
5
29
22
19
10
51
8
32
41
29
19
13
4
5
44
19
12
20
29
19
14
60
48
11
8
20
25
0
13
18
35
41
22
61
14
24
4
12
15
38
10
28
13
33
2
13
37
11
5
12
29
11
44
49
12
1
53
17
27
9
3
33
1
48
3
10
6
2
24
27
7
19
27
7
4
5
11
18
15
37
24
4
1
21
24
15
2
16
1
4
15
7
28
30
13
4
10
62
23
11
5
39
1
1
26
23
14
17
36
38
25
31
3
8
54
9
3
14
20
2
23
44
10
23
15
25
12
5
5
56
11
0
21
11
19
1
15
8
5
6
15
31
15
30
16
21
8
23
28
45
19
9
15
1
19
29
29
38
40
11
5
17
25
29
15
3
47
9
9
15
1
23
16
5
15
32
44
8
2
19
5
7
19
23
5
4
14
22
49
2
9
3
28
3
8
37
5
14
17
7
0
11
40
21
18
12
31
46
9
32
19
31
29
3
11
21
12
27
17
14
8
19
1
8
3
14
43
6
12
24
12
31
24
16
20
16
8
15
2
7
5
16
5
0
11
48
17
9
29
5
20
25
8
19
14
31
8
9
0
12
4
27
7
15
5
21
36
10
6
11
0
12
34
2
13
2
11
19
2
4
17
14
16
10
7
35
2
11
9
24
8
19
20
4
28
2
31
16
16
11
31
7
8
2
21
16
14
11
23
6
14
14
3
4
12
37
17
17
12
0
41
47
17
22
9
39
19
23
12
14
17
44
37
5
7
3
1
1
9
16
8
3
52
17
2
11
3
27
10
23
13
1
41
7
15
21
3
14
22
4
4
21
3
33
28
8
9
27
6
16
45
20
3
15
7
4
38
22
3
25
27
18
5
12
18
7
8
19
9
12
20
12
9
19
4
8
11
4
18
8
0
13
0
1
14
18
20
18
3
19
30
27
30
24
12
3
7
42
31
9
15
11
3
10
13
8
5
3
15
22
1
35
24
8
2
4
7
19
13
26
20
17
2
0
13
11
24
30
4
4
5
18
5
15
1
35
8
8
9
11
33
15
8
13
6
3
3
6
11
5
10
3
10
24
15
12
15
21
18
7
20
3
11
2
9
12
3
6
20
13
8
1
8
22
5
0
11
9
7
13
21
19
1
2
5
2
19
3
14
18
20
13
12
4
10
13
22
6
6
8
1
15
8
10
20
12
8
5
9
16
13
18
4
4
12
1
8
5
3
3
12
0
16
27
6
6
15
4
5
6
0
9
12
6
4
9
2
2
2
25
2
2
5
10
3
1
18
15
5
1
5
14
5
3
4
12
4
11
4
8
2
11
3
12
1
5
0
18
13
2
10
10
3
1
3
10
3
2
4
11
0
7
2
4
3
6
13
9
12
6
13
6
3
3
0
9
4
5
5
4
11
9
10
5
2
2
5
10
4
12
1
5
7
5
4
6
6
3
3
6
4
7
10
6
4
2
1
2
9
1
2
4
2
7
4
2
1
3
3
3
2
10
2
3
1
6
1
0
1
1
1
1
0
