17
32
21
1
38
19
0
45
4
27
40
3
1
13
48
11
11
15
13
12
17
12
7
28
12
3
31
2
10
15
17
15
13
3
53
40
8
30
18
5
29
49
30
16
25
24
24
12
32
5
10
22
13
15
5
14
3
34
50
35
17
19
22
15
32
99
29
48
3
32
6
13
34
63
11
4
46
14
1
18
41
25
81
9
5
17
4
46
10
11
57
46
16
73
22
26
17
24
6
15
0
46
10
0
46
39
18
3
33
37
13
28
15
18
16
48
12
12
78
51
4
22
4
27
15
33
7
41
47
11
27
29
12
63
42
36
2
30
45
22
13
6
3
29
27
65
4
75
33
100
1
0
27
34
9
4
19
83
30
35
24
4
30
68
2
60
53
54
16
14
18
31
10
28
13
21
30
66
20
28
21
28
15
4
31
29
52
38
32
15
10
117
13
25
1
9
1
12
5
26
31
7
12
20
26
61
20
6
54
31
8
4
63
7
4
50
27
35
5
2
27
15
31
33
7
77
22
13
29
69
70
26
34
20
57
0
32
26
38
33
5
17
1
11
52
28
12
3
20
10
34
35
15
8
33
22
24
28
7
55
18
123
2
30
14
14
4
99
8
14
56
22
9
39
4
48
64
50
66
58
6
23
36
36
12
24
5
12
85
26
32
33
12
2
9
7
21
4
49
25
6
20
2
32
20
48
12
78
67
12
43
92
17
1
22
43
38
1
28
6
17
61
63
20
36
18
43
16
59
13
20
0
6
3
6
22
3
70
3
23
35
16
7
3
49
63
31
17
13
62
30
58
29
20
4
22
35
5
11
9
72
2
61
11
42
17
77
22
45
14
32
39
41
28
6
12
25
1
13
16
2
19
7
1
54
8
35
17
17
30
23
57
30
56
0
6
23
39
27
71
44
32
2
5
43
34
6
11
25
6
15
62
40
34
10
27
30
3
8
1
2
11
32
31
17
38
9
4
17
62
53
34
18
20
10
36
44
23
0
43
24
13
7
13
6
47
11
20
11
6
8
14
12
2
7
29
19
15
60
21
69
60
50
34
16
88
47
69
42
13
36
16
17
15
92
23
18
54
8
17
68
17
4
22
39
23
18
29
14
10
63
15
34
12
42
48
8
53
13
44
43
11
31
11
28
55
49
21
1
59
9
13
51
44
4
16
49
42
10
8
17
28
3
4
22
8
11
11
12
83
10
58
46
56
3
19
31
2
28
19
36
75
4
21
14
19
21
29
48
52
55
23
20
29
5
2
7
5
15
26
42
19
21
27
29
21
44
4
17
6
8
23
25
3
72
3
63
68
17
62
35
21
8
14
12
20
32
53
36
12
3
53
15
5
8
55
55
1
16
22
25
1
3
11
19
24
17
46
7
30
26
31
7
20
6
5
13
60
27
38
14
60
25
12
68
21
15
15
9
5
12
15
1
12
58
1
9
46
10
85
69
27
21
61
20
55
3
1
22
36
25
61
43
1
21
27
25
31
7
38
5
5
15
4
26
50
26
31
25
4
2
54
50
29
42
17
46
25
8
10
24
2
2
47
13
9
28
30
71
51
6
31
30
1
37
7
11
6
37
21
3
6
28
37
24
14
2
50
5
60
41
0
17
46
21
22
38
0
5
2
33
48
12
27
32
7
51
24
63
22
8
26
11
5
41
29
10
8
39
23
77
21
15
66
3
44
17
25
18
17
35
4
10
11
17
25
22
2
24
7
21
9
29
9
40
22
27
18
22
10
14
35
75
29
57
7
13
15
24
14
4
21
48
47
7
40
21
12
15
18
24
9
2
40
11
3
17
0
10
13
11
40
3
2
8
34
17
58
50
35
18
31
29
27
6
48
36
16
50
71
7
0
75
1
11
27
6
7
38
19
7
5
11
44
11
32
16
42
12
20
14
12
2
61
32
21
16
25
8
24
32
29
37
35
1
16
40
18
28
49
0
40
7
10
18
14
30
17
28
5
11
25
37
32
44
4
11
5
7
41
15
2
21
47
27
11
27
13
34
18
20
2
22
22
3
13
28
55
20
4
37
31
35
54
16
1
16
8
50
36
21
7
18
32
35
20
18
0
9
42
28
12
8
21
31
28
2
21
5
25
11
38
6
17
8
32
41
7
49
14
7
30
31
21
15
6
3
3
12
51
21
11
28
38
29
47
18
3
37
13
21
27
25
51
6
81
23
28
28
28
19
10
41
41
35
23
2
5
16
14
49
33
14
24
18
1
28
30
12
13
17
10
5
0
12
35
13
25
23
34
26
22
1
17
48
6
50
10
18
41
14
36
0
18
13
5
19
54
24
1
15
36
18
22
39
3
34
13
20
3
31
15
2
15
19
14
5
9
16
18
15
33
1
1
25
8
15
12
18
24
37
17
1
22
8
22
27
21
16
1
3
39
9
25
17
2
32
42
12
14
17
8
14
26
4
43
4
8
24
40
32
17
21
7
6
1
18
3
9
43
20
42
19
13
5
72
11
4
10
24
5
26
6
25
22
13
9
49
14
44
4
15
29
22
3
14
11
40
26
33
24
18
1
8
1
1
11
26
12
18
13
4
32
3
5
28
23
1
34
10
20
22
4
27
34
33
15
30
31
35
20
9
13
27
20
11
7
32
3
25
52
13
27
41
13
20
8
11
23
10
3
4
10
25
1
24
56
10
4
29
11
0
28
29
36
22
10
16
6
3
24
23
9
5
24
11
17
28
19
9
7
4
10
20
6
6
10
77
8
24
6
34
7
23
23
11
7
17
1
28
24
6
24
1
8
4
7
14
33
14
3
3
1
31
11
16
13
5
48
21
59
17
7
7
8
27
7
27
9
19
14
48
12
27
21
14
27
9
24
8
4
23
3
6
12
25
13
9
4
4
12
16
24
19
3
26
2
14
16
8
15
13
12
21
3
3
20
26
29
52
12
7
2
7
1
18
12
31
9
23
26
29
5
12
14
3
3
15
31
24
5
2
26
29
4
22
0
2
6
36
12
30
23
18
11
6
6
10
8
2
7
34
21
2
1
13
10
21
11
27
12
20
0
13
4
11
7
28
2
13
36
27
15
13
15
10
4
2
11
30
17
17
33
6
16
4
13
4
14
44
6
22
21
1
4
16
2
18
12
6
11
17
1
14
0
25
15
7
20
6
6
6
24
11
8
3
3
14
7
22
0
3
16
10
17
10
18
2
16
3
3
7
2
17
4
2
13
2
2
2
5
18
14
9
4
24
14
1
6
6
5
22
1
9
23
15
3
19
0
1
13
0
6
11
4
10
9
25
4
6
8
11
7
21
8
9
4
10
12
20
26
2
11
14
12
20
12
2
12
20
10
17
17
8
27
1
1
4
4
8
19
2
14
17
5
4
2
18
2
2
9
6
3
10
6
1
25
1
3
7
3
11
9
4
11
4
12
18
9
7
6
2
0
1
4
1
4
9
3
5
12
15
7
0
5
10
10
5
6
5
1
13
9
5
13
2
9
3
1
3
10
3
4
14
8
6
3
2
5
1
2
4
1
7
0
9
1
11
9
1
4
0
4
2
2
2
2
0
9
0
1
1
0
1
2
0
3
1
1
0
