3
11
24
46
12
10
67
12
68
100
10
18
2
10
19
14
5
7
26
8
11
83
10
1
66
14
8
15
26
11
7
19
27
11
45
29
62
24
13
35
20
13
20
13
17
7
57
39
35
32
11
10
24
22
11
8
18
11
1
6
71
65
26
38
46
7
2
17
18
25
15
15
34
13
18
24
8
18
19
70
30
3
14
13
19
22
5
42
25
48
34
28
4
13
46
33
19
37
91
9
12
113
31
30
42
54
37
20
17
20
5
10
1
16
14
0
36
50
46
6
18
36
84
28
42
59
33
13
17
9
7
76
11
15
23
7
84
23
26
4
28
39
14
24
22
110
14
44
19
14
33
2
13
0
45
19
59
18
42
57
14
34
15
19
3
36
27
4
2
7
43
1
42
19
8
3
35
20
26
25
30
23
33
12
67
4
17
35
33
32
42
3
60
62
4
21
29
22
22
1
39
56
3
9
20
23
6
23
5
8
16
46
30
2
23
44
30
32
72
41
13
18
26
3
37
46
24
36
26
79
50
16
24
8
0
26
6
21
61
27
5
30
15
5
41
14
99
15
3
5
2
54
60
21
81
66
33
6
7
23
17
8
91
13
22
8
34
59
21
33
17
42
5
23
4
17
44
24
39
23
32
32
32
55
89
86
8
27
3
17
6
3
22
47
51
14
46
35
37
38
60
21
34
39
37
1
88
38
46
23
8
45
73
47
31
50
3
12
39
22
22
68
48
4
17
0
33
31
3
21
14
44
45
23
28
40
8
6
5
16
90
26
30
68
4
37
12
26
95
0
2
18
49
18
18
13
56
33
80
39
51
39
34
13
33
8
15
37
2
24
19
44
17
48
38
16
4
13
38
18
18
33
15
23
19
74
4
7
62
3
5
8
33
12
37
21
48
10
35
10
25
41
55
57
20
35
5
28
21
21
8
36
73
21
15
56
8
31
28
22
6
41
26
40
9
6
25
19
15
51
23
15
9
3
21
3
31
8
3
23
23
40
3
27
34
43
28
10
33
40
30
41
25
26
10
12
23
27
2
37
68
57
28
17
2
48
19
15
4
14
55
26
7
43
33
13
7
23
15
75
32
6
24
22
12
28
14
38
11
33
45
19
23
65
1
22
28
22
42
21
6
42
5
43
3
29
54
13
17
2
38
30
5
37
18
47
66
57
9
18
18
26
16
36
19
11
7
34
17
31
26
10
41
26
28
64
52
34
64
3
30
10
8
12
16
22
34
18
40
36
6
49
25
12
68
16
15
1
15
6
34
2
10
16
10
42
2
13
8
6
4
25
23
16
17
44
18
16
49
31
50
24
19
15
2
43
62
5
2
1
9
24
20
10
64
21
38
26
38
7
33
41
53
19
35
8
16
18
75
30
19
7
49
4
2
1
24
14
10
14
25
29
25
25
29
22
15
6
20
42
52
35
2
14
12
16
9
3
55
26
63
15
12
11
9
12
5
2
32
6
12
33
12
16
71
18
25
48
32
36
25
23
51
39
12
3
46
10
9
101
4
34
14
19
30
10
13
21
2
2
20
6
15
79
10
18
30
25
2
56
43
2
52
23
41
73
18
13
24
8
34
0
33
34
26
47
35
2
20
22
16
18
20
74
18
26
9
69
47
37
71
10
22
0
34
41
29
26
11
21
26
7
4
34
8
15
34
18
27
63
23
23
19
4
45
30
19
16
2
11
2
2
14
54
72
19
13
85
79
39
46
40
12
9
21
15
27
33
62
72
19
0
10
59
10
60
3
8
19
6
12
0
22
11
4
8
2
23
8
33
22
13
35
15
54
11
12
2
12
24
3
25
91
6
13
25
53
77
25
8
7
12
7
7
5
25
48
18
29
28
7
15
33
32
9
23
28
10
13
10
19
10
20
7
16
41
10
53
7
5
12
16
11
27
19
16
2
33
8
16
4
40
3
38
12
5
5
30
9
13
0
15
13
39
4
16
20
40
15
29
47
1
11
30
16
37
19
3
5
0
15
7
22
19
15
16
19
26
3
3
26
29
14
1
28
5
16
10
16
10
59
30
19
23
42
2
58
43
9
12
12
7
2
2
28
33
16
6
8
14
23
25
82
17
13
14
1
50
12
8
0
35
3
21
1
3
5
23
11
25
21
51
20
7
16
17
22
17
7
22
19
43
8
3
19
0
11
62
5
27
4
8
10
21
29
15
8
24
59
31
6
1
10
22
7
3
14
12
17
12
22
14
48
24
19
28
20
29
13
8
2
23
13
46
1
14
26
10
37
25
2
5
11
25
19
28
6
2
23
2
18
31
9
3
37
32
18
18
17
8
17
15
30
6
2
14
6
6
17
1
42
11
6
8
20
18
14
16
17
5
7
70
12
13
20
31
29
22
21
31
27
37
9
4
60
31
10
8
43
51
0
0
23
24
2
5
44
27
20
33
5
36
8
14
39
4
25
2
15
16
7
15
2
32
13
5
9
8
20
23
28
11
0
35
20
27
0
16
18
32
0
3
13
5
10
2
13
16
12
17
4
12
3
22
9
33
12
6
24
12
41
8
12
26
16
47
10
3
9
26
3
48
58
9
14
8
4
14
0
24
6
25
27
11
3
22
21
34
1
30
2
7
2
32
9
25
12
4
25
8
18
9
15
27
8
35
8
7
30
13
8
0
7
13
10
17
19
10
10
3
22
23
7
0
10
24
5
22
24
30
24
25
20
26
44
31
3
12
3
5
13
14
27
64
47
32
89
1
14
11
5
4
34
16
30
9
13
11
17
22
39
5
15
15
15
29
10
28
1
8
12
6
9
22
0
12
6
11
5
28
8
39
22
33
13
29
16
7
8
1
12
34
7
7
1
6
15
8
15
24
3
4
4
6
12
0
6
14
0
19
16
5
4
28
31
7
39
10
16
8
17
3
39
49
6
10
14
15
32
12
17
22
24
9
13
6
5
4
26
16
2
5
32
8
7
26
15
27
2
11
16
19
3
1
11
3
8
32
14
20
15
4
12
4
20
8
0
1
16
6
11
41
9
13
4
1
12
18
12
9
1
15
3
18
15
14
24
1
6
12
20
6
23
0
7
15
13
4
16
16
8
18
2
14
2
5
12
16
23
17
7
5
30
19
6
7
18
2
7
16
8
14
22
18
3
4
8
6
8
9
5
7
15
20
14
17
19
8
11
2
1
14
26
20
7
5
18
17
19
1
4
16
1
5
12
1
4
12
7
16
1
13
10
18
2
12
34
1
10
1
3
32
4
14
9
17
13
6
7
22
19
11
6
32
5
10
7
4
13
3
8
7
4
4
14
5
2
3
11
3
9
45
4
11
9
25
4
3
7
7
3
2
0
12
3
2
23
2
22
9
1
16
2
5
10
2
4
14
5
13
7
4
6
17
5
5
16
4
14
7
4
8
6
3
13
8
5
4
12
2
7
6
14
8
6
0
14
17
2
5
3
8
2
24
6
6
0
4
6
6
7
5
2
6
1
7
2
11
2
0
12
16
1
2
2
2
18
3
3
2
4
19
2
2
5
4
10
7
3
1
4
4
9
1
5
2
6
0
0
4
1
7
2
3
0
0
1
5
5
3
0
0
1
4
1
2
2
1
0
0
