17
3
13
16
4
13
4
5
28
37
52
24
11
3
9
11
13
13
10
19
66
28
15
3
17
57
21
28
14
4
13
6
26
9
13
10
39
31
25
2
86
1
15
41
12
60
10
20
45
40
3
29
18
24
15
12
2
6
20
5
49
10
26
5
28
21
51
15
28
11
52
23
38
28
21
36
42
54
47
31
1
20
83
14
11
35
33
24
14
10
24
4
32
17
11
23
3
1
26
12
24
26
24
38
29
15
37
50
20
9
60
5
9
1
25
13
94
93
19
6
18
13
30
15
47
9
19
68
72
66
25
47
34
54
86
29
52
28
3
8
29
8
36
11
13
48
57
38
28
70
6
66
6
33
12
19
26
78
47
2
65
21
9
11
11
42
45
12
30
39
22
80
9
44
70
30
35
63
63
47
30
11
14
13
27
58
42
25
18
33
39
33
33
21
22
14
67
69
18
41
9
20
8
30
72
92
29
34
48
25
48
20
15
65
31
48
3
15
14
32
4
50
1
15
20
20
23
101
29
28
25
44
10
9
16
68
65
0
34
6
25
18
35
4
10
56
21
63
51
26
20
17
35
63
25
19
59
16
10
47
3
12
4
11
25
32
28
6
17
18
40
6
2
55
0
23
75
12
14
1
11
40
6
21
30
20
47
65
35
47
34
19
10
16
1
19
5
33
14
9
22
3
0
7
18
6
6
6
58
49
1
38
31
23
45
5
38
1
23
6
4
27
19
57
41
5
1
12
51
0
51
16
46
7
15
10
1
30
6
49
16
22
29
9
51
38
4
9
102
26
78
7
21
12
17
51
13
49
52
35
3
43
64
24
15
46
11
12
16
7
32
54
10
3
8
15
27
16
30
37
45
15
10
2
36
73
29
2
53
15
26
38
6
24
25
27
23
57
1
53
58
11
2
5
3
63
35
56
11
39
12
10
0
4
23
40
84
17
16
26
2
5
37
4
19
33
30
59
63
51
40
30
18
14
15
57
1
39
27
0
42
31
59
26
1
10
25
7
12
2
23
9
23
40
30
12
4
25
20
10
18
22
39
19
34
32
23
10
28
3
55
19
93
38
14
52
24
31
16
15
21
26
2
26
26
32
11
13
11
28
14
51
36
33
63
6
46
42
17
5
3
59
6
18
47
19
27
2
24
3
23
94
19
9
8
21
18
4
56
40
1
8
21
2
51
9
10
4
16
6
34
42
1
6
17
46
19
4
26
2
13
11
56
48
42
25
12
29
8
1
18
25
26
38
16
59
3
10
61
7
9
2
48
26
3
7
17
50
22
51
9
72
12
70
6
46
0
47
7
13
31
44
28
13
7
23
25
31
9
18
12
6
4
54
22
8
27
7
1
30
32
30
45
25
12
5
11
21
46
36
17
61
27
26
10
70
11
79
24
17
63
20
13
35
33
5
42
15
23
11
31
2
19
4
19
20
10
55
12
9
1
53
52
43
27
39
6
12
31
11
2
18
17
11
9
6
1
14
8
17
44
17
22
4
19
7
44
11
34
6
3
39
53
13
18
10
19
22
12
28
20
11
18
63
13
4
42
40
27
3
2
14
18
13
12
7
56
8
59
31
15
11
0
11
1
21
39
14
8
4
56
20
2
0
5
22
31
41
6
17
58
22
34
37
14
14
5
7
20
20
3
33
2
21
35
7
17
47
6
52
10
16
25
42
33
27
23
24
5
21
13
31
20
31
29
35
5
28
86
15
20
38
21
55
29
59
7
16
37
37
16
28
34
35
6
1
1
32
48
0
13
30
14
17
36
18
24
23
0
16
9
28
44
15
27
37
14
41
16
13
8
10
47
1
9
30
48
54
48
37
16
22
64
30
7
32
6
22
20
4
33
41
33
11
9
8
10
1
52
0
21
31
9
36
10
17
35
22
6
43
26
16
33
41
16
38
81
13
9
22
65
14
12
15
19
48
7
4
19
41
45
19
7
4
6
68
13
30
9
39
25
52
9
13
43
48
36
29
35
7
11
8
55
15
27
35
13
33
7
13
26
6
10
19
10
41
10
19
3
17
35
14
44
11
36
22
22
89
12
38
32
11
17
17
40
91
6
18
46
31
30
3
23
8
11
2
5
14
3
41
11
37
25
43
5
8
18
28
17
30
33
15
49
1
12
53
29
18
15
11
15
8
44
4
35
16
5
20
30
29
39
19
36
1
22
17
8
24
7
16
39
5
44
27
11
1
8
25
0
26
46
19
9
40
38
47
44
15
57
3
8
4
25
42
4
12
17
47
10
51
18
10
11
9
12
0
5
4
21
6
4
32
9
29
17
21
17
13
51
22
44
44
26
3
7
7
23
10
8
10
28
12
34
8
41
7
9
13
35
58
11
6
47
3
10
7
59
50
22
7
17
41
17
5
7
4
9
23
20
2
7
6
15
48
11
28
30
0
17
29
11
11
1
5
41
21
3
70
19
13
18
36
32
23
0
11
42
4
1
21
1
35
29
33
7
7
10
7
11
1
2
28
19
19
10
8
11
31
36
1
28
37
0
5
11
32
17
29
11
31
7
7
6
33
21
3
30
8
2
20
11
20
2
15
24
12
16
6
13
24
8
25
8
16
11
4
16
16
12
25
13
5
10
27
22
4
4
16
6
28
2
27
13
24
0
10
41
17
27
0
15
7
18
16
30
22
3
7
19
35
12
20
43
29
44
18
15
30
6
17
7
10
18
6
17
4
8
11
0
17
14
29
18
9
30
28
39
42
1
9
42
29
7
23
21
34
10
6
15
11
9
21
24
27
22
12
12
8
7
19
2
9
43
4
17
12
6
16
14
13
6
9
27
34
5
17
18
3
30
10
9
10
5
3
27
3
24
28
15
16
21
30
8
0
15
8
12
8
8
0
15
3
12
19
7
35
23
41
4
8
21
40
16
23
0
6
23
22
16
8
22
3
8
2
18
9
13
31
5
19
29
11
18
9
0
9
1
10
28
17
17
12
4
26
2
13
13
6
4
26
31
36
1
24
19
1
11
3
9
6
5
18
4
14
5
22
3
9
28
39
26
0
10
20
10
14
6
9
0
12
14
15
10
4
11
15
14
2
14
6
4
14
23
12
14
22
18
13
27
2
1
18
4
7
16
1
16
20
16
13
22
5
3
11
2
11
2
18
18
30
9
20
12
3
2
22
15
20
15
22
13
39
12
2
1
3
16
3
10
9
2
18
22
10
2
26
3
24
7
28
6
12
20
4
4
5
17
12
3
22
0
7
21
12
5
3
9
14
5
2
19
6
7
3
9
5
10
29
9
1
6
8
9
14
10
3
7
9
6
21
21
15
15
1
12
1
3
6
13
8
4
8
11
8
1
4
8
23
18
9
11
6
4
11
13
3
7
7
16
5
1
7
4
7
4
7
21
13
13
6
14
12
8
9
2
4
14
27
1
10
4
0
9
8
4
7
21
7
9
1
15
7
3
13
15
1
10
13
5
14
9
9
2
1
8
4
7
4
9
2
15
9
4
3
1
3
1
10
1
3
13
7
3
4
3
2
2
1
0
10
2
1
3
11
1
1
9
3
3
9
2
5
11
10
1
1
9
1
1
11
6
1
5
2
3
0
4
4
4
1
5
5
3
3
1
3
2
1
1
0
