13
11
1
25
13
36
1
19
6
4
0
20
1
66
30
1
39
12
10
16
30
36
16
2
112
14
37
29
86
25
4
16
23
26
34
23
53
10
49
21
21
20
42
20
17
30
7
7
25
27
17
18
3
13
63
19
44
37
16
12
18
23
47
49
13
20
14
9
36
43
29
28
65
2
12
9
1
15
10
15
12
44
49
58
38
11
15
27
54
59
18
6
40
29
26
3
47
4
7
17
15
66
6
55
21
41
10
20
28
37
5
5
1
10
38
74
68
17
31
12
42
55
52
52
34
28
61
21
18
48
0
3
108
33
5
30
41
18
36
4
27
37
40
17
21
16
1
49
14
30
6
13
34
7
18
13
32
10
11
26
27
11
1
37
13
14
41
3
13
4
25
21
19
21
75
55
0
13
21
63
57
5
23
5
44
78
37
43
49
68
15
34
46
24
23
2
13
6
65
29
43
3
10
13
20
25
51
14
27
30
49
2
38
6
26
38
13
74
38
2
46
6
16
69
59
42
15
7
20
5
14
2
0
32
30
35
35
9
13
58
55
22
61
15
13
42
14
52
30
13
55
82
11
39
39
8
30
61
10
31
5
1
40
15
11
38
26
17
58
14
6
19
22
53
43
3
51
12
22
5
44
21
11
81
78
6
24
6
13
35
14
9
16
44
60
28
78
73
12
37
49
24
12
10
59
21
10
9
55
3
32
30
43
6
19
27
10
44
33
27
7
46
32
25
5
52
46
6
3
3
19
70
37
5
1
10
24
7
19
4
28
20
65
32
113
24
20
19
37
23
10
29
5
1
26
28
1
55
54
69
18
29
32
7
97
35
2
20
18
15
17
56
26
52
21
78
67
57
34
3
29
47
9
35
27
20
21
28
29
58
83
29
0
54
73
27
8
51
27
63
27
20
13
30
108
55
13
2
8
52
4
21
42
37
26
19
27
38
5
69
12
15
36
55
36
68
9
10
47
2
61
50
17
11
16
3
33
79
1
33
11
43
41
29
62
7
5
23
38
61
49
73
7
0
31
0
57
55
35
1
48
52
24
15
12
46
19
1
19
0
43
12
25
47
5
16
30
3
18
83
15
16
7
6
69
55
21
45
32
44
2
40
12
9
30
42
6
6
83
56
19
3
52
11
38
35
42
19
4
12
25
11
52
7
27
44
7
12
0
63
26
22
59
126
4
24
6
15
18
6
14
49
9
17
47
16
25
12
36
22
1
7
20
23
21
1
19
11
4
74
47
29
21
21
23
41
62
3
8
24
44
5
33
23
1
3
3
18
10
1
25
39
21
16
10
17
47
30
12
12
45
11
67
15
17
52
16
30
16
39
41
53
2
8
15
21
28
11
11
75
8
2
72
38
45
10
35
0
31
51
34
36
6
1
6
104
5
68
6
6
1
19
42
30
5
29
17
25
6
0
3
1
25
5
14
42
48
21
36
12
1
5
12
44
9
45
1
14
41
51
14
36
47
17
39
1
30
6
3
20
5
38
15
11
12
13
38
1
15
17
48
21
55
29
23
60
7
9
29
7
10
36
2
3
17
42
52
45
17
47
19
7
35
46
35
53
34
22
2
24
27
22
94
65
49
54
1
50
16
28
1
30
18
3
36
26
15
16
30
52
7
39
19
11
59
17
2
9
12
8
31
19
40
38
24
28
29
32
36
13
49
16
34
38
18
12
24
3
42
64
40
22
6
48
9
11
34
2
44
29
4
10
19
34
49
25
3
7
32
20
28
46
46
9
10
45
23
57
43
2
31
49
10
20
1
24
45
33
1
6
15
2
30
26
40
48
37
21
31
36
3
20
11
23
25
18
0
40
3
2
16
7
30
2
10
18
7
9
25
27
4
29
48
32
15
3
40
5
50
27
14
23
2
15
8
14
14
10
28
25
1
68
4
57
13
41
1
33
12
4
15
34
40
23
15
0
32
18
2
17
19
13
18
35
35
14
7
1
31
27
8
11
0
30
19
35
24
6
19
12
2
20
36
38
5
11
61
29
23
28
2
40
5
46
28
2
22
3
54
5
24
42
25
13
41
12
21
7
1
48
54
1
32
5
30
1
37
34
51
49
3
4
16
18
43
30
7
6
17
5
8
37
12
32
24
11
40
9
9
3
26
9
40
13
7
24
20
9
10
21
35
31
10
48
7
55
15
17
29
3
47
27
8
10
16
47
17
48
30
13
6
8
17
7
3
24
16
58
14
20
19
2
34
11
44
7
22
24
1
4
43
24
5
2
0
48
46
16
9
8
24
5
27
14
1
3
13
23
5
6
31
19
77
10
26
38
2
8
2
9
20
17
12
4
29
20
36
41
4
17
36
50
6
19
8
6
1
17
17
46
7
31
2
47
18
33
29
32
34
10
30
15
10
5
3
30
9
14
2
28
4
15
9
4
12
10
17
11
10
19
29
27
4
26
5
13
15
18
15
5
10
9
21
6
25
19
3
32
4
5
4
18
70
0
0
16
15
1
41
33
11
6
17
15
17
7
3
20
14
0
8
5
4
29
12
1
7
29
3
33
33
16
8
17
19
24
5
16
18
29
14
16
15
13
19
25
5
19
25
1
11
7
14
10
20
9
5
50
23
43
16
6
13
3
24
20
15
33
47
24
21
27
13
7
25
9
1
6
10
14
13
8
13
23
6
8
32
23
15
32
8
16
3
6
16
2
15
3
15
18
14
12
30
24
19
13
20
30
11
11
1
21
11
30
0
11
22
7
38
37
4
13
20
11
22
15
30
0
5
26
1
37
7
28
27
24
24
15
10
5
15
25
7
7
3
4
55
4
4
1
9
7
16
25
7
9
11
6
7
10
15
9
15
20
27
12
14
1
6
17
41
2
18
3
10
24
17
18
10
5
0
9
25
6
6
28
41
15
14
21
37
61
12
6
9
3
35
3
16
16
6
13
6
9
25
8
19
2
37
11
3
19
6
32
5
19
0
6
15
24
1
18
5
13
8
2
2
5
21
14
2
2
2
12
11
2
31
11
5
5
0
0
12
21
6
11
1
12
4
1
8
20
38
41
28
4
22
3
12
17
12
14
12
5
2
10
19
9
23
9
17
12
10
8
5
5
15
14
24
2
3
18
26
17
2
19
31
6
27
32
5
3
8
21
24
22
27
7
29
15
7
10
8
14
12
18
10
10
5
11
29
8
31
5
6
9
15
5
3
32
15
25
3
1
11
4
16
4
4
1
21
5
14
15
3
11
2
27
0
1
5
0
8
4
9
10
20
19
3
7
4
6
5
2
4
22
12
5
3
21
15
1
2
3
15
2
15
8
3
5
7
13
11
4
4
7
11
24
1
9
14
5
10
14
2
13
3
19
8
3
15
18
1
2
3
2
11
7
4
4
10
2
24
3
33
3
10
6
2
12
2
3
6
4
3
8
2
3
14
2
7
10
2
4
1
5
11
6
0
3
1
8
10
8
8
0
21
4
24
5
15
3
1
1
10
2
6
1
2
2
2
2
7
1
18
1
2
2
4
6
3
12
1
3
10
2
6
0
11
1
2
0
3
1
10
2
7
1
7
1
3
1
5
2
1
7
4
4
0
5
5
3
0
7
1
2
7
1
1
1
4
0
3
1
1
1
5
1
1
3
3
2
0
1
4
0
1
1
1
1
