10
1
2
8
22
29
8
31
32
16
8
6
3
44
5
14
20
73
15
4
24
19
2
73
15
2
66
24
36
22
49
25
10
64
17
35
18
9
7
38
5
0
19
48
2
10
17
1
33
73
19
30
22
21
17
29
121
17
45
37
2
14
25
69
11
12
27
59
2
53
42
36
13
1
62
36
12
48
19
41
0
16
12
40
35
31
13
96
68
13
55
23
42
42
62
8
44
29
15
49
33
52
47
28
2
5
28
19
0
55
26
2
50
76
60
6
99
108
37
6
34
15
4
43
68
29
3
32
20
23
70
27
43
8
1
36
1
31
25
24
42
45
43
5
23
3
33
52
31
30
12
46
45
43
19
54
10
30
7
15
31
18
13
26
17
7
26
85
61
12
20
5
48
33
35
6
25
18
39
1
28
53
45
17
14
18
36
14
137
37
60
74
85
31
7
23
16
27
53
31
29
47
10
43
62
73
44
12
12
52
3
29
73
7
21
75
28
52
26
35
54
17
41
5
21
29
91
20
3
13
9
30
0
72
1
8
8
26
3
1
22
50
39
21
2
62
18
26
8
90
45
46
19
59
13
50
72
13
1
72
56
8
33
53
9
0
35
3
10
46
33
57
70
38
58
92
24
2
30
53
2
11
14
11
9
14
30
53
52
40
32
23
45
17
9
80
41
6
1
15
3
22
14
18
15
19
23
11
36
0
55
52
27
2
2
17
12
35
15
17
11
63
35
27
23
11
33
47
18
6
44
7
38
56
21
16
2
8
0
9
56
31
14
54
49
19
16
4
34
38
21
2
5
11
6
35
62
16
68
72
54
16
32
1
104
24
2
54
14
11
50
60
11
4
2
75
27
13
32
29
35
5
2
7
27
28
49
12
43
55
27
37
5
88
28
17
28
57
23
18
1
74
19
27
1
14
21
9
30
23
8
32
15
56
5
9
31
74
50
3
32
26
8
13
5
8
1
48
93
23
30
66
29
39
65
15
17
45
15
5
65
39
38
40
19
38
18
6
18
37
12
18
75
37
11
1
27
9
48
35
0
9
7
17
44
6
29
23
25
28
3
18
8
5
70
9
25
38
1
24
78
14
73
13
39
15
50
45
39
1
14
4
41
25
35
12
38
21
34
14
10
16
45
36
13
23
37
24
29
7
5
37
23
1
71
75
16
14
1
22
25
27
43
31
33
22
5
56
42
18
4
75
2
51
1
28
6
39
29
43
10
21
43
4
23
4
22
33
18
20
33
14
1
35
22
63
31
18
24
18
44
6
27
41
4
46
18
7
7
10
30
33
21
17
22
24
8
35
0
14
24
39
15
15
13
15
41
65
21
3
40
4
49
39
11
4
23
42
17
26
20
5
16
1
2
4
44
3
29
15
25
27
39
90
68
21
0
6
55
47
8
8
70
2
10
21
19
19
9
38
15
14
8
23
34
32
22
6
24
19
45
23
2
14
3
18
20
47
11
16
2
6
53
75
90
25
4
80
72
35
2
20
12
39
39
15
41
16
43
26
9
16
19
3
73
35
22
7
4
2
32
16
60
14
8
13
11
38
12
21
41
13
38
67
15
4
7
40
54
13
13
14
22
32
33
63
7
41
12
21
1
7
19
12
6
25
42
27
59
22
5
15
5
19
10
30
53
9
47
13
13
15
37
36
49
12
9
1
25
63
10
19
4
11
11
26
38
43
9
22
29
17
14
24
22
41
24
40
1
49
4
46
23
23
27
9
1
22
34
12
37
20
2
40
30
49
2
16
36
9
30
14
1
21
45
55
2
28
28
15
18
21
35
40
21
16
3
40
39
40
6
54
16
43
20
4
57
69
7
17
12
5
37
8
38
33
49
28
15
51
23
9
23
46
63
5
6
29
9
39
5
2
11
40
20
48
42
9
37
1
22
5
46
43
0
35
57
22
35
18
50
17
5
40
1
39
23
4
7
33
1
9
37
33
16
1
3
21
5
52
28
15
49
25
33
16
26
17
6
48
37
3
11
24
24
19
2
13
7
24
32
6
31
33
5
2
2
15
21
22
15
18
1
18
29
48
32
37
16
13
2
2
7
3
36
19
7
37
16
23
0
26
16
54
31
11
21
15
13
39
1
4
4
2
18
25
4
41
29
35
3
2
31
6
33
18
6
35
30
37
3
23
9
31
14
2
17
32
28
3
15
62
17
7
17
2
7
9
17
3
38
9
7
39
13
51
38
15
43
33
16
2
28
14
22
22
47
51
40
4
29
17
16
22
9
6
0
20
25
9
0
12
47
21
9
0
23
59
23
11
44
20
22
7
22
30
19
6
9
22
18
1
44
3
36
80
10
13
4
2
9
37
28
34
9
20
39
0
0
11
4
1
18
3
50
14
1
15
17
43
20
4
25
3
17
54
31
28
7
18
3
25
28
28
10
30
3
5
11
14
52
7
7
27
34
1
21
24
3
27
30
3
14
22
14
37
20
20
29
31
2
20
3
7
37
41
2
12
19
45
16
23
3
16
31
25
53
14
22
26
19
7
0
9
9
33
9
47
45
2
21
5
19
31
45
20
7
40
32
18
17
4
2
5
11
13
21
42
10
25
3
13
2
11
11
21
44
7
28
4
4
0
19
5
34
18
43
2
33
2
21
5
41
13
6
21
5
25
17
23
18
2
18
24
32
18
0
9
24
2
7
14
13
3
10
11
22
31
12
20
37
17
1
17
29
18
19
1
20
17
38
20
19
8
12
2
36
38
9
25
40
22
12
5
10
5
27
43
6
14
26
15
19
22
4
50
11
30
24
52
58
31
13
19
4
13
34
40
5
0
21
15
16
14
4
2
11
3
16
26
12
17
3
21
12
1
31
2
25
8
5
24
22
13
4
4
1
18
37
13
7
11
19
1
15
17
6
6
37
14
15
6
30
10
14
2
4
9
5
10
41
19
6
14
22
23
19
11
15
2
10
13
32
23
25
11
8
1
24
7
16
7
20
17
5
18
29
7
15
29
20
18
2
24
19
25
23
0
18
13
39
6
2
42
2
18
15
15
10
4
1
2
19
31
54
1
35
8
6
7
10
35
1
2
25
2
18
32
1
2
13
7
10
54
6
5
3
9
16
11
3
16
13
15
12
9
13
13
25
25
9
10
9
9
9
15
4
22
14
6
23
10
1
27
6
14
19
21
33
16
20
14
9
5
22
27
3
13
0
4
7
14
2
14
26
3
20
7
33
3
17
1
5
16
2
2
19
4
1
13
0
12
11
8
0
9
8
13
19
33
7
16
8
10
12
26
8
18
8
5
14
16
27
25
9
14
10
3
9
16
12
12
7
10
4
31
10
15
4
3
9
12
14
16
7
8
3
9
15
5
11
15
2
13
3
6
9
25
14
14
5
6
10
1
2
2
4
4
10
11
8
1
5
2
16
10
9
8
16
5
6
3
10
15
11
25
7
2
5
18
8
4
16
10
6
14
1
6
12
7
8
21
12
5
23
4
10
4
15
6
10
5
10
1
9
16
15
13
5
1
9
9
1
4
0
7
1
16
0
10
3
11
6
5
3
7
5
2
4
3
14
2
7
3
4
28
7
5
0
2
3
7
7
3
3
6
6
3
3
1
1
2
9
1
1
2
6
1
3
1
8
6
4
1
1
0
3
8
3
4
4
3
2
2
2
3
1
1
1
5
