31
4
11
41
0
7
34
5
1
1
25
7
6
13
13
19
17
19
4
51
9
1
4
58
5
11
18
50
112
35
11
24
16
17
5
24
11
20
44
6
23
39
31
42
12
8
43
20
27
53
11
28
10
28
24
5
40
48
31
42
14
34
20
30
47
24
73
39
54
56
68
11
44
27
51
70
38
33
13
23
3
22
31
46
23
10
65
15
39
65
19
64
16
30
48
49
30
24
33
56
85
22
24
17
46
21
58
10
1
15
20
57
29
0
22
14
16
29
12
31
49
1
18
13
12
17
20
0
45
14
42
63
45
0
54
16
8
32
69
15
17
73
90
10
26
58
28
82
10
15
29
3
23
1
38
35
1
10
2
42
84
17
63
24
38
67
3
4
18
63
4
35
13
3
31
40
6
32
64
42
54
5
13
44
1
15
18
25
38
0
64
12
26
19
19
15
26
39
68
34
49
20
17
41
43
14
5
64
11
43
5
4
18
29
46
14
15
21
69
74
27
14
16
18
64
3
27
2
7
9
6
14
2
53
67
13
84
14
20
46
10
25
17
10
53
3
23
49
9
7
39
44
11
38
15
13
9
59
3
30
7
8
54
51
21
14
1
23
29
54
40
48
5
3
13
21
20
32
53
32
57
36
10
18
44
48
13
24
6
14
28
15
46
45
18
26
17
29
17
4
36
27
41
20
1
4
27
7
12
9
22
35
20
28
54
9
59
19
35
58
28
38
23
8
3
21
19
66
32
63
28
23
29
8
27
55
14
14
17
23
4
29
32
5
62
59
18
55
64
20
2
57
2
64
13
63
22
70
9
32
16
36
22
25
9
9
14
25
82
39
24
6
49
1
24
41
53
27
31
44
15
80
11
43
18
2
18
30
60
6
9
55
3
24
116
6
94
10
5
53
31
22
39
56
14
3
1
5
23
45
2
92
17
31
35
21
16
5
36
23
34
72
6
28
85
30
6
8
5
14
9
4
9
23
110
54
53
3
25
6
35
32
18
32
30
68
20
15
57
9
22
55
2
8
23
47
1
11
18
20
13
20
14
63
18
28
24
25
62
31
13
1
4
52
90
12
51
13
4
49
7
34
16
25
29
37
43
13
28
11
6
6
39
17
35
3
24
30
10
13
29
44
16
8
24
36
3
6
21
49
54
31
54
4
3
27
32
18
31
48
1
44
23
9
27
12
48
25
16
41
8
22
18
13
8
34
29
10
18
70
46
2
5
78
46
26
18
7
95
6
26
50
11
19
50
53
16
5
3
16
69
62
71
19
13
12
40
1
14
89
36
28
15
40
10
39
4
61
19
6
32
0
59
12
8
1
69
20
49
10
58
20
14
16
38
24
40
3
46
24
9
9
56
21
26
20
6
14
2
21
15
19
8
26
11
25
3
32
29
1
37
6
62
44
9
20
2
8
41
48
26
14
7
31
5
36
34
1
17
42
50
19
19
21
30
28
26
62
50
33
24
15
52
22
58
50
7
10
4
42
4
58
8
29
20
0
26
16
27
86
28
45
9
30
5
52
7
27
28
7
27
7
11
40
23
39
36
28
40
37
14
6
42
35
9
36
7
14
23
24
5
0
6
29
10
27
0
29
32
7
14
20
14
14
6
33
48
44
27
2
87
41
22
59
71
38
30
14
25
35
17
15
3
15
10
22
15
30
13
69
14
15
27
33
6
10
14
38
18
39
13
18
13
16
11
66
12
45
16
46
47
6
12
14
6
17
21
9
11
60
13
12
20
2
17
8
18
3
39
44
6
12
27
52
7
14
24
13
8
12
25
47
29
9
29
50
10
33
1
10
19
26
30
30
16
21
40
9
48
19
30
40
8
1
16
12
54
8
36
22
17
43
12
11
22
33
22
34
12
44
1
18
4
22
28
13
10
18
24
26
4
41
10
22
12
16
44
8
7
3
56
31
24
4
11
19
40
9
11
9
17
7
54
30
72
28
13
14
26
6
32
41
26
51
9
34
58
3
54
15
20
29
15
5
18
8
27
34
12
24
3
3
21
12
47
23
12
8
13
8
14
3
14
29
21
22
7
32
10
36
18
19
4
25
19
12
15
0
7
28
53
5
15
12
24
18
50
21
6
49
7
16
11
8
18
24
15
2
29
27
23
7
28
64
0
12
89
18
27
12
49
4
13
9
6
22
45
11
6
17
40
9
4
27
26
10
9
37
14
41
21
44
23
33
29
7
7
36
24
26
34
9
11
29
34
51
67
44
52
3
19
18
18
23
1
5
9
41
1
4
19
19
0
25
2
26
2
23
14
20
23
36
25
27
4
17
20
28
38
56
34
10
29
38
43
78
1
33
18
11
9
35
46
43
46
9
22
31
12
14
71
42
14
38
46
11
44
20
18
15
27
2
28
57
57
0
39
13
40
17
31
76
23
13
7
4
0
22
3
27
10
15
20
32
3
20
16
39
15
13
38
17
7
40
5
13
45
2
26
33
7
6
10
22
27
39
3
34
11
18
59
7
9
15
9
38
30
1
35
35
6
63
18
12
55
13
4
15
8
9
36
1
32
27
13
23
9
27
41
14
6
8
18
25
5
11
38
23
31
14
9
14
38
30
17
16
11
3
15
28
5
10
12
2
11
9
1
38
6
27
22
14
21
21
6
32
4
42
29
0
32
24
1
15
6
28
16
12
6
9
16
8
11
15
6
29
19
3
12
5
11
11
12
23
12
33
6
18
22
5
10
28
26
2
9
8
31
4
5
0
8
11
35
25
13
17
31
36
7
7
21
7
1
4
3
34
22
40
2
22
64
12
15
26
3
11
5
29
11
21
16
1
25
3
10
23
15
5
25
16
14
25
40
1
24
16
5
8
0
15
4
40
24
10
1
10
5
5
18
7
10
13
15
38
29
19
6
15
4
11
11
18
9
0
5
36
17
12
7
12
5
12
6
27
7
17
24
11
20
6
4
19
5
36
30
21
10
1
17
9
16
13
3
0
7
12
1
30
16
5
10
9
17
9
16
14
7
39
15
1
13
19
17
8
1
7
41
15
20
8
14
12
23
20
17
8
30
24
0
35
13
24
14
21
18
11
13
1
6
11
14
22
9
9
2
10
7
15
9
6
6
4
19
13
28
18
2
4
2
13
4
7
22
4
2
4
1
19
37
24
45
4
14
26
15
16
7
0
15
6
12
24
13
18
12
11
5
0
6
14
8
11
22
15
3
7
4
12
18
8
5
22
8
27
12
33
3
3
18
3
3
20
22
5
14
27
5
11
21
5
21
4
1
3
3
10
3
13
16
16
3
12
12
15
2
13
6
6
1
3
11
7
19
7
3
12
11
8
13
30
2
4
27
19
6
10
10
8
5
1
14
2
11
9
5
2
10
29
4
7
30
10
4
12
14
22
1
9
16
1
3
10
12
1
10
16
17
21
10
0
24
1
8
2
17
8
16
5
3
7
7
10
6
4
5
13
11
16
7
5
3
1
22
14
10
5
4
16
5
0
3
16
3
5
24
17
4
11
0
3
1
2
11
3
8
9
4
4
3
7
2
12
13
8
5
7
9
11
1
6
5
7
4
23
3
6
0
6
4
0
4
6
12
11
2
1
1
2
8
9
9
1
1
2
1
1
8
7
1
4
2
4
2
2
0
5
1
4
0
3
3
2
5
4
2
1
2
5
3
0
1
5
2
3
4
2
0
0
3
0
