4
36
9
36
31
25
3
22
2
7
3
17
4
93
85
1
17
28
58
13
8
20
67
17
7
20
56
11
10
26
13
63
13
16
6
25
36
28
19
24
40
46
29
20
20
32
78
30
13
41
43
14
31
2
2
14
23
24
14
3
18
2
12
42
38
3
30
60
66
16
28
51
31
62
63
73
34
20
0
31
28
28
60
8
11
38
62
20
50
24
4
1
58
43
67
20
50
77
3
74
46
38
3
10
78
14
35
5
32
5
41
20
54
54
19
23
13
54
10
1
16
77
26
71
78
25
19
42
29
59
78
60
15
49
4
15
48
45
80
15
29
68
48
29
21
35
42
80
23
13
8
8
23
8
14
23
81
13
37
41
44
41
27
1
15
18
14
58
30
1
11
15
47
107
42
49
31
35
5
59
4
18
34
12
12
11
55
42
22
38
29
2
49
16
66
30
82
14
49
38
1
48
36
17
44
46
64
6
75
25
53
13
48
57
0
7
31
41
7
27
28
78
16
19
27
38
23
12
13
12
32
76
11
21
1
14
6
6
42
22
27
3
59
9
12
12
21
11
1
42
3
68
27
9
12
32
6
10
66
24
88
31
34
51
36
13
40
4
6
0
65
6
10
15
13
23
7
12
19
24
7
36
24
4
9
9
44
12
49
23
12
23
28
4
1
5
19
5
16
26
29
20
53
18
3
17
66
39
35
53
41
11
7
5
47
43
22
25
55
20
11
35
38
15
29
70
16
3
15
12
2
35
43
17
1
30
9
4
6
18
20
30
22
51
40
15
19
25
67
21
12
25
15
24
2
27
34
36
62
28
56
34
12
13
54
38
41
73
5
1
43
28
10
52
34
20
65
60
48
52
108
32
59
79
50
12
6
2
18
8
16
39
27
45
8
41
53
8
20
52
40
3
22
34
68
12
10
32
2
19
33
18
10
54
31
7
25
15
9
23
9
20
11
35
12
58
3
28
30
43
11
10
34
3
25
0
36
7
46
31
72
54
55
29
6
13
12
3
9
32
48
6
5
14
31
34
11
30
48
22
1
56
9
17
4
56
14
17
20
9
39
37
7
9
26
6
8
4
99
47
35
33
28
4
12
31
23
0
32
15
19
29
15
17
62
5
1
13
23
30
29
50
44
34
10
37
48
39
15
15
11
8
26
28
80
40
9
72
54
2
43
15
11
62
19
21
4
35
25
24
28
30
1
3
20
22
4
26
32
38
17
61
6
15
8
6
30
12
9
22
12
39
16
62
5
24
28
17
31
12
72
37
65
25
46
26
2
48
32
19
1
36
34
54
49
3
2
7
58
1
32
52
36
18
39
18
20
22
5
76
13
9
41
21
21
92
13
10
39
7
21
25
43
43
37
1
4
5
45
10
69
6
45
43
70
6
20
17
7
35
4
55
41
3
42
6
11
37
88
24
6
18
46
25
24
9
61
9
23
4
54
46
108
57
16
46
2
15
29
52
7
37
23
40
3
3
25
15
5
10
49
45
26
21
25
66
26
17
9
44
40
37
9
13
3
10
14
39
4
36
25
32
14
13
58
63
13
52
41
6
57
23
14
13
19
9
7
17
14
41
10
52
3
21
15
6
8
0
53
15
33
33
53
37
12
13
44
21
51
1
12
28
4
9
41
85
3
10
24
28
38
17
54
2
12
5
19
40
14
18
15
36
9
16
24
34
71
46
14
37
9
8
14
62
18
19
12
6
24
44
25
19
25
50
7
28
20
22
25
40
12
6
29
34
1
30
20
58
38
7
6
46
13
7
30
35
20
12
18
28
19
63
25
4
20
8
36
5
32
61
12
6
59
3
16
27
22
12
55
5
29
11
29
30
58
32
8
66
20
28
32
55
60
2
12
61
3
31
5
21
9
37
10
5
36
10
17
2
62
8
15
42
24
14
29
40
6
5
25
12
30
25
41
12
9
21
10
8
10
13
40
36
1
12
62
9
3
9
2
45
15
28
9
5
8
37
12
13
0
41
9
26
23
3
0
10
9
16
21
39
33
11
41
13
33
28
39
53
7
9
21
18
46
5
29
2
14
10
15
8
22
14
42
2
29
11
12
28
56
6
33
13
23
27
9
7
4
9
25
5
12
26
20
2
40
14
5
0
1
7
22
12
0
35
12
20
17
12
4
39
41
20
36
5
35
5
19
7
37
31
8
5
1
13
13
18
10
29
11
14
10
8
13
43
0
17
12
13
3
7
13
3
10
18
14
27
24
2
19
8
22
22
14
11
17
30
1
23
2
24
1
16
1
21
37
18
10
67
15
20
5
28
15
8
18
28
56
28
1
19
31
1
14
30
15
11
31
9
37
56
3
49
1
34
4
41
2
29
31
37
5
15
7
3
7
15
0
19
59
14
39
12
3
31
49
11
14
59
10
7
26
30
9
10
54
11
8
17
9
5
17
13
3
19
34
4
5
9
8
6
24
2
7
47
13
59
40
26
22
12
20
1
17
3
11
18
20
3
18
12
22
3
20
26
8
43
16
2
13
6
63
32
7
8
48
22
2
14
24
28
14
20
13
6
20
14
19
39
4
29
28
3
9
17
14
20
16
13
17
25
12
1
15
10
21
9
12
48
23
14
18
15
1
37
17
1
10
2
7
17
11
0
29
3
6
9
16
18
15
31
17
4
48
1
29
27
2
3
14
19
19
38
10
26
17
23
5
1
16
5
10
5
10
14
8
10
19
0
3
30
9
16
15
14
15
10
5
5
2
6
14
38
29
5
8
1
40
33
9
9
3
4
15
2
21
10
27
34
2
16
34
3
39
25
1
28
0
5
12
38
3
6
7
7
16
6
19
15
32
15
28
22
21
5
16
15
4
3
25
3
9
5
8
0
4
6
14
6
7
7
12
15
26
2
0
8
6
8
21
21
8
7
5
4
7
12
19
9
8
15
6
2
2
38
20
10
1
26
29
10
8
57
9
41
11
6
1
6
1
7
4
17
8
26
3
11
44
28
8
21
13
19
6
4
43
33
6
5
16
8
12
16
6
2
9
21
0
2
8
20
37
28
18
14
9
16
26
24
0
6
10
17
6
4
21
6
14
16
21
6
3
5
5
8
14
21
2
13
19
15
18
7
29
22
20
13
6
9
1
10
34
8
6
1
8
4
17
4
2
30
5
9
12
9
17
4
4
16
12
21
26
5
3
11
7
7
13
2
9
13
15
4
3
0
36
1
28
19
3
20
2
33
12
1
23
14
26
0
13
5
15
6
3
2
1
12
5
11
24
12
15
5
2
13
36
14
14
10
28
13
10
9
18
25
11
14
7
15
4
6
4
5
4
3
7
27
3
10
3
6
22
10
3
7
5
7
10
10
13
1
3
7
5
30
22
5
18
6
4
16
5
6
4
3
0
7
17
4
3
41
8
9
1
16
9
16
7
2
10
9
13
17
5
6
10
6
0
2
13
7
4
15
5
13
11
5
0
13
8
11
21
2
21
8
5
2
14
8
4
1
18
14
10
1
2
5
1
6
6
4
1
3
1
4
3
3
13
4
4
0
15
8
12
4
1
2
10
9
8
9
1
7
10
5
11
2
4
5
6
13
1
2
1
13
9
1
1
5
8
1
2
2
12
16
2
4
10
6
4
6
2
7
5
2
9
3
3
7
7
1
1
4
0
2
4
11
3
0
3
6
2
7
11
7
4
2
1
0
4
1
2
0
3
3
0
3
1
1
3
0
