7
20
3
3
4
12
10
13
29
20
40
3
10
79
18
34
4
9
8
20
17
12
25
31
127
12
69
45
4
17
3
14
28
46
23
35
7
66
22
16
15
21
1
24
45
32
5
12
17
7
28
2
26
22
53
11
28
9
14
60
25
3
53
19
43
28
17
7
53
51
12
25
46
39
11
33
36
10
10
62
7
5
35
28
28
46
28
49
32
59
78
28
31
63
34
3
23
61
28
19
25
1
30
51
34
16
37
26
8
9
82
43
7
23
33
34
53
20
61
16
50
18
7
105
1
26
49
53
18
33
10
60
26
6
5
25
30
3
14
26
15
11
51
32
58
36
30
53
16
62
9
6
51
42
10
1
13
20
3
42
3
11
9
25
3
34
42
14
65
12
12
29
4
12
28
18
47
37
82
32
2
28
34
16
5
6
43
19
84
29
6
24
6
77
40
25
12
30
62
45
6
28
15
39
47
18
56
24
26
6
19
13
47
91
5
21
11
4
8
44
46
38
80
25
34
0
34
27
32
47
26
22
74
12
13
58
62
92
11
17
1
37
60
36
39
35
33
40
108
16
7
16
4
3
20
23
21
29
21
21
48
22
7
1
17
35
55
47
24
54
30
29
4
28
43
41
2
10
3
68
26
9
43
30
1
67
67
25
34
7
18
60
4
64
39
15
3
38
7
4
103
30
50
46
16
52
12
38
111
1
43
22
66
22
135
22
4
33
57
70
60
6
8
5
20
18
90
9
44
2
22
73
6
6
27
37
63
47
1
2
29
24
37
34
29
28
20
28
29
0
27
30
16
11
9
23
2
12
19
31
36
34
18
20
31
10
48
64
48
11
33
103
13
7
7
25
20
43
30
41
18
45
42
33
87
55
40
40
12
17
22
21
17
1
3
21
84
19
38
35
2
7
8
8
3
46
63
22
7
26
23
57
41
56
22
22
15
16
37
14
10
69
2
26
1
38
50
14
11
41
31
28
32
11
16
3
11
72
52
35
4
2
21
33
18
7
20
6
3
29
21
67
13
43
12
18
5
40
76
7
32
27
17
37
68
63
13
28
45
114
42
52
12
16
4
19
9
27
30
7
5
17
41
6
29
31
29
2
11
5
13
2
24
21
6
23
13
31
27
28
28
19
68
12
23
47
69
4
2
43
63
101
27
35
27
23
70
17
13
18
55
1
2
23
34
41
6
81
7
10
4
14
19
69
23
15
50
106
11
28
13
17
32
36
20
1
42
21
40
119
15
27
44
21
18
24
11
23
1
21
58
1
29
35
0
10
38
25
27
40
34
34
12
27
25
10
20
33
12
57
50
0
10
73
30
22
8
18
9
24
13
72
19
27
12
8
56
50
3
35
3
11
31
34
38
62
24
72
11
16
19
5
23
58
11
39
35
21
3
2
6
6
3
66
63
20
7
16
25
33
8
2
18
7
25
11
25
42
6
30
56
13
39
26
3
20
64
11
9
59
27
20
24
50
22
20
31
5
28
11
3
37
18
8
13
25
23
38
38
9
4
34
28
10
67
27
33
43
48
20
16
49
8
19
11
19
68
31
56
27
18
44
2
26
53
20
3
20
20
22
8
28
39
6
10
21
35
69
24
25
3
32
19
12
29
41
28
46
11
81
9
72
29
57
1
2
1
36
6
43
8
3
20
35
20
54
54
30
14
24
18
5
9
6
13
7
9
18
37
7
31
60
23
4
52
16
21
39
12
19
23
22
2
1
10
4
2
12
36
13
17
17
34
13
30
25
23
69
38
3
34
16
2
14
18
42
41
28
15
31
11
25
33
2
24
14
27
7
0
48
21
16
15
22
56
24
10
36
34
32
35
6
7
49
20
20
33
23
44
9
17
30
35
51
35
32
65
19
36
25
14
12
32
6
14
13
15
6
14
29
21
27
35
38
19
13
10
35
22
10
13
4
22
18
21
3
39
44
31
34
26
49
40
1
26
5
42
11
53
85
5
2
21
20
1
42
38
9
37
35
20
3
4
33
10
28
18
15
42
28
58
19
27
6
28
2
8
14
22
37
12
33
17
3
6
26
7
30
2
42
18
8
1
30
7
30
22
11
32
11
70
12
9
5
44
10
23
25
5
11
29
11
36
50
12
13
22
32
12
12
7
0
10
34
29
43
19
27
39
4
73
26
15
18
2
18
18
28
10
22
24
8
52
6
2
5
22
12
37
30
36
48
48
11
24
4
12
1
2
9
11
15
24
21
5
8
4
40
1
24
12
17
31
1
6
8
11
19
22
2
24
0
8
40
29
46
14
0
3
19
2
39
9
5
19
10
3
47
3
16
26
13
13
7
9
14
40
1
19
11
10
9
33
33
5
2
12
9
25
0
8
47
33
26
9
6
22
2
9
18
9
2
14
11
8
16
10
10
12
7
19
18
40
16
14
10
10
20
1
22
33
3
0
9
9
30
9
9
22
5
20
27
11
3
20
12
25
27
44
12
17
35
20
8
2
59
7
16
8
16
21
46
22
15
34
10
0
34
14
31
52
3
18
55
4
5
24
14
12
45
25
5
15
2
13
7
3
51
30
24
13
27
14
1
6
28
13
18
2
12
32
8
43
2
3
34
37
19
13
9
6
1
2
39
15
10
4
18
16
37
29
6
14
32
11
22
19
18
7
11
13
23
5
22
61
1
15
33
10
26
18
1
6
3
32
30
29
24
4
30
4
8
21
28
21
22
5
3
19
29
19
29
1
1
6
40
16
1
35
16
2
7
5
20
5
10
3
19
2
13
15
16
17
18
9
6
34
3
30
15
1
61
10
7
22
6
34
50
18
1
15
36
22
9
22
1
21
9
51
0
4
23
2
11
42
41
3
34
5
37
13
13
20
1
37
5
32
13
15
6
3
12
7
14
19
10
8
14
10
8
23
2
13
5
21
9
2
27
21
0
4
30
9
17
2
5
34
25
8
21
19
50
10
11
4
3
19
8
26
19
13
18
7
2
12
21
13
18
14
2
4
21
36
28
2
25
17
1
30
16
23
10
0
13
19
2
13
10
31
23
2
23
10
2
5
11
15
14
0
9
14
2
32
7
10
14
1
13
1
26
25
10
10
28
1
3
17
11
14
22
19
4
2
10
38
2
3
36
12
38
3
13
11
7
8
4
15
13
31
16
4
23
8
18
10
2
14
10
1
0
11
6
10
8
8
50
0
4
20
11
6
15
10
21
32
35
8
2
16
2
18
8
14
8
5
4
7
8
8
1
12
15
7
15
25
30
6
23
8
6
20
2
19
16
7
9
5
7
4
9
0
12
10
21
5
11
15
18
4
6
4
32
11
2
17
11
17
1
11
6
14
4
0
14
3
11
19
20
3
10
23
4
6
17
22
12
15
5
10
15
4
1
1
6
2
15
2
27
4
14
16
16
2
15
8
16
3
4
4
1
12
13
3
12
25
29
20
7
31
1
15
10
1
13
23
14
12
1
10
1
2
3
9
26
15
8
4
21
21
4
7
3
12
1
2
12
3
2
11
20
21
14
12
2
9
7
14
4
7
1
16
11
0
11
7
9
11
0
7
3
14
2
6
10
10
9
7
9
12
2
9
6
0
10
1
2
8
8
11
7
4
3
8
9
3
12
4
1
18
11
1
10
1
0
9
4
2
4
11
3
5
7
2
1
2
2
1
4
3
3
12
3
1
3
5
3
1
11
5
3
2
1
2
5
7
0
0
6
1
1
3
1
1
0
0
2
0
1
3
0
