36
25
31
10
55
2
19
1
9
3
9
19
36
3
1
14
51
17
17
39
18
15
43
16
10
24
31
5
4
37
15
7
29
55
23
6
50
25
28
31
73
3
38
37
3
44
23
3
8
24
32
31
33
30
15
54
47
55
6
4
55
6
57
42
11
23
12
16
8
15
6
19
7
26
2
48
5
19
32
46
64
53
52
26
10
17
24
10
6
33
1
60
19
22
11
58
5
83
5
1
27
38
49
68
26
0
11
51
54
33
42
32
37
9
4
38
73
25
4
9
1
34
29
83
5
43
19
34
28
19
7
57
63
21
31
41
38
53
17
15
14
49
4
42
12
58
11
65
7
2
5
50
25
31
18
47
23
58
82
43
6
71
1
32
30
13
10
13
56
36
30
33
55
7
54
38
7
37
34
19
43
28
76
4
44
13
8
5
38
38
29
89
5
18
50
26
27
36
8
40
39
28
20
33
6
48
2
1
6
37
10
19
22
24
50
21
51
44
9
70
27
48
72
36
58
24
22
46
17
38
16
7
78
37
31
29
14
29
69
2
3
23
47
55
7
56
19
28
4
50
2
84
50
7
1
17
40
0
45
48
8
2
102
17
12
5
25
11
43
49
63
15
14
14
43
40
41
46
62
67
17
35
37
61
10
16
9
2
26
24
48
12
8
100
16
50
9
40
17
49
7
61
48
85
17
21
14
36
91
123
3
40
70
53
17
32
12
18
11
2
52
15
28
64
16
38
29
15
4
51
29
34
37
5
46
8
27
64
13
25
18
21
8
8
5
55
69
14
52
17
50
2
48
38
47
5
20
18
3
18
30
18
9
57
7
23
45
20
1
14
59
52
36
19
26
4
43
9
42
124
49
23
52
6
28
27
12
3
25
32
36
10
51
6
69
1
1
27
14
17
27
16
1
41
47
25
46
19
10
26
6
55
5
17
18
0
10
7
40
111
2
39
9
20
15
21
67
18
35
12
32
45
42
8
34
10
8
0
28
26
12
13
37
71
4
7
11
5
7
47
54
33
19
4
16
54
104
51
6
32
15
11
24
31
51
11
1
20
32
55
5
27
62
8
42
17
14
8
25
73
38
84
10
35
13
25
25
9
68
43
23
20
36
11
13
23
9
22
29
40
12
10
13
20
36
12
1
71
26
67
59
15
58
23
92
58
5
38
41
16
27
9
35
8
22
1
6
3
55
10
92
20
10
34
59
54
56
31
4
22
13
46
22
52
21
17
8
27
43
13
6
10
9
77
36
20
27
3
3
36
37
2
16
3
20
16
83
1
3
16
12
14
47
25
6
17
17
2
11
6
44
28
45
11
83
32
28
6
6
2
26
58
9
50
25
50
6
36
15
15
12
15
41
37
4
21
7
5
5
14
1
63
7
15
35
38
33
67
11
32
4
47
48
8
31
20
16
17
55
5
22
27
24
55
24
1
50
10
43
33
5
49
33
3
48
15
1
26
29
11
19
19
10
4
17
8
7
26
38
34
63
21
16
26
12
17
10
13
56
40
50
8
46
8
36
18
10
17
25
61
60
4
23
1
43
12
2
14
49
49
49
41
33
34
21
24
16
8
30
32
27
34
50
5
12
31
44
43
0
3
18
50
13
26
23
15
12
12
46
24
19
8
19
20
44
4
35
24
21
25
57
19
10
38
25
0
0
4
34
16
8
47
40
61
50
48
2
11
15
35
24
34
10
21
11
19
45
20
2
81
3
28
9
33
17
25
15
41
2
1
40
5
27
6
49
6
1
3
29
39
2
47
31
23
38
24
39
20
22
0
45
21
24
9
11
3
4
47
19
2
42
28
22
7
2
15
47
86
46
25
36
8
20
13
19
37
24
62
11
19
19
29
33
12
42
38
11
9
43
4
10
26
23
42
11
4
50
15
10
8
51
10
16
0
27
18
40
20
13
8
59
2
5
39
14
27
41
36
27
6
17
43
21
2
15
7
47
38
11
21
10
3
6
50
21
13
42
13
2
4
18
11
2
74
15
35
16
17
42
35
16
10
47
29
25
1
66
0
19
8
24
35
0
43
14
46
10
7
13
53
21
10
26
26
47
18
16
6
24
58
28
3
10
19
46
75
23
4
39
56
21
16
5
1
20
8
17
2
40
11
32
31
16
15
25
40
41
6
35
9
7
1
31
7
22
6
6
28
43
7
42
6
17
11
32
13
32
6
15
7
12
26
47
10
33
4
1
9
19
23
36
40
2
13
12
20
39
2
63
40
49
1
1
7
33
0
11
13
8
6
20
2
22
5
21
1
69
33
52
23
16
29
3
37
22
4
52
15
21
14
11
20
63
3
14
10
45
28
21
12
18
27
19
0
19
1
31
19
24
7
18
10
5
27
2
15
11
19
60
27
7
15
25
13
38
10
0
14
30
21
3
47
42
34
5
1
26
19
16
49
9
27
18
8
13
14
28
14
28
11
2
18
1
38
12
31
39
64
7
10
25
9
10
1
16
35
14
59
0
46
67
2
1
30
49
12
20
0
8
35
31
17
1
44
29
3
11
46
34
23
9
28
1
3
2
5
5
27
9
4
1
11
18
20
41
31
12
2
30
1
3
10
6
21
8
17
19
9
22
4
41
17
21
4
6
23
31
36
3
11
9
28
23
19
5
22
29
9
15
19
19
32
38
32
2
14
24
12
24
28
4
23
14
8
30
21
32
5
17
15
18
42
5
11
14
17
15
1
34
42
21
25
13
13
57
19
7
15
17
59
17
25
35
16
33
8
17
14
72
3
15
23
33
8
12
20
32
23
39
25
35
7
36
9
14
14
16
7
12
11
23
8
26
4
25
5
13
13
6
17
11
5
7
44
28
7
22
23
5
16
16
3
1
62
0
12
65
3
6
18
33
4
1
1
3
20
7
7
5
11
24
25
39
29
3
1
19
7
31
16
17
12
16
1
3
21
27
40
15
0
8
18
17
8
14
17
4
4
16
0
21
13
15
11
25
15
29
13
9
32
24
5
21
1
12
8
42
34
2
5
15
17
18
13
6
9
6
30
6
9
14
17
37
14
11
32
8
40
1
22
1
22
3
8
1
15
7
5
4
34
13
26
7
12
23
3
20
11
9
16
7
11
29
22
17
29
4
25
14
1
14
7
1
13
18
20
6
8
10
8
14
9
10
17
15
17
8
8
13
4
26
20
13
27
21
21
2
33
14
1
4
18
22
10
3
19
19
1
1
10
23
6
32
24
10
10
10
7
33
16
3
19
35
4
27
4
35
9
14
15
1
6
17
3
5
11
19
11
26
17
2
7
16
4
3
11
6
12
8
4
4
9
18
1
22
10
25
29
1
6
6
1
22
13
21
10
20
8
7
15
7
4
3
9
11
3
1
6
6
17
4
2
9
5
13
4
19
14
2
13
20
20
7
7
0
21
27
29
8
8
19
19
22
10
1
1
11
20
7
11
1
3
4
21
5
2
21
5
4
19
4
13
26
16
3
0
8
1
1
8
1
1
5
17
1
1
10
15
10
7
21
1
2
10
3
11
26
7
6
4
7
16
4
0
11
4
1
1
4
1
6
6
3
22
3
16
3
2
3
7
31
8
9
9
10
0
2
4
8
11
0
10
5
0
6
0
16
3
1
3
5
3
8
1
4
11
7
4
8
11
1
2
2
6
4
2
5
2
7
0
11
15
1
1
4
5
3
5
2
9
2
4
1
3
13
4
6
0
10
4
6
3
2
3
1
4
4
1
3
0
4
2
5
2
1
3
0
0
0
0
