0
8
20
2
7
2
19
36
4
5
13
15
2
16
5
2
13
1
18
12
27
23
39
18
77
24
25
19
38
4
6
21
23
37
28
7
1
17
12
6
25
24
29
3
6
33
14
50
60
10
45
24
91
23
30
64
8
11
37
32
19
24
2
90
62
25
48
2
29
2
50
32
5
13
103
13
25
46
76
30
31
18
28
48
31
43
38
11
58
24
6
79
0
59
12
23
34
57
83
51
6
43
21
20
35
28
19
33
51
52
17
34
25
50
7
53
53
24
2
7
64
26
50
48
2
51
12
1
14
56
39
60
28
15
49
46
31
84
17
10
9
54
10
98
44
60
2
53
69
63
70
49
32
36
2
13
20
17
41
34
48
35
14
43
18
28
34
39
58
7
36
11
19
8
33
85
16
36
20
18
5
12
29
25
54
72
11
62
0
9
40
40
48
46
37
16
2
13
12
41
46
15
19
1
31
41
9
20
19
9
40
42
77
72
48
8
18
25
28
22
1
5
21
6
4
38
55
4
15
5
29
76
60
13
82
15
11
4
20
72
62
4
50
44
0
22
41
2
4
2
18
35
4
15
47
35
42
9
57
6
6
25
53
9
72
97
4
30
9
34
23
2
11
2
13
20
54
3
1
9
25
32
16
58
56
21
15
37
84
78
14
37
80
90
14
7
80
82
67
4
53
1
3
39
6
27
21
4
25
9
33
43
18
9
37
19
6
26
10
71
1
13
40
32
4
31
31
74
51
17
13
16
23
49
12
28
22
37
14
13
30
0
46
12
15
6
14
26
1
20
28
76
63
9
29
86
14
15
36
51
49
0
60
28
19
3
55
30
52
14
47
21
34
2
41
68
14
27
11
15
6
8
68
1
7
29
22
48
8
2
34
33
46
12
32
1
19
23
4
25
19
15
30
40
49
6
27
14
5
51
23
19
19
65
20
30
84
54
6
13
2
37
56
26
26
21
16
18
23
81
33
8
15
46
5
23
41
34
21
32
9
26
32
7
40
10
87
76
37
5
45
72
52
9
43
27
28
37
6
3
68
43
2
11
35
81
41
2
31
21
41
3
34
7
33
31
4
13
3
13
7
5
18
6
38
28
9
20
30
42
43
47
0
44
43
20
6
12
60
38
27
3
32
46
1
65
7
25
39
26
23
13
142
12
21
39
13
22
57
15
50
4
34
18
8
15
4
1
37
12
8
11
18
6
10
10
51
15
3
1
23
31
15
10
45
69
7
62
0
29
26
35
47
10
18
14
41
61
4
1
12
4
45
20
55
16
54
59
26
5
10
2
51
31
8
74
53
39
11
18
8
20
8
28
27
29
39
8
24
7
3
4
73
4
0
4
28
9
26
57
12
24
18
29
4
2
25
71
54
50
45
23
5
17
13
17
14
32
26
28
12
5
28
42
35
12
50
12
57
6
37
80
22
12
12
39
14
35
2
36
3
3
18
25
8
4
41
0
33
99
1
26
59
33
26
22
5
24
45
9
15
12
30
15
28
1
28
23
33
27
23
36
15
10
10
17
5
20
13
27
21
7
13
19
19
32
7
2
18
26
8
46
11
25
5
18
4
6
43
57
17
32
10
7
16
26
40
45
3
12
1
27
32
40
20
17
22
59
4
15
12
45
2
1
21
30
0
4
19
33
13
10
4
48
48
4
27
10
17
19
26
25
17
5
27
14
5
20
16
25
4
10
29
66
26
2
21
7
18
11
41
7
10
19
34
56
21
7
38
32
41
43
7
24
4
23
44
8
3
10
53
71
13
46
33
18
6
14
45
39
13
39
23
34
29
11
14
30
2
6
0
68
11
19
21
5
1
19
66
0
6
3
10
23
46
8
30
49
20
7
25
30
23
22
51
31
37
37
13
32
5
20
12
38
13
17
12
21
56
3
8
39
11
16
39
43
38
1
41
5
39
75
45
27
22
24
8
6
7
28
8
9
10
22
9
14
41
24
25
13
9
47
2
15
27
25
9
34
20
30
7
15
0
44
44
6
0
30
31
36
9
37
58
9
16
0
34
30
22
38
10
17
4
5
24
39
29
7
16
44
36
22
18
3
10
1
15
34
0
82
16
18
19
9
9
12
4
46
7
20
22
43
8
5
25
30
13
40
31
10
23
2
8
8
41
9
10
0
4
27
18
41
2
5
39
0
28
32
17
13
10
39
3
15
31
2
2
43
2
50
3
4
11
18
16
18
64
46
46
17
18
1
1
38
12
6
3
45
1
1
4
16
4
5
21
11
6
26
27
17
1
19
33
11
6
11
9
27
31
44
6
51
5
20
38
44
6
42
7
13
15
61
21
24
10
20
5
15
20
9
20
15
17
20
10
8
37
1
12
1
12
23
30
11
23
42
36
51
17
1
7
42
43
37
0
0
51
8
43
1
15
31
25
23
11
18
6
24
27
7
41
7
13
48
23
18
10
9
49
1
0
23
37
16
5
29
14
19
8
14
13
28
22
9
16
61
42
19
28
38
31
13
31
29
7
19
2
13
4
4
5
9
2
32
27
15
31
46
16
32
10
11
46
3
9
16
11
35
1
1
24
21
10
17
3
35
22
16
42
30
61
1
45
26
5
20
0
64
36
14
14
11
49
9
9
6
36
39
9
5
18
10
1
20
13
3
15
7
5
22
6
4
6
16
2
24
17
29
9
7
57
19
37
12
24
3
1
28
14
4
25
22
13
8
16
40
29
14
20
9
18
5
10
5
5
8
11
0
15
21
1
11
9
14
27
10
17
20
2
6
18
7
4
2
16
9
40
33
26
23
9
16
18
29
45
6
34
9
30
23
18
19
17
9
20
29
23
11
2
1
28
55
4
2
1
24
21
15
5
24
11
29
15
20
27
22
18
16
38
7
65
1
28
7
25
35
15
32
39
12
5
17
25
2
18
15
8
1
28
6
9
9
18
12
5
26
31
4
8
3
2
10
1
30
13
48
16
24
4
17
3
7
29
25
9
8
13
19
0
14
41
7
5
8
15
1
4
9
3
11
15
12
35
7
22
6
4
1
11
26
11
27
4
18
1
8
11
39
4
14
28
14
13
6
1
35
28
16
24
9
8
18
0
22
47
7
6
13
6
2
24
0
24
3
15
6
26
20
10
2
20
11
5
13
9
2
4
13
46
6
24
5
28
6
7
3
5
15
12
19
7
12
0
13
5
13
2
11
2
23
2
16
5
7
19
3
10
12
28
4
14
21
8
20
9
12
9
2
6
12
11
22
11
34
6
4
14
1
9
9
9
13
12
9
6
1
18
23
1
8
3
14
18
2
11
10
6
28
1
9
19
5
11
0
4
0
3
12
10
6
21
3
11
3
3
5
4
13
18
4
7
9
23
12
0
4
11
5
11
13
3
3
26
27
8
17
5
1
6
13
8
28
5
14
19
17
14
4
11
16
10
0
2
7
4
11
12
0
3
12
5
22
20
10
17
11
10
5
4
6
13
3
7
4
11
14
9
15
11
1
0
8
10
9
4
36
16
14
2
8
15
7
4
2
7
5
2
3
1
4
15
7
2
8
15
1
8
14
1
7
3
8
0
9
4
2
5
21
0
8
4
4
2
7
7
1
12
26
6
1
1
9
9
9
8
4
8
4
1
4
1
5
9
5
12
1
3
2
7
5
1
2
2
10
8
1
2
5
11
0
9
4
1
1
4
11
5
1
10
4
3
3
5
5
3
6
6
7
8
0
5
9
10
2
4
6
3
11
7
4
10
1
3
7
5
8
2
1
1
2
3
1
2
2
3
0
0
3
0
0
