16
9
1
3
8
42
25
4
73
4
25
2
28
14
20
11
5
21
3
10
40
33
6
16
9
21
2
47
20
34
7
17
13
11
22
1
79
20
33
2
22
35
40
30
24
27
15
22
4
27
1
19
27
42
47
13
32
19
57
7
30
32
23
27
11
6
11
48
12
31
12
15
58
11
4
75
9
40
28
40
47
58
53
25
27
39
22
32
9
54
21
18
24
32
5
44
5
26
16
34
10
20
6
28
22
40
24
46
34
3
6
45
49
91
68
6
69
47
35
8
25
22
6
1
5
82
20
4
37
9
19
10
25
35
62
123
31
21
72
3
35
33
34
3
4
58
48
11
45
57
10
34
46
31
60
8
1
66
18
40
85
10
8
28
39
3
14
8
22
31
26
18
5
5
37
73
11
25
14
47
36
19
27
8
18
72
49
13
19
30
19
25
19
57
11
2
16
1
12
34
9
37
21
19
16
26
36
6
90
37
76
87
22
53
1
56
56
85
4
24
13
20
18
8
22
8
2
38
7
16
24
4
40
50
63
72
27
12
14
20
46
53
34
5
19
6
16
8
54
3
56
56
32
28
7
72
84
1
11
46
15
8
42
21
39
22
73
46
20
18
9
38
19
22
37
11
46
23
2
12
20
51
3
10
27
89
12
25
1
71
8
31
71
15
16
26
60
33
8
45
23
15
7
4
16
12
10
75
16
84
9
24
57
2
85
12
6
23
5
15
35
32
78
10
20
25
61
49
36
56
41
18
41
2
64
97
22
11
1
11
83
47
58
2
76
27
11
29
10
26
31
9
54
24
13
49
14
14
2
43
9
21
14
40
5
32
4
91
16
52
34
46
7
63
8
28
12
35
5
21
1
42
49
58
87
7
75
49
11
5
8
35
24
37
36
42
33
8
3
38
31
10
12
48
17
25
37
21
12
13
15
72
6
14
15
24
9
2
47
29
77
26
38
29
7
1
63
17
27
21
84
13
13
19
28
2
9
24
52
1
5
59
17
76
90
41
9
5
26
18
71
42
36
22
28
8
28
45
52
8
4
27
51
74
21
27
4
54
60
32
78
22
24
40
30
53
4
66
61
20
16
47
12
17
39
5
18
3
65
38
13
37
20
54
25
25
20
1
20
26
13
55
29
8
11
7
48
50
15
8
9
71
20
89
19
9
37
44
15
19
5
5
0
63
16
75
99
36
40
1
25
4
16
24
103
21
12
29
14
48
56
21
10
8
61
4
93
29
30
42
46
22
47
8
20
29
38
7
16
15
4
3
28
2
4
27
22
39
11
10
3
14
17
4
1
42
39
33
42
14
33
48
10
15
47
0
40
16
29
48
18
28
9
27
38
12
43
76
23
12
43
34
22
66
24
10
46
17
4
34
13
51
61
29
133
33
40
63
41
6
11
51
31
40
31
7
10
40
2
26
19
26
51
7
20
15
5
33
39
15
2
12
8
39
24
14
74
49
32
13
26
51
6
49
7
33
23
53
13
26
24
27
35
48
12
26
34
1
26
2
5
62
11
13
48
9
18
80
1
8
60
5
8
9
12
41
32
93
47
27
11
16
11
15
7
37
18
32
39
12
7
27
23
1
15
42
52
32
43
30
29
47
61
13
19
4
29
7
20
11
10
7
27
7
43
2
27
33
22
25
18
24
35
14
8
20
20
1
23
1
32
16
37
22
48
25
32
42
39
8
28
17
5
49
22
19
26
110
5
10
23
7
36
40
7
11
20
5
51
42
18
19
15
25
1
44
37
28
2
36
30
16
23
70
11
15
2
3
22
36
4
26
27
3
14
53
10
25
17
46
43
57
40
17
48
41
3
17
9
24
1
56
8
43
47
0
37
9
25
25
25
20
45
11
35
15
18
20
5
8
20
1
2
6
2
2
17
56
26
24
12
5
13
22
21
54
1
0
12
17
4
37
34
17
14
6
47
12
13
64
25
45
23
12
50
24
31
5
17
11
16
4
8
15
37
37
3
17
23
9
20
14
34
7
20
54
26
10
16
13
1
8
9
29
12
21
17
37
3
6
19
44
13
35
17
27
53
36
24
33
46
1
5
22
2
18
15
19
16
25
4
34
49
28
6
29
34
8
11
23
32
14
7
20
19
48
9
45
11
7
12
7
34
53
8
17
26
38
42
11
24
10
2
19
25
15
7
7
45
2
15
18
33
22
5
12
6
9
38
32
28
3
5
1
38
41
44
18
6
3
27
16
12
49
2
60
7
40
0
2
17
18
12
20
13
8
13
56
44
3
24
1
8
1
38
36
16
43
9
31
57
5
30
43
0
53
11
20
3
0
28
24
30
12
35
5
39
2
5
21
0
5
38
28
2
36
1
6
23
50
53
13
9
3
20
16
14
13
9
32
25
50
14
0
19
10
28
14
64
10
20
9
7
0
31
10
42
36
22
23
52
6
6
21
2
43
37
22
13
35
2
23
13
17
20
12
13
6
3
34
11
35
18
31
47
11
8
10
30
13
28
26
13
7
34
25
28
12
26
16
9
19
1
3
6
17
33
29
11
13
22
8
41
14
0
11
21
37
41
3
17
37
7
16
18
2
40
35
26
14
5
18
9
22
0
35
3
19
19
16
19
21
4
16
32
14
25
17
24
21
20
16
13
1
28
8
11
52
25
19
8
39
25
6
25
15
6
2
16
18
9
4
26
29
19
22
52
1
8
31
1
2
21
17
18
6
19
37
7
16
27
12
12
22
24
21
17
27
10
14
12
8
8
7
12
14
1
9
11
13
52
9
47
25
9
9
16
0
3
41
3
39
21
33
6
15
49
6
29
53
42
9
5
19
18
18
2
44
12
28
12
6
12
18
6
18
1
4
6
6
2
5
8
22
17
19
9
28
19
6
14
15
32
24
5
26
9
48
37
14
29
22
12
17
52
17
36
43
20
6
20
11
1
3
5
8
15
23
1
29
5
24
31
23
27
21
28
1
10
33
9
3
1
32
18
3
21
29
17
1
15
2
6
10
3
35
13
1
1
14
10
24
19
6
12
2
5
13
29
4
42
23
25
7
8
8
23
27
7
9
13
21
14
19
0
8
8
19
11
10
18
7
18
26
6
14
5
0
8
5
31
15
33
17
29
16
5
10
5
13
45
1
17
11
10
28
4
13
30
17
21
16
5
9
32
9
19
20
13
0
24
23
7
12
16
34
10
27
10
13
17
19
17
6
21
42
2
36
26
7
8
15
11
39
3
18
11
3
11
11
11
26
22
2
14
6
18
5
10
22
27
37
19
12
25
23
4
16
40
4
2
0
16
15
4
19
3
4
9
3
11
4
15
17
1
5
3
3
16
19
7
1
24
9
17
5
5
10
5
7
14
10
20
20
18
6
4
10
8
23
10
3
17
17
6
21
1
4
6
6
10
16
12
20
3
8
8
1
19
14
1
11
23
18
15
11
1
2
0
2
6
20
5
5
25
0
8
21
14
11
24
1
1
22
12
3
8
8
14
17
32
2
1
12
17
25
15
11
3
13
1
1
17
16
13
2
6
0
20
13
13
4
21
0
2
12
8
20
9
9
6
3
1
11
26
17
7
2
14
6
9
12
0
13
13
16
2
6
6
11
14
15
12
10
3
7
17
11
8
10
8
4
11
2
8
7
11
4
9
14
5
5
4
11
14
2
5
19
1
12
6
6
3
5
14
7
4
7
3
10
10
5
1
3
6
1
1
5
9
3
9
7
3
6
7
4
4
1
10
6
2
5
6
6
10
2
2
2
3
6
5
7
1
3
2
0
2
5
3
2
1
1
2
1
1
2
0
2
0
0
