14
14
39
15
45
4
7
19
9
57
30
0
15
5
18
60
12
37
39
3
18
83
22
98
5
9
16
6
28
2
55
11
2
27
9
12
27
30
43
22
36
4
6
19
32
1
45
71
84
24
9
1
48
20
4
10
18
34
50
28
104
22
9
9
25
28
31
52
18
9
26
26
5
4
32
15
25
88
4
5
35
78
52
78
52
42
57
4
72
1
48
7
46
27
58
9
26
44
3
31
8
13
56
68
1
11
16
27
28
70
6
2
3
14
77
29
37
55
64
91
9
9
27
13
9
61
21
72
20
38
94
54
9
24
4
8
17
63
87
56
28
4
41
19
10
38
44
87
2
46
24
47
35
8
26
2
17
31
1
70
25
16
16
28
35
15
15
3
43
18
8
62
42
35
11
44
10
54
52
24
13
41
40
42
2
52
59
31
27
61
4
21
4
21
38
18
15
60
14
98
24
18
3
13
35
3
34
35
35
12
17
19
5
38
33
46
56
7
17
84
3
18
46
7
6
60
18
6
4
9
6
12
26
5
28
46
31
22
2
10
41
83
13
9
2
41
36
45
16
57
63
16
14
22
4
16
75
47
15
67
0
7
21
37
30
70
66
28
31
24
61
27
19
41
20
13
25
54
8
3
80
4
31
35
45
2
25
24
27
1
45
24
26
10
38
39
16
6
23
15
22
16
0
33
8
16
2
33
41
42
27
24
1
50
50
53
46
95
61
39
12
4
12
16
59
46
5
45
3
16
25
41
10
10
25
35
6
9
85
23
10
7
36
20
35
56
5
78
2
29
26
18
2
26
1
70
10
33
20
82
22
4
7
24
42
47
22
110
49
69
90
18
11
42
71
2
45
10
21
38
15
24
77
26
3
14
6
6
15
58
59
5
30
2
63
25
56
50
62
24
35
45
45
81
7
31
46
27
8
25
58
59
28
25
41
4
55
23
20
7
42
7
19
9
8
7
13
41
3
5
45
8
11
29
25
33
6
24
87
58
6
8
27
83
25
22
27
37
74
51
6
21
48
7
29
28
9
88
8
52
59
96
18
10
56
33
22
63
22
20
33
23
38
28
26
9
44
2
49
25
2
30
11
20
21
8
15
47
15
51
40
65
18
15
24
28
34
61
13
12
2
5
7
75
10
14
48
87
54
37
12
6
9
11
50
28
46
36
61
52
10
42
43
24
17
12
8
7
13
0
33
29
67
65
48
26
0
5
4
63
13
10
50
37
80
1
28
12
3
6
22
36
4
6
66
27
7
30
21
15
10
49
8
24
53
10
90
4
5
12
20
1
78
57
7
22
11
41
27
4
14
33
28
24
49
9
29
54
5
20
1
53
31
13
25
6
6
29
21
36
39
26
94
8
66
32
2
11
56
5
11
27
12
34
29
9
62
29
26
49
25
9
41
8
10
17
2
25
25
89
2
12
52
15
21
9
13
16
7
17
49
25
18
0
44
11
10
17
7
11
9
26
25
2
5
1
36
18
18
30
34
4
29
77
23
23
5
25
28
3
9
22
8
24
7
36
10
49
20
18
54
6
36
7
6
27
56
52
14
47
13
31
30
19
11
22
6
14
54
46
43
40
13
53
27
3
1
38
2
7
15
27
3
7
48
59
21
2
51
37
11
18
65
9
39
17
6
17
33
1
16
32
17
4
32
1
54
33
38
37
27
52
2
52
43
10
19
24
52
11
29
32
5
2
18
59
28
22
44
19
4
48
7
19
11
34
19
51
20
1
5
26
10
28
7
2
33
23
5
22
47
64
34
3
15
1
23
1
51
31
5
33
2
3
16
72
33
9
48
7
76
20
11
20
42
36
2
93
4
6
12
52
30
22
27
5
51
58
18
2
27
7
56
55
19
19
26
13
6
4
17
19
1
20
1
4
2
18
46
24
6
16
26
2
18
31
14
2
64
90
61
44
18
39
8
7
19
7
8
2
1
11
19
18
4
38
23
37
13
13
5
13
2
15
17
8
11
5
18
16
13
25
3
31
30
34
75
37
42
20
7
11
2
22
17
10
2
13
5
28
12
27
2
4
12
37
31
12
10
21
50
3
25
0
41
19
31
6
4
33
18
17
21
14
3
32
0
7
3
18
37
2
7
16
44
43
35
7
65
28
13
10
10
9
22
57
2
1
98
13
14
62
41
17
5
6
21
0
21
35
20
18
21
55
65
64
6
4
23
13
5
12
57
54
5
2
26
19
17
46
35
25
16
29
8
11
8
7
16
29
22
5
17
15
21
14
7
7
27
0
38
2
5
21
36
17
30
26
12
8
28
3
14
22
17
23
29
3
7
9
37
11
17
39
16
20
22
23
21
53
9
12
13
9
49
0
7
7
4
51
9
4
22
26
44
10
21
32
9
7
26
8
16
0
27
33
50
3
29
26
18
10
4
12
54
49
14
20
18
35
4
17
31
29
14
8
1
7
13
16
15
58
20
17
24
11
6
18
30
14
1
14
24
39
15
5
16
56
19
8
39
13
17
9
34
11
4
34
12
20
26
12
27
8
13
18
6
9
12
45
5
27
5
24
13
12
28
32
0
57
8
0
51
13
32
20
3
13
7
1
1
1
49
42
18
38
6
23
15
30
15
3
8
0
25
5
32
8
57
27
5
11
14
2
11
9
5
1
10
2
55
11
8
22
10
53
24
13
26
42
33
47
9
44
3
12
43
6
10
20
8
43
15
1
43
38
61
8
15
54
7
13
38
18
1
6
8
1
12
17
23
13
18
16
7
41
8
18
9
12
10
21
5
21
1
6
4
27
9
1
31
13
20
3
30
6
10
18
36
21
2
25
5
9
0
14
20
46
44
6
6
31
15
48
4
13
43
0
33
4
26
22
14
2
26
24
5
35
15
1
52
18
25
27
8
5
25
32
17
4
22
32
13
17
9
8
15
15
6
13
14
12
6
12
36
7
9
4
13
1
22
6
12
19
8
1
3
20
27
4
7
49
6
8
19
5
4
14
10
4
16
48
1
6
18
1
17
2
16
12
10
29
3
23
18
24
17
11
0
11
3
15
7
4
9
11
5
30
38
10
23
15
20
10
9
1
33
1
8
5
1
11
5
2
2
10
30
21
30
3
8
12
4
12
35
17
6
8
10
4
28
42
8
6
22
14
7
38
14
2
2
22
1
1
24
38
4
8
19
4
1
0
18
18
11
9
5
4
11
5
29
5
21
5
4
8
16
9
21
39
1
7
4
40
22
7
3
7
21
5
8
10
10
36
12
17
14
10
8
8
25
6
18
6
25
1
12
11
12
6
1
4
40
42
20
1
5
0
13
21
12
14
32
9
4
23
31
6
14
7
0
12
32
6
7
16
10
19
14
3
9
26
0
5
44
0
22
22
3
36
1
9
9
7
16
8
10
2
4
5
22
17
1
5
11
28
18
2
8
19
13
4
3
13
3
12
3
8
19
7
22
40
29
9
10
12
2
16
13
1
2
11
1
5
1
18
12
19
1
18
4
1
14
10
5
0
17
0
10
5
9
5
10
11
9
4
20
3
15
9
5
9
12
6
1
4
12
1
4
8
1
18
6
16
1
13
3
25
6
4
0
9
12
8
2
15
2
8
21
9
9
4
10
10
16
4
0
10
15
6
4
4
10
18
6
4
6
2
9
5
8
2
1
7
14
4
0
1
12
11
5
2
1
1
15
10
5
0
1
3
6
9
1
2
3
3
4
5
8
3
9
3
8
9
9
6
1
9
5
3
8
3
8
1
9
16
15
7
5
2
3
6
5
9
2
0
0
0
9
5
2
3
3
4
1
5
6
1
1
1
0
0
3
4
3
2
2
1
0
0
