5
5
23
54
6
19
6
11
4
56
33
6
50
31
60
11
32
14
9
28
19
24
5
27
10
6
5
22
35
8
18
1
54
18
19
1
15
30
73
46
36
3
17
56
10
33
23
27
6
20
15
9
50
31
21
1
86
46
12
58
10
20
10
16
61
37
23
34
60
46
38
2
26
36
52
9
18
137
38
18
8
39
0
10
37
7
73
6
60
25
3
24
31
35
36
18
28
6
3
6
67
1
2
45
35
25
37
10
47
26
26
42
72
22
45
85
44
49
47
13
4
109
3
109
108
41
74
10
27
16
16
13
4
43
13
39
101
57
50
6
35
37
29
31
41
87
4
33
8
17
50
39
5
26
20
24
39
53
51
15
37
12
20
44
48
14
4
49
113
66
0
26
7
55
22
34
25
55
40
25
6
77
33
43
3
39
19
4
14
20
61
19
31
60
41
30
4
87
36
9
7
47
15
46
41
26
33
16
16
34
46
24
14
44
7
4
53
44
38
4
23
63
17
17
11
15
74
41
39
9
8
41
5
57
2
25
86
19
44
13
2
42
55
37
41
68
30
39
30
30
21
9
26
44
109
53
42
6
11
5
86
6
41
18
51
97
50
44
51
36
3
25
25
39
33
8
56
110
30
123
49
28
17
29
61
56
24
17
40
1
27
4
55
49
1
46
58
13
52
5
23
16
10
34
29
50
51
16
29
7
58
61
6
4
40
24
8
18
12
28
16
37
29
15
45
82
25
38
48
70
81
28
7
67
5
40
55
27
21
32
21
42
96
41
10
17
41
3
23
45
7
63
0
51
24
34
16
1
32
23
54
41
12
14
9
44
4
2
33
31
24
14
8
42
36
61
13
27
45
19
67
33
87
14
37
58
86
11
39
27
11
13
39
31
5
53
41
5
7
38
24
20
14
31
38
13
44
28
66
17
61
28
9
49
30
48
20
15
6
26
34
25
29
68
7
125
1
14
6
7
25
21
14
17
9
18
33
8
10
23
45
48
26
17
48
4
24
7
13
15
25
61
46
26
34
33
26
42
15
53
11
14
16
2
17
25
19
7
12
39
49
4
45
32
41
16
68
25
5
73
61
19
15
26
31
77
30
29
8
18
27
49
12
18
7
2
7
11
22
28
10
23
29
9
4
28
34
30
45
58
26
88
47
2
40
8
35
12
35
1
6
25
1
53
59
26
15
40
43
34
38
11
4
16
3
37
30
56
24
28
2
11
54
2
89
11
80
25
58
14
4
36
27
11
14
27
1
2
6
25
17
24
14
12
9
33
34
25
36
11
61
31
54
41
109
31
35
30
9
25
29
11
35
7
71
6
36
17
30
26
26
14
33
30
52
16
8
16
9
34
8
43
63
34
38
0
43
47
61
23
11
10
47
57
44
12
22
32
26
50
31
15
25
49
0
31
65
26
16
41
33
49
35
3
44
57
5
17
43
38
7
35
6
12
1
35
1
19
6
29
31
31
39
19
22
26
15
17
55
30
20
38
17
27
30
77
6
36
17
17
45
2
20
30
46
2
26
3
43
27
18
20
2
93
8
22
25
0
28
19
34
34
53
18
26
18
31
8
22
1
2
39
7
48
45
4
15
14
4
3
46
51
20
61
4
27
22
5
22
25
6
34
27
43
10
18
2
51
18
2
16
29
13
14
47
2
32
22
15
13
105
17
53
24
27
15
22
38
23
3
30
54
16
70
46
5
21
28
33
20
21
32
24
15
23
21
9
31
31
2
39
12
18
17
13
48
52
4
7
29
2
34
12
66
21
10
30
18
20
14
3
19
51
16
26
22
10
2
31
46
4
12
33
8
8
8
60
29
55
7
16
19
48
12
5
5
17
50
1
66
5
58
0
58
40
9
19
9
14
16
23
33
20
32
35
27
48
1
46
13
8
30
4
30
10
9
11
32
24
1
44
24
6
11
21
6
28
40
37
38
33
0
30
29
33
18
42
28
16
32
20
1
48
14
4
56
35
37
51
32
1
37
7
81
1
34
9
15
15
7
16
36
38
16
31
27
41
27
10
23
60
28
42
49
15
46
1
51
8
39
6
22
14
1
8
35
24
16
28
13
15
25
7
19
1
13
40
9
18
38
12
32
8
6
17
14
7
1
17
13
19
1
35
21
11
32
5
2
4
16
6
3
6
27
19
14
21
15
36
34
11
23
34
29
25
20
5
21
11
1
5
12
6
25
59
4
37
9
9
26
21
57
46
53
13
17
4
9
12
24
23
9
19
11
11
45
18
23
6
40
13
1
21
40
41
38
59
26
62
2
48
31
9
21
5
17
21
83
31
25
12
10
24
31
18
17
12
17
1
12
60
50
13
21
14
31
18
21
13
8
19
16
15
28
58
46
55
21
5
19
41
21
6
3
19
21
8
35
10
19
2
5
25
14
26
5
7
25
18
61
13
33
17
12
33
4
3
43
14
14
7
1
7
15
4
38
3
16
1
6
7
28
68
21
18
43
11
4
14
16
8
34
37
7
5
14
31
9
14
2
36
23
21
44
3
9
11
28
45
7
21
43
0
13
22
13
3
1
11
41
27
25
22
8
17
46
34
3
21
6
20
17
11
22
19
3
33
20
42
2
2
19
30
9
11
1
7
13
6
54
7
33
27
42
44
1
16
34
10
30
16
28
5
12
56
6
19
26
12
10
20
26
24
1
45
13
9
27
10
12
5
19
21
10
26
21
8
7
20
24
7
13
10
4
17
4
26
5
20
22
13
23
33
49
10
4
4
22
27
23
53
6
49
8
8
17
20
9
10
18
54
8
5
16
24
23
1
14
39
11
7
19
10
2
3
27
17
10
18
34
14
18
4
8
11
13
19
10
1
16
6
21
1
2
39
31
40
3
13
25
23
18
23
24
5
23
22
41
22
8
22
29
40
7
20
3
24
7
15
11
18
7
8
16
8
5
21
6
7
12
40
0
21
3
24
38
13
7
23
27
15
16
25
24
13
27
8
2
44
27
15
9
29
8
17
31
27
11
8
16
7
14
29
8
3
9
2
4
8
8
8
18
21
14
5
5
6
26
35
3
18
13
14
11
23
1
28
2
14
17
9
4
20
20
15
25
10
36
6
23
19
13
5
13
10
13
23
21
3
32
18
0
12
10
12
2
15
22
8
29
23
6
2
11
50
5
10
2
12
51
1
16
2
25
13
1
25
9
4
30
17
4
34
10
10
24
19
18
23
4
27
6
15
6
4
16
4
8
1
24
18
23
10
28
15
9
34
5
17
11
14
1
19
1
6
9
3
14
4
23
1
12
29
39
11
2
20
12
0
25
4
7
37
1
4
6
24
17
5
9
28
1
10
2
19
8
17
15
10
6
19
1
32
27
15
17
20
16
1
12
16
5
14
22
6
11
17
0
3
4
13
19
23
4
19
12
15
14
3
1
14
7
29
4
10
4
6
1
4
25
25
9
3
2
9
24
1
20
26
6
16
5
1
19
14
3
7
1
2
0
10
4
24
0
10
4
12
15
2
3
6
23
17
26
10
4
5
4
12
3
0
4
6
8
13
0
27
25
11
14
2
13
13
1
11
0
2
10
12
15
1
5
7
3
1
5
13
1
9
7
8
4
4
13
20
6
25
11
6
15
5
8
3
3
13
13
3
5
17
10
3
4
16
2
4
6
4
16
9
9
3
1
6
5
5
3
6
18
1
2
19
7
12
8
4
4
10
1
3
9
3
12
0
0
4
4
10
4
4
0
5
3
5
14
20
8
0
11
8
13
6
3
3
6
0
5
5
5
6
4
7
6
2
4
1
3
5
4
4
1
4
5
1
4
0
4
4
8
0
4
0
2
5
3
2
0
5
3
0
0
