1
55
32
34
20
33
8
14
41
0
10
8
18
10
3
33
12
62
1
26
20
17
33
12
2
19
25
20
41
24
15
13
22
33
23
33
4
45
25
120
27
1
34
11
68
16
19
3
15
6
2
74
30
61
13
40
27
41
12
48
14
33
37
13
3
48
35
14
9
33
39
10
1
11
4
36
12
8
23
68
42
12
52
3
13
25
14
67
18
74
12
42
26
1
54
23
1
30
29
9
41
38
52
96
12
93
28
4
12
4
48
22
54
22
56
13
41
52
50
42
29
26
65
24
14
31
12
50
25
8
55
43
15
115
58
8
1
44
56
35
4
95
23
14
11
25
28
16
20
17
10
13
28
73
31
13
24
12
12
12
73
30
53
16
50
5
29
59
1
83
34
22
11
43
59
27
26
28
23
60
64
30
26
23
11
10
24
36
59
12
12
65
27
41
79
15
36
99
5
17
24
21
12
26
24
7
35
39
1
51
41
23
42
11
3
62
9
20
72
11
23
22
23
123
52
6
23
22
15
70
46
42
16
33
3
99
40
45
52
23
18
43
25
29
31
20
17
77
26
29
44
41
54
65
27
13
82
19
23
19
10
10
6
40
26
23
1
16
4
10
78
50
3
55
27
19
11
37
18
52
9
50
0
10
32
19
21
27
33
16
20
14
39
22
3
26
5
24
22
1
43
35
43
37
27
46
54
32
47
68
30
21
3
20
4
13
11
6
41
35
34
49
20
11
6
8
37
32
33
58
7
18
35
17
5
50
26
12
36
21
16
10
28
17
22
72
29
25
68
36
7
10
44
18
11
8
42
93
69
62
4
5
59
27
7
63
52
30
6
16
16
73
47
0
16
36
8
30
59
10
46
12
26
1
8
2
18
33
51
24
6
36
32
41
64
35
13
40
76
20
18
66
28
2
60
11
3
29
39
14
56
10
78
37
4
19
30
12
4
19
8
62
34
42
44
38
35
4
10
32
51
65
10
29
9
19
37
52
13
17
35
8
10
37
41
1
53
8
49
39
18
68
13
22
39
15
35
22
11
6
4
10
26
34
39
15
23
12
7
32
2
40
13
27
25
62
62
23
52
19
9
3
0
58
7
45
20
11
12
7
18
50
22
45
71
19
9
95
34
42
0
8
0
18
59
49
17
22
15
25
14
25
13
49
64
34
43
0
38
52
46
30
41
47
6
21
16
55
56
59
18
39
36
21
3
42
23
57
9
14
46
31
20
56
25
22
7
32
20
37
90
11
9
18
1
28
5
24
13
30
65
25
9
13
12
87
16
51
44
18
21
26
14
27
29
60
5
37
71
25
16
20
66
39
27
50
30
12
61
84
10
18
72
29
25
26
61
42
72
27
8
16
15
28
18
32
23
40
46
29
20
10
52
8
16
18
91
10
36
13
5
6
19
30
24
81
26
19
27
27
2
12
0
1
8
28
41
24
30
0
51
20
5
1
8
24
7
25
3
0
39
20
32
48
24
31
85
12
16
49
16
13
2
15
45
5
39
23
43
10
26
30
15
2
30
7
53
103
28
13
18
14
28
23
31
41
17
17
7
12
19
25
6
1
18
42
3
36
27
41
27
23
42
11
20
82
13
22
52
9
42
25
32
24
55
13
28
7
4
19
60
2
57
18
22
28
6
36
42
46
9
0
24
6
55
23
9
5
5
44
7
12
19
39
23
15
7
21
30
9
23
2
39
12
52
38
5
33
44
25
18
13
3
11
8
7
17
37
16
52
10
17
9
28
19
55
41
16
16
29
11
15
13
5
48
28
6
33
36
22
51
19
15
17
19
18
31
33
5
28
3
25
3
2
16
19
64
41
20
38
15
42
5
5
16
21
7
17
7
4
3
33
7
49
45
23
13
42
20
17
2
25
1
17
8
1
14
3
14
12
24
20
85
17
33
11
2
28
33
47
6
17
34
11
3
41
83
22
12
21
39
58
36
5
12
6
15
22
16
6
21
38
17
23
8
30
21
10
43
16
8
19
17
3
1
6
20
43
12
15
53
20
14
19
10
25
5
54
3
12
35
22
9
0
2
6
15
6
6
24
5
0
4
23
9
46
17
24
22
11
47
10
49
31
17
30
33
18
34
19
42
40
19
23
10
2
0
26
0
40
15
12
3
26
22
21
3
13
4
7
18
23
46
65
30
25
38
11
8
3
34
7
69
20
7
40
45
39
39
27
27
13
2
4
26
9
6
16
14
4
30
10
25
7
51
2
4
27
41
19
6
18
23
25
2
34
30
2
33
6
4
13
4
0
26
33
6
64
25
11
1
30
18
11
14
14
24
32
42
26
7
23
23
13
28
0
49
41
4
36
18
8
7
8
42
3
20
26
44
12
19
28
0
31
10
57
1
40
13
32
6
32
15
33
50
21
40
68
9
37
28
28
5
9
6
15
16
30
25
36
3
12
8
20
5
20
4
19
22
33
1
19
8
10
15
15
48
24
5
23
1
3
14
16
19
14
49
18
5
0
5
33
14
5
13
20
47
15
9
24
10
4
6
14
30
5
26
4
13
21
2
2
13
27
32
14
12
24
0
31
17
28
6
21
30
12
30
36
2
20
38
59
1
9
12
16
0
10
14
23
8
21
8
2
5
11
30
20
7
26
12
6
6
2
52
41
34
15
3
8
16
7
7
11
6
1
25
7
3
4
31
17
41
10
5
22
21
35
38
2
30
19
18
1
3
5
21
42
5
5
13
46
32
13
19
36
2
8
5
40
14
16
9
12
21
0
14
17
30
34
37
16
28
22
18
4
8
21
32
20
0
13
0
16
16
12
20
32
19
28
2
13
4
18
4
31
3
26
36
16
23
48
19
37
3
4
27
3
31
1
4
1
26
15
1
13
2
18
28
22
23
21
8
3
43
39
27
17
1
2
3
26
20
14
14
13
30
21
21
24
16
26
6
11
23
0
12
1
11
11
30
26
21
12
29
1
38
26
4
13
7
10
10
2
14
15
33
18
1
24
6
1
9
18
10
13
18
19
6
10
18
2
39
36
13
28
9
15
1
33
15
9
16
33
20
9
10
15
0
2
8
24
2
33
10
5
40
16
1
12
11
2
5
21
46
18
5
8
22
9
14
5
19
5
9
44
32
52
9
0
7
22
5
2
9
11
12
36
33
49
3
9
10
6
21
15
8
3
13
23
5
4
29
14
29
23
18
13
7
17
4
22
42
22
2
6
1
38
14
24
7
14
4
14
44
0
4
39
14
18
5
5
7
6
11
1
24
9
16
9
12
2
0
8
2
8
35
13
9
22
12
12
16
12
5
7
3
1
18
7
1
11
18
5
8
6
12
3
1
2
5
1
9
6
9
13
17
25
10
11
4
2
5
9
2
11
6
28
15
5
17
4
12
11
16
6
10
0
4
36
23
30
4
9
4
6
15
1
3
2
9
7
9
18
7
1
31
12
8
9
0
7
0
30
17
7
18
12
6
1
21
7
5
3
33
10
12
4
9
1
12
4
19
1
1
21
29
11
8
3
20
9
24
3
41
17
5
8
3
22
1
2
5
2
5
5
7
11
2
5
3
17
1
4
0
7
41
11
2
14
2
19
1
3
3
18
2
15
1
14
11
4
1
4
0
11
13
3
2
12
15
9
2
5
10
13
16
5
16
10
8
5
4
0
2
16
9
9
5
18
1
16
13
2
9
5
1
5
6
8
19
2
1
8
7
5
8
6
2
9
2
12
2
4
7
3
1
25
4
19
2
3
3
5
15
7
7
10
8
12
1
1
5
17
8
0
17
3
6
10
2
7
3
10
7
5
9
4
2
0
10
1
5
17
8
1
1
1
5
2
10
4
6
4
0
1
2
2
2
2
3
2
0
3
0
2
1
2
1
1
