5
0
9
0
8
1
2
60
6
35
23
30
20
6
38
6
21
3
4
4
4
47
9
16
11
3
11
22
8
14
30
3
8
58
25
31
19
17
8
20
35
37
18
4
38
6
18
32
2
93
23
49
42
8
12
7
34
9
25
34
20
23
44
10
39
10
8
2
33
1
44
26
55
31
25
27
18
13
1
3
8
45
32
27
45
26
21
9
6
23
19
53
1
40
22
45
23
76
37
12
40
5
31
17
19
3
71
43
40
14
6
19
31
28
39
24
59
54
89
14
70
11
16
5
12
41
37
25
31
31
9
12
9
52
45
72
29
15
35
39
93
17
56
24
12
32
34
22
35
14
13
58
33
77
37
37
22
3
18
44
17
3
1
63
24
11
56
13
35
7
28
13
29
16
6
7
84
18
13
17
22
7
12
91
4
25
86
70
98
51
44
44
65
7
24
52
30
52
40
54
14
15
3
47
7
42
58
20
13
64
13
1
7
0
59
8
41
68
3
20
5
15
2
19
20
61
45
55
28
36
5
39
63
22
9
6
67
5
14
21
31
9
47
92
17
8
31
43
40
9
15
34
10
8
1
36
79
41
76
13
32
13
13
55
75
26
1
36
34
35
1
7
10
142
23
41
23
10
42
20
18
4
59
29
57
56
47
36
36
21
81
18
9
45
7
67
30
27
7
43
3
7
24
5
11
7
32
58
2
1
20
11
19
49
11
48
53
4
0
93
9
23
0
72
24
12
26
32
8
57
23
20
22
54
50
44
62
21
1
16
5
47
58
10
17
36
18
30
52
25
39
2
4
77
11
19
69
76
11
19
31
81
16
42
33
15
5
8
1
63
24
21
31
0
25
18
45
1
63
19
53
21
12
69
43
0
67
15
66
15
29
3
60
4
55
18
19
23
12
1
57
35
15
115
13
31
37
2
19
21
20
42
34
20
10
26
33
59
26
23
51
53
1
9
35
19
87
1
20
11
38
35
2
24
70
55
39
13
38
58
45
4
31
49
28
7
47
17
3
11
37
44
51
63
16
7
9
44
23
23
9
48
19
82
29
56
18
36
28
87
15
15
52
10
34
9
3
57
7
10
66
23
43
7
56
17
47
24
59
24
29
7
18
71
33
29
10
3
34
5
1
16
15
3
26
17
33
30
12
29
23
48
51
2
8
8
77
12
27
48
50
18
1
18
50
19
59
41
33
21
1
1
16
5
17
21
16
12
12
4
21
33
37
31
72
42
22
13
38
54
5
22
10
15
28
15
13
53
26
16
71
5
16
27
21
18
17
14
4
12
7
5
35
28
13
12
2
5
20
14
29
1
43
37
18
14
32
47
45
7
2
3
30
27
35
41
23
43
39
41
4
7
9
11
12
25
8
34
15
34
50
36
21
16
30
23
26
36
37
16
39
50
52
17
33
20
1
12
22
22
1
38
19
16
41
6
57
22
14
34
25
9
73
27
12
28
24
52
18
60
4
38
4
39
42
71
35
86
4
39
18
19
36
9
15
11
5
7
6
6
70
30
14
18
6
10
48
31
4
8
43
29
14
65
12
9
35
15
20
6
38
1
22
37
52
3
24
20
38
13
38
30
18
39
5
60
21
3
31
10
5
12
1
2
47
15
33
26
44
3
24
20
25
11
31
39
25
42
19
8
19
27
3
30
9
47
4
67
15
10
7
25
24
29
49
38
71
8
2
38
46
13
71
27
17
37
16
33
12
12
18
55
12
2
22
5
23
6
27
14
20
8
4
17
6
34
20
35
23
10
21
91
3
14
26
8
5
49
14
11
13
16
24
5
40
7
31
2
31
31
22
28
3
58
10
26
35
39
25
9
9
19
28
7
62
58
11
9
43
6
85
63
16
50
44
7
13
13
19
2
29
27
28
18
43
53
1
48
12
41
8
35
14
12
5
14
22
20
27
4
42
59
4
19
12
2
42
42
35
21
11
4
7
14
12
14
12
7
2
39
26
26
35
22
12
32
8
14
16
3
15
6
16
17
11
26
25
31
13
25
44
31
6
23
17
4
13
9
4
19
9
90
9
25
46
19
80
26
15
6
7
8
31
22
8
48
49
9
73
11
16
39
34
9
19
29
20
20
9
9
1
42
6
8
19
23
23
5
45
3
12
20
11
4
1
55
33
37
47
54
8
7
22
2
23
23
23
35
8
2
13
20
2
9
3
25
1
14
22
7
22
48
39
41
25
24
17
19
7
55
9
7
41
8
25
22
1
7
12
20
35
32
8
66
34
17
41
8
15
2
3
37
16
1
22
17
36
32
2
47
39
22
4
11
25
47
44
65
1
21
35
41
10
8
29
16
40
54
5
7
78
4
17
49
40
5
11
8
10
19
58
17
2
0
34
18
23
6
28
1
14
53
15
45
36
16
25
3
6
27
16
27
3
21
43
22
3
8
17
25
31
28
19
28
1
10
34
20
28
21
68
32
4
6
17
25
25
22
5
12
5
3
22
1
14
16
28
24
12
16
54
2
24
2
7
9
16
9
1
9
23
18
27
41
36
21
21
48
4
7
20
59
12
21
5
1
6
19
11
15
19
12
3
35
11
16
20
5
23
25
31
11
10
7
16
20
3
7
10
2
37
38
48
13
30
14
39
30
13
7
25
30
5
19
12
12
28
0
20
25
10
6
9
5
5
11
20
8
5
4
19
9
11
9
28
42
27
38
12
34
30
29
14
9
3
31
26
12
29
8
29
14
10
16
31
6
31
17
5
23
27
31
26
10
4
2
11
1
4
11
8
7
2
22
6
12
28
11
8
9
42
8
3
2
4
54
3
33
31
17
0
16
43
17
29
63
18
4
14
30
36
20
6
12
7
41
1
7
10
4
39
8
16
1
4
10
16
15
25
24
26
10
22
32
21
8
27
18
17
11
13
8
33
29
10
3
12
11
53
23
15
10
18
33
8
18
26
19
11
15
9
7
9
12
24
21
6
12
19
9
4
4
7
5
15
4
24
6
2
3
44
15
7
2
15
4
22
30
0
13
13
9
8
2
21
14
13
1
14
34
6
14
3
12
17
22
14
4
9
5
20
18
18
3
14
8
13
8
6
3
28
3
21
8
8
11
29
3
30
31
16
12
9
38
15
21
8
2
0
7
11
28
22
14
3
8
8
13
25
4
36
43
13
13
14
5
17
15
13
33
3
9
10
0
4
16
5
13
8
41
15
4
1
2
18
16
24
8
5
5
27
7
6
21
5
26
22
5
8
12
12
2
5
15
22
26
6
2
5
12
6
4
10
5
26
7
8
33
21
10
7
2
8
2
22
8
6
11
1
8
2
20
4
20
5
7
1
21
12
23
7
27
3
12
1
1
32
2
14
30
5
19
16
23
0
6
2
11
3
4
9
20
28
15
15
8
14
1
1
3
14
11
7
4
23
26
12
18
10
5
2
2
2
19
5
4
13
16
30
9
13
0
8
1
7
20
10
1
13
20
4
6
3
6
10
7
4
6
13
4
4
10
27
13
26
5
14
3
10
7
7
4
29
5
12
25
29
12
11
27
14
13
9
33
12
3
7
11
7
4
5
3
12
10
14
6
23
4
14
8
8
13
7
29
17
8
7
13
26
18
9
1
3
11
12
2
13
13
22
6
15
11
4
1
13
10
9
6
11
8
12
7
1
4
1
17
18
0
6
2
8
13
9
7
4
22
1
7
5
4
14
4
12
5
7
8
6
2
7
10
0
10
5
7
8
19
21
9
9
14
12
3
2
4
3
2
2
10
12
3
5
5
3
2
10
11
7
3
0
3
1
1
12
0
5
3
1
1
7
4
0
9
7
2
4
3
7
6
3
0
3
7
0
7
8
2
5
2
0
5
1
5
3
1
1
2
0
2
2
9
2
2
1
3
1
3
3
5
4
2
