22
1
19
1
13
36
22
5
41
9
81
61
12
10
47
8
47
52
44
38
24
15
72
4
17
9
12
25
27
29
29
25
19
15
66
24
69
41
112
17
30
6
13
33
44
6
20
5
98
34
42
11
27
31
60
10
36
12
19
31
55
31
43
3
55
18
53
29
27
32
19
37
34
41
1
22
89
3
11
48
72
2
40
19
29
17
43
25
22
73
9
58
37
56
23
32
22
24
0
32
46
8
57
0
7
18
2
11
30
64
43
15
12
32
11
29
46
21
41
11
38
8
70
40
32
16
44
59
8
1
72
26
95
31
9
54
1
33
38
40
7
116
55
50
10
60
14
72
18
9
14
34
102
5
15
48
7
10
4
37
53
14
42
16
63
28
49
2
52
11
2
7
37
1
26
30
59
131
23
43
36
38
25
39
47
88
76
7
9
74
13
27
11
9
45
10
8
11
4
18
20
14
12
65
30
45
43
25
3
42
54
10
21
41
21
5
74
11
35
10
6
9
18
22
23
64
11
31
51
47
2
19
22
11
39
14
41
32
10
16
89
3
60
78
38
39
33
48
2
3
26
80
19
7
1
14
29
8
42
27
82
46
20
65
3
52
5
24
6
2
34
20
81
22
66
6
1
52
34
23
26
12
102
19
49
13
59
17
55
36
39
19
27
33
85
9
17
45
15
10
8
87
9
0
31
11
18
29
57
15
9
3
14
21
48
9
25
21
59
32
12
31
2
26
19
47
3
14
6
2
5
54
14
37
5
55
6
22
10
76
14
67
67
44
79
41
6
39
1
12
59
29
49
57
78
9
33
2
32
14
57
26
68
27
7
34
15
18
67
2
57
13
17
59
7
1
58
10
35
70
17
26
16
27
9
6
32
37
20
45
13
31
2
56
54
19
18
41
36
17
4
13
44
20
7
10
58
25
39
47
13
13
16
54
24
31
21
21
26
7
32
17
3
4
56
79
23
13
26
57
37
95
52
0
8
9
61
34
50
34
60
50
21
40
44
4
53
3
40
54
19
43
9
29
41
17
9
7
36
18
10
17
13
64
27
44
21
2
11
3
65
42
58
37
14
39
25
5
76
4
53
61
24
7
20
16
1
23
8
83
25
52
30
40
63
43
20
24
55
30
32
11
47
44
2
3
16
11
1
15
61
30
3
24
40
25
56
11
55
62
9
2
67
25
31
40
25
22
39
6
38
19
12
36
7
7
23
19
30
1
34
54
55
12
40
11
29
0
4
27
13
6
8
0
5
28
55
21
17
27
41
15
23
32
43
5
21
59
14
11
8
40
8
25
49
16
17
0
24
18
14
11
30
30
5
49
8
32
33
46
12
3
33
59
27
9
0
68
6
53
17
25
22
51
26
17
25
8
83
24
39
9
7
47
23
1
28
69
0
13
49
7
57
43
40
25
40
29
10
54
3
50
42
12
1
22
7
36
3
66
49
14
16
0
4
36
43
48
3
36
42
85
36
9
17
45
33
48
11
6
41
47
52
2
33
5
7
28
36
19
48
3
5
50
28
40
4
32
21
37
11
48
27
5
5
10
14
3
12
25
29
14
47
5
38
99
48
38
35
31
16
14
57
67
50
26
0
45
16
11
3
7
1
21
35
19
10
22
24
46
5
0
29
15
34
3
23
5
18
47
13
9
18
47
36
16
62
35
55
6
6
6
29
31
12
17
47
11
10
32
13
4
23
6
18
1
59
13
47
23
13
19
45
20
2
11
22
40
11
32
36
18
26
29
34
14
46
14
10
46
62
7
5
64
84
7
0
36
20
10
23
19
5
2
34
10
27
22
28
10
77
16
1
55
44
5
2
43
12
9
53
69
71
11
21
28
16
22
8
3
13
4
1
13
13
4
25
14
14
2
4
26
26
5
21
34
49
53
48
27
51
29
46
65
2
5
2
12
43
56
1
14
34
54
25
25
16
14
38
43
33
21
2
35
24
12
12
49
56
9
8
41
27
5
17
60
43
4
29
27
2
16
40
9
26
2
22
3
15
20
1
15
6
30
19
39
63
52
4
27
4
65
12
48
23
44
6
46
23
12
1
45
3
10
31
13
12
4
56
13
46
25
43
22
31
5
39
28
51
44
6
57
65
56
16
5
11
12
5
12
3
45
13
29
7
6
44
24
27
54
12
33
10
21
36
55
7
36
19
2
16
44
32
7
18
13
1
26
8
17
17
86
11
33
20
20
23
8
3
15
22
22
23
3
54
33
18
28
50
13
42
57
20
6
7
9
13
24
38
52
3
25
10
66
34
7
14
49
38
13
25
3
1
13
24
27
14
2
42
10
17
30
15
26
8
22
28
14
3
19
8
24
21
47
20
11
9
9
6
14
12
9
39
3
30
23
23
54
31
6
15
21
19
38
17
7
27
73
5
15
18
34
23
10
46
85
1
33
3
40
31
10
10
53
21
6
10
8
20
0
32
37
13
14
25
3
16
26
1
14
47
12
19
29
5
10
11
20
2
6
43
29
1
29
0
46
48
37
2
7
13
27
2
2
27
10
25
4
24
43
42
37
29
20
5
7
9
34
14
5
40
2
66
12
26
28
73
45
11
17
20
13
2
14
24
6
2
11
27
3
54
2
0
5
2
20
39
8
29
6
9
11
32
10
31
25
11
3
3
11
3
43
13
29
24
44
10
5
31
24
4
7
52
21
9
19
7
4
19
27
56
2
24
8
10
31
4
1
2
22
19
17
35
2
16
18
13
17
30
24
3
20
16
57
20
37
20
13
13
37
14
8
43
12
2
17
1
17
29
38
10
47
18
13
16
47
39
25
35
15
5
44
7
35
23
27
16
16
31
3
9
7
28
0
12
40
9
9
9
2
28
35
7
11
39
26
14
4
25
12
32
9
9
15
9
24
7
13
26
2
7
7
12
17
41
25
18
18
25
10
6
15
40
3
35
39
1
8
7
22
14
26
20
6
1
10
24
12
4
20
23
4
14
23
6
11
1
16
10
24
28
24
22
7
7
7
22
30
32
42
3
32
7
22
24
34
1
6
30
7
16
20
36
15
11
5
4
12
10
32
11
20
14
3
7
6
4
5
5
1
1
41
24
7
53
12
12
0
27
13
17
5
16
17
51
3
25
63
13
4
7
25
18
5
42
9
12
11
4
6
5
1
12
16
3
2
15
6
15
43
14
12
17
20
0
9
5
8
21
7
3
32
19
15
14
15
38
9
20
36
16
22
4
8
0
8
24
11
18
24
4
4
9
12
5
29
34
34
13
18
20
14
5
15
17
23
9
3
9
9
40
12
40
21
6
9
5
4
1
6
25
11
6
14
51
21
4
4
8
1
3
3
25
20
2
6
5
4
1
27
10
2
16
4
14
1
8
12
4
6
17
13
26
13
12
6
43
8
33
11
4
12
23
25
18
5
0
35
4
1
8
8
21
17
3
8
3
9
9
20
11
11
14
1
8
11
6
2
25
1
1
9
0
4
24
18
11
30
17
7
21
8
6
8
11
11
7
23
19
16
2
7
11
10
6
9
21
7
4
10
8
15
17
12
8
13
28
17
6
44
13
0
7
21
7
17
3
6
1
7
18
1
6
4
2
4
9
24
19
23
8
8
4
18
7
10
3
9
6
1
10
1
1
15
1
24
11
15
20
50
17
11
0
6
23
0
7
12
21
1
12
7
5
13
1
5
11
11
4
8
8
0
28
8
9
0
4
11
6
3
1
8
8
4
10
2
6
24
6
3
1
6
14
3
1
7
8
2
24
6
8
3
1
7
1
2
7
13
6
1
19
1
4
2
3
11
13
20
9
2
6
9
3
5
15
2
6
14
9
4
6
10
4
10
10
2
2
6
4
16
2
19
4
3
4
2
1
12
12
3
5
3
5
3
2
4
3
1
3
10
1
1
0
0
3
4
1
1
4
1
