11
0
10
11
2
73
18
12
14
78
34
24
18
5
3
55
36
1
74
10
21
19
28
19
5
15
26
44
1
51
25
27
22
73
32
10
33
10
2
14
20
26
75
42
46
27
25
21
23
81
10
0
8
61
15
40
24
46
35
24
47
4
49
30
51
11
38
8
30
23
4
22
68
6
12
44
42
20
22
25
9
50
43
20
94
59
4
9
45
1
45
73
7
32
19
11
19
11
25
68
19
36
54
55
13
11
25
6
101
62
55
11
61
4
12
50
12
58
39
26
20
9
84
27
21
88
31
6
60
31
25
70
7
12
8
24
72
13
6
9
26
29
6
29
56
29
28
38
19
22
30
26
28
15
0
53
9
11
5
16
114
103
10
31
30
59
22
83
45
0
60
66
44
2
7
34
2
15
14
5
42
29
21
24
98
22
15
8
16
8
26
51
87
5
39
46
50
15
3
27
9
35
43
50
1
22
66
8
22
26
4
22
56
20
16
16
71
18
28
19
33
0
56
32
73
19
9
17
13
57
25
29
36
15
11
82
53
61
26
22
44
39
31
31
45
5
13
8
32
51
20
43
30
88
39
18
31
73
8
40
11
33
19
31
7
10
46
2
19
43
22
14
43
23
2
39
57
64
10
25
3
27
16
19
26
18
41
18
41
22
56
29
41
36
53
37
33
26
18
54
44
19
11
18
81
46
13
38
16
15
9
14
40
53
39
69
64
16
0
13
53
26
25
3
89
18
49
12
51
2
7
46
4
35
31
45
124
30
2
55
35
17
3
63
0
9
4
68
16
45
36
40
11
2
17
7
2
45
24
24
22
1
81
25
8
52
38
41
1
19
31
7
50
16
26
12
29
6
29
37
23
16
1
33
38
76
76
42
8
28
42
13
1
26
49
44
11
36
22
65
30
64
30
19
44
2
10
28
10
23
1
52
0
93
37
15
22
17
9
52
29
38
32
56
50
3
16
29
41
8
16
36
18
34
11
15
10
18
28
16
6
30
55
5
32
32
61
22
61
6
23
10
16
5
36
14
14
65
5
12
54
56
31
11
1
32
75
5
12
20
18
17
28
37
0
51
40
40
75
15
41
61
8
21
2
35
62
30
4
12
28
12
52
20
42
43
13
25
6
3
5
45
17
31
21
30
21
7
5
60
46
20
45
35
39
17
43
16
10
0
15
6
10
29
1
38
24
25
4
25
24
59
42
47
22
9
29
71
57
11
29
19
2
4
14
45
64
54
48
33
12
10
31
24
13
31
17
10
19
9
29
14
63
26
43
28
35
14
25
37
6
14
56
32
29
50
21
38
10
63
14
44
53
26
40
48
42
28
25
12
63
0
10
26
11
17
24
7
22
2
0
33
22
15
34
12
24
16
67
52
61
0
18
50
43
20
4
55
44
32
35
8
43
54
25
58
34
38
16
2
18
18
81
31
53
32
46
11
14
81
8
5
3
45
36
11
54
6
22
33
30
8
31
2
40
19
10
14
27
47
27
39
54
5
6
16
26
2
22
40
6
33
33
89
14
16
22
13
31
29
19
22
30
23
16
1
5
14
9
12
0
39
4
20
112
26
1
47
13
20
4
1
29
33
18
74
55
50
31
37
19
17
2
2
28
48
8
66
9
30
42
11
16
49
4
33
28
17
26
11
5
94
6
28
15
18
28
9
3
47
47
34
7
50
41
11
12
24
31
1
15
39
21
12
3
71
6
4
25
21
33
18
63
6
6
20
9
31
8
40
4
24
17
46
14
12
8
3
33
10
14
59
14
2
20
42
39
10
36
33
13
0
4
11
47
36
11
8
6
11
31
9
22
66
64
19
4
7
12
59
32
19
80
14
45
2
12
1
39
34
5
9
9
22
9
47
55
44
17
51
24
7
8
6
11
7
0
2
11
38
26
19
34
4
27
78
25
5
7
25
58
17
30
45
36
11
12
33
2
3
4
6
11
20
58
6
63
4
22
29
13
42
3
39
37
22
2
18
20
28
9
18
50
22
45
2
36
6
40
23
45
12
38
16
39
25
32
13
15
34
14
31
0
3
8
4
1
7
28
15
19
37
39
6
31
0
28
26
13
28
3
3
29
18
39
48
10
13
53
13
5
27
14
5
89
15
10
20
38
39
10
20
19
21
38
34
19
6
27
0
15
11
14
7
19
8
64
26
22
28
43
27
3
57
28
7
22
37
14
0
16
32
0
21
36
18
66
21
57
41
25
6
7
49
16
11
32
17
51
24
111
24
51
14
1
7
3
37
21
28
16
0
12
48
4
37
1
12
10
37
13
1
10
13
11
2
32
32
22
42
33
0
17
42
13
3
13
29
31
16
3
47
32
24
28
44
2
47
44
9
26
47
9
48
6
13
9
6
8
16
6
24
2
17
52
22
27
33
27
25
5
34
10
36
7
35
6
52
0
28
16
12
5
27
4
69
14
2
36
1
24
17
12
18
18
36
29
11
6
57
26
31
19
2
15
10
9
28
13
36
18
7
6
29
30
24
45
31
11
20
11
64
47
20
60
4
23
4
29
27
22
5
43
16
17
28
1
58
6
1
20
19
29
24
9
1
13
20
17
4
6
2
2
14
10
11
7
3
10
19
27
3
6
9
13
18
25
6
4
44
36
9
27
13
7
38
20
5
48
1
18
22
27
7
14
17
3
16
31
25
4
24
22
18
34
7
35
21
14
6
1
16
5
7
25
14
8
26
5
9
17
11
33
39
9
3
7
26
1
13
1
15
2
41
11
28
34
25
16
33
9
6
28
27
58
46
13
21
0
31
10
7
1
23
7
23
42
3
11
26
24
35
7
13
14
34
4
16
32
12
7
15
13
6
22
0
18
20
9
26
10
8
17
56
5
8
22
26
6
28
10
3
14
4
23
33
10
39
32
21
8
17
1
8
7
4
35
11
7
18
21
18
13
34
22
19
9
7
9
12
32
16
7
3
16
21
10
19
6
19
17
8
26
14
1
1
22
6
25
36
8
26
10
40
14
3
25
35
5
9
6
11
8
14
4
40
7
23
13
32
17
13
3
1
9
28
2
8
1
1
24
20
11
13
15
21
14
42
40
9
9
2
38
23
47
12
29
17
1
4
12
16
26
12
21
19
30
3
0
13
23
5
3
21
14
24
14
3
25
37
14
6
7
4
11
13
2
33
10
16
2
6
40
23
36
20
4
31
4
35
14
43
11
17
13
18
23
3
27
2
40
7
15
5
16
8
7
12
1
6
16
9
0
34
53
4
1
13
25
16
5
12
14
2
3
6
10
31
14
23
7
14
6
15
5
22
4
16
7
14
10
13
19
6
12
3
5
11
20
18
1
7
11
5
21
1
3
7
3
12
28
20
16
2
35
5
9
3
2
19
13
27
17
26
11
29
6
3
1
32
7
2
16
21
5
13
2
17
2
25
2
27
8
2
18
1
0
15
7
2
31
16
0
17
15
25
19
19
29
12
3
2
32
7
18
22
8
18
15
24
4
20
34
13
4
9
1
5
22
0
13
21
2
10
1
14
21
7
14
1
10
18
3
2
19
13
23
18
9
18
4
17
6
6
1
48
29
14
16
11
9
16
0
23
27
1
5
9
13
5
11
4
13
0
8
8
20
2
9
1
4
9
22
17
12
7
9
2
5
9
18
21
12
14
8
2
10
7
2
4
29
6
22
15
1
4
7
6
4
1
11
17
5
5
9
11
14
6
0
4
7
7
5
16
1
6
24
10
8
7
3
15
3
2
2
21
7
15
0
6
1
7
2
16
5
7
2
18
2
2
0
3
10
2
6
7
3
3
3
8
3
10
4
5
8
5
6
2
11
4
2
12
9
2
6
2
12
1
0
9
1
5
8
7
9
2
6
4
4
5
8
4
1
4
9
1
1
6
1
2
7
4
3
1
6
1
6
7
2
1
4
0
3
4
1
1
3
1
2
0
