7
27
19
8
32
4
19
43
7
1
64
11
47
18
4
9
52
12
4
18
10
28
54
21
7
6
11
23
27
18
11
44
26
31
53
22
26
9
27
4
10
106
15
27
28
49
56
12
56
24
38
45
23
16
16
35
23
26
25
39
20
29
22
60
3
27
62
23
54
44
22
17
23
26
12
6
60
25
55
10
2
21
15
63
2
72
9
2
19
57
7
52
39
30
49
15
62
23
11
35
7
47
31
3
20
37
48
41
23
2
4
3
59
8
13
39
13
54
67
28
5
20
17
97
32
83
19
48
25
36
89
2
16
35
1
6
47
2
95
92
14
29
6
33
13
7
29
5
30
1
41
87
59
9
36
42
24
2
51
67
35
18
50
22
34
3
37
29
10
5
33
4
23
65
27
56
4
79
22
6
68
26
21
6
28
19
130
88
39
1
8
28
15
43
30
45
61
25
76
0
8
28
13
27
44
0
21
34
15
15
28
54
4
37
10
3
47
24
4
80
33
40
36
19
4
46
62
87
22
7
7
37
34
41
47
25
9
22
84
40
82
54
13
59
23
20
29
33
108
43
10
13
26
102
15
41
36
12
19
13
60
80
21
10
2
7
25
36
22
37
39
44
9
39
13
65
41
18
27
5
14
23
28
12
40
3
22
31
43
101
23
5
43
9
34
32
20
45
36
62
30
0
89
133
22
13
23
16
61
107
12
74
19
63
56
71
40
27
56
63
25
12
16
75
81
13
20
32
35
21
7
8
14
8
15
19
17
27
12
31
9
26
0
32
60
15
47
5
27
52
15
17
27
64
55
31
61
44
15
5
2
28
25
50
47
4
9
35
68
8
46
16
35
7
15
24
23
7
53
31
33
16
23
58
5
14
13
29
52
22
27
1
107
39
37
48
88
26
4
16
43
96
95
22
26
7
46
7
44
1
32
5
7
17
2
20
9
3
14
18
29
56
14
6
10
27
22
7
31
41
34
23
2
15
54
33
40
62
5
56
15
9
15
3
0
8
24
75
45
32
41
19
15
18
52
8
30
39
55
1
15
23
16
42
95
16
4
8
42
8
42
11
51
12
31
48
20
14
1
4
2
15
67
3
36
49
7
48
15
15
25
28
20
18
5
71
5
11
6
16
2
15
2
52
33
11
24
28
13
36
40
46
17
54
19
13
2
30
12
42
26
49
21
9
29
15
36
4
9
18
21
5
40
18
4
43
18
45
31
57
13
0
2
8
54
5
20
8
6
32
81
33
23
5
14
67
39
25
19
11
38
16
33
33
36
41
69
7
15
17
30
32
1
57
48
16
23
5
62
54
32
40
11
21
28
33
50
22
19
26
26
35
17
30
7
16
51
5
4
29
31
28
17
30
18
30
8
20
87
8
2
3
43
37
34
9
61
85
5
18
46
6
12
49
45
40
31
11
35
46
8
20
41
8
31
11
26
43
49
47
7
9
9
10
47
54
39
10
34
17
60
11
47
40
6
9
47
69
4
1
2
22
21
19
34
13
4
0
32
15
41
22
22
7
31
25
40
26
3
36
51
55
8
24
8
21
29
16
24
10
45
71
1
17
25
27
20
28
1
47
44
55
14
14
63
37
22
26
32
8
25
3
56
71
4
54
8
26
32
7
45
6
26
3
14
21
11
9
56
39
16
4
15
34
11
6
21
41
1
32
15
54
69
26
40
31
14
28
47
4
4
42
14
32
11
4
43
35
4
8
7
27
18
72
69
29
25
47
17
9
11
13
7
10
2
1
73
23
48
17
17
8
13
42
32
7
58
30
39
21
2
12
34
13
36
37
19
33
47
9
18
3
44
6
19
36
16
36
1
11
28
31
58
66
41
2
20
12
48
5
43
35
10
22
31
64
14
28
12
23
67
44
13
18
35
36
17
13
26
41
24
39
45
16
8
8
3
69
53
21
26
61
13
5
36
50
30
1
24
38
13
40
60
2
17
50
35
23
9
24
3
9
45
6
2
35
38
52
24
16
25
24
31
23
16
13
25
31
54
29
15
3
14
1
28
10
11
21
9
40
26
11
29
43
31
13
40
11
9
47
26
4
1
11
10
13
25
8
1
12
0
13
16
25
21
12
25
26
22
46
33
10
0
8
10
5
45
8
26
23
24
14
0
18
30
45
10
30
45
34
20
9
29
19
26
15
9
4
18
27
2
11
17
19
26
22
33
45
33
15
46
4
25
27
25
20
19
36
27
14
16
48
5
12
11
10
29
15
36
22
35
13
12
24
42
18
3
9
35
21
15
18
8
14
30
11
16
22
34
0
2
45
14
63
55
3
12
13
10
51
53
9
17
97
3
18
5
24
19
31
38
13
48
23
15
3
13
16
9
48
31
35
17
29
10
22
34
1
5
11
1
13
16
75
59
30
21
17
11
22
36
3
0
11
15
10
25
21
18
3
5
54
59
46
12
7
18
25
9
34
13
17
16
35
7
4
3
20
0
28
24
4
12
8
19
32
48
3
28
10
3
15
11
19
26
48
14
11
29
47
30
6
13
23
8
18
10
0
4
4
30
43
11
4
14
13
3
7
30
4
13
2
3
6
1
34
34
26
17
38
11
18
8
60
3
41
9
41
47
37
4
21
44
5
19
6
22
49
13
1
7
37
9
2
15
3
37
17
19
17
38
5
53
18
4
49
22
1
29
4
8
45
2
2
1
9
29
6
14
10
12
16
9
26
5
3
33
0
23
15
18
4
37
41
7
27
65
3
23
6
57
11
3
5
72
5
17
19
1
22
8
15
10
7
30
27
51
14
35
19
3
6
14
29
1
35
4
2
31
3
25
3
5
11
12
2
23
41
3
4
42
15
18
20
4
3
4
67
9
0
29
37
6
33
17
14
22
6
13
33
27
4
15
20
0
4
24
21
15
9
8
33
0
7
38
9
8
29
13
4
40
11
17
10
18
17
39
11
34
16
16
4
17
14
1
1
2
21
13
5
14
13
11
19
23
18
5
42
11
1
7
19
18
2
4
34
5
1
29
8
15
21
10
5
11
6
1
14
34
8
1
8
14
1
10
18
24
6
5
3
34
24
9
17
15
49
3
28
42
11
20
4
3
1
7
11
2
9
9
27
2
17
9
1
14
18
23
1
12
10
3
9
27
29
29
18
13
17
15
39
7
5
40
2
13
16
20
3
7
35
8
9
3
12
17
13
16
12
2
22
12
0
2
13
34
22
30
7
36
10
0
19
6
8
5
7
19
6
11
25
23
4
7
54
33
38
34
1
18
1
18
28
7
15
3
22
2
2
22
6
8
11
11
21
9
6
26
9
6
8
21
10
42
29
26
13
9
16
9
6
9
32
4
13
8
10
31
20
7
11
30
12
9
27
24
1
12
19
7
8
20
32
9
2
39
1
32
3
18
11
28
6
33
4
8
3
17
17
11
1
10
13
1
18
19
3
5
2
22
23
24
11
15
5
23
9
3
22
6
4
9
22
5
10
21
17
22
1
25
9
6
7
11
8
6
11
3
13
26
1
21
34
2
5
17
18
9
12
17
15
34
1
7
23
7
0
2
1
2
6
14
3
22
8
31
14
3
24
4
10
12
1
5
5
17
26
4
2
16
6
17
19
5
5
18
0
0
9
6
8
23
2
13
5
4
5
9
8
16
4
8
6
3
22
11
22
11
2
2
10
9
29
10
12
10
3
5
11
11
28
4
1
10
16
3
9
8
1
5
21
4
20
2
11
1
5
20
6
2
1
3
0
3
20
20
1
12
2
2
6
8
1
8
1
8
24
1
8
20
17
12
2
10
12
11
3
1
8
1
12
1
10
6
10
14
14
4
3
8
2
2
5
9
9
1
3
1
11
16
1
5
2
5
9
5
8
2
12
10
12
1
6
2
12
8
3
6
1
2
8
12
6
3
1
9
6
2
1
3
0
0
3
9
3
8
3
1
10
2
0
12
4
1
1
3
3
1
2
1
3
