38
0
20
27
60
18
7
2
67
3
15
9
113
72
6
1
50
62
9
8
16
21
7
6
23
13
54
27
26
4
47
31
40
28
29
21
33
9
1
7
4
30
17
32
1
15
30
10
17
18
31
54
40
35
5
15
22
32
17
51
39
35
24
42
40
18
3
45
48
34
25
61
19
55
4
2
44
77
37
64
24
54
36
76
40
49
21
42
49
19
35
40
11
67
6
36
10
108
8
49
32
33
25
25
18
52
22
49
34
29
42
12
46
61
6
6
81
41
39
0
24
73
28
9
23
53
24
46
38
50
66
13
25
8
36
27
28
0
72
61
13
46
45
27
57
41
34
9
23
23
12
30
22
71
4
7
23
14
18
27
39
22
20
20
25
29
59
22
38
18
77
4
4
37
27
41
47
18
31
66
34
21
67
4
19
24
22
28
19
6
11
7
4
21
30
34
41
30
23
52
23
45
12
61
13
37
43
4
97
46
21
39
48
20
52
23
51
1
26
16
24
104
34
39
33
5
52
1
14
30
41
82
78
14
11
32
23
25
15
42
34
18
10
15
3
9
42
52
5
64
16
42
44
16
10
49
2
45
10
19
71
28
28
41
45
15
28
22
93
0
3
10
40
53
54
20
10
6
13
68
43
0
18
2
44
13
79
22
13
26
26
15
56
39
12
2
34
5
21
78
59
44
12
21
6
60
31
18
33
8
31
19
62
16
75
57
3
66
3
35
68
66
17
1
57
29
7
14
15
59
14
107
44
26
24
53
41
20
52
31
57
54
33
4
33
27
20
12
69
7
10
83
14
33
73
23
10
2
31
19
24
8
11
7
9
6
51
18
34
5
12
28
27
40
39
30
16
43
6
61
74
39
18
3
37
33
48
84
8
66
19
0
17
11
36
27
20
4
31
29
11
39
30
5
12
53
2
57
5
40
33
39
27
6
17
33
6
79
44
7
3
55
26
28
5
67
11
46
4
23
4
25
4
36
27
50
43
49
27
27
39
26
48
57
91
14
17
25
16
4
9
18
28
22
7
5
37
60
7
63
3
47
57
53
11
19
55
23
37
34
20
92
47
23
3
7
26
51
27
3
3
43
40
31
9
27
23
7
30
34
41
21
28
61
131
15
17
77
44
29
12
23
7
4
42
59
5
6
69
42
39
30
17
10
33
1
60
20
3
11
13
30
15
36
22
68
62
0
13
55
26
7
45
19
36
4
30
5
13
5
14
52
27
37
13
13
4
62
81
9
14
29
34
14
6
33
54
27
7
3
45
15
28
21
21
81
15
28
8
1
50
41
2
34
20
23
39
5
0
17
27
6
39
20
34
17
28
37
29
25
35
8
19
57
12
54
40
19
4
24
26
9
68
13
7
6
13
22
63
5
61
37
18
23
13
43
55
38
3
44
20
6
0
52
21
30
13
36
1
4
13
12
28
2
42
6
20
48
10
71
26
47
11
15
36
48
6
4
15
8
37
12
33
15
47
23
22
15
23
17
6
39
15
17
54
33
1
22
37
7
14
6
19
29
32
12
24
39
24
79
3
16
28
24
10
40
45
14
24
34
9
8
6
3
26
32
25
56
19
13
29
19
38
13
43
46
26
2
21
2
72
42
31
18
3
33
18
35
5
20
8
32
50
20
20
16
47
43
91
47
36
48
41
34
4
27
21
9
45
2
18
49
52
52
29
80
10
31
20
35
36
9
54
18
79
10
21
46
17
65
27
6
18
39
3
39
1
19
12
18
53
39
12
10
28
28
46
29
22
5
8
10
11
82
34
35
67
11
4
25
25
5
5
2
13
23
31
48
4
21
17
47
10
44
15
6
17
17
53
4
4
26
9
13
51
53
37
20
10
16
8
1
11
22
14
52
57
28
15
6
13
36
28
9
27
11
11
7
33
9
4
23
2
10
6
6
11
34
6
15
8
23
33
53
22
13
26
19
17
28
9
12
0
3
40
25
50
33
2
24
2
27
1
17
45
12
31
68
32
71
26
51
31
8
21
23
32
29
25
2
47
11
31
34
7
3
1
2
15
10
16
28
32
22
24
42
6
29
52
13
36
8
60
15
28
20
13
3
15
5
44
75
4
49
30
2
38
42
7
26
44
17
55
9
19
9
30
89
3
22
38
10
9
35
61
4
6
26
15
38
7
42
77
48
75
12
14
1
32
17
6
54
40
2
26
1
25
33
21
54
51
46
27
37
9
19
21
18
26
49
84
23
15
50
22
44
8
19
2
24
37
6
44
17
1
5
25
20
13
4
61
26
18
16
8
11
32
26
16
0
4
7
14
5
32
55
9
10
43
17
5
37
43
35
8
12
2
47
9
7
31
11
44
24
24
8
2
9
21
6
20
6
5
40
10
34
29
55
19
41
3
11
51
47
23
13
1
59
17
47
24
18
9
0
3
35
27
13
20
21
14
6
28
3
1
24
17
21
38
2
6
32
7
5
17
11
34
15
22
10
8
41
11
30
25
1
4
6
20
1
14
11
2
40
4
10
27
55
7
23
44
27
27
11
31
18
6
4
8
6
3
12
17
18
9
29
15
40
21
42
14
3
2
28
23
33
11
0
4
9
0
22
5
18
16
10
24
17
21
3
23
6
10
21
2
1
14
28
14
23
25
12
3
3
53
26
7
34
11
60
7
4
12
23
7
22
16
31
10
26
2
26
5
5
8
34
31
0
8
58
25
19
9
2
5
1
34
39
69
5
12
2
31
1
18
53
6
14
31
22
4
35
7
23
34
13
20
10
3
7
38
12
11
18
21
19
11
43
34
31
39
28
7
15
18
49
3
16
52
24
17
44
6
30
30
43
14
2
15
7
3
9
12
10
34
21
33
44
20
9
8
7
56
2
7
14
25
5
44
34
15
7
1
1
13
24
0
19
29
4
20
52
5
12
5
5
6
8
5
11
4
9
33
27
82
2
9
29
17
19
15
1
11
4
17
3
13
24
22
12
25
43
16
10
0
5
6
13
5
37
8
12
6
18
8
2
15
29
1
21
15
5
2
33
24
23
29
17
0
12
34
7
18
21
0
26
13
42
8
19
13
9
15
6
37
2
17
1
53
21
17
56
8
5
2
12
20
24
25
17
28
37
12
22
35
7
15
3
9
13
7
2
17
8
16
17
28
6
33
4
14
24
36
19
16
26
17
25
33
5
5
15
25
3
6
56
9
5
20
14
7
28
3
9
7
19
3
15
2
10
36
20
8
22
7
35
8
6
32
32
3
8
28
28
8
8
0
21
13
13
1
17
32
8
11
18
6
9
5
13
25
6
14
5
17
6
23
3
20
0
25
5
20
14
16
5
22
3
0
2
18
10
22
1
28
28
4
6
5
23
23
12
5
18
9
12
3
11
2
15
17
3
1
0
4
4
12
14
6
15
47
5
14
3
1
8
4
14
24
14
49
6
3
9
12
16
19
16
5
18
3
23
28
1
20
16
14
13
0
1
5
13
13
16
16
24
7
10
2
31
3
1
30
24
4
25
6
10
35
17
9
13
6
1
6
21
12
6
0
2
15
2
23
57
8
6
2
12
14
4
15
14
19
8
16
0
7
0
16
6
0
13
20
31
8
6
4
13
12
9
21
4
14
4
6
9
3
1
14
20
7
2
25
9
12
4
9
6
0
12
15
8
8
12
7
15
10
4
13
1
14
5
10
5
5
20
5
17
8
16
10
11
9
2
13
2
12
19
14
15
9
4
11
26
22
7
23
8
5
12
20
1
6
2
5
1
7
15
2
15
4
1
7
12
6
11
2
2
12
2
4
6
17
7
1
4
3
20
3
0
13
3
6
12
2
15
0
4
10
2
1
3
0
3
7
2
18
12
10
3
1
13
9
11
2
7
4
8
8
4
7
9
4
0
10
6
2
7
11
2
4
2
3
4
4
6
6
2
6
9
4
10
3
1
4
2
11
2
5
0
7
1
0
2
8
1
5
1
1
2
0
5
2
1
1
2
2
0
2
0
