65
26
2
19
8
21
29
55
5
38
0
4
20
5
31
10
21
2
5
19
19
12
5
3
12
7
40
4
35
27
15
22
36
46
55
108
40
12
17
14
51
17
38
37
28
36
18
3
53
48
58
48
50
10
59
14
5
21
26
2
31
22
10
4
41
11
51
15
4
0
0
38
58
12
19
27
65
4
54
27
20
64
22
49
112
46
15
5
85
98
21
9
71
43
45
40
19
22
0
53
24
26
31
20
37
29
4
11
34
53
8
69
20
23
74
38
86
4
9
5
5
107
4
29
8
38
3
36
6
27
28
28
41
25
23
16
1
57
10
51
42
7
35
6
32
20
63
15
33
99
25
56
32
6
7
25
1
31
16
9
10
5
8
27
21
11
7
81
47
84
87
25
20
6
29
86
35
10
11
10
44
9
13
45
1
79
44
48
24
19
9
16
35
92
12
15
12
28
21
8
6
36
52
63
11
45
8
4
47
65
50
11
85
39
12
8
14
12
20
21
66
35
97
6
46
28
29
7
24
17
19
39
14
23
15
19
15
54
7
29
58
36
74
19
4
6
74
25
35
41
38
8
66
11
10
47
64
6
31
23
21
49
29
27
93
2
25
33
11
37
38
23
40
7
22
3
75
71
9
36
20
12
53
74
54
22
13
57
43
14
31
26
45
6
36
28
22
9
20
36
16
36
10
86
29
0
7
2
4
26
15
39
51
42
3
53
59
23
52
36
16
21
20
4
26
38
29
0
60
5
29
41
9
102
32
44
1
16
62
19
6
27
39
27
8
83
16
7
2
7
20
29
35
8
55
16
27
0
14
16
55
58
2
4
19
70
30
33
37
4
28
31
21
47
21
36
27
6
8
13
11
50
74
51
35
11
3
36
16
31
3
41
12
46
18
17
14
60
5
55
22
55
74
5
2
24
18
8
50
31
45
26
15
60
1
19
57
26
72
17
56
28
48
31
47
8
12
17
51
115
52
47
9
15
28
34
38
16
21
14
11
24
26
95
54
8
33
44
4
73
19
4
13
0
55
12
49
16
40
15
32
1
71
69
16
35
89
55
62
18
24
45
34
46
25
33
5
61
14
10
30
67
7
33
27
8
18
14
6
23
18
41
13
9
1
17
27
34
2
15
15
24
42
70
31
65
22
12
26
50
33
56
14
95
26
29
71
24
42
30
1
13
44
26
65
32
28
1
67
46
57
2
47
15
28
32
36
22
71
12
9
5
33
20
21
5
38
21
41
13
18
23
43
16
76
10
36
33
45
11
4
3
8
4
11
16
25
19
28
18
53
9
1
6
13
8
16
32
36
18
14
20
32
24
37
42
6
23
23
12
75
54
4
21
4
17
55
18
2
5
24
49
63
2
42
23
34
8
69
41
4
8
33
7
43
46
12
45
23
30
18
8
11
13
19
19
76
10
9
7
13
18
6
9
3
48
18
10
34
38
17
56
13
31
28
67
26
58
9
3
18
24
43
23
56
16
46
38
9
11
44
12
62
38
11
41
15
22
14
40
6
5
18
15
49
5
9
10
44
3
8
46
89
4
44
53
27
53
10
15
48
42
27
3
10
2
75
41
29
1
25
10
64
17
6
38
52
14
45
39
30
64
34
71
0
18
56
24
46
25
9
4
54
21
41
22
40
19
5
16
23
5
0
18
0
21
21
2
11
41
41
49
24
23
4
25
13
8
12
18
8
12
22
8
20
30
19
41
10
22
4
36
47
27
10
13
59
16
39
19
46
47
28
40
31
5
70
46
51
31
3
9
22
12
5
18
25
25
1
42
62
2
32
43
12
14
49
5
29
4
32
38
34
46
15
20
8
16
0
51
27
24
13
35
45
29
13
62
36
59
13
32
2
11
23
52
35
60
65
3
7
37
11
14
17
59
19
16
27
28
38
30
46
26
1
38
19
19
77
35
38
27
10
24
21
10
12
58
14
29
15
20
40
9
21
7
29
17
5
15
40
20
2
7
59
66
10
5
14
17
28
23
31
3
46
14
13
11
4
12
34
2
99
52
54
40
2
5
36
51
12
2
9
17
30
13
33
52
35
18
19
7
34
56
26
9
26
17
29
9
11
1
25
33
10
7
32
3
33
10
13
42
25
19
4
45
30
16
7
11
7
18
16
5
9
40
11
31
3
5
6
17
36
5
18
21
4
36
33
11
17
3
0
8
1
2
4
33
3
34
4
55
38
35
5
23
27
15
5
8
26
21
42
11
33
10
29
45
11
10
17
30
28
23
57
6
3
9
35
18
23
18
7
33
20
38
7
22
1
13
28
2
18
14
4
1
10
12
37
18
8
9
11
37
27
21
26
17
42
25
64
7
15
9
44
5
23
16
29
14
28
6
62
9
19
23
7
15
3
1
19
10
26
24
9
18
42
31
47
2
7
16
16
6
12
17
24
20
26
5
11
4
49
6
3
19
16
3
25
39
31
19
52
28
18
36
16
43
30
6
32
22
19
28
32
29
18
13
18
14
6
44
9
5
36
22
11
11
1
23
60
39
21
23
28
31
31
18
54
30
5
16
47
4
4
58
8
34
24
49
25
34
49
65
33
11
29
8
27
2
2
17
1
34
2
22
11
30
2
25
22
21
10
9
52
35
8
29
31
18
1
8
2
16
7
5
17
13
12
42
3
20
6
58
11
63
42
38
50
55
16
6
47
30
2
52
7
4
4
15
5
15
25
9
23
26
25
10
51
23
32
4
22
4
10
74
11
50
11
9
35
19
39
25
17
1
13
15
6
7
8
5
13
19
23
29
7
17
17
4
10
7
4
25
29
2
7
3
11
41
21
29
12
3
3
22
31
8
25
18
9
5
8
19
22
20
40
13
3
0
11
29
3
15
12
21
17
14
16
7
12
21
20
4
7
39
12
2
8
7
2
29
36
23
20
8
8
33
12
18
15
14
27
5
29
34
5
3
50
25
1
2
9
47
36
3
18
27
25
12
12
44
20
4
48
28
1
23
14
30
5
12
37
46
13
23
2
36
8
23
5
18
44
6
9
14
12
23
43
0
24
12
7
0
32
8
25
10
3
7
20
13
11
7
0
29
10
2
15
13
2
14
1
22
1
3
9
51
34
25
7
13
4
8
14
1
6
12
27
48
11
2
12
27
26
31
6
12
6
10
23
27
11
32
11
13
18
5
0
10
11
14
1
4
7
19
10
17
30
26
6
6
17
13
10
14
13
39
3
17
19
8
29
11
18
26
2
16
22
9
0
3
0
6
14
16
4
9
23
17
12
14
11
33
37
8
24
24
1
16
29
25
21
9
12
28
0
1
4
29
10
20
13
9
3
6
19
14
35
6
1
7
12
44
17
13
2
20
27
27
4
8
37
19
2
8
32
12
8
9
13
6
1
31
0
0
4
18
4
26
3
5
34
9
3
36
20
3
21
42
4
31
19
2
24
10
15
25
14
11
7
18
11
14
2
4
3
0
8
38
26
15
0
16
15
12
8
4
18
9
12
6
9
21
2
12
7
12
14
21
12
1
12
5
11
12
19
5
4
3
5
3
14
2
2
6
21
1
4
43
24
41
5
14
10
8
13
3
14
1
23
1
22
4
15
23
5
15
5
1
12
5
13
20
9
6
32
10
3
8
3
8
12
4
23
1
4
8
8
4
14
36
11
4
5
2
10
21
2
21
9
7
19
1
5
6
6
10
21
7
14
8
8
3
0
9
18
11
13
7
6
9
7
11
23
6
8
2
8
15
17
8
6
2
25
8
4
15
14
2
3
14
5
1
1
4
9
14
0
2
11
2
12
9
19
6
6
11
2
1
16
7
8
9
1
4
6
1
11
4
5
6
8
2
18
1
9
13
11
0
20
10
1
10
2
1
3
16
16
1
14
7
14
11
14
8
18
3
3
6
7
16
1
1
7
3
10
5
6
4
11
2
3
2
1
1
1
9
1
3
10
2
1
3
0
0
2
0
2
2
6
6
2
4
16
2
4
2
1
3
2
0
2
3
1
1
3
0
3
1
