13
14
4
14
28
7
24
41
0
7
28
30
41
14
76
46
2
10
15
26
43
0
49
16
40
7
2
1
56
7
21
28
13
22
55
10
43
35
5
35
35
41
46
12
26
1
19
37
38
85
98
7
4
19
12
26
111
17
4
85
3
19
36
27
12
14
37
24
74
36
17
2
20
80
24
6
33
6
32
12
33
46
14
58
27
69
31
33
46
77
67
31
91
11
39
7
1
36
5
85
46
3
10
7
27
10
85
87
71
4
12
5
40
34
61
4
49
16
113
45
53
72
41
86
11
55
4
30
30
44
12
28
17
9
13
35
56
27
8
40
62
5
67
51
7
27
19
18
71
6
43
25
9
45
40
22
40
60
52
19
2
97
24
3
9
4
38
20
45
26
6
20
9
48
26
18
40
8
41
34
41
29
0
29
53
29
36
39
15
57
30
51
21
9
2
41
13
25
28
99
38
63
75
29
30
80
1
19
35
20
29
17
36
23
16
22
13
52
78
4
126
50
46
1
26
8
40
51
60
32
11
37
7
2
7
81
8
33
76
6
26
14
19
40
33
19
80
1
41
17
20
16
63
1
7
16
5
48
45
12
78
62
26
31
54
64
2
27
52
48
62
53
19
22
7
17
67
58
18
72
15
6
29
12
23
51
48
34
32
9
4
19
52
44
62
89
50
38
12
39
55
2
17
18
23
7
52
34
45
33
53
49
29
56
14
31
41
8
21
29
41
3
20
33
54
55
18
4
47
18
29
12
50
51
80
22
42
12
64
66
45
2
7
44
10
16
53
34
23
19
12
29
7
26
6
63
9
26
19
28
10
57
11
30
17
20
26
4
63
41
38
29
5
20
38
7
46
59
12
15
15
18
76
52
0
48
66
57
0
18
11
25
2
4
26
28
24
4
6
30
2
3
23
40
54
3
46
2
57
23
7
44
7
4
16
12
2
25
18
8
7
71
53
47
30
51
28
12
22
38
35
14
6
1
82
22
4
2
46
37
12
67
2
10
83
49
44
90
5
1
13
27
15
64
35
34
5
38
17
20
31
39
37
34
58
86
1
23
7
23
62
23
10
63
3
17
4
51
7
33
26
43
1
15
24
19
25
38
41
54
38
19
11
24
29
9
27
13
16
35
4
37
18
33
57
17
15
51
36
5
5
37
53
41
33
96
44
23
5
6
15
4
75
12
32
27
51
14
10
92
64
58
54
6
41
17
28
64
25
29
34
22
26
27
11
34
50
7
61
47
1
5
21
6
47
54
79
12
28
14
15
50
26
17
9
7
12
19
19
43
35
18
14
64
17
50
7
6
16
2
9
34
21
56
36
33
21
11
12
23
53
38
6
7
44
15
1
55
9
38
33
42
66
78
12
57
40
24
43
15
57
2
11
31
21
9
59
11
42
35
19
31
49
33
2
17
12
19
45
1
38
3
5
101
7
33
18
52
20
20
68
22
27
26
30
46
61
38
3
9
7
1
56
30
76
49
9
1
32
19
35
26
41
59
52
16
46
7
16
21
37
8
25
12
17
9
21
67
15
31
27
62
12
46
4
1
14
43
13
57
24
27
45
47
30
91
28
8
62
38
24
88
15
4
44
4
18
8
23
16
14
40
3
15
14
25
23
40
9
35
19
51
54
15
4
4
9
73
24
47
41
26
0
41
6
9
15
22
29
3
30
17
1
15
42
32
60
34
15
38
5
38
33
9
10
51
14
18
52
24
26
57
29
30
29
0
0
21
26
7
2
26
15
17
51
26
9
31
17
26
40
30
51
30
11
35
2
7
44
21
41
54
75
61
38
3
27
50
26
16
9
24
0
29
0
22
16
0
30
25
15
14
24
15
12
74
34
4
33
17
20
61
33
88
14
25
16
19
32
12
26
28
19
54
15
13
37
7
10
1
28
25
41
12
14
10
7
14
7
2
7
50
37
24
19
6
19
25
1
6
57
3
39
11
41
64
29
5
6
5
48
45
56
62
9
38
28
14
7
2
18
12
28
26
21
2
39
83
2
29
14
77
8
40
5
15
10
18
31
8
30
33
37
32
43
18
3
14
31
16
38
23
28
1
8
23
14
5
18
56
12
21
25
20
30
47
17
42
6
3
10
13
26
14
30
9
21
31
10
26
25
18
11
14
5
38
5
5
14
49
29
13
6
12
12
7
57
33
14
24
64
5
20
5
24
10
12
6
28
9
7
4
6
23
44
51
10
15
17
26
30
54
45
32
34
16
41
2
35
22
1
15
12
16
5
55
85
96
29
18
3
11
0
10
17
51
35
3
31
25
10
20
4
39
16
20
6
3
19
5
39
0
15
11
18
22
9
33
38
9
5
2
10
8
11
3
27
23
29
31
26
10
4
7
4
26
23
0
5
16
10
31
19
25
21
11
1
27
6
30
15
0
5
5
10
34
45
23
5
7
29
23
16
13
18
6
15
2
40
36
3
3
32
11
27
34
37
13
25
12
14
15
23
14
7
20
0
19
21
47
26
20
48
27
20
2
11
37
0
49
30
6
49
25
26
1
6
20
9
34
14
19
6
18
12
10
28
4
1
4
36
19
44
1
13
26
6
15
46
81
3
22
26
23
42
0
23
8
1
1
13
34
2
5
29
9
16
41
1
0
19
1
6
10
21
2
13
3
27
5
4
1
28
2
4
20
11
6
11
1
8
39
40
4
38
44
4
36
19
37
1
16
17
9
2
16
14
0
45
6
1
41
2
13
6
20
34
30
14
37
46
30
27
8
2
38
7
21
7
9
5
2
23
19
36
7
19
21
20
20
20
13
22
2
11
1
5
32
35
24
7
20
39
5
6
14
16
34
21
20
33
17
10
0
28
24
16
11
46
1
7
4
27
11
2
31
34
10
44
15
23
61
2
6
10
1
5
23
12
4
8
30
20
26
3
71
26
16
37
6
35
5
22
8
16
8
1
44
20
0
5
24
12
9
27
1
13
15
1
8
12
22
14
16
4
2
26
2
6
10
7
5
0
0
10
22
44
22
48
15
22
40
15
13
23
4
17
38
19
26
44
13
3
5
16
24
16
58
12
29
16
8
17
10
14
17
0
2
15
20
8
17
25
34
21
3
18
3
36
19
1
20
23
9
3
5
15
1
11
2
19
27
10
16
22
39
41
7
52
3
3
27
5
22
36
37
27
31
3
0
9
29
34
0
2
17
32
24
6
19
2
9
6
15
26
15
15
7
11
4
25
26
3
19
7
29
41
22
44
0
14
7
1
6
13
0
25
15
24
20
14
27
8
11
13
1
6
12
11
8
3
38
6
11
4
12
18
1
3
12
3
1
14
20
32
15
4
8
0
21
13
6
22
18
5
17
14
0
9
8
6
30
30
16
8
0
2
14
0
23
16
2
18
13
7
17
15
20
16
6
7
3
17
12
7
6
29
9
31
17
11
2
21
11
16
15
2
3
2
16
5
2
13
9
1
28
26
0
39
21
8
36
11
3
5
5
5
4
1
11
38
14
4
15
12
11
2
28
14
5
12
0
11
11
7
1
3
11
1
9
5
14
8
13
8
5
21
2
16
11
16
6
17
5
32
10
8
11
17
8
31
2
28
1
14
2
27
3
5
22
21
17
10
24
5
14
23
31
2
6
9
6
14
11
7
4
13
13
4
6
28
10
4
7
9
15
2
3
4
12
19
9
7
6
0
8
9
9
9
12
14
18
5
13
14
7
6
14
9
14
6
4
10
17
24
5
6
12
4
23
11
6
23
12
9
12
16
9
15
6
11
7
4
8
8
3
7
4
1
1
9
10
9
6
10
3
0
21
8
15
15
13
11
8
4
8
12
9
4
11
5
6
7
11
4
8
7
22
7
1
1
3
5
15
10
3
3
5
6
3
1
11
29
15
1
2
4
14
1
1
1
11
6
5
1
4
6
2
2
2
4
8
5
0
10
4
0
1
3
5
2
5
3
4
1
15
4
7
4
0
2
10
1
4
0
7
5
3
7
3
5
3
1
4
3
4
0
0
4
3
5
1
2
3
6
4
3
1
1
0
