8
37
8
4
44
6
5
39
29
23
43
15
12
51
49
16
4
11
56
16
9
2
84
8
26
20
4
60
19
27
10
15
7
43
31
35
22
10
9
22
86
18
27
1
12
23
42
13
27
26
30
11
9
27
9
23
50
8
6
52
32
31
8
2
8
61
22
6
11
36
37
18
13
59
49
70
23
20
37
3
38
56
26
13
71
9
0
69
37
51
49
65
34
0
58
6
67
3
17
1
41
3
6
7
27
61
55
21
53
24
78
27
8
40
31
20
4
8
5
3
4
29
3
26
9
54
36
3
26
0
7
34
49
19
43
64
6
6
9
34
17
1
108
16
79
42
2
26
3
30
83
13
11
36
57
24
35
21
24
7
15
15
5
6
0
7
27
65
34
121
35
9
4
0
15
10
4
9
21
59
15
26
65
4
14
32
41
10
8
123
79
37
2
48
91
26
43
26
9
63
6
51
41
2
27
1
52
27
53
26
10
13
21
43
6
47
2
69
27
17
68
61
10
11
22
11
16
57
2
70
56
18
36
42
69
32
4
19
13
33
21
64
15
59
49
21
32
6
11
40
33
2
33
5
13
47
78
48
2
23
68
15
19
41
51
65
8
6
13
40
54
34
46
50
32
24
22
32
2
21
8
66
32
25
29
63
21
52
83
33
36
47
20
2
37
39
24
11
12
20
58
22
25
65
21
6
36
53
21
8
14
17
48
50
50
38
51
7
37
26
19
29
50
46
42
17
19
22
57
12
16
18
16
23
47
7
35
33
44
9
7
16
14
1
41
2
25
48
14
4
124
50
61
8
56
31
7
5
28
5
1
4
26
26
9
38
46
3
53
27
69
74
32
38
23
40
2
12
36
12
48
12
44
0
29
39
48
37
27
56
43
105
9
16
82
34
30
30
42
24
67
40
14
2
46
67
14
12
24
20
36
11
24
9
43
28
17
23
12
2
22
63
15
26
17
44
28
18
26
3
5
33
4
11
19
12
46
14
30
69
16
59
18
37
61
30
17
68
1
21
9
31
24
30
34
24
22
65
2
68
35
39
12
28
56
7
1
44
5
25
27
25
94
12
48
27
38
101
9
2
25
20
17
103
23
21
1
26
8
18
22
51
67
33
44
48
28
13
36
12
35
22
50
11
13
52
15
4
47
43
21
22
14
95
10
60
49
20
7
3
27
3
26
11
18
47
36
18
50
28
7
100
20
57
19
6
59
5
13
9
13
6
15
3
42
59
18
7
19
12
21
50
10
33
4
45
37
15
2
22
61
12
21
0
31
21
8
32
9
1
12
27
5
53
5
24
12
68
45
30
13
39
33
19
45
9
30
6
17
14
98
23
56
15
38
25
50
36
34
48
13
16
22
7
20
7
48
44
17
18
31
23
5
56
25
46
39
111
7
24
17
6
38
61
20
43
14
8
5
22
12
40
6
43
37
0
34
13
37
67
18
12
21
23
38
1
19
31
54
19
9
46
10
36
4
70
25
28
46
67
21
12
28
47
17
40
20
39
20
3
18
23
27
14
74
16
63
24
53
17
18
85
44
30
15
25
48
31
72
62
3
0
36
26
6
3
32
51
10
36
42
5
45
29
9
28
24
9
40
73
8
29
5
34
14
35
67
5
20
18
12
23
32
60
26
48
5
9
45
20
19
28
15
10
35
103
22
8
14
26
37
7
20
32
34
11
19
8
37
4
42
22
25
2
24
38
11
9
43
2
8
13
42
17
13
36
4
3
31
6
54
12
23
20
34
7
20
36
6
18
69
62
21
7
16
24
4
8
10
18
47
4
4
20
12
19
41
11
36
17
30
30
18
15
13
34
55
49
21
4
30
58
23
19
3
22
16
2
33
34
10
9
34
57
4
51
57
18
0
4
13
53
43
15
16
14
8
50
33
29
6
13
36
7
14
7
6
66
47
6
23
23
43
2
52
22
10
3
14
18
1
57
15
21
33
8
10
43
24
7
8
49
21
50
42
11
59
7
42
64
1
6
27
32
6
14
19
16
6
24
13
39
30
59
40
6
43
52
34
5
85
54
29
77
16
4
20
10
43
24
9
15
25
16
4
15
29
13
51
10
6
8
2
42
33
46
42
21
49
39
10
20
34
41
27
27
14
35
25
22
2
10
2
21
35
37
24
15
23
86
22
8
31
41
13
28
15
18
25
17
14
8
55
21
41
48
8
17
29
13
36
31
7
21
53
7
23
30
72
20
20
22
46
26
11
4
35
4
19
1
24
19
1
34
10
41
3
32
21
9
39
21
41
41
26
13
40
17
12
15
53
2
23
13
40
42
18
16
32
38
36
1
14
8
37
12
14
5
4
11
5
1
22
22
25
22
6
21
4
22
40
47
71
27
6
12
8
1
1
49
22
35
8
21
23
2
11
1
27
18
8
47
57
8
41
33
18
12
7
3
7
18
10
32
13
17
20
12
5
16
20
16
35
5
33
4
46
23
11
18
22
20
19
26
25
29
33
9
8
8
14
21
6
24
32
7
24
44
15
60
23
10
49
10
38
52
9
41
5
25
38
0
7
0
15
9
5
25
9
5
36
24
12
23
6
31
13
3
3
65
15
24
24
53
19
5
31
1
1
23
24
7
9
4
8
13
20
3
26
0
16
9
6
22
27
0
16
58
11
28
30
59
16
7
33
30
35
64
12
26
1
3
18
67
11
47
34
14
9
55
30
7
41
0
2
37
34
2
14
39
13
15
13
16
29
3
23
29
5
15
1
14
27
27
3
41
7
12
27
18
2
13
8
5
41
54
27
27
42
43
19
15
26
23
46
13
6
11
21
42
42
52
3
12
40
37
14
28
54
6
52
9
5
27
20
11
3
51
5
16
25
4
32
37
34
38
11
46
25
18
1
15
25
42
26
43
18
13
13
20
2
6
14
0
20
13
31
16
4
3
19
5
4
63
19
11
23
8
19
37
18
16
9
51
37
21
21
31
25
14
49
12
17
2
2
10
16
45
0
2
19
24
13
5
7
35
21
3
14
17
6
8
10
26
12
25
12
3
46
20
15
22
37
8
22
7
14
10
29
1
19
30
7
12
1
21
15
6
38
15
12
0
8
6
15
1
35
24
33
17
27
13
46
25
34
4
34
7
24
3
13
7
30
10
36
17
3
7
15
6
41
2
4
8
2
12
3
12
8
21
8
4
27
41
15
18
9
1
29
30
7
11
1
6
18
11
22
3
22
3
23
10
16
10
6
18
8
52
6
2
2
11
28
8
13
23
9
11
14
18
7
6
4
20
8
26
2
2
9
2
13
3
42
28
55
6
3
5
14
0
19
11
20
5
9
9
11
0
4
15
34
28
3
15
40
12
2
45
32
3
11
1
0
19
8
2
21
21
9
1
33
36
3
19
19
10
6
8
26
5
30
11
17
0
18
9
2
9
14
7
4
7
11
5
23
15
5
10
16
19
27
18
15
3
27
4
7
12
7
1
13
5
7
7
1
2
10
5
3
9
9
10
10
13
6
23
3
3
19
8
16
2
7
1
2
3
8
2
1
7
7
2
12
3
24
6
1
13
29
22
11
10
13
4
18
37
20
10
1
0
21
6
18
1
1
12
10
25
16
19
1
4
6
1
10
13
5
9
8
14
5
0
6
15
7
2
4
20
1
14
23
33
3
7
3
1
17
3
20
26
19
2
3
3
4
19
2
18
13
6
10
1
6
20
24
7
2
6
6
2
11
5
5
11
15
3
12
25
27
13
24
4
12
8
4
6
13
15
7
8
1
16
6
11
9
2
20
4
7
1
0
0
15
13
11
5
2
13
13
17
1
12
13
1
18
2
3
11
9
13
8
7
2
15
26
8
0
2
10
7
1
3
15
6
11
9
0
3
0
9
1
1
9
9
1
12
5
6
3
7
2
13
15
7
25
0
3
4
23
10
3
0
4
17
6
11
7
2
3
7
10
1
6
10
5
8
4
9
2
4
3
7
5
9
1
4
2
3
2
0
4
9
1
5
5
0
5
0
5
4
0
5
3
1
2
11
1
1
1
3
4
0
2
1
1
2
1
1
2
0
