2
19
4
24
48
53
8
8
5
25
5
27
54
34
2
11
9
22
11
51
43
40
6
72
5
25
79
2
28
1
5
69
27
43
16
19
13
36
126
21
7
27
16
11
58
3
23
7
67
13
7
30
59
29
136
46
43
27
28
57
27
4
34
67
33
134
38
26
31
6
53
66
5
7
108
29
48
48
1
22
10
30
6
75
2
12
33
76
19
17
23
81
11
15
20
22
34
38
54
59
7
19
33
12
25
62
64
22
24
1
50
10
64
68
20
60
8
5
58
48
20
21
57
40
65
13
23
46
64
56
108
57
25
51
19
37
30
38
2
105
21
21
23
3
21
34
2
22
59
22
0
4
68
61
28
11
22
25
6
36
31
78
8
9
50
56
27
20
10
26
14
134
38
1
12
72
32
41
56
51
56
41
49
13
104
54
16
18
76
48
22
3
11
6
19
36
11
36
65
24
16
22
101
85
7
60
43
30
46
5
40
16
28
14
16
17
18
37
27
66
1
4
17
52
18
21
3
65
10
8
21
19
24
36
40
54
12
44
14
45
64
50
0
17
23
76
1
39
48
98
37
53
41
7
45
18
41
0
25
2
68
33
44
37
43
51
66
11
13
86
64
8
30
25
73
68
51
34
15
21
9
69
71
42
16
5
75
34
26
19
25
6
28
52
25
15
1
11
18
1
25
45
39
44
27
42
11
8
25
20
1
55
46
14
10
53
55
35
29
18
41
48
45
29
66
13
17
37
93
53
12
66
81
63
92
3
37
43
19
12
18
14
2
19
99
41
3
19
31
12
6
47
17
35
36
83
32
21
19
37
57
38
38
52
63
91
85
13
14
2
15
45
10
87
9
6
2
32
58
16
12
6
69
4
49
15
48
6
28
8
85
13
43
6
50
4
7
12
15
5
8
44
0
73
28
48
9
59
10
14
5
27
6
54
22
19
44
4
5
73
10
5
60
30
1
6
13
5
15
53
23
11
2
5
27
11
21
13
36
62
42
47
10
22
7
44
35
1
10
31
47
19
25
36
43
8
10
38
44
47
9
50
11
49
81
16
2
27
4
10
8
94
19
29
53
11
10
11
39
24
43
14
5
20
55
73
17
45
26
35
18
59
27
19
25
35
2
4
33
58
15
52
35
20
20
67
10
0
73
30
43
19
24
12
43
33
10
1
8
33
6
16
80
19
28
81
23
25
1
39
30
32
35
32
9
23
25
39
0
63
16
21
28
43
35
4
5
14
1
27
46
23
20
19
22
37
21
22
43
13
6
6
0
6
46
6
53
34
9
35
5
92
8
34
10
40
15
42
24
20
9
57
27
5
27
12
18
36
67
78
7
3
91
8
41
43
6
18
4
36
5
17
20
17
14
29
37
20
65
69
47
34
29
56
1
73
25
59
15
35
55
35
48
26
17
5
33
32
18
7
86
31
8
28
18
3
15
23
30
21
14
44
30
7
7
18
6
10
23
8
29
35
16
20
28
16
58
9
56
30
12
44
71
34
20
45
39
20
15
14
34
29
48
45
32
44
72
22
16
8
11
34
8
12
80
26
5
23
13
19
25
24
6
20
35
29
10
19
4
15
11
15
6
23
12
2
40
25
24
21
52
5
9
34
26
35
25
10
14
4
31
54
32
11
31
25
33
25
51
44
5
20
62
43
33
47
11
43
29
62
65
18
1
19
5
17
27
17
4
6
12
48
30
15
54
2
45
39
24
25
2
15
52
14
32
2
35
3
15
3
17
52
55
28
9
4
40
35
50
14
35
16
8
24
28
41
17
1
52
10
30
19
23
7
42
14
22
2
13
14
20
9
37
18
50
68
29
26
18
17
58
22
34
29
31
7
1
66
6
22
9
38
18
16
10
13
17
29
70
10
27
1
26
67
43
2
4
43
36
24
42
25
42
67
13
21
40
2
3
14
21
66
26
42
22
41
25
39
97
57
14
4
2
10
76
24
11
37
9
44
2
78
25
2
24
23
58
49
18
35
1
29
2
1
36
42
25
25
18
31
21
23
25
37
20
19
6
0
27
4
12
10
19
18
61
78
5
15
15
6
33
38
6
29
44
3
13
7
5
50
1
7
14
34
28
38
4
33
22
26
8
13
16
2
44
13
29
22
30
37
21
44
29
34
26
21
33
15
8
7
30
6
53
16
7
14
27
52
25
40
42
22
12
5
43
1
46
7
1
17
35
18
45
1
31
7
25
17
42
40
38
35
50
13
11
14
41
12
4
1
21
22
1
13
10
8
12
0
21
36
52
20
9
15
50
40
4
2
16
3
12
42
11
10
36
1
21
9
19
3
0
2
8
59
42
33
63
36
5
16
2
16
13
23
34
20
6
13
5
9
51
40
36
17
33
20
53
11
7
44
6
64
23
44
11
21
27
11
9
21
39
33
23
21
57
9
3
28
11
3
31
12
32
18
7
0
19
7
2
29
15
43
31
17
53
31
24
18
15
18
0
4
31
7
24
31
25
8
5
14
4
42
14
57
13
17
5
24
12
9
46
9
14
3
27
8
12
15
24
28
29
31
6
12
66
11
12
13
36
10
36
13
20
6
3
11
3
18
13
25
18
9
34
37
13
20
9
41
19
36
10
47
16
5
2
8
10
16
33
12
7
8
24
18
17
12
41
3
4
65
24
11
6
28
23
45
36
5
36
20
71
5
18
22
11
20
24
0
3
15
13
20
21
18
46
61
42
1
39
47
33
23
33
20
21
5
2
13
19
17
22
2
3
34
7
40
51
30
5
17
7
5
7
7
16
7
33
3
4
45
9
60
28
18
17
41
44
9
32
10
47
22
19
5
3
38
16
20
2
9
6
16
30
19
11
27
25
7
31
6
12
25
26
7
10
13
29
25
2
15
25
41
29
15
11
0
3
6
1
10
17
14
16
2
22
34
7
3
10
36
12
4
35
49
8
4
21
45
22
5
34
12
21
0
20
4
1
3
19
23
0
17
8
10
6
31
0
12
27
51
9
3
49
23
9
29
10
30
19
21
39
39
8
4
42
0
16
11
21
33
11
32
20
28
14
22
15
26
2
15
12
15
16
5
20
34
17
50
44
31
30
18
24
19
9
30
17
20
24
44
7
30
12
2
38
28
20
21
41
15
26
45
3
7
19
2
6
34
0
28
12
23
23
37
12
24
20
14
1
21
14
17
4
1
6
12
21
20
14
10
8
40
31
4
20
24
21
32
10
2
20
11
50
5
5
0
28
5
18
6
14
22
28
18
25
30
0
36
61
15
8
6
13
1
23
26
5
14
2
11
22
12
6
4
23
32
4
5
16
2
37
24
8
23
4
0
10
18
23
13
32
5
34
30
6
3
7
21
26
5
6
22
18
11
4
34
23
12
5
14
10
14
36
10
21
6
5
18
10
12
10
8
5
19
12
7
10
2
12
5
9
30
7
21
19
11
16
18
29
5
10
2
2
20
9
4
33
24
21
4
9
11
19
4
11
21
8
15
34
9
2
5
29
25
27
35
18
17
21
8
1
18
6
32
7
15
13
3
0
2
18
16
31
28
14
29
2
0
14
7
18
8
19
11
20
20
34
16
3
20
12
8
1
1
1
30
20
17
14
14
17
8
4
30
15
18
6
35
1
16
13
0
0
4
6
9
5
42
10
10
24
3
3
21
14
19
6
11
2
2
21
21
18
6
17
20
5
21
2
9
5
3
7
5
10
1
1
10
16
9
16
10
13
10
13
5
34
4
4
10
10
4
10
2
4
20
13
11
15
10
15
10
1
2
0
22
8
14
10
13
17
11
25
3
13
4
17
1
1
19
5
1
6
0
17
13
4
8
3
18
22
3
26
9
16
6
9
13
13
13
0
5
1
4
12
9
4
1
4
3
13
21
12
2
25
1
5
16
5
11
0
1
5
11
15
6
8
2
13
8
1
7
1
5
7
8
10
11
3
15
1
7
10
3
6
4
12
11
6
7
7
2
7
6
3
7
12
10
5
1
5
3
4
1
8
4
7
2
11
0
3
8
2
5
3
3
4
6
3
9
6
5
1
2
7
3
0
4
4
3
3
2
2
1
1
3
1
1
5
0
