9
3
18
28
44
11
6
17
27
114
18
9
11
57
81
2
1
39
13
17
10
14
12
16
13
3
47
50
7
16
18
34
40
28
17
5
48
106
5
20
3
4
87
59
19
18
16
6
1
6
9
24
11
9
0
95
53
3
35
30
28
48
20
3
38
40
10
1
44
2
27
96
55
24
29
11
58
27
9
73
72
32
68
7
1
6
44
19
8
11
67
7
2
41
20
26
30
68
60
16
9
78
40
6
34
38
42
7
8
71
53
41
54
70
26
27
85
13
12
2
36
47
6
16
66
79
7
42
36
4
29
38
21
12
12
54
1
54
31
5
6
23
11
50
23
9
29
26
89
41
16
8
9
12
1
31
15
3
3
11
93
29
0
28
6
30
70
38
4
28
46
24
13
44
20
55
47
67
0
47
0
41
45
19
33
28
58
22
14
42
3
5
23
35
45
75
63
84
31
23
59
38
21
104
15
11
0
3
4
9
11
13
40
50
73
15
44
63
4
15
5
33
34
46
116
106
10
36
17
115
28
12
19
15
52
0
48
99
39
55
34
8
35
3
25
37
32
0
67
46
16
33
68
11
49
52
52
63
17
12
42
27
70
39
22
34
1
42
21
24
46
5
26
34
36
13
47
2
9
36
7
9
17
10
51
40
5
51
18
78
32
13
5
17
30
24
17
8
19
3
80
41
9
52
8
52
6
24
22
51
33
3
27
61
33
38
18
49
24
82
16
45
22
40
74
85
54
47
73
11
21
13
26
47
52
14
47
45
14
86
108
42
6
50
2
63
10
86
21
8
15
49
74
15
17
64
35
47
81
81
21
17
0
7
36
95
33
35
36
112
12
42
7
4
36
21
50
8
58
12
53
70
16
5
22
42
73
43
2
5
0
18
11
25
33
46
24
10
72
64
99
26
38
64
50
92
10
41
11
50
35
54
36
4
22
86
103
2
39
30
75
16
12
6
23
11
9
3
83
60
35
18
11
10
8
22
4
11
31
10
12
28
92
29
13
74
31
25
54
30
78
23
14
54
7
18
11
32
3
17
21
15
18
43
48
22
66
35
6
21
90
11
11
21
19
25
76
5
14
1
9
7
70
27
31
4
48
44
21
5
15
26
14
37
60
37
38
21
13
31
4
21
29
53
93
9
17
8
16
40
5
56
14
25
41
47
35
19
27
51
21
5
36
22
77
8
33
11
22
15
35
7
26
26
22
61
23
4
11
4
1
22
88
3
31
8
45
27
9
7
4
87
8
32
25
29
25
30
55
63
18
8
4
1
18
4
55
19
20
21
51
24
35
2
66
20
55
1
5
27
55
10
26
0
14
40
63
55
45
30
56
5
4
5
13
3
12
14
48
33
12
12
0
56
30
18
63
13
28
5
63
39
69
49
4
8
2
41
9
64
0
12
23
43
31
11
41
48
6
4
2
51
35
7
13
25
59
13
25
15
25
24
74
49
36
16
43
20
28
14
51
36
12
4
11
67
42
3
53
49
67
38
28
44
64
28
5
36
15
20
2
23
7
44
27
40
12
61
26
23
10
37
12
27
7
51
10
13
10
93
47
40
53
19
12
0
41
57
53
31
4
70
18
2
56
29
63
21
23
38
19
8
12
72
89
29
37
20
44
85
9
31
47
57
53
11
20
6
17
12
18
11
47
7
33
10
13
38
24
29
17
21
9
31
12
52
30
29
46
9
9
10
3
3
54
3
33
30
49
46
6
46
8
35
21
16
39
44
5
17
31
59
4
10
59
40
4
23
0
14
16
36
63
17
21
34
37
3
29
9
48
25
77
63
12
10
28
1
19
35
62
4
9
4
16
6
11
47
52
9
5
9
23
1
19
11
25
17
3
27
7
20
31
65
5
59
2
2
8
45
12
18
53
41
42
6
28
27
53
30
17
6
33
24
3
0
19
16
12
3
14
0
38
21
52
31
59
16
3
44
1
16
65
39
8
26
23
40
12
25
8
9
10
10
52
33
36
19
11
31
27
5
32
35
33
45
77
21
7
20
23
54
24
33
22
40
33
9
1
18
7
0
23
19
29
15
22
37
8
51
13
13
41
17
4
32
24
2
46
12
18
89
3
19
74
26
12
38
1
35
20
14
45
65
11
56
25
12
25
2
26
2
7
43
32
21
23
1
16
28
13
5
8
48
25
35
17
3
13
21
8
7
50
52
24
17
7
56
12
40
3
16
37
11
32
15
82
41
6
4
26
12
2
33
14
51
19
9
31
6
7
4
16
3
10
21
2
36
9
22
13
13
22
52
51
8
62
28
51
24
9
16
54
35
26
13
1
17
42
9
13
29
4
7
43
18
27
22
14
35
55
20
43
2
31
8
16
31
13
10
43
0
5
13
3
9
17
62
26
11
0
19
10
20
15
15
34
7
39
5
3
5
28
18
20
39
1
2
1
45
24
27
20
22
53
2
13
9
18
18
13
5
5
12
12
17
6
12
38
69
1
6
3
41
41
16
25
9
20
20
3
17
14
21
6
31
30
43
26
37
2
30
4
6
34
2
4
42
7
36
7
51
20
5
30
14
69
27
1
23
15
1
17
11
6
4
20
17
5
4
23
31
10
2
3
44
40
24
22
14
3
11
48
7
25
18
13
13
27
2
56
32
41
27
7
14
20
10
19
30
21
62
4
35
69
22
18
19
12
4
13
3
10
6
12
4
26
22
5
1
33
2
24
32
32
7
14
24
0
16
38
17
2
7
2
31
42
12
4
21
23
2
14
33
13
6
5
1
32
44
25
16
45
6
17
40
25
21
17
15
8
23
3
25
3
11
57
3
4
7
0
34
5
25
24
2
10
11
14
12
39
9
24
37
3
27
7
39
21
40
23
22
6
12
2
10
49
14
9
2
38
1
2
39
7
12
21
1
23
38
29
3
53
31
47
0
17
40
16
9
2
5
21
13
3
31
31
2
5
26
8
7
25
27
3
61
22
28
13
2
2
39
6
25
14
18
8
19
31
31
13
11
1
3
16
20
4
7
33
4
21
36
18
12
6
19
40
18
6
37
18
3
24
3
25
21
19
18
14
12
5
2
2
40
5
63
17
5
17
5
3
19
18
32
20
18
7
10
41
24
27
15
11
1
13
23
6
14
18
31
12
0
35
19
1
6
0
5
35
9
15
25
47
3
57
29
26
6
16
21
17
27
11
8
4
20
17
16
1
38
14
29
7
22
19
19
4
13
9
27
24
33
38
17
28
2
12
33
13
0
22
32
18
46
20
7
11
18
7
14
43
2
16
1
7
7
14
46
0
17
7
21
15
6
44
24
35
16
30
13
67
21
1
2
22
11
8
23
3
7
21
51
34
23
16
0
19
6
42
1
7
13
13
28
28
24
14
28
1
12
26
20
29
23
18
3
2
12
3
10
3
25
5
12
24
3
35
13
24
28
0
8
5
6
8
13
14
24
7
27
16
22
3
13
8
9
2
4
14
24
3
11
19
10
16
24
3
1
12
4
3
12
16
39
0
3
6
1
6
21
5
17
0
8
19
41
0
5
11
1
5
11
30
34
7
1
17
22
18
0
19
5
6
12
25
18
5
10
3
38
10
7
11
6
0
5
7
4
5
11
12
3
19
2
9
21
6
5
13
2
9
25
12
16
41
2
2
7
20
4
2
8
8
7
13
12
1
10
2
9
24
28
4
20
18
4
14
3
23
6
1
8
4
11
18
2
7
16
10
1
42
6
22
11
11
8
13
15
3
15
11
21
27
3
18
7
9
3
17
3
14
3
5
2
13
9
0
2
0
6
19
0
0
10
11
5
3
10
13
12
17
3
9
11
3
15
0
15
15
4
30
15
5
5
16
0
2
15
8
7
11
1
5
7
4
16
3
15
8
6
5
10
13
11
22
2
12
9
8
12
3
9
25
7
10
4
1
10
10
8
2
12
3
6
7
1
10
3
10
4
4
4
9
7
6
5
7
6
11
6
6
1
3
2
6
1
14
2
9
1
9
13
4
1
4
2
1
10
4
13
9
3
0
3
5
2
2
2
7
6
10
2
2
3
3
1
1
3
1
1
3
0
1
1
2
4
0
3
1
4
3
1
1
5
1
1
1
2
2
1
