57
10
10
24
3
18
39
30
43
47
5
27
2
11
6
40
12
0
15
13
10
31
13
35
8
10
45
15
19
16
88
62
36
4
33
51
18
74
13
42
21
64
24
78
5
31
85
47
11
6
44
31
28
19
8
61
33
6
25
23
15
39
70
30
0
21
16
40
15
59
9
4
27
15
0
15
84
17
55
29
59
46
24
62
87
19
82
77
4
58
2
28
56
31
19
14
70
4
29
22
5
61
37
16
21
89
53
29
67
62
32
38
29
33
20
85
68
15
33
4
0
11
22
62
28
85
26
8
24
0
26
5
15
7
56
18
97
38
15
17
68
44
44
0
74
24
18
9
69
38
59
50
47
5
26
23
26
24
7
45
36
18
1
39
49
1
54
5
17
7
24
3
75
23
63
26
73
28
5
13
47
57
27
44
46
55
1
35
24
31
30
18
1
33
83
2
23
6
34
4
12
47
41
1
34
82
40
23
17
32
65
139
67
10
47
13
59
26
5
15
29
42
55
1
5
88
28
74
26
10
19
27
9
39
13
0
68
20
10
8
25
40
32
37
55
11
32
35
62
33
32
18
18
0
13
65
9
17
1
51
4
47
23
40
58
82
11
16
61
42
47
49
1
7
2
23
40
50
6
105
38
54
61
15
10
0
26
23
2
45
4
29
95
23
21
3
0
8
1
37
50
13
19
75
19
23
12
51
44
45
38
62
34
37
43
36
71
68
62
10
60
28
44
19
38
23
31
22
30
11
15
15
8
26
5
14
20
51
27
31
7
44
40
37
3
100
46
55
57
23
27
60
38
15
94
16
11
27
16
1
38
21
93
5
11
21
74
4
32
34
45
4
8
42
57
25
4
16
59
67
25
14
45
4
10
14
22
37
17
1
1
0
58
68
25
58
3
15
12
18
45
5
34
35
45
92
30
22
11
60
12
19
10
70
19
5
83
62
25
13
39
51
15
9
15
42
19
41
0
22
12
57
11
31
2
16
104
105
22
44
90
15
13
42
61
3
7
62
48
35
8
94
13
15
21
78
26
23
29
29
5
31
2
2
44
5
27
4
45
34
3
58
18
48
82
26
2
14
2
75
18
71
59
24
18
21
117
16
42
12
1
41
16
93
10
17
2
25
8
30
50
39
17
62
4
48
59
22
35
20
17
64
47
61
37
13
30
26
1
22
42
0
78
28
30
44
40
24
14
5
17
72
88
13
11
60
25
22
35
11
38
31
24
32
9
63
124
17
32
93
12
9
6
17
5
13
30
16
7
13
68
27
12
26
9
2
18
31
61
29
53
17
33
4
7
44
18
7
29
4
4
37
3
2
59
6
15
10
14
2
21
27
44
21
22
51
44
17
55
0
51
53
60
6
69
23
2
40
18
27
5
23
5
56
9
44
24
67
29
29
82
14
84
17
43
13
17
1
51
12
22
10
7
42
15
20
14
43
28
30
3
44
19
17
33
33
37
23
35
14
48
31
16
47
83
35
33
25
26
4
33
47
17
19
2
65
22
28
72
4
27
13
47
42
25
33
46
24
3
7
53
17
11
3
10
25
13
54
60
21
8
34
1
16
20
17
18
8
15
34
21
2
9
110
14
58
30
0
17
2
9
13
8
23
13
70
66
20
62
41
6
8
18
15
2
3
3
38
45
42
48
39
54
27
0
9
5
65
13
10
36
9
26
29
9
25
65
16
36
32
19
4
9
40
58
24
72
15
67
2
16
16
2
21
17
12
48
35
35
13
32
25
41
68
0
29
37
6
12
36
7
4
30
32
47
44
23
59
26
4
9
14
8
8
79
3
7
45
32
69
20
29
4
28
46
38
35
8
40
9
54
10
8
22
9
61
69
22
54
5
6
45
12
6
14
66
25
19
40
3
87
31
33
0
2
16
20
33
31
44
51
34
15
1
34
18
6
12
28
15
5
29
87
16
9
61
36
66
13
16
11
2
12
66
12
11
18
6
39
28
30
18
18
31
68
21
19
13
1
19
25
22
2
31
23
2
6
35
59
31
53
41
13
17
32
34
29
11
10
4
26
7
31
56
40
18
13
6
52
28
21
13
13
47
4
26
3
13
6
51
34
32
6
48
59
12
44
7
21
30
19
62
47
37
16
18
30
10
4
26
28
20
13
34
45
51
61
17
9
11
5
20
16
37
7
27
11
21
19
8
23
25
0
12
31
13
6
24
14
67
38
56
8
56
26
19
16
29
20
33
6
25
47
8
15
12
44
28
48
2
14
6
29
15
10
2
30
35
4
18
5
2
36
2
46
31
24
4
19
32
65
10
27
20
34
3
7
11
30
9
2
45
28
27
10
84
15
32
16
20
72
14
11
24
17
34
15
24
4
21
14
20
6
16
6
11
22
18
29
43
29
2
34
7
14
35
31
24
27
43
33
16
8
28
12
9
5
6
21
63
46
26
9
5
16
35
42
17
16
28
31
7
14
11
43
10
59
46
1
3
46
35
12
8
26
58
19
14
22
44
44
19
4
12
36
56
6
1
0
13
37
13
68
46
73
26
11
27
28
20
20
41
31
39
4
78
30
37
3
1
29
6
66
69
31
3
17
11
17
10
12
6
46
42
33
31
12
26
10
40
9
36
19
11
15
37
8
3
8
46
17
44
6
31
9
12
27
30
6
20
47
48
60
3
37
10
20
17
2
23
14
14
23
0
6
7
60
41
25
32
51
13
16
2
4
2
10
16
2
17
1
11
34
24
14
2
31
33
57
25
12
0
14
8
11
17
44
71
1
42
11
12
27
17
44
10
34
7
35
11
16
1
8
23
13
36
21
13
20
2
3
1
3
14
34
48
33
54
11
23
16
3
8
16
15
11
15
11
24
6
11
5
10
1
35
2
7
2
2
31
43
55
63
18
39
50
8
29
9
28
29
19
6
8
3
5
12
10
32
16
11
68
12
1
17
8
16
5
14
8
5
1
16
12
44
25
17
3
13
3
49
14
16
14
1
7
48
34
20
22
6
35
6
1
10
40
9
10
9
32
12
37
12
2
9
52
3
0
11
24
4
9
18
20
44
7
4
27
7
21
25
26
15
27
15
23
33
10
2
3
6
23
28
8
17
38
10
27
14
12
41
33
7
25
5
16
31
8
12
9
8
16
4
33
26
12
16
9
33
4
7
24
46
13
0
8
4
3
26
26
10
31
40
50
9
25
28
12
9
27
10
13
13
10
13
7
9
13
9
18
6
9
7
15
13
14
8
38
2
33
25
43
10
17
13
9
13
4
21
27
3
8
30
8
37
17
11
26
16
30
31
15
38
0
2
0
1
11
18
14
27
13
19
32
19
20
16
7
5
15
0
0
21
5
40
0
34
8
20
9
16
13
2
24
30
20
4
26
38
3
38
14
8
17
27
2
17
12
4
3
24
6
13
8
1
27
20
22
13
10
25
8
3
22
10
19
4
19
2
0
10
4
24
17
6
35
25
0
11
6
12
9
22
22
22
7
2
3
15
4
8
21
2
26
6
12
6
17
9
37
5
2
13
16
46
24
22
10
13
22
1
8
25
3
12
24
20
3
9
24
9
8
25
15
2
30
2
5
15
18
8
1
18
1
15
2
35
5
6
7
15
1
10
25
3
33
1
24
13
14
11
17
3
4
0
7
6
1
2
14
7
5
14
28
13
14
6
4
13
33
1
1
11
12
10
7
14
12
22
13
10
10
14
6
21
8
2
9
21
18
31
3
5
18
20
22
1
8
12
11
2
22
2
3
5
10
2
8
11
7
7
31
25
1
21
9
2
4
12
31
2
4
20
5
7
2
25
6
17
16
9
20
6
1
0
2
3
17
13
21
11
24
1
6
0
1
7
17
12
1
10
8
27
1
5
6
15
6
16
7
2
14
0
25
9
13
9
11
7
29
20
11
3
3
3
5
4
4
11
2
3
14
5
3
1
7
10
3
6
3
22
0
4
15
2
2
2
2
1
6
6
1
5
2
22
15
3
2
2
4
1
3
10
2
1
3
12
19
4
2
0
6
4
10
0
8
6
8
0
13
5
0
2
15
5
5
1
14
13
2
6
2
5
2
1
1
8
3
5
2
2
4
3
11
0
9
0
0
0
5
2
2
2
2
1
0
0
0
0
0
