5
13
39
1
3
80
22
7
4
10
7
3
6
55
3
9
44
106
13
4
54
34
6
49
46
70
39
16
34
19
45
25
8
1
65
7
24
2
15
45
8
35
105
21
10
22
12
55
3
27
15
7
27
26
24
8
49
4
0
33
27
24
7
10
18
58
30
63
50
31
50
10
51
10
5
30
15
38
5
13
31
68
5
18
38
22
138
38
6
80
26
32
28
22
30
65
8
11
15
56
67
72
12
23
1
17
0
81
20
34
26
8
19
17
10
2
38
23
61
19
31
29
11
73
86
16
30
13
30
8
54
76
80
20
27
4
61
29
17
25
5
12
17
9
35
83
67
10
24
25
12
7
40
100
46
16
4
16
20
8
27
2
15
32
78
82
8
11
70
3
38
29
3
19
23
5
27
46
51
18
46
28
118
2
12
16
29
15
28
92
64
14
44
13
4
25
54
21
33
62
90
28
12
43
56
12
2
39
19
64
13
23
52
31
96
19
6
51
36
0
23
27
8
29
5
34
1
16
43
87
41
28
33
47
21
89
22
22
51
1
14
58
34
50
40
82
25
40
13
31
17
24
46
26
32
10
41
25
57
53
17
5
50
35
2
7
9
18
37
27
23
7
20
0
7
13
12
6
16
59
51
50
92
42
20
84
12
60
8
19
65
33
37
57
25
12
6
48
7
39
42
2
1
39
88
29
14
32
2
9
73
2
2
46
5
53
34
2
26
2
3
28
59
58
88
3
10
58
69
4
29
80
42
37
95
12
16
61
6
3
13
46
40
11
8
46
81
17
22
21
9
7
50
9
47
15
21
23
47
13
34
20
26
76
45
65
58
46
61
18
6
10
45
30
66
50
9
6
1
38
7
30
32
38
9
21
41
17
30
49
26
2
6
12
38
36
27
6
1
27
15
44
42
55
27
54
69
37
12
4
0
15
44
50
23
46
43
63
54
26
45
31
21
25
57
1
16
43
20
4
13
66
42
43
27
35
35
31
17
17
11
13
23
48
34
62
27
97
21
11
8
5
55
87
76
8
55
60
66
11
27
64
12
18
2
16
34
1
32
14
3
21
38
3
28
34
23
13
38
31
16
46
86
20
5
66
9
8
3
35
68
9
6
6
37
27
68
15
7
27
5
17
24
9
2
25
18
21
38
74
35
24
11
16
29
48
2
16
56
29
2
16
33
31
12
27
41
48
27
8
26
66
20
47
35
4
23
44
22
43
32
13
33
5
2
11
31
22
19
30
22
3
15
2
15
52
58
44
6
18
15
34
22
43
7
40
17
20
18
46
1
39
7
27
21
13
37
1
13
19
64
9
16
6
12
2
1
29
12
4
1
47
6
31
5
36
24
3
42
18
12
63
20
20
36
2
29
75
38
50
49
45
34
6
21
27
16
54
3
46
12
48
3
14
43
5
2
14
36
28
13
14
62
39
10
4
19
31
3
21
18
27
9
39
24
36
44
63
87
23
14
17
19
31
12
8
55
6
17
30
16
22
24
57
15
11
39
58
2
55
40
23
20
1
13
10
23
24
2
43
69
3
29
58
16
32
24
74
1
23
40
49
39
4
21
35
59
22
68
47
9
12
2
38
37
50
49
42
31
0
26
4
34
44
6
13
0
27
35
1
1
39
43
28
35
39
8
1
0
40
9
28
9
37
66
9
21
11
45
45
31
11
54
47
39
49
51
39
20
13
8
22
63
63
9
33
29
19
20
53
57
42
12
33
17
5
26
53
9
32
37
17
33
8
16
1
6
21
3
42
5
41
29
6
11
53
24
4
32
9
24
42
12
40
51
14
12
12
25
6
66
39
42
25
11
33
0
12
14
19
3
21
10
42
116
24
25
1
73
8
8
2
2
44
1
12
0
44
8
75
29
44
55
13
27
0
39
38
56
17
3
74
15
80
6
16
89
2
43
51
26
38
51
10
18
58
12
25
24
18
21
3
14
16
22
5
27
71
30
19
6
41
23
3
31
13
24
3
13
6
15
30
82
37
13
5
20
16
57
61
8
2
45
7
48
28
45
13
29
3
1
20
3
36
12
13
52
17
55
10
3
33
13
13
23
7
43
27
33
12
36
19
51
25
41
16
32
80
35
9
2
19
1
1
0
1
6
33
29
39
18
12
1
3
4
16
3
10
32
5
16
38
37
10
17
30
16
5
16
21
43
14
55
12
52
19
46
40
10
42
30
12
43
33
16
25
20
2
54
12
5
19
37
44
2
2
42
27
19
7
76
36
24
11
3
4
7
12
22
42
2
0
11
26
16
16
12
37
9
30
30
27
23
2
20
28
35
2
47
21
26
80
0
14
42
1
45
6
63
19
17
45
4
6
24
9
11
1
18
34
10
12
0
50
13
9
16
16
33
6
64
34
4
11
62
15
61
49
24
6
2
10
3
17
19
18
9
0
27
3
24
63
49
13
6
115
13
21
47
30
19
12
8
30
2
51
7
33
4
11
29
19
2
41
6
2
13
18
48
3
4
21
2
12
31
18
17
30
12
17
1
5
2
6
21
29
11
5
51
3
1
3
5
5
6
22
26
21
44
12
8
14
25
2
3
33
14
74
2
2
53
35
9
27
5
28
45
39
7
9
24
30
30
6
5
17
28
3
2
20
26
14
19
44
9
44
24
38
11
5
29
39
9
12
9
40
23
3
28
28
8
19
7
12
33
1
25
32
0
44
46
14
26
10
30
20
35
51
3
21
13
19
5
3
6
3
15
17
6
1
25
44
8
36
7
21
27
15
12
6
8
13
10
22
29
33
10
22
3
32
70
44
3
30
16
11
24
14
63
12
28
16
46
11
7
6
2
1
4
38
21
19
3
3
7
14
22
6
36
17
9
8
36
23
10
22
30
10
14
29
3
33
41
23
9
15
31
43
22
21
45
15
20
1
3
9
9
27
10
9
14
26
20
29
57
57
2
38
6
6
2
14
30
21
13
18
23
18
2
24
37
6
19
6
8
19
26
11
22
18
9
52
11
44
14
43
27
1
12
32
17
12
0
6
7
6
30
28
17
16
32
6
3
16
14
26
58
5
2
23
17
7
27
40
19
10
6
21
32
41
57
7
26
14
11
4
4
19
23
5
22
9
10
25
2
19
19
27
28
5
5
19
10
22
38
34
3
28
1
1
13
47
5
2
3
22
6
37
2
19
12
2
46
40
7
11
5
17
6
28
52
40
4
4
27
33
41
33
16
9
4
11
1
20
17
1
3
13
37
21
17
8
27
11
14
26
59
10
3
35
6
9
40
9
21
21
23
10
27
4
20
15
8
17
49
30
23
0
42
28
10
2
24
16
2
3
10
14
9
11
28
22
0
42
19
5
12
28
10
0
13
2
57
23
11
9
21
7
7
11
1
1
10
3
7
11
21
43
14
9
25
15
1
4
11
26
11
48
10
4
21
3
17
4
5
11
45
6
9
4
27
13
25
5
5
11
17
1
5
28
8
6
8
2
14
18
6
5
17
38
22
3
8
33
5
7
22
17
3
1
13
5
13
12
18
9
14
5
6
5
17
10
10
4
9
21
17
13
29
8
11
3
6
6
11
1
16
11
15
9
11
36
24
16
12
15
11
6
23
18
3
23
16
12
3
13
7
3
0
7
11
0
5
15
6
23
4
31
24
19
2
7
12
0
22
9
1
33
27
12
11
31
8
1
0
8
7
0
7
8
14
10
6
13
15
12
41
30
5
17
6
1
2
3
30
6
21
18
5
2
10
16
3
9
8
4
21
11
12
21
10
11
34
6
6
4
18
6
5
15
5
22
5
9
15
1
19
15
9
5
33
0
4
26
9
19
10
10
17
11
8
5
1
10
12
9
6
4
4
20
3
19
17
4
1
6
18
4
19
6
1
17
4
0
0
3
8
8
2
14
10
1
5
3
1
6
4
9
7
0
0
8
3
3
6
1
4
8
19
2
11
9
1
5
25
1
1
8
5
3
6
14
10
3
0
13
10
3
10
4
11
12
1
4
5
2
13
3
7
3
4
8
14
3
18
10
2
9
7
3
4
2
7
6
7
4
16
1
8
3
3
1
7
1
1
11
2
3
2
1
5
8
5
0
3
1
2
6
4
12
1
1
2
4
0
0
2
0
2
1
1
4
1
1
2
2
2
1
1
0
