31
36
15
45
63
31
27
32
22
7
6
116
41
13
38
12
24
4
13
15
5
7
2
12
8
51
8
26
22
10
30
10
34
18
90
7
66
42
7
17
58
42
1
73
46
17
4
20
1
101
62
52
20
17
44
34
90
3
13
5
37
0
33
14
55
7
77
55
30
13
24
66
65
65
30
31
9
10
52
21
37
0
28
49
25
10
0
18
33
22
18
2
2
34
3
37
17
0
20
5
44
36
59
23
14
54
38
11
7
26
11
48
92
2
11
5
29
24
83
10
13
37
26
49
6
61
4
11
71
35
43
38
4
29
39
5
59
42
81
18
19
10
88
38
39
27
3
18
27
22
31
137
23
6
3
14
35
34
25
58
30
31
4
24
11
10
8
79
43
69
16
57
12
25
32
8
4
18
44
3
3
26
24
5
21
9
10
43
7
116
20
9
7
25
21
6
12
8
45
31
44
8
10
26
78
47
26
55
26
81
17
14
10
41
11
123
30
29
42
17
5
47
1
28
38
8
2
32
19
63
22
42
24
71
32
72
3
33
11
25
39
4
29
49
28
22
43
21
34
32
30
66
65
50
69
10
12
83
10
54
17
0
17
61
18
34
9
48
33
50
49
31
12
33
51
20
14
36
16
17
110
9
11
52
31
9
93
29
8
6
27
23
64
6
34
60
20
55
10
66
30
4
40
29
1
14
56
61
3
38
10
68
21
15
34
37
45
52
49
33
35
6
47
13
19
13
23
5
30
16
30
48
1
57
25
29
41
15
42
16
4
34
3
42
9
1
49
59
13
25
6
11
66
48
9
21
15
20
41
11
27
5
41
37
62
74
12
65
17
9
22
21
34
18
53
6
17
84
4
31
28
19
64
3
4
7
38
53
58
18
61
44
37
27
10
38
13
25
27
45
33
35
6
14
38
48
13
27
63
14
3
4
57
8
12
32
32
20
40
12
47
30
28
4
26
28
44
65
7
39
53
7
23
37
4
44
14
28
11
35
12
19
27
20
49
63
34
19
42
38
24
2
12
3
8
20
10
24
21
43
18
29
22
8
4
30
6
32
2
26
53
3
111
3
64
7
40
61
5
65
23
45
28
53
4
6
1
59
29
48
23
13
62
48
24
57
19
12
29
6
46
24
37
96
40
4
6
1
1
26
30
3
4
16
8
19
13
0
27
30
24
10
36
71
1
41
15
44
7
36
24
0
3
33
8
65
42
7
19
47
3
8
29
98
19
13
3
6
53
10
55
11
3
24
27
32
26
65
27
35
72
8
50
21
25
45
27
17
70
18
76
14
65
3
6
38
18
43
20
6
55
47
22
6
20
7
47
1
41
40
77
24
26
57
64
11
15
69
13
25
7
53
46
28
38
22
34
51
13
42
2
91
3
74
67
45
15
38
4
17
32
17
25
8
21
107
48
1
67
5
39
6
71
36
13
9
17
14
22
49
24
56
17
29
37
30
7
47
31
35
20
15
27
33
22
11
76
67
10
16
9
83
24
3
73
50
26
11
3
73
6
32
11
19
33
26
30
54
50
17
45
3
22
46
38
31
23
26
54
11
17
11
18
30
29
38
5
7
53
22
0
24
38
18
16
1
8
34
7
11
93
16
27
23
43
5
67
18
61
24
24
56
20
3
35
80
33
22
45
6
0
3
14
51
11
65
81
15
38
2
21
25
6
5
27
9
7
35
70
17
37
40
38
26
11
5
3
28
64
14
2
26
7
13
41
23
17
7
49
38
29
1
31
8
3
13
15
1
20
9
72
14
15
24
38
21
21
3
38
14
4
33
45
4
38
39
33
5
18
29
57
36
29
21
40
25
5
37
48
21
13
27
17
39
5
15
20
8
89
9
6
14
31
55
16
48
6
15
4
21
39
40
46
24
23
80
36
4
21
37
48
29
7
39
21
23
38
11
5
34
8
37
10
5
68
38
23
61
20
20
1
48
69
17
30
7
29
16
47
27
31
14
14
7
34
56
22
46
33
24
1
19
29
6
18
6
12
49
14
15
8
40
11
4
31
8
69
28
38
7
10
4
12
56
81
13
15
40
59
5
55
1
3
50
15
10
40
2
54
11
9
19
44
27
22
1
12
34
38
16
12
33
19
16
50
20
61
22
45
24
24
24
32
33
49
15
14
27
62
8
8
1
15
20
27
36
3
18
23
5
25
19
8
16
7
24
31
20
27
3
13
7
54
34
36
31
27
49
9
2
62
1
27
59
14
23
68
19
40
11
6
23
44
33
51
6
20
63
47
8
4
42
14
16
10
39
31
34
12
62
8
10
40
2
8
9
11
1
26
10
2
73
14
24
25
22
31
7
2
17
18
0
46
3
29
23
10
31
3
60
11
24
5
5
11
22
47
6
61
33
37
14
55
8
32
30
13
42
2
69
47
28
29
41
23
19
27
1
9
7
65
4
8
0
39
67
44
36
9
27
36
42
42
4
38
29
2
42
16
22
13
9
11
17
30
19
21
7
8
21
10
51
19
5
8
35
54
24
23
36
15
39
57
24
34
3
21
3
45
18
19
13
5
31
9
51
14
44
23
32
13
5
36
37
12
24
19
26
29
5
12
38
35
7
13
7
15
35
31
2
18
16
50
9
20
17
7
16
1
8
74
34
67
30
28
36
33
29
18
4
4
23
53
44
4
10
7
23
2
21
20
36
56
7
54
34
37
35
24
0
16
22
5
19
4
42
7
10
7
43
24
26
21
20
7
3
10
4
4
25
11
44
19
19
36
24
2
3
24
31
24
12
8
50
14
21
11
6
21
25
17
5
8
9
19
2
1
20
3
16
26
2
20
35
43
18
6
4
4
9
17
22
24
23
9
30
3
51
12
20
14
1
6
25
0
3
18
6
15
11
24
4
20
23
11
7
5
36
20
16
11
29
53
17
19
7
36
18
7
53
18
45
1
32
17
31
48
6
8
33
9
23
2
10
34
46
4
10
7
30
24
33
20
0
0
0
10
30
5
15
8
32
33
18
7
18
23
7
6
61
13
4
14
34
23
41
55
15
2
9
28
25
0
10
23
14
9
35
11
10
21
17
9
22
6
2
7
22
15
26
21
10
8
18
23
15
0
21
10
15
25
2
8
19
45
10
57
31
5
48
13
16
18
16
26
11
30
2
42
17
19
37
25
33
8
33
5
11
17
14
30
5
20
27
10
28
3
16
13
18
30
13
21
17
10
37
4
17
13
23
6
27
5
12
17
3
25
2
12
54
27
6
5
21
0
15
18
18
1
34
1
20
34
13
22
30
8
11
13
6
3
35
17
6
18
31
8
8
5
15
0
49
20
14
12
17
12
10
36
3
25
3
13
11
47
8
18
4
32
1
10
8
40
9
0
26
18
16
20
4
27
1
9
31
3
27
3
40
2
2
11
9
11
4
10
10
8
26
19
19
17
4
27
7
35
12
28
41
22
19
11
3
7
2
8
6
29
13
26
20
11
19
4
28
4
11
49
2
18
6
20
37
1
24
15
3
20
41
25
41
18
11
12
2
7
16
1
16
19
28
3
27
37
19
10
5
14
6
18
10
17
1
6
13
5
1
28
9
19
51
19
6
20
3
10
20
7
6
8
7
5
6
3
9
11
23
24
5
7
2
19
6
10
20
6
7
18
4
14
5
10
20
6
4
21
16
7
7
11
5
5
11
6
23
2
17
1
12
16
8
21
28
7
13
0
7
3
4
25
1
8
33
11
21
6
4
16
0
11
6
5
8
18
8
3
8
16
5
22
21
13
17
4
9
11
20
1
8
13
3
10
6
10
1
18
8
0
0
10
15
11
10
23
23
2
14
7
5
7
11
13
17
3
6
1
2
16
9
14
3
7
16
8
5
0
1
7
6
7
19
8
5
19
2
18
6
16
2
5
5
7
0
2
12
1
8
4
17
2
5
0
2
10
4
5
1
0
2
12
1
13
3
12
15
4
2
1
18
11
3
7
7
11
3
7
4
6
8
11
15
16
15
10
19
1
10
2
8
3
4
1
11
5
2
8
12
4
9
7
5
12
2
4
5
0
15
5
1
6
12
15
8
3
4
9
9
5
4
0
3
10
8
2
4
9
3
4
1
10
6
3
1
2
4
3
8
3
4
8
1
4
4
12
6
2
1
1
6
2
1
2
2
3
2
3
1
0
2
0
0
