4
36
12
37
8
10
13
0
7
39
49
6
54
4
35
38
13
6
6
6
63
18
22
6
3
8
52
2
4
1
14
23
6
2
8
29
16
48
7
35
10
20
82
22
6
29
12
7
46
28
24
5
36
26
31
30
47
11
15
5
7
21
40
58
12
41
3
49
41
59
0
2
52
28
6
39
1
41
6
14
22
0
31
42
37
28
51
3
10
10
30
35
5
66
1
61
8
38
52
34
18
4
13
2
46
12
40
11
24
2
55
66
13
13
22
21
13
99
33
30
26
6
48
10
53
46
48
64
24
6
34
12
46
11
27
47
2
37
76
21
32
50
56
80
34
32
16
1
16
2
13
10
12
74
42
43
11
58
21
22
43
23
19
9
3
19
35
26
8
11
13
22
54
53
8
55
48
33
40
63
28
92
11
63
2
20
69
12
23
34
3
9
23
67
26
2
34
58
0
27
35
6
17
6
36
33
31
24
39
7
2
30
2
25
41
56
113
6
28
4
25
32
18
79
5
6
84
74
15
71
10
13
76
18
59
22
12
35
13
11
24
47
9
10
8
11
15
45
41
20
58
40
16
34
5
62
3
18
36
1
36
40
5
37
63
56
0
11
6
58
5
54
5
68
30
59
13
71
8
13
13
1
20
72
34
53
16
25
18
72
50
24
74
42
38
36
50
66
18
31
4
18
27
35
10
44
21
15
54
47
38
66
20
10
33
39
2
19
21
38
3
7
43
32
21
14
82
28
31
18
7
43
65
29
44
9
57
40
27
26
20
44
37
88
39
25
51
37
47
21
2
10
9
33
21
73
92
39
68
38
12
52
44
5
0
81
49
54
12
85
46
29
21
44
55
67
22
26
26
33
15
39
28
8
46
16
8
8
3
45
17
35
4
42
69
10
14
19
9
14
2
36
49
53
63
56
7
12
19
22
103
62
44
44
10
62
41
33
50
51
24
13
124
42
42
14
12
31
0
55
54
1
54
16
52
22
69
53
8
1
14
12
35
72
44
53
13
84
7
22
54
29
44
40
11
32
47
67
12
100
23
50
41
45
17
12
7
2
23
41
6
19
25
11
30
42
37
98
35
15
44
41
39
9
38
10
16
5
14
30
28
13
8
62
22
54
6
1
13
79
75
4
49
24
13
21
0
8
17
15
13
1
12
23
26
26
14
32
4
38
31
20
20
71
5
29
71
7
15
15
59
40
4
54
39
6
44
2
14
52
41
12
72
7
64
8
20
55
37
3
2
21
15
44
4
13
23
49
5
29
31
4
27
29
54
57
75
19
15
1
63
34
34
64
11
28
42
35
41
34
40
18
60
23
49
53
126
6
19
27
26
22
31
24
61
79
5
61
34
1
31
74
20
29
4
29
33
58
68
29
33
6
13
34
9
58
38
7
15
29
10
17
98
23
14
10
47
30
2
81
1
4
17
5
2
34
68
18
45
83
30
32
1
31
10
64
25
9
53
6
52
12
45
26
24
13
34
36
21
23
12
21
27
3
2
12
15
71
4
62
4
87
61
21
37
14
23
27
35
36
20
11
23
12
39
2
12
21
7
50
14
12
6
31
20
59
52
58
45
0
36
13
18
22
37
3
15
21
54
46
16
27
15
27
24
20
10
28
9
7
40
27
10
27
34
45
10
62
18
56
45
2
21
10
0
2
26
22
19
68
9
47
23
21
11
6
41
40
40
19
49
14
35
10
79
11
40
17
17
22
42
7
12
43
17
3
16
11
3
14
48
21
35
21
25
34
10
70
19
5
7
21
19
41
6
37
65
15
36
42
10
20
31
12
30
9
3
52
18
14
15
24
33
24
16
4
26
46
20
34
30
35
45
15
22
15
38
25
34
42
16
13
5
12
13
16
24
32
40
68
27
42
12
19
29
35
2
11
42
17
29
8
13
72
8
5
51
30
38
10
30
36
10
27
33
60
65
4
63
1
12
16
43
63
40
24
19
57
55
10
29
17
21
27
22
63
5
8
33
14
4
26
1
1
9
23
4
29
7
23
22
11
1
13
22
38
18
4
37
17
46
67
8
11
81
35
55
57
50
11
24
19
48
9
74
29
25
6
20
18
6
22
41
23
17
42
21
18
14
0
49
14
10
3
23
21
18
25
37
34
30
43
8
30
29
71
14
44
23
55
17
30
3
86
32
24
11
2
14
12
19
7
49
44
29
19
33
16
65
23
43
7
30
21
5
22
0
33
11
17
14
33
17
15
0
23
54
31
49
45
8
37
15
65
45
50
24
29
15
60
3
44
5
27
25
25
6
17
32
15
23
21
2
1
65
10
38
19
9
18
46
15
27
12
3
2
63
8
6
23
16
28
34
11
37
29
20
5
0
23
18
44
9
27
18
52
29
26
0
12
14
20
34
49
13
0
32
7
5
44
35
34
14
5
24
46
11
20
35
17
13
3
0
55
71
32
63
17
1
5
29
34
22
17
9
16
62
6
5
25
10
33
14
44
21
43
31
12
12
21
19
5
42
38
1
7
46
10
49
28
12
16
10
50
19
9
39
23
36
17
30
29
55
21
47
2
8
20
37
3
5
30
26
18
26
19
26
13
19
7
6
23
19
1
10
43
27
6
31
17
6
30
53
54
3
19
27
20
28
24
34
1
23
24
21
6
5
8
19
19
38
58
25
42
7
32
11
7
43
10
13
3
27
20
15
12
18
5
16
28
40
11
13
6
18
25
3
2
12
1
18
21
30
13
10
22
15
6
4
2
10
27
4
37
5
21
10
8
3
5
36
32
19
17
25
34
11
45
5
2
20
35
9
7
12
13
3
7
12
9
29
28
10
16
40
33
17
24
10
7
11
23
13
17
9
26
70
24
3
25
2
26
4
20
8
18
2
12
6
23
19
1
26
27
14
12
29
2
2
22
7
19
3
0
2
14
10
22
5
25
8
11
38
5
5
18
29
0
7
36
19
30
46
18
16
3
1
3
18
6
15
11
8
2
24
3
2
16
24
4
36
4
8
10
5
17
10
13
4
25
28
18
31
8
32
12
0
4
12
15
34
4
49
15
11
37
19
29
12
51
16
10
32
10
31
14
4
23
28
6
21
6
18
22
7
16
6
21
27
40
5
15
39
2
4
38
8
0
0
19
29
6
9
24
4
23
29
6
13
15
8
27
61
4
31
18
3
36
15
18
3
9
13
9
20
15
17
12
20
21
10
5
22
36
14
36
15
20
6
23
6
20
26
3
20
20
5
28
10
7
2
15
9
18
5
9
7
30
36
23
10
6
15
33
13
2
38
42
4
5
27
3
17
13
36
3
18
11
2
37
2
34
29
23
9
6
10
2
10
3
27
13
19
6
8
12
20
12
14
8
0
7
7
44
2
6
1
19
1
16
12
22
28
24
0
25
3
4
7
2
34
15
41
7
16
22
25
17
8
5
18
21
6
5
2
6
22
7
15
0
5
1
24
29
6
4
15
14
5
22
10
5
5
41
7
26
7
2
4
6
33
26
6
3
13
19
13
21
15
1
7
47
9
5
11
6
8
22
5
6
4
1
23
12
24
12
19
12
8
30
5
1
1
19
7
7
11
6
12
10
10
3
6
39
11
5
5
25
1
10
14
7
1
9
4
6
4
37
6
8
14
4
25
42
4
11
5
33
12
13
7
2
2
10
9
6
0
1
12
2
10
23
7
14
7
10
1
22
21
31
46
7
13
3
1
3
6
14
2
8
12
26
10
17
24
10
8
7
15
10
11
1
6
5
3
31
4
16
13
6
17
9
4
1
8
14
8
12
6
2
17
7
5
5
15
12
47
1
4
5
1
4
8
14
11
2
15
11
2
16
10
3
11
11
22
20
15
17
6
10
2
5
17
14
6
30
9
16
14
7
8
4
4
2
13
6
17
24
18
13
14
17
2
1
12
5
31
14
6
1
9
2
6
14
1
4
0
3
18
14
8
3
1
17
5
3
15
8
5
8
4
8
4
8
3
3
19
12
4
1
10
5
13
4
9
3
20
6
12
5
13
5
9
2
12
5
11
3
0
12
8
0
5
4
2
1
4
4
0
4
7
10
11
6
0
0
7
7
11
12
4
3
4
11
11
5
5
2
6
2
2
7
7
5
12
5
1
0
5
6
8
5
6
1
4
0
1
3
1
8
4
0
2
5
1
2
1
2
4
3
8
2
2
1
3
2
0
2
0
0
