5
26
92
9
10
45
19
21
37
33
3
4
24
19
41
15
10
31
29
9
11
14
17
14
20
29
18
7
36
52
10
31
71
49
33
24
13
26
15
18
32
40
1
6
28
20
59
34
30
51
48
48
6
33
16
29
27
3
25
33
7
34
63
54
47
33
8
24
44
8
9
49
4
66
1
18
57
57
23
25
18
24
15
66
6
22
0
7
34
33
2
1
21
25
51
7
28
45
11
115
23
29
13
7
38
21
55
36
29
36
20
22
38
47
95
5
16
51
16
18
51
27
14
3
25
55
17
56
12
55
55
13
5
59
16
21
33
8
18
11
15
20
109
15
116
9
39
62
27
43
4
14
10
18
48
24
86
10
39
28
48
22
8
79
54
12
5
14
31
13
6
33
6
44
11
22
77
1
31
34
28
4
59
25
77
49
1
30
24
5
14
12
18
31
32
87
56
46
42
40
29
78
34
79
25
6
4
6
30
13
19
52
22
25
12
86
27
12
12
116
20
37
13
22
38
84
2
27
6
43
21
28
37
20
53
28
15
48
43
7
4
48
43
2
64
55
40
5
28
24
28
25
33
22
20
11
11
8
42
58
65
88
25
34
5
40
39
13
34
1
39
56
56
43
20
19
25
45
106
67
57
12
21
6
51
12
29
30
33
38
22
16
6
48
23
55
7
24
30
19
23
30
52
13
106
5
40
66
25
14
4
7
6
25
30
8
68
26
15
17
44
10
60
31
85
41
35
2
29
80
22
45
68
16
14
25
34
21
92
68
36
31
50
19
40
0
14
21
101
34
52
52
13
2
56
2
60
11
55
41
15
2
1
16
26
23
12
48
34
3
98
61
15
24
12
35
48
10
40
16
35
10
44
14
10
58
13
6
4
28
1
34
4
3
15
40
5
29
5
69
20
24
65
47
6
31
43
2
27
24
39
3
64
54
50
21
7
1
15
5
43
108
12
59
34
31
20
6
10
24
24
66
21
52
7
10
12
5
8
27
8
39
103
14
24
28
15
5
29
45
33
12
2
13
8
69
5
17
11
14
1
24
9
35
5
21
9
48
48
61
33
89
35
17
63
24
35
7
28
72
5
28
55
81
14
25
43
11
12
17
15
4
32
49
33
22
74
36
8
8
10
22
5
25
9
22
5
18
27
1
6
7
10
12
34
38
28
3
5
15
6
66
48
29
18
27
15
16
28
37
2
46
36
68
69
42
117
9
25
27
12
20
12
30
9
4
32
22
8
1
32
30
30
2
29
40
16
10
30
31
16
6
32
50
28
37
35
19
39
50
28
9
60
5
7
53
14
8
1
26
17
9
21
2
14
26
51
48
66
15
52
36
17
9
3
3
4
9
20
55
21
40
36
7
19
30
15
47
37
4
12
64
24
12
34
90
31
9
61
1
4
10
48
50
74
15
33
56
39
13
65
20
34
52
47
36
20
41
3
5
10
62
84
22
20
14
6
14
19
37
0
53
3
7
47
23
6
43
43
54
3
42
9
46
18
36
10
89
8
21
28
9
29
18
67
55
2
5
38
40
3
41
66
54
23
3
17
0
62
0
20
12
6
25
60
38
38
5
2
15
19
7
37
44
46
10
38
11
35
3
15
12
53
32
76
3
72
9
72
4
39
28
13
31
61
50
29
13
7
3
39
48
19
9
26
20
17
27
2
11
36
14
9
25
33
20
6
7
24
10
73
31
11
19
25
25
60
25
51
49
48
55
16
51
37
21
0
17
6
34
3
54
25
4
16
56
5
46
60
19
31
19
11
54
4
6
48
19
8
5
54
31
29
39
11
18
18
1
71
4
43
6
33
22
4
55
53
2
4
24
16
11
3
40
4
23
17
30
31
0
9
32
61
32
22
56
33
7
27
19
47
37
29
13
5
15
33
42
5
69
10
14
25
5
47
9
8
35
20
8
23
14
4
23
27
51
5
0
43
35
6
21
10
32
22
45
6
5
7
20
19
18
29
13
4
46
9
17
70
70
35
7
38
19
22
2
23
7
39
40
32
24
18
11
25
78
18
26
13
22
37
31
19
6
38
21
14
3
5
1
47
24
22
26
25
31
46
19
25
23
43
10
62
16
14
61
20
10
48
13
58
26
10
33
34
1
11
15
39
11
37
23
6
31
21
2
42
14
7
18
25
40
19
9
23
14
50
1
27
31
6
9
38
18
5
76
13
16
27
10
38
28
44
17
10
17
16
26
17
2
22
24
42
36
24
20
56
15
5
16
36
10
56
4
27
15
73
35
52
10
43
10
18
9
30
12
10
7
26
31
60
8
21
19
25
8
2
18
29
21
5
35
3
11
44
31
5
24
15
40
3
34
34
7
30
31
8
9
19
17
17
36
25
56
19
9
4
34
16
13
10
49
34
8
59
26
15
3
28
56
23
51
9
9
39
6
5
7
30
15
15
47
14
40
22
38
35
4
7
101
31
8
12
8
4
1
2
15
10
14
38
29
1
31
17
41
16
10
30
7
27
55
35
2
2
28
24
10
18
1
34
32
4
8
19
3
18
27
19
40
5
42
13
35
38
16
28
10
35
11
11
8
6
20
30
4
33
27
11
13
14
19
33
20
28
31
3
14
34
14
1
33
36
3
35
23
9
36
51
11
30
77
26
29
17
16
44
1
22
37
25
5
6
22
48
46
7
2
61
33
5
14
9
19
13
24
44
32
20
27
20
34
18
6
1
16
26
21
6
44
44
31
24
39
18
2
6
28
15
17
7
15
1
19
33
1
11
40
20
5
1
32
23
17
49
13
1
36
28
7
11
2
32
34
19
11
16
0
11
12
7
11
31
19
54
12
25
50
43
23
51
31
31
30
20
22
5
15
5
56
20
16
3
19
15
5
38
2
18
14
1
21
14
26
26
48
16
31
61
6
5
14
0
1
26
7
10
13
38
88
22
36
26
3
18
19
42
35
67
31
16
13
6
0
2
8
27
5
14
8
1
24
14
24
33
49
16
30
12
10
9
1
35
16
1
13
7
14
49
25
6
26
39
9
15
5
15
45
32
36
33
16
18
2
10
11
33
6
4
3
2
23
3
31
47
4
11
2
14
4
17
30
21
17
8
23
33
9
18
32
9
43
13
2
2
11
12
10
18
14
17
12
4
17
1
23
24
34
4
1
6
23
19
12
36
19
6
32
3
8
2
22
3
3
2
16
20
20
17
35
50
10
31
27
17
16
4
12
9
18
12
17
12
16
6
7
24
3
16
6
36
16
29
7
1
20
6
38
19
3
5
16
19
30
23
13
29
29
32
11
20
12
1
12
26
1
10
5
8
8
27
4
40
14
8
4
18
22
0
2
11
3
9
19
9
4
29
19
2
40
5
45
30
15
19
21
4
14
9
4
0
37
6
8
24
19
5
17
9
11
22
2
44
13
21
19
5
18
22
25
24
34
1
4
22
13
16
12
3
7
17
13
11
20
30
3
31
33
3
24
23
7
26
14
2
8
32
4
21
6
15
9
14
23
17
22
3
26
21
14
17
14
2
5
14
16
20
7
48
5
16
16
23
21
1
8
2
9
13
10
10
14
15
2
11
3
3
25
0
15
18
7
8
17
26
2
35
19
18
15
3
6
10
4
30
22
5
18
0
15
4
21
10
8
1
3
7
5
0
12
22
25
14
18
2
15
18
2
4
18
13
3
10
3
9
2
17
26
29
8
5
4
3
5
9
7
6
1
7
1
15
22
5
18
41
7
10
24
3
16
14
7
13
7
8
0
7
6
6
1
18
8
4
22
16
7
10
3
19
10
15
21
24
1
7
20
1
14
21
3
1
27
2
17
9
17
28
2
21
8
29
3
15
1
11
5
9
15
0
19
17
10
2
6
4
1
33
23
16
10
11
4
26
2
12
9
19
11
11
18
4
2
9
13
9
13
6
24
9
15
1
11
5
8
2
13
10
22
12
2
10
7
18
19
9
4
1
7
2
21
14
4
10
10
1
3
2
11
2
8
21
10
11
11
1
17
9
4
7
3
11
17
4
1
5
2
1
13
12
3
11
3
2
4
7
7
4
1
10
4
7
1
4
8
3
8
7
2
11
14
12
18
2
12
2
8
4
13
2
15
5
0
8
5
15
8
2
6
8
2
4
7
0
4
3
4
1
1
10
5
5
8
2
3
2
6
5
3
1
4
7
1
2
0
1
1
3
1
0
1
3
0
6
1
1
1
4
2
1
0
