16
14
2
26
4
1
82
4
1
73
71
44
3
92
11
14
3
34
16
67
2
77
1
9
3
8
0
70
64
15
23
21
6
33
26
11
3
15
29
1
28
6
5
29
73
12
15
65
81
87
30
9
22
39
41
79
17
14
25
45
12
17
12
35
6
22
7
63
4
64
10
9
3
15
85
35
22
19
23
45
28
4
17
53
104
55
36
64
12
77
65
70
2
0
10
14
22
9
53
56
54
52
22
28
68
32
45
56
5
74
3
0
8
8
52
16
29
59
15
98
64
29
59
10
2
67
115
12
9
49
89
67
41
44
69
35
22
25
4
18
17
28
1
19
49
43
11
23
43
1
3
19
69
37
46
0
7
63
12
37
19
12
72
5
22
13
64
75
6
62
43
27
18
45
30
98
48
18
159
23
8
16
44
42
2
27
49
7
73
14
111
6
64
68
27
35
43
25
1
18
50
50
38
26
11
74
22
5
50
5
26
21
21
8
56
46
6
84
10
36
47
27
6
22
53
74
5
4
52
18
23
22
89
14
56
10
7
25
27
18
40
2
9
56
29
108
48
5
60
46
18
37
26
1
25
23
45
25
73
45
13
8
18
20
5
52
57
29
81
21
64
73
26
1
15
28
29
7
51
15
62
92
27
29
76
65
49
48
79
14
19
5
15
4
12
53
30
30
2
29
14
10
17
54
34
65
32
8
14
50
24
40
1
53
27
31
1
61
2
87
11
19
4
28
0
15
52
81
45
16
49
32
48
70
1
27
6
68
17
33
14
30
13
51
43
32
10
45
55
8
38
26
2
22
6
39
24
70
37
21
75
3
31
16
36
20
90
23
29
7
19
27
62
15
8
39
8
38
35
46
73
15
30
2
44
16
105
23
74
28
7
36
11
9
39
21
30
22
59
29
1
77
39
5
13
13
16
23
47
26
1
46
26
31
13
34
4
72
46
10
42
3
71
36
1
107
13
27
23
11
18
17
28
40
78
3
39
24
7
7
37
4
6
18
0
51
62
44
34
43
20
48
45
35
9
11
20
11
6
44
42
32
12
47
49
14
26
2
41
17
28
72
51
13
5
22
34
13
58
4
16
0
91
70
26
35
65
34
25
12
43
26
26
63
58
1
29
0
13
42
57
31
31
27
20
53
37
35
21
64
30
11
59
71
5
9
32
2
15
51
13
4
27
66
39
10
35
7
24
9
19
30
23
7
6
16
2
9
33
26
63
34
36
27
30
18
35
91
17
65
9
54
13
3
44
2
58
52
88
18
4
26
34
18
42
71
65
13
13
71
2
5
35
31
51
25
4
27
31
10
4
10
22
2
55
69
42
1
33
26
39
54
24
29
15
13
42
58
36
9
1
72
10
9
7
18
18
8
2
38
52
34
16
77
56
5
19
67
24
36
31
10
63
46
8
35
39
21
58
21
44
30
37
33
22
33
26
39
71
5
47
30
24
90
28
3
12
5
40
26
61
16
25
50
56
74
17
4
25
40
34
51
10
89
16
46
41
25
31
45
68
14
51
66
33
17
13
16
29
51
21
68
18
7
67
55
34
8
7
72
68
13
1
42
3
9
2
12
21
72
25
31
38
41
3
5
4
39
78
11
23
31
30
44
61
24
22
43
13
13
8
64
79
15
7
8
29
32
32
55
4
10
49
11
19
3
19
46
19
2
24
0
36
10
11
28
10
15
60
1
24
88
16
26
20
6
32
53
59
11
4
57
46
4
14
13
36
54
50
21
5
1
4
33
33
22
25
11
24
32
2
22
58
38
7
6
71
7
15
20
23
5
19
54
43
65
16
4
18
63
40
11
11
14
0
42
25
26
26
36
52
29
7
70
10
11
7
56
7
17
14
14
23
23
20
25
34
4
23
17
0
8
37
1
36
33
30
64
79
20
44
36
6
54
22
4
12
44
24
37
33
79
23
0
10
16
22
48
23
28
3
30
19
34
37
28
11
18
58
41
29
15
2
52
45
21
13
35
2
23
65
7
17
1
53
98
72
77
9
12
70
53
3
28
30
33
8
28
50
47
8
30
4
9
31
29
52
38
24
41
3
23
51
46
0
4
12
23
18
19
2
19
19
33
15
54
17
11
41
36
20
19
40
16
22
6
21
2
56
39
12
5
17
10
36
42
26
55
3
32
14
11
26
13
27
5
43
31
60
12
37
4
10
24
3
23
22
9
9
14
30
38
23
12
18
2
26
37
11
80
28
5
14
39
17
3
43
12
15
12
27
8
44
2
24
56
16
52
23
18
78
11
45
43
6
12
20
60
2
25
43
19
28
26
38
6
22
63
14
45
22
10
54
50
9
28
13
22
3
26
23
58
20
17
30
13
6
19
33
49
7
24
34
19
39
17
28
51
37
29
18
27
62
102
4
11
21
38
41
41
15
38
35
56
30
4
25
9
29
24
7
33
20
17
5
3
6
10
30
28
26
21
4
2
27
12
25
23
14
45
16
14
15
3
10
25
5
26
20
6
20
16
1
60
95
10
27
29
49
72
59
17
6
1
13
23
6
74
3
43
9
16
3
13
6
1
45
5
15
25
43
18
45
27
14
7
41
22
4
12
16
32
9
4
2
53
30
7
23
12
3
45
11
9
12
28
4
23
16
3
21
27
31
20
23
8
3
17
16
41
29
14
7
5
21
29
6
45
19
21
3
11
12
1
8
10
15
6
40
30
38
40
37
0
15
23
30
52
23
31
36
15
35
47
7
10
1
29
15
19
75
9
3
3
61
12
10
5
4
13
20
2
14
75
25
11
37
0
30
5
25
15
22
26
15
0
23
1
20
13
37
24
45
2
37
21
12
24
15
24
34
41
59
4
5
16
34
16
27
20
4
21
42
2
1
4
29
36
29
20
34
43
19
22
26
5
16
6
14
53
38
36
13
3
10
13
32
43
2
27
17
9
2
15
51
35
49
1
22
16
1
46
26
50
22
28
18
25
19
1
14
1
44
18
21
33
2
11
20
10
48
35
20
4
8
0
52
4
16
17
33
21
26
11
7
5
2
17
33
2
19
34
7
27
11
13
17
9
35
26
0
15
85
54
26
41
4
19
1
41
38
22
17
14
28
1
28
4
5
24
13
9
5
8
1
6
21
8
9
18
7
15
44
34
2
11
33
45
23
38
23
8
12
34
8
5
12
18
9
8
28
2
7
5
22
1
63
16
11
11
14
4
0
38
9
25
18
8
0
30
5
16
34
4
18
42
10
5
10
0
9
21
19
31
9
10
5
36
6
0
16
11
28
27
10
14
36
1
13
27
7
37
6
0
6
22
31
16
17
13
8
15
7
23
10
18
7
13
18
7
1
6
44
30
9
14
13
11
0
5
5
18
22
2
4
14
30
11
9
4
11
9
38
7
3
6
19
14
2
9
2
4
15
10
9
2
8
15
11
44
2
20
23
29
20
5
17
4
9
14
6
26
10
2
1
16
11
40
4
1
19
32
39
11
4
29
7
10
20
31
35
7
40
4
26
7
6
8
6
1
15
2
37
17
8
44
11
7
11
3
7
17
28
43
12
21
5
16
40
10
4
14
22
13
45
17
4
11
10
45
7
11
26
1
0
6
5
1
9
9
4
8
5
13
8
10
4
13
27
4
7
10
1
14
17
7
1
8
11
21
12
9
16
10
2
6
15
5
13
5
11
17
14
29
16
4
0
6
15
8
5
54
2
5
11
17
15
30
11
12
32
16
16
13
1
3
8
7
16
4
4
22
3
16
6
5
9
13
13
1
2
2
8
32
23
4
2
6
2
22
9
12
2
34
11
2
24
9
15
9
6
6
5
11
20
7
0
16
4
6
7
1
12
12
7
14
16
11
22
8
0
15
6
11
7
16
0
7
26
1
12
4
11
14
3
6
14
28
2
5
19
14
9
6
8
6
2
15
2
5
4
13
1
5
10
0
14
0
11
14
1
8
11
0
4
0
10
0
0
8
9
1
3
20
8
25
7
4
4
9
19
13
7
12
0
3
10
2
5
8
2
13
14
7
1
17
14
17
5
1
13
11
11
5
2
0
1
6
4
13
5
2
10
2
1
1
5
11
6
1
1
5
3
6
4
8
10
0
11
6
4
8
5
23
4
6
0
2
7
1
8
11
5
3
7
12
3
8
6
5
7
1
14
8
10
7
5
1
2
0
7
6
0
1
2
4
6
4
4
4
4
2
7
5
3
0
6
1
3
2
0
3
4
3
2
2
1
4
1
1
