14
16
35
21
6
35
22
73
21
7
2
5
63
0
24
15
11
29
3
51
8
20
18
3
29
78
26
14
27
39
15
29
63
6
13
13
27
47
20
12
37
7
51
1
19
42
1
3
23
18
39
5
39
22
19
48
22
15
41
5
25
75
13
47
4
25
39
5
8
43
44
38
83
22
23
12
5
41
43
6
3
22
72
13
10
1
38
24
36
86
57
70
56
70
13
76
4
31
66
64
122
31
20
5
72
17
2
22
46
59
53
11
21
21
21
2
31
52
17
60
54
57
31
21
18
42
47
11
29
13
11
7
68
75
32
59
15
54
64
2
44
98
8
6
27
36
21
86
29
22
10
40
25
38
28
36
16
62
34
30
33
92
32
33
52
61
8
64
20
4
11
40
27
12
4
8
19
21
32
19
18
5
19
44
100
16
86
29
11
81
0
52
46
4
105
75
14
45
37
12
36
9
42
21
48
6
0
84
4
4
2
31
35
63
11
89
4
97
109
9
55
32
26
71
21
15
40
64
7
87
28
20
30
6
49
1
37
4
6
96
74
34
22
2
10
15
50
70
21
23
33
15
43
2
39
42
33
28
71
6
112
0
7
31
47
49
36
53
10
69
37
8
7
42
66
72
27
29
11
6
62
35
7
12
48
15
26
59
40
80
31
11
35
1
11
8
10
47
30
28
11
33
1
26
11
37
4
69
16
78
23
83
15
97
11
5
42
16
33
38
60
2
21
67
38
3
11
29
46
41
93
30
52
43
5
5
27
35
2
18
8
44
37
16
34
38
36
29
49
11
60
49
26
0
21
36
11
49
17
7
3
3
38
61
84
38
28
11
55
24
7
40
24
19
23
13
1
51
26
51
31
18
56
63
34
62
0
47
110
17
35
33
11
27
17
10
13
34
63
55
11
30
23
11
9
37
53
13
4
52
3
37
87
12
19
12
43
54
6
54
7
4
17
2
16
49
31
60
34
20
24
56
42
23
36
35
13
67
9
37
63
15
51
28
25
10
28
16
14
1
34
58
92
2
32
0
51
12
44
23
32
47
20
19
20
24
29
71
59
26
11
42
36
6
42
15
29
4
56
36
5
29
32
3
44
10
18
34
24
12
40
19
8
29
4
6
21
1
29
11
6
23
21
16
30
26
19
58
13
41
4
7
56
26
49
57
15
21
8
13
86
38
38
11
48
17
38
31
29
8
10
34
41
7
1
54
51
8
18
8
9
26
34
1
76
4
15
5
52
32
3
50
9
1
6
8
43
25
14
7
25
29
56
47
14
48
65
18
14
96
13
38
33
14
17
109
48
3
13
33
52
17
26
59
39
49
22
25
22
5
28
80
7
26
43
33
8
52
3
26
31
26
69
32
16
34
41
15
15
8
34
31
14
10
37
4
14
64
19
63
5
10
98
45
54
30
33
14
21
35
75
45
20
42
19
11
18
10
36
6
10
78
65
7
4
12
25
25
38
20
35
37
31
18
56
36
12
41
15
26
36
19
26
25
2
5
28
64
71
11
41
5
38
1
78
35
12
84
22
10
35
22
5
9
11
7
7
31
18
23
54
2
67
55
58
32
72
63
42
2
25
21
36
18
16
43
7
46
54
32
40
132
15
36
35
4
11
59
13
76
3
54
9
15
0
45
47
29
32
1
40
24
14
5
30
7
10
14
54
6
36
6
40
7
35
13
7
33
3
15
1
22
2
37
23
16
58
12
27
31
6
18
3
8
10
52
31
0
21
4
9
1
12
0
50
6
18
6
38
42
2
24
21
51
29
3
32
0
14
3
15
28
55
1
41
11
7
10
55
20
7
21
62
2
6
1
5
9
77
4
44
11
17
17
33
1
58
8
61
19
9
23
11
5
10
17
35
25
11
47
51
0
10
42
48
23
23
41
43
13
70
14
42
5
21
12
45
48
3
48
5
14
25
35
39
35
13
11
25
33
33
2
12
31
39
1
22
11
60
31
82
63
32
64
38
66
18
23
23
7
10
40
5
22
17
23
9
19
31
10
1
21
19
44
64
41
56
20
8
28
6
41
40
34
2
27
26
4
13
83
12
9
25
26
42
19
7
1
13
35
28
23
9
58
14
13
32
4
8
21
1
59
40
24
39
72
22
16
27
34
26
10
24
6
37
36
24
3
28
6
35
25
32
54
30
30
21
11
19
15
1
21
16
51
37
35
4
8
28
22
3
3
27
10
10
19
9
27
23
20
6
22
42
17
73
52
40
0
37
19
23
2
10
2
34
16
33
4
46
30
9
19
58
7
20
34
3
47
32
25
2
52
32
10
43
4
31
15
30
29
18
46
19
23
0
27
36
30
20
26
12
16
17
67
37
35
20
1
20
33
4
12
1
71
13
21
13
30
29
33
39
29
7
1
3
21
51
7
28
10
23
41
41
26
68
5
12
74
6
4
16
45
39
0
27
2
34
3
22
52
26
29
21
2
19
38
7
34
17
54
41
3
50
38
1
20
12
7
13
12
28
47
30
23
14
37
8
4
12
34
46
4
1
39
23
6
11
20
45
11
26
20
23
31
18
22
30
26
16
10
67
2
27
25
6
34
19
40
2
23
20
16
8
2
37
37
53
3
13
19
33
47
31
19
19
0
22
22
19
7
66
10
2
25
42
49
42
8
39
1
19
48
9
45
3
24
32
23
22
23
6
17
44
1
10
25
7
16
21
16
11
11
51
35
27
0
6
23
15
42
24
4
17
47
18
22
5
35
7
21
18
45
35
7
20
4
9
21
48
54
8
5
38
6
20
16
38
78
41
25
1
8
41
30
3
3
28
1
2
15
30
2
19
8
2
39
19
11
0
10
5
10
3
20
30
28
19
5
0
18
9
17
30
31
11
2
10
26
11
10
2
29
65
11
6
7
2
24
4
10
31
21
22
16
11
13
47
28
12
18
13
1
11
15
3
40
29
8
12
52
30
8
32
18
52
12
10
6
3
27
10
14
17
8
2
5
9
1
31
31
58
1
16
3
33
7
17
13
37
11
27
7
5
9
27
12
37
25
21
3
18
3
21
13
8
30
21
37
7
36
31
4
18
5
25
16
52
8
5
9
20
34
34
16
33
9
47
27
15
24
2
5
12
9
43
44
23
17
1
15
28
6
36
37
11
16
0
33
4
47
27
11
24
5
34
27
27
6
7
27
21
5
14
3
11
20
25
41
4
6
12
7
21
24
3
28
11
23
5
12
19
4
12
33
7
29
26
56
19
15
6
16
31
35
16
0
1
18
21
10
5
12
22
19
12
6
1
9
12
7
4
21
5
24
37
6
35
29
24
8
19
31
44
18
12
1
12
2
6
10
41
0
22
25
16
14
18
7
22
14
26
16
16
13
9
3
34
0
23
45
9
17
19
2
23
8
12
5
17
33
10
11
3
15
18
4
1
52
5
7
22
15
3
33
29
24
24
34
18
17
27
31
18
11
30
16
5
11
4
15
7
25
21
7
7
0
28
16
2
31
3
22
69
12
11
15
9
20
34
20
15
2
24
15
3
7
10
23
32
14
2
10
20
33
7
4
15
42
18
10
22
9
0
3
5
13
20
14
20
8
14
3
3
3
8
8
3
13
14
2
17
16
17
12
9
26
17
13
12
12
32
8
20
4
9
30
6
36
7
20
13
4
16
13
9
3
22
1
1
5
10
12
3
12
29
19
20
19
24
16
10
7
3
4
3
13
24
1
16
25
1
1
18
16
21
10
13
13
28
11
11
28
9
14
7
6
2
11
14
3
8
4
12
6
8
15
11
9
28
1
45
16
21
7
11
22
8
2
7
22
3
34
8
2
11
3
0
9
3
11
5
10
12
5
12
10
7
13
36
12
0
11
6
17
10
8
17
25
1
3
17
12
11
5
10
23
22
15
11
19
6
0
15
12
5
11
10
16
9
1
15
0
8
11
7
13
3
24
3
13
23
10
11
10
14
1
14
22
15
7
16
13
5
9
3
4
4
15
9
9
20
7
8
20
16
7
16
9
2
14
3
6
13
4
8
1
5
13
17
5
1
13
5
16
6
10
12
9
7
8
25
5
4
8
18
2
4
5
7
5
6
12
0
6
7
0
1
10
3
1
2
12
1
3
11
7
3
3
2
1
5
4
1
12
0
2
8
9
2
0
3
5
6
5
10
2
5
2
6
4
19
0
3
5
6
5
1
5
2
7
2
0
3
5
0
2
1
3
5
4
2
2
0
1
3
1
1
2
1
5
1
3
2
1
1
1
1
1
1
0
