0
14
45
30
2
16
26
0
11
22
25
7
11
7
1
14
7
20
22
7
10
17
11
7
18
16
29
16
16
25
16
34
17
12
20
55
8
26
32
22
13
5
49
18
22
42
2
33
41
26
21
3
47
47
3
7
29
18
10
18
39
17
65
10
6
45
10
33
11
18
6
54
5
32
22
11
7
27
19
68
43
40
58
9
18
1
76
57
6
36
36
68
24
29
6
14
1
45
90
1
31
26
44
8
8
1
34
5
82
2
3
27
29
44
5
55
44
34
21
46
29
28
4
51
23
5
32
10
4
29
51
25
8
70
16
106
17
34
19
4
0
6
45
11
51
31
13
39
9
66
18
24
23
25
34
11
19
83
43
10
15
24
27
21
35
43
50
45
70
65
18
30
26
6
73
3
20
29
11
4
30
45
32
19
28
15
47
35
33
93
11
14
2
1
29
12
27
9
13
81
22
35
17
6
23
49
35
10
26
43
10
9
51
33
36
15
1
15
5
20
86
41
46
56
38
31
63
37
39
32
46
4
39
60
10
8
45
11
17
34
17
37
3
12
1
20
14
18
49
27
36
29
42
7
36
79
32
26
54
51
6
13
22
11
39
37
36
14
3
41
28
31
87
36
21
26
56
18
9
45
19
39
8
32
21
50
74
39
26
12
23
42
21
5
5
22
42
59
9
16
46
20
10
33
49
17
10
1
52
27
2
18
97
38
14
25
29
45
16
29
53
12
17
34
48
17
18
32
24
44
28
23
1
14
3
62
7
34
47
12
15
83
27
101
48
11
37
22
20
59
95
26
13
35
37
32
26
10
47
2
33
56
12
13
32
34
23
64
18
39
15
19
75
6
8
34
29
49
36
28
22
18
100
4
16
21
36
62
13
1
47
49
3
57
24
24
29
10
20
24
83
34
80
58
12
16
44
55
14
15
64
4
63
44
23
21
107
36
5
21
2
9
56
30
22
31
15
14
48
40
43
30
47
59
11
51
24
17
0
13
74
38
44
7
8
14
2
30
32
39
46
19
10
28
14
20
58
24
7
8
28
49
33
5
19
87
5
31
55
53
8
45
52
67
30
30
12
1
31
23
6
4
35
55
31
26
26
13
48
12
65
76
41
14
51
68
6
2
48
0
18
69
17
16
18
33
34
44
23
15
2
33
45
36
12
6
61
47
52
9
17
66
20
25
31
0
24
22
89
40
39
4
12
36
25
67
3
3
7
2
42
31
58
58
12
42
24
52
28
34
116
11
23
57
15
25
13
39
13
14
28
5
50
29
58
25
85
54
30
36
17
61
95
19
32
31
8
72
7
32
61
23
17
37
21
61
6
1
7
62
1
40
31
15
30
2
36
11
49
4
39
4
19
13
15
39
6
15
14
66
35
8
3
6
40
47
63
1
12
15
31
29
32
19
31
12
18
24
12
32
30
68
15
5
12
4
27
22
28
25
36
8
43
13
19
6
67
33
21
1
7
67
1
19
25
20
73
21
12
12
27
12
2
21
22
16
12
2
22
31
41
57
61
40
50
10
50
6
20
11
14
59
45
20
13
36
20
44
34
7
15
1
35
25
22
43
7
60
2
8
19
4
7
5
23
60
6
19
31
33
33
86
5
5
7
5
1
6
29
14
27
22
37
22
28
11
0
33
42
1
19
79
12
81
6
29
32
1
7
33
42
20
84
69
38
10
12
38
0
2
31
15
50
3
17
38
2
66
4
2
15
47
6
23
12
24
32
39
22
2
4
27
40
6
4
50
29
43
13
45
5
43
31
20
52
56
37
14
19
21
49
1
63
15
57
34
53
1
7
10
12
2
8
30
27
18
26
54
22
43
29
23
22
42
12
31
61
1
16
8
48
8
19
5
36
42
50
43
25
68
26
12
39
12
9
24
8
54
23
39
19
19
9
39
19
27
50
31
28
8
80
11
20
36
19
81
55
26
10
14
26
54
33
50
69
27
24
9
6
12
26
4
18
56
0
16
42
56
46
2
33
31
6
34
9
18
39
11
23
5
0
22
12
43
3
34
17
12
28
0
36
3
13
43
41
9
21
1
42
12
25
6
75
11
22
14
9
20
29
12
6
34
18
44
42
25
55
8
12
41
22
10
38
50
15
6
59
3
28
29
6
19
15
13
46
35
6
8
6
37
24
36
8
34
26
17
8
4
35
9
15
35
23
41
21
11
22
8
10
8
24
28
40
16
3
19
7
42
63
3
33
49
19
4
23
10
3
19
23
41
27
34
16
16
27
3
3
77
22
4
16
44
5
70
76
15
6
5
20
51
20
7
19
36
41
7
20
1
26
8
13
70
12
19
32
32
2
57
66
48
20
22
27
26
6
63
11
10
60
2
49
42
28
7
55
19
31
60
24
56
44
10
26
7
4
11
35
14
20
11
31
34
23
28
22
17
34
42
24
52
8
27
18
4
7
8
8
34
3
18
16
18
18
1
33
8
12
15
20
37
13
1
69
17
27
6
37
16
12
16
35
13
23
14
17
32
34
7
29
26
19
27
24
3
12
24
15
10
0
39
3
23
51
5
0
21
41
72
32
9
2
4
29
32
7
16
24
33
10
15
37
15
25
32
19
7
18
12
26
16
8
21
6
13
27
24
17
15
15
9
36
8
16
8
2
69
19
11
1
14
12
40
4
24
40
69
22
55
22
5
34
36
15
33
26
27
35
15
31
39
27
47
17
33
38
10
2
6
33
11
13
24
3
13
14
24
15
20
14
14
17
31
20
6
10
18
30
4
7
13
29
6
32
52
4
10
12
9
4
28
26
23
19
1
21
28
31
4
39
56
37
52
5
1
49
3
10
42
16
2
35
21
8
35
38
66
27
1
48
19
1
17
20
4
52
0
9
31
33
15
1
3
14
23
2
1
10
31
51
26
37
36
30
44
9
14
36
8
18
3
7
1
23
1
32
14
23
15
6
19
47
35
30
57
59
21
17
6
9
13
23
29
33
1
14
5
9
24
15
8
7
28
31
5
15
25
63
8
5
36
20
7
0
14
4
4
19
62
5
12
38
27
11
35
7
7
21
22
30
18
7
5
8
22
15
13
16
3
0
5
20
25
45
15
18
19
29
3
4
14
24
19
11
11
0
4
15
11
9
26
21
42
19
21
16
24
52
10
14
9
17
19
35
25
7
60
1
17
41
3
24
52
6
18
14
8
18
33
3
12
11
13
8
24
21
40
12
5
14
38
41
29
0
21
10
22
20
12
8
10
24
50
20
1
31
2
19
14
22
13
26
26
35
8
15
27
8
15
7
29
20
39
15
28
7
25
15
30
11
5
5
18
6
15
33
7
24
14
39
9
21
41
22
28
2
22
12
11
22
6
22
6
33
1
3
19
23
9
5
36
45
1
6
15
1
21
14
12
9
20
17
27
16
38
2
14
7
4
1
15
4
28
14
8
4
15
17
7
0
10
11
14
1
51
3
6
40
8
7
8
2
12
45
22
28
32
6
1
26
5
14
21
9
4
2
7
8
2
12
27
2
18
20
3
17
9
26
19
6
15
3
13
17
15
11
8
5
27
25
11
2
1
12
1
9
16
16
4
31
24
1
17
32
17
11
16
19
22
39
6
21
24
28
17
27
2
26
10
11
3
14
16
6
1
24
22
16
16
0
6
6
22
24
22
15
40
1
4
24
8
1
15
10
1
2
6
12
6
6
13
13
1
15
11
18
17
10
14
1
11
26
16
2
26
5
16
9
2
7
13
29
15
16
7
4
7
5
4
8
28
6
6
3
26
8
9
1
16
6
2
6
15
9
24
6
2
20
2
4
22
50
5
2
13
19
0
8
10
14
6
13
1
4
3
13
4
2
9
2
8
12
20
6
4
19
22
13
17
10
19
25
10
8
4
2
4
11
4
1
0
8
1
7
1
14
27
8
2
14
2
14
7
10
4
25
4
1
13
1
7
12
11
6
4
13
21
6
14
22
3
20
8
2
11
18
21
15
14
7
21
0
8
9
14
8
20
4
6
13
6
8
13
4
10
5
1
13
14
6
14
8
12
15
17
14
4
9
7
21
7
6
3
11
7
8
10
3
4
5
7
13
11
29
8
11
3
1
7
2
1
3
2
7
4
2
1
5
7
4
1
0
17
6
0
12
13
0
0
15
8
4
2
11
8
4
0
4
3
7
6
1
0
4
1
1
0
3
1
1
1
9
1
14
4
2
2
12
3
10
1
9
6
1
1
8
2
11
4
8
4
5
7
1
4
4
8
2
2
2
0
10
0
0
3
1
1
2
0
2
0
