7
8
29
1
3
0
54
10
42
3
6
7
9
30
12
23
20
12
54
23
12
36
2
2
61
78
45
25
18
10
11
32
22
37
28
19
21
2
9
19
19
7
14
30
7
20
19
54
15
12
1
51
40
73
6
15
8
44
73
15
5
37
4
39
78
90
28
43
57
58
9
12
40
50
13
21
1
27
31
76
44
25
60
38
45
7
21
40
74
14
8
1
3
44
14
46
22
11
16
36
34
20
27
25
28
85
17
66
73
25
3
14
6
4
21
6
25
65
28
4
13
17
74
49
24
40
59
11
4
9
19
18
79
6
66
105
0
25
33
5
3
45
73
99
48
26
47
22
48
66
39
23
57
31
20
12
36
40
20
60
3
9
82
16
1
4
19
22
70
18
25
41
22
90
20
28
7
9
3
91
48
45
35
25
30
8
26
36
22
67
9
10
11
40
103
90
9
35
2
57
44
6
40
109
51
9
36
3
61
12
51
20
3
49
32
32
88
27
46
17
80
3
19
61
48
17
24
67
22
13
7
51
34
22
28
23
99
27
82
6
42
67
49
9
9
26
54
96
8
6
42
17
37
9
42
110
17
18
45
50
58
73
27
27
32
0
7
10
37
34
39
46
52
62
25
14
9
59
52
25
4
34
25
3
55
12
4
60
1
59
49
19
77
55
0
29
24
45
49
2
15
13
70
84
79
24
49
85
57
4
17
12
22
16
22
17
19
57
48
38
25
38
43
32
102
77
17
94
14
101
44
53
26
59
15
33
3
12
10
17
30
30
25
65
13
70
32
4
12
33
13
1
85
15
22
13
10
39
18
36
16
21
37
37
16
64
40
49
3
20
17
17
3
34
54
49
37
36
33
8
2
18
4
4
20
6
27
32
24
44
12
3
18
47
9
33
40
30
33
72
20
25
41
13
23
0
3
34
10
16
2
105
27
50
44
18
5
44
68
17
2
59
5
33
0
104
66
9
3
15
36
3
45
18
45
22
3
33
48
1
52
64
41
1
3
19
51
3
19
33
31
43
115
33
77
45
70
12
23
37
37
18
7
2
45
92
42
51
55
5
21
44
18
41
14
39
28
9
70
25
35
29
29
45
19
27
13
43
0
14
80
7
3
10
17
8
56
90
36
28
15
5
1
31
13
27
4
13
28
31
39
35
10
48
21
65
17
4
72
43
36
43
73
89
17
1
5
59
29
14
46
69
2
74
37
69
14
14
33
21
5
19
0
39
47
7
26
31
32
34
25
6
33
22
6
46
66
13
103
70
31
6
11
84
11
12
13
28
21
50
25
8
14
19
6
13
50
4
23
34
16
16
25
46
21
31
59
21
92
4
41
41
2
15
49
25
78
30
39
47
4
5
33
61
9
12
50
23
20
79
5
8
24
5
15
3
64
27
33
20
4
42
81
29
70
70
37
53
17
13
2
25
12
16
3
57
12
7
8
18
7
0
40
29
10
19
63
12
23
52
40
1
19
14
44
46
38
23
7
11
17
21
24
65
41
35
4
14
57
3
2
27
6
3
75
22
6
55
70
34
13
45
22
18
18
30
25
82
1
3
32
21
46
8
20
21
41
40
14
37
31
75
6
40
21
4
40
24
42
30
51
7
57
22
33
10
18
30
24
46
16
22
39
12
16
16
82
18
53
42
22
43
61
5
31
28
10
5
29
38
28
18
18
23
1
19
17
27
31
28
6
58
47
47
6
45
63
38
63
7
13
18
18
87
18
8
6
9
43
6
56
23
86
64
35
18
25
39
15
9
27
59
29
18
35
42
29
65
7
59
63
0
41
12
19
33
42
12
2
10
39
6
10
70
18
1
18
54
30
26
32
55
8
38
59
30
14
56
11
23
10
10
55
39
18
60
28
32
48
29
33
72
16
34
36
32
14
19
48
55
9
64
17
10
30
2
32
17
38
32
18
59
27
7
33
25
2
20
71
16
16
39
21
35
27
4
33
47
24
44
3
15
4
54
11
8
5
13
12
9
56
5
59
26
13
20
52
35
21
14
8
29
19
33
31
29
39
2
59
37
20
12
67
28
11
33
2
0
24
29
19
14
34
7
59
11
80
0
14
15
52
46
9
47
26
32
8
31
13
25
11
21
7
21
61
57
8
3
22
18
75
11
6
41
28
8
19
15
13
36
9
25
10
4
2
32
28
18
0
30
28
14
17
0
2
43
23
23
29
4
29
2
39
22
47
38
2
52
15
23
79
13
50
12
0
28
32
18
59
46
29
8
2
40
2
44
14
19
34
12
63
23
21
23
13
28
27
19
62
3
9
61
32
10
14
10
30
25
18
32
32
66
38
32
10
19
18
18
1
2
8
20
24
31
0
7
14
30
15
13
44
60
19
13
37
28
3
6
28
20
26
26
22
58
30
7
52
20
1
13
21
21
2
6
5
20
20
57
30
6
27
23
22
7
13
10
78
16
28
24
12
23
17
39
64
83
18
9
32
58
10
13
52
9
41
24
42
18
7
34
19
12
23
26
11
7
7
2
16
14
22
28
18
1
25
13
39
7
16
22
32
0
31
33
26
39
3
24
1
11
32
13
19
81
17
27
49
15
1
59
50
17
45
37
46
9
2
20
30
33
19
19
48
32
47
31
7
12
32
18
20
42
20
45
31
12
6
2
3
8
21
22
0
3
17
9
23
13
30
36
21
26
25
12
10
15
8
12
34
30
9
53
13
12
27
13
21
1
15
35
27
4
18
9
58
10
25
12
36
13
4
27
27
9
22
37
2
28
1
30
42
5
20
48
14
29
24
32
12
20
42
2
21
44
46
12
6
32
3
49
4
42
15
8
13
28
30
24
17
50
26
3
1
11
4
0
37
6
23
21
27
36
64
46
12
28
9
31
9
56
23
39
6
5
11
47
2
15
0
11
19
25
1
14
36
4
19
21
28
29
21
4
4
21
7
52
9
19
34
11
21
16
13
4
58
37
35
25
13
23
14
41
0
21
20
46
32
4
27
33
14
2
21
31
34
11
22
27
25
26
5
14
3
31
12
4
17
7
12
1
7
1
6
4
8
24
24
41
12
23
22
25
16
1
27
16
21
7
16
12
1
5
5
10
1
19
29
2
17
9
3
56
14
21
5
14
6
54
1
15
0
37
13
0
29
2
5
17
12
14
24
19
11
3
13
42
3
12
2
7
14
3
25
9
21
6
3
45
8
60
13
19
6
10
9
18
1
17
36
21
6
18
21
13
4
6
9
6
17
31
2
17
14
9
1
3
8
29
14
17
9
21
23
8
22
12
3
6
5
4
22
11
6
24
2
4
54
19
3
10
13
7
41
7
8
4
47
7
18
5
12
6
8
42
10
8
23
4
4
9
9
10
8
40
12
4
1
0
10
23
11
5
17
0
31
7
26
38
31
6
6
33
9
11
4
48
2
0
10
15
20
1
29
7
23
12
1
3
12
9
2
0
9
26
39
14
11
29
13
50
26
36
8
13
26
44
29
20
8
30
21
3
4
0
28
4
11
2
22
16
9
26
18
18
18
7
24
29
29
10
23
11
0
21
13
10
0
12
16
8
3
13
8
31
20
7
29
9
15
4
6
9
16
21
11
8
6
8
3
9
18
19
2
13
18
16
4
3
9
13
1
5
14
10
5
14
26
10
3
6
11
15
8
10
36
34
23
29
30
17
5
7
5
5
38
24
12
24
13
38
6
33
8
11
27
5
7
23
7
8
13
10
1
8
8
14
29
31
15
0
13
3
5
7
11
1
22
15
3
19
16
12
6
5
3
18
16
8
3
22
0
17
7
17
5
4
15
1
15
7
18
13
35
4
3
7
20
9
11
5
10
6
6
19
11
21
14
8
29
19
5
19
5
3
29
12
7
0
0
32
8
8
27
1
3
23
15
8
8
9
16
10
4
14
0
10
5
25
14
16
7
12
4
11
14
0
13
8
4
18
8
2
2
2
15
3
9
17
2
19
12
5
8
8
9
1
2
15
2
3
9
14
36
3
10
12
4
9
21
4
17
4
23
2
6
10
2
19
2
14
18
0
2
3
1
9
15
1
7
20
13
9
20
27
17
13
5
2
8
20
19
16
5
13
11
1
5
7
16
4
1
11
13
6
4
2
14
8
4
4
3
5
4
4
4
3
8
10
7
5
3
2
2
12
5
3
6
3
7
2
0
5
4
0
7
3
1
5
10
2
0
6
2
2
10
4
10
8
4
2
7
8
4
4
8
5
4
1
4
6
2
6
1
2
4
1
1
5
3
1
4
8
5
2
8
6
2
1
5
3
0
4
1
1
1
0
0
0
1
1
