1
18
12
3
14
11
24
3
4
4
25
10
11
18
6
4
48
21
6
22
17
12
25
19
15
1
39
2
49
19
57
29
8
18
19
31
0
22
38
19
12
11
9
26
10
1
9
47
36
6
83
22
55
3
48
10
48
30
28
46
119
32
1
34
41
37
1
5
4
44
8
49
18
16
4
29
37
65
45
16
8
25
25
38
8
78
70
99
19
21
7
36
3
44
15
62
51
12
32
67
14
34
55
49
23
25
46
18
20
61
79
15
31
31
35
28
32
2
1
15
34
18
54
48
44
7
3
8
32
28
22
40
10
42
5
31
5
27
6
40
12
76
71
37
70
66
12
7
59
25
34
33
54
19
40
18
56
4
38
22
100
50
104
10
13
31
20
4
4
9
29
11
54
53
36
114
22
14
16
22
88
18
43
5
34
26
19
51
14
7
19
23
47
58
30
2
15
42
15
0
15
42
62
3
19
18
16
23
8
14
40
30
47
44
18
33
104
17
0
26
16
38
20
20
83
48
14
20
1
21
5
66
4
13
54
73
24
32
21
65
21
70
10
100
11
50
24
10
6
13
29
2
15
16
39
3
32
38
44
6
26
15
43
9
9
27
12
13
48
27
31
9
58
21
10
35
48
22
4
9
48
17
72
18
2
22
4
26
5
34
46
24
63
101
57
3
103
58
59
6
0
14
38
47
21
74
21
6
54
27
29
35
32
1
8
40
75
7
49
42
15
0
28
14
57
46
16
32
46
12
12
60
3
41
8
63
25
13
30
17
17
31
81
15
42
35
24
2
17
10
59
1
64
31
40
7
48
48
79
56
27
16
147
48
60
23
47
2
41
28
8
24
19
41
44
43
30
39
6
56
4
87
4
63
21
20
52
26
12
30
71
42
30
8
21
31
42
13
6
75
31
11
43
132
8
30
2
87
44
13
27
78
26
31
68
22
89
8
29
22
31
27
105
6
9
5
60
16
1
24
57
18
31
26
32
69
2
60
49
3
36
38
23
38
26
27
10
8
27
50
23
20
26
7
33
5
8
23
26
19
23
43
67
4
34
4
69
34
51
11
26
20
8
30
17
2
74
98
23
119
11
61
2
29
48
35
51
21
34
0
62
34
13
3
16
2
10
38
46
24
5
16
51
51
24
24
24
32
63
12
10
9
31
17
8
16
3
9
27
2
4
29
38
86
5
1
63
65
12
12
2
71
44
45
63
1
2
55
31
16
23
46
28
45
18
28
19
27
45
17
65
20
88
31
57
1
10
15
44
1
23
46
13
23
34
20
3
24
23
58
9
10
36
22
43
45
29
76
21
57
7
14
23
63
20
53
18
54
28
19
12
42
15
3
34
19
78
49
1
34
56
49
10
9
42
27
38
6
5
9
15
79
32
8
62
6
20
41
52
9
35
30
55
19
6
36
5
25
5
50
15
38
2
21
5
48
7
24
28
57
18
22
54
36
7
37
40
5
25
71
15
8
24
24
54
36
1
33
23
49
12
2
7
31
57
21
9
20
20
5
2
22
46
11
33
10
9
23
22
8
49
9
21
10
24
38
11
22
24
32
10
20
26
20
22
0
18
13
55
10
15
19
21
25
24
94
14
42
24
28
7
59
83
24
33
42
18
10
24
20
7
37
19
42
28
34
99
70
5
0
24
7
41
7
10
16
58
39
40
35
10
2
35
47
13
44
6
25
39
19
21
32
35
8
6
7
37
2
22
16
4
27
57
2
25
63
2
17
6
7
1
70
38
38
20
15
66
2
15
60
23
44
13
27
46
33
1
20
76
3
65
25
40
21
48
33
14
72
11
24
5
5
45
8
18
3
28
13
27
10
8
22
14
22
7
9
32
37
17
69
20
17
21
40
67
25
4
26
12
7
17
64
29
35
39
21
20
39
32
24
4
37
13
13
33
7
0
17
6
12
1
6
8
21
11
3
43
8
9
70
6
30
38
36
1
39
49
19
2
49
13
13
1
11
5
36
4
47
31
2
9
4
70
23
28
18
16
6
6
34
3
19
48
28
4
15
0
45
11
7
14
67
20
27
45
15
2
41
33
34
9
14
50
33
22
50
11
43
3
4
10
22
0
32
10
41
43
40
10
46
8
33
26
38
5
12
22
6
71
6
43
41
43
32
37
7
28
27
8
0
48
32
1
25
17
5
1
30
41
9
12
48
8
18
25
38
33
12
46
53
37
17
25
11
19
49
0
39
24
35
7
46
38
5
19
32
54
9
18
35
106
28
9
88
23
16
26
36
46
5
17
1
63
66
18
2
8
15
3
50
31
16
35
29
46
4
19
5
14
18
29
22
14
5
79
8
28
21
22
16
10
8
11
18
30
12
46
3
12
11
50
61
19
15
17
29
13
11
8
28
25
29
3
45
5
45
41
13
7
22
22
31
4
18
35
3
28
42
44
6
11
40
33
21
1
4
69
38
16
5
42
25
16
5
17
9
13
5
31
2
3
27
20
10
48
34
8
33
27
36
31
6
12
13
15
16
21
3
6
47
31
7
59
5
23
52
46
21
24
35
31
6
52
16
64
18
15
3
17
29
15
8
46
26
69
16
23
14
8
8
46
15
15
5
8
10
45
15
24
34
2
12
43
36
34
2
5
24
52
5
32
19
34
29
27
6
17
20
9
29
29
37
7
2
41
1
2
20
12
6
34
33
2
2
25
4
12
7
33
4
32
0
34
7
10
10
14
31
49
32
17
37
10
53
2
37
41
47
19
19
32
11
43
24
26
4
15
73
32
40
6
1
36
16
6
1
7
2
3
7
22
33
26
12
3
26
34
67
16
10
37
6
26
25
3
3
37
10
30
4
7
14
19
30
3
42
34
11
2
10
19
54
0
29
29
11
34
23
24
15
1
16
28
13
11
23
4
35
11
70
18
7
37
35
4
18
16
29
22
20
48
13
19
7
5
25
47
8
23
8
25
40
8
20
22
22
28
22
42
33
4
29
10
4
5
42
9
13
45
38
5
13
35
1
9
10
46
31
1
23
1
54
0
32
39
17
30
40
24
18
41
13
16
37
21
36
44
26
35
9
19
19
18
54
13
2
20
21
21
30
16
6
47
13
19
3
44
19
14
9
35
7
30
1
10
20
22
31
7
18
33
30
49
3
7
29
6
48
9
12
4
17
11
18
37
36
18
14
1
22
36
1
18
20
16
20
38
20
13
3
14
26
30
26
8
45
28
4
22
4
16
7
32
23
44
8
30
11
17
17
12
30
33
15
36
27
4
44
10
9
41
6
7
32
3
28
30
11
26
4
21
24
26
26
20
12
59
5
40
4
4
15
25
16
45
8
38
7
6
11
32
5
1
6
7
25
34
37
18
10
20
9
27
27
7
7
3
30
21
4
31
1
14
7
6
44
25
12
9
34
16
12
1
13
14
19
23
16
20
26
11
27
18
10
16
4
23
26
12
3
33
24
29
33
29
1
44
19
5
4
5
9
11
30
2
8
16
4
5
9
15
7
30
1
13
2
41
12
19
37
4
3
8
8
20
6
4
38
22
22
12
5
8
2
18
15
2
2
10
4
18
22
12
5
10
10
39
6
9
17
23
6
9
4
4
8
27
27
4
36
0
19
7
11
7
40
1
21
8
20
3
23
10
9
8
21
17
2
25
29
11
20
20
15
9
15
7
20
7
2
13
7
27
22
22
11
26
11
27
27
47
20
4
1
5
13
5
8
20
12
9
18
2
6
28
25
7
39
6
9
6
1
9
14
39
44
31
10
21
1
1
19
5
15
1
8
10
10
1
1
11
19
4
11
21
1
12
27
7
35
0
21
20
6
19
22
0
12
0
4
8
7
40
12
2
8
1
31
3
21
7
9
8
20
5
5
11
27
7
10
7
11
4
19
2
9
5
11
27
12
7
8
3
26
3
3
8
3
7
6
3
6
16
13
13
21
3
15
18
1
13
1
15
17
8
1
23
1
11
12
13
6
5
13
13
14
2
9
8
7
2
1
11
20
19
10
11
3
10
9
3
7
1
5
9
4
10
1
15
7
4
6
15
1
11
5
20
15
0
1
5
17
0
2
5
8
7
14
9
5
5
8
2
14
0
24
8
1
5
13
9
4
6
5
4
2
2
5
6
1
4
13
10
4
1
6
10
12
5
1
3
1
3
2
1
2
10
16
6
8
3
3
2
2
2
30
2
3
6
3
9
5
1
6
3
4
4
25
3
3
6
0
3
0
10
16
5
3
1
11
3
3
0
1
3
3
8
8
8
2
0
1
1
5
8
6
7
0
2
0
5
2
7
7
7
1
1
1
6
5
1
3
0
3
1
1
2
2
1
0
