5
0
21
3
0
5
2
1
37
52
39
24
8
13
1
10
7
4
3
57
2
6
0
78
19
19
22
35
23
22
0
58
1
95
50
32
24
76
14
2
11
34
23
4
8
17
11
79
32
9
11
3
67
20
26
9
44
22
11
22
8
45
3
14
1
48
21
65
41
3
59
38
35
5
60
17
9
35
34
45
45
23
44
13
34
3
16
13
35
55
113
8
5
53
34
71
26
59
56
12
27
48
32
12
18
33
8
27
18
14
29
39
49
37
32
59
33
16
4
55
49
9
19
105
38
8
71
36
63
79
10
16
38
2
18
54
29
16
55
46
4
73
13
111
15
12
47
17
19
3
81
33
64
43
10
34
19
42
48
8
32
12
95
28
21
12
16
40
26
1
63
24
57
30
29
45
42
2
70
7
11
65
55
26
52
18
7
67
35
31
14
47
55
12
89
7
10
6
20
26
29
13
31
37
14
7
38
27
67
46
1
37
18
36
20
21
30
4
29
18
60
2
35
4
2
21
13
27
18
22
82
4
6
49
20
20
50
5
22
30
43
36
6
60
28
20
34
49
78
32
2
27
7
21
40
12
62
30
19
1
25
3
5
29
10
5
104
50
15
9
9
24
43
6
12
21
15
36
15
26
16
10
24
66
72
21
45
29
32
32
35
3
24
12
6
45
6
38
37
27
11
26
26
2
22
2
25
68
35
3
35
11
28
65
19
9
14
49
23
2
14
48
56
26
18
4
42
24
9
93
14
1
4
41
33
3
26
24
45
28
12
18
26
29
45
20
12
81
24
4
45
49
32
1
54
57
1
14
33
58
105
49
2
55
74
3
7
96
34
27
25
48
31
45
41
61
2
6
74
15
7
26
43
36
22
12
4
78
49
23
33
15
17
23
64
109
37
3
48
72
20
20
54
54
15
69
15
0
71
23
27
41
61
29
13
38
18
54
21
18
38
28
71
1
32
22
15
77
49
83
45
32
55
4
40
0
48
28
31
5
30
36
31
62
31
9
66
9
44
35
53
9
14
69
28
4
25
7
51
48
15
12
14
9
74
10
29
17
82
9
56
40
29
28
14
8
15
50
30
10
1
25
20
60
7
11
31
15
10
63
63
47
73
40
64
55
92
50
12
18
6
32
54
47
3
46
42
39
51
11
58
24
22
26
15
13
2
25
26
6
30
7
49
54
5
25
38
47
27
21
0
10
71
32
123
27
48
51
55
42
17
16
10
108
20
63
53
36
21
26
65
36
36
49
10
26
10
17
11
26
6
24
26
15
41
27
7
4
36
23
22
20
60
6
59
46
42
25
34
30
10
21
30
45
53
64
37
40
12
22
32
32
4
64
53
40
7
59
12
33
11
43
22
13
24
4
42
13
15
2
16
50
37
1
17
28
7
2
28
19
21
30
59
51
50
27
61
30
91
41
8
45
25
50
10
82
56
16
4
43
40
26
60
98
11
35
4
24
19
9
14
12
20
23
37
60
40
38
4
6
19
16
10
27
69
28
34
92
8
10
24
46
35
16
11
19
45
48
28
67
15
48
46
63
22
29
20
74
9
12
12
22
52
17
19
6
65
39
17
13
94
2
12
15
4
20
7
60
6
4
24
23
75
66
29
10
30
56
30
22
19
93
13
49
20
14
28
35
50
55
14
47
41
10
61
27
23
67
6
7
29
9
16
8
9
19
19
23
26
4
24
83
3
21
14
39
4
41
29
29
3
41
5
101
8
34
49
18
8
36
19
34
44
2
32
7
56
11
40
43
9
60
65
4
17
3
31
22
9
3
6
11
0
3
42
41
5
4
23
26
42
21
49
17
57
2
36
81
3
3
11
50
6
27
50
38
39
22
9
16
14
11
9
4
7
35
2
42
6
46
3
24
44
10
9
1
14
41
11
31
7
60
4
3
14
1
15
52
35
65
61
15
9
60
17
29
27
8
67
18
29
2
34
42
6
42
26
6
8
59
3
9
20
25
30
9
26
20
1
25
24
62
5
83
2
30
11
37
16
23
32
40
14
22
3
68
36
7
55
2
61
25
57
14
19
11
3
45
8
37
5
25
19
3
40
37
26
36
10
35
1
20
46
3
6
22
51
4
1
9
91
16
64
29
12
21
21
27
12
34
4
2
23
80
7
16
1
49
37
57
35
21
15
2
7
10
11
1
17
20
35
13
36
68
20
9
25
1
61
1
2
5
1
17
34
15
63
17
29
46
24
59
2
12
25
5
51
91
13
20
27
17
34
59
78
35
22
15
13
16
8
2
12
7
15
30
9
21
20
1
6
4
31
20
10
16
38
36
13
57
15
34
14
23
24
3
43
18
28
6
3
16
5
16
39
4
39
21
52
41
16
59
29
1
3
43
13
15
4
66
16
72
18
15
84
53
60
3
38
18
35
23
58
13
24
39
24
58
49
3
16
62
1
54
12
28
48
40
0
14
6
28
10
0
27
28
36
26
25
7
25
10
1
1
16
21
15
30
7
20
9
42
27
9
22
3
27
43
8
42
21
10
57
19
19
64
3
32
17
47
14
21
2
29
10
27
21
24
18
45
69
19
32
7
7
36
18
7
4
32
13
15
13
5
18
11
49
16
40
62
10
7
15
18
23
15
24
29
13
6
3
12
44
32
4
6
8
14
32
33
13
4
9
45
7
3
37
33
9
41
31
5
16
7
16
0
22
45
21
61
33
1
34
77
0
45
28
15
6
16
16
34
11
3
1
44
28
28
4
36
39
8
25
24
21
15
29
25
13
37
32
7
9
2
14
9
25
12
6
11
20
34
60
18
32
18
11
7
7
15
29
14
20
7
48
51
10
33
19
0
18
4
64
5
8
14
42
28
1
52
17
18
43
6
17
37
17
4
7
23
12
2
31
28
3
32
43
2
14
1
35
20
22
25
43
14
14
48
3
45
31
10
16
6
12
34
43
2
7
11
3
17
28
22
16
7
17
21
24
49
16
2
25
41
41
4
8
9
14
3
18
82
9
25
9
60
19
20
14
1
22
13
39
1
20
12
6
2
3
1
29
15
11
11
54
26
15
38
8
6
1
8
12
17
28
2
39
27
12
6
19
42
2
30
34
11
51
11
5
21
6
1
62
23
11
26
29
5
50
30
16
1
15
30
1
15
24
2
20
1
3
17
15
18
19
14
18
7
31
7
16
9
20
23
25
39
11
2
17
10
0
13
13
16
28
18
14
19
35
25
1
3
29
3
16
16
1
4
10
2
15
25
24
16
8
8
11
17
23
6
33
52
24
8
32
18
0
11
2
34
6
17
3
14
24
24
15
25
14
2
4
7
12
4
11
5
1
7
35
0
8
19
21
34
7
4
12
31
7
12
0
53
9
21
8
41
38
5
62
5
4
20
16
16
2
58
1
23
1
60
10
23
1
25
8
17
21
0
21
0
4
13
23
48
27
13
26
23
6
2
20
11
4
0
21
2
1
30
7
7
15
17
25
41
34
29
22
7
6
0
11
11
11
27
13
16
33
0
2
16
12
5
47
32
11
42
24
2
8
1
19
1
6
22
8
4
29
11
6
18
29
22
5
19
55
12
16
25
23
5
7
10
7
2
5
42
17
11
7
19
22
20
8
3
8
33
8
14
22
22
7
11
9
23
10
8
2
18
15
44
1
6
2
2
5
17
4
5
1
18
19
39
16
19
12
10
0
33
10
5
0
14
16
4
10
46
4
7
21
6
2
9
9
4
11
4
25
9
13
3
19
2
18
9
15
9
16
16
0
6
15
18
14
11
35
55
28
26
8
36
10
8
7
1
11
31
20
5
8
4
25
10
9
1
5
7
18
21
21
35
13
4
2
40
3
5
17
6
41
27
2
13
13
7
18
3
22
12
19
9
14
8
17
2
36
15
1
15
14
10
20
9
9
22
1
5
1
28
21
11
2
10
16
10
2
16
20
22
4
2
13
1
18
29
8
9
8
12
2
9
17
14
8
14
13
6
15
7
1
14
12
9
13
3
2
13
16
17
10
16
2
15
0
4
27
5
13
18
4
6
10
0
6
10
1
4
9
0
12
3
15
12
12
27
5
6
1
21
0
16
6
5
0
12
17
0
24
13
0
5
7
0
5
3
5
4
8
4
3
3
13
4
5
0
7
6
3
1
6
11
18
4
2
23
14
11
3
0
12
1
4
13
7
11
2
1
3
9
3
11
4
10
19
15
5
1
1
10
13
3
4
4
10
10
10
2
0
9
5
0
15
10
5
6
1
5
4
12
12
5
3
0
7
3
2
3
1
2
3
13
5
3
14
1
6
2
0
0
4
4
1
2
0
5
3
1
3
6
4
1
0
1
2
2
3
10
5
1
0
0
