62
19
21
79
21
3
74
60
7
24
29
3
5
9
104
15
11
40
13
37
2
18
2
12
20
85
17
3
1
22
46
5
67
27
87
16
13
27
7
28
27
1
36
21
110
117
59
31
78
7
39
4
6
38
46
15
19
63
32
7
28
26
33
16
33
17
6
15
53
12
13
21
7
37
62
16
8
56
37
51
17
8
17
52
12
15
43
24
42
35
80
61
39
8
37
22
21
6
46
22
2
26
63
4
19
11
8
33
17
40
46
92
26
5
46
14
38
22
12
24
82
21
29
27
21
6
3
50
34
46
25
18
25
79
51
1
24
29
8
24
7
35
9
39
46
74
112
62
46
44
2
2
72
39
18
31
95
51
3
67
72
52
51
30
30
94
2
26
3
95
11
93
7
5
37
9
5
28
40
8
17
51
57
51
22
57
68
65
14
31
20
5
23
28
29
12
27
37
63
10
16
3
72
6
24
31
15
20
18
21
2
44
12
1
14
57
82
13
35
76
19
16
44
3
85
75
66
26
21
9
13
13
46
18
67
10
54
27
82
23
6
12
20
10
41
50
24
9
11
17
14
20
21
10
81
10
1
31
16
9
3
1
45
28
17
67
25
25
7
47
23
19
73
6
8
33
10
29
125
2
49
33
10
7
5
17
42
28
8
26
37
8
20
115
36
43
57
13
15
14
39
37
98
19
39
14
37
12
21
98
16
39
19
4
17
59
33
16
4
45
16
30
23
20
44
23
37
60
0
40
4
82
8
93
17
7
49
32
46
46
52
60
29
22
10
27
36
80
64
3
107
28
15
95
11
38
4
73
28
57
35
51
2
7
25
85
9
5
57
8
36
10
38
74
39
51
59
33
27
3
33
15
9
18
54
10
30
20
60
9
11
23
34
68
45
41
41
17
25
8
41
21
32
9
72
69
25
64
9
72
8
23
40
7
37
18
5
7
3
35
79
43
32
68
63
29
64
29
3
46
1
18
52
69
65
23
33
33
5
1
56
21
43
22
10
76
37
63
25
60
8
25
51
21
12
19
17
3
75
14
18
17
9
17
37
22
2
18
9
41
7
9
57
4
55
25
40
44
14
24
39
32
8
57
48
32
14
41
60
3
49
67
9
25
35
77
13
15
13
7
96
88
9
11
15
11
16
28
29
21
3
18
19
21
64
12
18
10
35
52
15
45
1
11
52
20
2
35
67
39
30
39
41
26
8
5
91
31
42
55
7
26
45
11
1
6
6
12
22
0
12
26
11
7
34
16
15
79
6
10
19
33
7
27
10
12
34
19
22
4
75
34
21
34
21
71
57
4
45
69
13
16
21
25
46
40
7
28
62
3
38
36
19
9
50
8
9
41
90
75
17
44
50
1
46
3
34
59
14
3
19
39
2
63
29
3
7
7
53
18
45
1
16
22
17
26
26
11
2
64
16
49
44
31
38
21
7
35
40
29
55
73
46
22
6
9
48
38
17
31
8
60
31
2
41
103
21
1
11
11
18
42
36
16
55
19
47
4
9
35
10
48
23
0
12
33
5
60
34
13
12
50
43
41
27
49
31
4
1
10
7
72
10
7
5
26
64
42
40
46
47
11
25
25
1
25
45
6
12
44
7
56
63
2
35
12
4
2
5
57
53
51
46
1
81
18
25
52
14
25
30
38
44
4
52
4
26
43
43
14
39
23
71
47
38
39
51
18
26
3
21
64
11
5
19
2
23
7
48
43
34
15
22
33
2
21
121
31
24
1
38
17
11
86
26
19
22
0
33
16
25
12
18
9
75
25
8
40
41
21
55
12
44
20
35
88
5
59
19
32
22
28
65
18
12
34
49
8
4
27
14
24
13
7
18
25
27
9
9
27
8
55
8
32
39
40
59
20
49
53
7
26
10
26
65
19
73
47
35
26
31
52
44
32
42
15
4
13
47
13
8
8
71
45
21
27
40
4
23
12
20
11
18
80
19
21
28
16
19
28
52
19
38
50
18
45
6
21
11
15
24
33
52
30
15
18
51
11
13
2
22
14
14
43
54
5
10
54
17
33
81
10
37
6
25
31
7
26
10
6
8
14
38
7
26
47
11
36
22
5
32
0
9
19
1
6
4
34
18
9
36
16
15
7
26
21
14
36
19
36
28
9
7
1
3
56
14
19
41
17
28
19
8
27
33
39
21
47
6
4
39
37
9
50
74
86
20
56
10
40
14
16
2
18
33
32
5
20
6
25
11
41
2
22
33
6
51
23
7
30
13
4
16
48
23
13
31
36
22
16
14
35
42
24
42
58
17
27
40
13
17
23
4
26
10
15
22
25
0
3
58
22
32
4
27
40
19
11
9
18
37
16
18
2
5
24
4
48
15
56
1
20
30
17
20
78
32
7
23
19
29
33
29
23
19
49
1
36
23
3
16
12
7
61
2
0
19
15
11
1
5
30
11
3
22
12
4
35
1
0
22
27
16
33
46
7
16
59
15
1
2
33
13
37
41
13
10
37
7
20
6
35
28
34
24
1
14
40
12
17
31
23
22
19
11
16
27
46
5
63
9
37
7
9
24
13
19
33
15
4
35
24
23
11
68
56
27
27
24
8
41
9
25
6
23
17
13
20
30
58
17
18
49
57
45
44
16
60
3
28
36
33
54
25
1
24
27
25
9
14
2
26
3
63
30
29
24
1
24
6
24
22
16
17
14
68
14
13
17
22
24
43
6
1
12
18
23
39
32
9
40
50
8
43
50
17
9
28
51
56
40
50
5
35
35
8
45
16
0
39
36
78
20
38
31
37
55
7
24
17
18
3
7
9
13
9
41
16
6
24
14
3
47
34
14
44
5
39
5
18
6
2
24
8
4
5
13
18
24
3
14
39
42
26
7
10
12
17
0
26
2
20
20
6
40
21
17
22
7
52
42
11
8
43
33
26
20
14
17
23
61
62
9
34
14
16
1
10
39
34
6
6
22
22
9
44
42
9
9
41
4
13
41
15
9
6
15
14
15
12
35
6
30
3
45
12
17
3
13
35
11
5
22
30
42
47
50
35
29
53
25
24
2
29
28
2
37
12
22
3
11
11
47
35
44
38
38
20
1
42
8
3
32
9
12
6
19
33
17
31
22
30
40
44
15
31
20
30
4
11
29
39
21
10
39
11
24
5
10
15
28
11
17
33
13
31
32
2
19
16
11
18
0
27
1
1
2
17
44
23
26
25
7
2
39
1
50
6
2
19
29
2
40
36
11
4
5
21
0
40
8
33
35
21
17
8
22
8
25
33
11
8
2
6
22
10
21
6
13
2
4
15
2
2
32
10
0
17
19
37
33
5
8
21
19
38
12
47
12
31
11
14
13
29
5
28
8
42
13
4
15
32
48
11
17
43
2
11
13
16
30
23
15
4
16
4
13
35
9
8
58
16
20
15
31
15
14
5
6
2
25
29
14
26
15
0
0
43
8
18
14
18
30
52
4
10
12
23
6
1
3
31
7
28
0
22
22
5
5
16
36
15
15
2
7
9
34
6
7
25
19
30
22
10
13
22
19
22
50
0
13
22
18
15
36
7
7
1
3
18
0
44
16
8
4
9
45
19
29
15
2
3
15
6
13
39
19
5
41
3
5
8
6
19
18
16
27
7
3
59
2
14
8
41
17
2
18
11
54
1
11
8
15
16
2
11
27
23
12
13
6
28
37
3
1
16
46
4
40
16
26
40
26
7
8
26
33
15
24
22
29
13
15
7
11
3
10
2
3
26
3
12
12
18
12
0
9
23
20
13
20
12
12
9
4
6
11
15
29
10
0
28
5
10
3
14
16
13
8
5
1
44
16
7
1
2
21
9
10
16
8
16
8
1
3
23
10
24
10
13
8
16
8
1
5
1
8
13
11
14
21
0
14
10
9
22
32
2
4
2
4
20
12
0
11
9
13
13
4
4
14
6
4
3
3
12
9
23
7
4
11
34
0
3
15
8
13
3
4
13
21
2
14
5
13
13
0
8
23
28
6
18
5
10
16
7
6
3
24
15
17
10
18
6
5
4
21
15
12
15
17
5
15
17
2
11
9
27
4
6
4
10
7
10
20
19
7
19
7
9
6
4
17
16
7
12
1
10
20
0
16
1
23
15
4
1
5
13
5
4
7
19
9
1
12
10
4
5
0
4
1
3
10
10
14
4
5
8
0
3
13
6
9
7
13
8
2
11
4
0
0
10
0
2
3
5
16
1
10
12
1
7
8
1
18
1
2
11
13
4
7
3
1
6
2
4
7
5
1
6
11
1
7
7
2
2
5
7
8
0
3
4
0
9
6
5
5
1
1
5
0
5
3
2
1
2
2
5
2
9
5
6
1
4
2
1
5
3
1
5
0
2
0
4
1
4
2
2
1
3
