1
20
5
64
55
2
1
1
65
7
6
19
44
35
14
56
8
29
18
36
6
67
13
14
97
49
6
12
62
18
7
10
4
18
52
31
26
52
5
84
22
12
20
22
28
18
51
92
6
20
1
56
29
40
46
15
4
12
38
33
23
44
6
32
0
11
12
35
29
9
12
38
19
48
20
35
74
0
21
153
61
54
70
49
30
75
70
2
30
122
46
28
35
43
14
25
31
44
17
52
6
64
19
46
17
5
31
18
29
89
7
33
74
22
88
17
76
46
27
23
11
26
12
43
23
63
33
34
2
65
46
70
6
3
20
5
20
62
15
47
22
38
39
32
46
31
60
102
24
3
66
18
48
5
32
7
23
36
46
5
31
28
16
68
4
17
5
54
49
13
30
28
20
6
30
20
28
22
6
71
35
79
22
3
27
80
24
1
56
69
79
39
24
42
25
13
1
23
43
34
47
31
51
9
38
88
23
69
23
4
16
38
16
36
1
29
2
25
72
6
36
12
70
25
4
28
98
42
8
40
29
24
29
42
3
48
52
23
51
22
59
4
9
9
19
31
34
19
23
3
61
120
31
51
8
94
41
4
10
37
24
24
46
36
31
2
93
14
43
29
5
11
42
6
88
25
2
39
15
41
18
71
27
42
61
23
42
63
27
60
3
93
18
1
8
65
41
49
23
42
2
15
25
64
30
40
23
12
101
21
67
42
11
29
17
24
50
22
54
63
61
48
18
18
11
51
52
29
10
34
8
54
43
15
10
57
66
16
84
33
68
8
9
36
48
22
34
41
2
25
9
13
25
36
47
19
28
31
9
37
6
44
5
15
26
36
28
67
36
8
67
36
45
26
102
49
72
19
8
26
11
2
22
19
9
12
27
38
3
27
33
3
4
25
15
40
53
73
14
31
56
69
60
52
24
17
0
60
21
36
33
15
25
18
82
17
5
11
0
42
102
47
40
13
18
43
16
27
19
48
21
36
61
26
30
14
17
2
8
1
43
53
9
48
33
76
28
50
10
30
9
65
17
38
89
35
73
28
15
87
15
47
10
46
32
49
66
15
36
6
55
17
7
23
39
4
10
57
1
1
46
15
13
39
9
62
10
20
18
27
12
88
93
55
8
55
62
31
10
72
13
3
28
49
57
46
70
66
21
17
3
68
31
10
37
19
27
24
17
9
33
41
19
16
13
13
18
13
13
48
3
25
37
73
10
4
18
80
28
44
28
16
22
43
29
60
29
63
66
28
17
52
69
6
27
23
9
22
3
48
41
30
81
18
31
25
11
56
36
20
35
3
55
1
4
12
109
46
69
81
44
32
27
28
4
80
16
74
12
52
40
15
98
5
30
35
33
48
66
58
2
2
12
17
22
51
12
8
21
26
6
27
3
19
16
4
37
22
76
9
24
15
29
26
15
8
18
94
22
61
19
75
8
2
29
17
57
24
73
68
3
19
33
17
32
17
25
9
3
48
79
45
6
25
20
28
39
75
16
54
6
12
8
62
5
61
74
61
32
33
9
25
52
51
19
8
51
14
13
61
2
12
45
60
7
41
24
26
50
35
4
34
18
42
12
3
7
69
10
47
58
33
18
55
12
29
7
9
27
8
4
17
21
5
8
5
15
55
11
32
50
13
42
40
52
80
27
7
17
7
32
19
41
10
30
26
51
3
98
25
31
46
39
26
29
6
1
20
43
27
62
15
50
23
1
8
26
68
28
10
22
64
36
20
14
10
29
17
17
27
1
45
41
56
55
22
8
33
26
25
46
21
21
24
7
29
9
28
11
32
10
43
4
1
6
15
5
45
17
41
21
23
43
12
7
31
41
17
67
46
97
35
11
20
37
21
48
44
33
2
12
3
30
7
10
17
4
21
8
48
30
0
44
11
16
5
3
19
9
11
31
39
27
54
34
17
27
14
6
28
1
14
41
5
3
65
7
30
84
30
3
18
5
9
24
6
35
35
10
1
35
33
22
9
9
9
40
18
5
31
27
10
41
1
6
12
22
35
54
54
13
40
6
67
7
25
12
16
36
3
0
35
21
14
6
16
18
1
37
12
67
12
33
15
39
37
3
62
29
55
124
36
36
21
19
2
11
1
5
9
16
64
56
48
39
3
28
7
6
40
5
65
15
32
23
8
72
10
23
2
46
25
23
14
6
15
2
16
17
10
4
11
18
9
51
20
74
1
51
14
43
53
22
78
26
63
34
12
5
14
45
15
4
41
72
2
11
25
6
49
22
25
23
11
9
15
12
50
84
0
22
92
12
37
45
6
3
46
0
18
17
40
7
45
58
32
2
15
15
28
7
24
6
26
19
15
9
42
7
26
0
30
54
9
14
6
41
39
28
14
25
3
51
51
8
22
39
16
12
8
24
1
11
19
31
10
93
33
30
36
38
15
14
24
28
4
23
13
0
37
7
27
65
14
8
12
41
40
2
4
18
10
25
8
22
71
13
12
6
23
26
10
40
47
30
25
0
0
27
10
16
1
6
17
50
16
8
4
34
14
12
32
34
20
12
3
37
6
5
10
28
37
5
51
7
20
29
26
8
27
8
3
50
6
61
25
26
12
19
49
0
50
38
28
22
5
19
9
5
9
20
30
16
40
55
14
12
12
23
11
13
9
8
17
12
23
14
27
15
6
7
40
38
22
23
2
55
7
14
38
23
16
9
16
9
14
22
9
58
3
24
21
20
4
37
33
58
4
39
6
29
58
28
14
17
7
33
26
16
30
10
37
27
52
0
8
1
7
28
22
18
43
9
36
2
20
10
19
2
60
21
3
17
14
16
44
6
26
32
1
5
14
5
3
12
22
27
2
17
24
7
7
24
38
18
6
57
19
8
29
39
25
6
18
10
15
30
15
2
65
27
4
3
29
6
75
14
17
6
56
24
11
18
31
6
48
27
32
9
17
3
11
7
40
7
5
16
4
8
5
41
26
30
27
21
7
43
45
12
2
5
19
14
4
14
7
64
9
23
6
47
54
12
13
53
19
28
11
10
10
27
14
26
22
25
58
33
45
30
4
11
17
41
12
23
22
7
11
6
2
35
1
19
27
38
5
10
2
7
35
16
9
0
25
1
12
0
5
12
29
33
23
13
9
0
14
36
2
9
4
29
28
42
5
32
38
1
22
22
8
29
16
36
9
4
4
3
11
17
32
9
6
6
27
7
4
15
34
12
20
25
5
20
9
21
12
16
26
33
6
15
19
30
19
2
8
19
12
36
21
3
6
30
11
36
18
18
7
6
3
9
8
15
29
7
17
15
6
14
29
3
19
41
2
4
13
3
30
9
20
31
23
10
9
16
30
7
9
40
2
15
15
12
48
28
25
13
6
13
1
7
19
22
8
65
34
17
12
44
15
36
10
46
16
16
17
31
38
5
19
10
12
26
5
12
4
18
41
3
6
14
26
26
34
40
26
22
49
4
13
13
47
7
16
27
23
9
36
14
36
3
15
31
25
10
12
13
1
5
57
24
16
22
2
20
34
0
5
3
3
20
20
23
19
50
13
3
2
20
19
7
18
5
26
35
3
24
8
18
2
9
2
16
13
19
26
12
32
0
12
11
25
12
7
53
30
0
13
34
18
10
6
0
13
28
30
19
1
38
6
27
2
24
19
23
33
3
24
26
7
10
22
18
1
3
9
12
22
5
32
20
5
14
38
6
5
30
17
21
0
21
4
23
19
0
4
29
7
6
17
26
4
23
15
9
24
5
9
6
3
14
3
38
10
41
38
17
7
3
26
20
12
19
6
1
18
12
0
1
1
22
11
13
20
3
8
2
1
25
0
18
13
15
5
0
14
14
0
8
13
8
16
24
11
26
0
10
8
4
1
7
11
3
24
2
7
8
16
5
4
21
0
4
10
14
13
0
1
7
5
14
14
0
27
8
15
25
3
11
10
12
22
5
4
8
14
0
9
19
27
2
10
1
3
9
8
8
5
33
2
5
16
9
6
10
11
5
6
2
2
11
28
10
15
7
32
21
6
6
24
5
4
3
22
9
15
5
0
8
9
2
3
14
19
26
9
6
7
6
15
11
12
3
2
4
2
10
12
6
22
2
16
1
16
18
11
14
7
2
13
2
13
13
24
3
8
2
18
11
11
7
7
4
4
19
5
11
2
21
18
10
19
1
23
9
17
2
5
5
1
9
17
6
12
5
1
7
3
6
8
0
4
4
7
3
1
11
13
6
5
11
2
3
10
5
13
15
1
4
7
9
6
5
12
8
12
10
8
0
17
5
5
8
9
4
2
5
1
1
3
3
7
8
6
1
4
11
4
0
4
6
7
3
7
5
5
2
5
11
3
4
10
2
0
3
6
0
8
0
0
9
6
1
1
2
2
6
3
1
1
6
1
6
2
0
0
3
0
0
0
