2
8
47
7
4
19
2
2
7
23
6
29
8
14
20
8
6
70
78
67
19
14
22
4
5
43
19
50
5
19
4
86
78
22
68
32
44
1
33
79
22
57
42
36
32
90
48
36
21
10
36
10
15
3
27
18
31
9
30
52
69
25
3
67
3
58
35
37
1
19
50
43
66
9
57
8
55
23
35
15
24
9
39
20
50
6
71
2
14
76
62
16
91
34
42
17
54
37
11
68
49
72
24
45
16
29
14
89
98
14
13
79
49
60
1
44
20
9
6
3
6
22
15
10
70
68
33
42
4
67
11
16
18
35
9
7
27
48
32
52
70
25
27
1
3
1
99
44
3
24
29
0
84
63
108
49
22
44
16
21
58
37
8
3
73
34
18
62
4
5
17
49
18
25
54
17
11
70
4
28
47
1
43
27
91
61
46
12
1
31
19
8
3
51
14
1
8
19
14
31
28
37
32
75
61
25
30
4
59
17
49
24
20
28
9
40
8
25
78
18
34
4
51
61
7
36
45
34
26
18
23
30
3
7
109
27
59
22
41
72
72
27
22
66
4
32
36
32
93
32
40
12
7
54
21
50
34
72
40
59
13
39
41
113
17
3
46
10
48
60
4
10
25
28
24
4
41
64
2
16
22
57
28
31
29
41
28
24
2
26
24
37
12
24
9
28
29
6
9
87
49
51
16
43
55
19
45
19
89
22
54
68
41
36
16
49
11
24
48
27
48
37
23
13
30
57
85
31
93
19
48
36
2
1
30
7
59
18
31
11
26
1
86
15
16
46
23
24
1
93
6
14
84
30
34
24
53
36
36
47
57
2
93
5
23
5
66
8
29
10
24
13
39
67
18
48
43
31
17
35
45
14
17
20
10
78
37
43
105
8
11
31
18
25
37
1
14
89
6
19
15
14
25
29
49
14
9
43
31
16
11
21
40
25
25
15
54
16
67
59
47
24
9
34
1
3
53
73
7
13
16
44
20
30
49
42
5
17
40
34
40
39
1
4
69
63
17
4
10
14
18
13
10
16
6
62
17
33
10
5
10
57
35
2
23
56
57
9
114
16
12
31
9
29
3
85
64
7
29
12
51
45
48
57
47
7
29
29
16
47
63
8
5
13
26
34
2
7
39
25
9
4
46
15
46
28
44
14
1
21
15
47
28
26
21
23
17
7
22
15
34
60
33
26
10
7
19
80
26
28
7
24
125
23
29
57
7
18
16
17
37
32
31
1
7
1
26
41
7
83
53
34
66
34
29
4
38
30
60
73
20
35
66
29
2
8
18
38
16
8
35
43
62
11
5
24
3
27
12
53
11
10
70
41
22
2
4
15
18
47
29
5
45
19
1
17
37
44
42
35
25
15
9
38
25
27
12
6
64
32
39
20
33
37
34
48
9
9
20
57
106
46
29
20
6
28
17
17
11
17
23
23
18
20
36
29
13
42
70
16
18
20
69
6
44
9
5
56
24
29
6
4
22
54
30
6
29
22
25
46
0
72
30
31
49
6
3
50
16
47
16
9
17
84
22
33
1
11
21
50
24
1
38
19
35
15
23
6
81
27
9
41
14
3
25
29
19
55
13
0
47
17
24
33
13
38
7
5
14
77
42
51
38
18
1
22
17
30
21
52
49
52
57
13
11
59
1
24
32
15
57
11
55
20
27
12
35
13
56
7
33
50
2
42
31
17
43
8
35
28
12
55
3
2
56
53
16
9
47
30
3
19
31
47
16
1
46
26
32
59
36
6
6
26
2
10
22
70
14
14
1
10
3
16
11
5
42
28
14
59
32
46
46
21
26
7
50
70
19
21
3
21
19
47
21
4
24
3
42
57
6
37
45
25
7
19
46
2
9
4
50
16
9
57
16
17
0
24
52
66
64
61
20
26
23
2
0
28
23
29
0
31
18
11
12
15
28
19
1
14
52
7
33
0
13
12
5
24
58
30
15
48
31
0
11
14
11
5
14
21
13
20
63
52
60
36
2
12
2
9
7
12
48
14
24
11
1
41
27
59
51
7
6
22
10
77
26
20
8
12
3
60
0
53
40
5
17
33
31
8
53
45
2
7
49
57
1
58
26
0
13
35
8
6
17
11
11
6
10
2
4
1
18
20
30
17
54
40
26
15
43
17
2
10
16
62
15
48
18
9
38
12
21
23
12
15
5
11
36
12
3
56
19
28
12
21
24
8
6
17
12
29
3
1
28
20
45
21
11
6
32
53
24
37
90
36
21
72
36
18
27
11
72
10
18
50
9
19
20
15
21
18
21
6
73
4
40
83
5
2
4
83
8
58
6
16
6
6
31
52
27
25
5
28
32
10
19
18
23
32
1
1
16
10
24
2
17
3
12
8
12
9
6
46
8
47
8
22
25
5
28
25
11
2
50
29
24
18
12
52
4
25
23
12
8
6
1
1
26
13
27
34
9
38
4
13
23
36
1
29
49
3
20
2
27
55
9
30
6
17
2
0
23
10
47
33
8
13
33
4
48
40
15
43
3
66
3
7
70
59
9
18
16
13
16
1
27
8
16
54
76
3
15
3
29
59
0
25
16
24
3
5
69
52
12
10
17
14
34
20
2
26
3
21
45
24
71
49
13
2
26
27
34
34
12
17
7
9
5
1
14
46
36
19
4
38
6
17
5
21
47
9
17
24
29
8
44
33
13
10
26
16
57
50
59
8
12
42
8
33
22
15
23
6
15
25
39
3
20
6
8
10
19
10
43
34
34
2
26
14
14
9
60
39
45
18
12
14
30
15
10
37
55
3
14
46
49
8
22
48
42
5
12
28
1
41
32
12
24
24
18
66
24
12
3
40
3
34
6
8
9
35
27
61
22
1
22
21
2
22
42
38
0
36
0
1
21
14
1
25
22
6
14
27
36
4
62
7
47
8
11
15
0
31
32
34
26
14
17
10
7
57
16
46
35
31
23
3
8
11
7
6
4
24
32
31
9
21
7
39
65
8
44
2
49
22
36
5
5
35
11
13
46
16
20
7
8
31
50
16
16
33
12
4
13
4
45
3
36
34
16
16
25
13
5
26
4
54
5
8
2
1
31
9
9
38
5
14
69
26
0
18
11
2
1
30
26
3
1
22
4
7
39
45
12
11
21
0
66
3
9
5
10
14
35
5
18
4
7
7
8
39
11
9
15
20
17
2
11
40
16
7
9
4
6
2
8
11
4
19
18
0
17
34
21
16
24
1
30
14
7
6
1
6
24
23
6
15
22
9
6
26
11
45
8
1
34
43
16
0
34
8
14
0
38
16
34
1
30
11
9
2
20
1
5
62
20
4
0
7
8
20
18
18
45
28
11
2
43
0
7
4
23
53
3
1
14
6
24
39
4
2
56
4
5
21
35
16
6
4
15
7
15
22
18
6
4
8
6
14
25
28
11
3
49
9
4
12
40
32
12
23
20
7
32
5
41
18
4
12
6
13
27
37
3
18
11
11
66
21
9
34
38
3
23
12
12
8
12
9
12
3
22
10
4
13
13
0
49
13
26
10
14
40
12
27
7
22
10
7
22
10
11
18
3
43
14
2
13
14
21
16
34
19
43
48
35
21
10
7
14
6
45
14
5
2
14
55
4
7
3
22
15
33
4
9
25
2
27
15
10
3
6
16
30
7
1
6
5
14
25
20
8
35
10
36
29
33
6
4
3
7
20
19
24
3
13
0
6
20
5
6
3
3
29
25
30
35
5
18
9
36
16
4
26
5
5
3
5
6
3
8
19
37
15
10
5
36
0
15
28
25
1
1
20
10
23
13
24
31
18
25
20
17
4
18
6
31
11
11
31
5
20
3
14
10
4
36
1
20
7
2
7
10
21
10
5
18
5
19
1
6
21
18
18
11
30
5
5
8
15
5
16
3
10
9
24
19
12
5
1
21
2
16
22
23
12
13
49
3
2
14
8
6
0
2
17
7
14
4
3
2
11
37
2
13
25
4
5
1
4
4
11
15
8
12
5
25
9
30
15
1
20
6
9
29
7
27
27
10
5
5
2
4
18
6
12
11
0
19
7
1
1
14
15
15
3
6
16
2
20
3
3
12
10
9
11
7
14
7
8
6
11
7
16
3
11
9
16
0
3
10
9
2
12
3
6
12
6
4
7
7
8
4
3
1
1
5
5
13
4
8
3
11
1
13
5
9
9
8
2
4
8
7
4
1
16
16
5
2
4
2
9
9
3
6
3
12
10
10
3
4
11
1
10
10
6
15
14
13
1
13
5
3
4
9
1
8
6
7
10
9
5
3
8
8
3
6
9
2
10
5
3
12
3
2
7
9
3
4
0
10
3
9
16
1
6
5
1
11
2
4
5
5
10
1
6
3
5
2
0
8
0
6
4
6
4
2
2
9
3
4
0
4
6
4
3
4
4
4
4
4
0
1
3
1
3
2
1
1
