2
16
2
5
5
20
6
45
53
21
0
47
38
5
41
14
3
27
13
16
12
22
19
13
3
28
19
7
14
62
10
7
10
70
86
29
7
25
1
34
5
8
14
28
30
43
33
39
27
2
3
17
52
53
16
63
7
70
85
20
5
16
48
52
41
8
57
41
20
30
13
14
18
44
8
55
42
31
27
17
34
14
66
14
12
3
119
27
12
8
35
49
29
87
5
29
23
41
71
16
73
13
10
34
3
15
26
66
15
88
23
52
28
11
22
26
54
44
20
13
50
65
30
11
17
71
31
49
51
64
38
11
15
18
17
64
18
24
1
98
30
75
42
79
14
18
24
29
82
34
2
52
8
42
56
39
35
50
29
33
27
13
24
25
29
35
21
8
19
23
5
14
53
31
8
46
39
78
28
15
14
20
26
13
49
4
11
24
79
36
28
97
43
2
14
35
70
30
107
9
118
73
82
31
20
3
71
17
5
31
45
70
13
4
22
51
85
24
50
19
125
73
6
9
32
96
13
36
57
3
11
25
51
78
11
12
21
39
18
16
48
29
65
48
26
73
14
7
4
20
20
9
8
39
44
76
11
7
17
51
10
2
33
31
21
19
57
5
62
0
50
23
41
33
73
14
13
39
11
42
59
27
25
27
75
28
31
45
10
8
11
15
3
3
21
13
90
15
57
49
37
5
37
6
31
1
22
26
21
41
39
55
32
71
65
14
41
13
19
92
34
94
71
40
2
51
54
34
12
26
24
78
30
18
30
13
11
9
31
168
11
22
84
75
9
53
12
21
12
16
23
93
28
6
82
26
42
46
5
2
109
11
17
22
27
56
14
25
34
25
0
61
46
4
7
14
25
1
9
80
40
25
24
9
26
9
59
9
11
6
24
18
3
14
45
44
3
50
45
11
0
9
1
41
19
60
9
36
49
0
110
60
74
29
3
38
8
19
6
16
38
34
81
63
49
31
4
23
12
10
14
45
5
4
36
31
73
43
13
28
40
28
35
100
19
12
46
7
13
15
28
9
64
29
33
9
8
67
40
5
28
12
1
50
31
60
38
26
1
64
47
30
41
36
15
16
4
31
40
48
52
24
67
1
3
0
8
5
9
21
48
20
17
16
4
46
67
22
24
0
65
32
10
45
51
1
44
55
40
52
8
26
2
17
60
49
7
1
47
2
16
27
48
21
9
20
40
34
42
46
16
65
4
43
48
39
14
37
89
66
74
15
11
1
47
22
40
24
13
74
3
22
21
40
26
48
14
5
82
66
57
7
44
11
14
25
9
13
8
23
4
30
48
81
16
11
33
26
46
4
54
2
20
49
24
41
30
8
40
29
2
52
61
38
74
1
19
3
34
30
10
50
40
3
7
6
22
9
12
32
19
12
10
6
49
23
24
30
33
2
61
49
38
9
32
4
19
10
5
2
43
27
51
85
45
19
16
24
80
39
22
34
15
22
49
1
6
29
24
6
34
14
52
15
13
0
8
38
22
9
48
8
27
1
55
14
36
1
25
46
21
15
5
86
3
18
36
15
1
48
5
17
8
8
15
46
23
15
6
31
20
30
23
47
34
12
24
10
53
1
48
22
28
33
3
39
2
30
35
43
15
10
24
26
34
56
13
20
17
54
3
13
60
1
39
28
5
11
39
48
25
58
8
19
13
16
1
56
8
43
27
38
31
24
70
19
11
26
49
33
10
45
23
13
72
16
16
2
4
17
31
32
29
24
20
29
75
13
10
37
36
5
2
13
13
17
36
7
24
42
19
91
49
24
20
40
21
22
3
13
45
41
34
7
1
38
20
6
15
11
44
5
21
2
26
40
38
8
67
32
41
6
11
31
32
37
11
19
69
5
11
29
27
39
4
10
12
21
12
32
30
13
42
68
2
12
16
29
18
64
36
2
30
38
22
11
83
4
44
20
37
70
48
24
30
61
15
30
0
53
9
35
12
31
49
10
47
8
1
32
4
4
7
51
58
13
6
21
25
16
38
16
14
26
41
22
6
17
81
24
8
18
16
49
16
35
24
59
13
6
19
91
29
24
50
94
20
4
25
18
8
12
24
30
14
54
8
50
1
9
23
17
12
8
63
39
12
12
4
35
66
21
27
18
47
27
29
44
22
33
31
23
11
2
55
1
4
57
4
25
11
17
12
23
17
32
54
10
7
10
38
46
17
74
9
4
12
17
9
3
3
11
16
19
17
5
25
9
11
2
32
8
22
15
15
19
30
5
15
16
45
16
40
35
8
1
1
62
31
11
37
16
9
5
20
8
10
21
52
26
56
5
11
6
8
25
24
2
48
1
27
3
67
31
68
40
5
0
10
18
39
5
4
33
11
23
20
21
21
56
7
45
21
18
18
14
29
4
31
4
55
23
14
18
19
16
31
31
17
8
51
56
7
7
15
44
12
23
26
35
56
33
9
22
6
33
8
14
26
15
40
1
2
37
22
37
36
11
19
13
73
47
3
16
47
33
13
6
1
19
13
9
6
46
9
61
13
35
45
22
5
1
1
63
84
5
21
8
6
16
26
0
28
35
23
24
1
6
13
44
16
8
71
28
8
8
20
2
36
42
21
32
3
14
8
35
5
15
12
27
5
17
17
12
10
55
30
13
26
21
4
45
7
19
57
31
7
37
9
80
3
0
25
24
20
40
24
7
49
39
32
13
6
35
26
13
3
61
74
14
9
30
18
11
15
52
9
37
6
5
10
44
54
24
2
14
14
9
14
35
54
2
2
2
19
39
23
13
40
36
26
2
59
38
19
24
0
2
7
3
4
49
33
4
27
37
23
23
10
17
18
67
12
2
9
7
29
36
29
21
8
28
2
13
15
27
29
5
5
33
11
30
33
26
40
3
37
32
63
29
8
6
15
3
19
19
45
10
5
43
45
26
22
22
63
7
1
27
13
16
35
58
16
28
55
15
24
46
8
27
69
17
10
28
1
97
32
41
5
31
1
32
24
16
26
20
32
2
32
34
24
5
16
3
22
8
47
4
19
9
1
17
2
2
7
35
19
13
21
13
16
16
20
11
9
43
16
30
33
10
6
30
37
11
26
38
29
3
13
25
11
5
1
4
54
3
16
6
27
64
19
15
12
38
13
9
12
17
20
4
11
9
8
7
18
14
21
16
46
7
4
3
13
30
25
25
19
6
44
36
2
3
20
21
9
5
22
6
43
4
2
18
75
4
22
10
49
37
27
41
30
24
17
4
17
39
20
10
2
7
14
16
17
12
10
10
2
3
55
25
20
12
8
31
8
15
8
35
16
32
11
27
4
8
8
8
10
12
48
2
14
30
6
21
4
22
8
30
9
19
17
12
1
32
7
20
4
22
30
19
7
45
35
3
29
7
3
16
35
13
28
11
16
18
24
4
32
34
2
17
15
35
8
24
8
17
11
9
4
15
10
18
15
23
13
4
13
7
17
12
11
15
8
9
49
36
46
15
12
16
27
8
16
40
29
21
19
29
41
24
19
10
5
22
24
4
7
35
7
28
26
4
20
10
20
12
31
7
3
9
19
9
19
21
10
11
3
5
27
24
10
0
8
29
41
23
41
31
40
9
9
23
0
39
18
7
1
24
9
24
1
22
6
30
15
6
4
6
26
24
4
11
12
18
10
1
23
11
25
12
5
4
3
9
5
11
2
17
20
1
3
7
1
11
8
8
11
28
45
4
1
10
15
5
6
5
0
29
13
15
4
14
6
6
14
17
0
8
20
4
40
8
0
2
7
12
4
7
11
24
4
21
9
14
11
23
34
9
11
6
5
28
21
7
7
3
5
3
23
44
7
25
4
7
12
1
16
32
9
23
8
12
11
24
35
1
11
19
7
11
8
3
35
20
15
15
18
13
17
7
15
0
5
3
6
21
16
1
16
14
21
24
21
8
3
1
14
18
6
1
17
7
9
13
3
29
6
10
13
18
11
21
28
28
16
16
11
1
10
15
5
6
3
9
22
15
7
3
6
16
14
5
3
4
4
12
7
7
4
0
12
32
10
3
18
25
7
1
1
9
16
21
5
4
4
16
2
1
10
4
1
26
3
9
0
2
22
5
8
18
0
27
20
9
23
4
1
8
6
17
5
3
26
20
1
5
21
6
15
3
0
6
10
1
3
6
20
4
1
8
7
27
7
16
4
0
7
5
13
13
6
17
2
7
24
4
13
8
4
13
2
10
7
19
1
2
2
21
11
13
16
12
4
3
17
3
1
12
5
14
25
7
16
3
8
5
10
14
13
5
3
4
7
2
0
10
15
6
11
2
1
3
8
5
19
5
1
2
0
3
14
4
0
0
3
13
0
3
9
11
1
1
11
14
1
15
1
9
3
8
2
1
2
7
5
9
1
1
16
6
5
5
1
1
1
6
10
1
2
0
3
0
4
2
2
2
1
3
0
0
4
1
5
3
1
4
0
2
0
0
