3
71
62
3
5
33
39
5
5
48
7
25
38
2
8
82
6
52
21
9
22
31
12
47
24
21
6
4
15
3
15
17
27
7
34
21
32
45
22
12
17
23
17
32
9
18
45
40
84
57
63
49
50
24
25
8
15
2
27
4
2
40
46
38
34
13
0
61
14
61
38
15
40
29
50
13
11
10
4
6
19
5
81
48
49
48
3
29
26
14
71
14
28
2
108
54
3
10
37
12
82
25
6
9
9
20
28
55
64
38
45
68
20
34
24
5
12
37
69
57
3
20
25
8
26
92
25
37
9
51
53
13
2
4
51
26
55
64
15
17
32
80
15
44
35
5
27
19
40
26
77
9
4
3
9
19
14
7
34
58
21
4
47
27
25
26
100
15
42
21
16
38
1
73
39
29
17
26
1
52
13
40
95
100
4
7
60
103
67
11
6
37
70
38
50
45
26
73
56
27
22
94
34
6
25
62
35
52
30
60
64
52
95
32
23
20
17
79
2
20
27
52
12
29
18
26
22
19
30
14
6
12
16
25
22
71
8
30
63
61
82
57
28
10
17
69
37
29
26
44
15
52
37
23
14
37
1
46
3
27
35
36
72
21
53
21
41
22
13
6
20
34
15
21
34
17
3
4
66
12
17
56
46
7
30
28
12
43
65
26
14
6
25
48
16
13
61
48
14
111
7
11
53
18
7
78
4
5
43
29
39
30
18
19
73
52
31
37
18
23
99
10
50
27
15
21
35
6
5
11
32
60
3
99
78
75
37
43
19
12
76
15
32
0
34
100
11
11
97
33
32
48
43
38
29
25
38
11
61
47
3
18
14
43
24
17
78
40
34
24
19
19
118
7
1
37
54
21
24
55
8
28
12
24
6
8
15
53
24
33
62
45
17
22
17
25
39
14
23
19
13
48
42
44
4
0
59
16
23
11
39
19
5
12
25
46
1
27
6
45
24
13
34
58
21
15
27
57
9
34
16
1
1
39
50
33
23
29
36
42
23
60
37
52
18
2
20
28
22
20
64
65
60
2
19
2
75
53
10
27
23
44
34
25
35
2
8
23
18
13
72
29
56
15
20
2
62
39
26
27
9
23
51
32
53
22
59
37
12
8
19
53
0
1
55
75
35
78
104
20
41
16
26
3
37
30
13
3
17
37
2
92
31
24
12
28
3
21
58
17
50
27
17
36
12
90
3
2
46
49
61
41
2
8
7
35
38
0
28
20
77
19
27
24
64
60
10
60
107
75
18
13
18
4
103
10
34
37
30
63
17
43
20
21
17
62
25
56
36
91
27
51
77
47
29
23
25
19
50
8
49
17
61
17
33
2
36
55
2
48
31
8
52
40
18
32
41
41
27
48
46
34
23
26
30
1
9
39
28
1
23
28
19
18
76
53
8
22
33
14
59
45
43
31
30
56
37
13
10
1
20
36
36
37
23
16
30
24
24
54
54
60
47
7
7
36
64
6
8
8
5
5
18
90
2
18
50
3
7
16
28
35
13
37
23
39
43
4
95
25
51
38
23
5
11
64
31
2
17
4
69
5
6
22
13
40
22
28
16
41
22
29
19
6
78
60
7
60
29
16
6
26
27
3
2
65
7
30
26
22
26
38
10
28
6
43
49
56
45
18
16
41
46
0
36
27
8
18
22
55
40
1
4
75
37
6
19
13
5
48
3
25
97
8
25
3
5
6
26
24
44
7
6
11
13
46
51
65
34
10
40
29
10
38
49
24
54
1
19
55
38
41
71
6
20
35
10
17
2
51
21
5
6
38
1
30
39
32
9
51
34
9
66
60
16
23
26
14
16
59
6
3
7
42
71
20
13
12
55
14
11
51
23
58
38
60
39
14
1
21
30
59
41
24
26
7
35
33
44
58
28
7
90
9
22
11
70
11
104
28
48
59
39
5
2
11
1
17
52
74
22
46
80
44
66
28
26
11
8
58
44
17
7
5
31
36
17
6
31
4
34
15
5
32
0
36
10
4
1
4
21
11
78
18
30
13
71
7
22
5
15
11
41
3
27
49
6
28
44
28
21
20
45
26
49
23
44
5
18
26
28
18
20
58
16
37
18
9
67
20
17
30
30
4
20
30
37
4
43
27
34
24
42
11
19
40
79
5
23
50
14
1
33
7
22
29
35
34
30
67
10
6
45
20
16
30
12
33
82
56
17
54
14
9
33
3
30
9
17
20
74
37
33
11
5
27
9
18
44
7
12
22
4
21
7
20
4
30
23
9
49
22
46
41
49
7
13
34
9
21
1
12
40
18
4
22
12
30
6
5
17
5
4
20
2
25
48
19
28
4
4
2
39
6
8
16
64
6
41
24
30
25
45
5
45
15
31
33
43
20
45
21
40
32
36
46
13
18
4
19
32
5
51
16
9
54
7
31
8
12
57
22
11
11
2
14
13
21
4
44
7
17
35
5
12
17
32
67
39
28
45
43
42
1
18
16
39
25
63
45
12
68
5
57
9
2
39
2
8
12
11
15
8
76
36
21
32
17
6
28
5
0
39
72
18
32
14
14
25
15
32
21
74
16
6
47
3
72
33
8
26
40
14
3
43
15
35
4
46
11
42
22
66
57
19
12
1
64
14
34
28
41
17
29
1
2
24
38
9
10
33
26
3
2
11
13
8
13
68
19
3
42
1
25
7
5
38
22
39
13
30
21
37
20
5
32
42
13
8
13
3
30
12
1
10
14
45
33
1
27
15
53
9
15
18
18
12
40
21
7
41
17
7
30
8
16
48
19
17
34
13
9
62
32
22
25
7
7
15
2
40
31
37
1
18
19
2
11
39
9
20
47
24
32
31
20
11
67
19
27
8
31
12
28
40
47
5
28
19
4
26
10
51
39
20
18
17
7
4
3
19
5
9
36
21
15
20
4
2
32
11
22
20
14
46
22
44
11
15
36
25
1
35
48
26
63
44
27
20
0
30
19
15
7
30
28
17
12
28
9
16
21
6
7
21
14
22
47
17
25
41
24
10
23
5
11
17
35
11
25
37
33
27
4
8
7
9
0
3
32
8
2
17
20
24
14
1
2
33
3
0
2
7
25
14
30
48
41
36
38
11
18
11
11
54
4
9
21
14
23
7
3
17
31
2
27
25
20
19
23
37
8
2
1
3
13
21
4
44
23
8
30
55
44
61
35
16
9
2
21
1
30
54
13
11
10
27
2
22
35
50
32
16
31
1
27
54
10
15
10
45
11
21
12
0
9
10
27
2
22
60
1
17
7
15
11
16
32
10
60
19
33
28
8
24
22
24
29
35
33
3
10
7
27
7
39
17
63
20
8
26
3
21
0
14
2
7
84
4
15
19
14
1
48
35
13
51
30
1
37
11
5
23
8
3
21
36
10
25
5
5
0
4
1
8
10
15
2
43
5
28
4
36
45
21
15
29
25
10
20
21
22
18
43
9
11
16
16
15
11
46
9
12
13
7
26
16
9
9
14
18
9
36
13
5
50
49
16
45
3
47
5
10
25
18
1
90
10
17
12
26
8
20
6
4
6
19
17
0
45
36
36
4
25
17
5
1
12
4
6
16
33
0
20
44
24
17
21
31
5
20
10
5
11
16
20
41
1
6
2
10
12
14
9
19
6
11
13
25
9
13
1
24
21
15
12
7
15
45
41
15
8
43
15
6
11
7
2
22
11
61
8
7
11
13
17
15
5
12
8
26
11
10
7
17
10
3
20
13
4
7
27
16
6
16
38
13
9
21
7
1
3
8
14
20
22
8
24
31
25
1
4
4
9
12
22
35
21
34
26
7
16
3
6
6
13
6
6
11
9
16
6
9
5
16
14
32
16
16
13
22
14
22
29
2
12
26
19
8
1
6
10
16
10
20
25
11
20
15
1
9
26
15
11
1
4
10
10
9
14
52
4
6
15
8
14
11
8
24
9
10
5
22
6
19
4
33
25
4
8
11
12
4
23
32
11
12
2
12
21
14
7
31
19
9
2
1
19
8
20
19
9
3
11
3
12
7
12
12
24
27
22
11
10
7
9
16
29
1
16
17
10
0
8
10
1
1
2
15
21
9
13
0
15
7
4
5
13
2
23
2
9
15
7
8
0
8
9
1
21
11
4
6
23
20
12
1
6
10
8
10
2
32
1
8
0
9
14
31
9
3
3
0
14
16
8
4
8
7
7
14
3
1
5
5
4
7
8
3
7
15
6
15
11
7
1
13
5
2
15
2
14
11
13
2
9
5
1
7
12
8
1
12
6
0
12
1
2
16
6
3
0
6
1
4
1
7
9
11
8
0
9
22
5
7
3
5
6
0
4
9
15
13
1
1
11
3
1
4
14
8
4
6
1
3
6
15
6
5
1
8
14
17
4
3
10
0
2
5
19
8
3
4
1
9
5
12
3
1
14
4
7
6
1
6
0
1
5
1
6
9
4
1
7
4
5
2
1
4
2
1
0
0
1
1
0
3
0
2
1
