6
33
31
1
5
14
6
3
4
1
22
40
23
41
32
1
15
13
3
36
5
53
7
61
42
3
15
14
25
22
3
45
18
16
13
23
57
52
20
62
5
27
39
13
17
4
6
25
45
13
102
14
32
10
49
10
4
13
28
36
44
17
36
16
9
23
27
43
30
28
41
2
46
56
34
69
53
51
1
22
17
80
48
58
1
3
17
37
60
37
3
29
15
42
30
64
11
42
2
16
6
38
54
25
24
9
39
43
69
57
40
20
10
4
33
16
18
55
60
4
7
9
1
9
64
8
12
35
46
24
88
21
32
2
20
50
77
73
13
72
34
70
21
38
16
36
3
22
73
3
22
61
104
56
32
58
49
38
13
22
55
18
59
68
9
41
4
51
10
29
50
4
70
25
20
3
8
62
7
4
38
10
48
25
48
16
43
22
83
37
47
32
57
17
20
7
1
6
6
6
20
45
72
11
15
48
10
70
21
54
75
54
22
49
32
101
32
56
6
19
0
49
41
20
41
25
4
8
74
116
75
8
33
14
27
7
38
13
7
37
33
29
39
53
4
22
18
30
55
52
51
81
6
25
1
13
85
47
57
43
4
17
14
71
55
51
6
78
34
62
62
11
54
7
47
13
11
20
37
15
21
30
100
16
36
92
35
4
51
53
58
1
3
150
33
54
44
10
20
26
8
5
46
19
13
6
22
28
48
25
41
78
87
10
48
25
22
12
37
34
48
28
22
34
28
16
72
56
35
41
34
39
20
13
2
52
14
3
44
53
20
62
52
8
3
67
89
19
20
4
75
53
59
7
26
4
46
15
16
12
6
12
38
143
36
9
53
6
81
19
53
42
58
11
56
32
13
40
47
37
22
81
5
18
5
42
46
62
15
54
0
58
11
17
8
20
8
29
41
0
70
85
3
11
4
15
7
38
36
46
4
31
19
24
35
14
20
33
3
58
37
63
57
13
48
2
52
20
9
37
12
36
35
16
25
75
4
11
53
48
62
20
75
42
26
11
17
6
6
16
0
42
4
11
17
62
33
16
23
14
54
22
16
42
36
9
30
5
1
71
49
33
48
8
35
53
16
2
20
3
23
28
61
62
24
54
1
62
9
9
57
7
32
19
47
5
14
64
17
3
7
3
11
36
53
72
28
11
18
56
15
44
26
15
11
6
17
27
13
37
45
55
21
86
34
38
39
45
38
16
43
15
27
2
23
5
16
8
15
31
88
53
16
26
5
32
44
20
80
11
50
11
101
80
26
67
37
9
77
30
6
8
12
4
22
29
50
46
34
7
29
19
10
18
28
5
80
55
0
85
12
2
18
40
14
10
35
54
3
57
2
84
32
52
13
76
14
4
61
12
5
6
31
7
22
8
70
21
28
26
2
3
35
7
26
29
12
15
22
35
18
28
4
2
10
2
9
15
54
70
26
32
40
8
25
24
90
6
19
30
19
37
11
14
8
37
7
10
25
30
71
3
37
2
32
52
2
37
6
13
1
63
57
5
1
45
1
39
9
15
1
9
31
3
5
65
10
7
11
35
18
3
52
36
9
35
11
8
3
34
30
58
0
12
35
42
50
12
24
44
17
1
6
22
47
12
2
5
36
19
6
31
24
6
25
21
6
16
17
51
54
39
34
11
14
50
31
18
35
11
12
25
8
22
19
14
49
36
38
6
33
19
15
49
58
26
21
14
11
8
19
19
31
25
24
41
29
37
7
11
49
11
6
63
48
12
85
34
55
52
19
96
6
30
39
15
16
19
49
27
16
34
32
23
40
3
19
18
12
27
49
14
24
82
34
16
19
17
20
20
41
67
55
41
50
14
29
8
16
25
16
61
17
4
26
7
45
8
67
15
43
34
36
43
36
33
33
9
33
22
16
15
15
29
1
49
20
7
22
7
42
31
31
40
21
0
4
14
51
47
38
2
29
12
17
23
8
16
17
39
22
77
32
82
2
46
25
36
18
17
18
32
3
42
14
20
16
69
8
27
32
37
28
19
20
17
43
38
2
8
9
66
56
11
45
21
17
8
11
27
24
53
39
8
0
14
3
44
27
50
24
40
32
33
37
13
23
50
13
13
13
41
1
71
25
4
43
13
11
4
17
23
8
39
41
41
6
2
43
1
24
38
19
35
8
24
21
2
100
51
34
9
63
18
1
10
29
44
8
22
32
48
4
3
63
16
21
36
46
10
26
17
9
20
54
20
66
7
23
28
80
53
9
32
13
5
38
4
6
6
34
11
21
11
42
52
3
20
9
29
40
4
47
26
39
9
6
15
22
8
30
27
14
39
6
15
8
52
8
34
51
0
13
7
56
37
13
8
4
23
7
31
6
64
13
55
21
1
6
1
62
4
5
12
2
39
15
31
21
35
18
23
11
32
1
20
4
19
14
5
2
28
53
38
32
10
48
36
46
19
25
46
16
9
3
5
6
37
32
50
9
2
71
39
8
26
20
9
1
18
31
13
29
14
1
9
5
51
20
77
8
76
2
66
53
40
26
2
41
3
11
15
39
32
58
3
35
40
2
28
1
34
73
14
41
6
28
4
28
31
14
6
19
17
45
83
5
5
8
18
23
5
14
6
8
75
9
46
2
9
15
21
25
20
13
17
29
35
3
49
8
37
16
24
23
1
14
8
2
51
21
50
23
79
36
19
31
5
6
4
24
19
48
19
10
2
3
16
2
12
1
7
11
16
20
6
6
44
10
46
40
28
21
60
46
2
73
29
32
18
14
17
23
23
11
18
1
5
66
49
4
2
2
35
24
18
28
1
28
30
28
9
9
33
28
16
1
15
23
28
38
24
25
46
1
35
16
16
26
68
32
18
18
7
22
18
38
30
7
46
12
56
26
53
19
33
44
29
2
14
16
22
22
34
11
0
23
24
14
30
17
22
25
37
15
59
9
43
18
7
14
44
21
31
11
14
12
6
24
5
21
53
29
26
2
13
32
6
8
20
39
4
70
23
11
4
44
28
10
37
15
22
30
11
23
33
14
48
5
3
4
23
29
8
10
21
6
10
3
17
70
34
3
7
35
3
10
1
63
9
33
8
41
47
43
24
30
49
7
14
45
35
2
14
16
45
20
24
45
13
33
0
6
5
5
20
16
22
1
17
45
28
17
7
15
15
1
19
25
24
74
2
13
13
22
38
15
21
10
15
2
23
17
14
33
38
13
2
14
1
20
23
8
11
13
13
13
22
8
11
12
10
1
32
9
26
26
47
12
17
1
18
9
14
51
19
14
23
5
23
20
40
30
69
1
7
30
22
41
4
9
3
31
6
22
24
21
14
22
2
2
6
10
21
35
15
9
11
35
13
5
31
19
5
17
47
5
17
5
0
36
15
12
17
3
25
53
22
5
55
8
29
21
37
19
11
13
32
39
22
24
13
12
17
8
0
43
34
4
9
2
10
28
50
5
5
27
6
14
39
32
10
10
2
9
8
4
1
36
5
17
4
4
26
1
46
15
8
41
24
33
46
11
27
17
18
8
1
2
11
46
3
14
2
4
3
24
5
10
29
29
18
20
37
5
25
9
5
12
5
0
38
12
2
20
27
17
12
27
31
16
23
6
16
2
13
22
4
9
4
13
1
24
17
11
4
15
19
17
2
19
9
17
11
2
14
15
15
33
3
24
24
21
34
11
14
25
13
17
19
8
3
9
39
8
23
9
33
16
40
35
6
12
14
18
23
7
13
4
32
17
14
6
12
22
3
21
9
22
6
4
28
18
14
5
18
3
12
13
9
1
5
31
17
24
9
15
11
5
10
13
7
4
3
1
3
11
7
12
22
0
6
5
8
13
24
9
2
6
22
22
30
11
14
11
4
7
15
17
2
2
5
4
5
21
1
13
21
2
17
16
11
18
1
2
8
11
4
13
2
10
3
19
12
6
8
8
16
40
11
17
12
10
8
6
33
4
27
8
5
18
26
4
6
5
25
10
25
18
4
6
22
4
12
9
18
6
19
1
6
10
7
3
8
7
13
13
7
29
8
8
13
27
10
32
14
2
15
27
8
2
6
50
14
22
3
9
6
17
8
4
11
7
4
0
17
17
6
3
22
9
6
12
15
4
5
32
8
10
13
6
8
10
3
26
12
12
2
4
8
12
14
23
16
6
8
2
2
5
3
20
28
2
3
3
11
3
8
9
4
17
19
0
23
13
5
2
1
5
6
1
7
4
1
18
5
2
11
15
2
19
5
13
12
15
6
5
11
1
15
7
10
8
1
9
2
7
1
7
17
9
1
4
7
1
5
9
10
8
3
20
7
8
0
0
21
12
5
15
2
9
6
16
11
16
18
21
3
3
5
6
12
9
6
3
8
4
8
3
14
1
15
7
1
1
5
6
6
1
6
1
5
10
7
3
5
12
9
4
5
1
9
3
1
2
2
1
9
12
3
4
6
2
4
1
2
1
6
0
2
2
5
3
4
7
1
2
4
1
1
3
1
3
1
1
1
2
2
2
2
