3
25
6
2
5
0
1
5
14
16
3
0
7
5
26
38
15
47
2
11
76
11
22
72
17
11
16
19
46
8
27
16
0
10
7
35
46
31
56
37
34
30
41
24
15
48
3
27
76
34
34
14
13
4
21
8
35
19
18
42
13
40
58
59
14
11
65
31
40
3
11
17
11
17
29
6
40
42
30
4
56
29
18
31
33
23
31
47
59
55
73
14
42
38
3
23
16
49
78
17
15
91
13
45
44
2
35
48
34
37
73
1
31
43
21
30
5
43
52
12
5
7
81
37
37
83
47
23
15
27
21
9
4
11
15
103
16
5
15
23
35
4
43
32
15
91
20
38
87
23
67
61
30
93
74
40
13
30
123
20
8
3
23
33
10
9
41
0
2
55
46
65
14
81
23
12
88
29
6
26
57
6
31
14
14
46
21
11
29
16
42
9
59
30
7
14
6
36
60
16
26
21
40
9
16
36
17
7
27
20
9
54
14
35
15
11
29
50
88
5
10
10
64
7
53
0
49
7
24
11
10
19
21
6
16
58
48
44
23
49
19
2
1
21
80
9
43
53
61
23
100
20
39
64
21
22
32
50
16
23
21
24
28
19
54
5
19
1
78
12
57
58
3
22
20
24
25
54
30
17
18
23
16
24
11
40
44
46
42
24
9
12
12
30
6
21
9
129
107
16
45
24
5
17
79
3
0
47
4
68
84
3
61
37
95
68
47
4
11
14
28
2
30
65
14
63
23
23
79
80
15
9
8
10
2
73
10
28
4
12
5
13
37
44
88
13
1
6
22
13
16
31
4
103
88
17
33
82
51
5
39
52
18
5
20
21
49
8
64
58
23
84
94
45
66
19
37
40
33
25
0
58
79
75
6
28
20
15
2
28
43
8
37
48
16
10
1
44
3
21
100
58
43
27
13
13
70
26
8
28
30
44
52
11
2
46
19
31
2
22
18
22
48
15
54
42
36
13
46
58
1
55
17
3
10
30
32
41
86
11
10
19
19
39
36
19
0
23
31
58
22
18
18
27
61
11
82
3
39
8
62
36
24
3
43
62
26
14
11
42
1
2
3
44
70
26
21
10
49
75
21
88
8
38
5
13
9
18
4
26
32
15
43
5
20
34
44
50
56
8
35
53
8
97
11
2
21
42
42
85
57
12
8
20
29
25
23
2
7
26
14
35
39
77
13
64
5
31
59
96
49
22
5
31
14
9
25
25
32
37
11
12
34
52
31
29
16
5
76
17
22
12
1
48
34
60
22
3
37
12
17
21
52
28
34
8
47
17
77
16
24
6
56
41
54
52
35
11
28
1
25
26
23
96
66
44
39
15
16
30
31
48
64
10
15
61
44
47
58
63
19
3
33
5
36
13
9
15
13
17
34
36
31
23
2
1
47
31
20
59
13
63
62
27
23
29
39
75
18
31
66
35
4
6
11
13
17
15
30
33
21
30
13
15
26
4
29
8
33
44
39
52
55
23
57
21
53
67
86
66
38
22
105
17
33
14
10
31
23
53
3
58
44
36
3
15
27
13
2
20
71
24
18
11
29
89
54
32
6
25
19
42
33
19
7
64
36
9
36
11
5
11
59
1
6
46
69
50
41
18
21
49
21
109
29
46
2
97
32
44
19
17
80
7
48
33
3
3
1
8
22
68
16
20
30
22
1
54
21
2
36
2
23
23
8
11
5
32
11
47
40
9
24
7
33
16
21
79
47
18
2
35
12
4
51
64
19
31
11
20
20
17
27
40
8
28
1
33
10
4
11
44
42
5
20
62
21
14
55
34
16
30
34
19
28
14
12
11
9
6
20
32
39
15
8
50
55
60
19
27
40
9
31
71
49
38
21
20
26
2
32
8
24
36
42
14
2
11
66
5
21
39
13
37
5
27
6
53
44
44
35
28
24
11
6
34
18
2
45
100
64
17
52
22
22
32
10
9
23
17
20
60
23
22
23
18
52
7
108
19
32
13
14
1
35
11
3
45
48
23
18
53
31
18
17
74
3
30
10
49
1
89
0
37
19
141
24
18
11
17
23
47
30
3
23
9
3
36
32
28
2
46
47
42
47
7
16
37
29
11
26
17
22
6
29
8
1
32
5
1
41
82
14
3
52
63
5
39
39
32
1
60
21
25
38
26
9
50
50
30
14
40
19
27
12
23
46
6
23
13
15
9
6
27
4
57
4
2
40
45
19
66
23
11
19
22
41
23
26
12
5
11
51
10
7
40
70
12
26
6
8
17
62
18
55
8
20
2
9
14
8
35
18
26
40
51
21
24
39
1
11
61
40
5
87
28
7
12
1
37
14
63
4
29
31
21
35
39
16
38
34
13
32
14
32
3
4
0
38
44
16
9
54
26
41
45
18
12
3
14
35
0
11
25
35
46
12
15
4
2
10
2
24
11
18
5
27
6
38
15
5
64
38
16
29
22
15
62
13
2
22
7
40
45
36
14
13
56
11
9
48
9
2
26
1
13
43
12
58
11
50
0
7
57
42
72
45
3
29
22
45
16
37
10
34
10
5
30
26
20
18
10
15
8
8
16
16
1
14
5
0
54
60
32
2
4
19
24
9
15
20
12
16
25
48
20
24
35
6
3
7
23
12
24
62
35
17
21
26
12
20
24
56
3
33
15
21
4
21
26
35
29
17
25
50
63
58
10
23
17
8
12
10
75
30
2
33
30
15
56
35
13
33
60
13
50
9
9
14
20
14
12
33
4
11
30
26
22
25
2
0
28
28
2
16
9
40
19
2
31
24
6
8
70
2
13
35
4
39
1
14
70
16
35
25
41
40
28
22
60
19
37
40
4
2
2
42
5
29
61
59
33
35
19
10
47
17
5
26
33
32
5
12
7
40
44
26
15
14
20
13
34
40
22
19
4
28
46
38
10
49
9
8
8
43
41
22
20
14
26
44
27
65
46
31
11
1
6
13
34
20
39
11
21
39
19
25
32
13
11
82
22
32
12
52
19
16
20
52
44
1
27
0
33
39
1
15
33
1
59
0
30
9
25
51
7
16
12
8
11
26
36
11
11
12
7
75
35
1
33
5
3
35
2
61
20
23
2
1
36
22
34
26
8
1
2
5
27
3
7
14
16
2
2
28
1
12
5
10
10
27
3
45
10
16
35
31
3
28
5
18
18
23
31
15
38
14
49
6
18
6
15
4
2
8
8
19
21
3
3
25
30
13
36
11
6
36
10
14
5
29
21
8
73
13
42
29
26
2
15
1
3
15
18
5
52
14
25
2
30
13
23
8
12
53
22
8
23
42
6
8
44
14
6
5
3
10
45
15
28
7
26
26
6
34
6
18
27
23
6
11
28
0
8
0
19
0
41
59
18
20
3
4
37
16
6
4
24
11
25
33
11
7
19
15
5
17
12
24
6
4
29
25
11
18
1
28
32
5
2
8
22
20
5
23
14
24
18
10
21
25
21
39
2
9
42
2
12
5
18
5
25
15
14
18
27
7
20
7
9
8
6
1
5
22
9
2
8
43
23
5
2
12
25
5
29
25
47
12
18
15
27
25
17
3
3
29
9
1
23
3
17
20
13
24
4
13
24
18
18
10
5
47
6
20
11
7
29
37
12
18
20
12
9
29
36
12
12
12
21
15
5
19
21
48
28
17
10
12
16
19
1
14
24
1
21
6
14
11
26
24
3
15
14
19
17
7
6
10
14
10
4
5
1
0
35
2
1
10
12
5
27
11
7
8
29
7
40
13
1
14
24
2
13
24
56
30
8
15
3
2
25
0
14
3
24
19
21
0
0
18
9
15
32
33
16
9
19
25
15
17
3
22
12
17
30
2
37
12
8
20
19
25
26
3
16
13
15
21
11
3
8
12
2
17
1
8
1
8
5
20
12
1
20
12
1
24
21
31
35
20
7
20
8
17
14
19
28
33
11
5
6
23
21
2
27
36
5
30
28
20
11
15
12
10
8
20
26
26
36
21
3
8
2
7
5
0
12
20
13
3
10
4
2
4
2
5
20
4
33
11
20
8
25
8
8
13
29
2
7
27
6
6
4
41
11
2
6
11
7
9
10
31
1
24
13
1
11
11
14
7
6
12
9
7
20
17
13
15
5
10
7
21
3
7
12
11
11
4
23
7
27
0
4
2
13
11
3
11
0
3
27
21
3
3
17
10
8
1
16
8
6
10
9
3
15
30
5
5
10
0
13
1
3
5
16
16
13
23
0
7
0
5
9
5
5
2
5
5
3
18
2
0
8
6
1
1
2
0
4
17
7
3
1
6
4
4
11
18
4
3
4
8
7
12
0
5
6
4
4
5
5
8
14
12
13
5
0
8
5
2
1
13
1
15
6
3
7
1
4
14
2
7
2
8
2
16
1
6
3
9
2
2
16
7
15
1
14
7
3
15
2
7
3
7
8
13
9
8
5
2
15
2
1
4
6
9
12
6
4
3
4
6
1
0
5
0
7
0
2
1
2
3
3
3
2
2
1
6
2
0
3
0
4
2
2
3
2
0
0
