20
25
33
39
55
26
87
11
77
30
22
8
88
52
8
5
11
15
62
7
11
8
21
33
9
99
10
10
93
1
75
3
27
29
23
34
22
11
13
10
3
38
2
6
21
37
44
75
20
38
11
6
31
7
4
19
80
14
38
19
73
20
15
23
2
41
32
60
0
48
7
21
6
19
31
50
31
10
5
60
19
7
30
9
29
31
16
4
15
25
46
2
39
39
88
15
44
58
98
26
62
44
8
57
44
90
22
1
45
39
4
66
14
31
38
43
21
70
12
8
1
31
45
56
43
40
8
56
93
46
38
49
40
33
30
38
69
14
24
1
20
0
30
42
38
16
21
72
35
34
49
47
15
18
24
1
55
9
77
30
47
10
54
6
33
2
17
39
11
41
24
25
2
64
24
23
4
23
59
9
4
32
35
65
41
34
7
84
61
4
4
19
23
34
15
42
24
27
40
5
5
7
74
96
65
15
12
23
40
45
51
33
43
40
35
41
38
16
42
4
39
65
12
35
29
41
55
46
13
3
26
14
41
45
23
10
10
51
12
47
47
24
66
15
5
5
34
50
1
46
47
42
13
33
26
33
18
32
15
8
118
29
22
61
58
56
17
4
71
1
41
28
58
34
8
33
16
50
45
43
51
73
10
17
9
15
24
16
18
58
63
53
75
42
25
23
52
18
17
8
6
10
6
33
0
73
21
43
16
40
120
59
4
43
15
11
26
29
21
0
17
33
64
56
35
6
25
48
19
56
141
33
7
7
10
36
9
17
92
2
44
24
34
114
16
12
1
45
14
2
70
74
65
23
4
3
34
71
46
23
47
8
15
16
25
55
7
6
4
36
2
67
56
8
42
23
42
54
16
87
7
67
25
3
41
108
26
16
20
61
54
86
31
16
80
4
58
19
28
36
9
33
30
7
72
7
31
34
27
21
40
71
57
9
45
21
50
15
40
48
43
13
52
1
50
28
26
48
36
33
38
103
23
7
23
44
9
0
38
12
39
28
35
21
2
8
8
42
55
66
35
29
13
45
33
36
25
8
67
68
10
43
6
30
24
14
60
57
41
95
32
6
12
71
62
80
52
42
42
14
7
36
39
36
2
25
88
70
44
27
10
22
73
4
70
34
82
34
51
23
6
42
33
61
71
0
28
5
18
8
14
30
4
13
42
23
87
57
40
51
58
42
49
24
29
63
21
36
6
8
10
25
21
10
42
36
44
30
24
19
20
56
39
10
63
74
4
53
50
10
67
22
33
84
25
88
33
42
15
41
11
53
1
53
66
7
45
15
31
25
24
10
63
5
29
38
29
54
26
27
3
33
38
38
22
27
5
36
6
6
24
31
25
38
58
26
6
44
41
45
21
39
16
2
11
38
4
23
28
139
71
81
13
38
42
49
19
15
68
17
8
64
35
54
44
29
66
3
68
45
22
27
33
8
19
24
11
23
11
2
7
48
2
17
35
42
19
52
32
59
31
1
2
23
9
24
2
50
66
8
52
19
9
17
32
45
43
16
66
54
1
53
31
2
4
46
50
10
63
31
46
43
6
3
6
87
23
13
4
50
35
45
32
8
23
22
39
12
13
37
7
101
0
34
1
27
7
40
13
8
38
50
14
64
24
44
29
83
39
40
84
28
18
28
5
44
44
11
38
11
36
11
62
16
29
69
6
16
16
20
20
28
28
38
7
20
18
24
32
24
66
7
8
54
21
59
50
37
67
3
44
50
35
6
22
11
51
41
0
72
35
73
27
3
4
20
12
2
44
29
38
20
46
32
41
23
44
5
70
64
59
16
9
12
48
29
29
1
34
50
3
4
9
8
16
53
60
36
18
26
12
56
10
42
29
11
69
30
1
9
16
34
44
22
1
12
47
10
63
9
9
48
48
11
45
2
65
14
27
11
60
12
21
52
10
7
46
55
43
44
4
22
59
41
14
6
5
32
0
42
86
20
16
45
4
16
57
4
12
38
8
25
24
14
30
52
31
50
38
13
28
75
1
16
19
12
16
57
2
43
5
32
13
17
2
23
22
21
43
43
23
41
27
9
32
9
19
8
11
52
18
23
10
29
51
42
34
48
9
55
11
41
43
37
39
1
51
37
51
35
14
18
34
1
5
10
59
27
18
15
34
4
33
30
9
69
8
4
8
32
16
8
29
40
13
57
9
1
65
7
22
10
7
42
19
43
33
18
41
3
22
9
29
18
26
36
19
23
10
6
11
20
6
36
31
20
12
57
1
1
38
13
6
29
8
45
26
19
20
48
41
24
11
3
0
51
24
21
28
15
62
35
18
40
18
5
1
70
29
19
6
38
26
67
10
41
4
12
36
10
84
4
22
34
5
7
28
31
41
18
36
41
29
40
13
13
4
3
60
9
43
24
7
8
28
3
55
26
5
22
14
71
19
36
14
5
14
27
36
44
37
5
40
8
0
40
35
23
23
6
1
14
33
23
22
11
4
4
11
8
15
3
17
14
34
20
45
11
28
14
45
28
4
15
21
5
11
38
11
33
28
5
38
1
30
13
27
26
56
27
3
6
22
36
44
8
30
10
15
12
27
28
1
18
38
29
35
30
17
1
20
13
49
15
5
3
15
11
5
35
19
7
11
31
19
7
23
27
25
12
36
17
30
6
15
45
0
32
25
31
0
4
65
39
9
20
14
3
31
10
11
4
54
16
47
21
11
3
20
37
17
3
16
7
65
10
16
9
52
0
7
16
15
2
15
42
4
57
5
15
14
30
14
14
2
10
21
4
14
1
42
10
13
10
2
15
34
1
7
4
74
42
29
15
19
6
6
2
23
25
22
59
8
20
15
33
20
9
1
6
5
23
50
1
22
44
24
31
9
24
5
2
6
14
17
13
5
58
18
11
26
8
69
41
12
6
46
31
1
11
9
70
6
10
9
2
29
35
16
11
5
10
22
25
7
34
20
6
47
9
2
5
28
21
33
5
22
2
32
4
10
66
7
47
2
32
9
18
1
21
18
3
25
33
67
19
5
6
0
44
3
5
27
31
31
15
36
9
20
12
13
3
38
32
52
5
4
2
34
5
5
15
26
51
2
61
3
16
9
10
2
6
23
15
23
25
5
7
45
14
27
6
9
39
7
48
12
9
17
3
3
20
14
21
14
6
29
6
18
46
15
6
27
3
44
3
17
8
37
28
1
1
10
15
3
5
27
28
24
17
7
2
37
81
20
10
9
3
21
26
12
9
32
14
19
1
17
25
8
29
40
9
11
44
18
28
10
59
20
3
29
30
36
14
32
3
32
53
17
8
14
9
1
36
20
11
25
4
43
12
5
25
7
30
36
7
19
45
36
1
20
3
12
1
8
2
43
21
54
20
11
50
33
21
27
13
11
4
35
16
31
12
10
8
36
51
16
7
31
3
17
4
11
15
17
16
32
18
13
1
12
17
11
6
3
12
24
3
8
39
14
11
52
3
0
16
9
19
9
4
36
15
14
7
30
25
33
26
32
12
4
0
5
25
45
16
3
10
19
1
11
22
7
23
16
24
7
14
16
23
11
3
7
28
8
13
2
5
21
16
11
12
11
23
26
14
28
33
12
7
15
9
0
18
30
27
17
35
3
5
30
8
17
5
30
8
5
9
15
7
15
4
37
23
27
27
1
0
14
16
13
15
14
16
6
17
5
15
0
33
3
32
13
23
21
10
6
13
28
4
0
16
13
21
15
51
2
1
11
5
26
25
21
15
0
8
18
1
37
18
17
10
36
45
9
12
14
12
13
7
3
6
4
7
14
9
29
12
8
27
19
2
8
16
7
3
31
16
1
11
13
19
2
24
2
10
24
16
14
29
11
5
13
10
16
40
4
31
1
14
6
2
37
20
8
14
3
10
7
9
34
3
25
14
2
46
12
35
1
1
9
27
29
1
0
11
36
5
7
1
1
8
7
44
0
2
7
31
12
10
2
13
18
0
3
11
28
2
8
14
14
11
6
16
1
14
17
15
12
22
6
24
20
13
15
12
9
16
2
11
23
7
13
4
9
2
19
7
14
11
12
10
33
15
17
1
4
10
13
15
13
11
16
18
2
7
7
23
20
13
6
21
11
23
6
33
7
1
25
0
15
0
9
26
17
8
16
11
19
3
6
18
2
0
4
20
2
0
1
21
8
17
16
9
17
12
17
3
5
2
10
5
2
11
11
5
11
2
11
15
15
2
1
8
18
23
5
5
2
18
21
6
6
13
2
12
6
4
1
10
8
2
3
3
4
5
18
6
6
12
6
16
11
15
19
14
4
2
2
2
5
19
2
9
6
5
7
8
6
15
4
10
6
2
5
10
6
1
0
11
9
2
2
14
3
2
1
10
5
7
1
13
7
1
2
9
6
1
10
8
1
2
11
3
13
7
7
11
3
14
1
2
4
7
8
3
6
2
2
5
16
5
1
8
2
5
3
6
3
1
3
9
8
5
2
1
3
12
14
4
3
2
3
1
3
4
3
3
4
0
4
0
4
6
1
2
2
2
2
1
6
0
2
2
1
3
0
0
0
0
