13
17
4
13
24
74
28
3
21
14
5
4
40
20
6
63
45
8
64
35
9
5
38
7
43
23
59
19
30
26
9
19
31
2
20
31
1
37
2
34
94
3
11
11
20
2
7
5
9
5
33
50
4
12
7
55
27
53
12
16
14
10
35
41
60
56
26
51
9
1
5
10
16
7
55
6
27
27
16
5
41
25
59
65
20
36
71
1
1
16
26
39
1
43
7
31
39
3
26
15
24
5
35
13
4
14
27
21
31
38
23
47
67
26
3
23
21
7
26
21
0
34
9
68
45
28
23
14
29
31
47
38
10
27
34
26
19
48
7
39
24
40
19
14
1
118
17
14
109
27
24
32
21
1
62
44
14
0
46
8
2
29
6
3
17
24
29
113
9
67
21
27
45
23
18
39
112
3
19
28
27
29
2
46
6
74
80
80
63
67
75
20
10
136
2
26
3
25
39
47
50
48
4
41
141
19
31
12
25
1
31
19
20
9
11
8
60
5
9
6
14
77
36
17
12
38
26
76
63
66
36
46
15
9
74
6
74
91
94
51
66
2
19
5
18
8
3
104
47
61
22
80
13
8
58
38
0
55
11
30
26
36
32
28
9
47
30
34
46
14
32
85
41
68
23
36
33
62
11
4
20
119
12
25
12
58
8
6
52
29
52
40
40
18
74
21
27
6
44
22
11
14
36
41
25
51
57
22
16
25
100
94
1
49
3
47
9
31
85
7
26
12
54
18
15
43
7
55
142
14
5
39
7
25
84
31
16
4
17
7
21
36
39
44
75
29
62
4
5
8
32
31
16
82
17
28
2
41
31
43
70
32
38
101
9
16
27
24
49
4
43
49
6
1
18
47
45
18
2
61
66
3
52
70
15
25
36
15
17
3
22
43
36
33
21
69
5
62
69
23
26
6
2
47
41
26
39
3
61
5
35
10
72
16
26
8
29
1
120
34
16
32
32
14
1
26
28
16
22
26
8
91
23
25
23
71
2
7
13
42
2
63
11
2
3
57
19
5
24
6
46
7
58
18
7
31
48
3
31
40
11
49
30
43
29
20
31
51
56
63
102
5
6
11
1
19
69
34
6
5
36
86
41
20
57
2
47
19
17
7
2
11
19
97
97
2
12
1
23
32
31
25
3
15
56
26
11
21
31
2
47
10
21
89
14
17
1
44
31
68
37
35
53
9
14
31
17
57
34
8
18
11
15
20
46
36
27
1
1
33
75
33
31
5
25
67
56
97
5
32
32
17
44
2
15
22
123
32
5
67
18
2
3
15
3
32
20
65
21
12
33
19
37
3
44
25
35
39
3
24
17
17
77
3
77
28
6
25
22
28
40
8
34
10
22
34
51
7
54
39
73
19
5
74
26
65
21
67
11
19
76
38
19
5
38
49
23
47
33
14
28
2
28
67
3
28
8
33
65
42
7
15
17
31
55
44
2
31
16
49
26
21
17
42
14
56
27
23
43
95
34
20
30
18
12
67
1
1
22
39
62
31
27
25
24
35
38
10
8
0
21
5
36
52
17
40
67
34
70
30
39
0
7
47
13
70
12
19
34
44
7
19
11
30
18
28
1
31
15
49
11
4
14
38
10
88
38
17
6
24
56
60
22
8
27
120
66
63
18
34
13
1
36
29
20
75
63
75
30
103
20
53
6
54
26
2
19
19
26
4
11
5
17
63
17
2
22
0
14
28
22
12
20
66
12
6
30
21
62
6
50
43
43
85
7
5
42
27
69
38
19
26
51
22
13
20
3
15
37
4
27
62
6
18
19
13
5
12
49
23
19
19
7
41
23
29
67
9
28
30
10
11
57
15
53
26
19
23
2
26
12
57
31
75
0
28
26
31
53
17
28
23
18
50
16
14
34
53
18
64
59
56
5
13
41
68
60
58
27
43
15
6
41
22
7
27
43
18
11
0
16
3
17
31
0
79
43
19
30
9
55
86
43
7
64
57
1
1
9
28
11
55
16
50
27
34
2
0
14
85
16
43
9
22
79
32
22
2
29
37
11
27
1
35
49
15
16
23
12
5
4
19
12
7
37
16
5
31
10
33
4
32
79
45
2
18
54
67
9
5
36
28
7
22
21
23
58
8
13
35
30
5
1
20
60
11
76
30
16
25
7
7
17
34
31
7
57
29
12
19
19
11
27
12
9
2
4
9
3
34
25
56
21
64
4
28
5
13
5
3
20
11
6
23
19
14
32
27
3
12
51
20
17
32
35
15
39
8
31
9
25
36
16
14
20
40
57
23
31
3
53
69
40
7
23
19
35
11
100
0
17
9
24
39
3
35
51
39
31
42
18
33
55
0
3
40
16
13
12
32
4
8
40
11
9
23
26
43
27
36
15
13
37
26
36
39
2
1
44
12
29
5
1
23
18
22
56
14
16
9
27
16
3
16
30
46
6
29
22
48
3
14
11
5
45
31
6
12
12
36
17
11
36
2
22
34
12
26
19
6
14
46
79
38
60
26
10
73
7
0
7
2
38
71
57
15
26
58
6
56
30
1
23
32
21
3
29
16
34
47
5
5
28
121
62
9
13
32
38
5
16
29
23
9
1
47
14
61
16
16
40
3
15
12
39
2
25
5
56
20
26
33
24
16
1
25
14
33
5
55
25
11
34
15
28
8
1
10
15
13
73
18
26
73
45
29
28
49
19
38
29
19
21
23
35
17
21
21
45
7
9
1
39
49
8
22
53
31
11
4
29
27
19
39
6
4
12
40
15
21
31
99
39
12
25
1
35
23
3
44
15
36
45
65
24
33
4
33
5
17
8
16
5
17
0
34
35
24
1
37
8
17
20
11
24
5
35
58
31
2
8
2
11
62
11
34
21
26
23
68
20
2
24
5
11
26
4
18
55
18
4
1
16
2
27
29
30
15
5
61
39
32
11
31
4
14
11
42
16
41
4
55
8
38
12
34
26
23
30
11
41
11
25
40
5
29
40
25
3
6
3
20
12
57
16
15
4
53
4
16
9
25
37
28
4
1
8
23
20
64
46
14
22
23
19
6
2
20
5
3
19
39
14
27
66
3
7
15
7
11
20
44
49
19
9
28
17
20
26
12
18
19
20
30
11
21
31
2
11
8
9
10
47
19
6
14
24
29
7
30
18
25
13
17
26
4
1
23
24
38
19
24
40
24
8
1
46
6
1
47
26
13
3
6
36
3
16
13
12
0
24
4
9
18
10
45
10
26
10
6
6
15
5
7
6
14
21
15
0
10
18
9
1
24
17
2
26
29
15
15
29
12
10
14
11
20
2
40
19
14
32
25
18
41
13
14
3
8
40
9
8
36
24
32
43
21
8
12
25
8
25
9
81
13
1
26
30
19
4
7
45
58
8
42
28
20
35
23
1
28
17
5
7
5
9
6
5
73
38
5
12
18
21
3
7
8
35
16
30
17
37
27
3
3
6
15
19
24
1
5
2
1
35
21
16
17
2
10
39
3
2
23
1
12
11
2
10
18
12
39
41
8
4
41
28
24
19
17
20
20
23
10
9
30
25
4
8
5
2
11
3
27
5
1
13
11
13
12
16
3
16
11
57
25
16
43
17
5
13
8
19
15
40
17
6
3
5
12
11
17
12
20
21
16
9
20
34
19
27
5
7
7
44
29
3
11
21
5
20
41
11
5
14
33
22
8
6
4
8
24
14
16
30
1
33
28
29
0
11
21
6
42
16
1
1
15
17
8
14
0
3
32
9
1
9
25
5
12
26
6
18
9
15
15
23
41
27
3
6
47
16
14
22
14
32
13
13
5
15
18
14
10
15
15
9
10
6
16
16
13
0
15
4
20
10
28
5
1
12
18
7
16
15
2
8
6
26
28
21
4
10
25
29
10
20
51
2
27
17
7
4
16
29
4
45
15
17
7
10
2
5
29
11
34
19
4
2
13
40
17
10
8
13
15
18
21
25
16
40
3
7
2
7
11
13
26
9
8
6
21
27
13
3
24
19
9
2
33
14
8
6
10
9
14
15
10
22
5
10
15
22
11
8
27
11
16
6
12
2
7
19
18
8
1
3
3
4
14
5
0
17
3
5
30
1
8
5
3
4
12
15
9
10
34
8
12
0
1
17
4
14
0
18
6
10
10
2
19
8
12
8
14
5
8
26
16
17
17
7
13
6
16
10
21
20
2
4
1
13
1
1
14
28
23
15
13
19
18
14
16
2
2
22
15
9
2
10
15
15
3
0
18
6
8
11
17
1
22
20
8
6
2
2
2
13
6
6
11
2
14
5
2
8
6
31
5
9
3
18
17
2
12
6
9
16
1
2
0
9
6
9
10
7
5
4
19
8
6
9
5
2
7
17
2
1
12
1
12
1
6
6
1
10
5
7
9
16
14
5
8
4
6
12
0
12
3
16
2
11
1
3
3
11
4
8
3
20
2
7
14
5
21
4
5
2
5
1
3
1
12
6
14
1
12
4
3
7
3
8
5
6
5
10
5
7
3
11
8
1
1
3
14
7
3
3
8
1
3
0
2
0
2
0
3
3
0
2
2
9
1
2
0
2
0
2
2
2
2
2
0
