35
30
5
2
1
65
4
16
10
1
2
38
8
28
1
10
4
11
13
40
20
22
64
4
49
11
74
11
68
47
6
10
21
7
38
43
20
40
10
13
6
79
0
5
6
44
7
48
12
62
44
32
37
129
3
8
70
17
4
37
34
32
38
4
40
36
2
42
18
14
16
37
28
60
47
24
8
44
67
46
35
10
73
81
19
53
20
50
13
10
60
41
39
17
44
7
84
127
46
18
2
40
14
34
87
45
25
32
7
116
41
48
81
33
27
18
8
121
0
12
56
9
14
36
5
97
18
40
1
4
42
32
9
19
24
13
21
32
11
22
3
56
17
85
40
54
39
10
8
5
19
48
70
10
36
16
50
62
19
17
47
49
46
71
6
14
47
7
7
64
4
81
17
2
1
30
0
22
22
22
52
28
16
37
25
3
79
0
7
8
41
5
46
19
66
1
34
19
51
52
52
79
0
70
13
38
71
22
53
6
36
28
20
4
19
30
38
2
12
39
12
87
53
12
24
73
68
23
116
64
6
19
49
65
66
62
56
39
22
77
4
14
8
43
23
22
20
34
71
25
9
28
2
16
41
124
19
43
32
20
32
81
5
54
72
58
2
21
72
14
35
44
20
24
3
36
6
59
12
12
39
84
20
66
1
45
109
45
51
41
41
35
35
51
80
23
49
34
9
2
51
20
15
10
43
2
42
99
55
51
0
6
27
39
75
51
39
5
56
15
14
25
6
10
18
54
24
20
44
15
51
6
54
26
12
0
16
69
39
55
7
23
26
10
40
16
4
26
40
5
6
45
35
16
72
15
26
48
35
16
64
51
33
5
38
20
58
2
24
9
6
14
31
16
40
47
4
14
89
17
41
26
8
0
43
21
0
20
58
1
44
69
44
8
56
3
17
14
52
75
76
51
38
10
44
35
4
52
9
32
88
20
8
69
34
14
28
12
43
51
38
36
7
18
4
55
39
15
31
41
30
40
32
15
30
53
13
14
12
9
22
15
71
2
51
23
59
8
7
46
34
21
44
36
46
8
82
3
18
19
25
36
24
4
36
33
3
36
83
16
37
62
25
53
15
38
30
43
59
18
29
21
12
7
82
8
23
52
30
51
20
25
36
20
28
13
23
50
67
15
97
50
18
10
61
38
0
72
27
34
19
51
36
16
81
44
29
5
26
22
10
7
28
11
7
21
11
6
47
18
10
14
14
47
81
52
37
58
45
4
25
19
29
48
19
12
48
9
54
6
42
50
32
21
10
22
5
12
30
10
38
20
38
2
12
46
2
28
20
21
0
13
30
19
30
12
10
54
6
17
15
14
3
56
29
21
4
21
35
16
54
39
5
85
20
32
45
80
20
9
26
2
44
5
29
15
44
8
19
32
22
34
40
9
88
3
16
19
51
40
14
3
16
28
5
16
74
8
3
10
0
18
39
28
79
34
15
7
20
50
26
34
14
4
73
77
18
47
6
4
38
11
36
30
20
7
10
33
28
20
8
17
37
51
6
10
95
2
44
32
15
13
23
74
24
12
15
41
13
69
13
17
0
100
7
6
69
4
51
75
50
1
4
56
25
12
36
40
24
89
3
14
48
1
37
62
33
44
32
8
38
9
1
60
29
28
13
10
17
22
32
54
46
17
25
9
0
10
67
13
14
19
31
28
9
50
41
45
40
57
14
3
63
15
23
16
30
1
12
78
26
42
9
0
60
1
33
36
3
79
49
12
0
39
33
57
4
35
58
32
19
9
22
23
54
16
11
20
13
0
46
38
52
20
63
4
20
19
3
31
57
39
16
43
113
17
22
11
29
8
34
56
15
32
12
19
9
21
24
59
28
44
8
39
15
43
64
17
30
19
15
38
35
14
21
14
43
6
19
27
70
8
12
15
12
32
38
72
50
34
11
2
24
30
19
7
25
37
12
18
35
5
20
25
18
28
19
6
8
52
2
20
72
2
0
24
4
35
28
13
24
52
30
11
44
55
60
33
74
9
69
105
10
4
51
80
37
41
12
22
50
33
15
71
67
65
22
50
9
17
10
11
19
7
32
10
0
38
19
56
17
3
18
14
15
15
41
63
67
38
45
7
35
27
35
60
8
6
15
2
25
27
89
11
8
11
41
52
0
38
8
44
85
18
27
25
55
31
4
10
47
53
1
33
12
36
19
31
60
20
72
15
25
7
78
2
31
26
1
20
14
48
4
58
6
21
22
25
3
21
2
64
17
20
62
6
51
66
36
34
28
15
20
37
43
12
41
62
13
25
13
4
36
30
10
51
52
5
25
0
13
53
45
51
6
2
3
3
26
10
2
14
79
91
28
36
2
17
34
9
40
20
12
7
30
7
45
21
43
13
26
4
72
22
11
20
12
81
7
44
4
17
1
18
18
62
0
10
19
58
31
14
32
20
51
15
9
3
43
14
39
24
36
58
37
36
65
22
18
0
36
1
21
5
9
23
54
19
1
20
33
7
21
15
4
32
48
46
52
66
50
45
34
18
23
74
10
38
7
36
18
10
33
13
37
18
11
68
19
22
44
12
3
37
11
15
43
20
25
9
34
27
54
61
39
61
24
20
12
21
36
11
25
9
25
18
8
30
59
22
1
4
62
21
52
42
17
13
17
2
1
47
4
21
40
18
22
63
0
15
7
33
43
22
56
5
42
55
22
3
2
10
51
17
36
5
21
11
6
17
58
35
45
56
21
38
7
16
11
2
5
12
4
41
12
18
4
42
20
34
14
18
27
28
11
23
23
0
10
1
2
25
10
4
12
1
43
32
24
19
9
11
12
2
5
33
11
38
32
6
29
10
7
18
6
9
32
3
6
6
2
17
1
42
57
9
16
30
38
27
26
14
0
7
15
8
12
30
59
3
28
23
42
25
16
17
49
12
18
16
42
4
6
69
11
34
35
4
41
13
19
36
8
46
66
37
19
26
15
0
24
2
18
21
4
49
25
21
77
1
6
5
21
9
21
20
24
3
45
38
40
49
12
58
25
37
15
14
15
4
54
27
5
59
22
42
31
45
31
14
17
20
11
3
18
6
28
36
81
54
32
53
75
27
9
54
3
7
10
21
8
44
20
29
13
32
16
13
28
10
32
30
28
18
9
13
29
13
43
49
35
69
38
6
3
10
27
37
8
16
19
3
3
36
18
59
25
19
28
37
14
32
36
5
3
33
13
8
15
18
22
20
14
1
3
56
10
24
2
52
33
15
5
11
10
15
27
2
7
7
25
75
10
3
6
26
16
9
21
16
22
19
9
4
7
3
6
17
9
6
12
9
7
16
13
18
17
18
19
52
3
11
52
17
31
16
12
2
34
7
13
14
10
17
33
30
8
3
8
0
26
28
11
34
7
19
48
43
1
31
11
19
13
37
25
23
4
13
14
0
24
2
17
10
28
21
26
38
1
22
14
48
37
25
3
29
19
5
10
12
26
12
3
1
4
1
22
11
13
20
2
4
34
30
7
6
32
45
8
16
2
12
6
1
21
24
23
10
51
2
18
5
27
35
20
28
51
4
2
3
41
3
12
23
23
13
18
24
21
25
22
10
15
22
12
29
12
8
13
1
14
27
9
8
14
13
10
10
49
5
24
4
19
26
16
7
4
4
27
0
12
7
44
14
1
4
20
10
12
11
0
17
7
30
8
12
34
27
9
3
4
12
4
32
7
5
8
14
10
1
7
14
11
16
19
9
15
5
3
1
6
19
13
6
26
6
14
5
10
14
25
6
12
11
34
5
7
5
33
35
18
13
11
16
28
0
11
22
15
11
2
27
13
12
22
8
5
21
19
2
14
5
46
29
15
8
1
31
2
15
32
43
17
19
22
0
5
5
31
20
11
15
18
11
11
4
1
14
47
18
26
29
2
20
26
2
26
18
7
16
17
14
10
6
7
17
3
1
11
23
6
31
27
4
0
9
0
28
19
1
6
13
12
0
11
22
18
1
3
8
19
1
7
19
24
13
7
4
3
8
13
5
15
14
4
8
13
13
2
8
2
21
12
1
7
21
17
17
13
20
22
15
7
28
6
23
1
9
1
6
7
4
14
25
6
9
19
8
24
29
14
6
20
6
6
21
2
36
5
7
1
9
9
6
6
17
15
22
27
14
10
21
46
6
14
6
14
2
5
37
1
6
24
25
1
6
0
3
11
2
4
15
4
22
20
6
19
5
21
3
14
13
10
6
4
5
16
4
14
7
5
23
5
11
1
26
1
19
7
26
27
15
5
19
6
16
9
4
9
11
11
2
11
8
3
9
6
10
15
11
11
2
4
14
24
13
6
15
20
5
5
2
21
5
11
6
4
7
12
10
5
6
3
7
8
8
4
1
9
29
9
7
2
9
20
12
10
1
6
4
24
6
3
2
2
16
10
15
5
1
10
20
1
4
4
14
7
1
5
1
6
2
10
3
3
10
1
11
17
6
6
4
15
2
1
7
8
5
8
1
3
11
3
9
5
1
2
8
12
4
0
14
4
12
0
4
5
11
7
8
3
1
10
1
5
7
0
1
6
6
5
1
1
2
3
4
4
1
4
2
5
5
0
1
1
1
3
0
0
0
