28
17
31
2
27
8
16
4
28
8
7
55
65
17
4
0
27
30
13
11
35
33
43
57
24
49
24
7
5
20
16
25
6
21
15
11
37
34
18
1
41
22
13
32
14
1
30
90
87
8
15
56
4
12
47
43
52
32
26
29
18
22
16
54
15
44
40
22
47
33
15
10
46
64
20
25
23
45
9
7
35
54
39
45
3
73
49
4
50
83
28
12
73
128
26
4
40
21
26
72
84
10
38
43
1
53
24
101
93
3
14
8
1
5
70
5
60
15
67
26
61
1
30
16
57
21
40
15
37
59
3
17
28
2
71
18
41
4
25
5
15
15
92
49
43
25
30
39
51
15
6
23
23
5
44
63
39
60
65
28
15
14
1
22
21
23
43
64
66
12
20
9
76
6
23
4
51
14
88
41
3
26
44
8
15
26
55
13
7
13
23
1
38
78
2
2
23
74
42
14
6
36
30
52
53
32
4
77
68
15
48
40
45
5
1
66
10
28
6
70
20
8
30
12
64
57
35
53
6
20
14
13
36
42
72
74
9
68
3
57
23
27
17
41
79
22
12
44
28
3
46
14
13
10
16
1
31
16
32
1
90
24
15
36
55
51
65
50
18
37
18
23
89
35
46
33
44
26
17
25
17
72
36
4
54
32
3
9
64
7
4
49
52
31
76
44
92
14
7
6
23
32
38
39
4
28
34
15
4
69
16
3
67
80
18
56
32
45
52
11
43
1
29
21
14
43
19
25
78
31
71
7
17
97
156
23
18
21
10
16
66
6
42
46
54
7
14
46
37
15
7
26
31
16
43
20
59
67
17
25
31
24
57
86
5
15
13
35
97
58
7
67
27
60
12
12
24
51
31
2
14
39
32
10
1
6
19
43
53
32
21
42
36
9
5
57
69
9
62
15
39
31
22
31
0
28
97
36
15
9
64
19
22
10
9
41
9
35
61
23
26
5
41
28
15
53
52
40
63
19
7
5
29
41
17
4
96
40
10
63
69
50
5
3
31
28
34
2
11
27
62
46
2
42
45
18
12
32
0
25
9
101
4
17
10
1
38
48
30
33
35
32
20
15
40
32
34
8
70
19
57
71
14
40
58
6
37
3
1
8
20
20
13
38
17
34
67
6
42
34
28
9
2
18
74
16
93
24
8
2
48
58
36
34
74
14
1
60
10
27
25
35
2
27
5
5
5
45
22
0
12
4
21
6
50
44
55
43
16
21
4
24
7
1
10
12
18
24
35
7
22
41
56
20
68
7
3
30
32
29
9
93
37
28
12
3
90
19
28
19
6
8
54
56
111
37
2
36
7
28
24
0
65
6
10
40
46
32
21
96
24
23
17
26
21
25
53
27
12
15
58
75
48
4
8
17
13
42
7
2
8
70
15
49
15
21
0
21
5
30
69
43
39
55
9
67
20
42
11
27
30
36
5
30
83
13
56
39
7
14
79
20
12
9
1
5
27
24
20
44
23
6
11
12
1
65
4
75
41
23
20
32
77
35
58
5
15
7
18
27
14
8
71
53
27
8
13
16
20
32
40
29
38
8
16
19
60
37
15
6
36
14
19
48
22
52
8
5
23
41
41
22
35
6
29
9
55
6
19
1
9
20
22
1
2
38
81
2
45
36
40
32
2
7
18
4
27
2
17
7
15
6
28
2
25
19
30
1
32
29
41
49
55
16
26
15
2
25
35
27
7
5
1
21
60
44
37
34
12
18
18
54
1
54
5
40
31
12
19
41
20
45
47
23
3
17
36
10
7
6
18
33
54
26
88
3
34
15
13
5
58
27
26
28
2
54
4
6
18
47
0
52
68
26
2
9
2
19
104
23
39
35
25
15
17
62
7
49
29
16
60
16
2
39
9
39
5
2
32
21
38
30
6
11
27
8
6
18
75
4
29
37
12
58
3
17
44
34
41
27
55
6
4
64
38
75
34
52
5
10
37
66
80
10
2
28
19
104
63
12
12
7
21
5
12
8
62
4
13
5
7
29
40
50
26
45
19
24
32
30
54
24
36
59
23
4
63
37
59
29
80
111
17
17
6
21
18
14
39
20
35
26
17
22
27
9
42
25
50
40
25
17
10
16
85
15
18
16
26
33
6
39
1
25
39
25
26
93
35
13
20
6
42
20
17
3
30
20
21
32
43
1
47
59
12
3
18
38
5
35
42
15
26
9
26
40
9
16
6
46
14
26
18
5
9
69
27
10
28
2
18
40
52
25
62
1
10
42
12
75
27
61
3
35
7
31
7
35
43
42
40
8
3
21
70
14
32
20
20
27
3
20
69
29
15
49
1
7
4
38
41
22
34
37
18
3
30
11
44
48
23
48
21
4
15
28
6
4
13
4
14
39
8
20
7
76
27
21
19
51
21
59
34
8
15
35
3
16
19
6
12
21
31
27
60
14
10
41
53
11
46
17
14
12
4
14
14
38
48
51
95
26
12
12
39
1
63
6
44
35
14
14
22
36
21
12
16
13
35
12
27
18
3
37
18
14
6
15
28
29
16
0
66
59
1
9
13
16
29
66
17
57
47
18
38
18
1
7
10
33
62
8
48
31
37
26
89
10
40
23
23
13
6
9
2
43
31
38
1
61
22
31
51
44
1
11
23
2
7
40
1
11
5
9
40
9
36
22
8
7
4
36
16
33
42
22
60
35
3
11
37
8
17
68
28
27
1
9
21
5
8
5
3
37
1
1
65
24
14
26
28
15
32
5
9
15
18
0
3
11
4
10
43
45
31
7
25
40
31
4
2
23
8
14
61
50
27
6
32
11
49
19
48
45
9
24
79
3
67
20
55
25
6
9
54
68
0
9
48
18
3
16
13
24
16
10
13
31
5
18
49
36
15
8
18
50
5
35
41
15
20
21
36
50
33
29
1
10
2
6
11
8
57
41
12
17
22
25
21
17
3
14
4
10
26
21
15
35
28
73
19
32
6
28
3
21
13
7
21
9
4
22
18
11
37
2
58
15
3
54
10
52
24
47
41
54
53
2
35
11
5
22
48
8
35
8
7
14
27
19
37
25
56
19
10
33
4
21
8
18
14
10
43
7
38
5
46
10
18
28
38
3
14
6
18
10
14
33
27
41
3
3
23
28
7
30
17
20
7
6
10
26
22
16
47
18
13
24
14
3
52
17
1
12
22
14
4
25
0
2
56
19
18
16
2
9
44
19
15
16
5
28
16
0
28
22
21
16
0
13
25
13
5
31
10
21
30
20
13
19
41
16
1
21
18
5
9
1
14
45
31
5
27
35
21
31
34
26
25
5
20
10
46
41
34
32
8
25
23
1
31
31
9
40
13
14
11
18
29
3
7
45
19
30
34
16
20
4
30
14
13
33
3
15
9
13
4
27
38
15
6
28
2
20
11
5
39
9
12
29
26
22
5
41
17
13
18
5
2
28
18
5
4
14
22
12
27
33
13
13
3
4
21
28
9
14
3
12
5
6
23
9
2
7
14
43
16
17
29
37
18
21
31
21
9
21
12
1
17
4
47
33
22
16
10
15
15
6
16
16
11
6
9
5
17
51
40
10
11
15
5
11
13
12
31
5
25
39
7
10
3
18
16
23
8
22
7
14
32
13
21
17
9
12
27
15
9
27
10
18
28
21
2
13
8
30
20
15
1
20
27
7
9
13
38
40
9
2
5
9
15
4
2
31
29
29
13
15
13
26
9
3
41
17
16
12
9
43
27
7
35
59
18
11
8
12
2
33
11
34
7
28
9
38
22
14
6
9
19
28
11
21
8
9
34
9
2
20
15
19
32
23
14
17
16
34
31
1
27
31
17
7
10
2
21
5
37
47
4
28
23
4
16
18
27
12
32
21
4
26
36
24
6
14
19
9
12
19
14
19
14
18
15
12
7
3
10
2
15
21
4
19
8
3
6
28
7
17
29
25
7
14
2
23
9
26
5
4
1
35
1
18
1
5
3
7
22
23
3
1
5
22
5
10
12
7
11
25
2
2
14
1
19
12
8
38
17
18
15
34
7
3
36
2
28
12
3
11
15
14
9
23
12
3
2
16
22
8
6
27
17
13
19
3
4
22
8
13
3
8
13
25
6
7
20
16
9
7
25
4
8
7
16
2
5
1
3
25
4
17
21
14
1
22
5
1
14
7
5
2
9
11
2
34
3
15
17
4
32
7
9
6
2
15
13
26
6
7
16
0
3
26
1
2
16
3
20
11
5
16
12
11
14
15
1
12
7
34
9
1
0
11
6
12
18
1
29
15
1
8
20
0
11
6
15
10
2
12
10
6
6
3
9
1
8
4
11
17
13
9
17
4
11
15
0
15
21
3
5
6
8
1
4
13
22
27
10
0
4
5
1
12
3
7
11
1
6
3
5
6
2
2
7
2
0
8
2
3
6
3
16
0
3
11
21
5
1
1
0
4
13
8
10
21
1
14
20
7
3
14
11
5
3
5
12
1
12
14
17
9
7
3
5
16
4
5
4
6
11
4
11
6
2
2
2
3
1
8
1
3
2
4
1
3
7
4
6
4
1
5
2
8
2
3
1
5
8
7
10
4
5
6
1
1
7
7
3
3
1
2
2
5
2
2
1
1
1
1
0
0
