6
30
50
21
30
1
15
5
1
73
10
39
1
74
16
25
17
16
13
5
5
21
7
3
19
17
0
28
25
31
1
3
60
26
76
21
0
34
27
8
5
4
60
33
17
29
24
3
11
17
4
33
57
41
13
29
5
49
21
21
31
6
30
12
16
39
56
21
30
11
54
52
33
21
25
13
53
5
81
35
31
17
13
0
77
36
41
60
71
52
21
20
25
3
29
2
23
39
20
9
14
16
5
17
56
21
38
8
15
25
36
24
1
24
9
50
43
40
40
55
48
58
84
32
8
37
61
16
6
29
30
35
2
0
64
23
14
27
54
6
39
8
14
39
35
53
23
28
3
36
13
48
18
72
76
62
16
14
101
30
37
33
1
60
12
21
30
36
30
14
38
13
6
8
38
13
30
4
44
22
27
34
42
44
30
91
61
3
35
64
74
3
1
63
49
34
57
3
13
70
52
53
27
61
38
11
6
42
9
23
6
8
96
36
10
1
19
57
15
53
6
16
9
52
44
36
36
38
19
22
73
21
56
8
26
68
3
7
43
24
2
22
26
12
83
42
0
15
30
29
34
58
45
19
9
17
26
21
31
51
6
54
18
18
24
6
42
39
2
2
68
40
24
15
25
54
3
21
51
0
26
16
1
61
13
5
10
75
17
22
23
5
10
90
22
54
57
31
61
24
38
18
62
82
10
58
61
24
51
9
4
83
6
10
26
6
12
20
25
54
43
4
10
22
129
40
10
8
40
4
52
19
54
23
64
86
10
35
3
38
11
40
39
27
51
7
13
2
13
50
26
69
108
53
47
63
22
65
76
42
14
41
112
42
10
16
71
17
21
27
63
20
42
25
9
49
85
32
22
19
15
24
22
12
33
26
0
39
58
3
43
36
23
30
63
51
58
75
9
6
25
40
12
15
30
66
31
41
74
102
12
53
2
10
5
24
17
61
42
17
12
7
25
36
18
12
6
30
132
50
18
63
52
20
1
20
19
32
54
33
28
25
11
1
14
32
61
52
32
51
121
23
14
12
96
27
21
7
21
8
24
51
4
104
28
27
7
4
2
1
14
7
59
78
15
79
32
57
49
9
53
102
65
20
3
23
69
16
19
14
34
5
14
24
11
23
62
21
13
8
44
4
54
51
37
94
39
14
36
12
15
5
51
70
65
7
59
10
1
9
0
8
2
78
20
24
39
82
38
12
13
22
34
15
21
21
40
37
15
59
14
83
53
4
23
73
24
11
108
8
1
57
2
25
8
48
7
32
35
9
25
63
73
6
74
0
12
37
35
29
28
69
45
14
15
22
14
34
46
12
16
44
67
1
20
21
25
19
50
16
10
3
62
13
41
23
10
38
49
12
21
21
25
13
6
8
79
23
32
25
20
33
20
40
21
45
40
80
15
38
21
33
5
8
40
17
1
13
26
3
114
5
25
14
55
47
51
18
4
47
4
20
24
9
15
12
1
57
33
1
1
12
100
30
9
3
10
76
46
31
21
41
7
49
3
54
4
44
12
24
27
43
31
14
6
18
1
19
0
50
71
8
8
34
12
1
19
8
40
15
15
3
27
2
23
23
28
26
31
14
10
22
65
26
2
57
43
33
55
17
9
1
41
51
52
39
22
22
7
13
22
2
66
25
48
30
30
3
2
43
10
35
1
17
13
17
36
9
27
45
40
18
10
34
45
30
3
23
46
22
16
15
62
5
48
14
35
29
19
28
9
54
37
28
60
3
23
55
5
32
1
14
89
10
16
34
51
14
41
26
4
73
15
9
3
65
4
43
5
59
12
41
31
2
53
35
21
13
76
42
17
43
11
62
37
20
30
36
80
23
10
4
14
29
7
22
9
14
17
74
12
25
22
3
33
7
8
35
12
57
26
45
35
6
1
7
8
2
15
23
35
45
1
37
41
6
20
15
18
39
71
75
21
3
50
4
44
33
35
4
34
50
36
52
35
13
2
130
40
45
2
26
31
18
58
17
38
30
41
21
2
54
40
22
18
16
37
17
1
45
41
16
1
43
9
38
1
14
11
22
49
19
15
29
24
4
25
5
12
38
54
3
19
0
60
22
52
38
0
35
46
69
55
60
17
1
46
2
14
57
70
4
7
10
4
2
20
24
27
23
15
6
50
24
49
25
1
37
31
9
55
23
45
0
33
56
49
24
17
40
10
23
5
57
2
17
83
13
30
42
20
48
85
33
23
29
11
5
7
16
21
58
25
46
12
41
31
5
61
13
12
0
19
8
32
9
16
9
46
1
44
53
23
25
25
4
12
4
8
3
0
11
25
10
54
29
60
3
10
3
3
17
2
8
41
8
47
14
19
2
2
21
14
30
8
27
28
68
20
19
46
26
8
7
3
24
3
4
85
23
38
6
25
13
8
11
22
46
55
20
45
19
12
20
35
24
7
11
3
60
9
14
83
18
26
19
40
18
30
10
5
69
14
13
9
12
26
7
40
2
8
10
24
33
26
13
66
13
88
44
21
9
12
15
6
43
18
30
9
7
4
28
32
42
11
7
33
4
64
29
49
12
4
36
28
1
20
12
19
2
12
96
18
10
53
4
23
27
34
86
1
37
41
8
9
28
15
5
37
13
21
9
4
15
21
26
51
5
6
29
8
29
28
11
24
46
39
13
10
4
7
18
27
7
32
28
61
11
7
8
23
11
30
16
14
24
2
6
16
7
12
34
9
35
40
23
2
43
21
17
93
10
21
40
15
5
32
51
9
26
31
36
20
3
16
2
6
27
6
43
18
55
47
4
37
45
25
46
14
47
11
17
3
47
37
3
3
26
21
17
12
41
47
35
1
1
15
32
46
29
4
38
19
20
14
9
46
42
51
36
11
25
36
15
31
12
45
12
18
48
2
12
9
11
21
11
8
20
12
9
16
19
48
14
17
37
3
5
81
18
15
31
18
3
20
28
10
15
41
6
35
3
24
29
11
2
19
22
42
22
1
7
31
22
17
39
49
17
10
13
4
31
4
18
34
12
9
8
61
16
12
10
21
3
14
22
20
96
25
2
5
8
4
11
7
30
5
7
39
42
51
7
5
24
11
21
23
39
13
31
10
2
7
17
31
21
24
37
5
13
18
3
9
25
54
13
10
18
8
22
13
25
5
9
57
32
20
7
11
28
70
33
10
21
69
21
9
11
39
21
40
24
21
3
30
22
28
20
18
9
25
13
3
16
8
26
32
30
6
0
56
45
7
13
13
16
13
24
4
54
36
24
10
48
31
10
10
17
17
30
0
30
11
29
6
32
17
54
4
13
14
18
9
21
41
10
26
27
21
22
12
6
14
19
23
22
20
51
10
9
6
33
34
16
14
26
24
18
22
11
14
20
25
22
1
10
4
41
11
3
56
36
6
4
8
2
23
4
16
24
30
48
4
17
39
7
10
0
21
45
5
20
45
41
21
31
2
5
7
26
18
10
5
2
7
17
14
10
16
13
21
12
20
28
17
23
56
6
14
13
10
11
9
17
36
13
10
6
20
21
20
4
11
14
20
45
18
5
16
6
65
58
49
3
29
2
7
5
19
22
16
13
17
23
21
7
7
23
14
27
5
4
9
16
13
35
28
6
58
5
15
3
56
12
36
9
9
49
12
48
5
4
24
10
36
22
8
15
29
6
2
3
22
26
38
24
5
9
5
26
4
31
10
10
5
9
1
10
36
18
3
4
4
32
17
33
18
28
12
36
17
7
11
10
16
2
22
18
0
6
9
13
2
14
8
27
0
8
28
5
1
54
4
8
4
34
24
16
19
6
33
37
26
5
3
17
0
11
1
10
10
26
10
24
7
16
8
1
15
6
22
2
11
9
31
32
11
14
1
3
10
1
1
59
24
4
2
27
25
28
26
9
38
7
11
8
2
7
31
6
32
17
13
20
40
10
14
2
23
39
16
3
15
20
16
3
10
12
22
20
7
9
9
4
37
0
9
14
32
19
28
20
11
4
21
13
20
21
8
11
39
7
17
9
7
9
10
0
5
1
8
14
7
29
20
5
17
15
6
3
8
23
7
8
13
14
0
11
19
6
3
9
19
17
17
21
3
1
10
23
28
23
10
1
21
4
1
8
7
2
3
7
8
25
19
9
2
8
26
1
1
15
19
19
15
18
5
3
2
2
13
23
17
5
44
18
16
8
22
7
19
22
19
1
35
4
1
12
10
9
0
10
15
23
2
7
16
23
9
8
19
8
8
17
9
0
19
22
3
12
14
4
1
25
10
6
4
12
15
11
3
3
8
20
18
2
18
1
7
8
11
1
30
24
7
4
0
14
4
13
6
19
18
4
12
3
3
7
13
14
5
7
7
7
1
14
12
7
18
7
1
11
9
2
17
5
4
9
6
12
2
18
27
8
1
9
3
6
29
12
12
20
0
4
4
7
5
10
8
23
5
5
3
12
8
2
3
1
23
7
11
7
4
1
4
9
18
3
10
0
20
5
3
8
12
3
3
0
2
12
17
23
3
4
16
7
2
2
5
4
8
1
3
7
5
12
0
6
0
3
8
5
5
0
10
10
5
3
1
4
2
0
11
1
6
3
3
7
2
2
1
5
3
1
9
3
4
2
3
2
1
7
1
1
3
1
1
3
0
0
