12
28
17
10
108
15
3
10
10
2
0
27
20
8
35
1
14
46
72
23
19
48
8
19
31
21
2
9
5
18
3
55
15
30
11
29
8
6
56
76
64
16
27
21
11
8
15
12
24
49
10
47
4
32
49
32
2
25
66
51
26
20
4
24
58
37
7
6
11
55
35
5
96
22
7
25
33
7
10
2
48
36
24
5
36
109
29
44
26
4
10
19
94
22
54
21
44
6
32
41
67
22
68
38
16
29
8
12
34
1
4
11
1
21
39
26
90
38
7
69
23
48
12
32
64
26
89
11
11
49
34
57
51
21
90
40
15
9
46
51
5
40
2
109
39
16
10
40
15
68
21
4
9
28
2
21
77
92
17
38
51
28
79
38
80
56
21
49
19
19
17
28
40
36
84
81
93
18
12
50
55
19
64
26
58
63
28
60
21
49
30
49
27
54
34
54
17
5
9
7
9
24
25
62
4
47
48
72
2
45
26
15
48
7
41
79
12
33
49
21
7
6
63
26
2
51
126
42
20
53
103
51
89
28
30
58
49
11
31
63
17
75
93
60
29
29
16
28
9
10
5
25
21
24
38
4
63
4
14
60
42
71
1
10
35
16
8
35
31
35
18
25
24
12
92
29
34
10
33
42
37
73
25
39
72
4
74
84
22
36
5
3
9
121
74
3
66
67
34
38
77
41
79
37
18
36
2
19
11
5
2
1
37
103
14
35
11
26
83
48
19
4
36
12
11
47
50
45
0
11
20
106
1
14
11
29
66
48
27
0
16
81
36
123
45
23
7
12
62
25
14
5
65
15
86
6
72
42
11
25
19
43
11
73
33
38
3
16
43
89
26
44
10
12
26
13
47
21
53
56
34
72
39
13
40
34
29
13
68
31
11
3
42
18
8
2
19
26
42
54
1
0
63
23
47
23
51
1
35
64
40
30
46
46
59
48
25
11
5
24
15
30
30
93
21
38
90
52
43
4
17
41
13
81
21
2
8
51
20
9
37
63
0
33
12
15
37
2
20
53
37
1
16
26
29
27
46
6
70
21
43
39
18
10
35
46
20
35
13
30
6
59
11
68
12
19
25
7
32
95
15
12
75
48
24
8
0
33
74
16
69
16
54
31
112
16
29
21
29
63
9
17
31
19
8
12
17
27
76
16
14
12
40
35
33
28
57
8
21
45
39
8
105
4
25
25
48
47
16
8
31
64
47
45
5
37
110
5
54
14
48
4
16
83
9
15
10
8
72
20
64
8
60
14
31
38
50
59
51
23
0
71
22
9
38
52
4
4
53
20
32
63
0
49
9
24
0
23
12
43
25
56
36
26
37
16
61
36
24
8
22
12
12
26
21
50
2
77
9
47
27
23
10
68
70
73
5
42
27
54
7
13
75
46
10
29
28
26
15
11
26
10
42
13
47
50
23
5
47
33
4
74
20
3
19
64
8
30
80
15
48
28
13
7
13
58
80
48
14
11
52
17
20
24
60
8
17
17
32
24
20
10
21
13
8
40
22
54
44
24
22
32
6
42
34
6
31
12
35
61
22
19
9
14
14
24
80
2
11
17
20
22
9
21
69
50
30
18
83
5
20
24
31
24
97
23
20
11
66
1
16
6
4
96
39
30
15
34
10
52
25
11
15
25
21
44
23
10
17
2
4
41
33
20
5
20
37
45
14
79
6
22
58
67
40
11
31
23
9
14
1
16
7
126
14
28
6
51
30
1
30
19
12
27
22
29
25
8
21
51
30
50
31
23
18
42
22
68
15
13
20
58
21
7
13
10
64
14
16
11
60
12
40
29
3
10
33
53
12
28
38
58
13
23
2
6
29
4
11
6
32
5
21
13
31
77
34
49
43
9
77
64
2
31
7
2
14
22
2
37
37
45
14
15
36
37
29
50
36
2
11
51
7
15
4
31
33
8
64
6
20
29
16
15
19
32
43
2
5
7
23
49
5
26
2
38
22
29
32
44
38
37
3
35
3
15
18
18
1
32
21
9
58
27
55
40
44
20
43
51
35
10
43
15
53
20
21
53
18
6
62
19
28
21
12
18
20
12
13
89
7
54
6
57
18
32
62
53
25
5
22
22
11
39
4
47
19
42
63
17
27
4
79
58
36
44
2
11
21
23
38
53
8
2
11
8
64
1
39
33
5
58
28
1
6
26
41
1
14
46
23
19
12
23
12
11
3
20
11
48
64
26
17
4
25
20
64
15
46
23
16
15
8
27
33
25
50
13
35
85
44
38
19
18
17
51
7
36
10
19
28
5
17
55
82
52
35
71
27
20
20
30
28
76
7
19
3
13
51
14
5
34
54
22
14
4
6
42
2
30
14
6
11
39
13
24
28
75
18
7
5
27
6
36
12
23
6
11
49
18
10
3
1
39
10
22
11
46
5
10
18
21
18
6
9
59
73
55
29
15
49
6
11
23
4
3
61
11
16
11
11
21
13
22
10
48
59
24
9
12
21
16
21
56
27
6
0
35
11
6
26
15
40
6
9
24
50
32
14
29
6
17
11
14
22
17
21
1
42
15
0
14
37
8
18
27
15
34
18
7
23
44
1
67
53
17
63
27
38
66
13
76
17
12
30
16
23
11
19
43
44
34
8
10
4
17
25
49
10
19
3
10
3
20
22
11
25
3
47
64
25
68
9
29
34
22
3
5
42
2
12
40
8
1
13
11
24
2
8
45
14
35
32
10
62
31
14
2
32
9
3
71
29
24
45
5
25
60
14
0
44
14
28
20
13
25
25
2
25
7
32
11
4
21
18
10
2
27
8
15
58
31
15
22
2
9
14
8
31
20
64
37
28
5
46
18
4
1
21
36
5
3
20
2
41
6
3
34
17
7
3
46
42
26
48
8
7
4
10
10
7
12
30
3
10
1
40
10
30
11
12
19
36
2
9
33
97
50
34
44
74
19
31
4
5
35
34
17
7
47
57
36
48
9
9
41
30
14
7
27
19
38
2
26
57
12
3
42
15
25
7
25
16
5
28
39
19
13
82
4
5
10
19
6
36
22
27
22
15
14
20
17
24
11
28
60
2
4
37
23
21
45
4
61
30
6
26
5
4
27
46
25
19
32
40
31
14
3
3
16
33
18
4
5
14
4
59
39
31
21
28
12
38
39
7
40
19
16
24
47
0
43
0
22
31
7
13
0
14
10
1
25
47
30
29
4
23
9
34
19
3
23
16
37
19
36
15
26
12
28
25
28
65
17
32
4
12
20
11
45
17
8
5
2
2
4
1
15
3
52
17
22
40
10
33
19
22
2
17
1
75
33
14
2
6
11
12
13
18
5
13
0
68
25
22
2
16
9
9
23
8
14
18
17
7
14
26
8
22
42
42
2
1
18
13
21
10
25
19
6
25
19
38
15
1
3
37
11
51
21
17
17
1
9
40
25
22
2
10
10
74
12
15
13
17
14
16
42
14
48
4
18
8
15
16
20
9
20
53
19
19
37
37
28
19
19
45
9
7
26
18
25
14
0
4
55
5
5
4
13
35
26
33
10
4
4
18
33
25
1
16
4
39
22
14
8
36
13
9
35
2
11
10
36
3
48
21
42
17
29
16
23
17
1
27
27
31
17
11
15
17
8
11
19
3
1
2
19
2
11
54
14
5
17
20
12
16
26
29
34
19
15
23
24
5
8
39
25
4
13
31
18
8
2
20
18
57
7
1
2
23
14
7
29
21
21
48
14
15
30
20
15
10
7
5
35
4
7
16
44
10
6
34
3
11
9
21
29
10
0
2
15
32
16
49
27
9
34
5
3
0
3
18
13
7
12
22
16
9
8
1
9
6
51
13
2
7
5
4
21
22
12
2
33
43
1
7
34
26
4
16
2
26
2
16
8
23
12
8
31
4
12
42
1
3
18
2
8
16
78
11
36
15
9
22
10
15
9
4
13
8
10
5
10
11
23
28
6
12
35
10
50
5
4
16
23
2
9
19
20
6
8
1
11
7
10
5
29
6
17
20
2
11
8
7
24
24
1
27
7
11
14
26
24
0
5
10
1
23
0
5
19
6
1
1
50
40
1
5
9
18
11
5
16
20
1
8
10
21
7
9
10
10
7
11
10
24
13
3
8
2
24
13
12
11
5
0
1
1
15
9
18
10
8
0
2
2
5
15
15
2
5
3
6
6
7
10
7
15
20
12
20
7
2
4
7
13
0
1
12
26
29
11
7
4
19
1
14
2
3
6
6
8
2
6
8
8
30
3
18
13
2
3
5
13
16
3
2
14
3
3
9
28
15
3
22
0
9
23
1
7
14
3
2
8
1
22
7
2
6
12
12
10
20
20
2
10
3
9
5
17
10
16
13
8
7
9
32
9
13
14
7
3
16
0
7
5
10
5
1
9
11
17
12
5
7
11
16
9
11
5
3
12
5
4
25
10
1
1
12
7
8
5
5
8
1
15
12
8
2
14
3
11
8
4
15
2
15
4
2
20
7
2
2
5
12
8
9
13
4
4
4
3
2
11
2
3
1
2
6
11
20
2
1
1
2
14
2
0
7
10
6
3
3
8
3
5
3
8
18
2
2
9
1
9
2
7
15
8
3
5
3
3
3
3
2
2
6
7
10
5
2
0
9
2
4
6
1
2
2
3
1
1
3
10
1
1
0
1
1
