11
99
54
30
4
53
1
13
93
5
36
55
0
10
34
2
8
4
11
9
23
50
21
15
28
28
60
7
26
9
7
25
18
31
63
8
13
20
16
25
27
68
16
20
35
35
2
33
33
18
32
44
35
6
12
40
27
18
76
16
1
36
10
18
61
9
104
58
13
39
8
66
32
49
38
40
47
16
4
70
10
33
50
20
65
44
31
98
47
24
5
14
1
23
78
15
15
61
8
92
5
32
18
16
8
34
46
19
35
43
6
60
23
14
103
17
8
56
26
8
1
15
69
59
77
26
11
3
10
26
84
47
19
8
66
55
32
30
81
11
21
1
48
15
57
43
0
10
83
28
5
29
74
34
5
42
4
9
26
24
17
32
40
74
38
34
13
142
4
39
82
102
18
15
10
47
58
1
70
54
13
25
76
52
18
18
35
111
80
104
32
28
114
1
18
53
62
38
40
42
9
57
10
121
30
9
1
17
104
58
3
64
41
32
15
13
55
52
2
47
22
83
25
23
14
5
57
60
13
90
11
42
37
47
8
56
12
42
22
64
19
28
17
27
21
5
11
82
37
43
88
40
1
13
19
28
67
57
26
6
6
80
16
45
15
10
10
1
36
29
66
44
12
28
8
14
24
12
18
23
44
22
40
30
29
71
59
61
17
26
41
61
30
43
50
8
22
2
24
50
28
89
5
39
61
42
35
25
15
18
58
17
73
2
58
5
21
29
21
48
20
39
18
38
3
0
34
19
41
51
10
16
15
52
47
70
5
7
38
59
37
59
20
32
6
13
30
12
22
50
14
41
75
6
58
16
13
9
48
69
49
74
34
1
1
79
13
53
40
43
12
103
18
38
17
16
49
7
15
41
17
51
28
28
12
51
7
34
5
97
32
59
3
54
61
7
82
46
28
53
30
14
4
23
1
26
64
85
23
70
8
37
5
16
40
14
38
20
4
5
71
35
6
30
17
44
2
18
57
33
52
37
5
34
33
30
76
6
42
50
33
99
40
9
33
1
30
0
27
13
33
26
16
64
63
36
8
17
54
26
2
29
24
11
69
35
20
11
95
30
10
5
35
63
47
39
26
22
7
14
14
28
30
70
11
13
44
100
73
89
41
30
41
61
21
14
5
10
39
21
14
76
9
5
18
35
29
14
54
14
6
23
4
15
84
9
9
69
26
16
1
16
59
36
14
20
3
4
33
22
2
3
35
110
46
51
5
11
42
69
13
11
29
37
6
20
18
8
28
24
3
95
59
1
97
19
101
9
10
41
39
21
51
18
17
5
16
4
22
74
42
28
31
25
74
13
7
48
46
6
16
25
30
50
27
2
0
23
39
25
25
10
34
2
37
40
6
50
14
43
4
59
41
59
34
16
11
8
27
34
1
39
17
39
14
36
19
71
46
26
24
1
18
3
3
1
70
11
26
39
41
39
5
31
11
2
74
24
8
45
4
3
79
76
44
11
28
50
41
20
0
18
27
30
20
14
17
25
54
7
55
10
1
29
38
33
37
70
2
8
18
12
14
20
7
25
6
10
2
28
27
36
25
31
42
66
87
33
41
47
50
6
2
55
8
0
40
48
13
39
60
10
47
6
39
18
19
26
4
85
9
35
72
5
6
18
49
37
45
59
33
27
23
48
51
41
48
28
56
7
41
0
14
56
16
29
20
24
9
10
19
20
16
8
20
36
6
17
29
27
35
42
46
26
7
40
48
15
57
13
19
33
38
16
21
60
47
10
42
35
8
4
40
29
28
35
82
15
5
10
57
42
65
13
45
62
31
16
8
9
9
6
36
40
28
92
25
62
30
36
15
8
17
73
4
17
51
33
22
18
35
29
8
10
10
64
4
13
28
24
12
34
27
35
50
7
26
1
23
18
52
5
43
36
34
7
2
12
32
6
13
14
19
11
55
19
7
16
71
32
31
22
6
46
39
8
11
9
35
25
20
10
15
5
9
64
10
11
6
26
2
33
18
3
58
27
25
41
5
19
22
37
32
13
34
19
36
13
43
5
11
0
32
49
80
23
12
14
6
1
15
2
37
34
21
8
38
2
43
68
4
54
47
32
6
14
10
29
32
7
31
42
15
7
7
24
0
4
10
43
3
17
72
47
20
38
27
18
17
7
12
28
15
49
10
17
37
76
13
47
34
28
19
20
65
31
6
14
76
110
10
44
41
26
30
22
72
7
10
37
34
24
38
13
26
6
17
1
63
39
27
16
18
26
22
1
12
12
22
44
80
60
51
2
26
39
46
27
30
12
8
26
30
81
13
31
28
30
17
41
21
50
3
52
7
27
31
20
27
33
8
3
9
32
10
18
52
25
1
10
26
29
42
11
5
24
13
17
36
57
25
44
80
0
28
13
37
2
4
57
49
30
12
4
24
29
50
10
24
92
13
25
29
23
79
12
13
62
75
8
25
23
19
14
23
4
16
9
38
7
64
1
16
37
6
31
47
52
13
13
27
13
27
12
15
26
33
3
57
29
2
10
1
7
22
37
49
51
15
10
3
51
50
24
26
35
9
10
4
4
8
32
2
66
8
25
9
12
13
2
0
22
29
14
6
25
52
10
36
27
2
9
62
28
11
70
13
9
24
38
32
43
18
7
27
19
11
34
4
27
8
33
45
12
31
48
5
5
11
18
6
19
24
4
26
33
2
50
42
5
52
32
4
18
25
8
23
47
34
3
17
23
10
17
27
45
15
37
15
42
2
36
44
33
22
33
7
4
36
16
14
31
17
22
64
3
34
11
11
66
16
28
27
24
18
40
29
7
61
17
63
35
11
38
28
13
31
21
33
29
17
52
11
39
29
19
29
54
18
25
67
4
25
43
40
49
2
19
1
13
49
22
4
32
23
8
2
66
15
0
10
14
46
10
41
56
27
15
30
13
5
20
32
32
68
49
5
19
39
2
0
6
13
6
8
18
30
32
30
54
48
52
22
8
19
0
50
26
8
25
40
33
20
8
21
5
10
42
42
44
5
47
20
41
14
7
32
28
8
18
35
15
14
4
6
10
14
5
10
6
29
21
24
51
26
15
38
30
59
51
43
20
64
44
30
43
15
4
24
9
21
18
26
16
27
46
17
44
23
18
16
14
27
15
13
4
18
33
22
0
9
56
14
28
27
13
19
36
12
6
41
1
18
9
16
28
21
16
6
2
17
20
37
32
21
32
20
14
26
18
16
22
0
39
7
12
8
19
38
5
27
22
3
25
39
11
26
9
33
0
15
25
0
1
12
19
8
22
13
2
48
16
22
28
2
25
8
17
20
40
1
22
15
13
28
7
14
11
41
46
10
14
24
26
5
1
25
7
37
3
5
0
36
15
5
43
20
13
25
2
15
4
7
19
29
4
30
7
21
6
4
9
54
18
32
24
27
57
3
21
24
11
50
7
16
45
26
4
19
12
26
27
10
21
19
15
1
8
31
34
1
40
24
3
9
1
13
16
40
16
21
0
16
7
44
42
22
5
4
32
34
7
7
39
6
17
19
13
10
20
9
2
24
6
10
0
2
14
7
39
9
24
18
7
7
19
25
28
25
6
46
8
13
8
14
17
6
33
4
3
3
9
15
20
43
8
6
42
41
26
22
6
3
16
14
3
43
31
58
27
13
26
18
39
24
6
20
20
35
12
28
20
16
5
35
1
45
23
12
12
0
24
10
12
2
12
22
2
22
37
19
19
35
29
4
35
17
20
2
34
18
18
36
42
4
28
1
45
61
5
18
21
19
5
39
30
32
29
2
18
5
30
25
8
5
14
2
7
36
25
13
28
8
21
15
31
25
31
44
5
1
16
17
21
31
34
6
12
19
1
5
14
14
17
7
18
2
27
25
9
2
3
20
5
12
13
6
8
4
31
22
15
10
8
20
52
5
9
2
35
17
14
20
20
15
2
15
8
3
2
2
21
13
19
7
5
39
4
27
10
23
10
24
7
25
7
3
30
2
8
13
10
0
6
4
7
11
22
15
1
7
2
18
27
40
10
4
21
26
23
4
1
31
25
6
1
27
14
4
8
0
9
7
27
17
7
22
8
18
26
7
10
32
0
7
14
12
8
9
61
16
9
3
8
14
14
10
9
21
10
6
21
8
13
9
14
3
32
21
5
28
0
21
37
3
12
9
12
2
1
12
19
7
32
8
10
26
35
16
3
9
0
12
8
10
7
11
12
11
16
3
7
1
3
4
9
12
9
18
19
8
9
11
0
5
2
20
2
14
20
13
16
6
2
21
5
10
20
22
2
26
2
10
6
10
8
1
15
1
18
29
8
6
11
14
16
19
13
7
19
12
8
3
7
16
10
3
13
2
19
11
21
5
11
5
14
28
13
4
8
20
4
9
22
7
2
2
17
5
10
13
31
3
11
8
2
11
1
7
14
2
16
8
27
12
1
8
1
22
3
1
2
11
7
15
6
8
7
2
1
5
13
3
0
11
7
1
5
4
12
11
0
6
7
6
5
10
0
17
0
3
11
3
8
11
1
3
6
16
13
12
9
4
3
12
8
16
0
8
2
2
5
6
9
13
12
7
2
6
11
0
4
9
2
5
2
9
12
6
2
0
5
4
8
6
6
1
5
5
3
5
9
4
1
6
2
3
2
3
5
2
0
1
2
3
1
4
3
2
0
2
2
1
1
2
0
0
0
1
1
