72
32
22
1
3
45
71
30
21
31
20
10
74
10
20
59
9
14
60
13
42
16
8
10
86
120
43
16
8
10
21
7
17
43
27
18
73
27
20
27
20
4
39
15
18
15
1
1
22
6
6
39
47
26
12
14
80
94
1
59
38
29
28
10
3
46
41
45
26
53
12
3
8
29
66
38
13
117
50
14
40
37
65
17
79
18
9
33
15
25
82
38
77
30
7
49
25
65
79
7
49
26
3
68
62
103
65
45
56
46
13
20
38
57
10
0
35
69
15
35
77
100
73
17
68
40
55
2
9
65
18
39
48
42
51
9
109
60
10
59
13
53
1
20
48
87
19
12
55
17
68
48
56
11
5
39
10
28
32
24
29
37
1
37
107
2
32
10
16
52
49
33
57
65
5
38
38
33
4
78
26
57
60
49
11
25
14
76
1
51
47
33
32
13
55
17
37
54
10
4
21
10
72
14
2
104
33
18
35
9
1
37
19
21
50
12
35
28
125
43
32
14
67
12
32
72
43
14
12
17
15
37
18
31
64
43
80
6
70
9
15
50
19
23
85
61
124
2
47
8
54
7
19
26
23
8
30
10
2
0
44
14
43
52
77
60
34
27
31
52
34
63
22
31
52
2
13
14
19
44
1
11
25
12
26
11
17
15
26
27
13
26
16
9
29
41
28
49
10
53
10
1
20
59
21
6
22
61
38
97
11
58
38
90
73
7
22
9
14
101
21
41
94
27
34
40
9
41
14
2
25
40
28
8
23
19
33
25
18
25
39
39
55
59
41
0
32
63
55
52
42
12
47
14
25
4
3
24
102
31
22
11
43
37
46
4
32
51
78
50
21
35
25
11
63
11
62
57
47
20
13
33
7
41
99
119
26
9
31
50
77
85
40
15
54
65
33
17
6
26
66
9
90
84
9
22
57
16
15
32
37
67
36
40
40
49
5
75
3
7
78
75
34
34
37
44
4
17
3
43
66
56
31
39
25
98
19
34
21
4
2
47
33
8
12
55
19
20
26
37
3
2
0
17
11
44
61
49
2
52
113
22
5
23
36
44
30
21
16
60
8
19
31
12
23
42
60
38
3
0
46
4
20
140
15
5
32
30
73
34
34
4
9
68
40
26
29
31
24
108
10
51
0
20
26
44
56
62
5
16
21
35
53
9
50
3
62
3
56
35
117
47
16
50
13
48
55
59
37
24
48
42
21
22
5
35
5
43
22
25
4
6
35
11
86
3
6
11
22
101
50
24
49
3
21
48
83
23
26
28
4
33
11
50
45
25
54
10
60
2
11
1
10
15
31
56
42
25
3
26
10
21
34
58
13
1
15
43
45
86
26
17
25
29
59
38
22
4
35
20
17
24
9
12
9
41
73
83
23
43
11
43
9
1
8
5
71
8
14
8
38
32
1
37
55
27
40
27
10
33
18
35
16
5
23
94
1
13
107
81
4
22
13
18
53
10
6
32
2
73
25
33
48
6
47
13
22
23
31
29
9
18
1
6
41
16
74
26
15
74
18
16
26
52
4
3
19
27
34
17
18
5
32
27
24
27
50
66
11
20
20
43
10
10
12
16
32
51
13
26
29
9
43
19
61
37
15
81
18
35
11
46
40
38
14
12
14
12
11
72
39
4
41
10
16
7
5
82
42
11
28
7
1
9
81
12
13
2
22
45
30
22
14
23
14
12
55
22
9
41
38
30
35
22
7
6
0
17
28
15
23
46
21
15
73
19
11
95
25
15
6
0
0
53
107
2
13
23
62
13
23
26
12
22
48
84
33
2
38
47
11
4
5
16
27
11
26
29
5
16
8
33
20
49
3
61
40
54
46
9
0
26
3
15
8
42
14
4
18
34
22
10
11
25
30
10
34
63
4
65
2
10
36
13
64
10
19
13
5
4
16
27
9
28
64
18
47
26
36
26
41
35
33
23
49
24
18
13
54
94
31
21
8
48
38
30
14
27
38
24
5
26
6
34
25
8
38
29
20
40
12
0
61
13
2
33
42
20
63
52
27
31
54
46
54
43
21
8
12
53
41
37
30
48
18
34
18
17
8
6
43
78
11
7
9
22
62
33
41
2
9
13
54
36
6
47
14
1
22
13
4
4
13
68
4
21
37
33
23
8
15
10
5
42
4
12
3
59
7
5
26
6
87
11
17
9
21
41
22
1
83
4
26
42
5
12
2
102
7
15
8
6
63
6
31
20
10
34
18
39
13
47
9
9
15
22
73
64
56
23
44
10
57
23
26
5
16
12
2
45
12
5
19
1
28
3
38
3
34
29
15
18
36
39
25
55
52
7
63
7
39
48
5
4
12
38
3
27
30
42
33
32
33
26
30
22
54
70
23
2
18
27
49
12
3
18
28
3
28
25
29
38
21
18
18
39
21
42
67
56
23
61
4
17
14
25
18
51
14
51
23
9
12
6
80
48
14
26
35
27
20
23
24
25
28
10
25
19
21
11
37
29
59
20
49
37
14
43
68
56
42
13
13
13
9
18
7
24
44
6
8
72
55
21
43
36
46
11
1
33
9
33
20
4
21
6
34
22
40
6
45
10
7
10
19
34
40
28
33
9
42
63
16
63
20
37
10
40
38
25
53
39
21
44
11
3
9
24
42
29
42
12
28
24
17
35
22
29
14
24
7
7
35
6
29
30
1
8
2
32
34
47
9
9
23
26
37
16
31
38
0
21
15
36
3
36
40
25
27
47
16
40
19
53
12
64
12
18
36
27
29
6
38
88
45
68
24
20
19
12
38
14
24
24
37
12
4
26
15
33
35
11
24
53
68
1
22
38
24
15
13
31
10
31
7
19
13
29
37
40
24
16
36
6
0
77
26
11
14
19
13
28
13
55
14
34
51
7
13
11
30
23
1
16
2
27
31
46
28
13
48
49
28
35
19
16
44
10
21
35
24
35
29
59
45
17
15
7
60
2
21
2
9
29
10
1
10
9
0
8
45
30
9
1
28
0
32
17
3
1
17
10
24
18
52
34
9
14
5
20
23
44
15
11
17
42
20
50
21
20
15
28
2
19
17
16
40
52
78
63
11
33
46
3
16
19
16
2
7
11
6
18
13
27
4
8
8
23
3
39
10
1
44
18
11
22
41
4
23
29
50
13
0
6
3
54
18
63
23
6
14
68
14
30
6
2
51
32
37
33
8
34
19
13
8
2
21
2
12
31
10
16
1
3
2
30
5
36
54
19
18
27
30
5
22
6
4
47
13
50
31
22
7
10
31
5
2
31
45
21
26
15
11
1
26
27
52
9
15
13
13
4
26
2
13
3
37
33
38
5
19
4
33
21
25
10
19
20
40
33
7
22
66
4
2
14
6
3
28
11
48
5
3
49
13
53
12
21
13
4
20
9
11
29
26
30
27
8
8
0
4
18
2
22
8
38
18
6
16
15
3
14
7
38
12
21
5
3
45
4
28
30
5
4
15
12
7
4
10
4
6
15
10
2
50
24
14
4
4
34
27
32
2
13
20
50
3
8
2
5
38
22
19
13
15
30
30
23
43
79
13
9
20
7
20
5
36
12
38
17
17
3
4
32
13
6
8
2
57
1
3
22
20
11
27
19
6
21
18
56
25
45
34
22
21
31
30
6
5
54
13
38
13
13
5
4
19
11
8
2
6
13
19
1
11
4
15
3
5
37
37
6
24
29
2
7
19
17
29
5
13
34
5
36
41
23
25
22
6
6
6
11
8
22
21
1
17
16
1
2
9
5
1
25
12
12
39
3
16
9
5
41
22
17
22
22
18
3
13
7
4
14
27
45
7
8
3
24
15
19
41
30
13
7
7
21
8
35
17
1
29
23
15
25
4
6
24
5
22
7
4
2
11
7
42
21
10
13
3
1
31
22
15
31
14
7
13
24
11
16
8
37
7
1
4
16
1
4
31
14
0
23
15
27
0
5
35
5
17
8
13
27
2
4
27
3
8
16
4
7
29
18
16
28
25
2
19
16
20
15
35
11
32
12
15
11
1
0
4
3
17
7
12
3
40
14
31
0
8
15
18
28
11
2
13
5
20
17
3
7
2
36
17
5
5
13
25
18
13
29
44
43
18
17
5
7
1
10
10
8
20
46
12
17
12
9
13
34
12
0
8
5
12
21
30
18
6
7
7
9
17
11
21
12
3
10
11
6
1
14
24
18
3
21
3
6
6
18
12
21
0
16
6
7
5
16
5
20
25
7
16
3
3
2
2
7
18
5
13
13
22
27
3
5
1
2
5
8
4
11
6
29
6
15
12
24
11
8
5
5
27
9
12
11
5
17
6
19
8
4
14
0
5
10
13
10
14
2
14
8
13
24
1
10
20
4
8
4
8
10
9
13
23
3
10
11
8
4
1
9
19
1
10
5
36
20
1
12
2
9
17
10
5
20
2
9
1
1
8
4
9
0
11
9
4
3
17
7
11
16
10
1
3
30
10
1
4
13
11
3
9
3
13
18
28
8
8
10
1
8
16
8
8
13
9
4
4
1
13
20
8
4
6
17
5
5
13
12
20
5
3
0
2
3
1
14
7
15
6
3
0
5
9
8
6
4
11
2
11
10
3
3
6
10
2
7
4
7
2
4
6
14
0
8
3
7
2
0
2
6
1
3
7
4
3
9
2
1
5
0
6
1
2
2
6
2
3
2
2
3
1
0
3
5
2
2
2
0
1
1
