2
42
17
2
27
45
21
8
47
27
10
21
22
28
43
7
11
13
24
3
25
5
103
9
17
23
20
3
10
12
23
98
103
27
24
36
1
28
26
33
24
13
101
48
22
68
3
19
30
30
97
17
57
67
34
56
32
17
29
36
9
1
59
16
51
2
41
28
35
19
59
12
47
34
37
19
14
9
26
20
19
51
8
14
14
69
28
11
53
12
10
29
72
55
8
75
116
40
69
9
66
22
64
40
40
1
62
48
67
27
34
18
44
50
91
34
60
1
89
44
4
44
10
8
53
44
60
69
34
60
41
110
6
39
64
49
6
19
81
99
20
13
44
3
27
15
43
11
31
34
3
51
67
57
27
3
30
47
74
12
3
53
14
66
59
51
74
23
69
59
3
82
21
23
28
42
15
19
7
45
115
25
23
1
111
34
31
66
69
57
91
69
11
10
16
61
18
97
2
56
11
4
125
22
13
31
2
8
102
60
49
66
9
55
62
46
21
32
22
59
13
14
10
19
81
26
34
0
89
41
8
22
2
18
5
48
20
10
18
102
46
45
24
9
86
39
78
66
15
8
14
57
23
27
8
1
23
53
29
7
12
16
19
41
31
23
1
32
59
44
20
32
72
10
64
53
2
32
34
19
62
50
27
51
61
7
42
6
31
39
28
111
34
55
21
14
40
84
8
36
42
37
42
32
73
23
15
8
38
20
8
35
31
112
2
41
17
80
5
23
13
34
22
56
44
4
47
26
11
72
25
31
18
36
3
22
42
17
6
64
21
8
50
6
2
34
6
0
42
38
71
41
31
40
82
5
30
9
36
56
7
36
45
11
95
3
42
3
32
79
25
4
87
8
40
12
26
55
57
37
6
12
14
12
9
6
22
48
42
7
2
2
14
27
29
27
25
38
4
41
70
29
18
74
35
6
12
1
39
13
51
62
40
3
45
21
62
19
99
7
34
20
16
46
10
17
116
13
50
25
36
18
81
12
8
74
93
9
62
17
25
6
19
26
20
26
17
39
23
40
38
20
23
133
20
17
63
44
56
89
55
3
77
19
44
21
48
88
25
21
59
25
45
22
94
10
8
24
41
22
76
2
10
10
29
26
42
45
26
13
75
58
13
47
24
66
46
70
1
28
7
21
34
13
5
38
19
16
50
53
12
36
39
9
11
55
37
21
23
87
39
34
48
10
48
36
25
7
13
1
14
23
8
1
63
11
17
29
17
33
43
26
16
16
67
51
7
2
54
50
34
16
12
4
44
19
2
60
18
8
23
61
18
0
21
53
53
15
57
69
3
38
62
33
3
6
33
38
12
24
1
24
36
6
53
42
22
107
25
12
91
4
25
25
34
29
26
40
3
39
33
5
28
11
32
60
28
7
34
68
37
14
21
38
33
27
9
91
95
39
16
26
2
71
38
1
71
36
25
28
31
19
38
89
11
1
4
21
88
15
12
12
2
7
26
51
2
100
5
51
57
20
3
9
83
36
53
46
7
25
73
51
20
33
50
26
5
26
2
9
35
21
39
33
19
15
41
64
32
0
21
16
18
85
15
9
9
2
26
4
7
52
23
3
38
50
8
56
43
99
17
62
29
23
9
40
40
32
27
17
0
43
4
14
9
50
26
16
54
21
4
54
22
48
6
104
12
23
54
57
28
11
0
14
13
4
60
51
11
16
28
66
14
26
57
16
47
15
58
15
3
32
9
36
87
25
6
3
2
11
35
16
26
36
8
16
37
39
23
20
18
52
65
6
40
18
10
28
54
28
40
8
4
17
32
42
6
29
17
4
8
15
2
23
31
52
47
49
8
24
26
7
15
7
45
31
7
15
44
7
63
1
17
67
21
11
57
21
22
59
1
78
31
39
45
4
29
26
17
11
10
33
4
13
11
51
24
40
7
3
15
28
28
34
30
12
46
8
16
2
13
17
6
4
2
31
0
13
24
13
10
20
14
49
2
48
9
75
20
68
7
33
34
19
52
54
17
11
13
0
46
3
66
53
12
58
19
4
53
2
39
41
26
21
13
80
3
56
11
45
3
11
2
1
13
75
21
41
37
8
12
54
11
24
19
5
6
25
27
25
37
3
96
30
13
22
32
17
67
42
4
70
24
66
55
34
26
67
0
29
55
10
6
18
8
24
16
34
21
10
1
5
41
44
19
68
53
27
11
5
1
1
47
47
13
2
48
11
60
13
17
38
16
44
23
31
36
49
55
5
26
26
4
64
19
53
4
15
14
16
28
10
44
42
5
52
2
16
27
6
60
35
9
53
58
16
9
44
32
39
21
28
2
2
30
73
57
5
27
38
0
9
21
44
22
4
16
39
23
21
23
6
2
1
49
19
60
41
12
76
70
28
50
68
11
67
48
5
39
54
20
41
4
14
14
5
29
41
32
23
19
28
79
14
40
20
26
51
5
21
7
30
72
8
11
4
29
28
5
60
22
28
24
10
45
32
15
10
6
9
1
28
20
7
52
45
28
22
49
1
22
26
24
39
49
46
17
33
35
48
71
30
88
14
38
13
38
34
11
16
36
56
4
35
12
17
47
73
7
21
3
36
20
12
21
21
59
12
22
23
3
9
52
41
3
3
26
8
18
15
39
31
43
15
8
43
25
6
44
52
4
3
18
20
12
0
9
36
8
16
57
3
47
26
11
65
40
16
11
13
36
16
22
17
18
46
32
18
45
3
11
21
26
26
10
33
54
28
20
12
16
30
17
2
45
44
9
6
24
37
4
9
2
39
39
2
52
6
52
28
24
3
44
6
16
14
17
10
18
41
35
14
20
16
1
45
5
4
20
43
14
35
15
36
8
27
6
33
21
46
33
36
4
6
24
33
20
25
7
3
65
6
5
21
22
27
7
34
38
48
11
27
12
23
23
10
1
61
39
45
30
51
21
10
71
6
14
23
35
1
17
30
30
16
14
44
11
54
26
13
6
9
3
49
30
11
52
14
45
11
20
49
32
14
43
4
25
34
4
4
5
36
36
14
7
46
22
17
31
10
74
39
22
15
1
2
20
24
2
8
24
12
14
41
15
27
20
15
26
20
1
22
25
59
8
66
42
17
3
16
33
5
25
9
19
31
36
23
21
6
3
21
11
9
32
32
15
22
3
76
1
3
33
53
17
39
1
7
2
21
56
25
16
19
49
11
7
18
12
21
42
7
12
8
69
22
14
14
37
29
1
11
37
24
16
25
51
31
20
23
19
3
4
0
34
9
13
30
7
11
16
26
46
23
28
32
11
7
7
26
31
18
25
2
12
24
4
28
26
12
35
4
2
2
33
32
37
69
29
24
10
8
34
30
19
32
0
13
6
10
24
20
0
45
15
15
14
26
20
6
17
1
13
12
18
17
29
23
9
25
28
39
0
23
0
16
8
11
24
13
63
57
13
27
23
32
29
71
3
19
26
10
55
7
6
21
1
15
19
15
10
14
32
3
1
6
20
16
6
8
17
4
56
6
13
9
13
52
18
12
12
20
0
43
35
5
61
10
24
19
1
1
1
1
46
24
21
12
29
3
4
19
39
25
33
18
25
12
25
13
45
5
7
1
26
9
31
17
7
6
8
14
4
9
7
5
3
11
17
56
12
18
6
34
9
26
26
42
16
18
4
2
10
1
15
38
10
8
20
35
29
7
49
19
13
19
2
16
7
19
6
34
8
14
46
6
25
7
20
54
6
27
17
27
21
30
6
4
16
0
15
12
21
33
9
26
9
15
26
14
10
8
2
3
31
5
4
9
1
15
24
35
11
31
19
1
11
0
39
17
2
15
0
26
29
21
4
31
14
35
11
3
22
19
17
6
10
12
12
22
8
22
37
0
6
11
10
45
10
1
12
14
26
13
1
24
7
13
9
7
25
2
6
3
17
10
1
28
13
1
31
12
9
2
5
12
0
17
18
9
30
4
37
4
3
22
7
1
3
9
6
29
20
4
12
10
4
12
19
26
11
6
0
15
13
2
10
12
4
30
19
4
38
23
8
4
2
26
6
20
12
20
26
8
3
5
1
47
38
33
7
18
10
1
13
7
17
33
33
8
5
5
4
13
18
10
2
14
15
18
16
18
2
16
41
25
1
19
27
38
13
9
18
25
0
25
2
12
19
3
5
1
7
19
32
9
25
19
4
14
7
17
13
0
16
11
31
7
28
5
9
2
2
26
3
36
19
4
12
21
8
9
1
22
3
6
1
1
12
5
3
26
10
3
0
11
1
7
3
6
2
1
13
0
12
10
17
4
35
5
18
20
13
9
5
18
4
21
2
10
20
6
12
23
34
17
19
12
7
10
4
18
18
9
7
3
6
3
11
8
12
13
24
6
7
9
12
23
8
21
2
7
7
18
8
0
11
18
10
7
0
8
23
0
20
12
7
10
4
26
3
3
10
12
2
11
6
1
21
14
10
2
4
0
7
14
5
20
4
9
18
1
5
4
9
7
4
25
8
5
2
12
6
1
11
1
15
6
4
11
17
8
2
2
17
15
13
8
3
14
9
3
10
11
7
0
18
1
11
10
16
15
8
12
12
3
0
9
3
14
3
1
19
4
2
6
13
2
7
6
2
7
2
3
9
5
8
10
1
4
5
6
0
13
8
4
4
10
0
3
6
8
3
2
0
1
7
0
0
6
4
0
2
12
2
3
13
0
5
4
2
5
3
2
4
1
1
1
3
5
1
2
0
3
3
1
1
1
0
0
