18
6
11
11
2
35
5
13
26
9
14
7
38
30
19
12
1
5
6
6
4
15
14
22
49
2
16
8
2
55
44
49
19
3
29
24
1
26
3
30
22
0
16
69
8
77
20
54
16
39
37
23
15
11
33
14
113
38
2
12
14
29
19
19
25
16
43
19
11
1
5
17
5
16
43
60
6
21
22
24
53
54
16
35
20
36
50
4
8
51
5
68
56
17
22
68
12
26
37
40
71
83
26
10
40
30
40
76
55
5
71
43
11
2
36
35
29
17
56
56
82
36
39
8
48
5
29
11
11
18
11
102
38
41
76
28
104
53
19
5
30
15
16
17
1
69
63
5
31
46
44
49
21
67
14
56
70
52
24
7
39
57
44
58
36
27
41
54
4
37
3
46
45
62
71
20
10
28
7
24
27
55
31
3
23
45
24
7
13
0
13
52
45
64
57
96
27
35
2
75
51
7
44
36
16
18
45
24
78
18
29
11
48
35
58
39
82
24
10
43
12
24
63
60
76
60
12
29
53
41
39
60
52
12
42
59
12
11
27
13
27
16
14
67
9
91
29
5
2
5
29
4
40
54
78
23
10
11
26
30
51
31
47
11
52
28
73
18
96
8
32
52
75
18
40
26
61
51
23
26
53
65
20
42
34
12
19
9
6
3
86
75
37
62
75
9
33
23
37
2
8
44
24
32
23
22
17
27
71
82
46
52
5
18
86
39
30
5
18
28
24
31
108
77
36
36
97
131
44
19
25
44
18
16
34
23
6
30
3
81
20
12
31
17
29
3
8
17
26
38
37
11
30
32
9
14
18
38
2
38
61
55
37
8
45
50
27
3
18
21
19
17
60
29
40
72
35
14
1
27
12
65
74
3
60
16
58
4
52
68
6
28
27
34
10
3
43
16
20
8
61
79
45
15
26
30
75
22
93
25
7
45
2
1
4
2
27
28
4
11
62
43
3
47
81
2
40
10
5
60
2
22
13
10
14
39
30
97
31
130
44
10
7
7
29
29
22
7
13
29
67
54
28
12
39
61
47
52
38
22
33
37
59
29
19
76
30
60
6
43
57
72
70
6
15
20
12
41
3
7
70
14
12
22
7
18
20
49
4
37
5
20
71
82
29
44
0
6
51
23
14
4
39
37
43
33
42
7
37
52
4
4
70
22
10
55
17
15
2
20
87
54
10
16
66
24
8
76
31
32
36
3
7
51
64
50
14
34
48
34
17
5
55
143
10
34
20
16
5
20
24
14
25
46
24
92
27
13
67
34
47
45
43
13
3
55
28
11
38
49
24
50
60
65
5
34
21
22
16
48
36
17
96
32
27
1
26
45
40
31
9
27
39
21
85
43
31
41
38
19
38
82
34
26
3
10
4
35
12
40
14
0
9
49
16
7
19
20
94
47
13
24
42
30
46
25
35
12
14
10
4
46
23
51
12
12
16
50
38
12
23
1
8
54
44
20
2
35
44
10
23
35
50
19
13
2
34
53
43
16
40
69
92
9
76
22
107
4
49
22
68
58
25
13
57
19
32
3
5
21
46
32
65
79
44
37
6
20
29
20
52
83
11
9
7
17
39
24
90
15
7
13
2
36
27
34
69
12
24
27
3
39
44
2
58
14
60
29
8
32
22
2
48
33
40
39
29
6
32
44
19
25
37
10
22
1
23
58
19
19
32
41
23
5
3
42
38
32
39
5
26
30
28
48
41
39
57
22
69
19
3
41
28
73
41
26
33
1
107
58
33
26
42
2
21
42
15
17
14
29
20
56
4
65
17
55
59
51
8
2
7
10
84
16
6
21
30
15
9
3
58
68
2
10
2
10
13
55
37
17
32
14
56
44
38
15
9
14
20
24
42
7
50
21
6
108
52
6
4
22
30
3
19
0
14
54
7
13
79
2
16
41
11
31
39
5
37
10
13
51
7
11
56
57
65
9
8
24
47
74
30
38
40
14
54
30
14
29
21
2
24
12
25
87
34
4
22
16
22
49
19
6
5
18
85
18
32
48
63
33
6
7
13
8
20
20
40
16
23
96
14
6
14
9
34
10
25
16
33
40
19
56
47
4
24
13
33
16
52
38
88
1
8
14
61
46
22
18
10
18
16
20
3
17
18
1
7
10
65
33
23
4
63
49
2
13
3
7
24
22
35
13
8
7
4
29
41
4
55
4
8
34
6
27
2
73
21
11
10
27
40
4
8
7
7
36
27
30
15
54
43
31
57
6
2
14
21
14
50
13
42
50
17
10
10
4
29
11
27
45
21
23
30
2
28
44
32
5
7
20
16
11
36
27
35
11
28
13
26
22
27
29
4
47
5
32
37
7
30
43
60
14
4
22
26
2
22
24
34
33
2
21
72
8
5
43
19
4
12
30
25
1
85
8
38
3
10
66
44
6
34
23
24
17
15
43
29
25
5
9
24
15
0
2
7
11
22
46
1
10
25
18
33
15
43
26
35
5
12
39
34
11
12
40
7
0
52
4
38
10
19
12
28
34
4
2
17
26
7
24
6
14
21
17
8
2
31
19
10
22
17
47
17
9
32
1
15
65
31
17
24
19
14
37
15
15
24
54
17
8
4
24
37
19
22
19
8
24
13
38
19
17
48
14
44
23
36
4
19
43
31
32
17
34
3
43
12
9
28
29
10
53
62
9
32
9
29
7
78
32
23
34
50
32
63
21
43
3
16
5
17
8
54
7
2
35
33
21
42
5
13
25
27
24
9
20
22
19
35
14
33
27
11
3
16
7
25
31
23
52
16
40
32
34
42
26
6
8
12
20
73
16
7
6
5
23
5
49
64
24
23
89
59
68
7
25
15
69
13
83
29
42
7
27
2
37
12
15
19
13
1
64
36
12
43
12
8
34
24
10
8
6
54
12
16
11
62
1
5
37
11
10
13
20
3
20
10
33
13
22
3
6
3
48
20
33
13
25
41
37
12
22
52
32
49
13
4
6
51
49
22
29
16
20
7
4
43
27
14
16
3
6
39
39
22
4
11
20
9
41
31
25
35
7
18
17
19
43
4
49
31
5
25
2
36
30
15
29
48
19
31
9
8
39
30
10
7
1
10
3
33
10
25
3
10
10
28
24
11
3
40
38
1
18
4
11
12
25
25
1
3
42
34
34
46
14
29
30
4
16
20
30
5
10
6
14
11
41
15
20
11
6
33
21
54
31
22
18
6
15
19
22
6
22
18
46
18
5
50
24
8
20
14
33
1
19
23
23
19
7
48
18
25
14
30
32
3
10
28
3
8
0
16
12
72
5
7
10
3
28
42
26
14
7
5
11
6
47
47
56
10
19
41
1
32
31
1
12
20
13
50
51
59
2
20
6
18
2
5
28
34
9
30
40
11
10
10
37
19
6
11
4
29
15
29
21
33
52
13
10
22
1
46
34
19
23
7
43
24
9
29
14
7
15
3
21
6
57
38
9
8
23
7
9
10
35
33
55
3
37
47
22
19
12
48
39
16
2
47
12
20
35
16
11
32
15
20
20
8
8
11
9
27
17
17
12
3
19
33
21
24
7
3
8
34
6
0
23
5
23
16
71
29
44
7
36
22
7
32
1
47
59
18
20
1
16
4
4
15
42
15
34
1
31
1
7
24
11
51
20
0
22
5
9
33
13
19
0
4
13
8
25
45
13
15
0
5
8
12
45
25
17
20
9
22
4
37
31
8
24
5
15
18
5
19
23
7
5
8
12
27
16
9
11
3
14
38
19
4
25
16
9
40
5
8
16
26
2
14
4
26
28
23
7
50
14
35
1
25
20
2
14
5
21
5
27
4
8
4
9
7
16
2
2
6
6
10
19
2
20
29
28
1
19
29
20
9
9
51
0
17
14
39
26
28
2
33
4
9
6
50
21
4
28
12
1
1
19
7
52
3
35
22
13
0
30
10
7
5
16
3
10
14
17
17
24
39
15
2
35
32
37
11
23
16
15
9
9
5
4
4
17
6
23
2
20
35
28
1
10
13
18
7
1
38
3
5
20
11
21
26
12
3
31
9
14
29
7
14
5
13
4
36
13
34
31
0
32
15
26
14
6
17
7
12
7
15
23
13
4
6
21
3
20
12
27
7
30
24
19
16
13
5
1
22
10
5
49
3
8
21
26
7
8
6
35
27
15
15
23
37
9
22
9
33
27
29
8
19
9
6
10
8
26
0
10
6
9
6
10
3
8
19
10
9
5
1
5
20
6
13
7
4
7
30
4
19
0
6
20
16
6
26
18
31
3
26
10
17
4
9
27
11
13
5
21
12
4
22
23
25
1
20
4
5
21
15
24
14
23
23
1
10
1
22
3
1
4
7
29
0
5
17
18
25
7
9
29
8
20
2
5
19
14
6
11
23
7
15
12
6
4
5
1
15
5
5
1
9
7
7
1
1
7
16
1
21
20
10
10
16
0
7
10
6
7
20
18
1
6
10
7
2
7
6
14
11
15
0
9
26
2
13
11
13
9
11
14
7
8
10
7
6
2
2
3
13
9
5
13
13
6
3
13
0
9
7
25
5
4
12
3
10
3
6
9
9
1
3
10
20
2
7
9
13
2
3
1
10
12
4
3
3
3
3
9
7
11
3
2
2
1
8
7
1
6
1
4
5
4
17
3
6
1
5
3
5
7
5
10
0
7
6
3
7
4
7
5
1
14
13
6
6
4
4
3
2
2
2
4
4
1
3
2
8
6
7
2
2
1
3
2
2
3
2
1
1
1
1
2
