11
26
11
5
12
5
46
2
14
49
27
77
55
10
4
87
28
15
2
51
19
32
11
24
5
30
9
2
21
7
76
25
6
12
35
26
49
37
11
8
0
38
82
56
14
65
51
4
28
8
81
58
13
12
39
24
47
7
46
35
39
33
51
21
2
40
45
26
58
35
16
30
8
18
7
7
41
15
15
45
6
25
30
106
19
14
1
4
56
104
40
43
67
18
38
26
42
2
55
16
16
46
5
30
35
59
80
49
31
100
32
29
32
9
6
26
30
58
46
16
60
117
5
18
16
64
8
30
10
31
11
12
29
52
20
121
55
37
43
20
13
103
7
26
4
49
60
5
36
50
16
62
16
55
24
16
23
67
19
1
32
83
33
32
18
5
50
30
45
44
15
3
18
11
24
25
13
27
56
6
14
31
17
37
17
16
18
33
15
2
83
47
44
49
17
10
18
65
22
35
55
58
27
30
56
26
57
15
11
27
11
31
45
15
10
121
79
58
9
7
48
38
5
57
44
21
10
14
21
33
39
30
96
49
44
73
7
3
146
81
86
53
25
2
34
30
2
2
34
15
69
88
22
5
52
104
34
66
28
20
34
30
29
45
66
11
4
20
50
40
26
21
11
10
116
52
48
29
55
13
25
2
5
18
18
9
23
16
35
52
8
13
65
68
21
60
40
49
19
12
36
27
77
10
2
30
38
55
68
21
12
1
41
65
25
30
51
8
31
68
95
16
33
3
113
35
7
46
96
19
17
59
2
41
24
21
32
16
41
39
96
40
18
25
10
13
1
47
60
17
39
56
23
3
14
51
9
69
51
11
18
1
25
44
11
6
56
48
84
64
2
18
82
13
47
44
7
21
2
51
81
10
66
97
32
42
9
4
41
11
9
53
40
32
53
8
13
20
2
48
23
37
29
15
11
27
4
2
26
47
17
55
49
29
2
42
12
7
17
5
9
33
30
32
41
6
66
42
77
5
27
38
49
15
34
13
2
56
26
26
6
40
2
45
8
4
28
3
59
10
58
1
6
14
65
31
107
60
2
2
15
36
28
72
25
7
43
47
26
13
7
12
29
28
23
48
45
66
31
7
9
34
43
27
7
37
18
30
60
54
11
25
22
126
35
19
84
21
2
14
6
59
25
5
51
9
44
96
20
27
43
35
17
11
54
41
39
2
112
39
22
19
1
82
55
29
8
73
10
33
27
30
12
62
29
9
58
5
48
19
67
69
42
56
61
20
35
35
45
24
10
10
22
68
27
39
64
17
34
14
57
22
31
79
3
83
31
8
4
23
22
5
44
20
26
17
13
0
36
32
49
10
6
50
3
7
56
18
3
19
29
50
14
3
44
96
11
26
43
30
49
26
59
56
52
3
67
61
81
7
40
52
71
33
11
22
66
5
14
16
32
84
24
30
11
43
3
54
6
4
40
3
83
69
30
11
32
6
44
21
46
18
14
22
51
33
3
10
3
18
11
16
2
9
26
28
63
65
49
38
15
35
44
62
48
9
70
2
16
19
64
72
37
33
71
71
74
62
36
0
18
32
27
21
1
39
21
26
41
53
13
38
2
8
36
24
30
17
13
7
26
5
25
1
37
36
7
31
21
79
42
43
86
23
41
22
1
45
50
16
20
43
14
50
8
8
30
43
18
41
10
48
55
25
2
8
6
49
13
78
94
22
67
15
21
30
16
11
53
2
59
13
50
9
14
31
22
9
5
2
20
17
32
29
16
16
5
10
61
35
49
2
104
68
0
37
58
17
42
30
35
16
15
25
51
55
4
31
57
27
1
15
8
0
9
11
17
60
43
23
57
15
51
27
20
20
38
5
13
88
45
52
1
40
32
8
7
8
35
40
51
34
83
9
33
25
1
31
10
4
53
38
42
12
34
56
48
42
13
25
16
64
6
33
2
73
10
48
11
0
15
29
10
48
11
44
25
31
8
1
8
16
10
45
79
44
57
29
65
30
88
14
8
8
21
3
11
49
59
24
27
13
23
48
30
5
52
5
46
23
18
10
5
66
20
10
4
20
6
28
14
24
29
56
29
56
10
3
14
23
59
7
18
46
14
21
10
54
33
49
62
10
27
17
0
37
9
23
39
10
46
10
34
2
7
22
15
5
7
16
47
3
35
10
29
41
44
77
53
58
23
64
54
22
25
8
6
11
23
5
30
10
39
102
3
18
7
47
70
26
21
1
32
1
29
7
33
57
14
23
17
15
22
4
30
2
38
58
18
50
25
49
12
41
16
2
36
3
14
1
0
38
92
18
7
18
14
62
16
22
21
87
32
57
16
70
59
9
68
20
6
35
27
6
30
17
26
39
5
6
25
9
10
18
25
104
10
27
45
23
60
54
23
47
7
42
6
57
12
16
29
70
2
28
26
43
37
39
42
41
12
6
5
22
51
4
39
4
46
4
5
18
5
11
31
15
25
1
10
7
37
5
2
6
16
18
32
32
3
4
43
10
0
14
62
37
14
34
35
7
83
13
69
12
40
6
17
31
37
35
44
25
50
11
38
1
1
41
6
6
52
10
44
19
27
20
36
19
49
19
43
29
10
3
55
8
2
5
3
16
40
38
19
3
74
36
2
2
39
24
41
0
6
29
14
14
9
0
3
33
31
33
22
31
11
39
35
56
14
9
44
34
52
36
10
19
49
11
13
10
5
29
8
0
21
41
19
12
9
49
21
4
35
54
2
45
26
31
7
23
19
11
70
0
2
19
7
18
34
24
25
6
29
1
55
24
50
15
14
3
3
13
27
16
31
39
12
67
57
13
1
57
12
18
53
11
31
12
10
3
9
48
1
38
56
11
1
26
49
14
34
14
22
7
11
16
30
55
39
3
1
31
4
16
24
67
56
29
13
12
26
5
14
20
6
75
28
17
26
13
29
2
20
16
66
10
13
27
19
47
20
30
1
37
23
20
10
66
10
22
46
51
49
21
43
30
16
23
30
29
13
29
14
4
28
23
18
22
13
50
44
36
11
29
1
43
15
7
8
28
20
2
18
30
31
6
18
57
22
11
27
50
15
28
7
26
7
19
2
29
23
59
38
11
27
10
43
31
49
16
16
10
8
1
3
21
10
5
11
24
9
40
8
7
16
6
37
45
31
32
2
26
16
8
7
26
23
30
25
25
2
36
31
25
19
7
48
4
38
16
4
6
16
18
47
18
9
7
23
3
56
46
23
64
36
47
13
43
2
14
31
19
21
7
2
4
12
26
44
19
18
6
32
13
7
65
13
11
7
31
28
13
24
49
0
1
1
53
33
27
23
1
37
8
12
21
24
53
24
25
0
37
26
44
27
18
4
34
3
18
16
17
17
40
0
14
20
1
7
18
21
9
20
16
21
8
12
4
45
7
1
16
17
34
14
4
23
25
6
28
61
11
16
25
4
11
24
8
23
5
5
21
9
36
45
29
21
6
21
24
17
4
43
12
21
16
0
4
16
11
16
7
19
9
76
29
1
16
6
29
39
8
29
4
19
5
13
40
14
20
12
39
0
5
2
7
48
4
42
39
6
6
33
31
62
75
3
28
14
42
23
35
28
16
12
30
7
23
11
5
12
61
22
33
11
2
18
21
13
1
26
5
22
72
3
28
21
27
33
15
7
16
0
27
31
19
16
9
7
49
9
34
13
17
29
34
11
26
0
9
19
7
22
9
4
2
20
15
3
5
58
28
13
8
25
57
23
27
9
18
11
18
32
63
6
2
22
10
8
3
0
12
2
7
21
35
20
24
7
27
2
0
25
8
4
1
13
2
23
13
0
1
16
24
7
10
21
6
30
24
2
34
36
10
16
26
61
5
21
48
3
13
3
20
35
1
20
11
18
6
23
38
15
38
10
21
3
10
1
7
0
12
0
7
12
14
11
11
28
14
17
23
26
3
11
17
47
24
9
7
10
15
21
8
23
12
47
1
5
29
5
12
11
1
23
9
25
17
7
15
26
7
4
5
7
25
14
12
8
27
2
25
13
27
21
11
34
17
9
1
35
22
20
5
2
38
22
4
5
12
19
15
33
1
5
15
26
2
23
20
5
10
9
33
6
21
6
6
35
33
25
3
16
28
7
11
0
4
12
17
4
1
4
4
34
12
29
23
31
11
4
0
15
3
10
3
3
50
17
16
1
12
0
2
15
7
22
21
9
18
13
14
2
8
17
1
10
9
11
20
28
12
14
5
5
17
9
9
25
26
10
13
28
11
10
15
5
26
18
6
2
6
8
6
12
12
1
4
3
6
21
10
13
10
24
12
7
16
10
9
9
7
16
1
18
37
2
23
37
3
12
5
2
16
22
5
34
21
9
20
1
8
15
20
7
9
28
6
5
3
5
28
6
6
13
7
21
13
15
14
6
21
11
4
6
1
0
1
10
16
10
15
11
4
22
1
8
10
13
7
6
0
0
0
19
11
11
11
6
9
0
14
15
4
23
2
9
5
5
16
2
1
7
5
6
4
2
0
9
7
9
5
24
8
4
13
4
3
1
0
7
19
12
0
2
23
0
0
5
6
1
6
7
9
2
10
25
5
0
10
17
0
12
1
2
2
1
0
28
14
4
4
6
7
5
1
3
10
7
6
4
8
2
13
12
4
4
14
4
1
0
5
1
1
4
6
3
1
1
4
8
8
2
3
1
3
13
4
3
4
4
6
3
10
2
5
9
1
2
1
6
5
6
4
3
3
1
3
3
2
4
2
2
5
1
2
3
1
6
1
5
3
0
2
1
1
1
1
1
2
