8
50
12
21
3
3
50
9
74
18
31
14
9
80
15
17
3
68
18
36
9
51
25
47
33
19
3
27
8
20
48
13
8
11
1
60
80
34
26
50
3
10
41
2
40
35
31
17
15
1
35
46
53
50
29
16
2
7
30
41
39
54
28
17
11
5
14
79
42
4
21
58
83
25
13
56
8
45
32
62
23
25
39
31
11
31
15
20
53
19
4
13
5
24
4
57
22
31
99
18
12
8
11
61
42
46
32
23
69
76
24
23
16
77
26
31
64
31
28
79
1
29
47
16
22
59
32
37
49
22
29
34
16
23
11
24
8
56
62
22
5
15
42
6
11
10
96
19
41
22
7
58
1
32
18
121
24
17
27
67
41
7
49
16
151
29
34
16
44
15
33
29
23
46
4
18
38
26
28
48
17
67
62
2
32
16
32
70
11
3
61
13
22
18
19
4
77
5
2
31
45
29
40
9
25
23
84
28
15
71
62
20
48
2
41
7
98
52
48
94
53
22
15
3
78
15
29
44
30
24
3
14
14
42
46
82
4
61
5
19
19
13
34
19
24
85
1
59
43
59
11
49
29
17
22
27
31
86
17
36
2
5
3
47
76
54
8
1
24
17
92
23
48
14
114
51
28
30
34
45
59
1
46
22
21
98
48
60
34
6
3
9
49
4
9
32
15
18
63
26
51
24
56
30
101
2
69
48
36
45
105
18
31
5
26
32
33
0
68
9
15
6
9
34
10
83
26
23
117
24
52
10
36
39
67
51
39
45
14
24
32
17
26
5
2
16
8
62
13
26
64
8
83
54
99
5
19
10
30
58
19
35
75
7
32
27
30
36
6
25
21
73
1
17
103
29
11
68
21
69
7
46
15
28
47
2
14
43
28
9
15
6
76
39
26
30
27
17
22
4
13
3
0
71
23
13
22
32
30
64
21
13
44
53
58
0
39
4
36
5
8
40
27
30
60
72
34
41
2
115
5
32
9
4
30
10
48
30
56
88
55
44
47
24
78
28
47
9
26
48
6
37
122
108
33
59
1
6
0
19
52
14
50
23
76
65
16
21
69
1
1
54
22
52
37
30
24
67
16
30
11
37
71
28
13
2
33
61
21
56
84
11
33
23
29
17
53
21
26
39
66
25
61
31
13
28
2
40
32
121
9
22
13
10
1
34
69
28
18
13
22
3
68
2
26
21
39
24
86
33
5
5
53
21
33
62
100
29
31
96
50
23
1
33
54
42
8
27
29
27
48
12
60
52
74
29
43
83
31
0
3
57
11
56
15
38
24
20
12
11
38
11
44
2
83
99
8
9
7
57
66
63
51
32
12
2
22
2
26
35
11
62
112
38
59
2
74
70
57
73
2
16
9
3
12
53
46
3
23
23
29
74
38
42
15
20
17
78
26
29
20
14
26
14
28
70
14
33
1
4
39
53
57
72
25
8
10
33
44
51
26
61
80
58
17
26
23
49
10
58
11
72
32
9
32
85
60
14
9
18
78
40
87
5
0
19
33
27
19
51
57
49
52
66
9
44
47
54
28
33
21
16
72
25
29
3
14
53
41
8
48
35
17
3
49
15
2
25
44
26
56
23
37
12
23
31
55
25
45
4
2
37
5
29
61
88
2
38
36
3
59
16
56
2
68
13
34
32
35
22
34
2
100
56
6
94
25
62
24
11
39
28
12
18
66
42
1
6
38
32
15
18
54
13
64
4
6
3
24
57
27
20
10
43
58
7
90
5
57
25
23
36
28
12
12
13
1
34
43
33
34
1
67
101
49
12
29
18
17
47
1
65
18
21
1
96
25
7
64
24
54
46
88
3
4
25
7
9
31
31
25
6
65
44
6
48
15
19
35
15
29
58
25
47
15
55
17
26
9
45
1
18
40
1
57
24
15
35
39
41
72
11
45
28
34
58
11
52
20
25
5
5
25
57
28
6
14
15
46
21
8
6
18
2
51
6
17
48
28
18
10
15
9
14
6
22
25
33
24
2
19
14
60
35
80
50
28
38
47
47
1
17
4
29
6
26
20
22
31
75
11
11
19
5
3
57
27
14
10
24
22
2
6
80
20
2
12
25
23
24
49
18
40
18
7
5
53
63
34
5
23
41
50
3
16
85
2
53
40
22
64
14
16
2
33
66
10
39
4
27
17
37
18
8
88
1
44
0
35
7
21
13
22
33
27
10
49
46
17
14
10
33
25
15
26
26
18
34
7
60
25
22
35
10
5
20
10
72
10
80
38
23
7
54
7
11
16
12
38
4
26
55
10
14
50
16
4
16
30
1
54
14
37
3
58
21
13
29
55
93
22
46
73
38
2
7
6
35
46
10
2
24
80
18
65
21
29
20
6
31
46
34
28
19
1
46
39
14
3
34
19
3
17
24
4
28
17
1
91
38
76
28
39
3
17
78
48
38
31
46
63
22
69
10
25
19
37
36
43
13
27
67
52
22
16
32
46
43
50
9
56
39
8
32
12
5
18
2
18
35
0
85
54
14
10
3
30
4
42
28
6
28
45
34
8
14
3
39
28
48
8
23
46
4
16
29
33
23
17
32
1
23
9
11
10
25
2
12
0
36
20
8
33
55
5
21
25
30
29
23
4
37
47
56
28
13
69
57
3
28
46
8
2
20
12
44
69
1
23
7
14
53
2
35
16
24
73
10
9
0
20
20
13
11
26
19
54
24
20
32
17
10
45
20
21
27
31
50
58
14
29
43
14
23
15
23
12
18
32
14
9
8
3
78
12
23
19
52
20
41
27
9
5
23
12
29
6
14
65
16
2
57
20
10
29
4
74
25
10
29
16
22
36
44
36
12
53
8
1
6
12
16
2
5
29
22
14
8
12
47
6
37
7
29
21
10
15
20
9
18
0
45
18
20
37
37
18
13
1
26
7
10
7
22
10
17
54
1
19
13
56
18
16
2
2
5
17
7
15
2
29
23
18
43
20
23
36
17
31
8
31
51
24
3
25
20
6
10
60
42
48
30
28
5
7
19
57
40
14
4
42
10
17
7
33
12
7
1
48
7
42
38
60
67
7
17
9
5
13
0
40
20
6
32
2
33
6
16
13
25
12
7
9
38
5
22
22
2
8
39
65
52
8
5
27
16
10
40
1
5
23
55
37
20
29
6
50
28
18
9
0
13
8
8
13
31
26
22
2
7
35
22
1
27
42
13
14
2
19
16
2
10
0
3
31
8
53
19
24
24
42
21
36
17
26
68
3
30
29
10
8
6
2
19
37
31
15
28
9
2
49
15
5
24
5
7
7
27
6
22
19
32
25
17
26
45
5
48
26
4
12
19
29
12
28
0
2
56
44
17
48
23
28
4
34
45
17
4
28
11
25
38
4
23
58
4
44
29
25
13
22
7
8
9
15
37
38
50
1
3
10
22
13
22
10
34
15
15
1
37
22
29
27
9
13
36
21
14
23
28
22
9
35
4
39
16
12
29
17
2
31
23
12
3
1
18
10
11
32
15
26
13
3
25
15
3
22
20
15
24
1
8
22
1
32
26
13
1
8
20
20
1
52
22
17
2
9
31
7
13
2
20
10
10
20
9
30
48
0
14
4
26
28
34
9
32
6
29
17
12
5
30
12
12
50
7
7
6
34
12
10
9
43
4
1
8
3
8
19
5
2
18
24
20
5
26
6
35
37
13
4
32
22
3
20
17
13
48
5
42
23
0
50
32
2
25
15
0
12
29
6
6
28
35
17
2
50
22
19
24
24
21
24
10
6
34
10
3
20
41
18
43
0
36
24
16
9
4
9
23
6
6
32
1
18
55
7
19
13
40
4
48
16
6
2
1
13
41
47
14
5
33
2
33
33
32
17
3
9
47
1
9
8
7
23
8
27
30
4
7
23
3
33
7
34
28
11
19
3
24
5
10
13
16
31
33
9
63
12
41
11
9
9
14
18
17
6
29
32
21
6
9
11
28
13
20
8
2
12
1
9
1
22
22
12
16
19
32
14
2
2
16
10
19
3
18
11
4
16
18
13
19
3
11
6
3
9
22
14
2
5
17
18
5
11
31
6
31
5
8
1
5
16
4
20
9
9
18
18
4
1
14
3
14
5
7
5
5
35
4
3
7
2
7
38
9
22
19
18
19
6
12
4
2
39
10
16
7
5
14
14
6
6
6
14
2
6
18
13
1
11
0
10
4
2
14
24
8
1
4
15
31
9
5
26
14
1
11
27
3
1
11
5
8
12
21
11
14
14
7
12
5
17
17
14
1
1
6
30
15
22
8
13
3
3
6
12
12
18
2
18
1
14
14
0
3
9
15
1
1
16
5
1
14
16
6
17
8
15
0
10
7
16
8
11
11
12
18
6
0
25
14
3
10
2
9
12
2
18
18
15
7
5
20
4
4
4
7
1
7
14
5
16
9
1
13
5
17
8
4
18
14
5
12
12
24
25
3
1
9
8
12
7
15
8
11
8
10
1
26
1
10
17
11
1
0
6
3
15
4
14
16
9
12
14
1
8
3
5
7
11
6
27
3
8
8
20
7
6
5
9
1
3
10
1
6
8
1
20
1
9
6
12
2
12
0
13
10
8
3
14
1
12
13
1
3
1
4
11
1
8
19
4
11
1
7
9
14
17
2
22
8
1
11
7
5
11
8
0
7
10
4
6
8
1
3
4
22
4
4
2
10
3
6
0
3
1
13
6
3
5
6
2
4
2
3
6
6
2
4
8
8
5
2
5
3
0
7
3
7
0
7
3
1
3
0
3
3
1
2
2
2
2
1
2
0
3
0
0
0
