0
4
9
23
19
14
1
7
0
30
51
25
5
33
24
12
24
16
38
22
7
44
76
2
0
21
31
8
21
67
9
40
55
27
5
77
26
31
16
39
40
35
20
1
7
36
37
45
28
10
32
36
25
47
19
54
28
12
28
25
48
36
44
13
27
34
13
41
26
1
62
50
11
55
37
23
12
22
30
32
11
4
2
22
6
27
19
71
4
17
28
28
20
70
5
25
85
6
6
23
15
40
16
46
46
45
1
45
64
15
15
45
30
44
4
47
3
104
50
55
46
46
1
7
69
72
17
2
96
36
1
30
52
32
91
102
2
41
37
8
13
1
43
26
14
59
33
12
60
47
1
24
13
5
17
75
30
1
24
17
23
15
17
10
45
20
2
53
94
78
67
12
50
10
13
20
14
44
55
13
49
5
37
40
10
49
41
51
33
89
11
19
48
19
42
64
53
16
28
19
35
47
74
48
102
16
37
25
52
42
95
4
60
118
103
2
39
7
23
9
18
61
15
35
26
98
16
30
25
23
25
21
33
1
106
29
25
57
61
15
4
21
86
2
69
22
10
8
23
58
10
20
65
37
31
58
8
16
8
1
10
59
36
68
82
26
86
66
6
6
32
23
69
8
5
61
32
33
78
9
75
65
12
56
20
10
40
40
94
7
38
82
117
23
4
8
13
28
84
12
24
8
20
72
3
82
52
71
37
54
3
27
7
9
53
66
31
54
2
1
74
49
8
2
11
56
23
13
47
22
46
25
64
8
0
25
17
40
6
96
28
12
53
43
39
40
68
47
68
46
58
13
2
77
45
13
13
59
72
15
83
54
47
63
1
59
28
2
73
87
36
45
33
27
25
9
16
5
6
4
16
44
2
48
34
34
112
25
14
12
13
2
54
11
13
28
37
134
6
35
43
12
59
76
43
0
83
15
24
14
114
16
0
30
30
27
8
30
106
5
22
31
56
16
1
25
47
48
35
28
34
2
8
79
34
10
48
1
52
2
18
31
15
52
24
24
58
58
0
31
100
103
55
21
33
27
2
23
27
22
79
0
49
46
27
32
10
26
3
48
27
29
25
9
42
23
71
51
104
20
44
17
13
25
29
82
14
1
47
57
5
15
2
1
32
9
85
5
31
16
1
116
67
31
64
2
79
47
34
60
3
58
29
47
18
7
93
55
67
4
19
46
37
70
51
13
5
52
31
11
3
22
44
29
31
58
1
67
17
33
9
32
79
43
9
43
21
18
4
17
19
52
45
29
24
1
37
52
93
22
10
33
9
14
12
31
54
7
45
42
6
56
25
35
8
52
33
3
11
25
35
41
10
43
23
37
36
20
14
59
74
41
18
42
84
59
82
19
53
19
6
65
23
45
47
24
51
24
45
49
19
99
2
13
52
89
12
17
37
52
1
31
42
59
12
11
5
22
40
51
26
111
3
14
39
4
12
53
40
20
29
37
46
2
33
2
39
24
4
42
22
62
65
25
53
15
31
3
40
3
61
26
42
25
12
40
61
25
32
6
31
28
36
88
37
31
30
15
29
0
40
7
29
6
23
44
19
57
71
56
81
58
2
20
29
25
50
15
50
65
3
8
6
53
2
45
18
23
29
36
33
25
107
4
4
29
22
22
28
0
5
46
19
82
31
2
11
2
44
8
19
14
8
52
19
34
85
71
22
13
18
11
61
27
31
50
34
36
33
16
67
16
26
62
14
4
28
3
14
95
28
3
3
29
22
13
25
37
69
12
19
36
16
4
43
28
22
14
31
17
7
9
37
45
28
15
43
0
6
21
23
23
7
80
3
11
4
31
2
25
52
27
11
69
90
17
0
5
34
6
8
58
46
22
11
17
23
22
2
24
11
41
85
41
60
20
59
11
59
53
13
8
47
41
6
9
57
15
15
53
5
53
28
5
3
44
35
3
34
51
20
6
14
12
18
0
40
23
13
26
16
41
36
9
5
5
1
15
5
18
8
15
45
72
9
8
28
18
12
40
51
1
30
46
15
29
5
26
32
30
63
68
43
72
19
49
27
55
32
27
14
12
7
15
42
28
31
4
19
41
9
20
3
39
89
29
21
11
15
43
1
13
2
6
38
6
34
9
64
1
6
69
51
14
18
20
7
36
27
2
14
66
17
38
44
35
66
9
26
41
53
9
16
53
9
21
2
15
8
49
33
14
22
28
7
14
5
35
6
21
19
33
25
42
7
82
48
28
59
18
6
70
58
7
18
15
19
40
21
49
70
37
30
24
2
17
2
58
6
0
11
20
36
34
9
59
14
6
16
32
57
1
1
1
43
80
62
24
7
2
38
29
43
36
60
83
5
27
34
10
11
1
22
2
16
13
48
52
6
20
55
1
32
32
29
46
71
4
37
4
27
1
23
45
1
12
14
23
19
33
34
5
4
30
50
9
50
71
21
31
19
35
54
12
37
7
13
41
26
56
9
19
11
14
3
18
37
6
2
31
56
18
48
50
31
43
6
42
30
20
7
43
27
38
33
61
60
12
6
10
3
75
0
35
17
7
6
11
9
22
19
38
24
23
18
5
54
9
40
25
20
42
36
19
15
12
40
51
32
16
6
2
19
20
1
3
14
15
72
44
56
43
9
25
8
31
27
37
69
31
45
14
13
5
48
40
36
11
63
2
2
50
13
22
34
17
12
6
57
23
9
24
3
30
20
25
9
3
28
15
8
7
23
4
35
62
56
10
7
24
35
5
71
4
1
10
69
7
9
2
5
2
2
1
11
51
15
16
82
18
41
1
48
33
25
14
46
61
21
19
49
73
9
14
16
7
23
20
9
13
79
99
9
20
14
6
8
9
24
5
7
17
25
7
18
19
38
28
3
27
64
26
47
55
25
12
5
5
10
49
9
21
22
49
32
2
31
18
33
9
24
17
34
72
49
6
3
18
54
4
7
43
27
10
36
55
14
62
43
16
19
56
27
9
61
37
7
12
24
33
26
25
2
10
33
51
70
11
33
1
27
54
2
9
2
7
36
10
9
21
61
18
16
31
54
0
12
23
56
37
44
37
14
11
43
18
17
1
15
28
52
40
9
31
16
15
12
15
3
47
10
36
61
33
12
54
5
28
37
20
1
24
11
53
23
22
1
19
33
35
3
7
4
25
19
13
13
3
3
5
10
22
7
31
14
9
32
18
53
18
19
11
37
47
28
6
40
40
12
16
28
10
23
2
4
12
11
30
16
27
2
6
8
30
50
11
27
7
0
15
16
0
24
11
27
26
20
11
16
6
16
21
0
36
15
56
32
10
38
1
32
4
11
34
6
15
7
50
6
15
6
14
17
42
35
22
32
2
32
2
13
33
4
16
15
44
4
6
1
11
8
18
22
2
22
22
22
29
16
5
1
26
5
20
14
33
2
6
4
3
33
14
10
28
9
38
33
67
16
71
17
26
18
15
41
19
7
6
1
30
27
26
39
1
34
13
25
19
33
20
27
4
9
1
3
27
38
11
14
58
24
23
32
8
39
16
2
11
12
9
3
26
2
11
4
41
30
25
38
11
19
23
3
15
30
32
0
11
1
2
7
19
51
9
9
3
33
14
10
2
18
31
33
21
41
11
53
3
19
4
17
41
16
48
39
30
17
10
7
24
5
12
34
23
12
17
3
10
23
3
9
16
12
25
51
36
40
61
2
5
18
34
21
12
14
15
34
20
26
8
4
25
14
34
25
5
26
6
4
18
3
4
18
15
9
22
45
11
19
32
11
11
7
3
6
31
8
39
47
10
4
9
25
19
4
12
17
17
3
6
5
27
6
32
2
1
9
20
7
29
6
1
19
28
11
18
18
25
32
0
9
18
33
3
32
3
17
19
29
11
4
7
32
45
2
12
4
23
38
16
8
13
12
0
30
14
5
25
19
14
17
12
4
9
8
15
2
18
14
10
8
10
12
9
1
14
13
1
31
8
11
26
4
4
13
17
19
16
1
9
43
10
7
15
25
5
4
7
12
8
17
26
2
33
21
10
15
20
25
16
36
17
6
21
8
0
2
14
34
18
7
1
5
18
8
13
35
3
32
43
16
8
9
4
23
7
30
21
7
1
2
15
19
11
13
5
7
7
1
25
6
31
5
5
1
4
13
7
5
29
0
6
15
13
29
4
2
7
26
10
1
18
11
38
9
7
8
3
8
17
5
25
26
2
14
7
27
14
3
14
15
2
3
16
18
3
9
21
11
14
25
45
12
4
22
9
8
4
10
2
11
13
10
3
2
15
1
13
17
0
0
4
6
19
16
8
11
26
11
13
8
2
6
36
2
10
1
13
7
3
17
8
1
16
2
14
4
20
4
2
20
0
4
1
11
10
16
13
5
14
11
6
12
15
12
1
8
1
6
9
12
14
11
39
5
2
5
2
14
16
2
6
14
10
1
18
3
1
1
8
6
7
9
11
5
15
6
9
1
8
10
4
28
16
12
19
5
1
24
9
11
2
5
19
8
28
3
7
0
1
11
9
8
15
5
8
2
2
13
8
7
29
7
4
7
3
0
15
5
13
0
6
7
1
11
11
5
4
2
17
24
28
4
8
0
11
1
22
7
9
1
6
2
1
11
2
8
7
9
0
0
2
6
17
1
4
8
16
5
3
10
0
3
1
3
13
4
1
3
5
3
4
0
13
14
3
16
2
4
10
12
2
2
8
3
9
4
6
2
9
6
14
5
0
6
4
2
12
2
9
11
2
7
2
3
1
2
6
13
1
8
5
0
2
9
3
1
10
4
4
2
0
3
3
4
1
1
1
1
2
3
1
4
1
4
0
3
0
0
0
