28
70
22
3
32
68
2
7
49
8
7
51
13
24
3
12
29
4
3
7
1
14
4
37
7
30
39
25
20
21
11
22
2
28
34
33
64
21
9
29
35
2
74
21
36
45
40
73
87
27
13
7
59
13
15
37
7
25
49
0
53
48
25
58
17
47
8
29
48
0
32
11
30
71
7
10
25
47
31
16
8
27
49
54
48
28
23
8
11
44
16
30
3
43
22
72
40
17
32
29
22
16
45
5
38
35
5
3
56
18
34
25
29
36
47
8
14
24
44
31
14
27
37
3
27
71
56
44
13
76
103
7
30
76
16
89
31
85
19
48
56
12
64
29
18
39
49
5
26
37
17
55
16
74
6
85
37
6
35
30
47
26
2
22
2
34
12
35
64
23
39
57
73
15
4
36
21
12
33
95
55
78
31
59
14
11
56
13
45
24
60
5
51
133
84
52
15
42
10
60
17
9
14
57
41
20
5
27
27
5
47
7
34
33
37
14
6
23
26
50
33
5
7
48
10
52
35
15
88
10
51
2
5
1
31
48
7
31
16
40
32
21
43
13
3
2
12
78
10
44
27
95
34
9
64
29
43
8
24
62
70
5
9
12
9
39
5
43
51
7
7
70
20
20
70
54
24
22
102
9
34
15
74
47
3
28
69
4
10
74
20
142
10
39
63
51
13
35
19
36
54
27
39
16
56
8
4
40
8
41
14
4
1
21
31
51
84
23
28
14
14
1
17
20
5
19
106
78
52
26
66
113
21
4
19
5
21
92
30
16
9
93
37
22
55
18
43
91
23
13
10
56
49
23
6
16
18
65
20
108
24
9
21
14
13
44
31
28
67
11
58
20
68
93
10
48
50
3
38
6
33
34
1
38
18
25
44
38
18
25
61
20
41
26
25
59
71
77
33
76
6
52
2
42
24
85
2
20
67
7
42
52
106
1
29
45
43
20
108
23
48
82
32
67
67
27
51
16
42
34
42
17
7
15
43
11
49
6
46
34
20
29
58
21
51
6
27
12
40
23
8
17
67
97
52
21
6
27
13
33
78
9
63
7
44
39
64
32
72
22
29
54
65
17
67
19
14
21
23
41
41
1
58
22
13
2
37
18
15
53
57
29
13
31
91
80
69
31
13
3
37
25
8
38
9
7
37
7
31
8
26
6
19
19
17
39
9
83
25
1
63
26
33
0
38
41
66
31
62
46
80
20
121
55
51
19
23
60
1
30
6
56
15
36
17
1
50
53
43
42
15
18
14
46
12
47
11
19
24
4
79
9
81
81
41
5
32
32
11
8
48
32
1
49
4
9
7
29
33
17
65
39
29
20
9
41
34
26
46
33
37
20
23
3
30
25
8
17
11
49
91
26
73
9
56
14
19
62
17
8
78
13
38
64
48
57
30
74
23
26
19
16
6
51
3
82
9
25
47
39
16
39
6
2
45
15
32
14
26
11
50
4
51
7
21
4
6
74
63
20
1
12
22
45
15
12
22
16
41
91
0
47
72
45
2
14
59
20
16
15
75
30
3
31
2
21
2
33
44
39
21
48
2
33
18
21
17
8
13
34
50
14
8
72
33
18
6
59
22
18
27
18
45
21
46
28
11
51
12
33
26
40
27
49
0
83
48
23
15
11
37
9
7
13
36
43
17
34
42
34
2
33
35
41
45
55
34
10
19
9
14
4
1
5
6
1
37
12
1
20
108
64
37
57
0
3
15
1
10
13
1
22
9
29
34
40
20
17
39
41
29
40
31
29
2
21
53
16
10
33
37
58
15
17
56
6
4
9
23
38
7
15
30
8
39
5
36
45
36
27
1
28
68
28
1
25
27
33
31
29
72
20
8
3
27
38
7
40
6
67
28
32
8
1
12
14
11
0
34
34
22
4
6
10
44
2
23
58
30
58
37
35
21
38
7
20
28
34
4
66
19
13
33
3
33
1
69
1
9
4
14
41
16
27
108
43
21
24
28
3
23
1
17
5
31
47
62
17
36
35
1
32
77
58
19
12
32
25
83
22
49
2
15
68
10
3
41
36
4
33
30
11
2
21
7
73
34
57
36
10
18
26
7
18
6
21
16
30
12
9
32
38
24
6
13
6
7
6
6
24
13
11
57
2
29
13
28
3
22
20
15
15
1
72
28
7
45
2
2
31
0
18
15
73
15
53
52
9
49
18
125
12
2
39
31
26
1
9
17
13
3
72
14
46
30
28
11
6
21
56
32
16
3
13
43
58
3
14
14
21
2
75
37
1
32
5
12
35
21
11
58
24
47
52
46
48
10
30
1
5
21
33
1
35
33
2
5
43
43
17
37
20
32
25
35
69
14
3
14
75
24
0
26
10
5
39
18
14
27
38
14
36
7
15
18
10
1
46
39
4
3
76
59
61
24
14
26
35
43
33
8
4
57
18
42
10
14
0
19
27
19
27
64
13
38
19
13
7
32
37
3
7
23
63
10
33
9
22
2
11
2
58
54
35
24
11
21
10
3
1
33
2
38
12
70
8
4
46
37
1
6
8
11
63
41
36
40
18
28
7
48
6
11
27
16
7
43
48
14
56
17
1
31
31
0
46
22
0
25
3
64
1
16
42
23
23
10
12
12
22
11
17
32
4
13
21
10
31
24
12
2
14
19
9
40
8
35
38
43
4
82
20
34
5
22
14
39
10
12
41
39
35
32
12
31
20
47
22
40
12
39
7
20
6
2
50
55
18
12
29
17
17
32
0
60
21
3
65
5
35
38
10
29
38
18
34
36
31
7
11
28
19
70
62
19
28
19
37
26
62
15
37
3
12
29
9
5
22
1
14
47
29
58
16
13
11
16
24
41
19
15
27
30
23
26
38
18
4
11
12
10
24
14
17
9
13
34
7
32
49
20
15
15
73
16
27
20
24
36
39
30
53
1
11
23
65
11
25
26
5
21
25
12
32
27
40
14
23
18
12
60
51
3
3
38
19
16
22
21
29
28
2
19
15
39
23
39
36
30
24
6
42
9
8
1
36
17
12
20
29
7
2
16
30
15
36
4
8
65
60
56
9
11
11
14
25
32
11
17
22
22
4
5
9
20
34
10
40
25
31
16
12
1
25
75
42
15
21
3
10
11
22
10
64
33
31
14
37
21
49
26
62
12
29
15
18
6
32
7
14
10
35
8
4
21
32
26
5
3
35
3
40
4
27
5
35
38
44
3
23
25
22
6
3
6
6
47
53
41
14
45
13
35
25
13
31
47
9
55
35
50
21
41
5
40
9
13
12
31
23
3
11
6
32
1
13
28
34
44
5
21
18
17
15
17
51
1
62
40
12
36
15
20
5
15
5
20
36
61
9
25
1
54
4
26
30
19
27
12
12
1
64
33
13
10
19
31
6
23
8
1
54
32
42
41
15
12
25
9
45
51
14
21
47
20
4
12
17
5
48
34
29
51
25
34
56
0
35
11
43
32
4
8
11
7
40
11
43
22
5
2
23
4
0
4
3
17
21
17
40
31
39
13
20
5
42
26
8
8
1
18
5
14
3
18
38
13
43
31
12
17
8
17
12
5
0
1
9
4
23
31
20
22
32
8
10
14
9
29
42
9
21
38
9
4
2
25
8
36
7
20
7
14
51
13
22
15
12
1
4
23
18
3
14
20
8
29
18
37
1
3
16
6
1
35
11
30
2
22
46
32
21
16
21
6
16
22
4
12
8
1
13
35
32
2
13
26
5
16
8
12
2
4
10
25
13
31
3
11
4
36
39
20
33
32
4
20
41
19
25
1
2
6
42
5
36
9
7
32
17
9
10
4
35
16
9
1
16
9
15
4
6
15
16
1
3
15
26
3
29
26
4
37
11
5
21
8
15
25
21
14
9
32
22
24
20
4
15
2
2
7
49
23
14
31
6
7
40
3
9
6
10
25
9
36
9
25
14
25
9
26
35
15
18
0
4
13
3
23
6
2
4
12
3
48
7
3
11
10
1
4
23
33
2
14
4
9
13
31
2
21
49
7
18
22
41
18
7
30
3
14
8
8
11
45
22
41
7
4
0
13
28
14
11
4
15
1
14
13
4
19
16
10
16
16
19
48
22
7
16
5
14
37
0
43
1
16
8
14
8
22
3
0
11
6
27
5
1
1
15
4
6
1
4
6
3
1
13
8
12
7
12
1
0
2
29
10
33
33
1
3
15
44
8
16
32
7
3
12
0
20
8
12
8
18
16
1
0
6
8
12
6
21
34
8
23
35
18
7
0
17
29
4
15
5
19
11
1
4
2
3
17
0
12
25
11
18
3
26
33
29
15
29
21
40
6
23
31
7
8
3
4
5
5
24
31
16
8
16
48
8
9
1
27
29
9
11
6
26
2
21
2
6
7
12
0
24
8
35
12
4
2
4
8
1
4
2
13
21
7
2
14
0
11
16
8
0
19
3
9
11
18
42
9
4
2
11
10
19
3
12
2
13
1
13
28
16
11
7
1
5
19
12
11
17
4
7
16
2
7
12
27
8
7
11
8
2
1
12
9
19
18
7
12
7
6
14
29
2
3
3
4
0
1
5
11
11
2
16
7
9
8
10
6
3
8
2
4
24
7
0
14
5
17
12
3
1
15
10
14
9
2
26
4
0
9
6
9
1
2
0
4
1
11
9
16
8
1
1
1
19
3
1
2
5
6
0
5
6
1
5
10
6
1
9
8
1
4
11
15
11
1
4
1
3
9
4
12
5
1
9
5
6
5
11
16
8
5
6
14
9
5
2
8
4
4
1
6
11
2
5
1
0
3
11
2
3
1
4
5
1
0
2
5
8
3
0
4
3
4
1
4
4
3
0
2
1
1
1
2
