19
3
18
56
3
8
70
7
25
2
24
16
3
37
14
27
30
8
2
14
42
11
5
70
72
43
10
1
16
32
24
77
29
6
21
14
41
6
15
2
34
23
16
54
36
10
5
78
1
22
50
36
45
43
10
10
34
16
27
10
58
27
73
3
52
13
42
24
2
40
41
9
15
33
38
10
34
40
59
13
16
3
59
9
21
16
73
64
4
26
31
14
31
11
56
18
7
50
50
73
25
48
21
5
32
6
41
77
2
53
4
28
45
62
35
7
33
77
21
19
54
37
62
27
24
96
87
50
39
44
26
2
37
60
35
9
12
50
5
70
6
11
15
63
8
15
3
61
40
31
5
30
30
13
9
12
52
13
31
5
53
41
68
25
3
0
26
29
60
25
6
8
15
45
96
50
82
17
36
70
48
30
23
64
6
0
31
32
57
87
44
22
13
95
14
6
18
7
78
8
5
2
46
10
18
115
52
16
25
34
56
40
26
5
11
66
24
7
56
62
42
3
30
26
48
20
28
74
5
28
21
11
5
73
60
1
21
4
40
7
69
69
6
20
28
20
27
39
31
4
15
88
10
11
86
6
93
20
59
74
6
75
43
39
18
6
54
24
68
60
12
24
68
32
30
25
20
9
25
32
49
5
13
31
23
34
56
2
62
27
35
64
5
49
7
35
37
22
59
14
38
11
4
49
30
12
22
23
79
18
14
28
86
19
37
8
5
16
26
41
15
11
93
65
39
51
11
5
33
30
4
16
36
53
20
4
27
70
5
30
10
10
42
5
4
23
24
79
24
59
5
1
9
33
46
40
67
35
39
34
24
44
27
40
17
39
44
68
18
9
56
5
16
55
28
49
42
18
16
127
28
18
40
26
40
49
43
108
15
119
25
27
21
35
53
35
13
29
19
10
28
26
40
60
37
27
41
54
23
35
25
4
24
24
2
15
7
3
24
6
6
17
40
41
47
41
43
34
16
12
40
53
24
26
32
52
45
52
0
55
21
2
59
12
27
3
10
73
26
43
25
30
9
73
14
4
10
56
22
84
70
71
56
9
70
52
91
6
11
7
74
19
14
66
42
49
17
22
11
34
2
26
62
40
1
1
18
41
45
8
19
40
73
43
35
46
19
44
17
41
21
22
14
73
19
33
5
74
27
33
39
14
40
54
66
13
7
13
58
29
31
40
52
39
60
11
3
116
11
17
7
50
78
31
8
20
38
47
60
29
13
41
29
41
7
2
23
40
28
84
68
67
49
70
35
5
23
2
2
54
35
48
40
52
39
28
12
21
18
4
61
45
45
24
8
5
10
81
33
45
6
15
40
27
92
49
50
30
75
48
13
21
7
35
42
11
105
1
7
3
55
16
44
2
35
15
34
7
21
46
18
110
19
32
5
1
35
10
26
13
5
46
1
15
89
57
61
7
2
28
17
18
43
50
50
41
4
59
36
1
10
40
13
32
11
27
63
6
30
14
2
21
75
87
11
4
33
5
21
29
11
9
31
59
49
22
63
6
55
53
53
19
13
45
10
89
49
29
31
68
19
39
14
14
18
33
56
20
6
29
48
33
55
65
31
37
13
36
32
45
43
1
6
23
27
2
51
40
6
56
25
20
11
2
51
19
128
38
18
50
21
45
15
23
72
5
40
17
65
16
37
12
40
2
19
27
38
53
33
32
41
15
14
61
4
4
7
53
62
6
9
29
51
13
20
31
12
51
54
33
44
15
22
6
86
8
33
51
12
16
16
10
38
22
14
3
38
26
10
21
10
35
30
6
18
39
8
92
25
72
40
9
38
4
82
18
29
141
1
1
0
57
60
69
13
18
13
29
18
34
27
72
16
17
8
36
11
8
11
49
26
42
76
43
31
50
1
74
52
20
51
9
38
18
33
40
11
50
50
41
7
24
11
32
37
77
4
13
34
17
29
19
0
19
57
9
1
27
32
28
3
13
7
4
20
8
5
45
30
49
27
6
31
48
20
44
24
3
2
10
14
2
37
71
39
4
39
65
29
2
30
13
55
31
10
70
57
39
77
17
4
66
46
12
12
23
76
5
91
4
15
0
30
36
66
22
30
84
28
33
59
60
10
22
45
10
41
24
25
20
22
90
26
77
28
36
30
8
40
8
32
23
71
26
19
42
33
33
19
51
45
33
13
32
39
78
23
14
36
18
37
51
22
33
20
62
38
3
62
46
27
40
22
7
20
7
49
46
44
5
20
5
27
22
11
4
4
39
50
32
64
12
60
1
19
24
24
62
91
62
41
62
29
9
2
49
10
81
24
93
7
39
14
14
31
84
39
23
29
27
4
35
13
12
44
13
19
2
4
53
12
33
13
34
46
27
14
21
62
48
11
16
3
26
22
2
4
11
43
45
4
40
38
19
48
71
19
104
19
31
26
13
17
3
7
24
63
16
19
10
1
3
56
8
4
11
54
38
7
1
66
30
29
55
22
34
9
10
68
24
24
4
18
8
96
8
28
7
39
55
16
5
65
48
5
3
13
54
46
11
32
5
51
75
24
2
34
17
11
46
2
16
18
82
51
8
50
35
56
16
7
33
23
21
42
14
36
28
3
56
39
2
8
0
13
34
17
38
22
5
18
49
50
21
16
13
42
21
31
9
2
5
22
24
46
20
9
18
4
13
17
30
21
61
18
62
18
12
50
6
0
20
54
8
12
3
12
27
19
28
9
43
15
68
32
36
20
29
46
21
6
12
51
20
57
34
19
5
16
6
31
20
7
39
36
8
17
50
9
1
23
10
1
10
8
15
4
35
15
6
35
1
39
31
26
7
2
32
21
27
19
34
7
2
26
8
43
14
19
5
6
39
13
19
27
41
1
71
7
18
0
7
52
9
44
7
6
14
39
36
15
2
24
10
9
12
29
73
0
15
4
47
2
18
1
12
40
5
34
20
16
12
10
13
21
9
55
16
48
13
16
48
18
24
34
19
8
14
4
64
23
22
53
32
26
18
23
10
59
23
2
23
16
16
34
66
34
8
26
60
39
1
6
14
32
6
36
2
43
43
3
33
1
3
6
8
35
3
12
50
43
8
29
24
29
2
24
3
10
52
26
16
10
13
3
2
13
17
37
11
25
16
55
27
18
3
21
42
10
46
28
20
42
38
22
5
19
77
19
4
37
19
11
45
2
9
15
9
8
28
30
12
17
39
1
18
31
1
16
15
10
29
5
35
69
47
17
5
31
9
8
57
15
40
22
69
28
26
4
15
15
1
8
1
44
2
8
35
31
35
25
16
26
34
29
9
12
21
15
10
19
21
9
2
4
14
21
13
11
22
11
10
29
3
5
13
9
10
34
4
11
42
34
7
18
14
4
30
10
5
74
20
35
11
2
29
10
69
17
5
7
6
36
36
15
5
9
70
31
4
36
5
13
24
19
7
17
14
18
16
5
12
13
25
20
4
18
9
12
65
20
11
40
3
3
12
14
24
18
12
1
6
23
29
41
14
26
11
27
23
1
27
9
17
20
12
28
5
5
30
0
25
16
6
40
20
6
22
2
12
8
8
20
19
42
27
46
5
25
30
19
34
51
18
3
12
6
6
15
7
27
36
9
22
26
19
2
3
31
9
41
10
15
3
4
21
26
2
5
22
16
1
5
29
40
5
28
22
5
60
53
15
8
13
0
10
7
41
37
2
12
6
2
5
6
41
14
8
5
23
23
11
21
35
17
16
7
17
11
47
3
4
18
12
15
0
2
8
2
15
9
23
16
1
5
24
37
3
10
2
22
39
43
29
1
19
9
43
23
2
23
1
4
10
30
1
3
32
4
19
7
0
6
8
38
22
37
31
26
24
11
15
15
9
9
5
34
25
21
10
25
30
19
25
24
21
43
47
16
20
36
7
27
3
24
4
8
11
22
25
23
22
14
15
2
39
31
8
10
4
18
1
12
30
10
22
2
9
21
26
2
26
20
13
17
2
31
10
15
7
2
39
1
8
14
17
18
10
21
10
8
26
31
45
9
20
9
3
5
2
40
51
2
15
1
22
18
36
7
12
20
8
16
5
12
35
16
4
6
28
2
1
14
40
35
9
20
17
10
14
28
17
2
0
9
6
13
8
23
8
1
7
1
1
16
39
18
18
11
19
60
40
29
3
9
42
0
2
1
15
9
26
24
14
5
2
9
5
4
9
5
18
28
9
20
1
12
18
24
11
30
10
14
4
1
14
2
6
18
17
17
11
4
39
2
13
30
2
15
6
1
14
13
19
28
13
6
12
29
6
12
2
7
3
9
10
9
19
21
2
35
3
1
18
5
4
15
13
24
3
0
1
11
5
21
21
17
10
18
12
7
9
3
12
2
11
9
12
6
0
12
26
12
17
34
10
8
2
6
5
14
5
5
5
17
21
6
7
5
20
3
11
14
10
5
22
4
1
9
5
2
33
8
8
22
24
25
16
8
4
17
6
24
11
1
10
5
9
12
3
8
20
4
3
21
11
17
15
8
8
23
1
1
9
17
9
1
14
2
2
2
0
9
16
4
12
21
5
29
15
11
4
13
7
14
5
1
1
9
5
10
2
11
15
4
12
14
11
7
10
8
12
7
3
11
1
5
8
12
18
8
3
10
15
5
10
4
19
11
9
0
4
1
2
2
4
13
16
3
13
5
15
6
9
1
7
5
7
16
5
13
9
7
0
1
10
1
7
4
3
6
14
12
2
6
2
8
6
4
2
6
19
3
13
6
4
11
7
2
2
11
4
3
0
2
2
8
12
1
8
4
3
6
0
4
6
5
13
8
3
5
1
10
5
4
5
2
2
3
6
3
2
1
2
6
1
4
3
1
0
2
0
3
0
0
3
0
0
0
0
