3
4
13
6
38
3
66
29
69
13
3
85
8
28
14
43
23
28
0
13
4
70
21
53
9
84
8
46
18
15
30
6
50
2
28
27
18
27
18
7
29
12
6
25
21
6
16
26
2
36
13
8
35
25
59
3
24
1
2
12
40
33
50
103
7
49
38
65
13
56
36
18
2
35
51
53
12
42
17
47
37
55
48
72
40
55
21
55
71
26
24
68
40
6
40
21
43
36
22
59
51
17
7
34
11
99
8
93
22
32
26
20
48
38
7
34
37
12
30
92
12
74
30
104
22
42
10
72
27
95
16
7
16
58
13
13
39
27
37
95
70
55
7
20
29
16
35
32
31
82
23
8
33
3
3
60
11
11
81
27
47
22
84
18
61
64
10
14
11
13
42
27
60
35
9
22
15
16
23
26
34
42
18
93
81
60
28
16
4
17
21
42
72
22
32
32
58
8
53
25
16
11
4
18
52
27
26
15
39
21
42
121
77
7
23
28
65
0
12
63
66
57
50
12
32
13
43
40
3
64
12
18
53
1
28
15
15
60
48
93
40
67
11
73
42
56
49
38
79
14
8
76
18
12
21
92
43
23
8
9
40
66
1
69
59
32
6
16
45
80
3
80
15
9
26
49
20
33
25
66
43
26
52
24
27
10
18
11
44
61
4
30
4
33
15
26
16
25
5
20
20
24
83
11
68
15
30
1
16
47
23
18
34
42
87
10
1
19
7
34
59
54
8
49
48
85
35
82
86
40
28
37
56
43
6
46
5
60
27
13
23
57
12
6
4
29
14
51
47
32
49
59
49
46
35
5
85
0
80
5
2
5
43
39
20
40
75
7
50
11
22
19
31
28
22
37
34
48
72
40
13
38
18
26
11
44
22
31
34
7
55
29
12
15
2
36
26
39
30
58
38
48
63
10
33
61
53
10
73
15
44
35
26
8
8
25
2
74
47
28
27
2
31
28
16
38
50
7
33
44
37
54
0
77
35
60
22
30
18
41
26
43
47
12
22
23
18
47
37
58
24
26
38
2
24
46
25
15
43
7
77
61
49
36
29
53
8
26
3
90
7
7
14
88
60
54
39
10
13
102
10
57
49
19
68
11
38
15
11
86
65
95
32
2
19
36
7
9
2
36
7
52
27
27
62
4
22
3
16
11
7
5
27
14
86
76
2
25
10
3
30
8
11
39
14
42
3
31
12
41
9
52
20
23
16
33
13
13
76
49
7
2
99
3
24
8
51
35
43
30
51
23
27
21
9
29
2
26
41
1
63
37
118
81
1
20
19
8
5
22
10
0
11
69
2
3
18
20
17
48
25
17
39
39
21
39
36
24
6
24
37
24
1
54
26
8
24
76
31
30
23
7
9
9
95
26
10
18
6
3
6
23
61
29
21
36
80
12
28
68
30
49
71
31
17
56
39
12
80
48
13
13
14
15
93
31
3
16
28
65
31
23
18
5
75
5
21
19
42
13
24
7
65
17
5
5
42
15
66
57
5
42
47
45
4
9
13
37
11
17
40
40
35
42
9
47
30
32
0
56
50
64
64
3
47
60
18
26
27
0
34
21
0
86
10
62
30
5
49
13
49
4
23
33
13
24
41
53
58
27
27
49
22
5
25
27
5
54
86
5
24
45
27
3
9
68
55
29
27
60
66
14
12
45
25
60
36
6
44
9
55
38
14
33
5
43
39
8
46
16
4
23
7
40
2
66
62
7
4
24
7
64
18
95
54
47
13
4
72
37
43
63
31
50
7
7
18
66
51
37
37
3
42
78
18
65
6
49
27
0
29
4
5
34
23
10
44
2
21
1
5
10
16
43
25
54
42
37
37
48
13
20
33
43
26
8
66
34
118
18
51
14
12
2
2
4
12
11
28
54
6
58
0
40
7
16
30
29
34
11
7
11
42
118
10
48
56
5
23
2
47
8
5
7
11
9
36
48
58
6
49
5
38
36
21
35
28
9
6
1
38
1
71
2
5
8
2
49
11
16
20
7
31
4
75
18
5
46
14
12
79
6
37
91
4
15
10
7
5
24
32
63
33
81
33
2
28
21
16
35
26
19
5
40
52
25
41
68
48
36
23
60
72
1
85
62
8
8
21
33
81
43
1
27
42
34
34
23
18
24
33
59
56
47
64
34
21
56
11
40
56
12
39
32
6
17
16
21
17
55
48
56
20
3
14
9
68
27
44
49
25
24
27
54
5
11
27
5
38
52
53
5
11
54
68
8
32
27
37
19
39
24
4
14
26
7
50
67
33
47
59
14
14
33
46
64
1
13
69
29
10
10
29
12
8
15
3
40
8
54
27
68
32
14
34
13
43
5
15
3
7
34
3
6
19
12
13
13
46
40
29
1
70
62
16
25
0
4
33
60
28
57
50
11
30
11
27
53
4
67
5
22
20
13
58
14
33
2
12
42
14
16
57
5
32
50
56
2
18
6
32
7
28
17
12
6
15
35
55
14
45
32
25
16
0
38
35
0
45
19
13
5
5
48
32
28
18
48
12
5
5
43
9
17
27
21
12
27
20
6
34
29
13
11
23
15
51
64
42
32
13
0
14
4
31
40
13
44
6
20
40
22
0
2
39
5
6
39
19
75
79
5
19
13
16
5
28
22
79
53
31
13
9
12
25
6
50
30
25
21
19
44
65
15
28
13
0
10
48
15
70
1
13
32
16
5
13
18
9
5
6
6
9
27
3
55
28
83
26
19
30
21
24
8
16
39
42
15
6
20
31
7
55
24
0
8
43
22
31
0
15
8
45
17
15
27
31
29
4
29
22
6
11
52
18
1
37
68
7
37
22
44
4
40
34
27
23
19
5
1
14
16
2
25
7
16
10
11
13
10
13
18
1
20
9
14
46
33
35
27
48
60
30
25
16
20
7
41
45
62
3
39
44
4
32
58
54
6
6
14
30
0
19
23
54
17
22
51
9
34
50
4
15
5
7
21
5
33
1
65
9
7
13
27
7
33
3
20
30
5
14
13
20
1
19
33
3
31
5
28
49
34
4
19
5
17
54
27
17
30
13
18
7
37
49
13
11
32
25
2
28
18
36
7
31
10
0
13
37
32
61
6
69
51
22
2
4
1
27
37
50
4
4
35
2
25
22
45
58
43
19
51
29
61
18
9
21
10
6
29
39
30
29
2
30
11
7
1
32
11
8
12
26
2
69
18
2
2
27
39
13
46
17
41
2
3
4
19
48
44
0
19
17
14
30
24
25
15
57
49
1
45
6
25
22
52
21
18
6
5
17
20
50
18
17
40
20
34
14
1
17
35
15
11
12
32
46
16
7
8
11
44
15
5
35
5
27
16
33
11
25
47
48
14
42
7
21
7
19
7
18
14
7
69
15
18
23
44
6
24
18
39
15
25
48
42
16
8
21
8
16
34
34
23
54
3
37
2
34
5
9
32
30
9
5
27
30
21
24
52
5
2
69
33
43
47
6
6
7
12
2
21
16
16
5
29
14
26
4
41
14
0
11
30
4
1
10
47
44
19
19
11
9
12
12
47
20
31
3
4
2
23
11
59
40
1
21
20
31
44
3
15
23
84
6
26
49
4
21
40
19
22
5
36
9
7
7
16
18
51
15
76
25
4
10
28
49
5
15
11
16
30
27
43
30
2
21
38
10
38
32
0
3
5
12
13
11
21
6
20
26
0
32
10
50
21
30
21
23
47
30
7
35
8
2
20
27
22
18
41
5
3
76
21
57
31
2
29
54
3
52
14
1
23
20
3
24
22
8
5
22
8
27
14
1
40
23
51
13
8
19
23
48
18
8
36
37
57
7
4
5
13
12
10
15
8
14
9
21
35
3
36
6
26
3
38
6
35
20
7
12
32
41
27
27
14
4
1
34
6
50
5
2
19
21
4
0
5
34
28
1
11
17
38
21
30
27
23
24
29
1
6
5
16
27
12
16
22
12
11
42
14
6
5
5
1
27
7
17
9
29
8
30
14
11
19
15
8
22
11
0
2
7
24
8
28
23
23
10
28
7
25
4
3
8
13
25
20
3
0
5
13
26
17
22
2
2
26
3
13
4
6
0
28
30
18
4
32
7
18
42
21
62
4
1
7
2
33
7
11
4
21
22
10
6
16
12
8
0
3
13
2
23
12
29
5
12
26
2
23
6
17
5
8
14
8
15
40
4
29
7
40
29
16
36
12
26
17
17
12
10
12
15
9
15
13
1
6
25
3
2
26
12
2
10
8
30
26
8
20
20
47
10
7
7
28
23
31
19
14
16
1
3
9
22
1
2
5
3
12
16
19
14
18
0
0
1
13
19
22
40
12
3
9
0
6
36
7
1
17
9
21
15
5
15
0
3
8
20
15
3
4
2
2
24
10
9
7
41
27
35
9
28
23
3
19
6
2
28
7
18
1
1
7
11
9
4
3
20
23
7
18
4
15
2
5
19
12
3
11
11
6
3
12
16
8
7
4
21
6
2
15
10
12
21
1
2
15
6
2
27
23
18
9
15
30
8
6
12
19
15
14
5
8
16
16
13
16
2
11
0
2
13
13
7
7
15
0
10
4
27
15
0
6
8
2
14
11
2
3
9
3
5
16
1
23
24
4
8
15
1
10
10
5
9
2
0
5
23
6
10
2
7
12
16
11
13
3
9
7
15
10
12
6
2
11
10
17
4
2
1
11
11
18
15
3
3
7
5
4
21
18
5
10
3
31
5
19
8
17
2
8
14
7
9
3
6
9
3
5
10
8
15
7
1
8
3
0
8
3
6
3
10
10
0
5
3
5
3
1
9
10
4
2
0
3
7
8
3
3
4
1
7
8
11
5
9
1
6
3
3
8
6
0
13
2
0
2
0
2
2
2
2
4
1
1
1
1
0
0
