6
40
9
12
58
28
4
5
38
7
49
12
6
19
5
10
9
19
13
10
12
26
78
21
52
25
19
21
50
54
9
2
19
41
18
8
35
49
24
17
51
11
51
54
140
85
18
20
2
21
22
4
75
19
40
29
2
54
40
58
15
16
5
26
42
3
26
43
33
32
30
16
38
15
25
62
74
35
21
21
4
21
65
20
63
18
10
26
16
52
17
1
39
13
25
14
65
93
28
6
93
63
77
13
10
39
49
28
6
6
38
41
43
40
53
5
17
65
9
54
58
81
57
103
42
64
5
27
9
44
69
5
40
29
117
24
47
18
21
6
20
9
24
51
9
14
12
11
20
0
10
25
23
47
8
42
13
18
57
26
28
44
37
7
18
45
5
64
20
45
58
68
77
50
32
101
15
18
22
106
72
103
18
61
49
77
29
29
57
14
18
15
53
8
21
15
34
46
19
31
31
18
16
38
19
67
43
63
12
41
113
1
51
32
27
33
39
36
44
29
15
34
30
59
29
65
79
20
59
56
22
3
6
11
6
14
12
30
31
26
68
2
38
18
20
56
78
15
10
94
44
88
5
19
36
35
61
8
88
48
35
16
23
5
23
51
80
12
41
11
33
45
41
2
20
1
34
111
17
48
24
8
66
62
37
48
81
81
46
9
3
45
14
57
6
86
23
96
30
7
60
9
1
22
4
4
9
37
110
52
37
9
14
12
85
16
14
34
8
97
16
64
111
31
86
74
25
62
79
33
10
43
72
27
42
7
33
67
12
51
81
23
15
29
33
13
17
50
7
78
40
30
22
34
15
27
21
71
92
52
26
29
55
18
42
36
7
12
33
18
6
24
17
32
50
16
24
21
34
14
9
44
30
42
35
14
34
96
30
14
20
31
21
94
61
12
16
22
39
43
88
48
36
37
33
18
8
6
8
12
44
23
18
41
78
6
78
27
22
13
17
44
21
44
46
36
50
14
52
43
55
3
65
14
17
33
0
40
33
77
28
33
57
59
52
1
28
13
7
16
10
9
32
83
87
24
36
48
64
20
3
9
27
23
86
14
38
17
10
3
8
15
43
18
64
13
12
8
46
10
15
37
29
26
82
19
4
78
58
36
23
68
66
13
49
17
49
89
4
51
79
23
53
7
24
11
16
8
36
57
96
47
82
38
38
52
38
90
12
104
22
10
10
16
13
6
9
36
33
29
57
2
1
38
23
73
91
51
27
9
47
54
21
23
2
88
32
46
34
16
42
19
49
60
39
74
4
31
4
66
11
102
28
76
13
69
76
44
85
49
54
36
5
1
21
21
23
12
23
72
6
85
42
49
0
19
59
25
4
88
47
30
13
23
8
5
7
12
42
2
2
25
33
41
39
25
23
60
11
22
35
11
30
48
45
57
39
6
10
26
90
6
12
89
22
42
7
47
29
65
10
9
5
14
61
28
51
20
26
48
4
57
18
30
7
51
35
6
33
91
13
3
43
15
14
30
17
89
44
46
16
50
21
33
24
40
9
34
19
9
29
15
7
92
4
42
22
38
15
53
14
31
36
74
32
5
24
29
14
11
6
13
33
75
66
8
25
16
34
42
3
42
19
11
24
26
39
24
38
40
28
15
23
9
11
4
50
15
32
12
26
30
34
3
21
52
49
13
42
39
7
43
19
6
33
3
27
29
4
33
18
14
13
18
11
9
47
32
14
33
33
23
77
16
52
26
28
19
35
39
7
19
16
34
27
16
30
4
18
1
32
19
28
49
15
53
46
19
14
14
64
8
68
20
12
10
30
40
3
35
27
4
23
24
14
9
36
55
13
7
57
24
20
57
6
6
6
13
14
19
57
2
24
6
5
26
15
39
20
27
20
16
63
12
84
5
23
105
27
7
6
19
97
28
0
65
69
2
36
12
14
7
35
95
30
6
13
29
10
4
13
71
55
15
5
47
14
52
12
59
17
37
39
12
0
44
24
19
17
3
13
1
13
8
2
68
8
12
4
1
27
33
29
0
37
9
18
32
22
20
9
29
1
4
21
64
9
16
23
1
23
36
29
77
9
10
49
6
5
31
39
0
19
32
30
27
43
8
15
5
18
46
16
46
8
31
1
43
56
49
4
42
10
24
14
37
18
58
26
43
1
54
7
55
43
21
56
24
48
51
81
17
0
25
68
27
18
18
43
38
31
25
86
46
48
12
42
19
18
6
46
40
21
19
16
60
0
85
39
7
21
13
52
35
3
15
45
3
50
16
94
29
1
66
60
60
31
12
19
38
53
2
42
22
15
28
14
0
39
6
59
27
6
1
31
8
6
71
58
21
48
20
18
59
36
1
33
1
16
27
50
12
29
42
13
17
50
28
8
27
40
13
30
7
9
24
16
65
35
16
89
33
18
18
0
60
20
6
29
40
33
22
17
1
32
49
13
12
9
20
37
18
11
5
28
25
49
18
25
17
20
28
26
27
17
9
38
4
7
9
32
41
21
11
36
21
13
30
46
68
8
5
14
40
5
15
4
22
35
26
21
4
16
8
9
73
21
27
14
51
33
64
16
53
3
6
15
20
30
76
23
5
19
15
38
11
39
5
21
56
31
15
17
19
81
16
16
13
9
38
4
42
8
28
80
34
21
17
25
4
51
54
20
29
14
2
38
30
50
5
14
9
9
40
8
23
19
8
2
48
8
51
41
4
7
48
30
46
14
24
13
7
7
9
16
9
25
48
39
3
7
36
34
16
6
42
30
5
7
48
7
18
67
23
28
58
27
32
17
25
8
1
49
23
64
13
0
9
43
86
5
31
33
2
70
21
65
39
14
2
0
16
21
1
7
22
7
19
11
29
8
18
77
44
55
27
21
28
25
16
14
37
28
17
16
25
60
28
23
19
45
23
66
65
35
38
8
22
46
1
13
11
35
19
38
74
19
10
54
35
58
4
26
12
45
27
36
2
37
27
14
22
50
31
8
2
8
40
16
14
12
20
4
57
5
85
25
15
12
19
42
37
47
48
14
2
6
3
48
33
44
2
8
5
18
5
14
32
4
12
5
8
13
8
53
23
57
37
57
24
35
37
34
10
11
35
24
30
21
52
24
50
39
20
51
18
16
13
35
5
18
18
0
26
30
81
15
33
70
9
24
3
13
16
18
27
22
14
16
9
33
5
1
21
13
35
29
5
12
23
45
4
32
24
83
16
34
50
33
32
37
19
18
2
50
69
0
34
17
13
17
23
2
4
37
18
17
44
2
11
6
3
1
12
5
3
5
14
21
3
11
41
26
30
19
4
20
37
10
42
29
74
2
1
19
11
17
11
7
59
18
68
26
39
23
23
14
1
13
56
16
9
0
46
7
5
3
2
18
36
4
11
8
12
10
26
27
2
11
12
69
19
2
34
27
21
70
11
45
41
2
6
19
22
31
62
9
2
22
16
4
6
39
44
10
1
29
2
32
4
8
3
25
46
7
20
20
38
16
4
35
1
33
33
36
31
7
10
35
43
21
2
5
5
24
12
4
16
24
15
16
4
33
3
14
29
30
3
22
31
2
20
19
14
16
12
6
9
46
5
65
26
6
2
7
7
20
15
1
5
56
46
1
31
26
18
20
11
1
7
9
1
13
18
56
19
8
40
15
8
23
14
22
20
8
4
3
22
9
16
10
8
27
20
2
24
16
42
4
25
6
6
15
15
41
52
6
6
24
16
18
29
24
21
12
17
41
7
45
2
11
45
0
5
26
14
1
6
22
3
13
23
18
45
11
27
16
26
18
1
6
6
12
19
24
20
17
28
4
0
14
16
15
13
17
5
1
16
11
15
45
22
5
23
23
23
4
9
20
8
22
9
28
8
2
48
17
2
5
28
18
16
0
17
15
2
2
2
1
4
37
29
8
10
14
0
36
1
19
9
10
6
0
21
13
20
20
2
14
18
5
1
1
20
37
14
2
45
21
25
1
15
9
3
11
9
18
18
9
20
17
20
31
5
6
1
23
1
8
14
11
4
38
15
16
9
28
48
7
14
16
5
34
8
10
15
15
25
17
21
10
9
7
2
22
23
35
0
40
32
50
9
1
4
26
15
19
18
19
5
40
2
26
33
41
1
5
11
34
14
5
9
22
33
2
3
7
18
30
29
2
12
9
0
17
6
12
20
15
0
27
30
8
41
5
23
38
2
12
30
1
29
12
11
28
17
14
2
20
11
23
12
6
28
23
6
19
2
2
7
5
33
19
12
2
12
10
17
1
28
5
0
3
9
30
11
20
14
14
5
3
7
19
34
11
5
12
20
11
9
6
2
27
2
2
21
9
5
7
20
4
1
23
7
11
11
28
1
10
0
19
6
13
3
0
7
13
3
29
34
12
13
10
41
11
18
9
18
13
8
10
17
14
22
4
4
2
13
5
24
12
14
11
7
21
31
16
9
9
7
24
8
8
2
15
3
24
10
19
4
30
6
25
5
6
16
8
13
18
5
10
1
11
11
4
4
17
11
11
0
4
13
6
2
14
7
21
1
15
18
8
10
9
7
1
4
19
1
15
13
1
9
4
1
29
2
5
3
1
12
8
6
11
26
13
14
17
17
18
2
4
5
14
8
14
4
9
10
8
2
8
7
10
14
19
21
11
8
3
13
12
2
6
13
12
4
1
4
15
6
5
16
5
3
7
9
2
13
2
18
11
21
6
5
0
10
4
7
10
3
14
4
4
15
9
5
17
9
12
2
3
5
13
14
5
9
7
0
3
2
10
6
18
20
8
3
5
15
5
1
28
8
2
5
13
3
6
2
2
13
11
2
11
8
2
0
9
3
3
8
4
4
4
1
10
6
2
4
1
3
6
4
3
0
2
2
2
3
8
12
2
2
2
4
3
1
4
2
2
1
2
2
2
6
2
0
3
4
0
2
