19
19
0
39
0
7
4
27
25
1
29
5
26
18
9
45
3
23
54
25
39
5
11
14
24
3
20
30
19
4
23
30
9
28
30
69
1
55
32
28
8
37
15
55
30
6
10
2
31
2
4
44
10
33
74
12
41
7
19
11
21
23
13
33
6
58
60
52
65
51
29
41
43
2
58
92
21
55
17
49
17
21
36
47
36
8
65
2
39
2
17
16
16
76
29
5
26
45
37
82
26
2
41
16
23
63
5
35
76
40
49
6
24
45
27
26
92
72
11
19
20
12
18
13
32
12
4
51
7
26
1
65
56
26
54
19
30
43
24
53
13
9
55
6
90
36
10
89
32
16
67
6
102
13
64
65
47
48
53
65
30
14
16
13
4
8
34
6
16
49
46
3
51
13
48
56
51
95
7
21
59
80
86
20
6
21
94
48
6
54
17
4
58
14
15
25
47
25
21
2
25
99
3
11
53
25
44
92
34
39
66
6
14
16
41
67
22
32
54
7
92
38
41
11
13
38
11
30
1
25
28
14
81
5
57
18
24
29
37
13
37
68
27
13
14
52
13
64
57
30
19
48
10
3
22
10
40
16
88
19
64
37
58
16
9
9
5
57
45
18
26
4
81
43
41
50
36
6
20
53
45
15
61
4
10
19
51
2
3
40
20
24
2
47
18
82
5
47
6
46
5
1
20
0
33
92
22
14
27
37
40
63
24
16
40
60
15
2
31
11
46
57
12
30
35
20
45
78
2
43
57
51
15
11
96
20
52
57
14
53
7
12
91
35
32
46
54
18
42
19
27
7
20
46
18
31
24
44
78
26
22
8
21
12
50
23
4
7
12
37
20
10
21
15
5
57
46
22
41
10
16
38
13
37
81
25
46
60
7
24
41
42
15
5
19
47
8
32
1
12
4
45
56
29
71
32
38
37
19
52
24
41
62
11
75
90
2
2
5
46
31
58
3
14
104
1
29
75
25
80
43
29
15
55
58
60
68
35
36
32
56
27
59
19
32
5
17
30
32
82
50
45
38
14
39
20
18
86
20
51
15
40
22
24
22
12
40
19
33
14
76
20
40
4
15
81
10
9
11
6
50
60
20
36
47
44
40
75
26
34
33
63
85
1
42
25
30
48
19
14
71
58
38
22
11
60
70
78
19
48
39
14
93
29
32
1
62
25
57
12
67
16
66
12
27
80
12
3
16
32
33
51
22
12
26
60
0
2
40
55
84
38
42
19
15
13
29
28
30
9
16
15
32
33
21
34
12
27
29
39
7
9
17
64
43
39
45
13
15
4
12
44
11
8
52
13
22
25
19
43
28
6
14
10
68
50
25
5
45
20
42
36
49
26
34
4
24
50
34
18
9
19
71
23
54
10
16
39
17
3
28
11
24
1
19
5
11
19
40
57
12
20
17
91
16
2
30
8
7
5
12
7
25
20
27
77
62
28
67
23
8
4
7
56
56
39
76
12
47
4
4
22
22
35
26
8
92
14
8
18
43
115
8
8
17
22
14
16
3
5
12
4
22
106
6
3
23
72
58
17
14
34
2
68
40
2
6
1
33
58
28
31
40
10
39
57
93
1
19
25
35
39
27
10
124
7
5
16
30
20
25
1
70
35
143
47
51
27
9
19
29
45
40
20
38
5
57
12
65
22
12
25
28
31
47
15
18
40
59
8
53
22
8
49
36
29
33
20
76
11
44
50
27
12
90
31
80
38
42
3
53
15
31
35
103
36
54
37
32
41
2
3
36
28
32
38
13
43
37
8
23
26
18
26
4
17
11
0
18
9
64
30
19
92
45
10
43
65
0
6
1
2
15
13
60
71
48
19
65
31
89
15
91
4
30
22
62
10
0
5
8
52
16
46
65
52
5
63
2
30
30
15
1
18
37
24
36
15
13
57
27
23
0
53
53
26
9
32
26
26
53
68
8
5
44
8
50
37
13
1
1
2
5
29
37
16
9
38
53
11
2
21
109
41
8
91
20
20
13
39
8
14
30
17
20
17
32
44
24
24
6
50
22
35
59
62
43
43
7
71
31
1
25
6
23
18
2
15
37
14
10
72
17
30
3
14
3
7
5
28
34
25
53
40
15
74
28
11
59
22
39
1
2
41
66
42
26
26
9
52
40
52
15
9
20
4
5
29
16
16
2
14
27
24
7
19
2
17
68
36
11
6
11
16
70
73
40
25
53
10
5
31
26
16
14
22
38
9
64
15
30
39
11
27
16
89
1
22
33
7
79
57
31
58
6
26
18
16
46
9
7
14
16
3
7
33
62
5
42
57
3
11
7
17
30
49
12
1
19
38
30
9
44
1
81
28
29
2
8
20
29
17
39
45
1
49
27
34
39
7
8
26
1
9
59
53
37
4
22
76
76
14
33
27
33
55
2
45
25
14
50
30
57
56
4
33
39
42
79
21
15
22
4
45
6
19
5
47
3
50
19
67
43
21
23
27
28
47
29
3
18
27
51
20
52
16
11
80
4
2
26
12
4
12
8
6
34
7
22
11
48
29
65
56
11
50
28
5
20
24
8
38
69
10
7
25
34
0
23
6
38
36
63
3
16
11
20
2
74
47
12
20
7
55
21
39
4
7
57
17
5
42
9
12
76
1
19
38
60
14
14
27
61
23
17
5
9
9
15
8
18
27
18
2
18
34
27
1
16
70
2
33
13
19
1
2
22
27
14
11
57
47
29
4
53
64
41
14
2
5
22
5
9
1
9
29
12
6
36
8
5
41
13
7
7
24
9
51
29
4
17
11
6
42
47
37
21
66
27
5
73
33
22
3
66
55
10
2
77
6
72
7
37
15
10
14
39
23
5
70
65
24
34
19
24
1
2
17
29
26
33
16
18
17
34
25
5
0
5
40
11
18
53
3
17
15
32
9
40
32
39
7
23
9
15
28
6
46
65
49
39
25
20
13
25
11
71
3
35
12
25
5
14
61
54
63
8
14
36
5
21
17
51
30
61
8
36
22
4
2
23
15
9
54
19
30
2
20
29
33
48
25
30
6
29
12
9
44
37
2
13
11
16
15
15
1
25
10
24
7
11
17
11
36
22
32
16
26
48
8
12
38
28
6
3
33
22
48
16
14
37
12
24
30
44
7
38
9
30
27
13
22
79
63
48
20
19
38
53
35
30
26
13
1
29
29
46
17
28
37
18
27
0
2
12
7
21
18
12
5
9
0
16
40
13
20
19
37
8
41
66
30
26
23
32
6
14
24
2
29
44
12
27
3
7
21
16
13
2
10
5
12
1
17
23
8
51
1
16
24
5
13
19
23
8
32
47
35
8
12
3
39
20
19
30
15
4
15
55
30
15
24
13
4
13
3
11
14
33
22
1
13
15
6
15
9
29
27
4
10
15
10
11
40
10
7
9
16
22
31
22
5
30
35
19
23
3
12
14
34
3
25
0
14
5
20
2
17
28
34
19
16
14
25
28
32
43
24
20
41
5
9
15
25
15
11
8
23
45
15
24
20
32
4
1
12
11
40
22
31
52
21
21
27
25
13
6
20
40
18
14
12
4
0
42
10
7
15
14
13
12
37
33
24
62
10
11
18
44
15
13
31
6
7
17
32
25
19
7
18
1
12
2
15
40
9
38
1
4
22
17
5
8
13
26
6
1
40
24
40
13
7
17
1
50
28
28
31
26
1
12
36
11
30
10
6
17
38
53
29
10
21
19
6
24
4
6
1
35
29
10
6
3
33
1
11
9
5
3
28
17
4
41
25
28
30
2
17
43
3
36
0
55
14
42
5
20
1
13
6
10
4
23
8
0
16
7
8
4
1
9
3
13
42
4
4
28
18
6
4
50
5
27
37
7
16
12
18
26
8
23
20
1
5
14
8
16
22
8
28
24
1
16
13
13
16
7
25
24
1
8
6
20
33
17
1
11
54
7
11
2
27
44
0
37
18
26
12
12
1
3
8
18
12
9
20
7
0
2
11
5
1
5
17
10
23
21
2
17
11
2
3
6
2
10
29
1
5
11
4
32
2
10
26
0
11
7
8
19
8
14
33
31
40
8
1
31
20
13
0
27
25
12
7
38
23
16
4
6
1
9
12
7
15
14
35
15
1
22
4
9
30
18
4
18
4
22
10
6
32
30
23
10
19
33
0
7
26
22
26
2
9
22
12
35
1
5
22
4
4
9
2
13
12
24
8
21
27
10
7
13
4
31
12
3
24
17
24
4
22
6
15
2
2
38
5
11
19
12
19
1
30
13
3
22
3
14
5
19
8
15
29
16
6
28
23
10
5
13
14
5
0
18
10
18
5
8
3
10
1
18
8
1
30
17
21
8
5
12
4
1
5
26
12
15
4
7
20
8
21
2
3
7
16
18
3
10
7
5
12
6
18
2
33
4
3
5
28
36
32
5
4
12
12
15
2
15
9
21
1
3
6
8
24
18
5
10
1
23
6
8
6
21
1
28
33
1
1
19
10
18
8
10
21
4
0
6
17
5
1
11
15
2
3
11
13
17
2
12
16
4
40
5
3
7
5
3
2
15
16
9
0
2
18
33
15
4
2
29
14
0
16
6
4
7
4
0
9
32
5
8
5
1
5
6
7
1
16
1
6
1
19
18
4
25
1
4
7
5
17
6
16
3
28
25
11
17
9
1
7
6
3
14
1
1
23
14
6
6
1
7
14
21
16
15
3
3
9
7
4
6
5
17
11
1
3
1
3
7
4
6
36
13
2
4
5
8
0
1
7
10
8
0
18
10
5
5
10
5
7
5
8
7
6
6
1
10
2
7
7
2
12
2
5
1
5
0
2
6
6
2
5
5
2
6
5
12
1
4
5
3
3
11
3
3
8
7
13
2
4
3
4
6
1
3
7
7
1
9
2
5
7
7
4
3
9
2
0
2
2
4
3
3
4
2
1
3
2
1
1
