46
10
14
21
45
7
9
24
5
28
15
6
75
40
1
14
72
15
8
2
49
34
1
15
6
34
25
18
14
7
24
32
79
14
27
0
22
49
53
23
13
3
13
13
29
30
26
38
61
6
8
26
12
1
28
16
52
21
58
95
3
56
21
3
10
52
84
29
22
83
40
27
52
66
34
23
42
41
45
40
21
57
48
13
15
96
19
11
5
11
55
70
33
31
29
6
48
50
35
6
46
12
38
55
39
8
40
79
69
17
4
8
80
23
17
44
18
55
37
13
35
1
96
43
20
32
45
2
47
79
76
58
55
54
10
51
34
11
1
71
76
6
27
48
24
13
68
57
54
91
48
33
26
16
55
102
30
6
4
49
24
66
39
14
2
32
101
2
52
6
28
71
38
49
67
54
19
15
33
32
53
21
70
9
9
13
5
61
60
7
5
11
8
57
18
22
75
34
15
7
110
89
38
50
8
19
28
1
3
68
80
70
9
33
46
32
47
38
62
32
4
54
47
53
36
54
1
5
30
35
45
30
5
38
13
0
19
23
6
100
30
15
83
7
44
9
39
29
24
13
6
17
64
23
64
17
97
4
39
38
19
49
59
24
65
58
72
31
34
20
53
41
42
80
114
55
24
16
50
23
57
2
9
50
7
61
89
55
62
30
24
18
3
81
16
6
17
17
49
50
6
38
11
25
16
60
14
47
43
12
4
16
9
9
3
79
22
18
13
60
23
68
51
80
20
11
26
53
2
21
23
32
9
29
1
53
107
6
17
12
16
29
12
56
56
49
49
86
19
17
3
36
45
42
139
6
3
114
2
75
23
75
2
30
7
3
36
98
16
21
35
68
99
42
11
57
2
11
14
0
46
44
85
13
29
39
15
19
53
13
18
20
10
43
28
57
25
38
1
41
19
36
25
16
26
15
41
46
79
39
65
8
39
72
11
47
9
12
0
5
16
7
38
19
61
39
3
87
35
9
70
53
41
24
55
24
17
68
61
41
34
19
2
54
37
35
9
16
27
37
10
35
77
55
45
21
49
40
17
13
17
5
7
19
84
1
52
8
36
51
73
20
108
51
6
81
4
51
24
41
18
5
9
40
76
41
37
10
69
32
34
15
44
48
2
48
70
27
37
14
50
21
87
11
5
10
42
28
7
43
14
33
9
52
31
10
23
43
41
12
5
4
34
7
6
15
48
23
50
42
33
29
20
30
44
18
45
53
19
40
82
21
9
49
5
15
14
10
95
22
25
19
5
11
50
22
15
12
6
24
54
39
36
73
77
43
25
1
47
31
26
60
41
22
6
2
7
19
24
40
11
3
36
49
38
31
2
61
23
3
29
9
57
17
84
89
31
66
31
43
1
46
23
16
0
47
34
6
42
47
1
6
18
18
22
5
9
14
14
10
25
32
35
22
58
15
21
34
0
47
17
3
23
63
11
2
21
11
36
36
10
29
32
46
6
15
5
1
15
64
24
56
18
66
2
7
50
36
23
43
5
43
55
22
29
11
39
9
10
96
22
1
63
28
5
6
12
30
5
7
36
24
34
19
74
17
18
20
11
29
31
15
37
32
28
4
25
16
66
10
41
37
8
79
7
5
26
68
13
49
44
8
28
10
43
84
7
30
25
35
9
1
32
1
2
24
72
46
80
47
12
32
51
79
3
56
22
9
7
11
32
8
12
1
12
65
9
0
54
41
14
17
9
26
15
43
27
29
42
44
14
6
23
77
5
50
70
14
45
32
4
14
0
55
21
58
42
94
27
5
33
11
84
35
44
22
1
12
54
77
16
29
13
33
31
63
45
29
31
46
75
49
32
86
8
29
38
27
103
0
9
9
33
42
13
0
38
25
36
57
26
32
25
70
47
24
7
44
35
8
6
1
24
28
29
27
51
51
6
42
6
59
18
5
6
94
7
59
37
52
1
39
14
5
31
28
23
43
42
52
12
57
3
16
20
44
3
11
29
38
27
14
13
26
43
38
6
25
14
26
19
27
6
40
30
50
69
0
31
67
35
105
40
27
9
42
28
30
19
35
6
31
16
28
16
30
20
27
17
14
17
17
8
23
2
47
10
5
18
27
47
22
3
25
14
25
52
41
12
16
19
23
55
1
27
7
15
51
50
50
57
36
10
6
16
34
17
16
44
27
49
26
33
6
1
49
9
5
43
19
83
13
38
18
34
46
42
5
53
25
13
26
21
36
41
35
12
10
8
16
13
66
11
36
1
11
68
39
50
57
39
7
37
3
98
0
23
49
29
26
34
31
20
34
27
30
15
9
52
7
30
70
27
37
20
12
48
31
60
1
53
32
9
35
32
2
8
1
26
33
48
45
91
19
41
17
17
7
55
22
33
20
72
38
26
26
33
16
42
5
9
8
19
15
8
31
52
21
23
17
31
10
30
6
17
41
51
29
8
34
13
14
49
11
24
10
48
11
29
67
2
7
6
80
7
71
40
41
43
17
28
19
3
24
19
37
41
17
8
2
16
19
20
26
0
44
30
67
59
2
2
4
18
62
21
13
18
69
18
4
45
39
7
50
45
27
27
18
30
58
20
16
31
46
38
16
5
16
17
5
35
18
4
23
77
27
2
34
3
64
8
5
63
31
21
15
19
61
15
20
18
30
12
14
39
14
14
9
9
19
1
15
2
10
24
14
59
50
65
6
28
27
69
9
5
17
14
57
38
7
7
34
30
12
1
6
68
19
46
15
3
73
38
49
3
39
17
43
16
10
24
27
22
24
59
77
21
26
1
76
17
25
39
7
3
16
77
0
66
19
21
2
7
13
14
24
17
2
22
69
46
12
34
26
12
43
23
36
49
3
22
73
2
28
23
20
44
25
11
6
5
19
17
5
28
61
18
21
32
20
24
9
16
18
17
6
70
6
19
27
56
12
10
26
69
7
16
19
5
3
70
4
15
14
9
55
5
30
21
8
5
19
36
40
18
24
9
17
23
53
51
62
53
31
3
26
3
25
32
15
9
22
24
0
20
46
24
47
32
11
3
15
17
5
28
20
1
12
11
2
44
27
1
9
3
6
0
15
77
63
20
3
26
11
21
43
1
17
30
16
39
51
23
11
16
17
8
14
46
2
34
8
16
5
4
21
3
30
8
10
24
10
14
17
9
13
3
19
29
13
5
25
11
48
25
3
1
2
9
13
13
12
21
7
18
3
5
25
29
25
15
15
3
37
10
3
12
7
49
42
15
31
25
13
3
27
26
25
8
27
8
35
9
41
17
48
44
7
3
61
46
18
30
37
2
4
32
7
23
19
13
31
9
14
10
40
22
2
48
18
15
18
20
12
53
14
11
38
8
33
0
40
20
11
39
11
3
37
3
9
24
9
37
26
5
16
28
28
35
37
22
19
65
37
29
43
1
10
20
40
52
0
9
8
17
7
14
14
10
18
31
17
27
1
5
82
15
14
42
23
24
25
19
26
9
17
17
28
44
34
25
5
50
20
9
11
1
20
6
25
14
10
36
14
3
1
24
19
7
22
28
17
16
5
31
6
0
19
14
9
33
27
22
28
3
24
1
6
32
32
13
13
10
13
5
29
31
17
2
36
64
36
21
17
10
18
7
35
29
17
11
4
20
9
20
1
15
0
28
1
23
51
17
4
13
6
15
22
24
13
48
3
25
29
17
33
33
33
0
44
53
12
9
11
25
35
15
13
29
31
6
12
12
10
29
21
20
3
14
11
15
10
3
18
9
12
54
6
19
5
5
43
18
15
17
71
3
9
57
13
12
3
42
21
13
18
2
4
6
20
15
44
7
63
1
16
23
61
53
49
2
17
6
1
37
16
17
32
0
4
17
24
7
6
20
5
4
17
24
4
21
5
6
22
8
3
49
10
8
27
10
21
1
22
13
27
12
14
6
18
41
50
36
20
43
2
1
7
26
20
11
13
1
5
24
24
7
1
21
9
36
21
21
29
0
12
0
3
3
19
32
5
0
38
6
50
7
1
62
2
21
3
16
17
1
10
23
14
21
25
15
31
21
2
5
16
10
15
16
9
23
5
13
5
1
11
10
10
11
40
18
10
32
33
6
27
12
5
35
9
4
28
4
6
27
6
1
24
35
32
17
4
31
0
5
32
4
30
7
21
12
29
4
4
16
11
5
7
14
20
35
28
24
15
2
15
6
29
11
4
18
27
10
28
17
29
7
9
3
39
27
0
12
20
3
1
10
29
13
11
2
17
25
9
15
1
15
2
22
6
3
5
55
9
21
29
9
22
9
13
15
13
2
9
14
14
17
3
25
8
2
19
9
12
28
0
7
1
0
13
23
20
24
10
5
5
18
47
21
2
8
3
11
22
7
4
25
11
7
17
0
6
15
15
14
8
14
18
3
2
7
15
6
20
18
18
13
9
8
17
14
6
1
24
2
10
32
15
9
10
22
19
16
13
10
2
32
9
6
11
1
15
32
0
18
3
9
9
11
19
5
11
2
18
40
14
9
8
5
20
0
5
4
32
11
12
9
14
17
11
2
11
18
6
13
5
7
13
7
12
7
15
4
25
0
4
14
35
3
12
14
4
4
1
5
2
17
2
1
13
13
3
12
0
1
1
8
12
1
2
18
24
9
11
15
8
16
0
2
1
4
17
10
13
16
6
15
23
12
17
16
3
7
8
24
5
13
22
11
8
7
42
0
6
3
16
12
9
4
6
5
3
16
9
11
4
30
9
7
6
5
7
8
1
5
2
11
4
5
9
2
14
12
18
18
5
9
19
11
3
16
7
1
1
1
6
11
20
7
11
3
7
7
3
5
1
6
1
16
11
14
0
5
3
11
1
2
2
16
3
8
7
9
4
1
7
3
6
2
8
0
4
1
4
2
4
16
6
1
1
2
6
5
10
0
10
1
6
10
1
4
1
3
3
0
3
8
1
7
3
1
2
5
3
5
2
1
2
2
1
