5
31
35
5
3
10
13
85
20
44
45
41
1
51
8
52
3
5
22
3
23
17
38
31
25
4
10
30
30
21
28
7
56
9
8
21
27
4
8
5
30
21
6
22
38
2
19
8
49
28
28
50
19
61
34
76
19
12
29
22
29
26
24
35
61
14
43
38
39
18
52
15
31
51
1
1
79
7
10
69
52
40
16
22
59
10
27
94
57
43
7
27
48
69
26
45
20
31
16
66
1
61
13
10
23
12
34
43
35
24
32
40
5
28
51
46
6
92
16
30
3
104
11
32
70
31
52
23
9
34
40
47
5
56
38
55
3
48
1
32
37
32
32
15
18
145
40
9
40
81
72
86
27
53
29
14
4
55
28
21
73
17
54
51
13
65
53
7
32
8
43
22
6
69
22
12
47
30
12
20
16
22
12
19
2
16
6
20
41
36
22
43
13
4
1
33
61
48
10
1
52
28
44
15
52
77
60
5
59
11
27
21
55
22
62
4
27
118
66
8
45
85
68
70
36
15
25
52
41
10
13
46
1
65
58
90
54
2
58
49
65
24
15
27
26
16
12
56
30
45
26
30
41
69
35
19
44
2
33
33
8
58
83
23
10
16
69
35
48
18
22
28
11
7
8
42
5
108
3
30
39
85
88
9
70
31
13
42
65
108
98
47
14
55
7
55
37
125
83
52
5
38
27
35
11
57
37
54
18
1
22
50
7
6
20
5
98
67
61
7
22
56
50
10
40
21
15
0
27
1
3
40
33
11
20
38
28
15
17
35
55
87
19
75
5
22
84
83
21
25
31
53
2
5
42
45
28
23
0
65
85
42
31
38
27
13
13
27
30
51
33
3
57
25
92
58
20
17
29
7
61
7
61
72
24
5
10
51
48
42
33
8
40
19
1
45
0
82
46
45
5
7
35
28
22
67
11
84
28
37
51
45
4
24
38
40
29
3
7
18
28
29
71
61
11
49
42
0
55
7
15
56
7
13
111
12
23
31
91
37
21
37
21
10
38
82
7
34
19
28
1
49
2
60
3
15
30
27
24
64
53
62
2
9
43
75
56
117
56
74
10
62
66
66
25
24
38
43
20
65
27
65
13
48
84
0
3
19
33
27
10
1
28
22
82
48
22
55
3
37
39
43
39
1
27
19
62
21
19
41
37
112
57
102
9
27
28
9
14
8
27
24
64
32
23
29
32
56
29
4
29
17
40
24
24
108
26
4
44
36
13
66
10
6
18
29
81
55
36
11
59
49
1
38
54
20
33
36
41
3
23
24
9
61
43
71
47
37
16
37
34
20
29
4
68
20
31
34
15
69
10
33
15
29
62
30
76
15
12
16
41
0
11
46
4
31
0
63
11
33
19
9
23
25
33
43
68
87
94
112
61
19
11
62
53
23
35
42
6
25
21
16
17
26
32
26
37
26
22
11
40
66
33
36
20
14
20
96
50
68
23
15
101
3
15
75
41
9
20
27
5
26
36
86
7
8
24
57
56
46
0
137
41
28
53
31
2
15
69
30
43
37
7
24
94
38
82
19
38
59
110
32
8
79
4
50
31
28
36
17
12
59
6
51
11
5
13
1
14
41
28
24
29
42
9
69
23
30
24
24
29
48
48
37
37
23
59
28
64
42
28
25
4
19
15
58
31
1
34
10
10
65
70
49
0
41
48
30
28
17
1
6
15
37
8
30
15
1
33
44
39
23
50
46
8
62
16
8
20
16
3
31
7
39
4
16
8
20
64
41
38
69
6
22
10
32
24
32
1
8
3
148
71
12
28
69
18
95
13
35
37
3
4
24
8
57
73
27
90
20
31
36
19
12
103
4
11
17
14
27
25
5
7
17
49
8
63
17
3
24
8
14
26
38
36
3
23
17
34
18
35
39
6
18
23
4
22
27
6
24
13
8
69
60
25
39
25
42
8
24
73
45
32
28
0
28
1
19
25
14
37
15
28
17
60
52
7
12
14
61
9
53
43
3
8
76
72
21
17
79
65
31
10
79
43
68
89
19
5
25
20
18
60
56
20
75
4
35
23
61
44
34
69
25
43
16
5
2
30
8
68
24
13
26
36
11
1
41
40
3
22
44
36
29
12
21
53
9
5
22
10
4
56
20
12
11
18
52
19
7
20
0
19
31
10
32
44
51
40
27
12
12
7
95
45
79
13
38
29
4
68
24
45
3
26
1
48
36
3
62
71
1
16
6
18
26
96
2
5
21
2
10
55
34
5
48
8
30
38
6
19
100
12
65
8
11
90
1
5
39
0
7
25
13
17
24
33
34
9
4
13
33
54
1
45
0
20
49
42
18
39
28
18
20
3
55
2
20
6
25
25
13
18
9
22
39
52
24
14
54
20
70
40
16
44
54
2
32
15
43
1
30
33
6
3
7
6
27
3
49
17
50
43
7
11
71
41
7
38
32
43
27
35
6
42
4
13
53
3
30
22
1
22
8
44
2
18
18
50
37
19
12
1
3
14
5
44
18
29
13
55
7
55
20
13
59
29
24
43
33
29
36
0
90
41
51
16
3
50
13
13
5
25
26
0
73
19
11
18
8
28
53
1
43
7
18
101
5
19
21
7
13
8
29
39
31
15
49
53
16
13
9
3
2
5
49
2
32
71
7
65
20
29
40
35
15
44
20
25
30
0
11
3
17
6
29
54
10
0
42
18
11
34
7
10
36
9
18
7
18
14
39
23
27
1
26
4
3
19
35
56
12
5
5
7
11
13
11
31
21
21
22
3
43
12
31
43
32
19
5
8
46
42
28
48
7
0
3
10
23
18
9
10
56
9
14
39
9
16
5
13
62
30
32
27
0
23
11
4
14
23
4
66
15
22
19
37
37
35
9
16
20
21
13
21
5
53
10
29
3
7
24
14
9
25
16
27
29
14
1
3
7
40
4
22
11
24
3
6
29
17
39
17
28
4
26
35
49
73
27
35
35
11
48
8
22
2
9
15
22
18
22
3
37
7
38
9
4
21
18
2
1
11
51
34
45
14
62
13
27
13
29
27
7
36
48
19
13
37
39
2
12
34
4
11
14
22
4
55
57
36
27
19
8
5
57
26
5
1
8
12
0
19
29
35
34
9
29
46
22
51
23
12
20
6
9
62
29
14
56
15
49
22
39
24
8
32
18
8
20
38
3
29
6
18
16
4
12
48
26
10
46
4
2
9
10
12
36
30
15
1
14
2
14
4
18
16
13
1
3
48
41
23
15
28
8
11
5
16
52
19
24
46
1
35
2
0
74
15
18
30
32
11
12
16
19
44
20
19
28
23
0
28
25
54
20
31
33
38
6
19
36
12
24
101
9
26
55
26
11
16
8
1
14
8
27
21
21
19
36
6
40
17
20
30
40
3
22
16
21
5
7
66
20
25
10
27
6
41
23
24
6
6
14
41
13
12
14
58
25
16
16
4
12
18
19
13
11
26
17
20
21
34
37
9
3
28
38
33
2
26
20
20
10
10
74
14
2
56
6
25
17
4
15
26
11
5
12
11
26
26
38
14
73
27
24
8
34
19
29
21
41
20
1
1
29
36
6
13
0
21
4
60
40
27
18
8
18
31
25
40
19
19
30
21
3
5
7
5
17
7
20
7
27
4
17
9
6
4
28
36
21
56
29
6
1
13
39
7
34
22
3
24
29
32
4
30
18
1
4
13
22
26
70
29
8
2
33
21
18
33
49
7
12
4
20
24
25
41
47
32
21
2
15
34
19
4
51
7
12
15
15
1
30
36
27
17
0
20
31
1
45
15
20
15
40
8
0
24
49
36
61
22
22
37
19
32
56
47
4
4
5
28
14
55
39
5
16
18
3
9
23
40
21
12
10
0
7
9
11
15
0
17
22
28
8
3
30
34
1
2
13
10
6
14
1
43
21
15
49
65
4
9
31
7
11
21
9
5
10
9
20
23
11
15
25
17
7
12
39
1
15
13
5
20
2
28
15
61
19
30
7
25
8
8
42
15
32
2
24
31
0
11
11
3
6
9
12
20
18
0
8
3
11
34
3
5
0
44
0
14
1
4
18
0
7
21
12
19
13
25
9
33
10
5
9
10
3
11
3
14
11
0
9
9
13
3
12
0
32
0
21
42
35
21
17
30
12
1
12
23
16
14
0
3
27
46
18
2
14
18
1
13
22
10
27
16
21
4
20
13
6
28
5
11
5
9
27
3
16
16
27
12
4
9
21
29
35
20
16
3
24
4
16
25
37
5
1
23
2
5
24
8
6
14
12
2
8
14
9
37
5
1
27
9
17
19
3
15
12
5
23
28
6
12
3
15
13
6
5
3
5
4
20
5
18
6
31
5
2
2
15
6
11
13
25
10
16
16
3
31
11
3
13
14
10
23
15
7
21
13
10
4
20
8
2
17
21
10
23
11
6
12
4
11
14
5
6
24
12
5
12
0
44
8
0
14
2
5
3
2
31
9
3
12
24
12
10
1
6
5
16
2
43
8
3
14
23
14
14
1
12
2
16
7
4
3
1
3
45
22
3
4
33
15
9
23
10
20
9
5
12
2
0
2
7
9
2
17
3
30
10
2
2
24
18
6
1
7
8
8
4
7
16
3
5
0
16
7
10
6
3
8
7
5
3
13
6
1
5
18
13
9
1
21
4
16
23
21
7
3
14
5
3
0
5
34
11
20
12
5
6
1
16
4
20
7
8
20
22
4
13
11
6
12
7
18
25
17
5
0
17
5
0
12
11
20
11
1
30
4
6
12
0
4
14
4
1
2
0
13
13
18
2
7
3
5
0
7
6
22
2
2
5
3
13
0
5
9
0
6
9
11
1
5
2
2
6
2
6
9
6
8
1
17
8
11
11
2
8
4
3
3
6
2
5
13
6
1
6
4
4
8
2
20
2
2
8
4
7
9
0
1
3
8
8
1
5
4
4
0
0
0
3
6
1
3
4
0
1
5
4
0
2
1
1
0
0
0
0
