27
14
14
0
3
3
7
21
2
2
5
11
8
4
13
3
8
6
4
9
10
12
25
4
5
0
17
5
7
25
1
29
14
7
8
6
18
6
11
7
12
4
20
12
4
17
2
9
13
27
5
9
16
20
3
13
28
23
0
35
21
6
3
2
8
15
8
3
17
8
14
25
14
14
14
12
9
24
14
16
9
0
7
4
1
19
4
5
19
18
12
16
2
15
1
5
3
1
8
8
20
4
8
2
11
4
12
5
4
6
10
1
4
10
12
2
1
2
6
5
23
17
6
12
6
14
11
2
15
5
5
15
10
8
3
2
9
8
13
1
4
9
21
6
11
7
9
7
6
9
9
3
7
9
1
8
6
7
24
3
3
1
6
17
7
4
8
10
2
1
6
10
5
8
0
0
9
7
0
2
8
2
2
4
3
6
13
1
2
2
3
3
2
6
3
3
7
2
0
3
1
1
1
1
1
2
0
2
0
5
2
3
2
2
1
1
1
2
0
0
