0
2
51
29
29
0
5
47
1
35
1
16
8
2
17
32
1
86
62
1
21
7
12
52
8
1
0
15
15
7
10
17
32
24
55
65
62
12
28
52
34
27
13
4
46
23
44
60
40
55
27
42
30
3
24
5
13
5
15
17
14
12
51
43
8
9
88
42
18
39
51
4
46
4
36
9
16
24
16
42
92
23
29
19
28
81
34
5
10
18
42
83
47
38
24
74
17
31
40
102
4
4
43
22
19
5
93
43
24
33
33
48
51
36
126
76
0
83
44
68
24
45
26
75
50
42
39
63
33
57
4
10
15
87
85
36
66
14
41
104
95
16
23
12
79
28
24
17
11
56
30
18
37
24
8
37
32
74
11
32
19
27
23
38
12
89
23
14
46
32
25
41
51
3
30
49
31
38
93
43
20
24
2
84
78
17
46
92
93
4
7
54
44
37
17
20
147
9
78
77
47
7
71
80
90
98
29
7
0
74
65
64
59
55
20
6
12
67
62
4
57
3
43
75
46
32
6
9
23
12
43
10
6
54
18
15
1
50
73
47
7
13
50
29
45
23
34
111
26
10
54
39
25
26
23
2
27
19
47
77
5
12
46
53
20
80
10
37
71
66
31
24
9
27
10
50
33
88
48
23
99
23
3
22
17
59
38
39
48
43
31
61
4
51
19
17
11
3
28
60
14
60
42
99
91
36
25
14
7
45
23
3
44
25
47
55
34
8
43
37
5
55
90
68
54
26
11
48
8
64
20
22
25
2
40
29
31
25
47
7
29
42
45
86
7
33
30
17
4
30
8
33
38
63
25
59
1
14
41
3
25
21
71
60
63
96
38
46
16
73
2
32
1
26
52
4
5
40
21
16
31
83
6
11
61
36
50
21
4
41
4
17
58
28
7
104
46
34
23
19
16
37
16
7
85
3
23
0
20
26
13
39
23
3
37
61
29
15
91
81
65
1
24
14
57
32
32
39
20
22
23
9
63
28
19
40
9
31
42
79
40
42
59
19
41
15
17
4
94
30
41
21
5
7
4
14
31
27
4
10
7
32
53
7
13
4
8
26
11
17
12
21
90
27
40
0
31
49
13
7
31
23
44
44
58
81
12
1
48
34
31
74
22
2
32
45
7
29
4
59
56
11
7
1
12
50
50
66
13
13
35
6
11
24
36
65
10
30
10
19
13
20
10
52
3
2
2
5
69
12
17
22
40
6
15
56
16
42
32
28
67
22
13
16
5
8
12
30
46
76
2
61
1
18
39
27
59
47
12
29
38
51
45
38
46
52
6
81
11
15
6
17
33
30
56
31
45
13
15
20
53
8
31
27
2
17
36
54
29
2
24
79
72
30
17
39
56
36
64
4
31
11
10
15
19
30
21
7
30
47
40
67
62
1
12
41
20
22
36
48
76
69
54
14
8
43
14
6
44
53
82
13
53
34
2
27
12
9
22
0
17
77
14
23
1
7
51
64
8
19
21
37
8
34
53
6
55
4
2
39
1
27
29
26
32
14
97
73
37
11
58
12
34
2
59
40
16
12
5
98
36
38
4
7
34
40
77
24
46
42
15
45
23
67
99
34
52
33
5
22
9
14
15
16
49
56
2
16
8
93
31
41
23
14
13
5
34
3
5
15
17
3
29
61
33
29
41
10
14
71
20
50
15
27
32
31
28
32
70
5
93
46
23
35
70
47
37
26
80
25
5
67
73
31
28
34
13
2
12
4
16
38
53
23
6
62
55
47
23
87
12
18
7
73
80
53
39
36
19
16
46
48
46
56
14
64
30
58
8
51
24
35
20
1
35
22
7
46
22
7
13
66
27
64
14
29
4
26
16
61
1
0
50
45
83
28
3
29
51
70
13
11
8
27
92
35
22
22
3
6
22
63
46
57
4
53
14
8
9
54
35
69
17
71
3
1
10
15
48
8
15
22
81
13
59
13
67
80
5
35
39
4
61
9
0
28
26
90
20
19
16
3
14
23
38
18
48
39
40
69
57
18
54
2
8
26
35
15
17
46
35
52
62
32
7
34
9
12
71
29
43
16
42
28
35
26
7
42
8
50
30
76
28
20
27
8
11
43
3
23
6
120
7
30
33
13
18
6
57
52
8
14
0
18
45
39
39
34
25
9
84
38
33
39
49
39
63
28
36
11
20
30
12
2
46
80
74
11
4
61
16
89
2
5
37
15
85
41
29
27
36
20
23
90
54
12
2
35
1
14
10
115
120
45
14
27
19
7
26
6
50
44
13
41
10
49
11
86
17
6
47
45
25
4
27
68
36
1
13
31
38
6
9
26
14
49
130
1
39
6
47
8
15
31
4
64
40
14
26
33
41
42
52
13
15
43
17
30
27
13
10
34
60
20
12
31
36
20
10
31
2
18
72
31
14
46
1
12
28
25
28
23
56
71
9
31
17
9
38
10
19
83
23
60
4
12
40
61
29
18
3
44
37
4
10
25
23
6
3
32
34
48
5
19
4
10
4
32
11
0
34
29
50
68
22
10
70
65
12
62
3
44
38
5
6
22
35
1
27
47
29
10
33
6
19
2
61
74
14
19
11
32
32
2
34
45
19
27
41
34
12
13
38
79
22
5
5
0
13
1
50
39
17
57
50
29
13
19
1
23
42
1
21
40
6
26
63
25
51
13
44
9
16
34
17
43
23
21
30
2
13
79
23
28
26
39
61
53
41
3
28
2
19
4
50
20
31
12
56
15
35
7
24
20
30
54
52
8
42
44
66
37
14
48
10
40
7
34
5
17
2
10
42
6
47
29
23
31
5
32
0
31
52
1
39
8
20
32
10
44
29
34
33
31
38
8
4
8
1
1
9
30
20
28
72
62
33
0
18
11
65
16
42
42
14
21
14
14
45
12
20
57
34
7
20
12
0
6
1
33
11
19
19
3
15
0
21
17
20
3
0
12
10
29
18
7
19
1
3
36
16
27
17
45
18
9
3
6
52
70
5
4
4
55
83
46
4
55
12
27
10
19
29
54
18
12
33
30
1
23
7
6
66
42
28
17
7
27
0
18
14
15
28
76
28
34
3
7
0
1
3
19
41
33
15
14
35
26
14
25
14
25
39
39
17
35
39
4
35
35
8
26
14
6
26
40
44
5
25
15
12
30
25
7
22
41
31
21
36
10
17
27
5
37
14
16
18
13
38
42
13
21
35
32
39
16
16
38
40
0
43
55
33
26
15
30
9
21
35
16
4
4
14
20
4
6
24
40
26
8
25
43
20
10
30
40
17
28
47
12
15
62
22
26
63
4
0
86
22
34
6
17
16
33
23
32
23
4
14
7
3
3
4
35
10
16
28
10
36
7
23
33
19
0
1
38
34
29
21
39
46
1
23
7
35
11
26
27
6
22
11
29
0
7
34
51
11
13
1
2
49
34
29
32
26
10
1
16
10
14
22
43
13
13
2
5
35
30
22
28
12
12
33
30
32
30
22
7
11
51
30
7
5
62
38
9
29
3
0
12
89
48
8
9
3
11
16
1
16
51
11
34
38
18
8
53
69
7
0
37
17
2
11
26
3
29
37
16
23
17
2
20
12
8
49
3
7
56
19
49
3
4
22
9
9
28
20
11
22
29
2
40
9
5
2
8
1
7
6
12
30
42
6
21
62
12
19
5
27
15
26
12
7
5
15
1
4
3
14
7
26
12
16
34
7
38
4
14
13
20
15
24
51
6
37
56
20
12
19
8
60
17
51
1
6
10
21
13
25
10
14
58
40
33
9
4
8
17
7
18
2
11
14
12
17
43
17
13
17
25
2
19
35
50
4
54
27
17
8
17
10
28
5
41
4
15
3
29
16
28
31
9
6
19
25
18
5
22
29
9
34
7
23
31
7
10
39
36
4
27
7
18
32
44
7
18
2
7
34
13
30
20
0
7
20
16
9
30
12
3
31
24
30
16
14
11
2
3
15
24
35
13
43
33
30
25
7
4
16
6
19
14
5
10
2
30
28
17
6
3
1
53
46
37
10
1
18
17
1
19
25
2
8
11
16
11
43
9
6
0
3
12
4
4
15
12
1
51
6
14
30
44
10
22
3
7
0
2
17
28
4
32
12
11
39
16
23
1
12
8
11
2
25
3
16
8
9
75
16
8
19
5
46
1
19
4
14
46
8
23
14
9
4
2
31
10
27
28
9
3
3
24
8
25
17
7
7
15
7
7
1
3
6
0
32
6
31
13
11
29
24
6
17
17
16
8
4
7
9
23
6
29
2
16
2
36
0
20
12
3
5
14
36
12
7
11
8
4
2
6
13
17
2
8
10
7
14
10
1
21
23
22
4
15
22
19
25
5
20
4
5
10
0
24
21
19
9
15
2
10
11
15
0
27
17
2
9
6
13
28
1
17
9
14
24
17
1
30
2
2
11
7
4
4
5
38
16
9
5
16
6
11
36
13
10
8
13
4
19
3
18
8
17
14
16
24
6
13
9
4
29
3
27
8
3
22
6
1
8
24
4
4
11
7
4
26
14
25
8
5
10
16
17
19
19
6
8
44
7
24
6
16
14
5
22
2
25
8
13
22
18
19
4
5
5
10
10
4
31
11
6
11
2
13
0
23
12
32
6
21
13
13
22
15
12
2
4
2
4
10
20
6
11
18
17
15
20
0
36
16
16
0
7
3
11
3
7
13
18
7
7
2
13
3
9
13
6
12
0
7
13
0
8
13
20
8
1
8
1
3
4
20
8
16
11
3
14
2
21
8
6
4
2
13
9
7
11
5
3
10
7
9
7
12
0
1
1
1
11
11
16
21
15
10
3
3
4
7
9
3
1
5
8
8
13
8
13
15
1
1
4
3
3
4
10
7
3
4
5
14
7
5
3
5
5
14
5
13
2
1
2
11
14
0
11
0
7
5
1
10
1
1
4
9
3
8
2
3
1
13
8
3
5
5
1
4
2
5
2
8
2
8
6
1
3
3
1
4
3
4
0
5
0
2
1
1
2
1
1
0
