2
24
41
12
24
45
10
6
3
40
32
4
1
56
15
8
15
13
6
13
25
13
22
14
50
19
8
52
62
19
35
10
5
24
12
11
33
55
33
2
4
15
23
39
23
31
16
9
18
19
30
64
4
8
1
53
16
10
2
46
25
41
51
26
14
44
63
43
2
5
46
63
63
66
1
3
103
17
17
25
47
15
9
66
25
77
14
6
68
21
22
53
4
6
10
8
151
16
59
83
72
30
39
64
42
66
39
71
11
36
4
59
11
30
84
46
65
59
12
7
8
66
59
21
38
32
16
9
49
44
32
47
7
23
72
5
19
40
22
46
13
99
66
32
41
24
63
15
64
42
1
12
14
11
34
39
34
3
53
1
14
9
31
33
20
41
47
30
13
19
40
35
32
7
35
47
28
65
55
24
12
28
105
36
39
36
1
86
12
72
7
18
13
53
41
20
21
84
3
30
32
2
29
55
7
27
28
45
31
10
8
89
50
22
134
119
8
46
66
30
3
32
36
43
91
57
16
14
35
70
8
60
24
17
31
85
56
48
11
15
20
25
6
60
16
38
22
82
23
37
61
25
43
68
54
7
52
31
37
29
58
56
13
3
63
48
17
55
36
4
7
42
15
59
88
6
75
2
40
5
43
26
52
17
87
67
73
53
69
25
24
24
0
1
80
36
49
46
14
17
32
58
75
19
3
36
14
17
15
58
11
22
25
15
69
11
28
60
52
64
35
19
60
61
18
92
2
29
18
0
73
8
60
30
35
91
24
29
20
8
91
71
53
47
35
30
33
11
6
11
65
17
15
38
20
30
37
52
35
63
67
52
84
9
22
94
28
28
88
5
61
17
6
76
7
34
11
9
28
39
2
47
44
34
9
57
33
10
10
40
51
15
66
58
14
65
2
72
2
3
65
67
41
20
15
0
17
28
38
24
87
30
8
1
58
40
65
18
17
72
45
22
15
29
20
33
116
27
38
7
69
16
2
9
18
27
14
52
42
66
76
54
22
28
4
4
34
53
28
17
36
2
13
30
78
13
22
47
4
15
62
12
5
1
34
11
29
12
7
13
59
1
10
11
57
10
32
1
27
23
20
31
9
66
42
35
27
47
43
4
23
18
18
57
0
70
10
7
72
25
12
49
21
82
41
44
5
30
13
44
41
56
29
54
26
0
13
46
18
40
82
65
11
56
5
37
0
40
21
12
38
4
15
33
12
6
48
9
35
0
5
19
12
5
10
40
18
71
30
2
24
51
15
58
40
38
69
74
33
51
16
19
25
9
37
0
11
9
43
25
15
81
65
87
78
14
65
34
55
9
67
27
1
9
15
15
1
3
37
57
12
37
35
21
86
63
46
26
48
57
53
42
7
3
35
24
24
17
17
71
15
66
5
24
16
49
64
14
1
74
65
20
28
67
11
50
22
22
1
61
31
44
11
25
40
6
48
25
2
22
43
7
26
22
15
11
13
12
47
17
24
1
14
9
61
14
36
17
55
22
37
7
12
0
47
70
46
71
1
9
40
16
28
22
3
67
96
88
46
23
65
48
4
13
35
10
30
53
69
19
8
18
3
71
65
46
13
6
29
50
66
74
30
46
50
21
57
7
21
19
36
8
36
39
4
23
10
9
19
20
9
21
12
24
0
6
9
23
15
32
85
52
34
18
33
26
48
10
31
18
17
8
22
18
43
51
45
20
69
47
32
23
1
7
49
7
9
3
40
1
11
13
58
33
33
20
52
11
33
37
26
29
4
41
1
13
17
22
6
18
10
35
44
22
64
40
6
34
11
33
63
2
16
24
44
2
89
59
17
35
31
40
20
126
34
7
11
35
1
73
67
89
48
0
30
60
14
27
9
41
37
1
36
44
20
27
13
28
20
22
44
25
3
18
2
2
13
8
32
17
52
5
61
14
24
18
3
20
18
40
39
22
12
61
31
30
28
5
20
76
13
27
93
44
8
35
30
28
34
66
4
10
76
53
10
25
11
85
45
92
61
12
26
40
60
66
25
28
1
63
44
6
23
48
20
20
13
21
58
34
13
107
6
2
12
14
1
53
41
25
30
21
8
4
23
24
30
107
22
23
23
15
32
23
25
75
15
51
17
59
59
49
9
85
40
3
1
12
59
80
10
49
44
38
35
35
40
26
44
55
20
39
7
80
30
28
28
13
52
9
41
14
49
47
10
4
9
2
30
49
3
13
59
5
9
9
6
12
2
15
3
31
10
44
38
60
82
21
28
43
3
16
29
14
50
87
74
24
2
14
17
45
18
8
49
34
1
28
6
31
79
37
9
33
58
1
12
50
3
7
37
5
31
24
5
26
20
30
75
44
37
7
11
24
5
2
30
43
27
28
5
9
70
8
76
11
4
7
20
19
52
90
44
7
36
3
20
8
11
21
37
10
7
21
54
30
4
24
50
58
44
69
20
36
3
38
20
24
16
54
6
63
12
32
4
23
20
28
7
30
101
9
9
52
13
28
75
37
12
38
38
23
29
40
47
20
28
30
32
16
46
32
51
47
25
34
12
9
21
55
40
12
35
25
12
8
70
3
18
8
57
47
60
1
42
60
11
8
27
14
35
41
26
18
41
39
15
52
2
33
9
16
2
19
25
62
27
21
8
49
2
33
67
6
12
66
26
46
36
24
25
30
18
39
9
15
53
9
19
48
3
14
25
24
19
52
22
6
66
50
35
19
17
14
17
7
26
45
27
56
4
28
28
18
62
7
36
7
25
37
25
9
14
22
56
9
20
30
50
35
26
80
33
0
7
34
26
7
80
30
11
60
32
43
19
14
14
57
20
28
4
25
2
28
1
3
17
26
3
47
32
32
43
21
17
24
8
18
16
55
26
7
46
21
1
27
38
62
17
21
51
11
42
3
13
32
19
35
35
29
49
4
21
14
31
3
63
32
13
29
28
68
68
36
8
10
14
54
8
26
7
8
0
29
10
2
25
51
16
20
26
31
13
5
16
2
74
59
26
22
16
33
5
39
46
1
43
1
28
0
30
34
52
10
62
5
64
17
4
18
16
23
21
24
23
23
7
25
2
28
39
6
26
26
14
29
24
20
24
7
5
9
53
5
26
39
5
19
35
3
35
55
41
8
40
2
13
31
20
16
5
38
6
33
37
30
25
4
64
39
13
2
20
6
10
12
14
44
23
14
30
22
8
52
17
15
13
36
22
6
34
37
15
32
25
32
16
48
12
3
26
36
13
33
16
18
12
7
23
2
28
43
17
1
17
1
15
47
4
10
48
40
9
6
23
43
21
35
47
8
1
11
4
45
37
24
6
6
6
1
2
29
19
37
11
6
42
52
18
24
52
5
63
1
2
19
16
8
56
11
10
3
9
4
49
2
9
28
39
54
32
48
5
6
15
12
21
11
4
15
31
31
19
35
1
23
52
15
47
1
21
12
38
9
30
30
5
3
1
23
14
68
44
31
44
24
41
18
10
8
18
18
8
30
26
1
36
3
17
20
7
8
22
8
56
20
7
5
30
38
30
36
14
7
22
12
1
28
13
31
23
5
32
24
3
17
20
25
27
6
54
63
0
34
17
50
50
16
4
10
12
6
10
13
36
1
3
2
32
31
20
8
30
36
66
7
6
35
55
13
25
22
14
13
31
59
21
12
29
4
13
7
2
4
21
17
11
0
15
20
39
22
27
8
16
6
0
17
25
34
53
7
10
10
18
24
4
5
19
9
46
40
24
28
16
2
1
1
13
2
24
41
2
5
30
22
9
13
21
67
12
5
33
14
5
23
30
26
13
22
38
2
8
67
8
1
55
2
20
38
18
33
10
8
18
11
36
49
33
21
4
28
19
11
9
5
13
28
11
16
22
1
0
30
10
8
10
2
11
3
29
12
12
26
25
5
4
18
34
18
3
17
45
56
20
7
49
22
14
6
2
4
44
4
14
7
19
19
10
17
10
1
22
3
11
9
15
53
45
12
8
30
5
16
20
21
36
50
1
14
17
10
51
6
29
22
14
26
47
22
4
1
8
10
4
7
10
24
28
18
1
8
12
32
18
3
15
14
4
14
28
28
9
38
12
38
14
3
1
7
2
11
21
1
26
10
14
42
20
31
5
14
1
4
8
19
56
6
2
34
9
3
13
36
17
29
12
0
2
8
9
24
20
25
13
17
14
9
21
1
3
1
10
19
8
11
14
24
5
2
17
19
17
30
27
20
7
15
15
17
16
4
17
2
4
45
17
0
2
5
26
16
7
4
26
24
13
19
1
17
24
25
6
5
10
18
16
24
8
2
39
2
2
20
10
25
16
2
13
1
7
1
15
11
1
6
8
28
7
7
14
25
11
21
12
3
22
35
12
22
7
2
38
16
7
21
21
5
7
12
22
11
34
2
11
26
8
18
3
6
12
1
3
6
1
5
17
22
13
9
1
15
30
2
23
46
12
0
9
10
4
1
18
9
26
32
34
4
15
13
30
2
9
2
14
5
28
25
6
4
29
5
4
16
7
15
21
9
0
4
37
12
20
3
35
10
22
7
33
4
13
6
8
8
15
12
8
41
4
9
18
5
12
3
8
7
5
1
8
2
0
7
20
19
5
9
31
2
2
8
17
19
7
1
2
20
3
2
5
4
5
19
5
6
7
4
6
13
10
17
27
11
11
7
5
27
6
11
0
6
4
17
7
7
5
2
2
2
8
15
16
0
0
17
7
18
11
8
1
21
19
15
2
8
11
10
6
4
6
2
2
13
6
0
19
6
2
9
9
2
1
5
3
1
25
31
3
1
23
1
6
9
10
4
7
3
7
1
1
4
6
6
14
4
13
3
17
6
6
4
2
1
10
18
1
19
8
1
12
10
8
17
3
8
7
2
3
2
2
3
9
5
4
11
3
13
16
3
7
2
7
6
4
1
3
6
8
7
5
10
0
12
9
7
2
7
1
4
1
5
11
4
3
5
5
9
4
1
2
11
1
3
0
6
1
5
5
0
5
1
4
2
1
1
2
0
4
0
1
1
