27
23
17
37
2
12
49
53
7
17
49
3
21
10
80
11
50
17
13
53
25
108
25
12
18
4
17
26
64
13
24
19
24
17
1
9
6
30
16
32
30
15
40
5
19
7
100
61
30
58
60
13
15
47
37
32
31
23
10
74
40
102
11
22
7
14
40
18
27
19
5
43
26
28
45
47
36
15
65
23
46
78
57
10
45
53
4
11
4
79
32
13
21
62
18
5
43
19
5
65
37
32
81
18
9
67
58
8
20
66
48
50
76
27
1
27
20
81
42
49
2
32
17
17
13
42
45
10
88
44
27
0
57
10
84
26
12
63
49
25
20
18
33
68
22
41
1
30
23
25
29
11
9
75
28
21
59
8
45
15
38
26
5
31
87
81
18
11
50
1
10
47
55
3
17
19
27
76
11
31
28
40
35
14
34
29
59
51
23
6
39
37
23
12
2
9
66
18
2
58
85
18
64
36
17
32
7
35
23
34
45
60
8
13
40
61
14
10
10
17
2
14
8
22
34
2
31
8
13
27
20
43
77
43
65
44
16
66
10
30
35
35
25
32
4
17
66
61
19
57
45
56
39
2
2
58
44
20
34
31
122
32
8
77
50
76
17
21
43
20
77
33
13
30
99
31
7
5
17
2
20
47
45
13
2
22
18
30
10
8
49
14
62
37
62
68
110
40
34
38
55
9
92
31
96
74
27
42
14
6
65
24
39
66
30
42
67
27
27
46
87
10
88
51
30
4
35
47
44
36
21
19
80
55
70
48
0
1
14
32
15
35
9
17
73
20
44
57
53
67
6
125
52
5
42
72
55
23
24
32
37
41
14
17
29
54
50
15
13
36
38
8
68
84
4
23
62
49
11
56
31
15
15
14
25
14
28
2
41
27
64
14
73
67
41
111
40
81
42
66
15
74
54
39
12
42
96
23
15
26
89
4
10
20
65
5
28
56
15
10
33
103
45
39
80
7
2
17
26
61
40
45
25
6
15
7
23
53
13
97
85
46
3
15
6
39
22
104
5
18
9
32
52
16
7
36
38
20
5
23
5
9
41
17
23
66
41
32
46
9
1
25
54
15
45
6
15
10
36
109
0
52
57
19
36
52
56
8
40
8
28
10
66
0
6
19
44
23
64
27
35
58
63
59
11
11
1
4
56
66
61
41
46
21
20
26
29
84
21
17
11
24
66
13
33
12
53
60
24
18
63
1
24
47
0
39
38
16
28
50
2
28
21
17
50
5
14
124
7
35
85
10
23
14
26
44
48
43
18
24
36
13
18
17
52
36
44
5
14
36
2
65
17
50
9
85
49
32
14
7
18
8
69
7
89
68
16
15
8
7
12
10
53
41
109
33
53
25
24
56
25
47
36
15
27
60
2
7
59
10
28
32
59
14
7
10
10
66
3
16
23
0
40
11
20
14
13
61
18
13
38
7
9
53
49
18
19
5
41
74
18
37
1
65
27
6
32
10
11
23
4
32
32
8
59
47
65
24
23
30
6
16
29
4
22
25
6
43
30
1
8
25
21
19
68
45
29
14
11
48
49
4
36
95
32
60
12
60
15
20
6
13
33
26
21
45
9
45
42
24
18
75
22
34
1
41
34
12
41
27
11
50
2
12
98
41
10
18
5
12
40
45
15
26
22
25
6
16
34
9
42
37
59
17
1
16
39
25
48
12
37
0
45
38
10
37
1
30
69
38
34
12
10
25
5
28
41
1
12
26
26
31
5
28
44
51
44
128
13
81
46
99
28
8
6
64
46
7
34
35
13
17
23
77
19
49
12
24
25
73
2
24
55
43
8
70
74
18
50
1
47
23
42
51
3
6
0
50
51
20
51
42
46
30
72
16
69
46
12
24
12
6
4
22
1
16
53
23
9
22
10
43
10
1
35
7
22
70
3
36
48
58
57
5
11
25
57
24
1
1
17
17
1
30
60
21
70
16
6
23
46
37
2
67
54
22
25
30
9
37
82
26
26
83
37
21
29
60
7
58
45
20
25
34
18
64
30
6
25
11
2
24
52
49
10
20
17
3
8
73
69
24
30
2
50
17
96
5
3
46
29
18
21
6
10
86
42
9
8
17
4
64
43
20
59
7
41
55
13
21
42
20
9
12
12
7
35
24
74
11
7
3
11
22
64
25
58
33
58
29
15
17
0
64
36
6
56
55
17
23
19
8
58
23
14
24
5
19
51
10
33
41
81
11
6
66
11
13
29
6
0
6
43
14
15
51
10
22
12
3
24
5
50
97
37
3
19
19
41
71
5
36
14
2
23
27
12
33
7
82
29
55
49
15
19
53
16
57
1
66
61
33
3
25
35
34
33
6
14
11
18
1
15
23
32
11
44
18
25
18
5
53
25
46
15
37
5
26
37
50
13
35
30
85
20
29
36
63
32
37
9
26
42
80
14
27
10
11
10
5
45
7
11
5
11
6
3
20
35
17
46
53
23
33
11
62
34
24
42
29
25
78
38
34
1
7
8
22
6
15
51
30
52
14
55
18
38
23
7
37
71
49
4
26
37
2
84
38
3
12
51
38
33
25
0
16
30
57
46
24
8
1
1
23
43
13
21
24
9
6
66
5
5
99
21
51
30
5
81
37
8
51
12
3
7
13
14
36
4
17
40
43
25
3
61
40
19
40
12
30
22
24
6
6
31
56
16
36
1
16
35
2
23
8
12
16
51
81
39
32
20
49
56
7
30
51
32
69
9
8
26
1
39
15
29
60
7
4
18
38
4
54
8
74
1
2
11
21
39
31
4
24
39
29
56
72
35
26
19
48
38
3
59
35
22
53
0
17
28
21
33
30
23
11
7
6
3
17
40
37
19
4
7
21
40
23
21
15
47
8
4
3
39
16
21
4
56
53
39
13
32
20
18
4
12
17
24
17
15
13
8
0
12
17
0
49
9
28
24
61
6
40
4
32
69
51
21
49
1
77
6
8
46
0
12
5
17
34
33
22
34
3
17
12
61
13
11
18
1
41
22
38
23
38
55
17
34
14
22
28
7
8
5
19
10
14
37
1
1
51
25
37
41
1
11
9
41
0
14
38
41
13
28
51
7
15
26
12
7
3
48
18
36
19
2
19
16
49
15
20
26
39
45
18
23
28
9
7
15
20
6
20
12
79
16
8
11
23
30
21
60
20
51
12
31
40
27
17
34
25
1
16
8
27
23
11
29
19
37
83
2
22
63
34
1
24
24
10
18
14
27
21
50
16
22
7
27
34
19
12
26
36
10
41
4
9
15
15
4
24
30
21
41
12
46
29
26
16
24
43
12
28
2
5
5
10
37
0
10
31
43
1
3
29
21
36
0
21
13
76
33
0
58
11
59
6
6
29
52
12
7
3
56
15
2
5
30
6
9
12
3
27
1
28
43
31
1
2
22
40
28
5
6
22
7
11
19
35
1
20
4
20
30
9
30
56
1
5
12
42
7
33
12
1
3
20
17
4
26
51
13
21
8
10
38
0
4
32
24
29
39
17
16
22
9
31
46
16
9
0
10
1
1
34
1
45
12
24
12
22
40
5
33
9
60
1
8
10
32
51
15
25
8
32
7
28
15
2
41
7
26
52
23
19
38
43
37
27
27
12
57
8
9
15
5
14
2
10
9
17
16
42
9
15
0
70
13
26
6
7
12
9
13
23
11
12
43
29
3
22
14
29
45
75
7
7
13
3
6
31
18
19
10
25
24
42
2
2
9
11
43
25
21
2
31
14
5
24
6
5
3
11
7
16
5
12
20
5
5
9
4
11
19
37
6
36
6
6
5
18
1
9
30
9
8
4
5
41
5
51
16
5
4
28
24
28
7
10
17
22
5
8
31
23
62
25
41
2
14
4
38
3
28
49
2
5
17
21
7
22
24
10
21
1
13
13
24
5
24
22
16
14
12
1
15
22
61
5
40
10
13
6
12
27
50
45
6
27
40
13
5
17
7
14
11
3
4
3
35
16
15
21
33
8
11
22
35
6
8
21
19
21
5
30
19
10
3
11
34
34
8
18
18
47
13
18
30
42
7
27
9
0
6
24
12
24
17
17
0
5
12
8
3
39
2
20
43
13
26
31
27
12
16
13
36
25
36
28
1
18
19
37
14
8
0
18
0
12
1
9
12
15
40
16
24
25
25
4
17
14
8
3
47
14
12
6
24
26
21
1
22
17
45
20
46
26
9
6
19
24
23
3
3
15
2
1
41
29
7
1
3
13
7
15
0
23
15
2
15
3
32
16
17
11
14
2
21
14
2
15
36
5
1
11
12
10
4
13
4
3
20
9
38
17
34
21
35
10
3
33
4
5
11
24
20
7
3
10
23
16
8
2
1
8
19
29
8
39
5
1
21
23
3
12
2
11
8
1
10
23
15
20
10
15
7
4
10
12
8
1
24
10
21
22
11
5
10
18
23
8
3
11
7
5
13
8
13
2
15
9
37
1
15
32
6
20
17
37
31
11
16
1
16
4
2
6
32
8
12
14
19
1
3
3
13
10
3
13
10
14
1
4
4
6
10
5
6
9
0
18
14
10
1
11
18
22
12
2
42
3
17
3
12
8
15
12
12
1
5
3
1
23
17
15
30
15
11
20
8
2
18
5
13
13
26
0
7
16
5
14
1
6
19
11
5
19
6
5
7
19
1
1
23
16
5
2
5
23
2
7
10
8
25
1
20
5
11
4
13
2
7
11
10
13
9
17
6
9
5
1
13
9
8
5
1
9
7
4
4
9
2
0
5
13
5
34
16
1
24
2
5
4
5
9
28
5
2
3
5
9
1
4
8
15
9
13
3
28
4
2
4
4
19
11
1
31
12
3
5
11
11
11
12
2
7
24
13
11
7
7
2
3
3
4
8
19
1
4
6
6
13
15
22
3
2
6
4
6
12
2
2
8
1
6
2
9
7
4
0
5
3
1
7
2
7
5
2
8
3
2
7
2
6
4
2
6
2
3
4
7
1
1
5
2
0
1
3
6
4
1
8
8
4
2
2
2
3
3
3
2
5
1
2
2
3
1
0
4
1
1
