10
19
32
29
127
1
1
60
46
32
4
8
3
26
49
93
12
1
12
24
4
35
13
28
12
28
20
89
27
4
31
9
25
35
21
30
34
26
66
22
14
3
6
47
15
36
33
49
61
49
28
33
51
6
19
80
21
15
11
63
4
3
54
42
33
29
62
14
71
25
43
12
10
72
27
26
30
115
15
54
52
44
32
8
36
83
3
20
39
10
9
13
96
54
39
76
53
66
12
35
43
68
72
41
81
49
17
37
29
11
2
69
54
6
67
4
24
23
25
131
15
76
36
51
53
38
64
90
43
38
35
7
10
67
73
6
12
49
62
87
11
57
42
11
9
3
35
73
35
3
24
8
38
33
2
2
23
39
44
11
33
44
6
26
60
26
10
53
32
58
14
42
6
58
11
54
43
17
9
2
120
19
17
21
100
51
13
85
6
22
0
111
32
24
32
37
1
67
5
27
56
27
84
5
62
8
70
57
47
7
13
7
34
1
25
40
18
32
49
18
2
8
67
52
7
39
27
54
26
12
0
20
26
69
73
53
65
75
42
18
29
8
28
46
8
3
31
4
29
14
28
19
29
55
20
61
26
11
91
34
35
86
22
2
81
36
4
19
69
26
8
59
30
67
9
70
7
20
45
161
43
63
45
11
63
66
76
26
66
36
30
82
25
10
0
66
58
0
76
78
56
5
29
24
13
31
59
48
24
15
69
21
4
7
5
6
33
82
11
21
51
13
23
52
14
46
62
16
7
3
45
6
1
19
29
75
49
15
31
39
17
56
40
65
63
10
1
13
11
16
12
22
107
17
2
33
25
29
34
19
10
15
86
11
1
7
24
48
21
54
27
42
8
71
56
3
33
81
11
59
89
43
6
20
4
25
0
31
5
79
42
9
6
75
36
0
4
56
56
21
26
16
41
12
65
42
55
39
15
37
25
26
10
26
7
52
19
37
7
53
14
22
38
62
10
31
122
5
39
61
19
139
13
39
29
34
5
29
13
79
44
22
69
100
13
29
5
18
53
10
9
63
1
3
39
50
36
104
30
20
28
1
50
7
17
12
111
61
32
11
15
28
56
46
51
15
0
28
26
4
16
6
42
40
77
63
31
33
84
66
61
17
20
59
65
53
23
32
14
58
29
15
7
9
58
2
55
55
11
0
24
49
52
20
51
42
57
57
28
52
111
13
87
2
50
12
43
25
1
96
39
16
11
37
7
41
30
5
97
61
0
3
6
16
66
31
112
44
72
14
12
25
84
22
42
57
31
6
26
20
30
51
36
12
4
28
10
67
1
70
23
40
90
8
23
5
46
49
7
13
1
48
0
24
100
27
33
98
100
47
12
5
70
90
1
25
42
41
48
16
50
14
7
83
4
6
18
65
56
64
16
21
25
44
15
20
15
14
60
52
48
29
69
2
8
19
13
24
26
21
25
16
15
84
59
7
8
19
10
35
37
20
12
31
6
45
5
40
21
89
58
9
77
2
24
37
11
68
2
26
58
4
48
47
2
42
14
40
47
27
21
97
19
12
40
1
9
20
54
51
34
18
16
5
2
4
4
17
36
6
17
42
17
53
58
16
16
35
36
1
11
32
37
14
78
4
4
24
48
29
49
68
24
45
20
2
20
7
8
16
23
24
26
70
20
21
67
50
25
11
19
1
27
14
23
38
63
14
43
72
39
14
5
41
21
25
39
19
21
50
35
13
28
4
15
19
4
51
37
53
13
39
37
2
6
41
30
19
30
6
38
21
0
47
21
9
5
31
36
75
29
24
19
30
68
64
45
13
1
48
36
29
16
39
33
94
18
5
23
16
74
25
35
75
34
75
54
0
18
24
39
13
10
1
43
28
71
1
1
36
67
27
47
16
1
8
22
24
49
16
32
38
35
24
38
12
27
46
50
31
25
74
41
5
8
21
4
3
21
39
18
24
24
31
20
85
5
10
37
24
31
41
75
80
21
13
62
54
24
13
12
42
54
21
20
16
39
0
75
39
22
66
36
2
20
49
22
25
12
10
26
61
28
1
27
25
6
27
19
50
39
34
23
27
4
19
35
66
63
81
5
12
27
40
61
3
22
24
34
40
27
20
16
6
16
15
27
5
19
38
36
5
48
35
38
10
8
20
4
39
6
53
26
13
31
49
68
5
108
27
17
32
16
68
50
61
28
1
47
9
27
29
31
60
57
68
29
19
14
8
19
6
41
56
3
61
27
3
18
26
18
17
10
56
15
50
23
31
38
19
38
1
17
46
33
33
1
42
17
41
68
38
17
29
5
3
14
1
28
28
10
51
39
32
3
67
12
34
8
15
31
42
27
12
7
6
18
39
19
23
24
40
59
28
32
23
50
49
24
15
35
19
1
5
21
19
105
22
48
45
43
5
17
29
61
5
6
28
1
6
13
22
26
21
63
45
5
37
19
20
4
24
5
54
11
3
16
95
12
69
4
69
37
28
15
16
9
26
10
10
7
34
24
40
27
44
51
13
20
41
30
25
9
15
24
57
2
66
7
3
10
26
53
80
10
4
30
14
27
0
50
11
2
18
20
40
45
25
41
44
15
22
23
31
19
28
28
84
24
18
14
75
8
21
5
38
15
24
10
20
11
45
87
30
19
5
76
47
2
7
37
6
40
23
22
13
3
22
19
25
31
30
7
11
7
44
17
49
4
36
44
11
11
1
15
10
69
35
43
32
18
11
24
8
6
41
6
16
8
11
5
37
8
26
31
81
24
9
50
8
2
4
72
55
9
11
17
10
27
43
5
20
50
31
21
11
2
36
31
44
55
35
24
32
0
11
54
26
5
2
37
10
22
10
2
28
9
13
10
20
30
42
5
21
28
43
2
9
4
18
16
43
14
18
41
36
24
11
22
20
6
0
82
12
21
58
29
5
11
24
28
11
67
17
25
70
24
47
6
5
12
35
16
41
52
23
27
24
1
11
38
15
52
51
33
40
5
8
71
13
61
32
5
7
0
40
4
58
44
4
21
1
53
32
50
38
34
44
2
16
8
92
4
8
29
62
13
10
19
46
1
48
2
21
15
22
11
13
44
60
6
26
18
29
38
13
32
16
8
27
36
30
30
51
11
72
3
19
38
33
8
44
53
8
57
1
13
52
27
8
0
21
32
25
44
56
22
40
13
46
31
8
31
26
4
14
24
3
47
3
27
57
59
17
15
15
22
17
5
33
45
0
89
25
2
15
6
15
62
17
5
69
31
19
12
56
3
24
3
38
4
38
64
26
34
9
36
10
11
5
30
23
25
40
49
3
47
21
38
11
26
32
42
14
12
50
7
3
65
34
39
31
3
13
7
20
18
15
47
10
37
36
26
9
14
4
23
25
16
1
24
15
13
43
19
29
34
2
3
19
47
4
3
5
15
22
28
42
27
37
33
55
35
28
3
42
5
7
31
20
7
1
6
17
54
51
30
15
48
45
1
36
4
16
15
18
42
37
50
26
33
29
21
4
21
13
9
8
26
12
22
8
11
22
2
19
18
11
13
35
9
13
20
1
4
19
10
41
44
7
36
22
16
7
3
12
22
6
24
29
12
27
38
20
11
37
7
32
13
44
32
14
3
7
3
9
9
28
11
12
10
8
5
34
20
8
21
8
4
63
30
16
11
8
15
30
15
1
25
38
10
14
8
73
26
7
6
15
38
10
34
13
35
20
38
1
16
50
4
13
9
83
3
28
13
28
23
27
3
11
31
23
18
18
5
15
37
11
11
6
23
5
16
13
28
3
11
9
27
41
22
9
18
23
3
13
1
14
5
4
11
21
2
6
23
19
39
15
9
34
4
15
8
2
28
11
10
4
22
9
18
20
15
13
19
34
15
15
20
24
12
3
20
2
16
12
26
22
19
14
7
9
13
29
17
12
47
1
37
10
59
15
28
33
10
6
43
19
11
3
3
31
43
18
7
63
15
36
32
25
2
7
17
29
5
47
18
12
6
25
7
31
11
14
11
2
4
11
28
1
2
1
11
3
17
25
21
42
49
15
26
49
16
25
34
38
21
9
25
18
3
40
8
13
22
20
18
24
2
11
3
15
18
13
22
20
11
10
29
3
27
4
5
13
15
5
7
7
7
62
1
24
20
19
32
44
1
34
19
23
6
20
25
17
10
3
3
38
16
2
38
2
17
8
12
13
1
27
21
44
49
39
13
13
0
6
35
23
3
31
9
4
39
21
12
3
17
14
5
13
8
25
8
5
43
15
11
5
8
31
5
6
32
22
18
18
3
25
17
22
11
44
28
7
2
7
27
16
15
5
13
9
57
4
4
7
11
8
1
32
31
3
19
2
8
42
17
11
2
2
14
11
6
26
18
37
23
25
4
30
4
26
6
17
20
23
2
8
34
14
13
22
9
12
17
13
45
29
3
10
20
11
41
9
1
8
19
21
17
2
9
13
16
0
4
59
6
27
4
2
9
28
4
1
18
5
40
10
13
27
14
17
30
2
13
14
23
14
8
6
18
3
11
11
4
7
20
13
5
9
10
14
13
2
27
22
5
7
4
14
18
25
5
19
18
19
3
2
7
28
23
10
1
6
3
3
10
32
29
6
10
6
22
5
22
9
7
5
18
39
3
27
17
21
5
3
5
2
7
16
3
33
12
9
12
8
26
11
14
3
24
20
4
4
25
24
3
10
2
9
8
19
22
8
25
1
2
12
7
14
5
16
9
12
2
5
1
29
8
20
13
30
2
5
11
5
16
16
6
6
11
7
23
17
0
7
4
13
17
7
12
4
11
11
8
8
8
9
5
24
10
6
3
21
7
16
12
2
0
16
5
0
3
14
6
3
15
1
17
5
22
5
9
0
7
7
2
9
5
5
8
3
14
7
3
9
7
18
7
0
5
19
12
6
4
14
3
6
6
5
1
4
0
0
7
5
6
8
4
3
3
2
5
6
6
10
11
3
6
6
2
5
10
13
4
4
4
1
5
3
11
2
2
0
3
3
6
0
2
1
1
6
7
10
2
1
4
5
4
6
5
3
3
2
0
1
6
1
3
2
1
6
2
0
0
4
1
1
0
0
