70
7
9
42
37
2
59
8
44
81
9
6
18
21
2
9
32
22
22
31
10
33
65
19
18
66
11
59
4
13
30
14
14
14
27
12
47
16
34
8
35
14
59
19
14
2
20
29
1
4
14
17
46
28
17
42
42
55
14
26
0
43
53
34
47
19
10
4
44
34
3
58
52
16
52
24
54
39
35
3
19
84
58
34
35
8
96
14
44
65
18
63
125
43
2
59
7
48
27
62
62
8
4
59
46
51
37
21
42
39
3
86
18
17
13
36
47
32
55
31
38
41
9
10
40
23
6
27
42
24
12
72
23
18
79
51
12
68
64
5
63
18
1
28
2
19
32
12
31
71
18
13
3
41
29
60
27
51
48
66
15
9
89
46
9
11
24
83
20
108
7
12
6
13
6
25
21
8
49
5
59
55
10
12
7
48
117
13
19
69
45
102
2
36
47
9
30
75
4
0
12
35
40
37
35
6
53
12
16
56
45
15
7
79
30
0
10
22
19
30
1
20
55
9
15
25
43
33
25
19
16
15
83
58
96
42
18
58
51
53
17
49
41
98
36
15
1
87
4
10
21
61
71
33
3
48
42
66
2
21
11
5
1
32
24
14
4
39
56
7
79
38
59
51
4
106
56
15
4
67
14
30
68
16
30
87
85
32
41
41
56
17
21
29
78
15
24
29
30
17
10
17
73
26
13
62
7
77
23
11
26
7
37
4
62
52
11
21
34
30
17
34
25
47
2
26
1
50
35
36
49
43
35
2
25
53
29
31
0
6
4
62
3
43
17
38
4
208
46
14
7
4
34
44
46
30
42
7
37
125
83
16
60
47
32
36
20
91
5
13
69
4
6
100
80
14
22
24
16
17
23
33
11
125
27
43
26
18
39
18
18
63
28
15
45
37
4
45
39
15
19
16
75
35
68
34
75
6
15
95
46
36
61
40
8
33
17
27
9
3
62
9
74
8
45
27
1
22
48
74
90
19
30
9
5
18
79
56
2
37
15
47
29
61
20
14
58
60
21
11
59
11
17
22
9
34
10
28
54
138
30
17
12
19
32
48
48
41
9
48
28
8
57
29
76
24
54
101
39
42
46
44
83
26
16
51
27
72
9
19
16
86
82
3
37
87
35
56
28
62
19
10
16
9
12
40
68
61
21
29
90
60
59
28
68
13
5
46
4
36
38
115
2
15
21
23
51
4
34
11
10
30
2
17
36
72
68
54
8
12
79
8
37
31
0
19
14
19
41
82
74
3
55
29
67
20
46
6
26
64
38
44
12
20
47
44
59
15
21
10
67
5
19
22
9
33
22
20
3
50
13
47
2
48
9
87
13
64
16
19
9
25
23
38
6
26
1
24
13
13
17
0
15
66
57
25
31
69
10
70
7
68
25
64
11
23
48
61
31
4
7
67
12
33
34
31
0
31
65
46
67
43
12
13
2
10
1
1
36
29
27
64
70
3
40
25
6
5
88
34
19
12
46
98
48
53
29
24
100
40
22
6
2
39
54
51
32
6
15
28
12
15
60
69
26
25
14
89
43
38
8
45
17
1
6
31
27
31
22
12
47
42
21
39
16
9
36
48
5
7
13
79
59
40
8
28
8
7
41
19
52
79
11
27
34
26
37
60
6
31
14
1
15
85
73
45
15
80
47
12
84
46
50
42
2
40
30
15
5
44
69
32
12
58
2
18
27
16
40
3
12
4
2
25
60
54
41
2
20
72
3
17
3
67
39
26
47
18
44
18
14
44
46
1
23
10
1
17
36
22
60
36
14
3
35
37
57
20
6
50
12
22
21
76
59
39
3
36
38
16
37
5
26
31
25
30
11
9
16
38
1
25
64
45
45
5
52
32
46
26
22
40
34
91
1
29
28
38
7
27
30
58
14
77
29
28
56
51
48
3
48
38
3
35
44
35
3
15
19
41
25
38
81
46
50
29
15
19
7
14
33
5
37
31
13
35
2
12
54
25
18
11
0
32
7
1
6
19
49
33
51
12
13
55
34
62
29
26
1
41
29
16
23
12
48
42
11
30
13
35
16
7
19
77
24
30
30
39
44
20
15
6
6
44
81
5
51
26
25
74
11
19
16
13
27
75
13
21
49
28
0
23
50
39
11
9
1
26
13
67
36
39
84
21
3
107
1
13
45
30
13
26
3
3
18
35
58
25
22
10
11
5
38
10
5
3
4
24
42
68
37
43
17
2
42
50
48
55
6
58
12
3
4
0
34
9
1
18
36
22
9
13
55
28
22
66
17
39
33
1
5
5
18
8
31
7
5
37
20
27
22
56
15
52
34
57
39
53
11
45
15
19
28
31
31
15
27
11
49
7
11
13
64
4
7
5
3
43
40
31
31
5
68
45
3
5
54
11
6
20
71
64
41
40
11
4
4
25
8
43
1
1
30
7
61
8
27
89
59
6
58
10
38
24
17
76
52
50
12
30
15
17
12
52
61
0
3
42
4
72
23
16
5
17
4
21
15
39
14
30
6
18
87
13
21
4
20
28
18
37
47
4
32
10
10
43
48
22
84
11
21
9
57
99
10
0
27
6
10
31
18
55
10
29
2
39
75
16
62
29
45
28
39
28
18
72
7
8
31
40
15
16
55
22
5
4
21
57
30
3
15
22
44
38
65
1
61
11
31
24
45
51
35
7
4
23
19
70
2
12
30
39
39
24
49
11
11
38
34
46
17
5
56
28
54
32
62
15
19
27
10
23
41
69
30
5
12
83
56
27
1
2
28
10
25
28
11
70
17
33
2
42
2
14
31
49
18
8
35
48
27
25
20
50
6
43
37
40
7
13
1
8
15
27
0
21
54
13
18
2
22
25
48
25
43
27
18
29
35
3
5
68
12
20
4
33
20
4
14
86
54
33
39
17
41
28
26
16
3
24
30
11
18
67
3
40
3
28
46
5
24
28
9
2
22
36
12
10
9
64
2
11
18
36
25
52
56
27
25
26
2
19
0
4
32
17
20
7
49
13
35
20
9
35
24
16
0
54
16
0
12
42
55
7
59
50
0
2
23
53
3
50
20
21
17
20
47
24
4
20
4
23
14
0
49
6
34
27
16
38
60
6
8
70
7
7
24
15
61
25
2
20
38
5
35
30
1
22
18
1
4
31
13
24
2
20
20
1
51
18
11
35
27
3
36
7
5
13
17
9
19
3
40
8
21
49
31
36
10
25
4
13
10
7
7
49
7
14
4
8
23
4
31
31
45
13
37
5
32
14
7
25
29
17
87
22
5
37
37
49
1
26
17
8
0
10
35
1
13
22
23
12
19
17
7
38
21
29
5
6
32
17
16
4
15
25
36
5
0
32
32
40
19
13
40
35
52
28
11
20
23
41
17
31
14
35
1
15
69
9
5
25
8
20
14
1
2
39
8
54
47
19
69
20
5
24
41
31
3
12
15
5
40
5
3
5
18
15
14
35
16
12
6
8
16
51
23
13
22
10
18
29
47
49
15
8
1
19
15
32
18
5
45
1
41
31
5
12
10
22
38
32
35
11
23
3
11
21
10
4
10
27
37
40
13
55
42
44
2
8
28
2
11
43
1
24
39
7
36
18
6
19
23
2
58
12
24
13
13
44
18
57
38
2
13
15
41
17
31
34
22
5
1
16
14
43
11
14
5
17
15
34
37
24
29
43
12
43
21
46
26
17
34
27
2
9
17
2
44
36
36
8
7
51
47
23
8
10
2
7
13
4
18
11
3
37
5
12
9
16
23
21
18
7
18
3
25
15
3
5
32
43
5
48
7
13
11
6
18
10
17
23
8
58
2
47
7
2
29
16
12
12
31
29
10
12
30
11
18
4
24
0
7
4
92
14
29
7
13
11
8
14
2
8
25
9
44
28
16
9
9
9
24
21
9
26
15
31
25
17
6
29
5
23
31
22
20
5
25
10
6
2
25
28
44
57
6
27
3
2
12
4
15
21
62
4
12
3
12
22
4
21
40
6
33
4
16
29
12
4
22
28
6
11
9
12
9
19
2
16
12
2
30
25
22
16
9
3
10
10
14
16
17
21
7
17
3
42
4
10
11
8
31
5
21
19
32
3
6
12
15
20
35
10
2
7
3
16
35
16
10
5
12
2
25
25
5
12
4
5
2
26
20
29
17
17
9
4
15
19
4
1
13
16
16
15
4
7
41
3
31
14
8
10
19
3
25
4
10
16
10
10
7
15
30
6
14
4
34
12
23
6
56
1
40
9
15
3
7
4
18
27
26
5
27
23
2
19
24
15
4
26
17
33
9
26
7
39
24
17
33
22
14
7
6
13
12
2
9
8
20
16
45
37
15
6
1
18
32
7
20
34
6
10
5
28
6
5
9
4
4
14
23
26
15
4
9
31
24
0
8
16
18
13
9
1
23
4
18
8
29
22
0
11
13
23
12
17
12
31
6
44
15
22
34
4
22
29
3
18
14
29
11
1
2
6
18
11
4
16
30
2
2
23
9
8
13
28
23
4
6
1
15
21
31
9
2
5
1
19
13
5
23
5
13
2
6
22
7
19
18
7
15
20
0
16
27
8
3
51
4
8
23
1
4
2
14
12
4
14
10
8
3
39
3
30
6
9
21
20
2
30
11
11
5
13
15
9
6
13
13
17
41
5
28
5
27
21
11
7
19
2
28
1
9
21
18
5
20
17
11
20
22
2
8
6
9
8
5
22
0
2
7
6
10
5
10
2
3
1
10
13
0
7
7
4
7
9
1
6
13
8
21
16
8
11
10
11
10
6
8
6
5
5
19
6
6
4
8
1
9
15
7
2
12
2
5
17
6
1
3
3
11
4
20
2
2
9
14
25
5
1
1
11
3
3
8
10
10
4
8
6
3
14
14
7
7
7
6
10
5
1
3
4
7
9
6
7
2
18
5
7
1
9
3
33
15
2
3
6
4
15
20
1
1
5
8
4
1
14
0
8
5
12
9
3
4
2
10
6
11
6
1
17
0
5
0
2
0
13
0
0
0
6
0
2
0
3
5
4
2
6
1
9
2
5
1
4
4
6
1
3
6
7
1
2
3
1
4
6
1
2
0
3
0
0
1
1
2
0
