3
4
50
8
34
26
4
6
1
51
4
12
8
37
2
62
41
17
14
26
10
7
4
14
2
41
2
17
4
12
33
2
7
65
66
107
42
14
15
12
51
7
16
1
37
35
30
39
90
110
15
67
5
51
25
26
6
28
14
0
46
34
6
13
8
58
22
54
31
54
106
18
51
37
46
40
14
3
35
41
34
59
11
19
40
12
27
18
66
49
24
72
9
44
98
59
41
27
59
68
3
62
6
28
43
21
14
36
6
22
53
29
11
49
14
40
71
12
47
6
24
9
46
27
2
54
21
16
74
3
4
35
115
99
52
41
15
10
37
66
31
25
27
40
3
78
64
83
15
69
25
22
17
27
28
14
26
47
42
39
53
58
14
54
45
48
11
30
52
33
75
22
5
28
28
3
168
110
1
18
28
46
20
2
70
10
29
61
62
28
1
31
47
72
34
5
22
11
1
13
47
13
21
47
52
50
18
7
5
3
12
14
40
49
30
53
27
6
14
89
17
17
4
29
8
16
8
53
1
8
91
71
47
8
64
6
40
74
24
8
9
8
16
50
54
71
38
47
29
52
29
19
1
37
12
9
14
56
20
40
0
16
26
64
20
32
21
56
18
34
19
113
9
30
2
6
40
41
4
12
23
34
1
8
36
18
10
22
42
37
20
31
13
26
35
113
18
85
84
35
19
40
58
96
62
12
30
58
12
84
8
37
17
26
29
11
43
35
14
78
26
34
5
93
54
34
24
24
39
89
11
22
29
8
28
23
65
10
0
13
13
1
12
19
12
32
41
55
14
21
18
30
4
8
23
54
34
43
87
1
22
63
8
34
64
15
6
74
7
60
7
28
39
31
37
18
27
4
1
4
45
49
11
34
45
53
5
67
34
13
6
7
145
13
16
69
11
30
24
92
43
17
66
28
38
8
11
10
7
14
2
7
23
24
55
46
42
9
42
27
76
19
34
2
13
11
62
7
51
61
10
19
29
0
26
18
23
14
95
95
67
6
24
31
65
20
50
26
54
24
51
1
128
5
21
65
15
105
67
13
10
34
13
17
45
38
80
47
13
28
65
64
40
54
18
94
41
11
4
35
23
67
22
7
17
22
3
50
42
61
36
33
2
9
23
50
15
8
59
53
66
38
15
36
22
26
27
29
23
7
41
2
38
51
10
14
27
56
64
89
12
25
22
12
36
25
18
24
37
43
66
16
14
14
41
63
13
27
73
34
48
16
46
25
41
8
55
9
33
14
48
56
75
73
4
74
44
18
37
5
24
26
40
23
3
59
11
7
9
31
39
15
5
25
50
22
77
28
14
9
52
83
7
41
48
44
53
42
21
51
7
50
14
23
21
7
38
4
13
74
23
2
30
17
26
20
44
46
11
23
30
19
31
48
11
25
22
23
26
3
44
3
1
22
33
32
22
22
68
18
67
31
61
22
44
21
41
9
1
10
30
31
12
84
21
14
29
39
69
42
37
31
39
14
2
9
28
42
66
15
3
32
20
11
38
56
31
72
17
67
39
23
35
60
6
32
64
44
22
113
4
57
6
80
18
16
20
24
41
28
54
31
4
29
52
23
78
29
39
33
12
6
17
26
1
7
1
15
38
15
18
32
8
30
14
34
58
64
29
29
22
34
42
39
2
5
51
46
98
10
46
6
2
7
9
21
43
10
37
18
3
114
26
15
13
4
37
7
30
10
79
47
14
3
13
11
24
42
5
36
17
52
47
2
15
6
53
35
29
1
14
29
64
3
39
65
20
32
3
73
11
26
51
19
14
49
26
59
40
35
8
17
20
10
13
6
27
11
7
15
7
34
13
52
51
10
45
38
22
5
23
100
27
34
45
70
28
27
2
31
8
3
42
65
7
15
93
50
41
10
78
10
59
9
20
13
5
25
23
19
69
43
65
5
23
14
17
55
3
11
31
31
34
47
1
35
14
17
16
39
0
84
33
13
39
16
60
38
69
54
34
60
37
3
33
82
11
61
46
34
12
29
26
89
27
66
17
10
26
7
18
53
14
13
28
6
1
22
39
57
91
20
65
47
61
35
70
9
28
82
45
17
47
57
57
61
17
8
25
36
1
48
29
50
35
9
47
56
41
19
5
18
5
16
19
43
24
58
9
21
9
2
28
35
21
31
16
14
10
41
35
31
6
7
18
8
65
22
5
6
42
51
37
53
60
11
26
17
14
20
6
27
12
72
43
7
31
0
31
12
58
20
13
10
54
4
26
1
13
48
64
11
26
22
70
11
7
66
70
6
1
18
50
44
39
33
9
75
22
67
18
25
38
10
4
11
2
30
18
1
7
10
39
58
1
51
10
5
20
8
12
37
17
22
15
55
39
11
5
4
80
12
28
78
40
11
22
9
24
9
12
54
19
9
31
34
23
28
8
46
26
42
14
2
14
4
8
9
48
37
74
65
40
18
44
44
9
16
14
44
2
24
44
37
24
33
13
48
10
25
40
61
47
22
1
13
19
59
11
105
0
23
3
47
29
46
64
66
3
20
3
57
32
29
18
18
14
35
17
23
42
43
8
40
76
34
16
5
74
25
25
80
19
42
27
35
36
1
13
8
22
29
48
17
56
11
27
27
53
26
13
35
2
25
14
7
12
30
23
21
7
37
49
53
29
8
57
17
10
22
43
0
6
10
5
30
30
36
29
2
4
2
39
25
6
65
16
11
35
11
88
26
75
10
47
36
81
12
37
5
4
42
27
22
18
7
7
22
19
58
57
15
63
35
41
44
11
35
29
38
28
24
67
2
10
12
38
21
4
1
7
14
22
55
24
45
17
16
20
3
33
10
14
19
8
20
83
52
15
11
26
64
20
9
14
16
36
19
21
31
5
40
29
11
38
45
2
8
13
30
29
56
21
26
15
12
31
16
39
30
28
19
16
23
16
18
0
4
19
21
0
57
24
10
10
51
19
37
44
17
21
16
5
5
20
39
18
13
17
14
20
66
7
67
15
52
16
21
22
9
15
7
9
12
28
13
56
20
53
64
20
4
10
30
25
27
10
28
1
25
43
15
28
0
2
43
5
18
50
31
5
56
46
8
15
3
28
17
27
19
41
28
5
43
11
59
6
19
14
14
35
14
0
36
26
24
10
13
5
30
5
3
5
3
49
43
62
10
8
24
22
2
21
17
33
59
55
5
28
17
5
22
15
19
37
4
4
56
3
13
6
8
23
17
2
28
53
24
49
13
39
13
23
3
38
10
12
19
14
15
5
40
7
43
24
41
13
23
12
38
19
7
29
4
11
10
16
65
10
19
14
14
15
19
26
52
15
8
17
41
16
55
26
3
9
34
10
17
47
29
56
8
65
19
22
35
19
48
4
36
28
28
18
7
2
7
25
17
21
10
5
9
10
10
5
22
33
30
13
35
5
20
35
50
15
13
9
29
13
8
3
15
21
20
2
32
6
13
15
49
31
34
1
0
43
31
54
2
14
21
55
4
8
45
47
29
17
31
2
30
4
10
1
5
3
33
13
16
20
51
7
38
14
12
9
68
17
24
17
5
16
5
16
14
40
5
4
5
45
20
16
32
10
53
3
23
20
45
16
8
22
39
51
4
16
7
16
11
31
21
16
14
19
27
33
33
8
10
40
53
23
28
38
20
20
6
6
18
53
34
12
1
18
16
28
54
10
1
10
18
38
47
37
32
9
37
22
13
28
34
6
38
3
38
7
28
29
9
20
5
29
21
33
1
30
55
35
5
31
44
42
32
1
16
8
31
22
15
37
8
4
34
23
32
2
15
24
18
36
2
64
26
17
11
21
13
61
54
16
6
2
40
25
6
2
31
28
7
19
19
15
17
45
17
15
35
9
1
38
19
1
1
9
5
16
8
33
4
40
5
35
2
21
11
2
26
1
6
12
16
28
10
3
9
20
24
2
10
0
16
27
52
14
12
72
2
6
22
0
13
24
15
32
16
1
10
24
22
8
9
13
2
22
9
7
8
17
7
8
10
17
12
32
17
36
5
37
26
24
16
12
8
38
5
10
24
11
17
7
3
14
3
6
8
2
14
19
20
5
16
19
5
22
9
23
41
88
13
32
13
33
3
30
22
9
23
31
12
11
38
1
10
22
11
1
14
27
2
19
1
19
5
16
5
50
38
45
26
24
19
3
23
29
19
24
19
11
5
3
1
24
13
25
20
13
0
0
11
29
10
1
16
18
2
40
5
6
9
36
19
21
19
13
0
5
0
5
25
25
13
15
1
4
12
23
15
10
13
21
43
38
7
28
20
10
41
4
4
24
10
20
27
23
17
11
35
29
7
16
16
11
0
3
1
15
3
6
34
27
12
15
15
7
15
16
9
29
12
20
26
6
24
3
26
25
16
19
19
14
14
9
14
16
3
26
3
23
13
15
11
25
28
12
14
17
11
9
14
5
14
19
4
19
13
34
11
26
1
3
41
20
40
10
23
23
14
43
7
0
5
22
4
12
25
16
8
3
21
7
2
40
6
40
7
15
7
17
17
16
12
6
12
3
8
7
0
10
0
10
37
9
22
3
21
36
6
7
3
8
8
8
18
13
13
2
17
23
23
5
2
5
23
2
16
16
15
22
9
10
16
27
4
10
2
5
1
8
32
16
11
26
14
23
0
16
12
13
15
21
24
6
10
11
2
24
8
10
15
5
1
23
33
24
13
3
2
24
18
2
7
11
1
8
7
12
10
6
9
1
16
5
32
30
5
10
16
1
3
11
5
2
14
1
5
2
14
0
14
11
7
3
4
31
1
0
6
6
16
8
12
0
8
4
4
1
26
4
6
14
18
8
26
15
10
6
11
1
0
13
1
4
15
8
9
12
10
2
16
14
7
1
5
8
14
4
1
12
9
14
9
11
3
5
15
6
15
7
4
23
28
7
8
3
19
9
7
1
1
7
6
4
9
1
22
4
2
8
1
35
2
16
4
2
4
3
8
4
8
12
6
1
13
4
1
6
12
10
3
4
16
3
7
5
9
13
7
1
10
11
8
1
2
6
3
1
16
4
3
15
8
4
1
1
7
3
4
8
2
6
4
2
1
5
1
8
4
5
2
2
0
4
1
4
1
1
1
1
0
1
1
