35
8
5
17
48
50
22
19
39
92
12
10
4
38
3
12
13
15
82
0
23
9
18
6
8
8
18
22
32
29
5
66
9
9
24
17
30
1
30
16
62
58
4
29
4
37
46
39
56
15
1
26
43
25
53
18
24
42
26
99
15
48
29
35
26
28
54
11
15
97
19
21
108
62
37
9
38
84
17
11
47
33
19
8
8
2
60
15
22
55
59
31
4
26
1
79
46
44
33
37
7
38
60
0
65
61
42
33
98
22
36
20
27
32
6
27
34
46
59
19
63
10
30
6
4
95
20
38
4
60
7
5
78
28
13
97
42
5
18
69
28
21
80
25
23
36
31
34
12
109
64
63
23
34
17
49
13
9
64
5
24
12
83
16
21
44
47
28
59
32
13
60
14
24
4
41
47
15
25
9
26
24
58
69
29
22
10
80
3
6
22
61
25
68
5
51
51
13
26
17
10
55
8
26
51
11
90
74
68
27
43
18
53
49
51
69
14
49
45
104
31
4
4
38
44
12
0
72
53
61
15
26
45
1
15
84
59
32
40
31
55
1
117
16
32
74
38
8
20
2
17
3
4
82
43
61
21
20
2
15
66
3
66
85
1
112
63
18
11
28
40
73
17
18
74
119
44
30
4
4
35
90
14
33
12
61
14
2
67
33
43
47
1
53
41
42
45
8
6
13
19
30
41
5
74
17
14
6
6
16
26
14
70
64
40
12
49
4
45
120
18
15
59
40
12
50
9
73
48
42
87
7
23
35
11
61
16
27
43
34
21
96
1
85
10
95
28
15
40
11
0
68
1
44
4
31
23
59
12
7
4
40
5
68
105
127
3
36
74
30
17
13
44
33
6
72
60
22
74
7
4
39
40
24
54
25
38
31
56
42
0
8
30
42
52
9
30
22
19
73
68
24
1
6
12
18
50
13
91
74
49
100
9
22
40
23
15
43
62
11
7
36
16
51
27
18
33
6
14
21
41
52
11
31
19
15
69
12
9
24
26
37
10
2
63
11
19
4
13
58
52
11
14
7
50
8
8
113
38
91
19
8
9
46
1
60
4
39
11
14
75
91
17
124
60
39
49
17
68
7
68
79
8
69
21
74
65
56
13
85
23
31
48
0
36
42
2
10
30
9
27
51
22
70
10
16
49
10
50
3
54
33
37
36
51
21
59
1
83
6
40
70
25
33
36
45
7
46
2
2
47
55
48
94
52
20
33
14
47
3
62
49
105
32
6
60
3
29
5
5
21
23
17
53
34
42
21
55
22
14
23
66
35
4
45
10
31
35
0
28
50
12
17
57
7
12
15
15
12
34
27
14
52
72
49
44
47
21
1
60
11
13
35
83
22
2
29
100
50
11
5
15
54
27
2
49
34
59
38
13
2
26
30
17
5
17
12
43
49
28
16
27
8
26
56
7
5
10
17
36
29
30
48
67
31
7
10
17
14
5
40
56
16
53
29
26
12
15
24
33
75
10
17
10
56
32
17
45
37
31
54
62
8
44
46
29
21
44
4
34
36
34
25
0
58
3
13
9
6
2
23
31
8
9
1
4
11
50
55
5
89
39
82
7
15
12
1
49
30
48
83
69
21
62
45
19
58
1
74
19
62
10
40
64
34
2
37
104
80
34
18
24
75
3
2
25
89
2
30
22
94
32
79
21
28
16
5
46
37
28
47
50
38
27
0
24
14
45
12
9
112
8
38
33
30
25
39
18
36
71
28
27
4
30
44
2
101
12
36
4
28
95
21
61
71
7
87
42
127
52
19
30
14
7
69
52
33
92
17
0
49
38
54
21
37
8
24
29
59
11
44
31
3
53
21
24
11
89
30
43
34
2
19
13
56
67
15
55
18
26
2
18
34
28
37
3
17
53
36
4
28
24
78
79
47
15
1
47
10
26
17
11
4
1
13
20
52
26
77
0
48
44
30
39
42
78
2
6
52
19
34
10
49
62
17
26
6
52
41
21
17
0
56
75
58
108
66
16
21
75
42
33
6
8
16
2
23
35
103
45
13
50
43
14
11
36
22
85
33
24
2
29
37
73
32
39
44
19
10
31
17
23
10
18
78
2
58
48
31
16
1
9
36
19
16
22
25
2
13
32
23
39
37
27
38
10
43
118
37
31
40
25
20
58
2
19
21
12
24
60
45
20
24
12
28
31
59
8
18
76
16
7
44
43
37
28
59
29
8
27
7
19
1
65
57
5
12
26
35
30
6
30
22
8
21
4
33
47
21
26
29
37
55
19
37
33
40
57
23
14
1
42
36
9
79
22
47
9
9
21
13
20
80
11
19
57
104
7
18
1
72
25
22
22
11
73
3
13
92
21
46
46
5
18
56
37
3
58
7
34
16
86
16
19
57
23
57
63
1
17
24
33
5
1
7
17
8
80
35
30
62
2
1
56
10
3
38
84
54
13
27
39
13
28
25
9
9
17
11
19
46
3
32
8
42
34
7
28
47
22
19
24
13
28
50
8
0
20
3
10
12
15
6
26
35
31
36
27
22
45
24
27
65
31
11
27
43
0
37
5
25
46
8
16
22
18
82
55
7
3
24
9
29
33
74
7
6
16
7
23
12
9
9
5
2
22
5
57
28
66
3
48
64
53
92
0
11
18
13
46
67
34
8
5
43
30
25
3
40
9
11
22
14
6
18
19
3
7
11
28
15
38
17
9
36
46
16
7
46
9
42
6
34
29
2
26
8
13
44
44
82
44
12
3
25
22
28
23
28
2
7
6
25
55
61
13
7
2
38
31
26
30
9
38
1
24
8
11
4
42
19
1
18
84
60
1
16
36
38
76
35
29
3
14
9
5
13
2
22
9
2
37
5
13
10
22
24
22
32
5
37
2
90
2
9
4
6
50
25
27
33
50
31
47
11
11
4
40
11
22
21
16
5
0
16
7
20
59
34
27
8
18
10
54
20
17
18
48
54
36
29
12
11
15
17
24
24
47
4
19
42
25
28
16
9
53
62
22
34
43
15
3
35
66
11
6
15
28
17
22
12
52
35
15
60
8
7
23
0
6
10
8
26
19
29
34
21
23
40
10
15
0
9
0
17
36
27
27
4
49
19
5
15
19
9
33
54
11
4
35
64
22
3
47
56
6
76
38
4
15
21
3
26
30
43
9
13
25
1
7
20
27
11
25
11
31
18
20
3
36
42
30
4
8
19
14
64
6
12
41
18
38
6
53
18
35
28
17
1
15
51
24
0
20
19
61
31
42
13
13
6
7
68
12
3
28
4
9
10
10
6
39
33
57
15
30
43
12
11
52
14
13
25
6
29
10
35
24
22
45
2
5
23
8
15
44
3
5
21
6
53
17
19
22
84
31
0
4
6
40
10
7
40
32
24
3
45
5
47
23
12
39
24
11
21
28
3
11
1
12
52
19
1
5
59
33
19
11
47
5
13
4
22
20
18
9
22
32
36
48
26
2
39
2
59
35
20
37
19
8
17
6
25
6
10
40
32
20
11
23
48
37
24
7
10
30
20
31
7
27
45
10
12
29
2
59
13
9
16
57
31
11
41
13
18
16
11
24
15
37
29
3
62
10
29
1
8
12
9
9
22
53
63
4
21
14
18
32
29
7
28
2
3
63
43
21
4
43
0
19
11
0
19
46
3
20
5
10
17
19
10
36
16
1
4
15
4
15
45
10
34
36
28
29
9
0
36
6
6
10
31
37
6
9
6
25
5
21
30
15
13
11
4
59
7
27
13
36
25
47
18
14
2
60
19
30
18
4
36
11
15
18
24
27
12
13
22
26
2
4
57
21
8
14
45
38
33
53
46
35
1
26
9
37
67
4
8
25
27
22
6
11
21
18
5
28
9
20
35
25
29
17
7
37
14
36
2
25
5
78
9
13
3
13
53
74
19
13
48
13
7
21
32
2
7
28
12
17
8
7
13
11
6
3
18
54
11
11
14
22
5
19
21
3
10
10
5
3
10
48
1
4
25
21
3
4
49
29
21
9
8
0
9
60
15
4
15
21
3
36
21
32
33
1
4
3
9
13
16
15
19
35
31
3
2
56
10
7
4
42
10
29
36
25
17
19
10
1
6
36
10
20
5
18
26
14
33
29
39
5
6
13
4
6
2
12
41
68
7
4
18
34
16
40
7
11
33
32
19
30
18
4
11
7
5
2
3
4
28
30
3
11
20
29
43
11
31
18
3
23
32
1
21
9
3
1
14
5
26
10
33
2
18
35
3
6
34
22
12
5
43
25
14
1
21
17
0
17
12
4
15
20
9
32
25
15
18
4
18
16
22
4
2
32
6
8
10
13
19
14
11
10
26
11
33
3
32
8
12
33
38
45
8
9
20
6
14
36
11
41
36
6
4
6
6
10
3
11
31
20
32
6
2
14
10
6
18
38
5
3
7
9
10
39
16
2
1
19
3
28
24
11
8
24
36
17
1
22
6
28
1
15
14
2
7
6
2
11
4
6
31
10
13
23
12
19
8
22
6
21
6
10
13
21
36
12
7
17
2
28
2
11
13
5
13
6
13
10
8
32
25
18
5
6
22
31
3
1
13
7
12
58
23
1
13
17
12
1
1
25
20
8
11
11
13
10
15
17
15
8
1
13
18
6
4
6
10
9
10
13
19
1
10
13
7
20
1
2
16
5
12
27
10
18
7
2
6
15
2
4
37
45
22
6
22
26
8
12
2
1
14
5
25
6
15
6
2
2
1
11
1
3
12
4
20
10
16
7
6
16
24
6
3
10
1
6
1
3
7
7
1
13
6
6
18
8
7
13
25
3
12
6
5
5
1
12
9
3
6
8
8
5
5
0
9
6
16
9
11
2
0
5
11
7
9
9
7
5
8
10
6
26
5
8
3
6
7
14
4
2
2
9
14
2
2
1
4
12
1
9
8
5
5
7
1
7
4
3
2
4
6
6
0
8
6
11
2
8
5
11
9
6
7
2
8
0
7
2
4
13
16
3
8
17
1
13
8
14
0
8
3
3
1
13
1
12
0
8
5
14
2
15
1
6
4
7
17
2
12
2
11
1
4
4
4
3
3
3
1
15
2
3
6
8
7
7
4
1
1
4
13
5
2
2
1
4
15
5
11
6
3
3
1
5
4
1
1
1
1
0
