3
22
3
1
62
21
5
3
5
1
5
14
39
5
14
32
95
15
13
19
15
72
1
13
2
34
7
7
48
55
15
144
33
32
14
4
12
58
22
31
97
1
4
15
1
29
78
35
94
15
36
22
45
50
25
9
14
10
1
18
6
5
50
44
48
29
39
58
62
59
84
18
28
24
16
20
13
47
17
4
17
66
5
76
61
13
5
70
14
87
15
34
28
56
19
43
4
44
29
3
23
43
75
75
18
25
17
35
40
5
32
28
27
26
56
36
1
63
74
13
6
6
30
37
45
9
76
88
20
38
39
2
8
24
72
33
22
8
17
40
33
3
38
29
65
38
11
16
14
32
1
19
42
73
8
65
8
86
70
23
34
60
43
63
7
54
77
32
48
5
61
28
36
16
51
1
58
77
20
5
44
54
32
40
71
1
22
62
56
33
21
0
30
3
12
14
36
2
98
83
18
4
97
2
41
2
101
28
21
24
10
49
4
10
1
7
17
40
14
26
49
68
67
64
71
9
20
98
52
24
64
29
77
68
38
15
9
8
43
27
24
36
48
13
15
4
16
20
1
39
48
14
31
17
32
7
47
28
20
55
14
4
20
156
3
13
65
24
17
57
14
4
58
44
10
4
7
9
36
40
63
11
99
4
116
95
8
126
27
5
91
3
104
59
34
49
18
4
55
46
38
21
62
17
4
63
28
41
8
12
82
38
36
105
27
36
53
11
41
10
62
18
11
70
11
52
9
26
23
10
58
48
18
30
41
8
13
48
42
75
22
49
40
12
53
34
32
34
19
33
14
4
22
32
53
45
17
42
69
27
24
69
25
21
67
109
6
37
2
2
43
24
29
0
2
6
25
16
30
67
22
19
46
8
19
28
31
23
26
46
66
11
9
61
20
44
20
40
8
59
35
8
25
12
38
27
82
19
52
32
20
6
13
41
10
28
18
35
80
7
103
67
63
10
120
28
21
24
24
48
43
65
12
7
40
16
33
45
46
87
44
20
20
5
27
58
30
37
12
15
24
10
23
98
66
66
32
29
112
14
14
28
21
50
9
14
28
17
18
46
12
77
5
65
63
92
27
22
64
53
14
9
19
125
75
65
6
4
10
67
14
23
4
19
22
6
9
32
12
12
58
75
43
22
24
25
2
81
48
8
46
18
37
11
8
14
52
25
77
3
63
53
21
16
16
49
8
25
17
24
25
33
67
6
3
14
2
77
83
53
37
39
71
11
16
42
12
10
22
5
50
6
23
58
36
23
39
50
15
55
1
11
27
14
63
50
5
61
43
12
34
55
13
18
43
41
67
38
81
46
3
87
17
36
14
40
40
117
25
0
17
30
54
96
17
1
14
18
12
49
2
74
8
34
15
86
26
35
30
51
17
6
50
10
21
5
75
39
9
73
35
24
32
54
52
41
17
17
10
39
27
31
28
4
59
32
5
10
11
6
24
11
3
48
5
23
32
22
19
20
3
45
20
87
47
69
32
21
96
38
51
11
83
39
15
24
5
11
62
13
26
70
35
14
6
31
45
4
27
38
1
14
70
29
10
40
42
39
4
52
20
26
22
62
8
63
42
57
33
36
29
16
1
29
70
21
45
3
32
10
3
28
12
2
37
17
68
59
100
4
31
72
20
57
36
17
26
30
12
29
2
8
70
40
10
13
40
18
11
29
35
111
22
12
9
33
34
0
38
40
39
54
4
37
50
1
7
69
22
64
6
64
1
95
5
10
74
2
5
23
28
25
29
30
12
10
39
60
5
31
6
28
0
26
35
95
53
22
20
39
20
19
22
6
17
61
28
79
2
37
7
58
20
10
7
17
32
28
5
38
16
55
17
23
14
5
14
10
6
27
41
57
34
3
41
49
39
10
54
31
45
0
4
15
57
31
55
46
56
31
13
20
27
20
11
2
7
5
3
44
4
84
5
21
25
46
18
35
43
4
8
55
19
41
69
21
51
10
3
32
17
18
14
7
29
28
12
12
0
30
40
9
6
67
78
35
34
10
21
26
35
6
43
40
11
12
1
5
52
12
66
35
60
21
38
0
6
16
0
0
48
70
39
10
79
27
20
40
29
32
21
37
44
18
34
21
62
14
11
16
3
33
8
28
0
13
15
19
24
29
12
15
19
66
6
15
14
18
17
30
35
7
16
19
17
16
13
9
37
47
4
39
12
17
11
12
60
61
10
27
10
13
52
5
12
23
21
3
15
24
51
63
11
2
17
21
4
22
10
22
11
10
10
15
21
35
24
5
31
6
54
39
43
49
14
36
17
10
54
49
23
62
63
43
5
24
10
40
15
30
14
9
3
47
1
7
5
28
24
12
9
9
0
2
51
28
16
43
59
45
27
48
9
16
1
36
27
33
12
7
22
16
15
0
12
40
35
37
10
18
5
9
58
30
68
33
50
3
7
38
23
12
26
31
21
10
49
5
10
36
35
45
40
20
36
75
70
30
4
47
27
18
18
21
19
21
17
61
13
9
13
15
34
36
15
67
5
63
26
14
2
6
16
27
45
9
12
39
68
14
15
37
50
5
14
19
55
11
27
20
54
14
39
12
10
41
35
16
14
33
62
18
26
37
39
37
16
22
5
37
58
42
10
3
35
32
44
98
5
28
14
10
35
4
35
17
64
14
8
4
7
20
47
12
0
82
50
78
3
15
25
19
35
54
58
21
41
10
21
2
53
25
35
14
6
41
23
18
8
4
51
28
86
103
6
20
27
66
20
48
64
15
41
21
13
18
8
3
23
49
9
9
36
8
10
41
48
14
29
34
9
5
4
42
13
9
26
35
61
44
45
18
19
11
40
5
16
17
13
66
21
33
5
47
2
15
30
14
9
45
22
19
45
36
66
43
7
8
60
57
23
26
18
17
15
4
53
42
47
2
7
19
1
59
32
19
16
37
22
20
14
31
27
27
78
45
7
15
50
12
8
7
32
2
8
16
33
1
1
5
64
33
4
31
16
18
34
50
9
21
27
67
52
32
7
46
11
33
62
58
3
22
21
49
39
54
12
20
30
21
62
10
39
11
59
7
18
1
26
6
58
28
16
4
26
10
26
19
6
14
4
36
21
50
29
12
65
8
13
3
16
66
43
39
9
16
13
17
30
0
30
16
27
61
15
24
18
5
31
11
35
4
30
0
40
22
29
29
13
9
1
10
1
16
32
13
48
37
1
29
14
27
20
3
0
5
20
39
11
35
30
15
53
0
5
41
33
25
8
33
80
3
34
2
1
3
33
16
41
18
15
28
5
13
32
0
35
13
57
9
2
39
10
11
40
28
51
1
24
27
1
17
6
17
20
9
9
16
28
11
35
23
31
30
4
2
54
4
24
37
34
21
19
17
23
16
47
53
17
20
27
53
9
43
22
6
31
16
2
1
47
52
14
54
0
18
21
40
21
18
7
8
12
16
15
30
49
11
2
12
2
9
17
54
35
25
33
4
25
10
19
36
40
18
34
11
26
81
20
13
2
6
52
18
29
37
12
5
7
38
58
10
54
53
33
23
11
49
11
4
32
26
25
27
28
9
6
52
41
57
1
38
6
16
12
0
24
26
36
16
54
7
3
46
39
42
27
33
40
55
26
2
13
12
14
10
5
27
44
15
24
3
5
41
21
1
4
4
1
10
18
4
0
20
23
11
28
33
35
23
12
1
21
4
27
17
10
27
4
16
50
36
34
54
5
4
15
71
18
10
32
6
10
44
29
15
11
37
26
7
48
31
11
6
37
22
58
7
3
23
7
2
35
14
0
10
9
19
25
12
1
31
4
12
16
35
3
18
14
11
42
19
36
37
8
6
20
28
17
19
12
3
12
23
15
1
19
6
61
12
29
15
3
21
37
32
11
5
6
14
53
9
14
5
18
12
18
17
58
26
7
1
13
2
35
5
32
8
25
2
18
30
67
41
10
28
2
9
7
11
46
36
15
4
10
3
3
48
65
3
5
15
19
3
7
19
14
6
31
18
1
40
2
7
20
11
6
14
28
10
11
27
11
9
5
47
28
1
2
12
37
3
9
15
13
14
10
22
26
1
20
16
19
14
36
18
29
5
5
14
13
4
36
12
22
40
36
9
24
8
1
14
17
20
0
31
21
7
33
30
5
31
30
29
1
29
26
0
20
14
24
50
12
24
6
17
28
4
15
4
1
39
3
13
25
57
15
0
18
15
33
30
8
27
7
28
44
7
22
22
13
33
2
8
4
10
3
5
3
10
7
13
13
13
20
10
10
1
24
12
37
5
16
12
20
8
4
10
4
27
18
3
8
0
30
30
28
2
9
25
30
11
1
12
34
18
12
20
17
2
28
10
18
29
8
12
7
32
22
13
25
49
6
16
33
21
6
2
18
7
42
26
21
19
14
26
32
10
10
20
4
6
16
12
11
32
35
6
17
9
23
15
12
19
2
12
8
6
4
4
10
8
10
26
10
19
5
7
26
10
33
22
8
10
1
11
27
4
1
6
13
3
2
18
17
25
23
8
2
1
5
9
1
36
0
2
19
18
16
25
7
38
12
5
1
29
15
3
9
22
28
5
5
21
2
19
9
5
0
8
1
5
4
10
1
17
5
25
4
12
10
11
12
5
1
6
32
10
4
12
4
21
7
7
1
9
33
1
13
19
1
7
30
8
8
18
7
2
6
7
1
13
14
11
3
3
11
17
15
0
0
4
13
8
17
15
20
3
5
26
7
2
4
1
17
11
11
27
16
12
2
5
21
5
12
9
17
2
9
7
19
7
3
5
13
10
18
5
15
20
1
22
3
23
3
5
16
15
15
1
1
5
0
7
15
2
2
9
9
21
5
15
0
15
15
3
1
5
6
14
9
8
16
2
21
17
1
24
0
18
2
21
18
3
0
5
13
2
18
5
3
6
12
3
23
4
9
16
4
10
16
10
2
6
7
0
8
4
14
5
11
5
11
5
1
5
9
10
6
0
0
4
13
0
16
6
3
1
3
8
17
5
2
1
12
2
5
7
9
1
3
4
8
13
20
9
3
13
8
7
11
4
8
5
6
2
2
4
9
0
9
8
2
6
1
3
0
15
3
3
3
3
2
3
1
6
2
7
5
16
3
2
4
3
5
1
5
1
6
1
3
1
2
8
1
2
3
2
2
1
