21
18
3
19
21
38
3
39
41
7
8
31
11
24
25
8
4
15
36
17
8
100
20
29
34
28
62
12
10
3
15
23
28
30
0
60
101
39
24
19
77
34
12
26
31
28
22
4
64
1
82
23
42
28
12
11
27
53
31
0
29
47
51
22
38
62
10
20
20
38
26
13
18
38
1
20
113
37
11
18
10
24
44
83
2
21
37
69
23
79
11
58
7
59
23
65
17
11
12
10
78
10
40
20
21
12
76
7
31
34
18
77
68
48
2
40
52
32
18
44
84
13
17
49
9
24
64
55
13
29
8
125
64
102
31
4
37
27
24
82
18
33
1
65
75
41
38
75
18
88
7
119
72
81
8
52
3
30
18
110
73
104
33
45
61
34
68
27
17
14
137
5
40
6
138
2
17
56
30
35
26
48
47
38
16
20
67
39
60
12
70
67
46
46
8
8
78
34
54
4
31
92
25
72
50
11
65
4
35
35
40
17
15
37
27
40
16
0
54
18
70
52
18
95
11
26
55
33
35
68
86
30
32
85
53
9
51
2
22
64
71
62
22
36
52
39
65
32
38
51
3
65
54
9
18
32
45
29
28
6
89
5
70
33
22
62
32
12
36
55
4
9
56
27
28
14
85
81
15
16
49
27
38
10
25
9
41
40
75
10
32
32
4
51
13
18
43
33
16
50
97
33
84
26
10
53
49
51
13
5
30
73
10
63
53
10
49
14
8
35
96
57
44
7
115
40
45
20
14
39
7
2
125
86
4
27
3
129
46
22
10
26
86
52
55
39
23
11
5
37
31
26
74
31
16
18
24
60
12
44
8
42
3
53
35
33
23
21
4
16
82
41
55
62
9
41
93
69
51
16
34
12
14
42
60
30
11
18
18
12
81
59
14
25
31
32
64
2
8
82
62
31
46
38
59
68
27
59
64
49
82
54
38
34
12
64
51
10
1
94
10
1
13
32
10
53
5
43
37
34
41
96
40
42
65
12
20
58
95
38
46
54
29
60
23
61
94
7
48
70
24
8
70
41
4
23
16
12
42
29
21
37
5
16
16
100
15
105
99
59
1
16
74
7
52
11
12
51
33
30
65
20
25
7
40
11
7
14
35
16
48
26
43
2
24
36
85
60
14
14
48
19
64
95
11
73
13
39
25
11
40
22
11
109
46
79
58
70
51
5
46
33
25
39
15
0
56
30
19
19
21
30
38
8
3
45
3
137
17
26
23
25
5
9
16
13
4
6
24
4
48
49
22
31
78
18
30
48
22
51
60
40
6
67
4
13
9
24
30
42
39
89
37
33
11
21
22
16
91
54
40
52
5
20
38
14
22
12
12
63
5
7
24
2
30
15
38
76
45
18
17
52
33
87
16
50
18
10
4
40
9
6
3
2
1
16
11
52
39
58
8
85
28
33
3
121
10
101
66
8
4
8
29
74
10
46
33
30
36
10
40
12
21
1
24
7
10
33
16
22
45
58
95
13
19
21
5
131
29
41
31
13
68
11
19
20
42
13
2
27
126
53
21
34
7
34
68
31
49
10
15
19
78
62
18
45
20
74
96
17
30
3
41
59
10
35
29
17
7
41
10
76
16
39
37
58
14
23
51
33
21
30
5
54
36
14
4
40
53
13
35
29
26
7
2
28
32
27
9
26
32
14
57
14
72
36
15
48
32
4
37
74
17
27
31
30
23
70
86
6
19
33
41
7
75
11
4
18
7
30
16
25
13
81
50
33
32
54
12
24
7
48
11
27
48
6
1
20
4
8
22
38
66
45
71
1
41
47
3
12
23
12
54
75
14
15
31
8
26
3
46
53
7
6
9
33
44
0
3
17
2
21
30
35
12
10
45
44
35
35
4
22
19
9
27
61
73
59
31
1
1
29
27
60
40
7
26
49
3
4
80
24
2
47
0
2
17
27
12
22
41
28
49
3
9
41
32
15
9
39
45
15
17
59
44
19
33
0
12
47
31
2
43
40
22
5
35
33
39
3
33
33
16
20
56
15
26
16
55
6
12
6
24
75
0
19
4
3
34
10
84
45
40
57
55
8
24
32
72
59
8
47
31
76
19
6
78
38
6
54
4
17
23
4
66
56
18
8
41
52
20
6
50
39
29
60
35
12
36
44
71
20
34
4
5
11
89
38
0
27
46
5
43
17
16
2
28
51
28
21
9
74
15
32
3
0
8
8
61
10
43
1
95
90
45
18
25
48
65
53
10
80
2
31
15
11
45
20
32
12
12
7
5
15
28
29
13
9
35
58
37
3
5
61
42
82
26
10
55
15
3
19
11
91
60
45
22
30
10
19
19
32
29
65
24
27
14
46
31
4
16
23
10
18
31
33
7
11
3
23
10
14
26
9
34
39
55
16
86
13
26
23
35
9
36
22
61
1
82
27
39
18
9
15
73
18
26
53
23
14
4
20
5
12
2
70
44
113
25
11
0
21
2
50
9
7
10
5
24
59
34
24
7
23
15
8
2
27
64
31
11
1
3
56
13
14
11
41
59
3
28
13
15
5
32
37
37
27
22
61
5
14
8
30
6
25
55
2
9
64
19
10
34
1
4
1
34
47
30
24
71
1
3
4
63
12
31
19
1
36
24
39
52
73
19
31
5
1
17
32
33
78
9
47
9
7
23
12
45
34
8
12
41
38
85
6
22
19
18
39
25
40
26
61
25
18
20
1
43
0
10
16
76
50
22
8
0
4
27
34
1
91
26
38
14
33
19
22
10
45
36
12
15
46
32
34
23
25
40
6
26
4
10
17
29
66
4
20
16
15
32
80
10
9
19
40
33
37
41
6
23
12
14
14
39
7
4
19
30
46
31
26
56
6
19
35
40
24
66
5
11
25
25
61
10
14
37
1
47
38
2
47
5
8
26
12
27
9
32
0
31
23
1
13
14
21
28
45
0
91
34
29
8
32
60
34
64
18
21
2
10
8
9
27
21
4
51
2
89
54
21
42
1
14
34
29
43
11
9
35
6
31
0
12
25
25
29
59
33
17
9
23
19
27
74
42
36
35
26
5
55
6
60
14
8
28
25
6
32
12
114
28
17
12
62
25
4
1
53
67
66
28
28
20
6
39
4
16
5
29
28
5
34
31
29
16
9
10
56
4
20
17
34
44
36
14
55
9
5
1
5
48
21
31
28
17
1
41
4
46
32
24
28
13
3
10
4
12
42
48
43
4
6
17
12
16
25
25
31
35
27
39
6
17
21
33
37
29
49
17
21
6
42
34
45
6
26
4
14
22
59
49
8
42
16
10
8
24
19
57
7
37
1
48
40
18
16
58
50
6
7
0
19
19
19
44
14
30
32
39
1
31
24
32
6
12
33
15
46
42
62
5
45
39
36
8
34
2
30
3
11
12
27
23
17
4
30
0
0
27
68
42
33
48
0
41
15
18
32
55
26
36
4
36
45
2
18
23
6
4
17
17
10
21
21
27
4
13
11
22
23
20
37
5
21
35
26
0
21
22
11
0
15
10
20
9
29
7
37
2
42
12
4
17
33
5
2
18
15
13
22
12
84
37
5
19
32
36
78
21
3
6
16
29
8
14
14
9
16
32
12
59
20
4
11
11
10
19
22
9
30
8
69
22
33
4
50
22
15
15
9
20
5
2
7
40
20
2
30
6
22
10
8
24
22
25
36
9
50
26
25
44
26
0
15
13
52
12
42
22
6
0
3
15
14
23
46
35
15
4
4
2
26
50
28
12
8
19
31
27
16
24
8
35
31
1
34
8
19
10
35
19
24
24
29
18
36
27
45
54
7
23
13
31
33
11
10
22
2
17
7
15
12
12
38
28
19
6
18
19
11
1
11
17
14
14
13
41
24
29
50
17
5
12
25
7
11
10
16
22
21
31
14
14
1
1
14
14
17
14
6
42
27
68
5
25
4
3
9
9
5
3
4
0
17
24
4
54
2
0
44
20
1
16
0
9
11
5
20
31
3
5
15
17
6
14
13
9
3
14
7
16
4
15
11
49
52
14
8
2
32
16
22
2
65
36
25
12
19
29
16
22
17
1
9
5
12
1
10
11
11
35
4
30
32
7
41
2
21
7
13
15
5
20
28
20
21
1
20
14
11
10
7
25
6
21
14
8
46
24
16
14
7
8
0
20
36
18
16
19
10
9
9
35
25
20
22
33
6
24
12
1
9
9
13
19
14
1
10
3
12
4
9
4
2
9
20
0
21
13
6
13
3
10
31
14
19
13
20
0
3
6
22
15
57
22
10
20
1
8
16
3
1
23
1
15
19
31
8
29
3
7
2
8
5
7
4
10
16
5
24
15
12
21
1
6
16
1
4
29
9
20
14
18
1
6
41
10
21
4
13
11
28
7
21
4
6
9
3
12
13
2
4
23
15
0
42
11
21
3
27
19
2
11
33
11
7
20
27
12
52
18
21
21
14
26
26
2
4
16
3
4
4
9
24
5
9
15
5
20
16
24
11
19
11
5
14
14
6
3
22
15
36
19
4
34
9
9
17
2
5
3
8
0
14
12
2
14
5
5
3
5
3
20
12
4
3
4
13
18
4
2
33
2
10
9
10
17
23
7
21
10
11
31
21
7
21
17
8
11
2
17
11
43
9
3
10
23
9
3
12
11
20
4
25
28
5
24
20
28
0
2
4
18
18
14
1
20
15
10
12
32
14
25
10
21
19
20
1
6
8
7
17
9
15
21
15
14
14
7
22
2
7
18
22
9
9
17
15
1
15
7
12
16
5
10
15
18
9
15
0
21
36
7
9
1
11
16
10
7
13
18
4
8
24
3
0
3
10
14
14
20
11
9
1
10
2
13
3
5
19
12
7
6
25
0
8
17
8
2
8
5
12
2
6
33
7
11
5
3
2
13
9
8
7
10
30
15
4
13
9
5
7
11
7
10
11
11
3
9
10
6
19
9
13
8
13
7
4
9
7
13
10
8
2
9
19
2
5
10
6
6
7
8
4
14
14
9
7
3
4
3
9
3
1
3
4
5
14
6
11
5
11
18
5
6
9
8
4
4
19
8
4
8
4
9
12
10
1
8
0
15
4
9
1
0
14
6
2
10
8
1
16
1
1
2
2
8
2
12
1
7
3
13
1
1
2
8
1
7
3
20
8
3
0
2
2
5
1
2
2
4
1
0
4
1
2
0
4
0
