24
15
1
22
38
5
48
30
4
13
5
49
4
57
10
14
30
57
16
13
46
3
9
9
53
5
30
14
18
56
11
10
12
68
0
20
8
75
31
18
7
48
74
115
18
36
36
37
3
71
27
13
51
47
55
4
5
48
75
101
9
4
29
8
6
72
7
11
40
71
72
22
74
54
19
39
9
67
28
62
20
34
48
84
14
42
24
60
48
59
55
14
53
29
10
7
21
25
9
61
12
10
50
11
23
57
20
41
23
50
5
21
101
16
1
32
29
38
29
51
29
68
4
11
77
15
0
28
9
9
43
95
15
10
71
130
60
57
44
43
46
46
6
15
21
7
11
84
11
25
25
17
17
59
17
5
57
6
40
88
3
15
2
14
29
9
63
52
74
63
49
31
20
70
9
36
39
57
53
9
7
49
14
21
34
59
25
29
22
86
17
11
20
39
60
25
99
9
15
5
15
50
40
46
63
57
130
10
18
16
27
41
52
28
44
8
85
43
15
46
59
14
73
1
22
23
47
19
17
85
82
69
1
42
19
57
9
22
19
32
12
49
21
17
7
49
25
25
64
39
69
37
3
74
54
23
57
21
47
57
51
20
27
43
108
76
52
19
5
28
40
8
69
70
29
57
16
7
67
47
24
1
6
86
76
2
15
51
38
61
41
48
52
98
4
65
28
3
26
111
1
8
42
18
44
31
36
58
69
48
3
54
74
9
21
24
37
15
38
43
53
10
3
19
1
74
56
21
56
13
45
178
38
56
12
69
1
6
69
13
44
8
5
35
9
30
5
21
66
29
35
79
15
55
0
11
35
37
24
42
10
32
41
6
9
52
61
61
7
11
49
43
1
54
13
84
46
28
7
4
57
22
3
37
71
11
72
1
39
24
61
49
11
29
5
17
56
0
81
15
39
5
25
80
3
6
37
89
28
9
72
128
57
49
8
18
36
101
30
27
83
3
3
12
22
8
50
88
13
59
1
13
16
38
30
39
24
38
31
30
10
18
1
18
66
42
48
2
23
86
60
6
26
98
63
15
7
39
32
6
6
15
52
42
4
27
57
51
43
30
19
39
44
11
31
9
29
81
14
2
54
29
52
11
42
51
22
34
33
65
34
9
30
15
14
45
37
12
26
10
33
70
41
2
36
20
84
13
63
33
4
21
14
37
63
29
43
9
16
29
1
44
68
79
41
39
41
2
1
81
39
61
53
23
29
27
60
40
26
3
45
22
49
12
28
12
58
2
76
8
25
35
29
85
14
9
26
29
31
12
24
36
13
20
50
58
2
59
64
9
10
64
19
39
97
14
37
32
0
38
7
10
82
24
41
69
49
74
7
81
24
39
31
105
3
25
52
67
29
0
7
26
52
75
10
29
10
19
53
9
75
35
50
31
41
14
15
23
20
54
1
49
21
85
37
17
52
3
13
59
14
14
60
33
1
35
33
21
111
83
15
83
21
3
51
48
34
12
28
47
111
35
48
24
49
26
20
8
7
80
54
29
40
58
25
23
33
62
26
47
4
26
7
10
5
25
39
47
66
32
13
40
37
51
33
0
17
53
40
0
18
20
36
11
12
48
27
86
27
64
12
14
42
7
0
43
95
12
56
0
19
83
29
6
53
54
14
14
51
35
32
20
23
46
11
90
35
25
15
32
73
55
79
26
24
35
15
10
57
37
14
21
5
68
72
11
20
33
9
17
5
50
20
48
35
11
20
3
22
43
50
93
52
18
48
31
24
17
19
85
61
56
63
35
3
48
37
44
40
64
27
11
24
16
5
12
5
26
3
43
6
2
2
10
72
25
36
19
67
52
6
3
92
18
1
14
66
43
34
2
22
44
17
20
9
35
12
16
36
25
4
31
8
48
39
83
0
15
8
12
9
15
32
71
37
13
71
22
52
32
122
8
46
34
16
16
18
10
10
78
46
18
38
24
33
12
31
19
21
12
52
12
5
22
10
3
39
33
88
52
40
31
25
20
68
2
16
6
11
14
42
22
114
55
45
45
13
1
8
33
27
46
44
9
30
45
11
35
47
3
0
11
12
21
2
60
33
19
20
48
64
30
21
46
19
40
15
1
7
1
33
51
69
10
1
6
45
25
74
33
7
62
35
57
109
26
32
14
6
69
21
5
15
84
4
70
60
29
38
10
3
15
37
19
76
18
18
21
37
26
47
0
1
22
27
16
1
11
52
61
13
4
10
23
30
11
40
5
10
46
48
37
28
65
49
4
36
7
40
17
10
44
3
33
24
43
17
20
31
15
11
23
1
31
19
58
19
109
1
21
11
44
30
27
27
19
40
22
3
73
15
7
24
1
13
71
45
51
39
35
3
5
74
37
3
8
102
71
26
55
43
64
52
39
101
44
51
7
22
51
36
13
20
37
25
50
55
65
0
9
9
20
26
2
15
14
14
14
11
25
49
30
4
5
29
36
10
10
52
32
11
20
23
22
24
33
67
108
13
120
53
37
31
6
10
0
0
50
83
32
15
29
31
5
27
47
22
9
30
0
0
64
20
13
36
22
62
32
56
3
59
6
10
50
32
37
19
34
25
9
6
11
9
6
5
50
53
10
4
32
78
24
25
5
4
60
25
26
9
23
9
30
34
0
80
0
42
49
3
31
52
38
26
28
27
3
12
39
62
23
10
58
42
31
2
27
17
49
14
9
23
7
10
17
21
20
84
23
2
3
33
3
8
15
36
24
71
31
11
18
7
33
44
10
15
22
23
12
13
6
30
60
34
44
17
0
7
21
65
12
29
39
22
12
26
52
25
10
1
11
11
13
38
14
56
91
26
26
30
19
24
32
53
1
31
6
69
25
9
12
29
21
8
53
2
12
38
30
1
53
15
5
31
34
7
33
30
9
4
30
47
15
5
8
4
27
27
10
6
26
22
31
56
59
59
22
49
11
26
40
20
30
50
65
14
13
58
42
45
18
8
47
33
8
13
4
40
13
16
76
39
5
77
39
9
30
18
28
44
31
7
2
2
22
28
1
43
5
19
36
0
18
14
29
30
19
57
3
25
12
25
48
44
17
51
14
18
6
48
26
14
5
29
20
42
11
36
32
21
31
11
22
15
30
37
3
31
23
22
13
74
57
7
2
17
53
0
11
30
24
3
17
32
1
44
28
37
14
26
10
10
11
39
38
35
17
54
3
9
5
39
38
28
22
18
33
23
9
30
27
6
42
25
2
47
5
31
9
50
9
7
7
11
53
21
20
29
20
45
46
21
27
22
27
15
2
18
7
6
12
32
17
30
24
13
36
16
10
4
29
1
36
13
57
13
15
20
9
32
9
19
8
3
2
10
17
45
4
25
35
22
7
37
13
47
58
43
35
11
39
7
14
31
22
12
43
5
15
2
10
14
10
26
62
51
3
8
20
49
43
3
28
33
18
13
59
43
1
28
17
26
19
18
15
6
1
13
3
35
8
5
15
16
23
10
29
28
4
4
17
28
22
19
9
19
34
5
27
5
24
25
3
3
2
6
42
14
11
10
46
3
29
3
5
3
21
6
14
18
52
23
5
5
26
13
13
41
18
6
14
3
56
10
1
5
33
53
56
51
4
9
29
12
13
13
1
2
6
2
17
29
25
24
3
24
5
12
14
59
25
3
44
56
19
18
45
7
23
28
18
30
27
8
40
21
1
57
0
6
38
22
24
12
14
4
20
6
17
26
8
21
8
4
18
8
13
11
39
14
18
1
30
24
12
16
38
45
48
29
7
7
35
13
39
8
1
19
8
3
32
32
33
16
20
72
2
5
44
22
4
16
46
28
11
15
12
4
15
9
0
25
9
13
1
7
29
12
15
24
0
45
1
8
47
21
33
1
15
5
23
4
46
25
22
5
35
7
1
1
22
7
10
25
3
16
30
28
49
25
33
2
3
40
9
10
14
13
8
43
9
9
8
6
15
5
11
30
16
5
48
10
25
4
6
17
2
14
27
20
54
5
10
36
49
25
11
27
52
28
17
11
32
20
27
5
34
1
3
21
3
7
13
21
4
44
36
12
4
24
40
37
13
57
10
3
18
52
15
6
11
27
4
35
3
7
37
42
41
6
4
15
43
14
27
14
5
5
46
23
15
35
4
32
15
16
10
18
20
17
27
20
15
17
3
11
39
8
6
9
6
8
4
22
29
5
27
24
14
2
34
21
35
9
29
29
33
14
56
21
20
0
17
5
13
33
10
4
37
17
20
3
16
5
7
21
9
5
33
28
20
41
21
13
31
16
22
9
24
47
17
8
2
8
8
36
43
17
27
10
17
23
4
22
38
8
6
16
8
17
20
10
24
19
12
30
11
37
5
29
9
14
38
34
33
32
39
17
21
3
35
48
39
6
8
15
8
34
18
1
11
8
1
6
4
14
12
29
22
24
26
31
14
49
11
27
11
8
2
13
21
13
9
16
6
41
27
5
1
7
2
52
13
5
6
12
28
22
16
18
16
12
13
22
15
24
8
28
13
1
6
39
9
1
4
30
12
11
21
10
13
37
2
16
17
24
9
7
18
2
7
10
4
34
29
18
34
42
16
1
10
30
6
6
16
1
8
16
21
6
36
1
9
2
22
17
9
5
11
2
14
7
15
4
18
37
18
3
2
6
6
8
1
14
17
19
4
4
28
37
2
1
13
22
12
9
2
5
13
5
7
6
1
2
12
24
12
10
9
9
9
19
2
4
11
2
8
10
19
12
1
18
6
17
11
13
3
17
22
4
22
1
2
2
8
1
16
14
24
4
11
13
3
19
22
20
7
13
7
0
2
17
15
6
13
33
14
1
0
13
1
3
12
5
3
19
23
24
11
24
11
2
1
6
19
1
5
15
13
9
5
18
0
3
28
17
8
5
1
20
0
6
4
9
8
18
18
2
15
4
5
4
1
7
4
9
5
3
14
6
7
5
19
3
16
2
4
11
12
6
21
14
4
15
5
21
6
3
9
5
12
10
8
10
7
6
3
4
10
3
2
10
5
6
14
1
8
12
6
1
15
8
1
12
2
25
1
7
3
4
15
9
1
4
12
5
8
1
14
5
2
2
5
2
4
0
6
18
3
17
11
9
3
2
0
2
7
1
8
6
2
8
5
3
6
4
7
1
1
5
6
3
0
9
1
4
6
1
3
5
1
5
5
0
3
2
1
3
0
9
1
1
1
0
0
0
2
0
2
1
1
