5
3
11
12
17
2
3
17
1
24
10
12
2
3
2
13
6
11
1
13
1
13
11
30
18
7
0
4
2
20
5
12
5
28
7
12
4
2
30
38
2
24
4
33
24
4
20
1
3
3
11
5
23
17
17
8
18
2
22
15
22
24
11
8
27
1
16
7
11
4
20
4
18
11
14
1
3
3
19
12
4
3
2
10
14
16
3
19
30
17
9
1
8
21
1
9
9
7
8
0
8
10
8
7
1
3
11
30
14
8
1
8
23
8
7
3
11
12
3
7
4
8
20
1
2
0
0
7
9
6
1
1
12
2
2
3
7
11
6
5
9
4
14
10
9
9
0
3
8
10
3
6
7
7
3
3
7
9
2
2
8
20
7
5
3
7
15
3
3
18
7
3
2
0
4
1
1
6
9
1
6
12
5
4
5
3
24
2
4
6
6
6
2
7
11
4
6
7
2
1
4
0
14
2
5
1
3
0
0
2
2
6
2
10
5
2
2
2
2
1
1
1
4
3
0
0
3
0
0
0
