8
14
2
47
25
37
27
24
24
1
8
103
3
47
40
8
13
6
4
18
8
26
22
2
67
40
24
60
30
22
58
12
3
26
19
11
12
1
32
1
24
45
3
5
4
80
33
57
53
21
58
56
25
22
22
48
55
0
34
33
3
36
49
60
7
22
17
1
24
14
18
55
50
70
18
58
119
10
44
19
46
12
76
14
63
120
25
15
42
20
7
9
41
17
14
44
73
30
78
63
23
17
28
30
53
30
27
66
28
64
105
33
16
32
2
27
35
0
35
36
64
91
2
21
14
41
8
40
9
12
49
11
43
32
38
13
13
42
76
57
28
63
40
58
38
100
99
5
2
1
60
0
34
56
45
24
22
31
86
12
23
46
36
4
19
11
5
13
100
16
5
42
59
16
45
49
8
78
38
18
75
87
58
62
3
62
10
5
25
26
32
32
29
7
34
48
64
11
28
3
7
1
26
38
18
41
14
13
40
81
7
28
4
26
40
23
46
118
9
6
51
18
7
31
47
31
116
15
38
5
50
24
81
44
72
50
41
54
19
17
4
27
31
31
6
50
11
23
44
34
16
41
15
15
36
32
40
15
42
37
11
8
19
64
40
50
22
76
78
113
33
40
14
10
15
58
15
10
40
68
48
70
26
31
14
46
19
86
92
71
37
13
3
9
1
16
31
46
23
129
17
11
46
31
24
59
32
47
21
23
46
58
36
90
22
26
43
8
88
18
26
31
24
24
48
14
23
20
14
10
124
49
11
17
12
71
39
7
23
12
22
57
25
48
20
1
23
19
38
14
117
31
2
56
4
34
104
59
6
20
15
27
6
77
27
39
19
14
28
18
25
25
39
39
17
1
13
4
43
26
2
56
17
28
59
16
39
13
86
43
6
2
0
21
3
13
2
2
84
24
48
36
16
69
2
35
72
14
56
32
67
31
56
0
37
8
49
53
49
30
49
12
7
12
12
25
29
23
49
52
35
78
54
6
5
27
46
62
36
16
86
31
14
51
5
45
2
27
18
63
11
77
61
68
92
31
18
36
36
12
82
2
19
39
33
26
22
50
42
41
20
17
65
10
42
29
23
11
56
24
51
36
23
93
27
79
19
20
10
17
67
16
34
37
60
76
113
94
47
9
48
22
31
20
23
27
19
44
21
2
33
26
2
4
1
7
43
22
52
0
59
32
21
6
24
7
86
54
31
49
2
35
15
67
28
9
35
19
46
3
59
29
3
1
54
25
62
6
27
28
54
0
76
41
52
51
26
55
3
23
4
9
37
6
31
25
44
0
99
15
35
36
66
7
28
6
13
97
28
14
3
34
44
5
43
7
26
10
38
37
26
39
44
30
62
71
28
57
63
26
6
13
15
15
35
9
27
37
53
10
61
22
40
51
34
44
53
22
10
34
40
55
37
58
51
51
2
75
74
5
5
26
46
12
23
39
78
60
9
38
37
21
3
30
81
4
37
18
24
3
18
64
87
4
69
67
16
22
86
37
40
27
35
21
4
5
47
30
37
14
16
73
56
30
8
26
8
10
7
14
30
6
28
22
26
42
8
24
0
9
14
16
3
8
51
0
34
56
47
45
32
9
31
48
22
7
15
8
59
31
4
23
35
22
16
35
20
46
1
2
26
44
2
74
5
34
36
9
22
20
57
41
19
39
71
35
32
38
11
22
1
105
6
14
28
65
9
1
11
50
2
25
51
7
61
1
31
90
16
5
35
41
17
81
33
16
14
50
30
55
62
39
7
12
15
11
33
11
19
37
18
3
39
36
13
21
38
17
9
5
11
76
2
20
2
41
13
51
29
13
6
34
51
28
11
32
23
47
3
51
33
1
4
65
14
19
75
41
77
24
0
2
3
37
10
15
49
36
2
16
20
2
17
45
67
11
28
37
0
29
48
2
60
6
49
24
42
36
12
73
8
44
18
59
12
21
49
39
14
0
58
25
21
41
9
20
41
4
3
8
11
23
38
9
44
13
21
50
82
47
12
34
9
1
95
65
69
80
8
56
8
33
41
6
10
42
16
24
5
42
24
32
25
51
19
4
35
8
47
9
65
44
22
55
25
54
37
11
66
1
64
30
31
35
50
68
16
35
6
74
5
1
12
21
20
88
7
21
40
14
2
21
31
24
4
52
63
21
8
47
20
40
44
22
88
8
1
5
20
20
54
44
15
19
18
28
2
18
4
8
19
12
29
22
44
13
5
29
7
32
15
48
4
7
46
48
38
47
26
34
39
15
0
11
2
82
22
72
75
2
7
25
84
42
68
39
1
26
49
38
5
16
1
74
12
16
42
11
33
32
51
13
2
11
41
14
28
14
28
23
39
21
13
47
54
63
1
21
16
55
16
51
25
28
23
13
47
55
8
13
29
6
17
20
60
14
12
62
23
34
25
32
40
13
6
10
12
32
5
16
43
12
5
3
31
15
18
16
18
35
5
2
45
19
0
8
18
41
52
8
35
43
20
55
12
1
48
31
49
47
9
92
7
3
15
38
20
26
20
35
0
11
11
2
28
40
34
8
3
20
4
10
27
41
5
19
20
9
45
38
21
1
30
69
25
21
16
7
61
8
39
37
60
19
22
52
18
1
15
45
42
3
35
23
13
20
18
17
35
54
3
58
26
60
31
38
45
20
3
14
33
64
11
28
5
62
4
24
26
22
4
0
75
23
9
3
1
29
5
0
20
73
35
14
82
13
28
35
20
6
28
37
11
58
25
45
13
3
71
86
23
15
26
22
49
28
20
18
45
29
3
89
6
11
50
33
26
45
19
7
20
15
7
10
22
14
22
9
1
27
20
43
34
28
8
21
25
22
3
31
20
0
21
12
18
1
31
2
81
48
2
52
2
42
47
31
22
4
22
11
30
6
30
6
24
22
32
30
30
7
6
54
7
18
32
10
7
28
38
41
1
34
14
10
27
20
58
5
34
43
16
42
65
10
16
7
25
16
28
52
28
8
44
14
30
58
23
17
9
7
40
3
52
50
22
43
41
21
24
13
52
46
38
13
37
2
5
59
14
39
8
38
9
16
77
41
32
48
27
21
33
50
10
13
7
0
11
6
5
37
64
28
81
25
27
5
9
44
39
10
28
14
6
8
38
37
0
13
28
30
24
35
11
44
4
29
48
18
29
24
13
33
23
19
60
12
1
9
24
30
47
35
50
22
14
36
29
1
57
17
1
29
17
12
41
31
45
15
53
20
4
9
6
29
14
29
54
15
3
11
20
42
9
59
55
16
29
11
14
13
40
25
37
10
7
6
3
12
9
11
4
14
7
23
29
25
7
43
44
39
16
33
23
4
56
9
10
5
14
6
63
39
0
31
87
25
18
26
15
11
1
10
18
6
11
1
2
0
28
14
23
28
31
19
2
17
27
7
45
8
32
3
8
33
3
58
25
5
11
4
7
7
36
65
7
72
34
28
10
30
34
22
8
23
4
19
44
18
13
10
13
16
10
16
10
24
11
37
18
72
13
12
30
17
21
13
0
9
7
6
31
17
45
0
20
25
13
5
22
8
11
0
8
28
27
6
14
1
19
44
36
8
20
22
60
2
2
12
21
5
56
2
42
20
11
9
11
22
24
43
9
2
6
24
13
73
6
8
22
37
8
13
40
9
15
58
5
21
30
7
28
1
28
37
23
30
56
53
22
22
9
57
7
3
3
20
35
42
6
25
9
6
9
29
36
14
12
27
18
31
19
46
12
9
44
43
38
0
38
3
19
34
4
6
40
18
11
19
40
22
19
8
4
33
20
14
3
4
11
13
35
26
29
8
23
2
11
22
6
46
31
2
22
35
7
13
28
17
14
5
3
39
17
41
16
3
16
10
16
7
11
8
0
48
16
15
16
12
5
21
7
4
36
5
28
15
20
49
5
24
25
46
7
21
29
5
5
31
12
28
3
8
8
0
22
32
10
41
26
16
15
11
11
38
20
13
5
1
8
36
23
8
2
47
21
5
21
6
31
10
1
29
34
3
4
14
21
20
31
12
21
39
32
28
4
9
11
4
17
3
26
17
20
16
8
47
14
18
25
10
1
5
4
19
7
2
18
17
43
3
18
24
15
20
8
38
15
20
1
38
4
34
19
42
11
13
41
5
10
27
27
45
14
19
9
16
11
3
22
4
0
13
12
5
2
19
15
2
30
45
9
49
31
14
25
22
15
6
39
12
33
16
6
11
40
4
17
1
10
26
13
1
15
11
36
25
40
23
10
17
8
10
1
19
6
5
17
43
15
7
16
16
15
45
9
4
16
1
11
26
29
22
3
15
15
16
6
3
19
12
24
9
18
15
3
24
7
7
12
2
13
23
0
4
42
5
25
35
12
12
16
4
17
41
20
1
1
24
24
3
11
1
11
11
13
2
7
21
40
26
3
4
0
6
9
7
6
29
9
10
18
6
11
3
6
50
14
24
16
3
1
8
14
11
8
8
11
33
1
23
24
14
18
9
7
4
8
3
11
1
5
10
24
3
26
9
33
21
17
12
0
40
16
14
19
3
16
16
30
25
13
9
7
43
21
12
9
8
8
16
0
10
17
14
18
13
12
2
15
20
15
10
4
35
28
3
4
2
7
16
4
37
15
2
1
8
5
5
24
16
4
21
20
7
3
7
4
2
16
15
12
3
15
9
14
1
3
2
1
5
7
29
22
20
13
5
9
6
14
1
5
15
13
15
17
6
4
26
25
17
1
24
10
6
10
11
14
0
27
11
24
17
13
20
34
12
15
5
10
28
24
6
5
13
41
7
6
18
6
8
11
9
25
3
8
6
7
10
3
0
12
28
7
6
10
11
25
16
2
25
5
4
20
9
12
3
5
8
19
9
2
23
4
5
25
5
13
16
5
5
3
15
1
14
7
6
10
24
2
4
20
1
1
7
4
11
10
14
1
16
4
6
8
2
20
3
11
6
5
12
2
5
4
16
4
13
6
13
15
2
15
11
34
2
7
16
1
13
20
10
22
12
14
5
8
12
6
2
2
7
10
4
5
23
10
10
1
6
7
9
6
18
7
10
0
6
5
1
0
4
3
12
2
1
2
13
2
2
6
2
2
0
12
0
9
3
4
2
4
9
10
5
10
8
15
0
2
10
8
8
1
1
5
7
3
2
7
3
3
4
4
15
4
0
2
2
9
5
0
4
4
2
2
2
2
2
5
2
6
1
2
8
1
5
0
1
1
2
0
0
