23
38
2
28
13
22
8
3
2
28
1
18
7
13
1
18
9
2
5
46
70
20
55
22
27
4
42
42
25
100
16
3
31
31
8
23
30
60
8
33
16
60
10
9
20
49
68
33
7
73
24
35
39
44
6
23
16
60
75
19
6
43
40
4
56
3
9
12
18
44
17
1
60
3
73
23
26
6
25
26
19
46
70
24
64
36
3
30
18
11
25
48
110
20
47
53
11
5
3
26
163
48
41
45
21
20
5
26
72
25
22
19
74
18
50
11
74
7
20
84
10
9
28
14
2
3
25
79
12
38
48
35
48
73
27
91
30
92
30
20
78
71
40
53
15
87
10
26
101
42
16
16
8
35
104
35
17
39
4
56
49
39
2
42
81
21
10
5
22
14
28
45
63
112
1
82
51
66
25
52
33
40
74
11
7
14
31
5
25
45
67
68
33
25
72
41
84
40
53
83
45
12
32
30
73
60
4
25
110
30
15
86
45
13
10
16
48
32
75
25
46
14
0
9
45
47
33
30
43
104
72
16
33
25
0
37
35
1
49
11
6
4
3
1
4
34
44
40
28
40
10
69
89
69
7
2
2
76
12
90
10
39
32
62
17
17
33
43
15
133
105
4
4
21
17
26
78
4
18
114
61
68
40
16
94
24
18
15
21
1
2
104
6
68
14
10
34
32
17
66
21
11
8
41
78
14
114
4
34
4
32
27
89
20
22
18
30
11
8
52
3
47
5
11
30
24
0
8
13
44
27
28
77
73
3
28
1
10
56
19
10
88
58
19
51
54
10
49
107
54
18
57
9
39
50
2
8
50
28
42
44
49
53
71
3
24
45
61
3
24
46
5
20
31
35
23
4
22
92
9
10
12
3
52
68
32
35
13
42
6
52
47
11
34
47
66
69
10
11
29
22
50
30
35
40
18
40
5
86
69
31
34
15
45
37
91
15
53
27
5
26
68
9
17
40
49
36
15
19
24
8
35
39
7
62
3
11
77
14
16
19
59
44
70
41
4
53
7
9
57
7
53
57
25
70
2
21
3
25
23
63
7
12
35
9
42
92
10
49
10
28
8
3
48
17
57
12
42
41
43
50
33
71
22
4
58
32
51
2
17
14
10
3
60
29
44
40
32
23
9
68
2
75
56
23
16
49
9
12
47
33
102
14
31
50
17
37
63
19
17
27
39
44
39
118
31
24
97
36
30
33
44
93
50
30
19
51
49
21
11
22
31
10
27
77
6
53
109
4
44
42
26
44
8
21
47
8
15
40
9
41
46
61
40
23
2
2
40
86
60
45
62
60
62
40
6
74
49
46
11
2
50
6
7
48
20
72
2
53
32
50
30
65
61
20
50
18
26
0
105
9
62
55
19
18
64
39
13
27
1
61
8
27
20
29
84
37
10
43
46
74
62
44
5
52
111
39
20
8
10
10
0
11
33
15
25
8
7
90
5
45
30
43
39
19
23
24
43
30
8
108
66
6
25
1
4
21
36
9
59
30
25
48
47
82
15
75
59
20
19
17
54
30
20
37
70
5
117
18
82
11
43
25
71
38
48
38
71
24
28
54
18
20
19
21
121
27
13
39
123
20
3
38
9
98
8
45
6
27
34
58
34
24
51
69
12
21
38
17
35
70
81
9
4
39
28
34
23
19
19
9
6
44
27
53
5
6
8
21
57
51
41
114
14
3
24
54
9
21
41
21
7
45
13
49
33
12
36
71
17
21
19
36
15
27
40
53
0
11
35
56
2
25
57
15
32
15
98
52
9
47
50
33
6
24
48
34
55
36
25
28
71
21
70
46
39
21
11
20
31
59
24
8
19
12
4
68
71
3
2
28
32
26
54
11
16
44
94
10
7
62
90
1
31
45
1
21
8
14
14
65
15
9
7
25
60
64
36
32
12
24
49
57
17
110
31
51
65
23
75
8
2
16
3
12
37
49
21
61
78
23
34
30
33
56
0
44
24
69
24
7
1
9
18
17
36
28
44
29
20
9
7
41
11
30
36
7
3
37
37
15
7
74
6
3
31
14
88
51
38
46
8
71
81
9
11
20
24
63
71
133
32
11
26
17
21
9
21
38
34
18
61
15
5
0
40
3
18
41
23
39
14
9
8
6
34
32
20
94
8
4
44
10
16
2
19
5
31
24
69
17
17
7
31
35
0
52
41
10
26
70
46
86
33
6
57
9
13
38
9
68
21
18
45
92
7
15
15
33
24
1
5
54
72
69
24
38
113
38
29
54
10
57
2
31
1
20
2
33
96
3
15
57
15
6
35
41
15
51
25
20
24
14
37
10
14
64
28
22
19
28
2
1
14
31
0
26
25
13
46
15
54
3
0
16
23
31
23
15
3
8
47
29
16
9
28
5
17
37
125
22
77
2
5
26
43
43
22
13
66
26
2
63
6
27
10
51
16
22
7
39
56
6
1
55
11
17
47
29
49
15
4
21
14
5
20
66
20
8
27
15
80
8
6
25
1
15
23
42
38
44
6
0
15
16
37
7
75
3
70
2
15
2
53
13
9
2
8
3
29
56
23
14
9
51
31
37
19
24
22
38
53
50
7
41
1
11
22
3
4
70
44
71
1
25
15
7
71
1
1
5
16
16
36
54
6
27
8
14
28
23
26
62
34
10
32
12
7
46
38
0
46
80
26
29
41
39
11
64
10
3
8
20
13
3
60
14
27
24
66
13
30
40
1
24
36
2
31
26
27
5
10
26
4
76
28
16
2
8
61
31
21
8
75
34
53
80
24
61
31
9
28
7
70
38
13
7
2
36
29
41
11
9
28
20
0
21
57
48
3
0
40
15
12
38
37
88
12
0
32
11
4
17
44
46
12
15
27
19
54
54
12
2
29
8
21
11
30
17
37
8
4
62
14
9
41
10
13
4
7
12
43
59
6
21
6
38
62
12
9
44
39
18
56
34
45
33
46
14
6
17
62
40
48
30
44
22
26
67
37
16
36
31
9
11
73
15
52
14
49
17
14
27
31
16
16
38
21
24
9
1
62
30
14
81
44
9
2
17
37
39
23
3
47
33
6
25
1
12
50
50
10
4
7
25
11
12
37
11
11
56
2
5
2
44
15
63
52
4
16
47
5
11
1
33
9
34
49
25
3
31
0
31
20
44
31
29
29
1
11
45
21
54
19
35
4
34
8
12
8
22
66
6
18
42
28
5
12
39
20
33
16
15
71
13
5
18
6
12
31
24
48
38
22
69
33
12
27
61
11
28
51
11
22
2
10
12
15
2
22
28
0
8
54
38
41
30
21
80
15
11
13
3
16
22
59
14
1
7
0
3
24
8
8
29
41
21
7
37
30
11
45
26
21
9
26
9
15
17
5
49
34
16
7
39
8
8
78
6
0
1
18
16
28
22
15
43
14
12
36
64
26
44
9
5
1
18
34
43
50
9
32
10
0
14
23
9
9
3
15
40
25
9
20
6
8
11
16
21
12
5
5
0
12
11
12
57
41
43
21
34
14
40
17
9
13
4
14
44
3
60
36
4
4
51
13
36
3
51
31
36
25
18
15
9
9
9
10
39
16
3
32
9
12
0
1
10
36
6
37
42
12
2
11
19
45
7
1
21
6
6
30
3
19
7
22
25
38
18
10
18
19
22
33
9
27
44
4
5
14
55
11
36
2
54
5
28
72
20
28
14
15
52
25
2
65
25
14
43
0
1
31
7
21
0
12
29
13
41
12
27
42
3
50
7
8
23
28
32
12
51
5
7
10
52
45
10
24
0
19
52
4
29
11
9
35
17
3
40
6
31
57
54
69
15
3
54
37
18
13
1
34
8
4
7
43
26
38
28
26
37
23
32
20
18
0
3
10
8
5
2
31
47
15
4
9
4
37
20
5
41
49
27
27
49
20
12
36
34
2
14
12
2
31
19
16
13
60
26
47
1
31
15
22
14
32
13
6
3
27
19
44
31
7
22
1
31
8
2
12
43
6
28
73
4
35
18
20
0
10
58
9
32
19
45
5
2
27
3
22
27
4
19
8
12
33
7
21
33
26
3
20
31
23
11
3
22
5
12
23
19
11
7
9
22
12
40
19
19
10
46
22
31
39
16
5
18
32
17
10
11
14
2
5
40
1
11
14
47
23
6
21
10
25
25
3
27
17
1
19
19
27
61
24
28
18
21
1
7
4
6
38
12
33
29
14
6
10
1
38
5
19
24
9
2
14
17
40
10
36
21
39
19
15
10
40
19
16
15
13
7
3
8
1
18
8
8
13
17
29
52
11
6
23
18
10
0
29
1
26
15
10
23
2
23
1
11
15
7
9
2
10
15
5
30
41
20
32
5
28
8
5
36
2
36
10
8
6
29
5
41
8
16
7
33
2
16
28
21
25
21
35
11
11
41
18
16
24
0
21
45
2
7
9
13
13
18
1
19
27
22
32
12
7
18
62
1
13
36
21
8
51
7
35
1
32
25
16
12
23
3
3
5
14
20
26
35
0
33
17
4
9
19
5
13
6
30
11
1
2
9
15
15
21
8
14
9
26
3
25
4
1
36
17
27
7
2
6
30
1
1
8
21
16
28
33
19
24
9
4
21
2
4
6
23
15
12
29
0
30
9
6
31
11
32
25
3
3
8
6
8
58
2
29
2
8
11
3
16
18
29
15
2
35
11
15
18
4
14
13
5
6
7
18
11
14
23
11
4
1
13
12
1
26
6
22
17
16
29
11
28
25
20
31
0
27
18
18
12
4
17
0
5
5
17
1
4
4
16
18
9
2
16
29
32
22
8
1
3
13
6
18
3
23
16
6
21
25
5
17
2
20
15
13
16
12
6
8
5
4
6
19
1
13
11
7
2
2
5
13
18
3
1
9
27
18
7
9
22
9
1
6
23
3
12
4
4
9
4
22
13
8
0
3
4
6
28
3
13
16
3
4
7
3
13
2
13
11
14
11
7
7
11
9
5
3
8
14
14
5
5
11
20
14
10
8
3
2
13
1
17
10
4
13
18
3
7
11
13
19
5
13
15
1
3
0
14
6
7
10
19
9
13
4
7
8
7
17
4
9
8
15
3
8
16
9
3
5
4
2
4
10
4
7
1
9
3
5
5
1
9
6
7
6
4
15
14
3
13
7
2
3
0
0
8
13
11
0
0
3
5
10
5
3
5
4
3
5
3
4
6
7
4
0
4
15
2
2
1
4
2
1
2
4
3
3
3
6
3
4
2
5
1
3
0
1
1
0
0
0
