12
23
5
37
9
36
24
22
26
19
52
9
7
3
100
64
20
11
17
73
17
1
18
41
7
6
18
30
30
18
35
37
28
57
34
40
71
28
24
13
37
7
3
16
11
49
43
54
43
6
48
73
59
38
68
73
6
49
33
7
21
26
24
36
10
45
45
4
14
34
2
26
23
33
34
19
59
59
68
26
38
29
31
51
2
1
53
4
103
67
10
4
39
19
18
39
85
4
27
24
5
3
33
80
58
27
39
12
49
26
21
9
24
17
6
3
11
85
36
7
59
18
26
26
15
6
26
11
67
53
13
50
46
55
83
35
46
52
8
38
18
94
30
30
29
18
13
37
19
76
30
13
32
16
13
85
59
7
35
24
64
59
49
81
75
120
11
20
43
12
22
48
4
60
16
38
32
24
42
34
20
22
40
18
42
10
46
27
1
68
15
57
5
27
23
35
13
21
2
14
7
56
42
87
99
84
15
65
4
57
27
60
38
23
14
35
21
124
14
11
88
53
23
7
12
71
13
26
111
67
83
28
71
28
10
31
36
21
4
72
53
38
49
57
67
5
5
16
42
7
12
33
7
6
46
58
34
2
85
38
66
19
44
65
11
55
15
42
26
20
29
45
23
39
47
74
42
27
35
27
15
19
94
15
14
2
67
110
37
35
20
24
115
10
57
14
36
32
24
70
2
37
39
80
3
59
19
31
62
24
50
34
48
22
10
8
52
37
25
37
34
28
53
8
66
47
18
48
0
50
59
4
31
17
80
57
33
48
16
66
52
21
35
22
2
14
55
39
30
9
45
104
4
18
34
16
25
65
9
74
51
42
26
17
38
13
101
50
10
35
29
102
34
30
44
61
83
86
37
53
12
6
16
37
66
24
42
6
58
32
29
75
72
2
49
85
3
20
11
62
50
12
45
11
45
16
4
51
24
62
19
37
57
18
10
20
2
21
30
79
56
9
30
19
24
21
44
19
5
41
109
84
20
37
14
27
9
48
22
14
57
4
20
49
27
9
17
74
43
30
6
9
52
21
34
36
28
10
19
61
17
15
24
7
37
14
115
3
45
75
44
43
31
46
19
7
35
12
44
22
10
7
21
53
24
22
77
23
63
8
47
23
53
12
3
0
10
19
40
27
2
48
7
9
101
47
12
56
39
16
70
36
20
26
42
39
32
10
24
30
42
19
95
78
3
18
13
4
71
40
76
10
48
0
18
6
56
3
55
28
10
81
11
66
9
19
48
47
31
27
38
10
5
36
38
35
36
51
55
15
45
45
17
50
40
19
38
2
2
19
47
2
7
74
22
83
12
17
15
58
5
13
41
4
45
8
11
11
22
6
78
28
67
51
20
128
11
4
51
28
35
91
57
76
24
84
22
25
8
51
44
115
26
57
29
21
14
36
9
3
6
39
83
17
60
1
15
15
56
9
42
35
77
30
9
51
18
39
0
1
49
83
5
34
61
33
16
16
37
103
46
18
47
14
42
67
46
5
3
4
45
32
14
1
39
9
16
14
8
11
27
93
26
39
102
47
50
118
61
15
44
34
9
48
28
15
19
54
18
24
48
7
3
42
37
20
2
5
53
12
57
11
53
21
4
22
8
4
87
19
28
14
5
26
45
17
3
8
1
73
59
20
59
5
34
3
36
1
39
79
26
72
44
100
8
35
0
8
18
2
35
15
9
11
57
69
25
40
7
1
45
66
69
19
42
84
40
9
23
21
20
17
71
2
38
14
13
3
3
15
21
57
62
38
28
6
2
8
52
23
11
68
7
35
3
6
31
42
0
20
4
41
33
25
47
17
9
24
30
9
28
3
20
73
2
40
23
5
4
64
47
33
52
70
28
22
3
23
8
41
23
44
15
19
9
6
3
0
90
58
45
15
40
26
64
38
73
15
12
17
19
31
11
5
10
29
10
87
10
29
17
14
24
14
65
24
10
11
0
7
60
50
8
1
44
44
42
10
63
12
1
17
11
80
16
30
77
32
27
32
6
8
27
17
43
18
33
7
53
2
58
37
0
89
9
17
14
12
15
18
55
38
28
39
19
89
13
37
7
3
15
22
34
78
54
24
29
22
47
10
36
9
21
89
13
15
6
50
39
3
33
24
12
37
28
12
42
55
58
10
71
15
40
71
27
19
24
20
60
37
82
9
25
32
7
56
6
22
23
4
3
48
58
13
26
41
41
9
89
11
56
14
21
4
105
12
19
0
3
5
21
65
40
10
60
19
3
6
64
24
40
35
49
21
56
45
7
41
25
47
10
30
43
6
42
35
93
71
25
16
61
10
38
49
18
4
35
63
37
40
20
1
66
37
30
18
34
43
40
30
14
43
17
20
45
2
1
19
40
30
20
36
13
21
63
9
32
53
9
25
3
24
49
35
12
34
90
18
5
32
69
3
10
27
21
16
27
51
32
19
23
22
55
4
41
65
11
75
95
15
61
47
88
19
55
37
65
32
12
6
23
2
44
11
16
0
14
15
33
57
27
89
18
25
24
39
1
41
9
65
13
5
53
25
22
44
3
2
90
11
33
80
36
11
63
51
28
77
25
2
16
35
35
9
2
6
6
45
5
23
25
66
5
15
1
19
23
12
29
5
13
25
34
16
56
20
15
46
49
38
16
4
13
3
50
36
67
34
62
48
6
8
47
53
22
71
30
22
4
37
62
45
22
29
36
34
3
8
1
49
12
1
38
25
44
8
37
12
64
11
8
24
17
19
1
16
45
4
27
30
17
17
20
44
53
0
20
20
32
23
53
7
23
6
16
94
27
17
6
49
44
33
9
31
34
56
5
28
11
9
49
13
1
8
72
43
1
12
30
32
23
4
28
37
2
20
20
40
4
35
11
74
34
24
64
31
19
35
35
42
11
22
35
15
18
15
7
21
2
11
25
32
12
23
30
19
36
25
3
20
1
27
8
40
24
14
83
20
67
28
12
45
4
18
22
39
34
1
6
14
4
42
31
50
3
36
41
33
11
23
4
60
36
9
9
23
25
4
43
10
25
21
18
8
25
39
12
26
16
40
28
8
41
23
28
25
12
13
9
4
16
11
21
46
9
39
25
8
11
16
22
66
45
35
25
1
22
3
43
39
33
22
46
6
22
22
14
1
43
12
3
71
104
22
4
10
4
7
11
5
17
6
19
32
30
19
21
7
17
30
3
65
7
21
3
44
30
21
10
1
16
21
11
50
58
10
0
30
16
19
28
7
8
27
7
13
13
37
18
31
10
50
41
14
42
29
45
13
36
5
33
20
12
52
11
32
36
6
36
4
35
28
9
3
3
33
36
14
23
30
11
11
28
1
51
14
25
34
14
7
37
18
13
7
27
6
16
55
5
14
43
6
40
3
26
44
35
41
2
19
18
14
8
0
20
1
62
40
1
11
23
1
27
0
13
22
17
13
12
42
1
13
44
52
36
37
6
5
14
14
14
21
6
5
26
16
4
3
41
7
33
25
23
33
4
25
17
18
12
8
24
2
17
20
30
44
49
25
35
0
35
29
24
68
9
7
6
14
1
36
29
8
22
3
13
33
32
35
24
53
29
31
29
6
1
7
41
31
2
11
16
22
1
29
24
2
18
7
29
58
44
14
13
32
23
16
18
5
12
20
12
26
7
4
37
33
4
9
10
39
1
20
6
12
6
2
50
35
24
35
32
63
2
7
7
25
39
26
60
51
4
13
11
9
44
18
23
12
20
7
37
9
34
4
8
15
11
10
20
56
1
22
12
5
57
40
19
37
4
31
4
22
33
8
10
2
4
11
21
14
43
48
3
6
8
4
43
3
14
0
20
31
10
24
25
40
13
9
34
4
28
13
32
25
33
36
5
11
12
18
35
8
68
48
29
39
34
9
3
28
16
12
66
11
3
17
21
1
23
35
36
24
31
10
26
28
12
8
14
1
6
16
32
3
27
14
4
8
11
16
3
54
31
23
51
42
7
14
23
26
31
24
33
14
7
17
1
9
8
5
5
21
23
30
4
6
4
29
34
1
64
27
14
6
2
67
13
12
32
55
33
4
15
31
6
15
29
1
34
36
0
22
16
10
23
33
16
10
14
2
6
18
11
12
38
1
29
42
10
21
6
9
38
21
15
5
14
8
39
39
13
12
3
12
6
31
43
6
16
24
28
2
28
9
3
5
22
9
30
16
12
36
11
17
27
9
7
27
10
8
18
22
8
2
4
39
23
9
11
6
15
24
14
31
10
10
4
24
7
12
4
11
12
7
33
8
49
11
55
18
36
27
11
13
13
13
3
13
7
12
27
13
35
7
4
27
9
2
8
1
37
13
5
21
37
9
6
3
5
45
1
27
53
28
1
36
19
6
11
1
3
16
17
3
9
9
35
35
4
10
15
23
15
34
2
7
16
10
17
9
36
39
15
3
19
2
25
1
54
3
19
15
8
15
21
3
9
29
15
25
11
17
0
7
14
12
25
14
8
24
7
1
8
42
15
32
13
23
1
4
9
11
25
3
7
2
9
11
12
27
0
3
31
4
39
37
14
32
7
29
34
27
16
18
26
40
10
11
0
5
29
9
1
12
4
1
7
4
28
0
14
4
28
10
15
13
18
1
22
3
15
26
29
14
3
13
5
9
21
25
27
6
4
16
8
11
47
2
6
11
10
8
1
0
1
33
16
12
10
8
18
20
4
7
28
20
7
10
27
7
1
35
11
49
9
1
3
1
3
20
1
9
16
4
2
16
0
11
8
5
27
5
6
1
3
18
8
5
37
11
5
2
15
3
11
13
17
2
4
2
10
3
13
6
10
18
13
3
13
4
8
5
2
4
6
11
4
4
21
5
1
11
18
7
2
10
1
2
12
18
2
0
11
13
17
14
0
0
11
9
4
7
6
2
7
22
1
9
9
4
8
18
2
11
12
3
3
1
5
6
10
14
18
8
4
7
18
5
0
0
1
6
18
12
3
22
3
4
13
23
7
11
13
27
2
1
10
2
1
22
2
6
18
10
18
5
18
18
5
33
1
7
4
11
9
4
0
13
15
5
7
0
5
8
9
5
7
5
18
23
9
3
3
17
11
6
24
10
1
9
2
5
16
2
12
1
5
4
1
0
10
7
18
0
8
6
4
3
1
4
9
5
5
2
8
9
4
3
8
7
18
16
13
5
1
9
5
0
1
6
5
1
2
5
0
2
5
7
7
0
7
1
9
1
1
9
0
6
1
1
4
10
4
3
3
0
4
1
5
0
0
4
0
1
1
1
3
2
1
1
