7
67
39
20
1
5
21
13
31
67
4
6
9
1
66
37
3
6
19
29
25
9
3
5
32
52
28
47
26
21
68
32
37
8
13
47
25
28
41
63
12
32
39
27
13
6
25
50
66
52
14
27
8
2
16
54
52
18
52
1
35
46
27
13
54
40
34
41
17
2
24
73
34
24
56
33
47
73
31
70
94
34
5
5
25
41
59
81
48
47
68
58
55
23
0
60
53
16
37
0
22
19
16
13
38
7
42
68
30
68
78
14
40
14
80
9
86
55
54
36
12
8
21
77
28
34
10
76
37
76
21
38
14
8
50
18
29
64
27
20
0
24
70
43
11
65
30
47
91
45
27
48
64
69
17
95
31
75
21
8
58
28
13
6
16
23
32
105
76
95
12
62
44
86
28
37
13
52
8
112
7
26
65
98
7
69
65
21
11
33
36
46
30
1
42
56
4
23
44
6
21
13
114
22
53
7
25
47
77
13
2
69
15
55
51
32
9
32
54
62
21
27
17
7
34
21
12
66
50
20
20
13
35
55
12
14
43
53
35
21
72
1
47
51
10
133
1
24
21
2
53
42
3
40
33
6
26
48
10
6
28
49
76
39
36
7
18
47
8
13
0
43
21
62
23
52
19
13
15
62
61
42
65
0
5
13
45
44
13
118
44
41
50
103
23
25
90
97
21
64
59
65
33
18
13
22
45
19
16
94
26
34
57
8
2
68
49
22
22
14
7
6
47
18
26
17
17
74
29
30
32
20
92
5
30
83
74
83
14
33
10
24
66
69
67
8
67
85
0
6
43
49
25
7
88
3
41
66
29
10
5
1
33
0
74
47
7
85
21
3
17
64
76
17
22
31
25
10
8
8
94
6
49
66
59
27
64
6
51
25
31
47
38
29
33
3
8
28
19
31
8
19
16
15
39
39
104
13
33
16
16
47
52
55
57
1
5
153
34
39
26
45
14
4
16
25
23
38
5
18
37
23
19
24
22
20
32
35
25
60
26
127
10
19
9
3
29
42
16
30
52
23
71
24
53
50
66
15
31
17
36
32
88
10
32
13
35
68
58
1
6
34
42
22
51
8
19
3
57
98
5
36
13
54
99
92
67
23
55
48
31
18
64
5
103
36
22
31
10
14
3
7
80
16
2
14
72
46
99
23
4
56
10
53
59
1
94
49
44
79
69
6
12
31
7
10
48
30
49
36
16
41
102
3
52
61
81
110
57
7
36
31
45
5
50
30
65
18
27
1
17
18
41
53
99
36
31
45
6
48
40
14
30
13
86
25
42
13
84
45
28
20
12
45
16
11
57
6
45
24
21
37
19
27
0
71
40
15
70
30
60
59
12
52
11
21
3
9
9
70
54
21
12
39
5
20
67
4
63
110
90
97
18
37
52
12
60
11
39
42
1
60
25
11
0
54
77
21
31
15
49
13
0
42
3
44
44
4
24
21
24
50
28
49
30
41
31
82
10
82
20
56
73
17
23
40
11
6
89
32
40
18
19
54
14
8
53
28
31
16
31
25
28
95
11
18
24
56
56
3
45
10
45
16
28
60
37
24
40
34
42
49
9
47
10
70
9
45
9
13
13
15
9
13
19
45
39
21
93
17
23
27
28
1
1
47
38
45
9
9
19
9
16
83
55
23
32
7
47
7
27
43
103
39
10
44
47
45
20
41
61
23
27
46
21
16
48
16
12
62
39
76
87
61
16
1
12
2
28
21
24
6
40
67
2
12
7
52
65
48
49
35
28
19
72
38
28
62
35
84
88
4
30
37
18
15
67
15
5
2
19
43
57
5
7
7
19
30
22
9
22
20
26
12
14
24
7
16
14
58
47
12
62
64
7
1
42
34
29
36
15
0
26
28
8
40
0
25
8
31
57
7
5
64
93
19
64
5
10
6
28
26
15
2
13
99
42
30
88
42
35
42
27
23
10
52
2
7
24
11
7
10
39
2
29
31
4
24
9
60
32
5
28
51
20
67
79
13
61
38
12
3
10
44
29
12
23
23
78
6
2
42
7
13
4
24
16
15
20
41
4
32
46
19
64
22
17
4
29
1
48
40
37
11
6
10
5
52
24
19
58
26
27
56
10
12
84
20
76
0
44
53
4
27
18
97
55
73
38
4
46
107
4
12
18
55
90
30
24
74
5
46
21
14
35
30
18
22
47
29
3
8
48
77
12
76
12
35
15
22
40
63
16
39
33
32
61
24
95
2
19
4
35
39
60
3
40
7
27
22
24
13
47
6
2
83
28
7
8
31
29
18
34
53
48
35
11
81
31
0
66
78
1
18
39
1
51
45
59
23
54
23
64
10
52
52
32
22
10
11
38
14
39
27
71
11
28
21
1
12
1
13
19
27
23
81
12
20
33
8
3
8
50
28
8
55
7
28
29
10
40
8
2
35
69
22
13
83
2
32
3
21
33
8
84
23
86
14
43
1
4
78
38
7
4
29
27
45
5
11
9
3
17
34
1
17
0
25
54
62
8
19
101
23
39
14
23
36
53
6
38
61
8
45
23
23
1
66
16
32
23
15
6
27
6
20
37
22
21
52
19
13
7
12
3
16
53
14
36
24
1
25
34
34
2
29
27
41
14
4
19
6
26
22
40
3
9
37
23
28
45
36
38
29
35
17
11
13
69
42
39
11
16
58
34
7
37
7
7
90
0
19
64
1
42
37
10
20
11
15
1
24
7
17
13
22
32
10
21
15
18
23
8
9
10
3
5
28
10
2
28
31
93
35
1
13
21
24
7
15
15
7
1
67
59
5
6
5
30
70
40
36
4
47
36
19
43
2
5
17
54
39
36
17
16
33
7
24
26
66
1
59
23
16
7
28
65
5
1
20
43
14
51
24
3
3
17
37
22
14
4
17
20
8
2
7
17
12
15
32
22
46
9
40
20
27
32
16
1
10
50
25
52
43
34
46
13
15
22
25
19
35
5
14
21
21
23
34
62
3
51
20
11
36
69
64
5
3
23
54
24
37
38
37
15
25
82
27
41
31
32
14
44
13
4
2
19
14
9
42
10
4
34
28
22
19
48
33
5
12
7
6
30
35
48
23
41
52
14
41
15
9
28
78
16
50
18
20
12
12
2
36
3
52
38
2
26
5
53
42
20
18
33
7
1
6
27
10
2
38
81
21
8
10
26
41
18
32
26
32
10
34
7
13
19
63
38
13
3
3
7
46
16
41
20
23
23
9
19
23
6
14
48
29
2
2
39
31
34
32
8
42
65
7
12
54
17
30
10
21
57
92
5
12
47
25
13
36
15
1
49
8
48
5
12
10
33
33
42
29
62
26
10
19
17
32
22
40
34
37
7
34
4
2
10
11
20
21
4
4
74
12
17
2
2
28
45
14
16
6
33
78
41
21
67
15
57
15
48
43
8
23
6
77
1
54
57
14
1
9
34
10
39
12
20
55
36
15
6
29
29
10
0
13
9
32
1
10
22
10
77
12
12
20
17
8
57
19
6
35
5
6
33
7
14
3
44
18
20
38
10
35
15
19
16
3
43
5
53
4
26
21
18
8
2
28
1
20
2
16
16
35
10
6
20
26
13
10
30
28
16
3
17
6
58
17
22
45
5
35
8
39
21
2
25
6
4
0
17
23
12
9
46
4
15
14
22
5
35
5
17
35
71
11
3
13
13
1
2
12
25
20
24
2
40
11
10
10
47
37
5
14
23
41
1
20
31
3
12
1
19
19
2
47
2
40
17
29
4
10
21
4
9
10
2
14
23
31
25
1
1
7
8
17
32
53
26
20
45
27
23
24
23
1
11
42
8
24
29
4
18
45
46
17
25
41
29
13
15
12
1
17
5
28
26
17
7
11
47
45
27
10
22
40
5
3
22
1
26
23
12
29
24
2
37
25
7
3
41
7
41
40
1
34
49
13
10
2
44
21
14
2
28
9
21
30
2
18
21
29
5
0
12
13
13
23
18
53
0
34
3
5
1
17
21
13
4
20
51
4
11
14
8
2
10
5
32
22
17
5
7
30
9
4
14
17
2
14
8
17
13
5
37
11
18
4
9
23
51
25
0
29
48
25
11
1
57
2
18
14
49
7
18
20
33
16
3
5
16
4
10
4
19
31
3
1
13
16
27
6
13
42
15
17
2
28
4
15
15
12
43
7
28
5
3
23
19
11
6
23
21
23
5
38
23
28
1
34
9
15
35
16
3
2
4
11
28
13
25
6
12
11
1
5
28
13
39
7
4
13
8
12
14
54
44
29
6
8
24
1
17
6
10
29
42
11
13
12
17
33
11
20
6
30
25
11
4
12
42
22
4
48
14
1
1
16
8
5
15
4
16
21
7
15
24
0
25
16
3
27
27
30
12
47
18
19
1
42
8
22
35
14
5
25
18
6
2
29
42
29
5
15
29
13
6
9
6
4
19
12
9
20
17
14
1
6
10
32
10
35
10
3
8
16
4
7
11
23
11
8
23
38
22
33
22
11
9
6
0
9
18
29
10
16
11
10
4
28
10
14
2
28
7
20
7
12
21
32
54
24
5
23
5
27
8
24
3
1
34
3
19
11
1
26
0
31
19
3
13
1
45
19
7
2
8
1
5
10
1
9
23
3
28
12
15
19
6
1
37
7
4
9
1
21
11
45
5
11
9
9
4
23
33
6
2
4
7
2
18
1
2
18
32
15
8
6
29
6
9
22
22
3
2
16
14
8
7
1
1
4
14
8
10
14
10
20
13
6
26
1
10
9
24
8
17
9
2
14
9
29
24
8
10
9
25
3
19
23
2
23
7
16
32
8
13
7
3
23
3
9
11
5
26
9
9
17
1
3
8
2
11
0
19
6
16
18
23
8
30
21
21
3
5
9
5
1
12
11
7
26
23
8
5
18
2
3
10
3
4
18
4
27
5
13
2
20
10
11
0
6
11
23
1
1
0
6
8
12
15
0
10
16
1
1
4
32
9
20
21
6
6
6
7
7
8
2
11
6
0
12
6
30
10
13
6
3
4
11
7
2
7
15
7
9
14
1
13
4
11
5
7
15
10
9
4
12
7
9
12
13
5
8
10
12
19
1
5
2
3
14
10
14
4
8
11
7
2
5
2
6
4
7
6
3
5
2
7
5
13
11
13
9
2
3
3
3
12
15
13
3
2
4
1
2
15
10
0
6
10
5
4
4
13
2
4
6
1
1
1
3
6
3
7
2
5
9
3
4
0
9
5
10
0
6
4
1
3
5
6
1
3
6
5
4
6
1
3
6
0
4
0
3
1
1
3
0
0
0
0
0
