62
0
1
5
43
50
12
6
52
3
20
20
12
62
7
10
7
25
16
4
4
59
43
96
21
32
43
57
77
32
16
20
61
53
43
21
62
46
9
19
16
2
32
28
9
7
17
47
48
43
2
40
106
63
32
23
39
45
12
34
53
40
8
25
14
39
47
9
21
25
48
37
48
17
38
43
101
33
20
30
39
62
34
46
56
15
46
13
59
34
21
20
74
4
74
14
61
67
94
27
63
84
75
33
72
7
3
34
69
83
16
47
101
62
8
47
68
71
45
8
5
22
19
28
8
34
67
40
80
61
32
0
66
72
27
11
6
15
25
26
4
39
109
6
12
66
54
70
66
28
16
52
13
34
47
40
7
47
24
74
52
22
32
29
7
51
11
24
69
24
53
31
47
74
95
40
43
23
67
19
86
31
34
13
11
38
94
12
53
20
12
24
125
47
38
51
43
53
54
44
9
27
21
53
10
27
48
71
92
59
78
17
43
61
20
38
18
110
59
91
19
5
84
44
2
80
1
3
21
2
9
59
14
26
1
7
40
27
2
30
34
10
30
74
24
3
35
90
13
25
63
40
12
19
69
69
58
27
61
46
15
24
5
34
128
151
50
9
3
47
33
24
77
99
2
48
14
46
64
4
42
45
47
39
5
5
13
8
18
43
51
9
10
26
1
106
16
28
12
34
41
20
67
41
33
64
19
44
102
27
31
50
35
9
35
55
10
25
20
10
12
10
59
40
26
21
9
85
89
27
74
12
33
15
35
49
10
46
23
0
10
36
89
49
16
90
15
52
58
4
16
36
26
46
17
30
51
1
36
23
3
7
3
17
3
64
23
59
25
52
45
30
10
31
79
9
11
80
31
19
84
32
9
6
64
6
62
49
33
33
35
51
18
136
23
13
34
11
34
7
6
20
29
55
16
53
27
79
19
50
8
1
28
54
54
34
20
55
40
0
52
26
71
83
13
55
29
9
42
0
4
24
32
47
4
59
4
19
23
35
38
13
40
4
16
9
19
41
63
40
110
84
14
102
108
7
36
14
53
84
63
36
30
53
58
20
2
29
30
24
6
24
41
29
49
12
73
56
23
29
32
91
21
24
70
39
11
63
58
38
14
58
40
46
15
35
13
13
61
21
23
78
51
79
12
9
83
20
62
19
19
11
55
42
67
77
14
2
46
14
8
27
50
3
56
11
173
10
47
60
29
3
65
34
39
50
2
56
51
73
17
35
12
3
34
39
60
74
5
52
6
7
58
64
13
61
24
5
16
46
119
26
59
54
45
25
17
17
3
8
7
42
11
29
12
9
8
30
60
49
38
17
32
88
53
51
65
18
11
11
4
20
38
22
1
70
54
89
10
4
7
13
65
12
8
17
36
40
26
7
65
78
53
59
43
20
84
79
14
3
5
42
28
3
21
6
42
9
2
67
52
2
31
86
4
14
41
14
31
20
59
1
10
19
16
36
28
1
4
18
33
10
101
14
21
8
64
45
52
11
82
27
26
49
14
11
39
44
39
36
14
9
19
20
34
20
13
15
51
33
39
20
16
63
26
32
19
33
15
8
23
12
47
50
50
23
71
24
6
18
33
64
58
47
61
6
29
28
9
3
46
26
4
44
72
20
60
5
37
8
16
37
13
45
38
63
36
44
71
4
0
33
8
40
47
48
2
23
52
7
1
12
36
29
10
1
45
9
11
18
37
46
80
2
12
39
9
17
35
44
44
38
27
21
22
7
11
28
81
36
18
31
78
43
83
47
50
2
22
63
71
33
18
23
1
13
52
47
29
43
44
86
37
8
31
23
18
32
98
55
21
32
57
24
34
44
12
34
66
22
15
3
25
64
67
28
36
21
7
66
24
9
40
14
1
89
9
71
13
28
6
4
6
30
19
14
8
30
69
17
47
21
6
15
14
35
15
119
18
6
70
12
20
6
7
5
20
44
50
67
15
7
12
23
18
1
71
3
14
25
5
7
33
0
9
16
79
97
12
77
16
34
2
20
44
66
2
0
39
69
9
5
21
9
10
6
10
56
15
109
10
25
51
90
34
54
27
2
33
34
23
15
10
5
7
23
64
56
1
22
4
26
29
56
64
29
59
50
6
31
45
18
18
3
22
12
38
23
30
28
7
11
4
29
35
8
16
5
3
56
15
51
36
21
27
99
16
25
39
17
31
92
23
21
35
62
62
19
33
26
59
43
49
37
49
11
17
26
3
34
14
90
27
35
17
27
12
53
23
4
49
11
32
1
36
0
35
66
22
1
43
7
58
54
37
64
56
16
56
2
49
92
42
92
44
15
12
48
19
61
28
24
59
45
11
36
19
9
8
13
8
35
49
23
59
11
48
26
1
52
23
15
5
37
7
5
4
14
27
1
16
32
22
84
10
15
9
10
20
23
8
90
30
14
30
16
2
14
78
18
51
27
76
14
28
57
85
34
35
54
20
32
14
7
34
15
23
60
16
27
60
14
19
15
34
1
44
8
40
76
12
15
24
24
69
20
0
8
25
94
35
33
32
7
59
8
6
7
39
38
20
47
7
62
5
30
26
22
31
15
51
51
1
54
30
11
54
3
3
26
64
24
51
36
59
68
36
55
7
86
20
4
4
28
18
15
15
56
16
1
2
8
10
24
21
1
53
60
46
7
52
8
8
14
12
2
32
65
27
50
41
50
1
5
31
63
6
39
46
27
32
22
5
4
14
2
16
28
33
51
20
1
18
5
25
28
21
8
6
4
25
60
17
12
9
35
9
34
6
52
29
17
8
4
46
11
19
54
11
51
36
7
21
27
43
22
19
36
17
30
7
9
43
21
31
8
8
83
52
3
32
44
4
29
61
4
4
30
21
7
17
28
60
109
76
19
36
67
28
50
36
0
28
31
48
12
14
49
8
50
3
39
10
18
15
12
20
39
12
22
56
13
82
13
43
12
66
39
57
0
9
48
34
27
30
16
53
54
7
19
5
49
54
29
31
5
18
29
37
26
36
24
76
42
4
2
8
33
20
33
16
39
55
72
7
19
36
21
3
72
3
24
18
31
31
21
8
29
5
1
58
15
15
11
15
11
22
5
11
78
25
28
21
54
64
3
25
8
47
66
16
21
10
2
6
50
25
31
5
2
6
4
36
24
52
3
26
13
46
64
59
31
35
38
7
18
1
6
9
61
7
62
2
34
19
11
23
14
36
5
16
1
23
23
51
16
59
25
3
11
36
12
11
45
18
4
1
9
14
50
20
7
25
13
15
24
57
40
21
26
7
11
4
5
3
2
5
23
38
19
22
10
50
4
14
59
24
62
4
10
79
2
45
42
9
17
4
1
7
5
14
6
36
15
48
36
8
72
16
2
22
29
2
16
6
6
41
43
9
3
35
38
5
5
2
36
1
55
3
23
29
18
5
3
33
12
67
13
7
37
34
11
8
19
5
9
0
14
42
1
46
45
32
12
36
40
56
25
1
30
7
17
15
57
22
14
12
9
0
13
15
6
27
11
15
6
4
2
58
35
16
11
63
11
4
38
85
21
14
26
20
48
29
4
6
22
9
6
38
7
7
15
16
33
0
22
33
4
28
19
18
32
39
4
23
25
29
31
25
10
49
26
14
1
2
19
13
0
61
53
45
11
89
13
9
37
35
3
14
15
7
6
28
12
3
15
3
16
26
17
12
13
41
37
2
1
9
34
17
59
7
23
35
3
21
44
26
22
33
2
14
16
32
8
55
40
4
19
7
7
59
31
22
19
5
14
2
15
17
32
24
30
5
36
14
15
1
14
34
26
3
64
51
25
27
2
25
9
12
3
21
22
29
19
24
27
48
48
18
3
44
16
15
1
26
5
1
21
15
17
11
72
4
9
6
12
8
11
25
10
5
27
17
4
17
28
18
2
31
25
9
29
14
1
17
1
1
18
8
1
40
1
11
0
4
13
9
20
15
16
47
10
6
25
2
7
33
44
8
10
8
13
29
16
6
16
48
39
27
39
26
57
31
12
3
49
58
11
18
9
4
17
3
31
2
14
27
30
24
5
18
7
37
6
6
12
9
18
35
17
37
8
16
1
41
24
27
19
10
12
20
20
39
38
34
31
35
5
5
6
16
29
18
4
41
6
13
6
24
20
10
3
15
25
14
10
37
26
28
45
20
17
43
2
22
13
8
2
27
7
18
27
14
0
33
12
12
4
8
6
1
7
5
17
9
3
19
39
33
8
9
20
11
12
43
1
46
1
3
23
22
24
18
31
28
10
13
17
1
4
18
0
0
5
37
24
10
25
31
5
36
11
6
8
41
13
22
13
5
6
12
14
23
9
30
15
31
3
11
37
51
12
30
2
14
18
46
6
1
6
14
33
52
20
20
10
2
19
3
7
8
40
11
19
4
26
12
21
28
27
1
34
15
15
12
23
27
21
5
28
27
10
23
6
11
15
5
19
2
10
13
16
5
7
6
24
13
22
3
14
18
1
22
18
11
7
5
18
10
24
4
13
2
4
34
11
26
4
21
20
10
39
28
1
10
9
18
20
22
6
2
15
17
13
2
2
5
35
6
30
2
20
15
2
5
22
7
20
10
9
10
22
8
4
10
41
44
12
15
17
17
38
4
5
25
2
9
15
14
8
9
15
3
1
36
8
4
26
15
24
15
0
2
9
6
15
14
4
1
30
4
11
41
22
1
33
5
10
8
13
4
18
20
3
1
17
9
26
9
20
30
15
3
18
4
1
31
52
9
25
5
11
0
13
6
4
13
19
4
9
7
24
5
35
9
7
15
22
27
31
26
4
35
5
6
10
12
3
14
10
9
5
10
0
3
5
2
9
11
21
5
7
13
1
6
26
4
4
16
18
6
2
0
12
7
18
8
1
12
2
3
2
0
2
20
11
15
1
2
1
21
16
18
7
3
6
2
2
14
8
13
0
20
0
9
11
19
5
2
17
11
10
2
13
17
5
2
9
11
21
10
16
22
15
0
10
8
8
19
19
14
12
9
12
2
3
8
10
7
2
7
4
23
10
27
11
0
4
6
2
5
2
13
3
3
9
6
2
5
7
2
1
8
9
17
5
22
1
18
6
4
4
7
2
9
7
20
7
5
1
11
4
21
7
2
4
8
0
6
3
5
2
3
12
8
9
5
4
4
12
8
2
9
5
14
8
1
2
5
3
10
6
0
14
7
5
4
9
1
1
3
13
0
8
8
0
1
13
12
8
6
1
4
6
2
6
1
5
5
8
5
9
4
1
6
2
5
13
3
3
1
4
4
0
8
8
2
0
2
0
2
0
0
2
0
3
0
4
1
0
