9
6
54
10
12
20
5
30
16
10
26
7
14
1
50
5
32
56
58
7
12
21
5
45
48
22
20
23
41
27
79
21
3
21
21
31
52
31
5
32
5
24
41
36
18
23
50
15
1
54
13
6
23
6
35
38
18
20
30
62
26
3
44
49
18
89
33
1
15
39
31
31
49
22
42
54
2
42
12
52
6
6
115
45
18
52
71
66
21
31
20
30
8
57
39
23
16
66
6
52
79
7
45
45
39
54
57
4
56
1
45
110
66
93
73
104
16
19
37
22
111
60
37
19
32
5
35
85
5
86
8
18
23
29
32
34
10
88
40
12
36
43
45
73
100
7
86
13
143
88
25
24
13
46
26
22
21
25
34
15
65
8
42
50
45
26
44
22
22
67
24
11
14
9
111
68
19
60
61
66
63
76
37
34
21
39
16
28
39
21
3
64
45
79
23
35
1
21
31
25
28
40
26
38
70
69
11
93
6
18
41
71
64
25
11
21
31
1
4
38
34
23
39
55
18
18
111
103
84
30
40
21
4
13
41
67
15
1
15
14
95
21
40
42
5
42
73
55
40
23
46
24
32
57
11
26
16
36
74
87
13
67
17
52
5
57
18
35
34
8
25
63
48
2
37
95
3
21
101
16
68
24
69
26
51
21
3
27
20
18
11
9
57
56
35
15
40
57
33
45
33
9
34
13
53
19
50
35
17
51
67
61
46
19
4
53
38
92
118
14
5
46
50
24
36
55
36
72
56
19
53
23
9
52
90
5
23
34
52
45
43
81
23
62
5
0
3
16
45
40
26
68
37
21
106
38
39
65
33
62
34
53
98
42
45
21
8
53
52
16
26
41
68
74
57
42
2
20
9
63
8
43
23
33
71
51
12
60
20
66
51
6
10
27
32
30
7
4
6
1
39
15
138
4
69
10
42
1
4
21
23
59
29
36
13
40
30
20
7
4
7
14
49
59
87
88
71
20
2
10
40
57
14
36
64
43
55
60
44
28
24
4
37
23
91
58
17
37
42
57
39
27
55
71
31
59
3
23
7
16
28
21
80
9
41
5
4
9
60
33
10
58
5
70
64
48
37
9
27
16
115
31
49
75
41
55
58
62
43
30
3
80
40
22
33
77
30
21
7
55
2
18
64
6
88
48
11
20
70
9
41
37
29
107
23
31
37
8
24
47
22
35
41
83
60
33
26
9
77
6
3
85
12
47
51
35
40
17
12
25
60
42
71
42
40
33
8
21
40
25
40
95
87
4
42
55
75
94
20
14
12
16
44
2
10
28
32
23
18
47
29
32
40
3
47
54
47
8
62
20
67
60
3
32
3
42
30
3
28
5
43
23
10
57
92
68
41
98
23
26
38
34
5
32
34
40
76
6
4
26
49
31
45
1
14
26
6
1
1
51
27
63
13
32
36
92
55
46
23
39
48
33
21
106
54
4
33
8
29
53
1
72
98
22
49
46
2
113
51
8
50
38
36
18
69
3
1
75
73
7
16
8
24
31
16
35
35
50
6
25
16
27
42
0
31
43
28
55
41
27
54
21
3
35
23
34
52
62
36
40
84
27
13
6
54
17
22
54
11
38
67
5
20
12
52
59
9
38
3
29
49
3
1
50
24
59
108
72
94
44
84
6
13
2
88
20
17
7
6
52
71
5
2
15
13
74
47
11
28
31
21
58
8
43
55
23
11
9
45
32
40
26
14
81
68
3
13
14
45
16
32
45
47
92
63
100
11
5
45
20
40
6
21
48
2
25
35
39
0
79
81
6
32
81
42
20
57
20
53
43
17
47
38
49
47
1
16
6
19
19
17
35
50
34
16
20
22
8
18
29
13
29
45
17
35
52
18
18
76
23
41
10
24
1
71
23
93
21
37
50
2
12
48
41
1
10
72
6
15
9
61
9
12
8
46
66
26
60
19
41
71
1
11
50
2
60
85
13
13
37
69
37
3
52
92
30
47
14
29
37
8
5
62
55
14
21
16
86
79
2
5
23
11
29
2
13
39
10
21
62
20
31
16
19
46
31
50
33
99
1
20
23
0
59
47
22
37
31
20
4
22
71
23
25
39
11
59
89
72
1
23
20
46
67
1
14
46
59
22
30
39
70
59
65
37
10
9
44
29
79
12
24
9
74
12
10
30
8
31
67
16
25
62
4
31
36
51
15
26
49
31
16
23
5
50
11
49
30
76
35
4
10
2
74
26
5
5
26
36
37
93
37
9
30
31
48
108
4
21
105
54
60
28
11
47
82
9
9
24
12
8
41
29
25
34
43
20
12
48
31
10
22
64
49
18
64
19
12
39
25
20
52
14
42
31
30
40
4
26
27
21
6
14
19
54
29
27
24
13
27
9
11
18
41
22
0
22
12
27
17
50
22
28
9
15
5
57
65
24
32
50
34
4
0
7
22
12
4
35
48
2
48
39
61
1
0
2
12
1
6
14
18
27
4
15
55
6
14
7
17
45
5
17
46
30
4
10
19
12
26
46
18
34
62
22
55
57
37
12
22
57
34
15
11
1
6
4
59
24
22
7
9
29
25
5
6
16
14
49
15
94
25
27
40
11
46
10
2
12
49
33
74
38
14
17
27
18
25
22
11
13
8
7
5
5
84
9
5
3
21
6
53
11
40
47
3
47
39
29
5
1
45
24
41
30
13
26
17
6
4
20
3
29
23
57
16
11
61
21
10
32
26
9
28
9
62
15
12
0
13
53
2
27
13
26
12
44
25
16
27
10
7
11
57
54
24
84
9
40
9
28
69
27
7
37
18
33
47
49
18
5
90
0
18
20
8
5
4
1
53
2
39
10
3
9
26
60
25
38
32
32
99
30
4
15
29
10
57
92
5
9
23
20
37
30
38
3
23
34
64
81
16
5
23
34
10
4
2
8
51
38
19
9
4
8
28
39
10
38
24
35
3
47
65
34
27
40
4
27
16
39
35
54
14
44
69
14
48
16
40
2
28
5
46
5
24
12
19
18
18
18
8
12
20
15
47
2
5
79
59
13
30
30
22
35
37
14
20
15
14
26
22
4
59
17
29
45
30
10
5
10
16
57
33
14
35
43
7
11
32
27
50
57
29
21
50
6
26
12
38
25
40
88
0
22
1
3
6
21
37
27
58
12
1
54
34
19
16
57
14
12
2
0
23
3
19
2
7
14
32
19
61
8
3
6
27
13
8
58
9
63
29
25
12
19
41
35
0
5
15
11
69
25
46
17
54
4
7
63
7
23
19
55
79
68
6
11
33
11
15
5
52
12
31
26
12
4
56
35
26
30
17
28
32
5
8
63
0
21
7
34
40
16
21
19
19
25
16
0
25
11
23
17
65
40
27
9
19
39
0
9
22
63
3
53
28
15
44
10
1
62
16
3
11
6
1
3
15
6
15
39
5
30
30
28
38
14
12
28
20
45
15
52
2
4
45
7
8
0
47
6
57
1
16
16
16
10
36
31
29
8
19
24
9
14
11
23
14
7
34
28
26
2
55
10
8
13
70
38
14
3
6
14
1
23
28
20
51
9
1
9
31
3
1
16
37
14
24
36
12
10
10
42
20
36
7
40
2
11
81
9
57
12
14
44
55
21
0
3
1
53
1
33
22
16
16
12
56
14
10
30
29
1
30
30
54
51
7
6
10
9
16
12
72
28
36
61
18
35
24
0
6
21
29
7
30
21
34
15
5
2
6
17
4
20
39
58
31
7
18
12
41
19
38
10
4
29
30
22
31
11
10
14
12
32
1
25
1
12
9
4
25
21
36
4
14
12
7
2
17
41
35
34
55
23
6
14
7
30
3
6
19
3
14
8
4
33
7
17
26
19
18
43
48
42
51
29
4
10
51
24
14
4
12
32
9
6
9
14
14
8
6
0
14
10
32
9
26
30
10
6
34
15
5
20
5
5
94
15
7
9
3
6
23
8
22
41
5
14
6
26
29
12
24
7
8
12
18
11
14
11
50
19
12
2
15
31
21
6
14
29
33
62
60
17
8
18
28
60
30
4
46
18
80
6
18
3
21
21
19
34
27
6
4
4
13
4
47
26
7
25
6
23
11
20
3
19
48
15
11
7
4
27
37
2
32
8
1
25
23
25
2
29
10
5
11
6
26
0
37
7
21
29
13
55
10
4
47
19
17
2
17
6
27
34
24
19
6
18
16
19
5
33
18
21
18
17
6
20
29
39
13
21
4
19
27
31
9
6
10
31
45
26
13
19
7
23
25
6
32
29
4
0
29
13
11
37
17
24
2
4
4
20
1
11
5
15
9
7
8
16
36
19
16
6
18
8
22
2
36
3
3
33
1
4
4
8
2
38
15
36
34
32
5
7
16
33
2
15
12
8
14
20
21
7
9
3
2
9
23
3
1
10
17
23
15
43
27
34
12
14
16
5
51
6
9
12
9
1
17
20
12
36
12
15
1
5
9
30
3
4
18
48
8
4
13
3
1
26
18
7
18
10
14
1
35
16
39
2
10
15
0
14
9
1
5
44
20
16
10
19
8
53
4
10
2
6
12
13
8
27
19
4
41
39
7
26
6
12
19
7
8
5
1
16
9
7
34
7
6
2
10
4
33
38
25
23
6
9
13
15
37
28
10
16
3
2
16
9
34
24
33
15
2
10
12
7
16
4
3
15
29
18
2
33
8
20
9
20
19
21
2
13
8
15
17
11
30
4
7
28
28
2
0
22
9
10
10
43
21
21
7
4
13
4
16
4
11
7
3
7
3
9
0
37
10
2
15
9
8
14
1
3
25
0
3
45
8
19
6
29
23
8
8
5
4
10
9
20
6
12
15
1
21
8
6
11
24
18
2
15
17
15
13
27
7
1
15
16
9
4
15
1
7
26
23
11
0
8
20
26
26
35
24
14
12
9
4
9
26
23
1
0
5
6
10
0
16
9
16
11
8
8
2
7
1
9
6
13
9
13
5
9
7
5
3
6
15
9
16
0
14
17
4
0
17
2
2
3
3
1
18
0
12
18
6
1
3
24
9
7
28
20
9
8
37
3
3
14
14
2
8
14
19
10
10
1
7
8
22
13
6
2
9
14
14
11
6
13
11
2
5
26
20
9
19
1
7
6
9
1
7
5
10
8
5
25
14
8
3
4
6
10
23
6
24
13
8
1
3
30
10
10
12
9
1
7
2
13
6
4
28
5
3
15
8
18
5
4
17
5
3
14
3
5
1
1
2
6
1
4
2
0
10
1
2
13
1
5
8
0
0
1
7
2
2
8
1
4
4
2
0
1
1
2
8
1
4
3
1
1
6
4
3
1
3
6
3
12
8
1
3
2
1
1
3
5
4
1
3
