3
9
31
4
3
55
14
33
60
3
67
17
1
0
12
30
18
5
2
23
7
142
7
18
19
30
28
10
55
20
16
27
17
4
16
12
2
41
59
14
16
31
11
27
0
20
46
28
18
14
63
5
6
4
36
49
110
39
6
49
57
37
16
22
3
9
62
27
21
71
19
28
31
11
17
13
33
1
9
8
11
79
59
60
17
7
65
86
70
41
24
51
40
44
26
52
15
4
19
24
18
36
66
13
11
25
12
5
35
73
17
25
39
59
41
13
13
58
26
87
1
31
1
12
28
20
26
60
120
5
11
21
44
12
33
8
1
5
31
44
101
36
104
45
18
1
116
11
17
43
28
38
4
90
15
6
95
53
5
25
54
30
2
13
18
21
42
17
68
34
62
1
7
21
3
5
46
8
21
23
2
22
22
38
22
59
15
20
13
3
86
77
43
17
26
46
38
64
73
14
27
78
47
22
50
10
27
9
11
45
40
63
22
17
49
16
85
0
6
20
82
37
38
38
27
51
30
8
81
55
18
106
49
31
8
112
69
42
1
27
25
30
48
38
16
45
21
49
41
50
8
36
15
6
27
62
12
14
10
16
37
50
38
78
104
30
48
48
30
4
23
14
5
34
62
27
43
48
48
61
16
5
29
43
26
15
22
46
3
3
31
92
53
84
87
35
12
75
12
16
78
6
64
51
49
11
13
27
105
75
41
23
40
73
27
35
36
8
33
13
40
15
25
78
3
10
9
42
18
56
7
17
48
19
21
13
27
55
14
8
22
30
117
23
9
9
47
43
29
16
62
6
12
2
76
59
44
37
67
36
46
11
35
6
10
38
24
1
40
30
52
10
34
15
30
5
0
74
54
13
3
65
19
29
63
18
54
20
22
30
67
14
66
64
91
91
61
59
1
61
9
19
27
15
0
62
2
19
59
21
88
18
29
34
93
13
15
30
26
73
18
21
16
67
58
28
26
38
69
42
9
21
46
16
69
0
4
48
30
34
59
4
20
24
47
47
20
30
52
26
93
128
36
42
39
24
19
63
70
15
27
88
16
74
40
54
17
23
77
56
32
16
38
46
19
25
29
7
9
25
33
61
35
8
0
36
24
51
24
29
27
48
1
62
32
79
10
8
6
19
61
11
5
29
32
44
72
84
27
49
51
53
6
76
6
36
22
102
11
18
30
43
22
1
46
53
78
4
46
15
66
14
13
57
1
38
41
3
13
30
6
7
40
4
13
23
58
36
52
48
3
16
21
12
8
74
35
66
34
92
43
9
32
7
38
9
100
14
41
6
40
12
69
35
44
4
34
1
33
13
36
9
27
23
43
16
13
6
22
43
51
36
64
87
41
33
47
13
30
84
12
69
2
14
9
24
16
32
4
6
14
57
4
26
39
39
33
11
12
40
79
41
17
25
3
11
9
41
10
100
68
46
116
1
21
113
29
0
40
32
47
33
45
6
18
51
26
10
9
16
37
25
32
42
7
1
87
8
25
19
4
17
16
32
50
40
67
27
54
23
18
49
27
38
7
15
14
117
22
32
8
6
6
8
10
30
11
45
6
61
27
41
22
62
29
59
10
18
12
26
1
34
59
47
35
19
15
75
41
41
7
38
35
15
77
36
0
13
1
23
54
26
21
18
25
42
41
7
82
2
41
8
33
45
8
21
1
4
11
30
66
34
46
21
16
61
88
66
55
41
73
34
12
4
49
4
4
39
48
27
47
29
60
111
35
3
7
10
13
57
1
9
57
82
54
53
7
31
48
7
47
13
29
1
14
62
1
29
52
6
29
30
19
16
49
19
38
96
5
35
37
12
43
2
60
35
28
5
70
96
14
42
63
25
37
7
43
8
6
27
23
34
4
10
9
46
20
3
21
9
25
25
10
16
59
42
54
30
19
22
5
75
24
35
44
20
18
57
20
73
19
32
48
9
28
73
23
9
49
15
12
47
1
34
64
20
48
79
25
30
21
25
26
32
19
17
43
25
42
48
78
14
30
78
37
20
6
3
17
39
53
37
14
53
8
6
2
65
31
1
24
14
40
37
13
2
8
2
15
39
34
28
23
7
24
28
43
15
2
38
16
61
36
54
47
37
34
16
5
34
52
34
72
41
23
13
1
11
57
21
85
32
2
25
23
19
37
31
3
27
7
21
17
1
41
54
129
41
22
82
43
11
74
38
23
66
32
1
115
3
19
40
4
18
19
0
23
19
85
40
17
33
26
47
4
6
1
15
47
42
4
40
72
53
22
14
38
35
3
53
55
91
20
80
44
70
61
46
38
4
64
19
4
27
30
25
67
55
6
39
9
40
5
71
54
35
24
5
43
5
28
5
5
12
27
5
36
52
10
29
61
50
15
25
27
16
10
47
5
13
31
33
38
29
71
0
5
51
99
44
16
40
17
32
20
1
33
29
66
60
36
38
25
23
121
36
27
89
55
9
57
7
105
6
64
1
27
18
30
26
43
78
34
59
4
41
54
5
71
80
27
30
22
38
7
4
12
14
11
25
28
12
25
106
30
32
9
7
33
64
20
18
9
7
3
4
9
25
9
30
33
19
0
3
65
20
48
49
28
5
53
15
34
27
50
41
11
44
6
52
14
18
86
35
60
5
34
2
15
6
55
49
58
49
7
14
37
39
14
39
3
11
27
25
13
17
35
12
29
6
60
17
57
37
19
57
4
46
48
43
32
16
12
3
24
27
22
28
28
18
1
49
5
60
64
33
30
12
34
39
32
50
35
78
27
7
6
55
9
39
1
20
12
11
44
18
10
25
37
34
17
36
18
38
3
9
12
74
7
12
10
36
2
27
21
19
15
62
40
0
17
34
24
62
58
25
56
6
1
12
15
39
16
65
18
58
8
10
33
26
35
3
24
20
16
14
7
30
52
16
34
43
22
54
50
31
13
31
16
30
69
15
26
11
28
16
3
6
46
13
22
7
3
56
34
1
13
15
2
33
7
24
4
42
59
14
54
11
17
42
20
33
7
27
17
1
42
26
74
46
10
46
38
51
36
73
31
21
35
14
19
28
36
41
13
20
31
66
11
11
42
17
65
30
14
49
16
13
61
7
12
13
17
12
18
13
5
20
6
28
13
9
25
4
1
26
15
49
7
9
31
13
46
90
52
29
5
38
28
16
1
40
28
14
9
5
10
31
22
21
2
29
69
21
77
9
19
28
65
9
24
41
35
50
5
20
13
2
22
7
35
57
31
13
85
55
28
22
3
3
12
54
34
23
44
40
23
14
27
40
1
31
3
24
51
43
2
26
41
13
10
29
6
9
11
6
33
27
52
13
20
9
35
43
40
6
3
32
1
32
25
4
52
22
41
1
22
22
28
33
6
43
9
44
6
8
19
25
16
2
19
23
10
22
19
5
32
39
19
16
25
2
32
7
21
16
10
21
14
20
33
7
55
32
47
22
20
23
20
5
23
20
1
12
5
18
52
7
28
30
22
39
16
22
8
39
24
20
38
1
2
9
0
11
3
56
34
46
29
67
8
44
3
14
37
17
23
30
11
15
15
10
31
17
13
22
4
8
18
50
19
4
7
48
11
0
32
25
12
66
27
0
15
10
5
17
13
20
24
11
40
61
29
25
24
2
61
31
8
6
30
16
38
10
22
1
49
35
25
19
5
19
28
10
53
3
7
12
20
9
26
56
34
40
2
33
8
2
17
27
6
33
0
37
50
2
33
6
28
5
7
27
22
6
26
10
19
25
0
8
19
0
16
6
38
55
15
3
17
0
8
26
23
3
14
0
34
29
18
23
13
11
7
0
39
37
23
9
8
40
11
19
43
22
3
16
12
2
4
15
10
2
22
13
29
23
33
12
36
16
12
48
34
4
7
15
11
17
11
6
13
13
4
33
44
16
1
26
45
40
8
9
22
5
27
6
50
25
23
13
14
4
20
6
4
41
18
27
17
17
31
0
10
12
31
17
36
10
9
29
33
2
65
5
11
20
4
31
25
13
36
16
20
7
28
1
11
27
34
14
3
34
3
5
14
28
10
16
13
5
23
1
14
23
10
15
21
6
1
39
5
21
24
4
28
13
15
3
11
7
11
18
24
27
0
4
4
14
29
9
4
12
17
11
9
42
26
0
30
25
22
1
13
30
66
0
19
39
36
18
7
1
2
2
7
40
0
9
45
11
59
2
27
12
6
2
4
1
35
10
58
7
12
21
32
27
23
24
51
11
20
23
10
3
8
0
9
18
17
5
35
17
17
29
37
24
15
1
13
11
40
6
41
13
26
9
12
12
26
4
11
3
23
33
13
23
29
29
19
7
42
1
30
7
33
28
43
10
5
36
6
16
9
0
26
1
2
7
13
24
18
6
41
29
4
2
10
3
18
17
14
9
2
10
24
26
1
33
1
47
23
8
11
24
20
12
10
6
13
18
34
30
23
9
10
19
21
32
28
12
9
6
6
3
23
20
16
18
2
0
26
39
18
7
9
17
24
5
21
20
39
33
23
5
19
3
4
12
7
17
27
20
19
14
27
18
26
10
2
13
25
25
27
5
30
8
51
6
11
5
17
28
21
24
28
1
1
10
8
10
18
3
8
17
15
14
6
4
2
6
19
10
24
45
3
41
20
1
14
31
21
18
17
11
19
2
27
8
4
11
2
18
1
3
8
27
21
8
17
13
14
1
4
18
15
3
19
4
14
22
15
27
7
15
24
5
23
13
12
4
2
5
32
7
18
22
14
18
35
3
0
17
25
1
18
20
1
10
6
6
26
19
18
7
18
4
22
26
10
12
0
2
7
8
25
12
17
6
9
11
11
26
7
5
3
10
1
3
1
12
4
8
0
7
21
0
15
1
1
6
1
5
10
17
38
3
10
17
32
17
6
9
8
10
19
29
20
20
9
1
11
8
8
28
14
14
9
1
29
6
21
12
5
9
13
12
14
17
12
13
15
21
1
3
15
13
12
6
18
3
6
11
7
17
5
21
8
6
23
6
22
2
2
11
3
10
6
20
5
1
7
4
6
8
2
14
14
6
18
10
12
10
3
0
15
7
7
3
6
3
3
6
14
5
2
10
2
2
5
19
4
16
1
5
4
2
4
3
1
13
7
12
4
0
0
4
8
12
10
12
6
1
5
7
9
17
7
4
6
15
5
16
20
2
15
14
1
2
5
23
2
9
12
7
4
2
8
6
2
7
13
33
6
20
2
14
1
7
13
23
9
13
6
3
9
6
6
8
1
9
15
10
7
2
8
2
7
9
10
4
0
11
6
4
5
3
5
5
14
2
6
8
2
2
1
1
2
0
2
1
2
0
5
8
1
2
2
1
2
1
1
2
3
1
0
1
1
1
1
0
