21
18
20
21
19
5
127
2
44
83
1
1
11
3
57
8
84
1
23
17
33
1
7
36
1
19
16
6
10
20
16
29
28
21
6
6
20
68
83
33
37
28
69
2
14
18
14
21
14
6
11
20
51
14
43
49
59
4
23
19
23
2
20
3
50
54
9
7
26
53
57
4
22
31
3
14
19
22
20
12
8
1
3
4
16
38
117
39
60
42
52
15
75
9
21
87
32
23
1
31
7
53
53
36
68
13
51
22
29
39
59
12
90
12
18
13
61
13
56
117
40
5
14
17
16
51
56
76
15
33
65
6
49
47
7
26
55
72
73
49
9
10
11
31
17
1
22
67
34
51
50
34
4
27
64
16
30
4
21
69
16
28
63
11
40
18
10
5
66
87
21
16
7
9
125
24
36
43
35
13
5
27
7
50
33
7
7
77
82
39
20
57
9
74
86
44
8
19
50
47
7
63
95
22
14
83
91
34
2
50
19
18
12
55
47
54
35
33
55
72
3
0
3
78
26
16
106
5
32
2
25
4
5
60
20
23
19
5
50
84
7
52
31
28
24
48
33
112
39
67
64
52
9
94
5
23
18
79
44
25
125
67
22
37
80
2
19
9
62
2
11
47
2
42
15
45
32
31
56
21
14
29
39
13
27
2
51
28
10
13
1
27
32
11
19
20
30
13
38
78
55
48
106
31
39
28
41
62
102
23
34
77
69
36
5
75
15
112
33
0
14
31
14
12
12
31
70
37
58
29
1
1
10
71
9
31
77
4
23
32
13
5
28
26
6
146
33
9
9
67
62
52
42
34
21
14
66
62
9
14
2
20
57
59
20
13
31
11
2
40
22
88
24
13
8
70
48
6
80
26
99
7
21
93
7
26
46
12
59
43
18
52
45
2
26
103
101
17
53
19
37
12
82
67
95
12
19
31
13
21
13
46
133
16
13
73
6
34
16
67
20
20
32
74
34
1
15
48
38
65
74
50
46
40
9
26
38
30
84
61
50
26
38
20
38
47
8
72
59
29
7
1
35
19
54
17
10
6
47
37
42
25
38
21
25
15
11
43
62
38
42
112
12
40
18
70
85
4
48
61
73
13
19
29
32
36
3
43
17
27
25
8
32
20
49
27
45
33
3
28
65
8
70
37
29
71
3
1
20
84
12
45
43
38
67
51
12
16
15
10
67
0
22
3
7
77
27
20
43
7
92
32
52
88
48
40
52
24
61
72
22
21
17
31
29
20
4
12
84
65
51
56
6
27
108
44
14
58
1
44
23
30
10
29
5
80
58
3
18
46
71
14
38
1
64
27
64
39
12
65
40
50
16
47
6
2
94
33
33
69
6
44
28
16
23
7
15
57
30
39
102
10
3
6
37
60
35
6
4
7
33
62
17
26
20
90
64
75
29
13
22
5
4
50
92
52
37
44
82
19
44
109
5
5
23
39
3
58
17
33
51
12
8
34
25
37
54
24
43
25
4
34
19
4
62
3
32
13
16
12
121
21
50
61
11
1
17
11
68
17
10
55
27
39
5
39
12
16
25
54
7
12
23
32
68
49
5
55
9
70
4
15
40
17
31
39
31
7
71
29
11
19
11
4
24
40
2
48
10
5
5
44
11
52
49
5
20
33
11
37
25
43
26
28
47
36
52
10
25
20
30
51
30
30
12
5
7
33
29
13
18
39
25
23
53
49
1
78
29
40
38
10
57
5
36
44
1
89
27
34
39
66
27
29
20
7
25
20
15
48
48
4
24
68
5
45
8
3
8
45
5
51
5
45
2
17
70
2
49
8
28
13
8
42
40
30
23
11
24
30
43
51
35
73
103
48
16
40
6
10
3
78
22
67
2
34
5
54
30
24
6
18
30
1
23
40
28
13
27
2
47
46
47
18
4
34
15
8
44
4
28
70
14
47
28
12
70
37
16
46
31
1
39
8
4
9
41
54
20
14
55
37
11
57
13
28
33
65
26
33
65
17
15
33
32
62
88
21
68
91
33
63
59
17
65
23
12
24
72
13
2
36
3
12
13
35
8
31
19
25
15
53
18
17
31
37
6
48
17
90
18
20
29
26
16
71
62
12
48
4
16
11
27
56
27
33
7
43
12
65
27
2
14
58
11
49
4
20
46
43
25
3
11
65
22
29
27
42
23
41
7
55
43
39
71
85
7
13
21
21
39
40
47
29
30
22
46
7
1
43
46
15
5
57
2
27
1
31
23
40
34
39
81
16
12
4
46
13
0
28
31
51
79
58
1
7
5
35
27
14
10
46
34
8
1
23
56
48
79
40
77
64
16
10
22
20
18
65
0
33
15
22
40
6
41
15
42
7
24
43
15
9
12
66
75
22
25
15
41
8
13
17
46
15
15
19
9
81
36
3
4
45
29
25
64
1
57
44
51
38
22
50
20
10
39
32
11
48
11
2
20
8
38
3
42
53
0
83
5
36
28
16
43
21
10
16
12
7
73
14
17
50
9
33
22
7
32
22
32
16
41
12
2
57
21
9
26
11
55
43
14
6
64
23
22
54
33
36
13
13
91
48
44
2
38
22
36
47
43
2
39
12
19
10
28
1
20
42
5
7
32
48
16
38
15
36
7
79
36
5
28
9
15
14
25
0
39
27
23
27
10
21
3
43
36
11
24
26
42
1
26
48
22
28
51
1
18
2
48
10
9
54
1
4
63
18
7
10
50
41
9
40
19
20
20
34
28
31
6
45
20
21
72
1
13
41
2
20
1
36
4
65
11
46
50
58
21
15
42
3
30
46
6
35
23
1
25
7
1
37
11
2
10
15
2
4
70
52
20
63
64
48
44
38
24
16
3
32
70
52
12
39
11
4
10
22
49
25
40
11
72
79
21
10
9
11
48
27
25
39
25
50
47
36
18
13
0
2
90
72
27
10
15
11
4
14
36
70
43
24
9
33
2
57
24
9
12
65
31
1
44
25
33
54
56
10
18
6
12
10
28
22
23
18
29
28
5
21
36
30
68
30
9
52
42
34
17
36
5
45
48
28
51
31
56
19
46
3
29
43
15
2
21
52
92
8
33
4
8
6
22
7
28
74
11
13
39
33
17
22
9
5
10
37
12
28
39
49
32
57
63
13
26
63
26
47
38
32
40
53
16
24
5
32
23
10
39
13
16
43
19
3
36
66
14
43
26
2
26
25
3
10
6
73
8
21
64
30
35
0
8
5
15
5
3
5
23
3
26
32
6
41
23
51
39
24
29
48
37
15
18
2
39
44
12
61
42
58
45
53
28
34
45
57
1
8
11
38
8
19
15
9
38
12
2
1
22
26
11
30
16
0
13
16
51
42
6
6
30
72
51
12
9
48
8
33
55
40
27
44
4
1
4
29
66
21
20
25
70
39
31
37
0
16
41
7
25
4
42
8
14
34
33
43
14
27
48
18
5
28
26
14
6
14
9
2
1
26
24
42
1
60
18
24
35
4
15
34
17
18
3
15
33
31
1
4
64
13
28
8
8
29
4
23
22
15
42
12
8
42
45
25
26
1
35
9
6
44
14
2
35
13
14
8
22
12
28
29
54
30
1
5
7
43
40
32
27
20
35
16
43
12
31
47
16
31
6
20
25
34
7
4
11
15
14
27
25
19
13
43
27
43
25
32
5
8
6
1
22
17
38
21
8
21
12
17
11
2
7
9
15
7
0
33
29
20
7
12
1
12
12
47
28
22
50
16
61
47
61
25
19
21
26
37
23
5
6
1
46
28
32
1
9
29
16
73
2
20
37
44
17
4
17
5
23
16
34
18
15
33
15
8
25
38
12
58
6
14
32
10
16
45
20
20
21
17
10
16
57
15
44
18
12
0
4
18
23
9
25
8
36
13
37
14
19
14
45
35
9
11
14
21
11
13
17
7
24
52
21
22
45
15
30
23
3
59
21
7
1
17
42
34
4
17
48
0
24
0
19
5
28
32
3
18
29
26
37
8
39
6
48
24
3
28
21
8
38
20
14
26
1
14
0
1
34
16
13
22
18
20
3
20
34
39
45
19
22
40
0
1
10
39
29
22
12
33
28
20
22
5
16
24
22
25
46
7
17
14
6
5
78
15
10
27
12
4
6
12
32
53
13
3
21
12
18
5
23
8
6
5
24
13
0
4
2
13
27
21
9
14
27
18
8
2
36
7
27
32
36
25
31
20
3
25
49
10
23
47
12
39
4
6
25
3
12
23
3
16
26
24
4
14
30
15
12
10
6
19
6
12
9
11
43
1
21
20
10
8
23
14
39
47
9
29
17
5
35
40
15
23
8
1
17
26
5
8
39
4
17
15
10
24
18
27
4
8
0
11
13
51
22
0
29
0
2
54
12
14
4
13
21
4
0
32
0
29
3
25
23
1
41
24
2
25
13
45
3
2
18
24
5
36
0
14
4
9
23
7
14
23
17
33
27
18
4
12
12
11
0
10
23
20
10
10
0
26
4
5
24
8
32
5
4
20
28
10
6
11
36
15
32
3
36
4
25
39
11
12
19
14
8
2
5
16
3
0
6
19
12
25
10
29
16
10
3
45
2
8
25
8
16
49
23
17
8
26
11
6
2
10
7
2
21
20
1
8
13
13
28
8
18
46
5
1
18
13
14
29
2
30
7
10
13
9
13
8
22
4
20
20
4
13
14
30
21
8
2
16
3
0
40
10
0
7
22
9
21
21
18
19
25
22
25
4
8
31
4
6
29
31
9
9
14
16
8
21
19
2
15
44
23
26
1
1
3
5
12
15
4
4
4
27
24
24
5
25
25
19
10
17
1
11
2
15
22
2
7
2
9
7
15
2
21
3
11
3
25
19
24
10
3
10
10
2
6
7
39
8
16
15
1
25
6
6
0
7
9
8
1
24
18
35
6
14
12
8
3
1
2
0
31
18
12
29
8
8
4
21
5
10
2
22
3
12
0
10
18
15
1
16
33
1
14
5
8
29
15
14
8
13
6
27
13
4
11
24
22
19
11
8
0
6
8
22
19
20
19
22
13
7
4
13
22
10
8
7
17
5
21
4
33
3
5
11
7
16
9
7
16
3
9
27
14
22
20
15
11
1
8
6
8
27
14
12
11
11
19
10
8
8
2
2
9
14
22
13
7
2
7
8
7
8
10
25
16
3
5
10
11
5
12
3
1
15
14
2
2
11
0
11
13
11
1
11
8
3
2
5
2
4
15
4
1
12
2
8
7
10
3
2
4
2
4
3
3
4
4
11
9
9
8
6
4
0
3
6
4
2
9
5
3
1
16
1
5
3
1
5
2
5
12
2
16
4
10
5
9
7
8
2
9
5
5
8
3
2
11
2
6
5
2
1
7
2
2
2
17
1
4
4
6
0
4
3
1
1
1
0
0
0
