1
17
11
3
35
3
44
81
9
6
15
3
35
97
6
61
26
2
13
15
18
19
39
14
22
37
5
17
16
30
24
40
28
20
2
7
17
15
27
39
27
25
58
12
29
35
1
43
16
12
67
44
32
41
2
30
29
109
42
64
5
18
78
12
1
50
71
12
14
43
6
41
14
32
1
12
15
59
64
10
13
1
25
29
54
50
38
58
75
10
2
62
57
8
9
9
16
27
43
10
57
66
5
10
8
6
41
74
105
57
44
5
63
8
5
18
8
22
50
31
46
1
36
12
73
101
2
44
28
89
32
54
2
12
74
34
25
23
17
8
8
37
16
120
14
56
31
49
25
10
36
19
22
28
38
5
54
37
40
61
12
30
36
17
83
10
7
23
4
66
98
36
81
2
50
41
8
34
2
23
5
5
32
48
19
24
96
68
27
17
41
4
41
43
75
12
38
5
71
70
29
13
69
75
10
12
36
15
119
2
10
32
26
19
66
33
40
65
28
9
27
26
49
37
20
55
32
14
10
77
60
36
43
21
38
67
9
75
8
47
60
2
61
49
20
67
11
46
23
34
15
14
3
5
22
14
12
34
12
19
41
21
69
60
58
60
37
38
24
52
4
50
16
40
46
30
33
62
16
57
68
30
29
33
30
87
43
56
25
51
96
37
89
97
37
62
36
12
71
100
5
16
54
53
43
43
29
6
38
79
75
1
33
29
78
113
57
18
29
11
54
47
4
97
52
6
44
12
39
11
34
79
59
28
17
38
64
52
63
25
30
71
76
20
73
3
26
63
61
16
30
10
22
34
10
74
19
50
18
72
38
37
9
61
2
6
16
69
11
11
79
67
78
25
36
39
21
24
65
0
45
27
4
24
49
4
49
53
13
32
65
18
40
9
29
116
9
31
29
2
19
65
2
26
36
45
109
52
28
98
90
23
63
45
10
52
16
40
35
13
31
8
11
42
22
17
89
64
61
26
28
38
16
91
35
32
21
23
43
32
115
76
35
4
7
19
69
65
30
22
47
3
8
8
20
37
38
26
2
18
66
47
6
10
53
80
4
43
30
78
69
23
16
44
52
12
29
18
4
26
4
1
21
54
15
62
24
91
26
17
38
35
23
37
44
63
58
1
15
19
6
12
34
69
25
20
42
87
14
40
1
37
45
61
72
27
19
43
36
56
23
9
92
2
22
16
44
34
5
133
31
47
21
33
82
7
58
59
8
58
33
18
38
20
57
100
21
98
47
74
11
10
4
2
82
39
29
67
111
5
21
23
55
90
44
34
13
34
3
10
8
94
53
38
2
16
22
10
88
39
71
49
11
49
2
33
42
25
20
103
61
20
5
28
8
4
24
57
10
10
4
9
70
44
54
45
31
22
14
4
18
14
55
24
21
40
8
40
24
31
23
50
19
46
44
35
34
30
38
26
23
70
49
6
32
12
22
51
12
44
5
22
30
9
15
60
39
32
30
35
44
22
52
26
56
42
85
64
8
17
7
31
2
32
31
19
48
98
30
8
14
15
31
6
35
60
52
34
38
28
14
1
20
31
42
55
48
10
2
14
39
20
7
13
20
1
47
8
21
12
96
21
70
48
57
51
38
50
22
46
48
14
60
65
23
34
1
38
6
52
43
15
52
15
26
96
21
14
24
2
14
48
32
32
3
69
43
93
6
0
72
3
36
21
13
61
29
1
4
30
24
77
21
41
32
9
44
4
22
7
4
43
8
13
69
36
58
7
34
28
47
43
55
8
13
16
3
75
71
83
35
37
27
14
16
43
14
47
34
100
7
4
18
4
14
28
76
6
55
57
30
2
5
38
29
82
27
19
5
32
24
77
1
80
18
7
16
33
22
20
43
33
78
7
100
54
11
37
64
22
45
69
26
10
14
10
34
12
49
58
91
36
0
4
28
60
21
24
2
4
56
16
2
42
56
53
18
21
60
66
43
17
25
1
72
83
47
28
9
38
15
2
36
7
15
14
53
71
49
14
32
29
6
7
27
4
43
5
28
34
12
5
46
20
22
32
18
8
32
25
4
8
24
31
69
73
2
52
5
10
6
13
9
19
36
59
53
26
35
24
17
30
36
21
5
10
26
27
21
30
35
14
64
13
53
1
3
8
22
18
60
1
41
25
3
23
34
25
40
37
43
11
58
28
21
45
8
11
44
75
30
49
54
1
33
10
48
13
30
20
4
11
37
21
18
43
27
18
7
18
67
53
3
72
6
92
27
30
50
36
20
20
29
55
14
11
58
35
43
9
24
18
55
2
46
24
25
8
58
2
55
24
14
14
13
3
28
25
19
22
53
22
1
27
93
18
10
10
81
1
0
46
7
35
8
56
27
51
65
19
101
24
38
8
13
3
21
51
35
32
21
74
7
21
21
34
0
25
39
7
37
65
27
9
5
43
20
6
15
5
67
21
66
11
40
50
52
18
16
9
4
90
5
51
44
105
18
12
10
40
48
34
37
65
19
15
6
42
18
10
5
92
37
2
51
16
8
61
7
10
8
38
39
18
18
8
42
35
14
11
48
9
14
38
13
6
19
13
47
21
65
6
53
57
26
24
9
19
14
24
3
24
47
10
4
39
53
10
13
89
22
7
32
43
17
6
18
57
22
6
28
24
32
41
106
38
72
5
26
10
9
21
18
27
2
9
29
21
42
38
74
25
19
35
2
15
38
13
9
32
7
2
28
9
18
26
1
35
7
3
13
6
9
1
24
27
73
29
39
49
30
0
41
49
41
10
7
48
41
6
58
18
29
8
46
58
27
19
47
23
20
8
16
10
31
47
22
5
6
72
34
10
4
27
32
18
3
38
19
52
60
29
70
16
79
11
35
39
2
72
27
39
1
22
24
31
29
0
47
50
15
31
4
14
44
40
22
20
27
5
16
3
44
10
25
17
22
15
40
33
26
3
28
48
37
18
15
47
27
73
27
22
38
36
32
6
11
15
22
64
24
21
1
35
13
54
74
1
24
30
16
34
25
48
17
22
31
21
36
15
32
7
10
12
2
14
61
48
26
22
11
3
44
70
7
10
8
35
59
2
37
1
36
41
10
14
56
14
24
4
3
5
2
4
12
28
95
6
49
16
75
19
59
4
18
8
4
12
26
17
38
8
12
1
70
1
22
32
7
10
84
46
35
10
26
34
3
83
37
31
2
55
5
45
2
12
61
5
15
31
9
11
40
27
58
24
14
14
7
4
5
29
47
7
9
51
43
20
14
9
4
17
37
27
27
14
4
6
56
9
53
74
45
34
11
1
5
37
36
10
3
14
16
20
9
54
6
29
34
42
26
23
34
26
5
29
61
8
22
5
8
55
26
14
25
25
24
11
4
4
26
40
29
7
35
15
27
29
12
18
34
34
11
15
3
16
45
20
32
10
3
6
15
15
9
35
18
18
8
21
4
12
7
27
29
35
31
23
38
20
16
11
2
32
23
18
3
11
27
17
14
4
25
34
25
27
5
35
3
117
6
13
50
6
22
19
8
11
29
7
2
49
48
8
2
15
24
3
39
49
45
17
100
23
28
24
40
26
15
54
4
29
60
40
8
2
7
44
19
14
73
8
7
31
51
5
64
6
12
29
9
51
10
48
18
1
45
18
3
36
10
6
34
14
67
36
35
9
20
27
16
0
28
36
27
24
0
26
7
22
6
42
32
3
15
6
12
4
0
22
10
2
28
50
20
13
12
10
8
7
19
7
5
29
23
15
18
44
11
64
41
5
11
12
10
10
19
7
66
4
10
57
24
22
16
32
2
14
25
18
31
29
1
12
26
23
20
25
13
22
4
49
63
1
8
3
17
23
39
16
0
33
16
4
13
18
42
8
35
17
11
35
33
31
25
10
3
32
14
35
32
2
0
34
10
4
29
58
8
32
3
37
23
8
30
27
36
2
15
14
19
13
0
16
5
16
17
23
1
33
16
24
4
30
16
9
14
30
32
15
24
30
11
13
38
13
37
27
8
41
11
2
42
23
5
4
28
0
29
22
2
12
32
16
16
44
2
13
8
7
25
4
28
31
33
10
16
26
8
68
27
16
7
2
20
19
26
40
50
11
29
57
23
2
22
3
6
4
35
19
7
25
32
19
40
18
44
10
31
12
18
13
28
7
14
7
14
29
7
5
5
16
46
27
25
1
16
38
11
38
25
40
0
3
37
41
11
3
18
12
24
22
1
33
31
7
13
22
13
24
27
7
1
6
8
14
21
12
27
22
24
1
2
11
16
13
37
26
10
17
21
12
16
1
8
5
12
12
1
25
25
1
27
25
27
34
30
57
9
17
30
20
5
18
2
19
2
43
15
14
6
11
8
12
3
13
13
24
7
2
16
11
8
22
24
7
20
15
1
27
28
33
23
28
6
4
26
32
9
24
2
10
23
6
53
7
2
27
49
36
7
24
34
13
6
9
23
23
14
11
23
38
27
12
7
11
2
4
12
2
35
45
13
15
28
22
15
14
0
19
2
4
30
34
29
5
24
7
23
10
14
7
12
19
24
11
23
2
11
20
19
2
3
11
17
5
10
24
7
25
17
26
14
22
25
16
7
4
3
11
4
14
17
1
13
30
20
2
0
7
10
7
1
20
20
12
22
5
31
4
6
11
1
5
5
9
30
5
19
3
18
13
29
17
7
4
29
18
1
8
22
1
22
8
13
9
21
2
17
25
19
9
9
4
5
22
10
10
6
29
13
16
6
0
28
17
20
26
6
7
10
24
10
15
20
24
1
2
25
5
3
11
22
2
27
33
15
15
3
17
3
11
14
5
3
4
33
29
6
3
11
21
18
12
14
4
13
21
1
6
7
23
3
12
1
3
21
9
2
11
15
10
5
10
14
6
2
9
23
16
10
29
32
1
38
21
21
14
14
0
8
27
6
1
3
24
3
13
10
17
11
1
7
21
15
10
7
16
15
17
7
14
15
20
13
16
20
9
14
19
14
16
5
26
2
16
14
3
8
3
9
17
10
1
2
3
3
14
6
2
5
18
2
4
1
15
6
19
5
21
30
5
19
2
3
5
12
11
4
2
12
3
11
25
11
2
11
3
8
6
23
24
3
9
7
4
4
48
8
14
5
7
30
20
19
3
5
12
4
7
28
8
6
11
16
5
7
5
6
1
9
0
1
2
10
11
9
12
11
22
16
5
10
5
6
4
6
10
7
10
18
9
2
5
8
12
9
6
1
6
4
3
6
12
9
11
8
2
10
8
1
4
2
7
9
7
8
5
11
3
3
14
1
2
4
6
0
6
4
15
2
8
4
5
7
1
6
6
7
6
11
9
5
3
3
6
7
6
1
3
8
9
1
1
1
7
4
0
5
3
4
0
3
9
0
2
1
1
8
0
4
3
1
3
2
4
1
0
0
0
