4
15
7
35
1
4
43
15
29
5
10
13
17
5
12
4
29
6
16
69
12
5
81
12
3
2
11
26
3
86
11
16
24
15
44
27
8
24
32
3
37
24
12
56
1
73
74
64
10
40
96
9
82
22
23
38
16
44
66
52
68
51
52
22
74
48
14
27
45
5
42
23
17
13
7
63
5
23
12
5
45
15
15
31
7
17
45
40
25
85
55
4
5
20
4
56
0
77
19
27
30
44
20
33
3
75
15
12
56
76
3
43
104
109
43
23
33
5
87
60
69
68
25
49
17
56
76
41
24
1
13
18
7
1
43
25
79
61
19
65
36
27
99
97
23
77
33
36
54
76
41
14
38
30
69
36
50
71
28
24
16
51
99
54
29
54
33
16
45
61
12
65
53
60
12
59
50
44
73
13
21
39
27
10
28
20
36
33
30
19
6
38
15
11
72
34
10
35
11
11
60
36
5
33
48
36
48
61
60
33
58
29
11
33
97
17
38
99
9
73
104
50
22
39
59
60
86
20
92
25
35
12
62
89
105
24
17
26
31
36
47
43
48
82
0
7
54
17
49
22
69
37
57
68
15
31
11
7
77
79
4
4
87
37
2
2
39
79
37
20
18
15
14
22
44
61
3
26
2
1
17
24
7
35
4
3
9
85
19
36
12
8
96
36
60
98
22
15
26
11
106
13
6
68
8
12
39
121
145
23
27
5
122
4
21
29
35
51
46
49
60
43
1
68
38
20
80
48
47
30
61
8
9
42
43
26
23
78
63
74
16
49
15
20
10
12
42
3
6
40
39
41
24
20
68
77
13
38
30
45
34
12
3
15
19
20
35
20
46
54
52
60
44
1
9
74
43
79
46
41
31
80
13
36
24
2
2
34
93
34
27
51
15
9
41
44
54
54
49
20
54
35
35
42
26
34
51
55
9
18
48
32
20
35
14
14
57
10
21
18
62
20
17
53
40
39
45
53
56
50
3
101
33
37
10
53
16
29
37
37
30
24
45
18
30
10
10
15
66
19
34
6
4
59
49
62
2
62
14
41
22
48
9
65
18
37
32
39
59
31
30
11
60
18
13
16
8
4
25
25
84
34
39
40
81
82
23
32
8
5
13
2
50
47
65
28
18
21
55
9
13
19
5
2
43
21
50
51
82
24
2
3
36
47
9
40
38
31
2
12
87
31
27
41
14
0
74
32
87
41
8
67
80
6
6
36
16
34
74
42
1
21
48
74
90
16
2
4
6
62
5
52
20
15
18
30
24
31
30
26
26
34
22
13
53
54
82
11
67
39
13
25
17
28
13
19
10
5
61
65
52
75
22
15
91
93
12
22
70
47
107
36
1
56
70
77
27
23
24
26
59
51
67
30
21
30
4
44
27
58
31
56
37
42
10
81
65
29
82
20
6
39
81
15
39
17
13
48
65
65
13
58
41
41
31
68
5
3
82
62
50
13
37
37
30
21
16
38
87
21
42
18
42
15
7
46
42
58
21
45
54
31
44
50
36
27
69
20
18
7
49
88
24
36
47
30
47
81
4
44
23
10
45
32
38
24
63
2
51
21
29
38
5
29
8
1
79
13
78
22
27
18
86
3
47
43
54
21
17
2
44
62
1
52
26
14
24
9
10
42
21
32
63
3
51
11
31
28
4
17
26
56
81
34
47
25
29
6
34
62
4
4
64
10
30
51
79
17
13
6
11
12
35
4
29
17
19
20
42
5
7
3
38
29
12
4
12
47
38
64
70
39
27
17
12
72
19
6
29
15
43
11
32
1
60
34
39
50
18
20
4
40
70
36
46
7
50
79
9
8
75
21
27
15
22
38
16
65
67
13
98
31
40
43
40
7
8
2
14
11
51
44
35
88
26
13
12
61
25
77
13
10
37
23
20
43
57
57
4
11
72
57
3
8
9
32
24
13
22
44
40
20
36
57
15
50
16
24
31
24
63
55
51
37
62
2
17
54
1
48
15
147
8
9
45
5
56
12
42
38
3
94
15
7
8
68
54
58
29
13
42
51
30
20
28
14
92
26
40
28
66
9
26
53
55
13
1
52
4
2
26
118
42
16
18
5
27
22
45
69
21
47
50
37
57
92
89
66
10
66
37
4
77
37
43
32
11
69
24
52
25
5
54
65
3
17
5
61
48
57
46
17
3
39
49
42
12
53
12
26
29
11
38
14
63
9
25
6
53
15
45
63
31
2
48
36
6
9
7
31
50
55
45
28
20
56
33
108
10
0
3
35
9
47
9
7
11
65
89
42
0
49
26
27
31
56
27
60
14
12
11
5
8
23
34
57
34
16
25
21
3
12
6
23
55
30
23
55
9
24
13
7
5
33
19
22
0
7
13
1
24
63
10
2
101
9
31
28
13
19
13
42
5
17
80
41
43
28
63
39
20
29
31
31
49
13
7
24
66
31
26
0
75
17
37
41
9
19
28
44
3
9
18
97
72
4
12
14
11
47
2
7
9
12
30
49
71
23
22
4
19
41
5
65
4
59
37
0
22
6
12
25
10
23
53
11
37
65
11
9
26
6
30
84
14
10
8
10
15
13
21
28
1
16
38
13
117
37
33
15
9
93
77
24
11
20
59
35
30
14
11
10
32
22
56
57
3
3
9
45
20
11
48
7
24
26
28
10
48
7
28
19
14
41
22
48
21
42
9
11
33
4
39
52
10
4
61
36
30
18
8
12
12
62
8
2
22
2
26
2
0
32
61
14
12
10
19
31
42
33
55
18
26
15
58
30
1
81
15
20
9
10
0
50
64
19
17
35
8
41
30
46
9
31
25
52
18
32
31
40
26
51
60
2
36
37
20
16
21
55
47
5
43
90
6
26
1
11
13
46
40
31
28
15
21
7
7
15
37
33
15
31
40
50
68
26
1
63
36
0
31
7
23
8
34
25
19
11
51
38
4
42
8
27
2
49
23
4
17
36
8
49
32
42
10
22
34
60
11
44
11
62
10
41
18
10
10
1
29
7
41
22
15
25
7
57
11
1
38
11
41
55
13
60
0
32
0
5
14
39
9
12
35
2
47
20
7
51
14
62
20
32
6
68
53
29
14
11
13
46
33
35
28
6
26
13
57
14
48
17
39
71
27
24
41
20
27
11
14
19
22
47
43
26
4
11
7
2
16
26
69
2
38
47
17
40
14
9
1
28
13
50
6
45
37
29
2
7
24
53
46
11
25
3
0
9
48
50
28
14
0
27
9
22
34
19
8
5
53
28
18
62
82
39
9
69
3
2
79
1
4
43
19
13
6
19
5
16
6
30
21
12
13
13
1
4
25
17
41
44
3
8
9
15
20
25
16
10
29
39
36
23
21
24
45
14
69
1
49
40
18
6
7
60
11
39
12
16
30
19
23
4
29
15
45
46
17
15
34
13
40
6
55
23
16
4
5
58
25
9
28
20
17
18
26
19
20
11
10
0
10
69
15
24
25
42
11
35
48
33
29
2
47
24
19
31
22
69
29
14
14
12
2
36
9
3
14
41
20
32
40
1
2
37
52
35
7
6
55
37
37
11
0
48
6
29
8
48
63
52
24
15
21
43
13
21
18
17
4
33
18
17
13
1
15
11
31
32
13
2
42
19
36
10
47
13
11
28
9
10
23
1
18
20
7
24
12
19
35
29
18
31
7
6
21
36
26
19
67
16
42
50
21
23
34
64
6
29
4
30
18
9
4
1
33
29
40
30
15
26
36
8
28
17
14
30
2
17
18
3
12
20
39
2
13
13
21
20
34
13
6
28
7
38
24
15
20
14
23
46
11
55
45
9
43
12
21
2
11
40
15
13
1
37
10
3
16
3
41
60
39
4
39
20
2
67
12
16
37
28
43
70
0
53
20
1
7
33
19
23
7
28
1
22
28
53
11
24
10
0
3
0
12
43
17
0
28
27
10
25
14
6
17
55
41
20
27
8
24
7
24
29
6
21
15
13
17
5
44
26
2
21
2
32
24
31
23
4
46
8
26
29
15
25
11
55
3
4
15
29
4
2
2
28
10
1
55
12
2
8
4
38
15
4
27
20
19
9
47
6
13
16
7
47
28
7
2
15
5
16
13
5
9
15
11
24
13
21
34
18
7
13
13
10
38
1
2
12
11
3
40
16
31
11
26
26
66
27
19
51
38
21
1
5
20
14
12
46
12
17
8
14
16
1
2
4
20
7
40
17
11
6
26
11
30
9
22
34
17
12
10
18
5
1
5
38
23
16
30
20
10
35
28
28
7
26
1
16
10
6
12
6
52
18
15
11
1
24
7
13
29
35
33
3
0
2
14
1
18
46
18
30
7
2
2
24
34
5
18
2
17
33
21
5
10
12
24
1
32
32
37
1
43
9
4
14
13
23
47
4
6
10
20
45
10
14
25
7
0
5
8
8
5
28
21
24
3
7
13
21
18
13
7
19
2
19
3
20
5
20
27
7
0
46
41
9
15
45
37
2
10
32
32
31
28
8
9
1
12
21
25
4
2
8
30
1
14
26
30
4
9
9
6
35
33
24
20
34
9
21
27
4
9
21
7
8
25
1
19
29
2
22
10
25
28
6
15
23
25
6
24
31
4
28
6
33
3
13
4
23
16
6
10
24
17
25
12
8
4
11
4
6
13
27
17
0
16
10
8
34
10
2
14
14
13
3
24
10
20
4
24
44
10
4
18
1
12
18
4
33
22
3
15
16
5
13
16
17
24
12
1
7
23
16
11
2
15
3
9
20
25
5
21
32
9
19
8
27
3
7
2
2
27
28
27
12
24
9
1
4
9
27
22
3
11
5
16
41
3
9
24
8
14
27
29
11
29
34
13
2
22
11
6
22
10
0
3
25
16
8
17
11
10
2
16
21
16
23
8
16
16
3
1
10
5
37
1
19
36
18
3
21
6
24
18
28
21
15
10
5
3
3
15
4
15
6
7
2
19
6
25
9
2
22
28
6
15
9
4
9
17
20
37
1
22
2
1
16
7
15
0
1
6
20
18
17
7
1
3
5
24
20
15
26
16
10
7
1
5
5
14
25
19
16
5
5
15
12
2
6
13
5
8
0
2
5
12
21
6
12
17
31
24
15
1
24
6
5
11
4
12
4
1
3
4
5
13
10
9
9
11
17
7
3
26
2
12
16
3
10
6
10
21
1
13
8
0
3
9
4
18
2
12
5
7
0
4
3
15
10
8
11
9
3
3
6
16
3
7
3
7
15
11
11
11
2
19
7
13
2
4
11
16
7
1
12
10
9
1
1
4
5
18
14
3
15
7
4
11
9
9
5
9
9
9
5
12
0
2
10
8
6
8
1
3
2
4
1
3
0
6
6
1
0
5
3
5
7
0
1
6
3
6
8
2
7
0
0
3
6
0
2
3
6
3
2
4
8
4
3
4
5
4
2
3
2
1
1
0
0
