3
13
11
9
17
11
0
7
4
13
8
3
5
8
5
4
8
2
1
9
15
12
4
6
14
2
8
26
26
10
5
14
4
1
2
9
8
17
7
12
8
2
25
3
12
8
4
10
4
12
23
9
13
15
23
6
9
12
17
1
30
19
12
9
1
25
7
3
13
2
8
10
1
0
5
3
8
16
3
13
16
5
1
30
4
3
18
4
4
25
13
5
9
7
8
8
11
12
9
4
1
7
22
18
6
8
11
2
3
19
0
5
1
16
10
3
12
5
2
4
5
0
26
15
5
5
15
4
10
8
3
15
6
10
2
3
4
2
9
4
13
8
3
9
2
9
21
5
0
7
6
15
14
5
1
9
1
11
3
4
9
3
0
16
7
15
3
8
3
8
3
1
5
10
4
15
11
5
3
5
6
4
12
1
8
5
1
6
0
1
10
13
6
8
1
2
2
11
6
8
11
5
5
4
1
0
4
1
5
5
1
4
1
3
2
4
2
0
8
2
0
8
3
0
3
3
11
3
2
1
0
0
3
1
2
3
1
2
5
1
