5
26
29
4
18
19
23
82
58
5
29
24
1
82
24
11
44
9
17
16
37
15
8
5
12
16
32
10
28
12
69
8
22
0
43
35
120
35
17
46
53
29
32
7
12
71
57
33
16
29
12
2
5
37
27
40
5
44
7
40
57
45
51
92
24
3
32
5
25
43
3
23
16
64
31
47
27
2
15
27
22
14
37
17
3
16
27
75
50
45
32
71
46
44
37
108
49
55
23
40
18
11
7
7
62
80
51
36
38
41
9
21
16
54
83
24
9
52
14
43
54
37
5
21
41
8
27
35
47
9
47
20
31
39
27
53
18
39
2
10
21
13
31
19
14
60
4
93
100
28
31
20
44
18
7
40
20
31
6
83
64
9
25
48
67
26
23
25
42
21
40
7
50
46
40
29
120
3
37
32
32
99
36
12
30
71
60
54
3
62
45
83
19
103
25
76
10
20
16
27
40
38
53
2
44
35
23
5
8
14
31
39
53
87
58
31
15
94
51
63
44
135
78
39
12
32
17
31
73
4
44
63
46
48
91
38
29
16
25
13
10
23
84
18
14
32
52
42
91
11
34
21
7
61
89
0
9
28
31
39
47
64
34
31
21
48
120
69
14
1
83
63
51
63
24
43
39
40
29
40
8
58
67
19
18
95
43
18
111
55
86
98
1
31
102
51
17
14
23
34
3
19
26
104
28
76
14
28
57
0
72
12
15
54
46
54
32
58
16
69
65
38
1
31
2
77
35
2
10
22
24
75
23
36
37
31
1
5
35
66
101
46
47
66
6
15
29
126
22
29
83
63
31
25
23
51
6
17
24
3
2
37
21
11
10
26
17
48
11
82
62
80
34
2
20
31
64
91
88
81
34
22
45
3
8
47
70
10
48
35
80
23
20
26
7
13
92
55
34
1
112
10
74
10
24
13
11
46
63
70
16
2
49
56
81
25
69
52
58
20
16
24
62
3
1
30
21
24
29
39
7
68
71
26
1
39
15
45
90
15
4
31
55
30
22
29
11
12
38
65
23
71
40
51
16
36
10
54
9
42
12
27
29
2
4
30
37
9
52
63
41
43
10
17
85
32
54
33
36
6
58
6
12
31
25
14
49
9
5
8
10
5
75
29
31
14
28
36
32
68
6
38
34
37
28
12
38
12
25
13
45
39
37
24
32
70
60
14
59
18
12
40
20
22
15
1
77
27
13
43
25
10
45
1
15
20
46
34
108
13
46
49
65
0
22
95
11
61
54
77
30
3
4
52
4
14
104
39
3
42
33
4
35
2
66
16
12
44
24
20
21
19
21
2
74
59
69
7
50
17
5
3
46
20
11
72
17
0
59
75
25
12
10
51
29
68
76
50
34
30
12
48
9
58
34
11
6
33
46
53
32
13
22
36
46
2
36
63
14
17
15
54
17
9
25
30
4
67
14
8
26
6
23
17
24
18
7
12
38
6
23
31
33
3
38
86
27
53
12
27
6
70
37
6
50
2
49
12
25
64
101
52
4
27
17
51
36
12
57
15
64
30
112
24
43
68
52
6
11
15
27
4
10
13
57
24
54
41
22
7
17
4
47
32
24
35
78
19
51
11
14
14
43
62
50
75
20
42
57
65
90
43
47
65
1
22
1
3
18
27
76
15
47
4
5
127
143
16
74
53
27
38
32
18
26
39
51
53
4
27
7
14
68
30
68
19
47
34
20
27
63
57
19
54
53
36
11
46
10
26
41
11
15
25
15
3
35
4
77
11
72
16
16
34
17
3
64
21
46
45
20
28
7
7
42
7
93
63
16
56
79
56
19
47
6
69
52
11
26
116
11
20
3
14
51
39
29
37
25
27
31
38
22
50
6
16
33
5
42
1
5
69
81
25
18
77
50
12
19
4
11
25
0
5
41
19
95
150
66
27
35
15
9
49
17
31
13
24
38
8
26
66
15
23
59
50
13
29
10
35
44
64
27
15
16
0
19
15
2
23
20
58
29
1
7
34
99
48
32
7
59
18
9
25
2
36
9
6
0
31
7
36
7
31
16
29
18
20
50
66
36
0
11
19
43
2
14
9
45
42
12
66
7
6
29
3
17
27
8
22
84
11
51
24
18
80
70
25
16
13
7
18
79
75
38
3
33
39
104
4
50
38
5
43
33
9
43
53
2
4
1
23
5
24
30
15
10
13
24
35
46
1
51
0
31
13
7
9
1
32
9
62
20
41
33
11
15
11
22
9
18
0
1
29
26
8
18
100
17
26
3
39
26
44
34
15
36
38
64
4
11
29
39
7
85
8
18
15
83
25
36
38
82
20
9
47
75
8
54
64
14
48
23
24
53
32
0
63
28
2
70
6
48
12
2
33
2
9
10
9
28
70
17
35
15
26
14
16
5
32
4
35
32
14
69
19
16
64
7
9
38
11
35
5
34
13
23
18
45
10
12
15
21
8
1
22
10
22
25
35
21
3
35
46
23
3
4
39
37
72
29
25
43
40
30
15
11
8
80
5
33
28
19
3
50
34
11
23
6
13
40
12
21
8
55
29
40
21
27
11
43
22
5
19
15
15
12
40
7
5
10
5
67
5
3
22
18
66
10
5
16
17
34
51
1
41
23
58
33
18
22
19
6
24
37
0
70
74
52
9
5
19
32
22
16
1
5
7
9
18
0
21
52
5
62
3
5
11
61
17
10
42
2
36
18
26
33
5
27
9
11
18
5
19
38
46
9
19
45
15
36
15
52
32
52
30
13
7
26
20
56
6
9
7
41
48
4
27
31
9
19
27
91
2
12
42
25
14
39
35
27
14
23
9
31
2
7
38
14
12
32
66
2
50
18
33
7
43
5
25
39
5
45
35
16
60
6
19
26
66
23
14
77
39
32
4
10
28
46
63
37
49
28
6
14
62
17
8
10
58
3
46
120
1
27
19
38
83
15
40
36
5
24
6
14
47
32
68
12
41
1
42
30
49
43
32
5
60
0
26
13
4
38
23
16
43
58
36
47
47
32
9
92
17
59
11
17
35
27
21
17
59
5
39
17
89
8
12
9
48
44
43
21
14
30
41
55
6
12
15
4
29
30
3
48
59
37
52
14
5
5
23
29
17
52
14
3
5
4
3
17
46
27
20
18
36
58
28
8
3
23
33
69
45
25
26
8
25
1
1
27
12
4
12
76
15
65
34
15
14
6
24
41
6
31
108
17
24
30
6
56
34
92
38
23
18
48
10
6
20
27
33
69
55
33
28
48
9
14
25
35
30
13
3
9
15
7
40
51
3
1
20
17
8
44
37
39
49
11
18
71
5
1
13
11
51
12
7
3
35
28
29
10
37
7
8
7
31
25
27
10
47
64
102
11
17
20
14
137
11
18
33
42
36
43
25
14
65
30
23
18
17
33
4
18
8
27
18
11
30
36
22
3
13
63
32
57
32
13
5
18
30
5
3
47
32
46
33
13
25
34
29
11
7
23
6
28
57
23
27
39
18
8
39
12
64
42
14
21
7
19
9
23
22
19
29
11
27
10
18
3
51
13
19
28
22
14
5
3
36
28
25
29
39
46
12
28
24
4
27
6
11
63
24
21
11
19
6
4
8
26
39
21
8
59
5
42
46
7
25
23
1
9
20
4
2
14
13
25
10
34
6
13
24
36
12
13
2
10
24
62
28
67
5
31
25
5
19
2
11
22
28
28
9
21
4
14
54
18
5
36
38
19
7
22
79
22
50
38
39
13
16
4
50
11
20
5
13
52
25
19
4
18
49
19
11
34
5
15
16
26
44
9
21
16
8
25
1
12
15
37
11
26
31
16
16
42
0
23
47
17
7
7
30
1
9
7
21
32
52
12
27
23
17
2
5
16
30
77
37
3
6
15
4
21
23
16
12
5
13
6
35
50
41
3
61
24
10
3
56
13
60
37
9
25
4
39
18
15
29
2
38
5
67
18
5
27
4
0
32
7
7
1
12
9
11
37
25
19
5
56
45
22
29
1
25
12
9
19
36
18
27
15
35
21
1
4
4
13
21
4
14
15
55
26
22
0
16
6
29
20
17
12
31
9
16
3
43
15
40
44
32
28
42
1
13
5
15
6
8
4
14
47
0
8
34
28
0
3
30
22
34
3
11
3
13
0
16
32
9
2
1
13
22
30
23
20
22
15
1
26
5
27
21
4
4
15
38
15
5
6
1
20
16
19
48
33
40
16
30
1
15
40
4
7
5
33
31
16
10
8
9
21
41
3
7
5
12
13
29
10
13
35
10
2
17
4
2
0
4
27
4
7
15
32
29
27
4
0
7
25
5
9
51
33
38
19
17
7
4
19
1
28
14
5
32
20
22
8
7
14
16
24
16
8
12
26
3
5
13
15
35
43
39
26
7
57
33
20
3
9
15
1
7
35
3
58
25
1
29
46
50
5
14
7
21
8
4
20
19
4
4
32
8
4
13
3
8
24
48
35
12
14
18
28
17
11
3
18
20
51
4
31
5
2
8
17
10
3
9
28
1
6
30
21
0
27
13
7
18
21
10
15
36
17
30
6
18
0
4
18
1
14
4
5
33
10
10
12
10
7
12
4
3
6
11
11
34
4
13
29
15
8
23
19
10
14
3
13
16
0
22
1
12
8
1
8
15
4
2
14
16
3
1
17
23
13
35
37
7
21
25
5
21
6
7
3
14
19
9
14
6
7
7
1
33
25
4
10
10
19
5
14
6
10
14
8
3
24
9
32
14
9
1
7
28
1
0
16
3
11
8
11
37
11
12
0
7
8
16
7
7
27
38
6
15
25
14
8
53
1
14
15
11
12
13
22
31
4
13
20
8
29
12
7
3
7
8
37
17
45
13
9
20
9
20
36
1
2
17
5
1
15
9
10
22
2
29
28
10
5
6
2
4
6
10
30
10
10
25
29
17
15
26
18
1
8
15
9
29
7
10
10
11
29
1
4
1
15
6
40
14
36
0
25
15
22
13
33
20
15
12
37
6
5
9
6
1
7
28
40
13
25
3
11
2
2
6
19
24
29
17
21
4
5
1
11
15
8
20
22
7
8
1
13
22
29
7
17
28
38
18
18
10
10
18
24
23
3
3
9
3
1
18
0
9
20
2
16
6
2
1
16
7
11
10
2
9
7
2
2
13
14
8
4
26
5
7
2
10
14
8
22
4
6
6
19
2
7
7
3
8
5
19
21
4
4
5
5
7
14
10
14
5
3
18
6
30
8
4
1
7
2
7
16
19
11
6
4
7
12
0
7
29
0
6
9
19
0
12
0
19
7
5
9
10
7
5
4
6
9
5
1
2
11
8
2
15
0
12
9
11
2
6
2
3
8
3
7
5
7
12
10
6
1
0
2
6
10
12
4
1
5
1
2
4
9
4
2
6
9
5
6
0
5
1
4
12
2
2
2
5
0
6
7
0
2
0
2
3
6
8
1
2
1
1
1
1
0
0
