0
17
13
3
43
8
5
37
5
15
40
4
78
27
68
11
14
10
2
9
57
10
14
1
7
67
5
84
10
56
3
12
3
8
64
11
7
17
1
73
11
20
67
51
26
3
102
29
28
26
17
46
79
22
62
21
51
31
7
106
21
121
12
76
88
79
36
53
9
32
38
29
10
62
11
51
29
41
9
35
26
51
55
40
4
43
15
20
86
16
35
2
60
11
21
108
84
33
53
22
32
15
45
40
65
10
22
58
38
43
38
8
103
106
4
21
90
65
29
66
3
93
28
34
34
42
101
84
59
32
72
53
8
108
42
7
11
59
40
20
13
40
20
25
65
4
43
48
88
16
5
40
18
24
58
19
2
39
102
35
71
48
35
3
73
45
20
3
34
34
41
38
32
39
32
46
3
84
23
41
21
63
10
50
37
19
58
36
65
11
23
20
1
71
73
21
23
12
35
39
49
41
35
8
31
9
50
19
53
4
14
28
14
3
34
0
3
74
53
22
51
91
18
74
7
2
13
57
53
39
18
39
24
26
26
47
28
38
35
14
12
11
58
51
15
20
76
60
34
20
30
24
93
45
101
14
38
27
39
4
80
53
19
16
16
29
4
18
36
14
24
21
15
51
8
84
31
51
20
20
1
106
52
65
42
59
32
24
50
35
3
34
41
16
20
30
12
78
9
18
47
23
120
1
70
59
11
1
40
17
22
8
66
17
5
41
14
4
31
62
4
9
79
12
6
20
30
51
5
86
75
59
12
27
77
49
1
22
31
53
40
29
59
2
46
9
56
46
41
17
20
16
37
24
37
16
5
47
15
6
1
73
43
53
42
58
23
7
15
13
20
38
81
21
5
1
20
8
24
21
8
36
17
28
67
54
42
42
46
32
34
41
98
52
68
25
1
71
85
53
65
35
77
11
42
12
67
82
23
47
15
33
28
45
81
88
6
10
81
18
57
5
25
25
95
31
60
32
16
9
1
11
118
79
31
43
33
7
67
21
10
37
43
57
11
24
30
30
76
89
10
41
33
30
96
47
28
29
33
44
14
9
19
28
60
1
39
30
27
26
48
20
35
19
41
19
36
10
4
46
41
20
24
10
43
0
2
23
40
13
29
78
19
85
42
45
50
35
27
7
33
27
22
1
9
56
22
14
18
46
10
13
9
30
18
20
28
35
77
14
10
82
25
79
59
17
17
4
56
31
67
5
6
28
47
6
36
5
26
32
67
17
25
80
19
11
20
31
62
20
20
77
17
21
7
1
99
11
53
44
46
60
32
23
31
6
1
71
46
30
7
8
19
23
1
106
27
10
26
33
49
52
34
7
17
3
78
45
9
1
40
18
27
21
4
6
52
44
47
35
15
19
33
10
22
48
21
15
133
8
9
64
50
59
63
72
78
2
73
11
6
51
9
17
41
87
124
10
22
51
8
48
67
26
27
98
24
37
35
19
12
0
58
43
82
29
25
48
61
41
26
46
53
41
4
37
20
20
32
66
10
4
69
59
21
7
19
13
19
2
28
27
56
34
10
31
19
6
60
31
9
101
107
44
16
31
37
4
35
58
44
25
4
11
71
10
12
4
21
36
71
46
27
27
20
49
14
61
64
12
85
51
10
9
7
17
48
15
69
23
6
43
29
20
73
16
13
12
8
26
6
11
11
17
80
17
44
46
27
21
30
20
56
11
9
8
13
22
20
2
77
25
43
10
14
86
9
17
20
41
55
65
5
18
49
31
49
28
20
8
6
33
25
12
25
69
43
6
3
11
6
28
20
1
5
7
42
55
6
43
21
55
26
10
19
36
35
67
4
22
10
25
56
26
1
1
58
70
71
8
25
11
39
57
2
29
50
14
70
47
53
28
64
16
33
37
30
77
21
49
17
63
30
17
2
29
19
24
8
14
20
62
10
6
45
36
39
14
57
24
2
19
44
53
0
18
7
23
27
25
5
16
31
78
5
48
43
41
6
48
58
11
10
22
27
35
70
36
52
13
22
38
42
12
48
57
52
74
19
6
60
15
22
22
6
13
64
29
7
23
28
18
13
32
29
13
4
33
129
38
33
12
19
32
5
19
17
50
36
63
80
28
53
85
73
47
39
86
104
66
18
58
42
23
48
3
39
39
5
23
35
1
31
51
21
58
9
21
37
12
23
7
16
13
90
34
37
7
23
30
8
33
71
11
15
5
5
28
23
0
13
49
6
11
25
13
34
20
20
26
42
5
20
47
50
18
61
36
19
7
16
4
29
40
2
9
17
4
48
34
2
35
50
10
31
63
81
87
49
13
33
62
32
14
42
8
2
50
32
3
30
4
5
61
108
6
48
19
59
5
82
10
64
5
19
47
27
18
27
25
11
7
49
3
33
13
34
12
28
7
63
18
53
3
23
20
23
41
29
33
46
27
2
9
3
41
64
58
40
24
4
50
13
41
2
6
19
66
30
9
3
18
39
9
29
8
49
11
19
50
28
20
5
61
59
21
43
18
18
28
23
41
8
0
9
5
10
24
43
0
98
42
45
26
24
13
38
68
41
7
46
14
33
24
54
17
9
41
18
26
5
44
5
32
56
16
8
25
41
19
13
20
40
27
28
41
17
26
12
9
30
47
11
46
16
55
20
12
15
9
4
24
4
4
31
13
44
41
6
20
14
41
23
13
13
41
0
14
60
30
3
12
32
7
47
61
9
55
41
30
71
18
44
12
23
24
32
9
11
34
62
1
9
30
9
42
3
39
27
17
12
40
11
32
22
23
12
10
3
25
0
2
31
97
27
9
18
3
41
19
18
13
1
9
34
22
9
3
27
48
31
17
21
33
87
39
67
65
5
11
66
1
26
1
29
73
25
9
15
18
28
50
47
67
14
58
16
3
58
15
101
21
5
10
18
0
15
13
41
45
24
67
27
24
5
17
31
18
3
32
29
17
26
41
73
9
47
63
21
16
2
1
23
24
4
58
10
48
7
27
22
17
15
51
0
22
6
47
21
2
26
82
33
33
23
3
54
14
12
23
31
39
52
38
31
1
10
3
25
4
17
8
7
34
14
37
0
3
38
12
2
22
20
15
9
49
9
62
31
2
18
8
37
47
6
13
6
24
37
70
30
5
34
2
2
37
3
7
25
54
21
0
1
21
9
3
25
4
26
12
39
30
50
19
40
30
79
10
1
31
22
13
17
19
6
15
40
12
29
1
3
15
5
28
41
19
7
73
2
20
2
22
5
58
16
31
25
35
8
26
50
17
3
40
50
33
81
43
8
23
13
3
8
69
21
0
31
23
21
18
3
19
6
21
41
41
3
29
63
10
35
11
23
27
30
7
9
23
45
13
89
11
5
12
6
9
60
44
1
13
17
2
32
28
15
23
45
13
16
54
47
9
24
57
40
49
44
16
22
7
11
4
44
15
16
22
13
47
36
23
32
34
7
24
13
3
18
53
8
32
71
3
51
38
31
6
19
17
2
38
7
6
23
45
2
34
24
26
9
46
33
39
27
40
8
17
12
4
14
14
52
29
28
0
22
12
0
20
11
24
21
28
57
79
31
19
61
7
13
2
17
2
33
26
17
11
5
36
11
31
60
7
44
7
44
27
11
25
16
35
48
26
40
8
21
34
30
32
28
23
9
54
54
24
6
46
6
13
26
17
61
5
5
34
25
29
28
4
0
14
17
15
40
30
10
17
4
1
39
37
35
47
21
30
9
67
7
19
0
11
17
16
3
32
5
41
5
46
14
28
30
55
9
18
12
31
2
26
34
18
30
28
53
10
45
6
6
14
2
48
73
3
12
21
5
39
20
36
24
42
15
35
22
1
8
37
21
0
25
3
7
20
10
10
11
5
18
38
31
2
36
21
55
26
36
26
21
27
17
1
46
9
32
19
26
13
4
27
19
13
14
17
17
2
14
6
24
46
28
31
27
4
53
25
11
41
0
11
11
2
21
32
5
1
39
19
25
15
15
44
27
0
36
1
14
31
9
9
10
4
30
43
1
1
52
10
13
24
19
10
16
11
33
24
16
9
16
17
9
7
24
21
7
5
37
21
2
4
9
11
20
60
25
26
20
37
22
16
13
53
13
23
15
5
27
13
41
28
28
8
1
12
40
3
23
3
39
10
5
6
0
7
14
22
39
10
8
29
5
18
34
2
67
38
16
7
7
15
16
1
42
3
4
16
2
19
13
50
4
0
20
23
42
50
4
38
15
21
60
32
20
18
2
8
31
3
5
19
1
21
20
26
0
0
41
2
22
45
30
15
12
7
24
27
63
46
8
18
13
18
15
29
16
5
13
22
43
32
9
14
12
5
32
8
38
18
46
7
6
52
11
28
45
21
15
4
11
1
15
15
5
17
22
1
16
25
25
21
6
27
2
6
45
24
21
22
26
9
5
6
5
35
16
10
60
43
4
16
11
0
11
16
14
23
32
8
51
25
7
23
15
0
55
1
4
5
8
16
24
5
1
30
7
26
15
17
4
17
23
27
13
1
9
1
26
17
14
18
34
5
12
8
11
24
29
0
12
10
8
16
12
20
9
9
13
1
9
11
8
44
3
24
6
18
16
11
2
3
15
16
43
31
13
9
50
59
3
17
6
44
23
35
24
3
35
15
14
5
2
28
7
0
14
24
17
23
10
18
0
24
21
25
5
8
9
16
6
37
9
54
22
15
20
9
0
14
6
28
25
45
33
9
9
26
7
22
13
2
16
7
26
22
9
6
12
7
3
15
33
2
33
16
17
17
6
17
30
27
17
10
42
1
14
27
11
15
2
13
14
32
17
3
23
7
10
4
13
12
17
21
2
4
31
12
32
8
2
22
10
25
1
17
8
48
2
12
10
40
23
11
27
12
10
1
12
24
29
19
3
0
23
12
18
20
17
3
17
6
17
1
2
25
5
20
6
1
10
2
1
19
16
25
15
8
33
30
2
5
6
35
14
14
27
10
16
2
11
19
1
3
19
6
2
10
5
7
17
13
10
40
14
21
1
29
13
16
8
2
5
24
5
7
2
23
3
9
10
7
3
1
9
11
16
27
8
21
14
1
5
11
11
0
5
9
13
10
18
7
13
1
3
4
13
24
14
0
12
25
13
1
1
12
14
1
3
9
3
11
3
14
11
11
0
3
18
4
11
26
15
25
14
17
14
4
4
1
1
3
5
12
17
16
10
4
6
14
1
7
2
10
6
7
9
2
6
14
7
8
1
11
4
1
13
15
13
5
26
3
0
8
11
2
3
2
19
1
15
5
11
0
14
8
3
1
10
5
11
4
4
8
2
8
12
15
2
0
6
10
18
10
3
4
2
7
10
19
5
8
1
25
3
10
14
15
0
8
5
11
10
3
2
2
10
3
3
0
10
5
11
0
4
8
5
9
4
0
3
6
7
1
4
1
2
7
2
0
2
6
1
5
6
5
1
4
1
3
3
2
2
1
3
2
1
4
0
0
4
1
1
1
