22
0
2
7
17
23
27
55
60
108
7
23
81
58
105
4
49
47
5
70
17
88
15
7
16
22
0
9
7
10
92
56
8
37
2
20
6
20
43
21
55
4
37
43
11
45
40
41
39
5
32
64
5
24
0
8
17
23
1
21
10
46
5
17
15
54
18
17
8
33
46
11
70
61
3
52
7
36
46
77
55
66
74
47
32
65
55
17
44
17
11
48
19
80
6
17
45
15
58
43
38
87
46
7
90
39
4
65
83
44
76
53
14
38
91
56
27
76
4
45
61
36
24
13
97
31
73
22
48
41
29
44
42
33
67
80
60
14
20
18
21
49
4
82
29
9
49
41
40
46
56
32
19
14
34
64
4
49
8
34
129
60
11
32
29
21
14
2
34
30
2
27
27
33
73
9
6
56
17
15
43
37
104
54
29
57
7
64
39
27
16
108
30
30
4
28
59
49
13
31
82
13
23
104
12
65
41
30
6
29
56
98
41
41
20
59
4
26
21
30
51
11
44
14
54
6
10
2
72
25
86
27
10
8
11
15
12
24
14
22
7
49
39
39
4
1
9
40
12
55
12
5
40
64
64
93
28
38
15
51
3
63
23
55
26
121
43
14
58
42
1
28
4
78
10
38
89
10
13
33
46
46
11
14
39
54
52
55
77
9
55
12
34
13
11
25
55
4
9
99
25
29
23
54
35
48
80
36
20
45
27
34
3
16
57
26
31
3
55
0
80
31
44
7
65
30
19
8
30
68
38
124
36
48
17
67
84
3
6
74
34
50
19
32
13
48
154
39
45
16
39
12
47
9
18
21
54
55
12
24
41
29
68
1
18
40
7
13
56
5
11
19
44
49
26
3
71
50
57
31
61
23
79
23
33
18
59
15
54
10
14
36
5
18
43
7
19
16
49
51
5
19
4
117
123
21
69
23
51
46
18
33
34
91
53
47
60
11
4
39
20
62
53
12
85
29
43
22
11
44
38
24
30
28
69
24
59
19
32
92
6
72
9
58
10
29
23
53
23
46
35
72
19
103
35
8
34
15
15
39
4
53
20
42
16
3
69
17
19
31
12
5
47
35
58
91
16
11
28
38
6
65
13
53
15
25
32
59
41
16
90
6
83
22
37
69
32
15
66
34
23
10
46
37
51
74
58
3
17
66
6
23
55
20
25
86
58
3
22
22
31
27
0
11
22
20
23
65
12
58
26
53
20
26
43
32
27
77
17
2
53
7
28
0
20
8
19
58
32
45
71
30
10
15
10
5
2
51
43
3
38
73
126
37
112
44
98
0
38
20
24
40
67
26
14
14
31
23
46
7
47
5
25
10
46
76
63
4
1
108
8
25
48
16
19
11
67
13
38
82
70
15
12
26
19
53
104
28
80
47
115
20
71
78
39
12
45
15
23
55
8
24
44
54
85
30
30
107
18
38
13
2
57
40
75
39
77
22
19
23
2
41
44
25
84
20
81
50
9
81
9
23
26
30
27
38
27
11
77
26
56
53
12
20
7
18
35
15
30
14
22
6
5
36
5
53
1
56
12
38
85
37
6
41
27
59
34
33
89
19
6
25
5
1
8
93
14
46
63
36
2
30
10
34
34
33
29
16
78
40
105
45
12
63
30
16
96
14
1
59
40
17
56
29
6
20
32
4
41
41
24
36
41
12
38
6
31
31
6
29
29
5
1
36
42
77
20
80
40
27
59
37
5
24
39
8
3
21
17
4
1
16
22
56
13
75
2
28
36
70
8
21
20
36
46
12
43
47
57
2
84
20
22
24
33
11
24
42
14
55
10
34
32
56
52
56
4
49
18
95
34
9
12
40
45
20
34
13
41
25
2
13
7
23
11
32
7
4
3
35
31
9
29
49
7
40
2
19
62
39
7
14
36
33
25
23
45
4
6
17
36
10
21
44
19
24
20
36
13
2
38
60
46
82
27
43
5
105
40
26
41
21
65
11
9
12
14
28
20
75
62
89
7
30
17
54
20
46
8
13
46
33
22
12
6
28
49
46
86
27
52
13
9
7
19
68
29
73
54
2
5
36
43
26
26
75
17
3
17
95
5
27
62
71
7
3
30
16
25
26
1
33
112
16
37
17
29
24
20
45
11
74
90
59
14
60
24
36
70
22
6
5
26
88
5
31
14
16
8
4
9
29
38
9
52
3
12
42
31
35
18
14
35
64
36
37
60
15
29
50
5
41
22
54
17
24
12
30
42
22
25
17
11
31
16
9
38
31
47
80
30
61
16
24
33
11
17
30
48
23
34
17
22
60
18
28
9
4
12
24
18
71
25
20
5
34
40
14
8
3
12
57
29
48
11
76
35
9
50
8
43
12
49
33
17
25
19
27
39
23
7
66
21
88
13
65
8
43
47
44
1
48
80
12
71
27
39
12
79
47
54
49
64
4
34
14
41
18
100
11
31
11
30
30
14
24
36
13
30
11
12
58
13
3
20
49
16
34
14
45
38
32
63
23
14
47
45
38
68
61
27
30
2
31
11
18
14
50
19
16
36
15
0
73
18
80
21
62
11
69
23
4
63
14
48
32
30
42
54
16
48
54
33
49
5
60
25
4
55
5
46
17
6
31
3
40
7
8
0
84
64
38
21
17
5
64
26
55
20
19
8
20
44
2
24
33
3
45
19
26
8
13
22
4
28
31
42
10
2
49
62
27
61
32
49
5
15
23
22
50
6
50
17
74
43
19
12
10
38
6
7
9
1
52
39
55
19
16
17
64
6
55
36
9
55
15
5
9
23
12
48
38
22
20
32
12
22
19
45
30
42
18
44
55
17
38
21
1
4
22
16
5
31
22
31
20
10
39
0
2
23
16
16
44
30
16
11
13
4
40
20
10
42
14
19
20
135
36
15
11
6
3
17
33
52
3
23
48
15
12
20
20
3
31
10
35
54
14
48
55
0
63
42
38
29
41
55
38
28
6
50
45
22
27
21
34
60
21
21
22
18
3
8
31
47
19
21
19
13
4
20
10
41
7
17
12
14
53
10
7
67
17
42
26
13
6
29
20
26
28
47
4
8
10
42
36
14
11
16
14
22
24
9
28
11
34
7
10
81
14
8
64
25
14
39
55
47
25
14
9
25
16
49
26
32
11
54
21
16
11
16
15
12
7
36
9
25
21
0
32
6
24
38
14
60
49
57
4
20
20
82
32
49
47
19
19
4
52
4
18
1
11
6
38
43
10
1
56
24
19
4
4
1
18
3
12
44
17
61
6
51
69
20
10
80
12
25
26
46
10
5
9
9
77
4
17
0
19
34
54
0
25
74
24
30
17
49
11
14
4
19
32
68
29
33
5
9
31
10
49
19
23
31
11
69
92
23
6
41
37
24
29
29
7
10
27
9
34
36
4
67
26
6
5
37
26
16
1
15
10
50
10
13
15
73
74
56
30
2
10
28
29
25
28
51
59
8
16
52
55
15
7
20
33
51
15
6
49
11
52
3
51
4
32
72
11
40
30
42
14
27
49
26
20
13
0
52
80
42
14
21
12
30
11
16
4
4
9
13
9
4
23
27
29
13
32
30
30
5
3
15
2
13
24
14
23
19
23
34
1
11
28
35
19
23
29
3
22
4
33
5
24
34
32
2
41
73
23
20
4
6
10
14
12
30
2
46
38
23
22
35
40
7
5
6
29
0
18
11
47
30
2
18
4
56
14
21
58
20
3
29
17
10
12
21
31
7
44
2
27
14
3
22
4
7
26
36
7
31
13
23
27
66
14
24
17
55
4
48
42
8
7
53
6
11
41
33
31
40
25
50
25
7
24
30
1
41
22
4
20
39
21
21
41
20
40
28
3
2
12
26
2
9
16
31
8
3
41
4
15
8
19
20
22
6
2
6
2
19
27
36
3
41
17
57
27
5
20
15
49
16
30
31
18
6
16
7
2
11
3
14
39
18
35
6
29
18
35
15
39
39
9
29
15
6
8
4
1
1
39
1
15
29
58
20
4
25
8
3
18
4
4
1
20
2
20
26
34
22
30
18
1
4
62
21
15
2
33
6
12
17
46
13
62
2
27
10
20
21
3
8
55
2
46
23
21
7
17
35
13
31
21
21
8
16
4
0
6
27
34
2
14
29
11
9
16
12
15
32
1
23
47
9
38
25
1
23
8
4
23
14
26
1
6
13
48
42
8
2
1
16
10
0
43
10
15
39
54
75
23
22
8
37
26
0
14
18
4
11
21
38
1
32
5
18
27
1
14
31
21
15
1
9
18
7
6
17
6
12
19
37
18
8
13
36
17
3
45
4
27
12
59
16
34
7
31
10
34
1
4
9
13
19
26
18
5
1
7
4
28
15
13
18
26
1
20
2
8
20
46
24
2
8
5
34
50
4
15
28
32
19
24
13
21
30
1
28
16
23
9
25
10
6
10
6
7
20
12
29
57
10
32
5
9
44
17
19
20
15
42
6
32
6
20
1
24
20
4
6
16
5
5
23
21
23
37
12
38
8
9
0
14
22
13
8
10
17
9
7
22
6
44
37
21
11
25
10
10
5
17
11
16
23
12
15
6
16
3
17
9
30
2
12
28
24
8
14
2
10
8
3
0
10
31
7
3
10
4
21
3
6
5
29
18
24
4
1
37
4
44
51
7
6
18
7
36
6
8
19
4
22
8
19
23
7
5
28
12
21
2
4
7
3
24
21
19
22
22
6
3
30
13
9
13
6
0
18
40
28
3
9
11
3
5
17
5
2
19
2
15
38
22
47
11
1
28
11
4
27
3
13
10
21
6
7
0
12
3
16
36
33
51
24
49
18
16
19
5
11
17
2
29
1
9
8
6
14
12
30
21
27
10
1
1
8
9
9
11
0
24
4
6
12
6
13
38
5
27
26
2
8
4
17
29
3
3
10
10
5
14
1
12
39
33
27
12
10
25
0
13
4
25
13
0
24
32
27
2
10
19
8
5
20
5
20
34
7
6
1
24
10
2
21
21
24
2
11
23
9
17
10
9
16
11
8
1
12
4
33
0
11
3
17
17
8
31
16
29
9
4
3
16
17
29
13
12
1
1
15
3
31
5
3
18
12
3
4
4
2
6
16
1
10
9
10
14
13
3
13
0
10
24
8
6
9
8
1
6
20
6
33
7
25
2
3
27
13
22
4
21
1
6
16
7
10
6
4
15
21
21
7
16
12
3
2
9
4
2
17
1
16
4
4
17
14
1
6
4
15
10
5
31
2
3
16
5
8
8
10
12
19
13
1
3
2
0
9
5
7
0
8
12
19
13
26
14
8
4
11
22
8
0
5
7
2
12
12
16
3
10
5
11
7
1
9
5
3
1
4
1
6
7
0
2
0
18
5
2
4
6
0
9
5
10
4
6
0
8
5
10
2
10
5
2
0
2
12
1
9
1
2
2
5
1
13
1
3
10
3
9
5
1
1
5
2
4
4
1
5
5
6
2
4
3
2
5
5
0
3
6
1
0
4
1
1
2
0
5
1
1
