3
7
39
34
19
62
54
4
6
12
19
19
8
52
10
12
3
17
39
18
15
11
16
35
7
3
23
67
15
46
29
48
13
2
10
1
16
19
52
11
40
7
33
18
2
38
32
41
6
63
52
35
51
38
74
15
14
5
29
13
9
12
36
30
49
17
94
4
29
5
69
64
6
111
62
7
4
38
31
35
79
82
56
44
42
30
51
12
26
46
14
31
9
2
23
21
30
37
22
20
39
43
51
7
73
60
2
3
24
38
77
45
23
21
26
87
38
36
15
55
88
35
69
7
1
53
41
9
44
25
45
116
64
83
11
17
19
27
70
47
30
11
65
6
2
36
65
49
28
2
5
10
28
12
43
40
16
50
45
103
54
32
7
6
58
30
59
61
5
48
2
3
22
54
23
75
63
48
31
38
37
8
8
15
73
27
24
17
46
38
23
10
39
40
15
13
16
14
27
57
12
40
32
55
46
2
40
64
16
6
49
105
6
45
77
69
41
86
53
17
59
2
117
36
13
1
20
17
65
79
10
46
59
76
14
31
30
46
31
25
14
4
40
24
12
15
17
3
76
11
65
51
10
2
21
45
22
47
66
58
65
9
61
6
47
20
71
39
34
27
71
17
109
18
69
10
110
41
9
11
42
2
49
35
30
25
43
55
14
26
37
16
25
39
4
10
21
35
18
2
58
45
59
10
47
13
66
86
72
23
10
67
11
85
58
47
44
66
4
89
1
72
19
22
48
55
51
66
4
65
27
19
20
98
2
40
1
62
65
20
4
33
18
13
25
12
1
53
7
60
64
59
9
104
20
17
29
4
15
7
16
94
50
39
41
30
84
7
7
19
42
55
29
20
26
36
36
1
23
62
13
100
56
90
35
29
23
3
89
10
8
28
77
39
63
30
43
26
30
69
10
16
33
8
42
36
7
11
5
18
22
29
10
16
69
15
0
4
14
55
54
14
34
26
39
2
43
120
41
2
26
83
32
14
5
30
23
3
68
50
54
17
49
15
48
49
8
4
29
22
12
32
71
8
21
74
64
11
41
102
82
25
1
3
41
47
27
30
28
6
45
29
57
8
30
69
30
45
11
21
4
10
6
63
5
42
11
80
42
36
45
91
71
11
8
8
1
37
36
51
13
76
32
13
32
14
86
15
0
2
9
7
1
13
4
5
12
31
66
124
61
50
44
75
57
10
72
32
28
16
9
1
52
109
49
10
4
32
20
12
16
3
12
14
52
91
3
26
69
42
33
4
70
69
70
57
6
67
2
6
39
24
16
54
10
28
13
30
35
10
43
7
85
32
12
34
45
49
43
30
22
17
56
3
8
47
60
56
2
41
94
43
90
25
38
10
22
25
10
8
1
7
81
28
38
7
19
55
20
26
17
44
12
18
12
34
19
35
82
6
14
68
29
18
41
55
46
23
44
55
22
6
12
22
26
32
9
68
43
29
21
2
27
14
29
8
66
24
59
21
17
69
2
54
65
13
2
11
36
29
46
16
54
19
34
49
87
18
39
13
83
53
55
52
88
6
36
25
7
11
90
5
2
47
26
84
25
13
43
8
36
48
30
2
28
8
13
34
25
51
41
20
15
12
42
30
51
29
12
28
9
3
25
28
3
51
37
77
2
20
8
29
22
58
73
7
45
8
5
32
20
44
58
68
24
31
4
46
94
17
47
52
8
55
68
26
19
37
36
9
108
80
34
11
72
25
38
19
44
55
28
44
27
50
13
30
10
18
12
122
42
3
5
67
20
7
109
34
33
24
49
17
46
11
15
23
15
57
1
41
11
32
21
29
21
35
49
5
8
8
76
5
72
18
53
29
24
43
19
4
81
5
42
70
23
33
53
3
9
72
6
42
6
71
36
24
43
14
28
12
5
20
30
18
56
28
51
5
7
59
12
31
17
7
8
10
66
43
34
31
102
32
16
28
99
45
18
26
37
6
29
28
19
47
40
61
43
39
29
25
7
9
1
14
28
0
59
16
8
51
53
77
42
8
19
38
38
30
8
59
21
46
33
7
13
20
20
41
32
14
20
2
41
37
5
12
7
63
4
8
5
12
1
40
18
3
29
40
21
27
29
48
1
39
36
3
12
3
20
30
28
18
19
9
55
17
64
75
11
75
44
63
8
37
23
51
27
9
8
75
18
14
7
52
32
28
29
90
44
20
43
14
20
34
31
68
12
7
5
32
24
5
33
19
0
66
17
73
24
38
35
17
21
23
65
5
51
51
0
27
13
16
25
26
34
14
68
3
20
27
13
3
15
24
46
1
53
9
66
54
39
12
20
4
26
39
41
19
82
69
10
7
3
33
5
94
53
36
11
17
9
55
38
2
23
46
54
21
44
58
41
55
98
17
5
25
15
14
28
28
9
28
19
31
21
13
66
8
30
56
6
7
10
12
9
1
19
33
22
31
48
8
31
26
26
34
22
17
23
49
22
25
25
11
53
23
19
44
91
27
46
83
32
15
25
12
43
16
35
25
67
13
11
10
36
55
11
27
26
47
74
66
36
24
61
30
47
10
13
53
33
31
14
16
23
21
1
8
16
33
13
37
11
26
26
43
9
34
59
4
11
60
7
24
34
27
11
8
44
30
32
10
25
35
7
67
36
56
11
5
12
51
32
83
11
61
17
41
53
26
41
5
17
45
16
31
26
43
13
12
69
9
50
60
6
38
0
9
46
4
62
39
54
16
10
19
7
47
22
29
37
64
97
39
1
29
6
24
49
38
49
24
18
27
7
9
1
37
2
29
40
14
49
30
50
6
15
0
15
12
2
33
1
8
27
72
10
20
22
58
10
8
10
26
18
38
2
23
6
13
12
16
82
23
12
21
22
47
26
12
7
43
7
7
1
10
27
16
10
68
42
44
48
7
75
12
47
10
39
11
72
43
16
25
80
48
6
23
16
4
27
1
3
1
90
28
6
20
19
11
31
42
2
7
30
24
15
34
11
9
15
12
43
28
8
46
14
18
10
56
42
69
6
22
8
16
40
82
44
11
23
25
17
19
16
30
33
55
69
58
19
15
21
42
91
32
32
19
38
24
70
29
16
15
59
2
16
54
57
23
41
14
20
52
30
0
12
29
17
1
32
51
14
6
31
6
40
50
20
45
13
42
27
38
20
37
15
16
4
3
21
6
4
50
28
19
12
20
21
45
41
41
4
59
53
24
44
61
5
9
8
69
52
30
33
10
3
18
38
12
16
25
55
15
33
12
23
38
5
39
20
68
58
19
39
46
58
16
2
13
53
4
32
38
27
30
5
22
61
28
5
26
18
39
0
25
17
51
20
4
2
30
14
1
64
25
1
28
16
41
12
11
49
14
45
19
20
61
19
45
9
49
31
5
19
24
10
2
2
51
12
6
42
14
66
9
24
66
20
66
61
67
20
30
44
8
40
2
1
26
21
27
35
39
87
23
40
5
8
22
108
21
27
0
27
10
1
29
40
15
16
26
16
27
13
24
6
61
42
22
20
9
36
36
63
16
31
7
23
32
19
22
16
12
58
34
86
40
6
2
10
38
63
3
63
22
4
17
3
24
30
23
9
3
30
29
10
28
44
62
13
9
8
13
31
10
45
49
13
24
32
21
22
3
16
10
23
58
39
5
55
34
11
25
19
19
51
4
9
18
8
81
8
40
3
78
7
102
75
61
18
33
10
27
34
43
11
33
15
51
47
48
40
1
1
40
27
4
9
43
34
33
28
9
12
39
20
14
4
19
5
13
22
32
8
15
10
19
19
3
1
45
36
30
0
2
15
38
1
6
38
9
7
16
2
37
14
46
27
78
9
27
55
46
16
1
45
14
3
26
12
30
3
14
11
14
11
3
30
0
26
36
38
54
23
17
26
1
60
23
6
24
34
28
19
3
61
25
15
50
0
8
33
69
22
48
24
31
31
7
6
17
19
5
55
25
7
5
27
5
23
11
7
6
27
6
21
35
13
4
14
0
22
10
7
23
55
22
3
0
2
1
57
39
5
7
47
79
7
1
17
38
9
17
32
9
17
13
30
12
0
17
2
13
13
14
42
55
0
73
1
19
6
49
9
4
51
3
35
4
28
36
2
20
50
33
30
17
42
9
7
15
19
61
7
20
43
12
10
18
16
13
10
46
41
11
29
7
24
3
1
14
17
22
15
11
14
5
26
9
24
16
1
3
21
31
21
42
3
32
31
38
8
20
47
19
55
1
38
2
6
1
15
5
34
26
18
13
7
13
23
26
35
20
4
11
22
5
51
12
22
18
5
40
24
14
2
16
10
42
8
27
23
19
31
24
21
14
8
6
23
7
26
14
45
5
3
17
16
34
15
4
11
32
29
3
14
13
18
40
7
9
6
4
10
5
18
9
7
30
16
11
12
0
5
4
14
36
18
23
8
3
28
5
22
20
6
24
19
6
38
14
53
19
15
3
35
7
18
4
21
4
36
2
4
13
15
17
19
11
11
1
12
20
50
21
2
18
1
38
12
34
20
2
9
40
13
4
21
18
18
2
1
18
7
29
14
3
46
14
55
53
29
1
17
9
18
10
9
30
0
5
7
27
16
12
13
5
1
11
14
21
25
3
15
19
14
4
32
3
7
24
42
23
6
20
21
33
26
12
1
3
31
17
33
17
6
11
32
4
2
8
17
38
41
20
6
18
40
1
24
24
20
30
14
23
21
9
28
40
5
25
5
12
9
32
5
19
2
30
3
33
21
7
28
32
23
8
13
23
18
2
11
5
3
3
12
29
12
36
0
15
4
1
2
33
12
14
10
35
12
15
13
7
8
15
36
15
28
17
3
22
9
10
13
6
40
16
16
21
5
26
17
26
18
7
2
13
5
12
23
20
9
14
2
6
35
14
0
7
30
10
10
15
17
17
22
26
12
16
7
14
22
18
3
29
4
12
9
6
6
2
2
6
19
7
27
18
24
20
8
23
18
7
19
28
10
1
1
4
30
0
27
4
2
9
12
4
13
16
31
6
5
28
38
9
9
9
22
23
27
27
9
8
5
25
6
0
22
17
7
20
12
3
1
13
11
26
0
10
3
7
20
0
15
12
20
17
5
31
4
4
36
8
10
16
7
1
10
14
4
33
5
17
9
1
20
14
10
2
5
1
3
13
22
8
19
2
10
8
10
4
3
3
10
4
1
9
17
11
20
17
8
11
3
2
17
21
3
23
2
11
7
13
23
1
7
3
6
12
3
6
0
10
7
7
14
3
26
1
8
2
11
2
2
20
11
3
22
0
5
9
10
2
7
20
0
4
4
20
18
22
2
3
6
2
15
14
5
3
5
2
20
1
3
16
2
9
1
3
8
4
10
11
0
5
13
2
2
8
11
8
13
3
18
8
10
7
1
6
0
7
0
8
1
2
12
3
1
13
3
20
14
1
5
2
17
13
7
4
5
1
1
4
7
0
2
11
10
17
1
1
6
1
6
5
3
10
3
3
3
8
3
7
3
8
2
7
0
3
0
3
6
2
1
2
2
1
5
0
