15
10
51
39
20
11
17
10
6
24
8
47
2
33
43
8
43
9
7
16
28
30
18
11
81
14
18
18
52
27
48
30
85
14
29
48
100
30
16
15
19
93
29
14
44
45
48
7
101
17
24
8
32
98
21
18
25
51
26
23
82
12
7
7
25
24
38
5
129
63
35
36
3
35
35
79
2
27
48
17
75
62
9
65
65
3
10
10
7
85
13
23
16
14
47
42
25
5
61
29
7
3
37
43
77
9
21
100
74
41
29
50
9
52
78
84
23
67
71
9
83
62
22
27
47
5
2
51
24
10
19
25
40
79
33
53
84
38
23
36
53
28
35
4
59
12
97
11
43
26
87
87
82
65
19
5
34
12
14
52
21
35
102
97
71
79
50
21
55
160
52
42
8
35
4
105
43
1
48
18
16
84
26
39
100
73
2
21
49
67
30
54
52
7
32
64
78
72
107
5
33
0
29
41
6
65
30
39
9
35
9
27
12
10
10
28
50
32
7
10
27
79
38
96
71
46
53
25
41
52
35
68
20
28
118
6
40
31
60
119
26
19
79
58
31
37
18
79
37
24
20
24
1
44
39
16
6
10
41
54
29
27
3
49
7
9
6
16
70
87
29
11
52
81
42
27
7
23
15
24
151
34
23
7
5
9
82
1
112
52
81
5
3
53
3
28
31
102
30
32
36
56
62
47
27
8
16
19
0
51
19
28
50
58
81
5
14
13
26
6
33
5
12
30
110
83
105
106
42
61
18
76
25
93
25
0
4
18
37
69
54
11
12
29
9
7
45
30
6
16
1
11
95
6
6
50
69
15
64
7
3
44
77
86
31
11
118
89
21
63
60
26
16
12
21
60
28
8
60
1
21
44
31
8
8
40
30
3
39
22
44
76
9
13
82
51
48
61
30
88
39
106
32
56
1
19
35
8
23
30
17
29
136
46
33
72
0
29
74
76
0
4
3
44
32
44
36
11
54
11
102
25
13
9
61
3
22
27
14
56
14
12
63
1
33
83
51
46
13
25
14
14
20
47
60
19
19
1
30
9
64
5
50
36
77
25
57
12
28
1
11
14
11
5
30
32
26
49
80
19
78
60
60
53
21
34
63
56
24
21
1
72
102
42
92
32
71
32
17
95
51
41
14
72
5
54
53
59
2
29
9
13
4
19
79
44
9
26
29
45
40
13
11
70
28
52
4
18
49
114
83
45
47
16
44
79
18
9
32
57
29
43
11
3
12
37
43
33
10
23
29
37
59
60
11
15
20
34
19
60
3
41
38
30
12
36
19
12
5
67
94
27
51
42
24
7
65
44
4
39
52
31
20
42
5
11
24
16
24
12
5
55
26
4
51
14
12
47
46
17
78
29
59
20
67
51
93
26
3
84
20
23
77
64
11
38
6
26
24
4
46
19
11
37
37
1
15
28
31
10
70
34
67
40
2
4
14
31
47
1
22
2
20
71
29
84
54
9
28
71
8
34
17
45
30
7
60
29
11
52
12
34
42
27
46
47
9
42
17
22
11
25
55
12
5
33
39
17
18
55
76
20
20
32
25
30
1
16
64
15
68
37
58
44
24
7
14
29
21
30
80
15
10
36
42
25
17
19
37
48
21
11
83
32
25
32
38
35
12
14
2
46
24
28
11
73
113
39
92
26
18
20
46
56
54
39
31
59
21
2
2
88
33
21
47
21
16
9
31
32
21
2
9
57
14
44
15
25
95
16
27
57
11
6
20
52
45
18
48
14
26
5
16
12
39
68
59
41
6
26
49
56
5
64
20
74
35
24
37
111
16
20
3
7
47
12
56
45
10
29
40
97
34
9
29
3
6
79
10
19
33
99
22
54
77
105
23
64
4
18
7
46
2
21
1
60
17
13
16
51
19
33
50
12
48
9
49
45
25
75
18
10
19
25
97
61
49
33
45
58
5
55
45
9
17
11
10
19
5
14
24
13
37
48
28
37
34
5
24
18
26
52
7
4
24
84
22
76
17
48
6
18
8
29
8
7
50
29
23
29
22
2
27
16
4
106
118
4
48
2
69
33
15
48
56
22
50
22
60
10
45
2
82
18
9
44
75
12
61
14
5
14
28
29
53
66
18
84
22
11
39
25
19
58
4
3
4
6
17
17
16
17
39
51
14
57
8
77
19
56
2
69
13
18
9
19
48
55
54
22
27
43
11
64
49
26
26
40
5
54
26
12
5
24
4
18
15
30
11
49
51
2
43
64
3
15
22
55
13
25
5
63
37
2
52
5
34
25
22
73
49
9
4
54
2
35
3
7
37
27
17
35
2
25
54
6
3
55
19
3
1
20
1
16
18
8
38
1
25
63
18
56
25
2
78
2
52
19
14
40
16
61
3
9
8
54
91
23
62
10
0
35
22
38
33
19
13
24
64
27
32
16
4
32
32
17
12
39
16
33
43
22
24
12
26
56
66
25
87
28
25
27
37
6
14
12
25
22
68
27
46
0
23
41
13
28
29
36
27
10
26
84
42
40
10
15
6
32
40
47
18
34
11
40
37
11
41
9
2
22
17
22
43
10
66
61
34
32
48
7
50
5
31
45
7
59
7
9
28
57
47
23
27
26
61
4
22
43
31
26
22
28
9
1
44
70
26
11
4
44
10
25
78
58
50
13
15
36
39
22
49
12
1
93
36
36
18
34
46
31
3
51
24
52
29
3
39
52
35
20
2
8
26
5
10
33
23
11
54
15
38
43
3
19
30
16
43
34
30
7
13
6
45
24
19
5
30
77
30
17
11
40
61
23
74
32
30
12
40
56
56
19
31
32
28
28
12
31
7
3
76
15
3
23
30
51
10
0
30
35
0
42
5
32
15
28
31
2
32
5
27
38
21
90
35
53
8
37
35
10
3
37
19
30
54
15
31
4
6
18
40
31
6
12
32
41
27
11
8
14
38
18
79
23
14
4
7
0
4
5
41
5
28
35
27
9
25
15
7
29
5
58
45
8
52
8
45
66
1
26
10
60
34
2
11
11
1
73
9
20
18
1
11
1
26
11
41
15
38
0
4
1
11
0
62
17
15
44
82
3
46
14
11
2
15
53
23
58
58
28
26
11
17
14
53
33
25
12
8
1
23
32
23
19
18
63
33
60
24
45
5
23
8
1
9
7
69
74
25
19
10
8
21
17
44
4
11
13
19
38
60
12
39
30
45
18
27
28
41
31
20
35
1
12
17
9
32
88
24
67
45
23
59
4
4
11
8
30
19
65
36
31
20
25
11
16
26
46
18
28
38
20
3
28
39
13
18
43
21
13
4
39
12
68
32
67
34
6
19
0
34
60
56
32
48
31
7
17
27
4
2
15
2
103
14
0
33
3
12
38
9
55
11
8
39
1
23
21
12
17
15
6
22
9
51
67
26
48
12
8
18
32
14
3
0
21
5
6
7
6
10
58
13
5
29
59
6
19
41
40
23
3
93
31
5
8
30
40
10
11
11
6
3
51
9
50
17
11
16
26
17
11
11
15
5
1
4
13
41
29
6
19
30
18
18
39
25
8
22
31
14
41
14
16
9
1
24
20
41
18
34
3
11
13
6
31
23
5
17
16
22
5
33
10
1
18
9
6
22
33
22
18
18
5
25
52
73
24
29
56
30
33
4
11
9
5
36
55
53
4
16
14
18
38
4
36
8
15
1
23
8
5
14
9
27
6
15
0
5
18
20
11
20
32
3
4
4
6
27
36
4
15
51
34
15
1
93
40
15
22
18
2
22
11
1
54
38
22
26
13
40
9
26
37
13
73
7
52
27
15
8
13
21
29
2
49
55
74
33
22
7
7
2
4
22
18
24
39
37
18
3
25
10
12
71
4
4
29
42
8
10
12
5
1
19
67
17
21
15
12
22
11
4
15
18
11
4
6
17
2
39
34
62
46
3
32
43
18
43
5
3
2
18
13
26
29
35
52
11
36
1
26
31
24
7
2
19
19
32
31
9
53
0
9
35
40
40
22
20
23
21
11
23
12
34
3
23
19
22
15
17
29
2
9
28
7
2
11
34
23
23
23
10
9
38
6
10
11
46
28
53
14
5
30
10
19
49
10
7
31
10
40
6
4
27
44
22
13
15
28
20
10
1
51
15
40
9
2
1
33
32
45
7
7
27
5
1
26
17
6
5
12
3
1
50
2
42
13
29
1
16
58
4
17
29
24
6
34
9
59
44
7
18
4
4
21
35
44
10
4
7
1
32
16
17
21
24
18
37
3
29
53
4
13
21
13
17
53
19
34
15
53
28
25
48
2
4
13
36
15
14
16
26
34
12
8
35
26
0
23
18
21
11
57
10
13
8
0
23
0
5
22
43
16
10
2
20
34
22
42
37
9
20
49
22
20
14
30
0
20
19
9
26
10
7
17
26
11
17
2
14
12
10
5
3
22
8
14
39
24
9
16
19
7
11
45
40
2
6
26
4
6
42
10
20
5
47
26
10
11
31
5
3
7
5
7
10
24
17
10
25
4
8
1
21
4
33
36
22
33
13
11
16
3
21
14
20
47
16
7
0
3
29
6
23
6
37
6
14
25
1
33
24
6
31
47
18
15
3
2
25
15
4
24
40
30
28
15
10
28
16
41
19
4
43
33
5
47
17
26
12
22
7
16
11
27
21
1
3
38
44
9
32
24
24
14
32
18
10
12
4
9
4
21
3
25
17
21
18
16
35
4
1
20
7
6
1
16
34
19
14
19
8
4
0
5
3
1
6
7
17
17
9
10
2
17
20
11
34
40
9
1
19
1
3
13
15
8
18
57
39
24
1
47
9
5
10
13
32
4
28
3
25
25
14
14
9
12
1
22
11
25
18
38
6
1
30
1
7
19
3
13
17
29
22
29
13
10
7
12
14
32
10
12
27
21
9
5
18
27
7
16
19
10
14
6
26
13
9
6
8
10
4
26
23
2
10
24
32
8
4
24
11
2
5
11
21
43
2
4
21
9
29
23
12
7
5
18
28
17
42
5
23
23
21
2
8
16
6
25
5
3
1
8
20
9
19
2
10
3
10
12
9
3
29
8
3
3
19
21
12
0
20
0
4
18
32
20
11
6
3
14
6
0
7
4
6
7
16
29
4
3
11
14
4
8
0
9
14
20
2
5
9
2
3
20
2
8
10
6
29
1
32
3
18
17
15
4
4
2
6
9
14
13
1
1
9
27
23
1
3
24
1
24
11
5
0
4
3
16
9
12
5
23
1
21
0
9
5
15
2
17
6
15
17
5
5
5
18
5
9
4
2
4
8
6
9
12
9
3
12
1
2
10
0
33
9
4
5
9
13
3
8
10
22
13
6
22
11
17
3
0
19
4
2
13
1
8
14
13
3
0
11
4
2
11
6
11
4
7
13
7
3
3
7
0
4
4
2
2
6
2
3
14
7
0
2
5
19
6
11
1
3
9
8
5
0
9
8
11
13
7
11
10
1
7
12
8
2
2
6
2
12
6
11
3
1
1
3
3
3
1
8
3
4
0
0
0
7
3
1
0
1
3
0
0
1
1
0
0
