36
22
0
37
27
16
142
62
2
5
29
32
9
21
8
2
0
21
30
84
9
41
71
3
63
0
41
22
5
50
23
49
12
42
52
34
21
40
38
18
68
12
25
35
26
17
32
44
13
22
16
41
3
79
29
109
32
67
21
72
22
8
23
60
34
80
6
54
27
75
61
33
42
28
6
43
18
58
27
28
31
14
37
7
57
85
31
1
44
81
19
60
8
30
42
85
10
55
76
43
3
42
6
30
25
53
25
60
38
69
3
74
49
4
60
19
14
42
31
8
108
62
2
34
23
3
61
13
29
45
88
71
15
60
88
65
24
13
106
31
18
6
92
28
28
12
72
29
11
54
86
116
74
56
17
45
68
17
21
107
23
2
46
19
43
11
81
133
47
7
76
9
19
19
12
20
37
47
31
37
110
4
22
42
10
97
22
19
62
22
17
5
47
41
4
70
40
39
30
12
77
26
14
16
97
52
25
39
4
7
52
36
43
67
21
49
49
5
85
82
64
33
57
9
150
56
42
9
33
63
39
24
15
27
15
97
39
22
14
66
42
45
13
20
55
44
33
6
15
12
8
13
42
31
38
5
16
92
18
2
79
29
42
20
27
49
52
60
48
13
8
104
15
52
116
70
43
9
65
4
13
45
30
8
14
11
52
45
53
41
64
3
93
6
54
62
24
50
10
36
25
27
4
30
38
8
67
62
6
123
25
21
71
47
14
17
5
23
69
135
28
70
33
18
5
6
9
5
25
8
35
34
86
3
16
7
11
30
71
109
9
26
71
92
20
0
82
33
14
3
40
63
4
4
4
16
48
34
3
6
25
36
3
18
20
1
28
12
21
60
56
50
2
37
58
20
24
26
46
2
40
20
32
59
4
6
10
80
18
41
37
58
23
10
10
2
4
21
2
34
14
69
24
13
42
10
43
41
41
1
38
14
5
49
23
47
64
68
11
32
11
23
26
51
26
4
14
56
37
9
1
8
15
28
52
22
45
8
20
33
13
5
18
35
42
83
24
62
27
46
9
73
42
13
55
87
30
19
78
61
6
1
6
14
34
9
3
24
18
12
1
33
40
40
33
25
1
16
25
8
15
70
40
24
11
62
34
15
4
48
56
25
11
19
3
69
0
51
3
53
29
26
51
12
40
50
69
43
45
29
47
54
54
61
3
24
38
10
99
62
14
66
4
60
36
20
12
53
38
5
20
13
50
37
11
10
18
58
49
18
24
22
21
2
32
56
53
46
0
74
9
43
104
10
71
12
80
134
74
68
50
15
29
81
32
72
3
52
91
63
21
3
42
13
13
87
41
34
1
68
81
30
5
53
27
1
55
25
16
94
32
15
30
2
23
18
13
18
20
1
5
74
14
14
44
13
47
7
35
8
70
8
65
19
6
13
20
27
30
67
9
49
18
38
17
3
70
58
2
22
33
14
7
21
4
14
21
38
14
65
29
33
78
35
5
2
44
25
57
106
47
38
24
11
63
99
40
47
31
13
63
10
27
13
33
21
53
14
19
32
4
8
54
39
32
78
21
17
88
19
10
43
18
8
65
20
39
66
6
6
32
18
41
46
39
27
7
64
26
7
9
2
61
8
22
3
30
0
2
83
5
87
55
87
12
55
21
29
5
26
142
41
4
21
21
21
42
16
0
47
20
72
64
92
71
0
20
5
13
67
39
23
75
9
44
40
32
13
70
2
10
10
13
15
37
3
75
24
16
45
48
30
77
11
20
60
37
10
53
2
16
50
15
43
20
3
8
8
117
20
42
46
25
37
5
58
2
36
41
27
68
7
59
53
46
13
20
36
31
11
60
60
8
40
14
3
50
24
69
12
77
50
2
61
31
60
17
39
46
39
20
99
78
24
49
76
31
1
10
67
57
42
39
72
20
24
44
0
7
27
21
17
21
78
27
40
11
25
7
55
4
64
50
25
25
26
7
9
74
36
28
79
42
33
49
152
32
10
67
56
18
56
63
29
7
64
16
9
12
43
19
16
12
51
7
32
58
37
35
54
35
35
54
53
16
3
39
10
30
5
31
32
46
86
1
63
17
84
24
12
33
5
17
25
31
29
1
46
25
5
44
31
39
35
26
43
73
39
3
2
19
38
50
13
80
47
4
15
19
21
34
14
22
1
54
14
10
38
7
2
8
60
12
8
33
4
20
38
36
35
10
18
8
2
27
17
44
13
49
33
18
14
1
6
21
22
25
27
14
30
20
1
12
26
22
15
35
6
34
17
9
11
53
14
20
28
13
67
7
13
11
65
6
3
6
93
3
42
7
9
9
12
53
27
18
16
39
25
2
10
48
113
38
35
3
48
2
3
52
22
27
11
57
20
7
19
7
12
49
24
30
7
51
6
87
11
3
63
4
23
15
49
6
6
21
50
11
39
68
29
4
6
56
1
28
92
36
23
15
12
34
4
10
45
16
50
36
6
21
34
11
72
44
105
8
24
9
25
97
30
59
5
21
67
7
10
73
5
26
52
36
10
35
71
23
10
8
47
25
77
69
4
53
15
8
52
77
8
17
69
25
31
1
29
15
9
42
24
49
9
11
9
2
39
63
12
22
6
29
31
43
19
2
46
27
6
72
88
51
27
6
72
63
11
14
44
8
5
3
31
35
37
41
23
3
33
38
8
26
9
75
3
34
15
28
49
1
65
80
1
26
52
24
9
25
12
60
109
22
32
49
9
42
11
6
8
19
71
18
55
84
18
57
17
23
7
73
60
15
61
26
27
5
20
3
10
45
24
22
11
9
27
1
23
28
12
14
25
20
19
44
44
17
32
71
3
29
10
16
16
51
52
51
27
55
2
1
84
23
36
22
20
12
24
18
29
10
42
44
89
41
41
13
34
15
46
40
22
63
19
52
57
11
9
32
22
19
53
17
31
16
47
38
23
25
16
45
54
16
9
12
4
2
29
11
37
4
70
20
22
3
45
26
5
51
19
11
19
1
58
19
26
15
33
2
21
54
43
28
38
47
8
18
19
16
19
1
64
9
3
10
22
4
8
11
26
36
6
19
0
43
56
9
9
20
30
2
12
5
32
36
7
36
4
58
8
20
30
24
46
22
28
15
40
8
3
25
57
4
21
33
34
7
46
20
25
17
5
22
48
31
25
2
24
57
17
3
17
8
4
6
45
24
34
12
14
27
20
23
25
22
13
24
8
30
39
14
42
5
38
5
7
52
27
20
31
24
9
17
11
7
42
10
35
14
30
28
15
26
4
41
23
10
12
6
0
2
9
48
16
12
15
5
40
1
31
47
16
34
52
84
24
48
77
21
12
53
28
38
61
11
44
18
24
17
5
7
6
2
16
22
16
25
3
23
102
47
50
19
29
80
1
20
20
26
16
19
18
11
15
12
1
12
2
29
3
12
25
19
33
12
14
5
75
36
5
79
17
6
15
19
26
40
35
15
29
27
18
25
12
58
24
6
39
21
48
9
14
10
72
24
32
13
9
1
10
28
1
32
6
52
30
10
20
12
1
12
10
8
12
29
13
16
40
38
41
21
7
18
12
5
50
35
1
26
0
27
8
22
49
4
20
37
13
4
27
50
38
13
8
27
12
39
39
5
28
12
20
26
10
41
35
31
24
6
5
37
15
1
7
12
15
35
55
24
24
34
1
15
25
29
9
70
9
12
5
15
23
7
25
1
29
28
66
52
4
51
47
29
28
26
1
23
34
5
68
9
42
8
56
29
10
14
1
22
27
16
22
42
32
52
35
17
15
2
8
13
21
20
10
57
7
28
7
20
14
32
2
7
28
25
17
3
24
33
11
32
15
40
74
43
28
11
0
15
3
13
5
8
2
31
44
12
8
32
17
14
17
7
50
22
24
78
32
3
57
4
12
19
29
18
4
59
6
11
42
8
22
7
59
16
27
15
15
11
78
6
22
28
13
20
1
11
2
1
12
18
41
51
17
42
26
21
3
29
3
11
7
31
11
9
6
9
11
23
20
15
1
15
25
19
14
23
11
17
9
2
61
12
7
0
42
50
3
14
20
2
13
25
7
50
15
3
30
15
27
21
19
28
45
29
46
54
3
11
44
10
8
1
21
9
14
28
1
13
9
5
27
33
2
9
18
20
19
4
31
18
36
23
39
12
21
7
15
20
3
0
4
29
22
6
17
14
6
1
1
9
12
17
1
5
37
29
26
22
10
3
7
31
2
18
14
7
10
6
26
1
15
27
28
28
12
14
34
17
12
1
6
12
5
20
9
20
11
13
0
7
3
61
11
16
36
7
45
33
9
14
21
20
27
9
31
14
29
12
9
8
23
7
12
15
1
10
3
17
12
5
12
29
39
26
21
52
6
4
20
13
1
5
6
35
1
20
18
26
2
7
15
51
1
0
3
23
26
20
11
7
0
6
1
5
35
29
7
39
47
27
9
0
11
1
12
26
7
7
3
21
6
8
24
13
7
0
10
33
35
8
10
13
9
23
14
15
25
18
42
33
8
2
9
9
14
14
14
17
27
13
58
8
0
0
9
17
9
22
13
15
29
4
15
23
27
31
19
14
1
4
20
3
31
13
8
26
38
26
6
25
52
3
12
19
36
15
8
19
12
32
9
32
7
24
4
17
13
50
5
6
13
16
11
37
19
8
40
28
13
4
6
23
5
11
29
10
8
8
17
38
5
47
12
5
9
24
0
0
17
40
2
39
28
1
15
1
26
1
8
2
1
22
3
5
9
8
0
9
17
24
26
20
16
17
12
3
34
3
3
20
12
10
5
19
10
3
2
18
8
14
41
22
14
29
10
25
20
14
8
8
21
26
12
2
8
19
19
5
11
9
15
9
6
11
15
17
8
21
17
10
15
11
11
8
5
25
26
4
21
18
15
9
26
21
2
1
9
7
1
2
19
1
8
13
20
14
1
21
2
30
11
5
35
9
21
28
5
11
30
16
3
21
21
11
15
17
0
12
3
22
14
7
0
10
4
15
5
3
11
3
27
19
11
12
24
3
8
1
11
3
28
22
7
6
12
6
29
2
9
23
12
28
11
5
15
3
3
19
11
0
14
5
17
29
19
19
5
2
11
2
11
0
13
3
10
11
21
11
9
1
2
14
28
16
32
5
3
27
31
1
10
7
4
16
3
2
7
5
25
9
23
3
6
4
36
8
12
3
17
22
5
0
13
12
6
1
6
5
3
0
11
7
11
6
18
10
3
5
15
1
6
4
8
6
3
13
6
13
0
7
19
23
4
9
3
11
2
0
3
8
15
8
10
11
9
2
2
1
32
5
0
6
13
8
3
7
3
2
4
1
18
14
6
2
0
17
5
14
1
11
2
5
2
3
1
12
13
1
9
12
0
4
3
11
0
2
1
6
2
13
23
20
7
6
2
1
1
9
0
12
3
5
12
5
11
1
3
13
7
8
2
2
5
9
14
3
8
2
2
14
10
6
7
9
2
4
3
2
0
2
5
1
12
1
4
2
7
0
0
10
5
0
8
3
2
1
10
0
9
3
4
5
10
5
3
4
3
1
3
1
1
4
4
2
0
2
3
5
0
2
1
1
0
