23
2
7
2
32
19
45
0
48
2
34
10
17
4
27
7
32
4
16
18
22
31
7
7
37
23
16
20
40
29
36
17
64
49
6
94
27
25
83
77
2
123
36
22
19
6
15
4
33
62
21
1
30
55
1
35
28
40
5
26
18
9
24
38
29
55
20
5
44
15
24
61
46
46
69
40
2
4
12
20
31
62
13
18
4
59
33
38
5
22
58
24
47
70
15
39
112
40
7
55
0
25
26
15
13
48
0
49
36
91
35
34
79
29
90
29
46
23
31
3
96
27
16
20
81
3
9
29
21
2
35
4
15
0
83
102
70
50
7
35
80
43
112
139
36
42
124
19
46
2
23
20
50
23
20
89
17
34
99
49
76
27
5
48
18
75
32
7
24
33
48
71
7
58
91
27
7
16
6
34
66
9
50
47
49
53
40
71
20
18
23
2
100
16
130
106
0
6
37
16
30
25
47
24
97
4
54
94
27
10
26
17
36
22
75
40
107
16
46
33
79
24
57
45
19
101
14
90
28
33
27
8
37
19
84
25
16
52
88
57
6
9
89
57
85
71
5
52
23
59
71
95
8
95
107
31
26
9
37
14
38
33
19
7
65
18
25
65
19
2
33
26
43
23
12
71
42
22
6
40
25
6
29
60
23
70
2
26
46
72
30
14
14
25
92
60
37
57
31
1
85
66
33
45
88
1
47
0
22
55
59
48
45
10
3
52
33
23
38
9
98
41
15
32
48
1
46
54
54
60
46
40
35
24
49
14
26
79
38
10
70
87
20
10
21
32
4
50
15
42
69
9
76
49
64
37
64
18
46
14
35
17
75
32
40
13
14
67
33
67
19
50
34
5
47
18
35
32
55
11
13
20
12
90
8
17
2
73
9
22
51
5
77
18
4
76
4
61
103
60
17
63
36
2
79
21
87
25
50
27
71
64
33
25
54
20
13
2
50
71
28
22
86
47
16
19
3
40
54
16
9
95
9
14
17
4
86
72
15
12
31
21
22
36
41
63
9
35
41
21
20
25
27
31
60
3
13
8
19
1
12
35
48
56
43
25
1
12
24
58
24
21
3
22
14
89
2
16
17
40
65
57
77
60
18
35
4
33
46
11
51
21
68
90
58
27
32
11
42
77
97
44
22
4
37
30
30
3
2
46
30
38
74
0
76
32
17
33
17
22
17
11
79
60
39
63
21
19
41
53
79
102
10
13
40
9
56
35
15
65
24
26
12
61
90
34
21
40
18
2
34
2
23
56
16
14
5
39
54
68
4
55
10
11
1
31
26
70
9
20
2
93
47
59
24
26
78
59
57
94
41
32
34
16
47
15
15
50
57
4
56
15
83
14
31
78
30
18
13
25
27
75
19
13
47
8
44
51
10
8
16
30
42
22
36
73
9
6
50
39
25
22
48
18
28
3
23
80
13
27
14
17
56
39
74
50
19
2
6
9
27
31
14
57
36
70
20
5
17
4
23
9
7
17
27
14
70
10
16
56
22
29
35
59
2
4
18
24
35
31
22
113
19
22
54
84
20
21
15
29
59
41
48
44
5
28
38
22
79
7
24
3
6
43
5
78
27
17
17
16
29
12
8
74
74
8
11
5
12
46
32
5
22
24
10
65
5
6
27
56
5
30
17
57
30
33
55
49
33
77
11
9
45
10
8
29
52
19
45
18
4
64
35
57
16
44
32
24
21
14
68
45
0
30
18
32
0
21
31
57
51
58
16
29
128
17
2
22
39
45
7
30
93
32
16
55
27
25
31
60
3
101
15
16
24
1
55
16
28
58
45
7
46
41
23
25
26
30
66
61
67
7
40
65
62
7
27
122
23
19
40
46
62
39
48
53
7
8
18
28
3
28
37
3
43
24
13
31
74
68
34
23
79
17
29
2
30
16
21
16
8
2
9
17
18
71
2
67
53
35
53
41
37
30
54
32
18
88
54
10
21
79
11
15
52
11
5
58
39
29
54
7
5
53
62
51
14
110
15
2
39
24
3
59
89
30
19
42
25
7
69
22
93
18
26
71
1
27
53
54
2
31
65
39
25
19
34
55
52
17
19
2
33
9
3
23
9
5
38
2
3
27
69
4
2
26
5
39
55
14
10
43
20
87
17
6
39
9
9
50
60
35
35
6
26
45
22
50
47
19
13
58
0
25
51
20
37
7
87
1
9
1
40
7
40
89
56
96
73
30
33
14
36
16
65
12
35
15
20
69
0
47
23
40
43
37
21
8
30
18
27
5
2
32
59
41
32
55
14
71
28
38
46
64
18
61
75
74
53
25
22
18
34
30
38
5
21
55
3
46
23
8
40
42
26
67
34
37
8
41
6
52
17
26
29
9
42
18
13
24
28
35
16
2
72
32
45
9
23
47
11
58
4
66
41
36
6
19
34
17
19
24
98
32
50
64
83
31
52
22
40
2
19
8
32
48
5
47
24
39
8
27
47
14
40
17
3
55
18
14
3
33
12
55
6
62
6
53
7
33
8
34
45
40
9
15
34
37
49
17
37
0
23
46
41
46
38
16
1
33
13
7
58
28
53
35
32
51
15
36
8
32
29
59
16
21
9
7
17
33
58
59
14
21
41
35
67
35
23
63
19
71
7
14
50
78
8
6
5
13
101
3
61
43
23
8
23
8
32
35
53
13
3
58
8
23
5
18
19
31
40
11
1
46
23
18
30
6
17
5
2
17
6
37
13
33
4
34
7
32
15
70
118
18
25
37
2
10
26
5
40
35
80
61
21
25
59
36
52
23
55
27
39
1
15
38
0
27
23
30
34
16
30
23
9
13
55
13
6
20
13
4
52
39
18
34
0
46
36
13
10
13
5
12
26
11
17
33
28
17
21
66
33
59
23
6
17
49
51
24
5
26
28
31
22
12
7
44
7
34
12
3
20
62
7
9
54
28
45
34
77
31
28
21
17
31
26
15
18
6
2
0
70
22
25
54
4
2
33
28
25
22
13
40
15
21
9
14
35
31
24
63
4
26
16
31
2
21
30
61
16
2
65
10
39
33
6
5
37
20
21
7
38
35
32
1
5
0
43
17
12
17
28
10
38
16
27
3
6
91
33
45
3
27
10
49
8
4
9
55
13
62
55
44
30
58
3
27
32
3
36
53
36
51
36
69
39
32
4
8
8
4
30
8
8
6
24
12
67
46
36
15
44
4
8
36
4
14
47
21
27
16
26
39
18
40
15
14
38
49
29
1
8
29
17
10
38
2
28
2
45
34
8
22
22
13
3
74
57
3
1
62
21
8
9
31
32
42
93
36
22
8
14
33
48
54
6
14
6
36
17
17
26
11
11
57
5
6
19
20
2
8
0
30
37
5
18
41
13
20
2
24
24
14
9
59
39
17
7
28
8
5
27
32
38
28
12
11
28
39
7
12
29
18
53
14
4
24
6
57
41
22
18
41
13
8
5
17
25
13
24
36
18
3
14
35
8
33
16
2
18
8
3
17
19
12
27
50
1
9
36
20
20
36
26
33
5
37
3
25
45
51
20
61
2
13
19
29
23
39
63
63
14
46
13
36
13
38
23
11
11
4
4
27
20
17
24
8
29
27
39
15
52
62
36
63
51
12
4
3
35
14
69
7
28
25
25
7
24
4
18
17
8
38
3
55
70
1
15
3
13
7
31
24
26
20
26
33
26
46
29
38
58
8
24
14
41
10
4
1
66
22
16
18
19
12
6
38
17
46
7
14
29
31
26
16
50
33
22
10
55
35
35
32
16
7
38
34
18
7
4
6
3
2
42
13
25
21
5
3
34
60
15
8
23
7
22
33
31
33
3
12
22
58
44
13
32
14
20
16
15
31
33
15
3
11
34
3
9
37
44
11
44
14
35
54
19
30
27
3
3
3
8
3
26
16
36
41
39
3
34
12
45
15
7
28
2
24
39
6
11
60
49
81
7
13
9
11
3
44
4
2
33
32
11
30
14
55
2
25
48
22
18
4
33
13
1
7
34
30
0
9
23
2
2
2
19
6
0
7
7
10
75
7
5
7
12
20
32
8
8
57
12
32
6
6
12
3
24
25
44
38
7
12
11
19
7
21
24
10
13
0
29
21
4
9
20
15
25
19
1
32
45
47
58
33
1
30
25
11
9
9
29
16
22
30
19
37
8
14
4
36
4
17
7
14
9
27
31
23
3
15
19
24
39
20
2
21
44
31
11
14
2
24
5
15
57
16
21
23
26
4
28
17
12
16
8
61
15
16
8
29
1
37
26
20
16
45
15
17
1
18
2
29
3
19
12
17
33
54
9
20
16
1
22
5
6
11
5
15
12
8
16
2
34
38
5
19
3
34
67
2
16
26
25
8
18
15
4
19
5
29
5
26
1
21
20
39
4
8
13
11
1
22
23
34
13
21
47
52
3
24
10
10
10
15
17
0
22
14
4
25
12
30
35
13
20
13
16
3
7
1
35
51
1
7
10
1
17
6
9
23
8
12
21
4
5
28
0
1
22
12
2
42
5
26
15
7
15
22
18
19
47
32
4
9
36
24
16
6
12
26
15
51
32
2
32
8
2
26
8
0
11
13
18
6
18
3
10
42
24
22
6
63
21
6
14
10
21
1
3
33
40
7
21
31
11
66
12
28
5
13
11
3
5
15
14
22
31
27
0
5
28
12
31
26
14
18
1
6
8
18
8
39
26
10
8
57
11
20
2
29
10
33
8
39
24
22
7
24
7
20
18
13
26
24
24
10
4
2
2
35
41
13
18
10
12
32
35
51
22
30
20
24
4
10
6
26
10
22
15
30
19
16
16
8
12
4
24
1
33
10
7
14
4
35
23
7
12
8
11
48
18
16
11
11
2
22
5
11
16
14
13
7
4
12
14
37
14
16
1
16
0
6
15
10
12
38
18
4
6
0
7
7
13
20
7
9
8
5
2
11
1
12
7
33
16
17
3
22
14
22
14
19
27
18
5
15
12
0
42
24
17
20
3
19
9
5
18
9
37
17
14
16
6
19
1
28
4
31
4
1
4
8
15
5
0
14
6
15
27
3
3
0
41
18
4
6
0
18
11
18
5
32
3
18
14
7
8
4
12
15
4
10
28
3
7
13
8
9
13
3
53
27
18
11
18
2
24
5
8
19
32
9
12
5
21
5
11
1
9
3
3
4
7
20
8
26
1
37
6
8
23
6
4
42
16
21
5
2
3
10
14
24
7
19
17
1
8
5
5
30
17
5
7
7
3
4
3
6
20
1
13
6
17
12
37
1
25
14
28
7
20
1
8
25
2
20
7
12
7
2
13
16
22
1
0
11
6
1
3
21
1
18
16
2
20
17
2
5
10
0
23
8
7
2
17
9
19
9
25
1
20
2
12
7
10
12
21
1
1
7
9
6
2
16
3
4
5
5
0
3
6
7
2
14
2
8
4
2
11
8
5
10
24
10
2
4
8
1
4
4
7
8
7
0
4
8
0
2
10
5
11
3
11
11
2
17
5
2
2
4
10
4
2
4
2
9
6
3
3
0
9
2
4
5
3
9
0
12
7
4
6
1
7
2
0
5
3
1
4
1
3
2
1
3
1
1
2
0
