14
3
1
0
76
2
16
87
16
42
13
2
9
3
2
10
18
1
58
30
37
15
37
56
19
8
11
69
47
21
9
1
12
30
6
26
11
83
78
25
4
33
39
4
10
45
4
15
0
23
18
17
19
32
130
36
18
11
58
6
31
17
35
54
64
44
5
33
8
4
31
19
14
4
16
64
47
8
6
12
45
15
23
81
1
50
80
47
76
33
35
76
26
28
67
21
30
26
57
7
29
70
76
10
0
72
27
6
31
28
54
1
15
12
49
12
9
28
88
21
32
37
35
52
25
30
20
13
13
2
113
21
30
3
32
90
11
50
51
48
38
2
31
28
0
56
2
25
10
8
1
3
57
34
25
59
48
29
8
6
69
57
2
3
51
60
69
64
20
71
28
47
55
39
79
20
45
104
9
1
81
51
6
13
18
12
95
32
102
27
32
68
89
75
124
43
114
10
12
37
30
4
17
71
16
24
61
59
65
73
2
13
91
65
3
48
42
72
28
73
31
56
47
19
17
55
31
44
37
73
76
66
39
65
18
75
8
37
14
107
28
18
44
17
4
63
20
13
17
90
83
38
22
9
16
9
20
20
14
46
75
16
10
14
27
62
72
70
44
48
9
28
82
51
7
48
7
30
67
130
15
33
3
25
4
3
11
48
34
90
53
36
56
32
10
44
20
39
16
66
30
25
22
32
2
49
37
115
10
25
3
110
6
7
45
8
11
5
32
37
24
58
6
39
86
70
38
77
13
34
63
22
38
75
38
46
84
20
14
20
98
12
48
49
43
2
37
85
56
62
8
36
1
53
35
15
5
16
26
47
5
21
45
5
33
97
5
2
0
11
67
19
37
7
42
0
105
8
11
3
50
5
14
59
11
17
74
38
17
29
8
98
37
24
62
7
7
48
25
6
28
56
48
26
75
29
52
60
14
8
89
49
1
19
77
13
24
106
85
22
6
97
13
7
86
50
43
45
68
51
31
23
36
38
21
96
16
37
54
20
36
57
43
7
32
80
3
8
52
92
43
38
24
10
24
10
139
83
12
25
51
23
58
39
33
40
12
3
55
11
48
44
13
76
23
1
61
14
32
65
47
1
36
26
90
17
38
16
22
8
29
31
48
58
32
8
48
17
35
46
19
51
11
20
2
19
59
34
104
14
119
33
7
14
13
19
26
30
41
49
12
72
29
79
36
18
1
10
5
19
32
43
64
58
13
19
109
90
12
13
61
14
58
90
50
35
24
32
18
10
22
14
75
77
16
19
15
1
90
44
18
58
13
10
21
18
95
21
60
23
7
22
8
64
7
42
0
10
17
50
10
18
4
11
30
55
54
5
30
65
56
45
29
28
51
34
92
16
6
55
97
42
90
14
41
78
1
21
73
89
40
10
2
55
30
43
8
4
45
50
6
12
55
35
20
28
31
40
12
18
41
6
34
42
3
37
50
30
11
13
42
2
32
86
9
30
108
14
95
27
6
45
91
47
1
74
32
2
56
20
35
17
28
7
4
101
44
51
22
28
34
39
13
4
54
61
94
8
28
31
31
7
48
12
4
20
62
36
49
25
17
78
16
55
7
27
45
50
75
47
25
8
21
61
3
19
16
14
36
35
19
49
15
32
65
23
80
1
66
42
1
19
24
45
28
12
12
5
3
30
4
49
13
40
5
48
45
34
11
22
2
16
17
63
19
40
22
63
35
78
67
13
63
29
71
61
29
61
53
8
11
33
47
41
29
10
4
47
4
36
16
43
22
31
46
4
2
24
13
20
54
39
4
29
44
96
39
68
34
27
20
36
32
38
3
3
41
69
55
23
23
42
11
0
32
43
12
8
6
19
12
11
23
12
25
14
104
2
28
84
12
13
92
28
19
37
34
60
11
42
22
40
46
46
21
28
4
10
50
26
12
26
54
85
54
28
66
101
22
21
27
13
0
5
22
99
15
12
15
26
9
10
6
45
52
46
6
25
19
5
46
4
28
24
9
109
29
23
15
34
26
13
2
53
23
26
53
26
38
80
55
31
5
72
35
6
86
31
14
42
76
6
25
31
19
20
21
11
34
4
9
29
12
56
50
47
23
27
2
12
1
18
84
23
19
33
19
28
7
20
3
45
0
11
17
29
34
2
12
20
74
31
35
15
29
42
55
47
7
45
23
17
50
11
67
23
57
17
14
33
37
14
15
33
11
25
20
40
55
73
13
29
2
31
11
37
55
10
15
22
45
27
14
4
29
35
19
26
14
60
34
71
9
31
36
6
51
42
61
27
8
10
10
51
38
54
15
37
43
6
11
9
17
4
33
18
13
57
38
66
2
85
57
52
42
69
35
2
1
73
10
82
39
8
15
30
0
20
16
30
24
53
14
36
9
29
36
20
4
15
2
9
72
52
4
5
89
42
30
21
6
66
86
11
9
4
53
21
14
41
72
16
35
62
29
32
22
13
34
49
17
20
28
20
25
14
36
3
14
19
6
25
11
7
11
0
22
20
22
103
11
5
16
60
29
12
28
15
76
18
51
44
5
37
7
43
2
24
3
51
54
11
19
10
46
21
15
74
36
53
54
7
27
19
42
8
49
8
2
13
20
28
20
46
36
70
2
67
18
16
8
48
14
16
100
24
9
33
35
10
3
25
90
24
11
30
5
50
32
18
37
3
19
6
55
41
51
55
37
23
1
57
54
25
2
23
50
2
9
16
37
40
47
33
27
1
86
14
3
19
12
21
32
28
0
9
36
42
1
16
40
34
6
38
22
7
50
7
1
73
34
67
18
5
20
31
47
0
56
51
7
18
5
30
27
68
36
20
21
3
7
20
34
9
34
48
91
22
3
78
7
47
32
5
56
1
23
46
4
43
19
23
34
16
26
16
56
32
6
2
6
28
60
51
4
29
9
14
25
13
14
23
54
3
9
20
39
32
35
0
18
86
20
70
26
10
47
13
18
32
70
10
54
3
48
1
39
54
11
14
33
42
22
55
46
3
6
7
35
31
60
14
7
4
37
4
27
18
46
44
62
27
25
16
4
18
1
46
29
47
2
23
1
11
11
65
5
34
58
8
3
62
42
77
8
39
29
36
21
28
6
11
22
24
50
11
18
86
7
68
48
27
45
3
7
20
27
31
11
20
9
23
54
18
15
2
34
10
8
16
6
15
22
23
64
14
5
41
49
31
48
1
15
13
78
8
10
22
26
22
15
12
13
41
36
27
8
6
34
48
61
20
1
41
32
15
29
5
61
51
21
12
41
49
3
16
24
35
27
94
13
33
20
10
16
26
15
11
74
41
43
18
32
14
28
40
12
59
1
25
23
16
16
15
71
26
6
8
18
37
35
8
6
3
11
51
65
4
36
22
31
26
6
29
26
14
10
19
30
56
21
19
17
9
56
6
28
2
82
23
23
4
1
47
61
26
25
15
4
30
51
28
7
17
11
27
29
51
2
15
37
27
64
9
31
111
22
20
50
6
10
81
2
18
10
39
36
14
35
18
14
4
51
45
8
2
66
10
5
67
36
33
36
26
33
51
51
2
45
4
71
44
4
7
6
50
17
19
22
0
26
48
32
65
39
8
24
17
42
20
29
32
9
13
18
5
42
5
55
10
13
8
17
103
56
31
24
2
13
38
2
3
30
2
45
24
1
1
79
81
17
8
10
8
43
39
6
55
18
18
14
40
26
40
2
36
21
38
36
27
12
20
15
24
26
3
22
24
45
42
17
16
23
8
9
31
52
14
4
3
53
41
13
3
9
23
20
22
12
36
18
30
22
15
34
16
19
5
28
23
3
30
48
18
16
11
33
3
11
2
29
22
43
21
13
9
22
12
22
2
30
22
14
53
6
27
3
56
13
32
19
28
2
9
10
25
9
35
5
55
28
40
4
26
12
22
20
16
0
42
3
16
29
50
15
18
17
18
24
2
4
9
64
51
24
7
40
7
40
22
18
6
38
22
3
3
14
23
40
5
2
9
14
2
10
6
34
2
48
20
14
40
11
5
66
12
16
2
17
70
4
1
22
17
1
8
26
20
19
9
12
7
26
15
20
23
15
33
2
22
13
29
8
4
53
61
1
21
22
27
30
12
23
0
23
24
43
20
2
13
4
1
57
11
15
33
15
35
27
10
9
0
21
74
27
7
33
12
40
18
4
26
12
46
2
12
29
8
3
22
2
14
15
20
12
39
22
28
15
0
46
18
15
46
22
26
40
2
23
9
17
17
9
32
3
36
20
13
18
11
9
10
22
13
10
1
27
5
36
39
10
49
54
17
4
3
4
23
14
27
22
28
7
29
17
19
6
5
23
41
27
5
13
31
39
28
23
22
15
22
2
2
13
5
7
2
45
18
4
5
0
15
10
26
62
21
17
29
16
18
7
17
14
45
11
6
37
2
18
19
35
35
4
43
29
14
6
56
21
42
27
9
32
26
0
12
30
29
31
2
13
41
38
42
10
10
21
17
26
46
1
14
7
3
13
17
13
20
11
15
29
10
21
1
22
13
9
7
11
36
31
25
21
3
25
40
16
29
18
30
33
15
32
1
4
40
18
9
20
31
9
9
14
23
3
10
20
40
12
8
27
11
17
40
13
18
8
4
4
9
21
24
5
38
53
22
5
28
12
17
30
11
19
21
2
17
32
27
15
5
29
6
15
15
21
6
23
11
23
7
7
2
24
9
6
4
19
11
13
21
20
36
21
4
37
20
6
44
4
3
14
4
26
11
5
2
24
9
3
1
30
1
12
16
4
26
31
0
18
16
5
3
29
20
6
18
22
6
27
6
27
13
19
7
6
2
2
53
7
25
8
3
23
21
30
7
30
2
19
29
28
3
32
16
5
5
8
40
12
2
13
22
34
19
8
22
27
4
3
24
0
3
14
31
26
19
35
1
5
17
20
26
31
4
22
27
11
17
22
36
10
6
10
24
17
1
15
11
10
0
9
17
4
8
3
4
14
20
1
44
6
19
5
25
5
20
13
17
15
21
72
7
33
2
2
10
3
17
5
8
0
26
0
24
5
43
7
27
4
2
7
7
4
7
20
8
5
25
11
5
8
1
23
7
2
10
5
29
10
14
0
0
25
1
15
2
11
3
3
19
39
14
3
34
19
3
13
12
4
20
35
15
9
15
29
31
11
1
8
26
9
12
28
5
11
12
15
21
26
3
4
19
7
3
14
1
20
21
17
28
16
1
2
23
1
31
15
5
15
2
12
13
3
14
10
2
14
2
10
12
6
11
26
6
1
7
7
14
18
14
2
11
12
2
8
4
13
1
16
2
15
7
2
4
11
24
4
8
3
3
19
15
13
5
5
4
15
4
17
3
6
25
5
10
3
5
8
13
2
2
7
9
15
8
10
3
0
0
6
4
12
13
16
19
6
2
7
4
17
0
7
9
4
2
8
9
11
2
8
15
7
12
28
10
10
5
5
11
8
10
5
5
6
1
0
7
13
8
2
3
9
4
2
5
17
0
6
4
19
3
3
1
11
4
3
4
7
13
5
5
5
5
8
5
2
5
11
1
0
6
7
0
4
1
0
6
3
2
6
6
1
1
1
1
5
7
2
2
2
2
4
2
1
1
0
2
0
2
0
0
