27
45
57
38
35
31
29
10
15
1
1
5
5
25
29
1
2
3
16
11
13
66
0
8
38
6
23
7
25
9
2
31
11
41
20
34
35
70
8
28
24
9
18
38
40
28
39
28
0
7
41
68
18
25
7
24
26
28
35
100
50
5
73
4
16
53
53
23
18
89
39
137
35
64
19
12
14
16
27
53
15
56
37
11
78
14
21
54
31
14
27
34
52
47
13
9
47
45
1
28
32
0
32
17
48
61
4
26
48
5
69
75
0
55
10
23
65
5
0
31
49
2
54
46
6
23
2
22
34
14
27
41
33
49
75
69
27
41
35
18
34
58
28
10
85
15
20
14
48
20
52
43
35
38
66
72
17
13
9
81
44
31
51
21
40
52
90
72
14
5
34
12
23
62
62
2
87
32
7
2
37
50
50
36
5
11
14
50
43
97
8
102
33
40
38
15
2
28
4
4
67
46
60
15
61
7
117
9
41
16
14
4
2
14
39
69
65
6
0
41
2
7
19
22
95
70
2
56
16
10
25
11
55
43
21
36
30
16
24
81
21
26
88
40
44
33
6
5
11
38
84
26
109
63
86
31
28
15
61
13
26
11
7
50
31
27
103
9
114
13
102
8
77
23
36
2
9
68
10
28
4
9
18
19
39
42
53
81
40
15
1
84
29
36
64
37
3
71
32
46
57
9
20
48
24
31
8
63
132
55
75
15
46
38
44
14
37
12
59
67
4
28
11
95
43
69
38
13
13
27
81
14
1
24
3
31
44
67
4
32
89
38
7
49
8
1
91
5
42
6
5
22
2
45
8
66
63
97
39
36
74
49
11
12
49
29
1
25
19
19
45
43
44
55
0
32
3
9
22
72
32
84
30
21
32
87
16
93
32
27
29
35
16
30
34
14
18
45
17
47
4
16
13
46
67
2
158
71
61
55
23
103
21
14
4
44
78
15
59
35
53
0
34
29
0
68
27
8
66
15
47
33
10
24
33
36
19
12
8
1
34
35
20
3
37
45
23
34
9
54
40
46
7
83
72
11
57
4
9
13
2
7
7
5
36
19
24
71
75
38
25
40
59
23
9
64
6
20
27
6
44
105
6
68
4
42
36
4
41
27
17
83
14
66
11
20
35
75
2
17
9
49
66
77
12
49
71
18
9
68
23
40
16
53
7
67
126
48
43
21
29
26
20
37
46
21
7
26
7
19
11
14
20
34
15
72
57
37
50
21
17
105
2
5
30
25
38
5
70
12
7
4
23
23
27
6
17
42
13
26
26
5
13
70
83
22
45
19
47
36
17
51
60
10
28
23
13
47
6
50
24
104
41
15
15
25
4
21
15
5
63
15
71
93
3
70
100
1
7
55
27
10
7
71
3
30
7
15
6
29
24
57
30
55
38
54
65
37
40
12
33
16
56
34
12
75
44
48
27
50
68
18
34
12
56
42
16
3
12
9
1
22
57
70
49
46
26
22
18
21
6
35
10
12
11
2
46
1
49
38
20
90
60
42
41
23
10
64
42
28
59
22
5
71
74
35
2
25
71
28
7
21
32
22
34
3
22
51
78
59
42
7
75
58
37
3
12
1
6
4
43
8
15
88
71
22
27
38
14
21
35
22
82
36
10
10
57
17
9
52
2
15
51
82
128
13
0
42
16
9
14
40
31
20
38
7
21
52
12
15
37
20
7
20
45
26
35
12
51
43
4
1
22
17
32
23
8
4
19
6
20
50
47
5
8
18
7
111
57
6
9
4
68
58
57
33
37
69
7
53
8
39
6
105
29
32
55
3
51
27
6
33
5
5
32
20
110
31
3
28
2
6
21
4
8
10
38
35
48
57
42
18
6
3
74
42
33
87
18
37
3
33
66
45
26
22
13
40
3
15
27
90
28
48
29
9
2
35
5
103
13
50
13
94
15
23
49
28
30
16
5
12
23
9
20
18
0
82
28
31
38
25
21
25
5
36
51
20
8
31
12
26
14
11
13
24
28
81
29
1
37
14
47
13
81
21
66
16
31
61
52
13
67
23
70
47
11
30
14
22
18
61
23
2
21
13
43
38
14
82
89
55
5
17
4
94
19
6
19
64
61
1
14
17
11
48
33
1
68
28
5
10
64
21
19
7
15
13
10
24
103
26
25
34
55
51
75
11
7
35
40
15
32
83
10
21
9
14
12
30
31
59
7
24
20
37
35
3
6
25
3
10
40
44
14
37
12
8
55
27
8
35
16
15
9
15
43
21
16
1
66
39
47
37
8
13
37
30
22
45
17
71
46
11
19
84
4
2
5
10
8
14
17
30
7
22
39
5
7
18
41
45
26
64
81
37
32
7
25
79
39
5
10
38
4
5
58
59
23
80
25
53
10
43
3
52
6
10
33
42
7
24
119
32
74
52
2
48
12
64
53
14
17
7
13
41
0
36
42
55
42
7
21
6
24
32
12
18
0
82
7
4
3
58
29
20
32
25
34
6
8
40
27
21
9
7
12
4
38
51
78
38
28
8
7
21
32
39
22
60
55
31
12
45
22
9
68
20
20
8
30
33
49
88
20
22
11
25
14
62
4
51
40
10
25
36
26
23
22
18
56
8
2
14
13
4
11
15
5
19
22
34
34
7
5
38
20
1
46
83
54
2
37
43
30
10
15
47
26
21
29
7
65
20
16
31
9
25
10
54
1
36
2
31
47
34
12
22
29
60
21
28
62
35
5
34
26
26
45
13
10
6
63
12
28
39
56
15
39
9
2
19
39
42
7
5
29
19
20
32
43
29
47
61
14
28
67
52
52
32
47
45
15
18
9
14
4
73
29
48
37
43
46
3
9
44
33
5
2
10
13
46
10
5
29
37
29
49
25
35
11
16
38
26
14
17
23
51
13
20
24
27
52
3
2
33
35
14
17
4
29
55
22
24
77
19
45
26
3
41
15
12
12
22
21
17
10
48
37
21
18
2
1
49
70
37
49
68
2
40
44
70
38
57
22
28
23
52
22
23
2
31
3
25
3
9
40
23
52
44
4
33
14
13
37
6
40
32
36
44
2
21
15
26
100
25
22
24
61
15
60
26
15
27
40
27
23
17
3
27
14
12
15
21
38
14
16
8
31
50
106
79
42
27
21
19
19
45
31
1
15
23
8
20
5
3
31
41
35
19
31
60
1
1
57
54
11
25
24
2
40
10
44
23
11
31
62
36
73
11
22
15
11
30
4
13
35
75
27
6
15
5
58
61
16
13
19
42
7
0
18
16
8
27
4
17
49
79
18
18
16
29
50
10
7
11
59
5
59
46
25
2
19
5
57
40
1
16
28
28
6
28
35
32
41
1
41
51
8
19
11
29
2
3
2
7
22
2
34
21
27
4
11
46
17
25
19
22
36
7
24
88
11
32
22
38
0
10
58
64
8
20
63
6
21
14
9
24
49
12
10
47
10
51
11
74
17
11
28
27
7
8
28
45
6
86
15
5
27
25
8
76
18
45
94
28
0
11
33
22
11
7
36
24
65
12
48
23
29
19
63
8
29
6
20
23
19
18
40
38
29
33
27
100
26
61
19
9
14
6
68
21
23
15
112
6
7
37
31
17
24
41
2
30
32
29
62
24
5
15
29
49
48
2
12
8
5
1
29
13
50
7
47
14
45
33
40
8
48
31
14
1
9
24
47
11
13
35
0
14
22
12
5
21
38
21
26
43
6
1
42
58
24
59
5
30
35
4
7
55
11
6
7
23
25
1
9
24
9
72
35
17
37
42
19
12
3
112
7
28
21
8
12
15
32
1
2
19
14
8
9
28
53
24
38
18
27
12
24
54
10
18
6
10
72
10
23
1
72
9
33
31
39
23
2
15
16
29
14
5
7
10
28
45
35
5
4
36
6
24
34
6
30
27
14
4
60
2
3
13
7
3
24
19
50
45
57
19
26
22
61
36
49
2
33
30
3
60
24
33
38
14
55
6
35
37
8
23
10
10
13
14
23
36
34
3
15
69
13
3
26
4
47
21
35
39
7
12
25
66
49
8
31
17
29
27
8
66
1
32
27
18
33
19
48
11
17
17
17
67
10
6
18
25
33
87
8
5
41
18
40
37
15
54
48
55
11
38
15
3
23
33
30
9
14
38
17
16
28
6
5
46
56
16
1
15
10
20
13
57
32
25
46
54
7
15
4
14
21
36
26
15
32
35
23
51
18
10
8
38
42
46
13
51
24
31
14
41
32
5
53
6
15
20
6
17
37
5
2
29
16
14
23
52
5
5
26
17
17
2
49
27
19
5
2
66
13
22
20
13
5
22
12
1
3
61
9
25
6
26
23
16
18
10
7
24
4
20
8
3
16
40
18
18
23
20
20
31
18
30
13
11
20
23
21
6
2
27
39
24
50
28
31
18
31
17
11
16
5
5
26
9
20
37
4
48
3
27
4
26
24
0
30
28
29
6
18
29
22
9
53
33
33
8
15
41
5
3
20
34
47
30
20
7
14
17
13
18
22
40
1
8
5
7
8
11
18
31
31
19
21
34
5
5
16
4
7
4
28
13
39
9
20
41
19
28
2
35
35
5
20
35
27
6
37
25
17
33
10
8
2
3
3
8
36
20
15
28
2
13
36
29
12
4
11
14
39
1
13
28
31
47
0
5
36
2
9
3
0
10
16
29
0
12
22
12
21
13
9
18
29
24
14
2
0
11
17
14
13
11
0
17
1
17
12
3
14
9
19
1
26
22
3
9
3
11
15
24
5
32
21
9
17
4
21
24
21
41
5
8
23
1
28
7
0
9
12
19
1
15
15
51
17
20
10
13
4
5
16
12
12
20
17
11
11
36
18
29
17
10
1
47
16
19
35
25
23
47
17
27
2
0
6
16
34
12
43
27
5
3
13
7
6
8
22
8
7
2
3
14
6
5
1
8
18
25
17
3
25
0
16
9
24
22
14
25
8
10
1
15
14
3
5
18
25
10
1
3
4
11
18
11
4
19
30
1
22
7
17
2
6
26
6
22
6
46
25
2
11
4
11
1
5
2
23
27
12
8
11
42
27
20
4
1
20
22
13
6
33
2
0
17
9
10
0
27
4
15
10
23
20
12
6
4
8
12
6
2
11
8
8
9
14
2
9
9
2
24
10
24
10
12
30
6
0
5
10
34
15
18
1
4
2
8
22
7
26
11
13
20
13
8
15
3
7
19
7
15
2
0
6
3
17
17
16
1
1
15
12
10
15
9
33
27
19
0
53
1
23
10
3
0
4
15
3
19
13
3
18
1
12
18
3
2
26
7
4
14
20
4
1
2
20
6
6
14
1
17
12
3
16
12
4
3
3
9
16
3
2
15
19
4
17
5
12
1
14
14
10
4
27
0
20
18
17
5
7
2
14
5
19
1
15
6
7
15
9
9
5
4
7
5
2
9
9
14
1
1
11
5
6
2
18
2
3
3
7
3
4
4
17
3
24
4
2
0
0
6
1
7
3
3
0
10
9
6
2
2
5
9
9
10
8
3
9
11
5
1
4
8
5
2
3
11
0
14
4
10
16
8
10
5
1
5
3
0
2
7
9
9
8
0
0
3
3
1
4
1
1
5
7
6
0
8
1
6
5
2
1
3
2
3
1
3
2
1
1
1
1
0
