80
56
20
0
48
32
18
2
18
22
1
53
55
3
9
66
3
3
14
4
19
7
146
50
3
9
13
28
8
4
11
10
12
44
105
28
26
42
22
39
8
50
11
1
39
0
14
45
10
2
7
45
13
28
40
25
39
22
3
20
48
7
67
34
49
35
16
136
19
75
123
5
23
27
42
107
68
1
28
35
66
104
24
35
15
26
10
17
1
66
30
79
1
8
43
55
24
29
29
18
14
4
5
12
48
3
100
36
20
29
20
46
36
153
85
21
68
37
78
56
10
5
42
64
23
67
79
57
4
46
70
40
24
25
49
24
51
42
120
131
62
21
68
10
8
27
83
19
71
15
20
80
5
45
51
18
9
84
45
36
82
54
32
88
105
44
46
48
7
77
12
8
41
60
60
2
25
14
82
34
64
21
15
12
86
5
58
41
25
60
103
50
2
8
22
42
91
113
24
11
11
6
19
50
8
32
94
29
76
23
37
42
87
1
47
8
94
10
83
31
72
100
14
60
45
85
45
100
61
96
8
5
43
25
42
18
20
72
129
81
37
24
32
94
5
0
70
19
13
18
30
1
16
47
34
7
19
23
22
3
42
89
32
48
129
41
124
13
16
44
6
9
6
8
87
11
21
39
30
44
60
18
42
50
2
51
40
27
27
73
3
100
49
22
90
7
29
18
73
1
52
16
16
0
126
2
54
63
49
58
0
60
18
26
57
83
15
12
22
22
55
3
1
76
32
85
42
8
66
39
155
22
19
136
67
0
43
11
25
30
6
46
90
16
38
2
45
7
1
7
35
70
68
62
55
83
62
45
49
68
26
5
46
2
40
16
65
39
73
40
105
51
50
100
18
38
21
1
19
24
18
7
25
32
87
32
37
8
37
57
56
33
88
20
11
48
37
42
49
9
36
84
6
16
28
16
93
72
42
2
10
9
67
69
35
26
32
8
2
42
16
48
74
21
18
37
12
47
26
9
75
2
18
35
32
7
64
69
35
41
35
46
65
8
62
10
21
65
44
34
5
41
61
13
1
12
2
20
12
121
89
17
9
18
93
31
60
66
4
56
7
59
17
39
22
16
92
32
55
18
80
63
17
38
53
61
15
3
78
3
26
9
54
75
105
24
20
25
13
88
12
30
15
33
30
23
78
25
46
60
102
39
48
57
6
86
69
91
11
9
16
42
32
20
56
23
53
51
20
69
29
50
75
6
5
38
48
4
13
13
2
43
76
15
10
3
21
56
46
42
9
19
25
6
148
40
93
43
18
11
95
45
8
40
8
17
30
31
73
73
5
36
66
49
44
77
36
22
14
47
102
8
20
7
7
13
93
69
26
5
42
34
28
18
22
14
11
4
53
43
17
27
75
109
49
52
16
10
13
26
6
25
7
26
85
36
6
14
47
76
76
73
58
56
89
16
12
61
18
6
48
18
71
48
10
10
0
48
23
31
37
42
31
60
56
31
4
13
20
9
20
27
3
6
35
4
55
1
51
2
0
25
3
5
10
7
53
2
5
2
87
38
25
73
7
43
32
2
49
56
14
110
45
13
57
42
29
8
26
20
6
61
5
14
2
100
12
33
2
10
64
65
54
7
43
67
1
33
8
17
70
49
18
25
3
104
68
10
32
28
65
26
18
21
59
1
20
12
3
18
5
9
60
10
33
41
17
47
3
20
42
83
49
39
8
133
4
2
15
29
18
22
18
16
38
27
34
29
21
6
39
27
41
40
41
16
20
87
45
47
27
3
26
4
26
104
18
45
17
20
71
5
39
18
9
71
35
16
43
35
12
16
24
81
10
40
29
43
23
62
33
13
37
11
43
31
58
41
35
31
14
0
17
19
8
39
57
39
56
64
10
49
8
82
41
34
35
3
48
45
13
68
13
42
28
0
2
30
15
8
38
52
2
6
6
36
34
14
16
8
18
43
32
35
67
35
4
31
11
46
45
52
35
46
36
56
6
9
28
38
21
100
0
27
30
36
16
43
37
82
23
42
19
51
121
14
23
46
14
1
51
4
3
40
0
13
30
17
26
44
48
3
17
17
49
8
6
20
2
19
12
66
70
41
16
4
39
26
52
26
86
12
15
11
17
24
24
36
31
16
12
37
6
51
66
10
28
55
47
21
6
26
5
14
22
31
4
19
17
34
5
38
6
46
14
38
61
31
80
30
19
45
55
27
32
9
14
6
76
50
33
80
22
49
22
11
66
15
26
8
29
18
35
70
16
43
10
42
54
25
1
76
11
53
50
6
3
62
10
25
6
29
7
5
8
27
88
42
40
7
35
14
30
37
17
39
12
14
7
42
23
46
5
10
40
37
14
33
24
28
41
3
27
43
95
34
18
2
18
16
31
79
16
28
7
13
36
26
32
61
26
82
79
19
41
47
17
80
22
27
3
20
3
56
25
17
8
44
17
69
21
24
9
43
18
16
64
22
1
84
17
3
12
9
6
60
17
21
24
17
39
88
19
57
85
50
31
25
71
37
34
45
35
26
5
40
17
29
20
63
9
3
36
29
19
17
30
37
18
0
5
34
26
48
28
1
22
30
20
4
62
56
30
21
44
15
11
6
31
46
4
35
23
44
16
4
73
12
29
15
22
30
36
36
35
29
0
2
40
18
49
22
21
47
42
2
8
84
36
14
10
28
19
22
61
12
65
72
43
46
11
0
69
50
61
21
56
70
26
19
8
104
8
43
2
15
47
6
5
38
2
35
2
29
35
44
30
39
7
3
24
43
11
13
28
82
43
32
23
51
47
25
5
33
54
31
38
20
4
25
23
56
18
36
37
5
73
7
44
27
24
28
47
23
16
28
2
30
43
11
45
72
6
23
3
8
9
28
3
22
78
39
24
45
12
8
5
25
15
40
72
56
31
3
5
43
43
3
28
75
28
0
6
15
10
26
14
19
34
55
0
60
9
18
3
8
8
50
14
86
6
33
22
11
39
0
7
47
42
87
28
5
101
4
21
50
14
21
27
34
7
33
73
54
46
59
45
47
9
22
68
8
94
24
16
23
41
1
9
2
26
48
21
3
69
20
35
1
12
26
6
41
51
28
66
9
9
27
47
33
40
21
0
48
29
53
3
2
55
2
15
3
58
15
46
33
15
28
5
47
86
2
36
63
33
12
34
44
2
19
38
10
0
13
63
21
20
38
35
21
39
4
22
1
17
1
8
70
9
18
77
4
42
41
33
3
3
73
19
3
43
49
1
4
42
36
30
10
32
43
10
34
17
18
11
24
8
27
0
16
5
12
68
49
42
1
36
5
11
36
17
17
37
21
18
37
47
59
13
18
71
13
27
5
24
8
18
42
8
5
8
5
22
0
32
21
51
38
25
10
7
19
22
12
16
13
20
12
45
9
27
9
17
5
43
14
18
11
44
2
16
48
25
17
11
55
15
24
22
29
39
1
16
23
9
36
3
28
7
10
13
10
44
21
4
33
7
46
10
8
7
25
16
34
12
1
15
24
41
1
56
4
8
25
39
21
11
40
15
8
24
64
20
29
50
42
53
22
4
5
58
4
44
21
26
11
35
37
13
16
18
64
3
5
35
39
19
16
8
72
6
5
17
39
25
18
15
23
67
29
26
21
37
24
14
18
24
22
1
10
39
58
36
11
24
52
55
60
38
9
12
10
16
15
20
9
13
3
11
47
29
50
1
10
47
7
26
45
12
24
42
27
20
1
30
89
25
7
19
37
39
2
5
18
1
19
4
26
27
4
45
5
40
6
18
36
51
13
32
32
54
19
8
28
24
46
4
19
47
3
8
30
62
12
26
26
13
36
9
19
11
3
51
9
7
2
24
22
29
11
40
15
34
12
27
8
28
19
44
9
37
8
19
3
8
8
21
18
33
6
6
12
21
1
4
41
9
33
16
47
1
59
9
1
64
4
9
28
20
1
30
18
6
9
52
15
13
52
7
45
1
36
2
11
64
9
38
34
9
28
8
43
20
2
7
9
55
17
12
10
35
41
12
10
19
6
45
29
1
30
7
25
18
5
8
16
67
15
13
24
34
34
30
4
16
12
38
44
5
8
16
6
40
7
43
63
32
29
36
82
8
3
11
20
22
30
37
42
38
33
9
21
24
2
26
36
12
34
75
10
33
12
6
2
31
22
14
12
27
6
24
21
12
28
4
35
29
7
20
35
23
12
1
22
28
48
18
34
6
9
6
28
5
11
5
21
12
6
10
38
10
34
5
4
16
33
37
45
6
43
25
21
24
21
4
26
3
8
9
3
19
50
21
15
13
9
3
27
65
12
1
48
14
62
10
17
19
21
24
12
11
13
36
14
18
27
6
0
32
5
5
34
15
7
39
15
9
10
34
32
9
15
12
38
33
30
24
23
34
1
26
18
36
47
18
14
28
7
48
18
6
15
9
44
21
37
26
7
11
33
27
36
23
34
45
5
10
12
18
17
36
26
21
15
26
2
19
0
16
16
4
28
1
69
40
17
30
20
18
9
18
30
23
4
8
9
4
14
30
22
4
2
17
15
4
5
25
26
6
8
19
1
22
0
18
10
14
10
25
36
15
28
20
7
37
27
45
9
28
11
12
28
3
24
11
33
10
20
25
10
3
7
16
43
24
2
4
10
36
34
3
10
30
9
19
31
18
45
7
8
2
16
1
3
14
17
21
12
13
10
20
33
28
34
15
8
7
5
12
4
0
11
28
8
20
22
22
54
12
18
17
5
2
11
18
18
14
6
6
11
15
10
7
15
2
35
33
26
9
47
5
5
2
28
15
10
15
4
6
26
36
26
4
20
23
2
7
30
27
8
19
5
41
21
11
37
6
5
8
4
6
13
12
7
18
2
6
37
35
25
28
20
5
2
11
11
11
6
2
28
46
44
24
10
16
26
46
8
37
6
25
3
9
9
25
13
12
19
2
7
28
3
41
2
14
24
20
19
11
6
21
12
27
8
4
9
19
3
2
23
1
12
19
5
21
2
13
31
6
12
1
15
20
14
22
18
5
4
1
12
15
3
9
26
20
9
37
13
18
17
2
7
3
19
14
35
6
0
22
17
11
7
3
4
10
22
42
6
13
0
7
15
0
19
8
12
24
4
16
10
16
21
23
8
6
0
2
36
29
45
3
5
22
8
3
2
6
1
13
20
41
19
1
25
10
10
6
2
13
2
5
7
8
0
22
9
2
2
19
5
8
33
8
7
2
3
14
17
11
0
6
12
16
17
3
6
11
10
28
10
25
13
0
9
1
6
11
9
14
18
18
24
10
20
17
2
3
1
11
9
3
5
12
17
7
6
4
3
24
6
10
6
41
14
4
8
15
12
17
1
17
0
10
10
29
11
24
6
12
4
9
5
16
3
2
4
4
18
8
11
16
19
0
11
10
11
5
14
5
5
12
17
8
4
10
10
4
11
7
4
2
14
8
6
9
1
1
0
4
6
5
12
2
15
20
18
1
3
12
3
6
5
5
10
13
4
7
4
9
4
2
7
14
12
10
0
5
3
10
4
1
12
0
2
3
1
1
1
12
1
1
1
5
7
0
9
3
1
3
6
2
10
7
7
5
2
1
1
9
13
2
11
4
0
3
3
4
3
4
4
2
3
3
0
5
1
1
6
0
1
1
0
0
1
1
1
3
0
0
4
