8
0
10
23
1
16
1
1
10
7
5
7
1
10
10
2
16
13
9
5
4
7
11
1
3
8
9
36
20
17
14
0
0
16
17
12
16
14
4
3
11
31
17
12
7
5
27
3
21
10
11
17
7
15
13
3
18
19
4
5
10
20
9
7
21
8
14
3
1
9
5
5
0
1
3
2
2
17
19
9
4
2
2
6
19
14
5
22
11
7
8
5
5
13
18
10
9
14
3
22
13
0
10
10
0
14
16
4
3
7
13
18
26
13
0
5
1
9
5
1
8
5
4
6
2
10
0
3
3
5
5
24
5
3
1
4
2
10
5
12
8
1
0
15
17
4
7
2
4
13
4
4
2
1
4
4
11
18
10
0
16
4
6
7
1
2
2
13
4
9
5
3
10
8
5
2
4
8
5
7
9
4
3
5
18
1
5
10
2
1
3
9
21
5
1
3
6
3
3
4
4
5
4
8
3
0
3
6
6
10
16
1
4
2
4
1
5
5
0
2
0
0
2
4
5
2
4
1
3
6
3
1
2
5
2
4
1
9
1
1
5
1
1
0
1
2
0
3
1
1
