1
58
15
79
10
13
2
9
36
10
7
9
49
34
12
8
16
85
7
8
81
3
57
17
42
3
25
118
19
14
44
42
51
10
22
5
18
25
3
10
30
44
40
44
4
53
5
20
23
21
100
33
44
74
22
21
62
44
7
65
86
3
23
43
33
15
17
62
23
62
3
50
36
36
21
19
21
1
32
22
73
18
21
3
80
27
105
54
28
4
23
68
0
5
1
19
36
41
9
18
48
26
81
54
24
62
76
1
85
50
62
34
22
31
10
80
14
36
19
19
5
51
21
1
83
1
83
47
92
20
41
12
94
22
29
67
39
41
140
67
1
25
30
52
54
24
86
32
23
70
47
119
110
81
6
35
12
60
87
90
11
129
26
66
17
58
15
29
12
64
95
48
13
13
41
2
77
27
64
37
2
46
53
31
8
7
90
90
43
7
41
119
31
23
56
37
4
87
7
5
54
47
12
19
64
9
19
45
39
4
46
17
4
12
34
75
6
134
79
6
31
48
18
35
25
77
2
5
52
55
75
51
23
68
7
2
30
20
51
24
105
63
19
44
11
8
7
9
27
60
24
48
66
23
62
38
85
106
60
13
24
2
0
53
20
109
61
30
4
5
12
137
41
71
63
63
12
25
70
0
22
8
22
48
54
20
75
60
90
22
44
24
2
33
25
77
38
55
63
7
21
124
4
12
45
53
19
24
41
65
102
3
9
15
2
9
6
48
75
54
25
31
84
14
53
31
26
2
38
39
24
22
28
48
19
39
27
13
31
82
104
40
40
4
49
19
6
8
14
40
83
37
103
72
18
38
30
58
30
84
64
114
40
20
71
19
134
34
29
30
39
27
64
52
27
17
4
0
12
33
94
99
10
4
28
84
11
16
82
59
68
9
2
8
59
41
26
21
78
35
3
9
37
15
62
1
28
75
22
11
42
0
41
70
18
11
29
60
23
6
3
28
24
20
73
40
97
11
49
31
39
26
10
26
44
5
101
13
3
76
26
16
14
84
58
13
3
24
125
50
107
69
39
39
25
86
58
67
35
18
43
30
31
12
27
6
4
61
19
29
63
33
3
106
11
59
47
29
43
15
65
34
63
11
24
1
12
11
56
31
53
9
53
13
2
39
35
17
3
53
32
76
60
2
5
63
52
24
35
38
5
21
5
45
87
46
46
67
62
38
46
40
37
15
15
58
29
16
21
19
46
20
31
70
46
69
42
64
22
21
2
13
1
18
31
19
92
114
44
60
32
21
40
51
25
20
15
30
1
32
28
17
6
66
21
34
1
47
19
33
48
52
3
50
21
15
2
10
28
58
96
11
12
60
11
5
22
20
37
20
44
51
60
12
33
11
10
14
52
25
11
18
29
44
23
40
8
5
20
61
8
41
52
34
22
36
81
45
25
11
18
32
26
46
34
21
31
23
17
13
33
31
0
2
4
13
88
37
11
44
16
32
64
3
29
25
35
44
22
47
27
12
55
24
29
29
5
32
86
49
50
6
45
48
81
10
72
9
58
35
114
50
70
56
25
5
22
40
62
9
84
60
11
48
12
5
42
19
66
48
14
43
103
32
118
7
17
22
54
16
41
46
89
14
1
8
74
21
10
4
30
17
21
22
54
20
35
6
53
32
78
6
34
64
44
95
41
43
16
34
32
23
66
50
2
34
40
52
37
20
24
25
28
65
69
6
33
55
48
40
11
45
38
7
23
0
82
60
16
94
11
18
10
43
25
94
133
70
17
61
40
2
73
25
7
87
69
41
4
26
25
35
10
5
47
66
36
18
38
45
4
8
26
99
116
32
74
43
71
117
63
3
39
46
17
18
15
6
8
3
32
3
42
19
11
33
44
29
56
68
73
34
19
0
52
54
15
41
8
27
3
62
7
1
76
20
12
47
35
39
6
58
49
51
10
10
45
50
17
39
7
32
18
44
23
4
39
20
51
94
23
37
6
34
35
37
8
57
55
9
16
27
32
32
17
27
57
66
7
33
0
17
7
6
35
33
34
31
100
10
89
30
15
54
47
21
8
47
74
32
55
51
57
7
18
5
80
2
31
19
35
26
52
8
39
20
8
13
7
19
42
53
75
57
39
2
20
5
28
35
31
15
45
95
77
32
15
49
50
14
13
26
65
22
48
5
82
21
19
1
36
23
5
121
18
54
75
44
47
40
6
63
6
14
17
9
25
9
86
65
5
25
57
57
102
21
22
35
30
22
9
78
65
2
79
18
67
56
34
7
38
53
16
23
21
43
51
35
53
6
31
38
28
43
21
5
15
66
30
45
23
17
2
18
5
20
27
59
14
31
18
60
32
40
32
26
0
79
5
15
18
24
17
17
100
4
33
74
59
22
20
23
4
52
24
32
45
63
36
34
7
56
19
12
36
75
28
44
62
16
22
4
10
36
49
29
19
20
62
11
74
13
23
11
7
41
99
61
15
35
30
8
14
64
16
45
41
43
47
21
21
60
40
51
24
3
17
3
45
49
15
28
45
34
59
19
44
70
52
1
40
6
10
19
2
52
27
90
47
2
38
17
19
41
1
37
25
7
6
52
69
12
10
43
2
2
17
9
33
47
52
10
49
16
12
36
36
41
31
45
79
11
11
75
9
20
28
8
25
56
11
49
115
9
38
20
37
13
37
45
45
68
106
3
0
13
24
61
23
44
91
9
25
3
3
7
31
11
10
12
28
33
4
48
5
11
18
15
36
28
43
0
8
31
7
44
28
14
35
70
39
22
6
45
1
28
35
18
2
14
6
9
20
3
55
14
4
23
1
29
16
65
47
42
19
3
18
3
30
76
40
22
13
2
49
54
4
38
37
5
6
9
47
0
7
27
40
21
11
51
22
40
87
11
27
40
3
44
1
40
22
15
68
5
21
18
18
10
6
2
25
16
30
30
14
15
3
5
65
40
33
16
47
17
63
36
32
54
5
29
38
13
5
23
31
12
28
0
17
1
12
17
61
9
13
3
33
8
28
25
46
1
15
19
31
15
24
17
65
4
64
10
16
1
36
29
6
6
58
15
23
14
58
24
3
59
16
16
24
12
56
20
25
1
54
4
8
21
25
5
17
47
3
23
7
9
47
21
33
57
4
30
47
52
20
15
26
11
17
21
28
6
19
1
30
33
14
38
13
34
25
39
36
12
12
15
17
13
7
14
77
26
26
43
45
3
14
6
20
11
72
43
13
32
21
22
71
48
1
24
2
21
8
12
55
63
15
30
47
31
52
7
1
43
30
23
18
19
0
23
31
31
3
11
3
40
25
11
33
6
47
6
42
24
24
11
4
39
7
19
6
15
8
15
4
2
21
57
35
62
12
13
19
17
48
29
17
3
13
4
91
35
9
42
37
1
19
2
18
23
40
29
56
6
53
16
27
2
27
6
54
1
68
20
33
33
29
14
41
42
57
50
4
6
19
0
2
14
22
9
26
7
45
49
22
28
23
12
36
19
41
63
12
14
39
6
27
54
31
21
13
11
6
45
48
18
3
31
20
7
16
25
35
24
7
10
10
13
21
30
14
2
9
52
38
64
7
3
3
39
14
27
59
23
8
14
14
43
23
6
48
6
5
11
12
3
36
6
18
38
28
26
29
51
66
14
20
44
14
19
22
3
19
17
47
2
3
2
4
25
9
17
10
5
16
8
3
38
42
14
23
19
32
14
26
7
26
29
29
6
20
73
10
8
40
21
27
6
7
15
22
7
19
8
5
50
45
15
22
49
21
26
21
24
8
12
16
10
26
6
16
23
51
38
7
29
22
33
11
39
5
2
60
7
39
37
30
34
39
18
54
1
46
6
6
0
17
4
29
21
26
36
4
6
20
2
32
42
6
31
40
68
5
54
22
29
26
43
26
4
15
37
23
47
24
57
33
3
47
20
45
2
41
5
3
31
11
40
35
31
17
12
3
11
25
79
0
49
34
62
30
38
41
24
3
20
11
29
39
16
12
31
57
67
8
3
19
1
4
10
21
6
60
21
0
3
39
30
11
15
46
18
31
5
4
44
26
11
16
16
39
9
33
4
13
41
24
15
20
8
27
40
15
10
8
18
16
9
7
38
7
17
40
30
21
5
30
23
13
11
11
41
23
68
9
36
31
25
8
23
9
23
48
8
19
12
14
0
43
27
14
34
18
29
7
26
2
13
42
10
13
34
8
37
9
61
18
8
30
27
12
13
17
5
9
1
19
8
9
28
3
2
17
17
13
32
17
27
36
20
48
27
34
0
8
12
6
5
30
18
6
9
13
53
2
38
7
41
2
31
28
36
7
36
13
1
18
2
33
5
16
4
9
5
9
22
6
3
48
7
33
8
28
32
23
10
6
16
21
0
32
53
10
31
25
33
9
6
19
8
20
10
1
16
23
1
28
7
14
3
33
24
2
32
28
38
26
9
16
12
26
36
29
8
30
29
4
19
10
15
14
17
3
1
2
12
28
10
13
1
7
21
17
74
23
9
16
3
20
34
41
28
25
5
17
2
18
8
41
20
15
9
14
3
13
28
8
11
5
8
34
3
31
13
9
7
25
14
10
10
14
10
2
19
29
20
1
5
3
0
23
4
43
4
4
28
17
42
42
29
28
7
22
23
10
13
16
8
3
13
22
11
8
4
8
3
33
37
3
26
11
12
19
18
26
16
10
9
25
19
30
12
51
18
7
7
26
18
0
9
11
31
6
18
0
31
22
4
14
21
14
14
31
1
27
9
18
6
21
52
6
6
6
26
12
15
6
4
28
10
16
2
33
7
13
28
29
0
13
9
2
21
28
18
31
28
13
10
2
5
36
33
17
1
8
5
20
10
5
15
9
23
1
18
3
3
36
4
24
15
18
28
6
8
18
2
10
12
23
8
21
4
0
3
20
7
28
31
27
17
0
45
33
14
6
12
24
33
5
11
24
5
7
8
8
28
21
21
17
4
6
9
45
10
16
21
19
5
1
8
6
19
21
22
13
18
20
6
16
12
22
32
7
19
13
34
14
14
18
8
9
11
7
12
15
3
41
6
5
17
21
12
0
6
8
10
5
19
9
9
12
10
28
3
14
1
2
3
4
15
12
31
2
23
3
17
1
37
5
23
19
3
12
10
11
2
5
2
6
1
16
22
23
7
13
4
16
21
17
4
20
12
18
24
3
12
17
12
17
19
12
14
4
3
9
11
3
6
14
3
1
16
22
15
6
6
19
18
0
7
4
1
5
14
13
46
12
8
0
5
1
17
22
2
4
3
13
12
9
10
26
14
6
34
20
38
11
4
8
4
25
9
9
20
7
10
11
1
2
15
21
21
12
11
18
8
2
11
27
10
0
21
3
5
14
8
4
11
1
10
18
18
10
14
8
17
5
11
4
23
4
6
6
2
11
3
22
20
18
3
2
7
1
3
0
18
8
18
5
10
17
16
3
0
6
16
26
10
3
13
10
8
4
2
3
3
9
16
5
5
3
1
1
19
0
8
0
16
1
2
2
13
2
8
5
13
2
3
6
4
3
7
12
5
9
9
9
4
2
5
11
2
5
6
9
3
4
7
0
9
17
5
8
0
3
2
1
3
3
3
4
24
0
5
5
0
14
5
2
0
0
8
2
3
3
2
4
2
0
6
5
1
1
8
3
1
4
2
4
5
2
1
3
2
7
2
3
1
0
0
