6
33
19
1
2
104
41
3
1
6
10
16
6
2
23
1
41
38
40
68
2
14
9
7
7
1
18
76
12
10
13
74
48
1
15
23
15
21
33
13
36
12
14
73
11
72
38
31
13
12
14
5
21
28
69
2
55
3
41
70
30
41
42
57
28
30
7
6
26
45
59
26
7
1
33
9
37
28
54
32
20
11
15
15
7
29
15
64
16
51
100
39
74
5
9
25
25
4
81
29
75
26
35
3
28
55
15
64
18
34
84
63
62
24
6
3
40
34
55
6
104
14
39
54
9
3
60
17
85
17
46
66
16
64
49
15
55
3
40
31
28
19
46
19
68
58
15
7
16
59
26
9
7
4
94
32
15
36
64
71
58
35
85
44
70
30
4
75
71
85
61
48
91
27
13
16
4
59
0
88
46
12
79
44
1
103
12
125
68
50
27
53
106
36
39
28
25
50
6
19
7
49
87
38
68
56
44
64
81
40
45
48
53
25
30
56
19
29
60
86
15
59
112
3
48
43
12
92
69
66
14
22
21
13
6
46
9
56
93
34
69
42
38
70
29
13
24
21
43
77
20
36
59
15
6
19
81
41
26
27
19
94
37
62
50
1
38
51
14
30
87
61
2
11
37
28
43
76
27
19
23
53
19
56
15
76
119
85
135
82
42
48
10
13
56
89
20
13
10
33
7
1
27
51
66
38
21
12
39
28
94
15
9
4
22
21
38
94
50
44
29
37
75
17
60
28
36
31
50
2
19
24
116
78
21
55
1
45
55
11
41
17
61
2
43
30
86
46
10
30
12
21
24
31
72
4
14
58
2
15
83
49
40
87
36
4
1
23
43
23
15
38
68
15
75
35
7
19
25
15
33
1
3
82
51
62
21
76
40
17
10
7
104
61
51
18
67
6
9
32
48
2
7
25
2
85
6
53
21
17
13
38
35
24
19
40
60
3
0
27
18
67
8
61
37
23
23
0
27
63
12
3
16
7
18
16
26
2
93
41
57
27
20
30
102
51
31
109
18
37
20
63
1
50
28
34
105
28
84
9
36
68
57
46
60
46
25
58
10
5
108
34
36
29
96
67
58
34
88
20
24
62
70
13
59
99
70
24
1
2
5
15
88
29
13
5
24
1
53
32
45
29
13
35
14
38
5
19
2
53
31
19
26
77
22
21
41
19
35
32
8
1
45
4
27
84
21
47
84
57
11
3
5
7
28
66
9
63
16
22
41
35
52
48
39
22
33
26
5
39
2
17
29
4
71
5
12
53
51
81
9
66
46
14
55
2
34
22
33
21
15
32
39
102
21
0
4
26
121
47
62
20
9
26
112
73
31
37
83
114
60
11
13
26
63
48
3
38
25
31
75
6
9
110
28
11
22
13
44
65
36
0
21
66
17
57
1
25
4
32
99
25
9
17
16
29
17
28
13
58
48
41
26
13
50
76
3
19
60
2
6
45
44
78
39
4
65
23
14
93
54
17
17
91
28
41
43
45
2
72
41
6
26
10
26
17
61
63
4
9
9
17
4
7
27
74
50
8
33
15
59
18
35
66
6
115
78
35
9
51
31
37
27
6
14
14
5
9
31
21
23
26
32
0
37
60
62
0
3
44
27
4
19
17
85
19
32
33
22
17
12
12
30
63
53
78
16
67
14
27
59
48
81
84
10
26
53
76
43
49
24
16
10
43
15
32
53
14
138
4
125
70
99
30
19
41
16
11
59
70
69
109
45
20
2
2
19
13
25
15
45
38
33
8
60
61
55
33
22
3
61
88
16
8
1
47
13
43
37
77
71
33
23
94
27
5
4
23
1
16
78
46
32
53
28
46
33
3
52
75
48
43
55
95
32
1
31
66
16
48
43
36
17
43
18
19
94
19
68
26
36
1
42
29
33
40
10
94
5
27
12
19
31
8
53
58
6
27
25
23
13
61
21
19
40
24
55
79
46
19
8
72
14
26
75
5
43
17
37
1
5
53
48
37
33
1
5
13
33
22
37
62
36
49
19
47
58
4
69
13
1
1
74
49
67
34
26
38
39
16
51
21
88
22
60
23
52
54
14
19
25
10
24
10
19
22
45
59
13
11
38
6
29
46
25
25
20
29
28
32
31
24
44
37
49
60
6
44
24
20
32
45
86
26
8
19
26
39
35
51
57
42
13
34
38
23
16
36
62
53
19
2
4
4
17
20
2
31
17
82
24
11
10
12
38
13
28
2
1
62
27
68
2
21
19
28
28
33
43
22
31
28
16
1
56
2
0
54
47
48
48
17
8
21
70
6
32
91
75
8
64
16
6
16
59
21
6
37
13
11
15
21
37
18
45
4
7
36
15
36
32
16
18
60
11
73
2
20
22
46
10
21
10
72
20
91
21
21
80
21
1
5
14
64
22
53
71
53
26
21
20
4
45
26
22
19
64
7
5
60
31
54
4
3
37
22
2
19
12
33
17
26
10
17
43
31
20
16
1
45
44
32
64
13
20
43
0
28
21
36
12
39
17
1
26
34
27
12
47
7
17
36
36
31
12
48
41
80
88
38
5
55
20
41
15
4
59
26
19
61
25
2
21
47
64
44
23
36
30
46
1
23
24
24
5
47
48
40
1
12
25
19
9
7
34
38
5
65
33
6
12
28
10
23
42
8
67
58
37
10
10
11
48
20
15
71
2
11
1
21
30
36
39
18
16
26
16
48
33
6
20
4
49
25
36
19
11
19
36
10
106
3
2
72
49
57
26
6
47
45
40
8
20
4
8
27
35
2
3
8
29
16
34
39
0
20
38
42
15
30
31
19
26
1
80
24
15
8
51
40
31
50
3
37
48
74
39
21
32
2
30
15
5
20
10
17
37
29
37
23
12
53
16
55
40
27
10
6
18
100
8
36
21
53
7
36
55
28
24
31
49
18
12
43
39
25
63
31
49
92
22
12
16
9
42
46
9
55
37
19
33
0
4
17
30
49
18
91
18
4
38
13
24
1
56
0
33
18
10
2
28
57
11
14
21
29
26
3
34
4
11
24
27
36
45
1
7
53
11
24
46
30
15
11
3
5
81
23
19
44
73
60
36
9
34
10
74
34
36
16
48
34
11
42
2
9
60
9
32
30
58
53
38
10
11
65
2
57
25
3
21
3
7
37
45
28
50
22
3
0
22
3
43
52
20
11
51
25
21
49
29
9
39
30
23
25
4
11
59
55
66
73
51
59
4
22
36
25
5
37
1
61
35
18
82
28
8
6
29
58
61
17
12
8
4
38
55
21
25
27
8
19
21
28
80
16
43
44
31
31
43
2
28
1
5
50
47
2
2
7
8
57
31
48
4
14
19
20
25
10
8
32
5
10
39
44
14
7
18
42
26
50
24
3
16
16
36
3
7
1
11
9
16
1
36
1
50
10
0
37
35
8
33
3
25
30
62
21
36
28
36
14
29
23
12
43
1
18
7
7
0
4
23
9
22
9
6
4
18
9
18
11
32
33
51
8
14
14
1
14
0
39
34
17
8
35
1
6
72
15
33
27
9
15
50
6
14
38
21
13
7
26
3
43
21
8
8
49
28
52
14
8
18
22
24
28
15
15
19
22
11
27
4
8
19
52
0
32
34
20
23
13
33
12
21
7
15
13
61
10
21
26
9
17
27
23
8
16
8
7
24
17
5
1
43
15
3
25
19
3
6
22
5
25
8
42
5
11
0
13
47
23
48
20
29
11
14
8
12
16
3
49
40
18
9
16
13
24
8
48
16
14
34
28
47
6
19
18
45
29
23
20
16
16
4
13
10
17
11
18
15
35
57
11
43
1
3
33
2
63
56
30
12
19
26
4
60
22
85
11
18
33
43
30
4
26
10
16
22
4
4
11
0
3
2
33
66
12
38
41
22
20
4
8
75
17
24
10
4
7
44
16
11
9
56
34
7
12
24
4
8
20
17
37
7
22
12
4
40
5
18
44
12
10
71
14
20
19
29
25
1
14
12
35
22
62
50
2
23
60
15
47
28
41
21
42
10
25
17
7
18
24
32
29
6
44
20
14
4
2
6
21
11
29
0
0
1
16
7
27
1
24
13
41
5
16
37
0
2
11
70
21
37
42
6
48
41
32
10
13
41
6
16
15
31
9
26
39
7
58
6
27
19
2
35
5
17
18
8
28
44
5
9
7
23
3
29
14
44
16
28
55
66
42
30
42
19
7
19
18
18
7
31
22
41
42
12
22
6
7
51
16
13
27
20
28
6
47
20
26
11
8
48
58
12
7
17
6
36
3
12
23
43
45
15
35
12
41
1
32
7
8
27
10
42
15
21
8
21
23
9
6
30
1
22
14
31
21
56
48
12
10
23
5
2
42
24
28
11
19
15
53
12
11
9
47
3
3
9
23
51
31
26
8
3
41
50
22
13
36
46
7
16
28
5
18
16
25
16
39
37
27
5
11
15
6
33
9
32
20
3
9
8
44
14
19
2
8
25
35
19
19
38
43
30
6
22
9
22
12
2
28
22
18
12
38
7
21
25
12
23
41
4
8
7
22
7
28
14
34
20
36
11
3
9
19
51
19
7
29
18
19
13
16
0
25
32
20
1
36
16
14
39
30
12
14
6
33
25
14
30
12
7
8
25
1
10
14
4
39
9
22
37
24
36
27
1
3
16
37
12
32
5
31
20
34
2
48
28
0
8
30
6
1
20
38
9
44
4
15
6
5
15
18
8
25
1
7
18
8
20
19
35
81
36
7
17
15
3
21
2
18
19
8
12
30
13
0
9
35
1
39
7
5
25
12
7
26
5
5
3
22
34
9
14
25
5
24
10
25
18
11
3
7
1
50
14
14
3
22
22
6
38
10
4
7
14
11
21
10
5
14
16
7
21
1
9
1
25
6
17
6
13
18
39
37
32
5
3
5
24
1
37
31
17
2
22
14
35
3
25
3
15
17
36
6
20
28
0
18
1
14
18
0
15
3
19
11
1
19
2
17
20
7
17
8
4
21
21
5
7
8
14
19
24
3
6
1
17
8
20
2
8
9
10
16
31
9
0
10
1
3
13
8
3
11
15
6
11
6
2
9
5
2
18
19
11
26
0
5
27
7
18
4
19
15
4
18
5
19
14
15
39
24
1
27
41
2
42
11
4
15
5
12
15
19
5
6
18
14
5
7
29
7
21
41
4
11
33
21
0
5
20
2
8
6
12
18
1
6
5
15
1
18
2
48
3
26
35
5
16
12
13
21
12
2
4
3
14
13
2
13
5
4
25
15
5
14
20
16
25
10
32
18
4
13
6
8
14
22
12
4
4
8
16
1
2
11
3
7
1
12
19
1
7
18
10
3
6
12
6
2
10
4
1
9
16
10
0
11
17
4
8
20
12
6
9
10
26
3
14
3
17
4
7
15
2
11
4
14
15
24
9
3
17
9
4
15
3
3
19
9
13
11
3
1
10
13
7
0
13
11
7
5
0
2
4
2
7
9
6
5
1
5
0
4
4
10
3
6
1
10
5
12
21
4
4
1
4
6
16
9
8
1
9
0
8
4
1
1
2
0
14
13
6
20
1
1
8
0
14
12
2
1
12
8
3
13
5
1
5
10
3
6
7
2
5
7
0
7
8
3
3
4
10
6
9
5
5
1
7
2
10
8
0
9
3
8
0
12
0
5
1
3
5
1
4
5
3
5
2
4
1
3
3
3
1
0
0
0
