1
23
12
5
6
28
15
46
47
28
56
7
53
71
7
85
18
14
23
1
24
2
98
25
19
27
3
2
47
73
30
52
4
15
11
20
21
3
16
126
5
53
62
13
41
34
13
42
32
15
42
22
4
35
33
6
33
40
46
27
90
52
82
34
62
39
35
40
27
2
11
58
39
65
11
5
70
3
95
3
54
12
31
33
37
8
19
38
58
3
102
52
13
35
2
35
18
35
98
14
32
76
64
61
28
67
30
29
0
30
2
50
7
82
1
137
73
89
53
47
47
5
0
78
11
1
23
67
53
2
5
2
110
27
19
7
59
67
18
23
3
4
43
7
106
17
18
40
4
22
10
34
54
8
21
8
30
45
97
68
3
49
50
23
10
47
9
26
60
55
61
7
2
58
17
62
73
2
23
53
10
135
2
66
64
55
12
48
15
68
51
42
7
21
36
12
10
17
11
45
110
16
92
44
16
23
49
140
3
16
27
23
89
91
51
24
11
24
21
1
44
53
105
75
94
41
4
11
122
59
72
12
16
64
42
35
27
37
87
5
18
15
18
35
2
6
67
24
82
43
25
21
38
2
53
4
69
21
80
26
72
18
6
59
7
89
51
29
22
12
59
44
51
28
27
62
41
24
7
42
7
27
4
68
26
45
12
70
2
48
117
4
15
103
51
16
14
73
75
43
39
28
40
107
3
14
3
61
69
22
81
10
28
23
21
26
62
19
51
20
30
19
69
53
38
63
57
74
117
10
66
6
39
21
97
9
39
54
3
13
43
2
14
81
93
25
23
23
42
69
10
40
19
107
9
1
19
22
49
20
5
24
50
57
16
25
51
13
16
12
65
77
50
51
14
59
35
25
20
20
83
0
3
33
34
51
0
22
24
38
3
8
37
106
80
95
36
74
27
9
16
78
24
89
0
170
71
29
62
48
5
6
9
38
19
8
36
29
34
30
44
8
50
28
10
25
14
15
75
35
70
27
58
45
42
45
53
123
12
36
73
22
68
3
78
61
56
9
0
36
33
2
51
3
56
75
45
10
52
72
92
79
26
29
35
77
7
10
18
52
121
38
66
20
40
31
15
8
19
64
59
29
47
86
49
26
27
9
6
50
47
74
27
63
66
9
41
67
20
61
58
39
42
37
31
110
16
13
23
52
17
61
20
6
15
36
75
64
22
32
14
66
42
25
12
49
59
59
41
59
17
50
41
5
16
10
68
61
99
22
72
57
32
25
40
22
74
82
25
25
45
8
98
21
9
26
49
3
17
35
11
24
47
3
28
7
13
0
42
43
50
17
15
16
31
24
60
38
58
4
72
25
27
14
79
49
45
92
26
82
10
81
67
38
33
40
3
6
152
28
53
53
38
33
37
20
16
23
69
16
1
39
20
46
3
31
5
58
119
1
44
3
52
32
42
12
24
128
0
29
84
49
97
32
27
12
25
14
0
6
48
6
23
6
28
6
59
13
6
6
40
72
62
25
77
107
17
53
5
39
71
34
36
86
61
0
13
13
0
51
23
67
8
25
96
79
36
32
33
10
72
37
24
2
18
32
47
27
40
12
6
77
0
71
14
39
15
7
79
17
9
42
40
19
11
48
36
20
55
36
24
7
24
13
21
18
33
34
12
3
37
54
28
71
46
49
46
72
65
137
26
8
41
1
34
6
33
24
99
73
121
14
17
9
4
46
12
24
24
27
46
44
65
16
68
20
5
24
1
47
41
7
4
16
34
76
43
25
33
26
65
18
24
13
17
32
7
44
37
58
15
23
8
35
110
54
40
72
22
55
18
35
11
33
40
3
14
3
67
18
22
57
56
31
26
1
7
35
20
100
1
9
32
39
31
45
129
30
38
10
66
43
6
34
45
17
59
22
44
53
32
7
55
15
24
42
5
1
41
18
29
30
9
12
19
10
30
28
1
12
38
5
67
28
18
6
39
25
5
94
41
20
10
49
26
64
16
43
21
81
76
83
45
3
20
9
2
27
64
14
1
41
15
7
57
10
29
6
4
27
10
71
24
1
2
18
43
66
9
4
25
1
58
9
8
8
55
33
36
66
12
5
5
42
60
18
33
44
28
96
20
26
1
15
16
1
2
8
17
15
39
48
12
3
17
9
59
39
29
34
63
14
24
30
29
77
23
50
39
9
14
75
67
44
19
12
57
20
26
30
12
63
43
14
57
5
1
10
22
37
11
49
17
42
9
81
42
58
3
14
58
7
13
17
62
25
50
21
27
17
46
87
7
35
8
47
80
41
27
17
59
23
42
41
43
53
9
22
0
27
66
38
18
38
29
11
24
42
1
85
19
25
54
44
37
27
28
53
20
18
21
17
34
42
43
7
29
96
12
69
13
61
17
15
42
18
18
8
21
48
27
14
42
21
21
25
35
21
16
28
23
21
25
51
47
52
32
30
14
3
28
27
38
71
6
15
8
93
3
25
47
12
44
23
55
47
61
18
43
32
5
50
88
1
36
7
86
40
3
3
38
28
14
6
33
9
36
9
56
48
41
12
29
21
47
44
31
69
75
10
42
1
14
44
35
8
40
52
3
76
15
50
8
27
20
57
36
27
11
26
29
17
6
15
8
22
14
35
53
23
15
33
17
13
4
22
11
4
48
16
42
52
55
31
52
37
47
60
30
23
67
46
9
49
1
99
11
57
7
24
27
7
14
63
48
18
30
12
51
39
17
13
3
10
26
42
66
12
25
11
24
44
28
1
40
26
64
18
104
55
41
20
15
34
76
36
36
24
3
56
83
7
54
40
10
20
6
10
35
58
3
99
28
24
15
35
46
31
20
10
0
28
7
7
42
37
46
23
19
1
11
20
2
11
33
0
41
24
46
3
6
17
17
45
35
19
55
42
21
44
47
10
48
14
16
45
9
34
2
2
13
7
45
14
24
15
13
15
5
24
41
65
8
56
32
0
14
1
16
46
28
20
1
40
12
17
58
26
14
12
4
1
50
74
25
17
78
22
11
28
16
3
17
7
73
49
39
24
0
7
23
32
6
9
12
25
28
14
12
53
5
32
15
1
8
26
3
69
29
15
5
5
7
16
9
13
41
39
3
12
24
20
51
3
6
33
12
49
28
52
5
42
42
11
19
7
7
18
30
6
6
19
27
28
36
21
19
62
14
0
30
8
16
31
5
40
18
41
17
27
28
12
20
5
13
14
1
41
20
52
29
31
17
23
4
30
45
26
58
40
10
26
42
48
44
2
48
1
7
26
40
24
9
29
3
1
61
61
21
10
0
51
1
1
1
1
36
5
2
2
16
4
1
20
18
20
55
1
56
10
0
36
68
9
2
42
44
30
51
75
79
17
44
58
16
15
64
64
4
10
48
4
1
5
21
12
7
117
8
32
21
4
17
26
29
33
15
2
6
7
12
57
30
4
13
12
43
50
24
15
8
8
38
27
16
11
11
26
16
45
20
25
34
35
41
6
12
9
15
35
7
20
31
29
73
50
57
15
16
14
25
33
3
10
90
22
4
0
28
10
5
22
11
10
16
15
8
40
17
51
48
7
44
29
4
35
7
6
5
38
24
50
32
46
8
4
9
13
4
12
9
24
21
4
31
13
51
56
8
37
5
7
36
9
8
33
7
21
16
9
51
23
14
22
18
5
12
13
12
4
41
26
0
14
5
12
14
1
35
4
9
20
32
6
20
48
16
12
13
8
35
8
16
48
9
22
27
19
2
47
18
49
4
17
30
27
24
18
2
31
14
11
0
0
30
14
19
2
9
6
42
29
6
14
6
34
4
16
33
22
15
38
58
22
14
3
25
8
28
29
19
34
11
39
4
5
54
42
29
20
33
12
26
25
27
17
0
24
28
48
24
10
22
14
7
59
12
0
10
17
5
20
15
29
11
29
3
24
4
26
23
2
12
19
24
38
7
49
7
47
8
50
28
27
3
7
37
12
43
23
25
16
2
4
8
27
31
27
32
20
34
20
1
16
2
24
11
1
26
13
31
25
37
9
14
12
5
12
5
35
7
35
21
48
24
5
9
31
5
11
32
22
15
38
14
11
3
1
30
29
21
27
26
8
32
1
31
32
8
11
5
3
39
29
13
19
3
32
41
43
35
12
16
31
9
23
14
14
3
19
13
34
14
51
2
13
7
21
56
94
1
23
33
13
12
3
14
24
24
9
5
23
29
24
26
12
12
10
2
2
6
21
21
27
14
46
40
30
21
20
34
18
33
35
4
14
7
14
0
12
5
5
6
13
8
50
38
22
16
34
17
30
0
25
23
14
7
31
13
21
21
9
4
37
52
1
9
4
7
7
26
24
34
0
2
6
23
33
23
19
13
8
44
33
12
6
7
28
67
4
2
7
39
31
4
28
35
4
19
19
22
8
28
1
22
18
9
6
13
30
8
4
7
7
30
17
30
2
10
35
19
0
15
9
12
11
9
16
14
5
12
24
32
18
9
13
6
3
13
13
8
4
36
40
2
23
14
53
1
11
30
8
11
16
39
1
3
24
8
49
16
34
12
14
22
7
5
38
7
34
9
1
17
11
7
3
51
32
15
16
16
1
5
24
1
24
33
4
29
13
62
34
21
28
17
1
34
9
1
18
8
28
51
13
10
15
19
24
2
4
22
35
38
1
1
19
10
21
18
2
32
21
4
24
12
31
21
1
10
17
23
12
3
35
15
38
3
2
15
35
18
10
2
32
43
32
20
24
13
12
1
7
2
33
10
5
2
6
28
18
3
14
6
33
28
41
15
5
13
30
10
1
11
1
19
8
7
13
29
14
22
6
16
14
25
9
22
29
22
10
16
54
4
22
11
6
1
52
22
13
16
23
28
55
7
33
17
7
5
18
15
8
16
30
10
8
15
13
19
27
17
3
2
15
23
43
38
15
43
31
22
9
11
1
5
21
2
20
3
13
7
41
15
6
5
19
10
38
14
20
23
12
17
2
12
4
8
2
22
5
20
15
4
10
14
15
12
6
39
23
16
27
13
1
9
7
11
24
22
12
5
2
7
4
20
15
29
10
16
8
0
4
21
12
0
7
8
19
16
18
16
10
6
12
9
4
7
7
32
13
7
2
6
1
16
22
23
29
1
18
7
3
6
2
5
19
19
9
8
12
9
24
22
11
11
9
26
2
7
38
6
22
18
13
3
7
10
9
6
8
7
3
19
21
5
0
19
6
10
21
3
6
4
30
5
11
24
14
24
15
20
37
2
3
16
22
10
13
0
25
15
17
9
11
23
20
20
6
13
10
7
3
7
4
14
1
2
12
16
8
13
20
20
4
35
10
22
6
4
4
7
31
6
9
12
4
9
1
7
18
9
21
14
13
2
5
6
23
4
9
14
20
9
6
13
4
5
4
6
4
6
2
22
26
5
26
7
12
2
1
3
6
2
7
14
3
17
26
5
10
5
5
4
18
10
3
8
5
19
1
9
4
24
12
3
10
4
5
1
12
1
11
4
4
7
5
2
5
12
19
7
15
5
11
4
7
3
2
9
13
11
5
1
7
15
0
6
2
9
9
16
1
11
16
7
5
14
2
4
5
3
2
9
10
8
8
1
3
7
1
4
7
4
6
5
1
2
2
7
4
7
4
1
3
2
13
5
3
2
9
3
1
2
1
2
6
8
7
1
12
2
6
3
0
3
5
10
1
1
1
3
6
2
1
7
5
2
0
1
1
5
0
1
1
2
2
0
1
1
4
