16
3
24
31
5
62
0
12
15
24
7
11
5
92
13
1
2
15
8
5
12
19
3
73
13
13
36
4
21
40
21
27
11
15
8
36
28
39
3
90
16
48
8
6
5
12
26
3
7
60
10
6
16
31
80
28
21
49
58
5
55
14
153
7
18
88
7
56
53
56
43
8
74
13
1
47
17
35
36
11
14
52
36
137
55
57
8
26
38
7
27
48
5
41
64
12
33
32
17
23
117
4
18
44
11
4
37
3
70
71
55
36
42
22
2
40
24
32
50
18
16
17
85
55
7
23
27
9
80
22
35
57
1
27
13
63
28
49
7
27
54
41
23
90
16
31
14
28
33
24
70
27
34
123
3
3
53
34
10
2
19
17
0
24
86
15
53
18
28
46
2
60
81
45
4
10
6
13
13
89
82
7
47
6
56
74
23
16
52
17
40
7
47
42
19
26
13
1
31
72
21
13
14
8
5
45
33
28
2
87
69
17
7
41
72
23
15
10
3
7
3
72
74
54
22
30
15
9
18
18
53
13
56
1
64
7
53
41
41
9
69
111
26
0
88
6
78
21
27
18
60
33
23
42
45
30
27
45
24
22
65
9
38
2
4
7
23
67
6
2
4
14
39
75
2
26
45
42
94
37
20
58
122
3
11
24
50
33
29
5
0
27
5
58
101
91
23
41
26
46
18
142
55
46
11
36
1
95
1
68
29
19
29
31
41
24
97
9
49
52
10
38
59
35
6
50
69
43
32
32
23
9
19
32
51
27
7
34
27
69
11
37
25
36
99
41
34
64
2
32
12
113
31
33
19
24
21
31
31
25
138
7
56
21
65
42
53
35
67
15
14
8
53
70
52
47
43
15
22
35
11
89
68
109
46
36
14
40
44
23
15
54
31
6
18
13
20
30
9
29
36
65
84
51
11
98
42
44
15
0
37
37
2
58
31
65
53
48
19
13
48
24
28
24
31
53
34
58
39
33
50
47
22
23
12
71
2
17
6
38
7
43
52
20
30
28
65
12
49
14
2
37
82
62
15
2
44
23
29
43
2
1
11
23
42
11
58
16
9
43
52
66
69
32
50
77
2
70
28
0
45
57
26
22
88
38
8
66
76
72
36
28
85
8
50
31
1
48
22
10
50
9
49
24
90
23
8
76
32
1
20
61
21
23
70
14
34
37
49
26
35
3
80
30
79
41
21
81
50
42
58
14
18
29
47
54
37
62
5
27
11
25
31
55
81
49
33
5
6
8
61
8
21
32
64
6
31
17
43
10
53
29
55
28
44
42
26
24
50
11
53
31
2
9
16
12
28
27
9
54
18
59
3
83
28
28
28
24
57
21
44
4
27
2
17
70
47
22
8
20
61
18
63
15
16
22
15
30
46
27
4
23
19
27
48
61
42
5
18
37
4
20
16
55
79
28
69
16
32
38
45
45
56
13
74
67
6
28
18
33
41
18
75
31
40
51
17
16
12
36
100
3
22
47
2
64
6
35
11
28
28
56
27
37
0
64
17
38
29
30
69
27
56
15
1
65
53
56
78
52
29
23
0
4
17
33
71
23
34
3
59
8
24
25
13
40
54
69
11
110
11
11
9
43
4
27
21
39
9
26
74
54
18
37
68
38
14
64
38
28
25
18
32
35
4
27
55
9
14
8
37
20
31
32
61
3
2
17
15
50
15
50
62
17
0
67
52
78
42
79
24
24
14
50
11
14
11
30
21
56
9
110
55
40
22
4
35
90
53
39
6
0
0
10
26
9
51
46
36
76
1
15
14
7
30
1
8
14
47
72
40
19
44
143
35
25
6
42
18
7
50
52
89
25
7
19
21
60
12
85
3
12
131
6
39
21
23
1
24
57
70
4
65
29
34
4
42
50
64
34
2
70
7
58
21
30
56
8
6
4
6
49
85
64
3
51
29
13
34
28
105
41
36
34
5
18
45
83
18
22
14
28
74
11
55
10
28
3
14
1
2
68
6
30
5
31
29
44
11
23
6
22
19
48
20
63
134
25
23
37
3
22
86
13
21
15
58
61
0
17
23
20
13
49
61
66
64
30
46
20
14
4
36
65
63
89
26
50
7
36
25
20
37
6
27
23
24
22
5
29
91
47
16
27
26
36
70
2
10
17
6
4
32
23
4
34
11
98
1
40
3
49
67
74
102
51
51
126
14
70
47
29
6
57
21
37
65
13
4
39
18
33
11
11
20
47
7
1
10
16
34
52
68
7
54
3
13
28
37
23
45
82
73
18
18
2
40
2
6
35
3
20
21
6
48
36
8
89
20
2
26
36
4
35
12
16
12
42
32
40
86
54
28
12
91
12
49
5
10
80
39
11
12
1
15
74
52
36
13
47
30
2
17
15
47
46
22
73
18
39
31
21
17
23
39
50
19
3
16
13
73
38
20
29
11
25
5
34
26
49
10
4
28
23
13
11
14
76
7
36
25
2
52
67
12
41
61
9
25
25
3
15
96
9
31
24
69
32
72
14
83
68
45
24
12
16
23
14
47
14
1
66
37
16
25
21
56
79
17
51
12
10
5
19
63
30
14
17
17
67
11
16
20
15
28
7
18
15
28
60
6
3
18
6
9
17
55
40
71
6
23
26
24
73
65
50
1
27
60
40
14
32
29
15
38
43
63
9
70
67
28
55
9
23
32
37
13
30
15
28
48
1
26
29
30
6
18
34
2
41
63
58
19
44
11
13
21
37
25
49
5
30
14
17
45
17
39
5
78
30
23
16
27
54
17
2
13
5
7
19
41
27
23
25
19
73
50
66
4
33
47
3
4
55
24
46
55
9
74
35
2
49
22
31
49
37
31
20
8
21
40
4
20
12
16
28
25
77
15
19
41
8
45
84
0
6
38
58
57
33
5
25
31
9
39
45
16
25
29
16
31
50
4
39
51
19
39
0
34
38
26
16
63
13
44
10
24
40
32
29
15
18
13
35
5
13
15
10
18
14
4
13
28
38
55
21
25
17
5
13
46
71
79
11
6
23
27
0
24
35
7
48
21
25
12
77
2
30
28
55
62
28
37
11
20
3
6
58
47
20
42
6
19
28
75
8
35
3
4
13
21
26
10
7
9
24
7
18
20
8
21
22
10
30
52
43
59
20
12
28
16
11
25
31
28
13
35
19
15
45
10
14
18
39
40
19
12
28
58
16
20
27
15
1
4
21
18
26
32
44
36
69
31
23
15
13
38
14
39
25
70
43
28
10
13
28
69
52
50
40
21
12
15
34
34
2
4
15
37
53
1
32
13
50
73
15
19
20
1
11
11
2
46
1
43
39
29
4
43
7
14
36
25
0
33
42
35
32
54
1
13
15
24
14
3
5
34
5
28
2
22
43
5
38
29
4
2
5
6
13
25
32
54
20
33
33
24
1
7
9
38
29
53
3
25
2
13
11
3
12
1
33
14
48
16
16
50
8
6
6
4
23
25
35
14
51
9
13
26
22
11
34
3
6
12
43
27
3
23
1
26
37
11
9
73
36
10
6
54
2
5
11
35
17
5
41
3
27
26
26
15
5
6
11
67
48
17
5
37
58
1
14
29
18
5
38
68
5
41
27
38
4
18
12
16
9
38
31
15
1
14
11
98
36
1
3
15
47
1
20
7
47
7
2
44
11
6
19
10
20
15
24
28
28
17
8
22
3
6
5
12
1
34
9
61
3
72
12
24
4
29
14
11
21
23
14
28
36
52
72
14
3
39
7
2
22
36
3
30
2
92
2
46
23
35
4
22
16
44
22
2
30
25
31
17
19
11
4
23
19
2
79
14
12
25
5
13
47
2
40
25
16
2
34
1
15
21
5
36
17
41
33
26
19
67
49
21
2
30
6
31
46
3
8
7
8
26
5
7
5
12
51
4
20
46
23
11
35
10
24
54
7
2
3
35
13
50
12
7
22
12
6
2
42
5
4
13
18
42
32
0
20
27
33
10
17
3
6
45
13
7
3
33
74
39
26
26
1
48
50
0
16
6
17
37
24
23
15
31
1
21
7
46
29
9
2
11
23
32
19
16
14
24
21
46
19
1
15
54
75
6
34
18
42
15
9
31
34
36
9
1
45
8
24
34
11
23
4
12
14
14
14
5
53
41
4
32
12
59
25
3
7
33
54
15
3
11
5
20
17
8
25
42
14
17
20
7
5
12
47
58
32
54
22
1
5
43
6
21
21
7
30
26
20
41
34
24
26
27
18
24
3
22
7
20
11
38
10
32
6
14
8
41
24
31
27
20
12
18
27
19
14
15
43
8
9
32
26
40
2
7
0
37
17
36
24
37
3
47
17
17
33
40
17
3
33
38
1
6
19
32
13
59
33
17
8
11
24
6
31
34
18
51
15
9
11
13
11
13
50
9
22
21
20
15
13
16
7
32
7
3
23
14
8
10
30
68
54
10
53
5
0
45
28
7
7
12
28
23
0
39
22
1
34
22
4
16
39
30
10
8
14
32
23
37
13
10
22
2
16
10
14
6
13
3
8
8
38
21
15
22
7
20
6
32
28
7
32
44
5
4
14
1
12
4
11
22
14
11
34
50
2
8
8
3
37
3
25
12
11
25
6
18
6
33
8
30
6
49
5
8
30
14
25
33
14
5
29
41
19
8
5
35
4
5
6
36
16
39
15
11
17
27
16
10
20
3
9
8
19
23
6
11
26
34
38
12
44
6
31
5
10
37
29
21
1
37
5
2
28
10
1
24
7
4
15
26
2
24
26
19
13
9
18
11
9
50
4
6
15
48
17
11
8
5
11
24
3
33
12
9
9
13
1
28
22
20
11
15
2
4
31
9
26
23
12
2
1
8
22
8
61
5
24
23
9
13
44
0
29
21
35
13
11
25
16
20
15
40
16
6
31
50
19
30
42
21
42
15
13
39
21
2
18
14
7
9
28
14
25
47
27
9
13
31
2
9
17
22
5
26
28
22
13
3
3
15
37
16
19
11
1
28
2
15
26
17
23
27
22
8
10
1
12
2
14
21
3
4
26
18
39
53
3
21
26
36
14
16
4
25
12
4
4
15
1
3
28
18
8
31
24
3
9
6
13
23
11
0
9
28
9
29
29
8
2
3
10
26
23
5
7
18
13
4
14
5
16
2
22
4
12
1
21
32
16
27
9
17
16
18
17
13
8
22
8
30
8
19
13
18
3
16
3
5
2
9
23
9
11
11
13
17
13
23
1
14
13
15
5
8
14
3
13
13
7
17
4
3
11
3
7
14
11
19
2
21
14
4
8
22
5
14
17
5
1
17
20
10
12
13
20
0
14
20
10
1
2
8
5
24
13
21
5
1
10
3
8
16
3
6
0
10
26
5
9
3
3
1
8
12
0
12
15
10
11
2
4
1
11
17
6
20
11
8
5
2
4
22
4
10
30
3
10
1
4
8
13
23
7
2
11
5
30
5
9
5
1
3
7
18
4
16
13
4
15
3
7
1
8
9
18
7
26
4
12
1
10
10
1
11
8
4
14
1
13
11
6
8
5
2
19
14
3
9
5
7
17
14
11
7
3
20
6
14
16
12
0
13
8
2
8
4
14
3
10
11
0
3
1
8
19
9
0
2
4
8
8
3
1
3
5
15
3
8
7
1
5
14
2
8
2
2
4
2
4
8
3
3
14
1
1
2
4
6
7
3
9
3
1
1
11
3
0
3
1
10
14
0
0
0
0
1
2
0
4
4
5
4
3
3
2
1
2
0
7
2
1
1
2
