14
0
1
1
0
51
10
35
49
22
14
21
52
147
39
81
18
32
11
6
15
15
9
16
2
18
12
21
41
45
29
9
49
33
18
20
15
62
28
38
22
3
25
24
36
16
40
20
57
23
4
14
40
34
9
20
62
35
62
45
32
51
51
59
46
17
8
65
46
15
79
26
63
6
70
14
30
80
53
11
10
10
11
3
56
9
10
1
51
9
36
31
15
68
49
75
67
47
3
1
17
19
47
18
35
162
43
72
35
47
24
82
1
45
2
25
65
8
9
41
87
42
32
22
101
59
74
6
5
5
6
28
15
4
51
105
25
38
97
11
15
51
70
25
2
42
21
56
38
53
63
59
101
19
43
7
83
12
5
69
24
55
25
21
45
54
12
59
3
31
49
41
32
45
22
20
80
26
39
156
28
15
5
87
137
20
4
14
77
41
11
2
2
88
25
48
35
66
36
25
40
14
9
15
40
70
65
40
16
55
28
34
34
9
38
11
5
53
9
13
26
106
15
22
21
39
21
121
48
48
21
65
57
17
0
12
59
21
59
49
2
20
52
45
78
6
13
13
30
147
9
8
14
83
17
37
68
29
37
2
69
52
0
19
44
16
30
77
23
8
2
23
96
0
34
42
51
8
79
24
46
67
47
100
8
13
99
53
70
60
9
37
127
91
105
11
5
13
19
51
23
30
2
18
54
36
26
14
31
73
11
2
42
81
39
38
16
76
2
57
22
47
6
1
13
10
14
6
42
39
25
47
45
33
126
32
2
6
18
25
61
31
64
39
60
42
39
17
2
37
5
33
23
18
3
53
32
38
31
31
1
30
30
25
81
7
112
63
44
75
33
46
62
22
39
6
24
19
26
17
20
42
54
68
37
34
18
10
33
43
41
6
55
15
15
2
30
59
3
17
27
67
37
39
46
42
25
41
7
0
12
75
47
66
39
10
46
74
25
60
55
59
44
113
40
22
69
8
54
87
58
56
30
5
49
4
64
12
18
56
76
8
8
35
34
65
28
30
33
9
15
21
45
9
17
37
11
76
69
1
9
34
17
30
53
13
68
50
52
25
19
8
39
75
30
34
23
35
15
28
75
87
46
75
0
30
72
62
101
65
17
17
2
64
25
18
1
21
16
4
16
30
56
36
34
18
47
1
14
55
1
14
17
32
53
7
43
43
5
49
21
19
8
95
96
15
30
41
36
33
51
62
22
11
74
76
78
34
40
9
83
26
42
3
26
38
82
23
71
17
62
18
15
22
2
38
32
42
15
18
69
69
4
16
22
70
1
12
20
68
7
50
26
12
6
48
91
42
37
109
31
92
56
78
3
11
80
26
36
72
114
14
30
21
58
3
2
6
23
42
1
25
1
53
39
19
30
12
6
19
6
97
15
25
32
47
76
7
2
46
20
4
27
34
70
101
60
10
3
16
128
53
81
15
43
2
2
16
26
70
33
45
36
12
43
54
46
67
66
9
41
15
77
77
9
17
11
16
29
63
21
72
5
14
52
9
16
15
8
46
23
28
52
18
53
28
37
1
34
22
45
13
85
12
52
15
61
31
66
6
38
28
39
90
15
26
14
43
46
23
59
19
59
34
93
45
73
46
38
2
35
27
32
50
19
99
47
47
29
121
12
11
80
25
30
46
14
37
23
44
6
37
73
22
28
35
62
24
87
6
26
38
34
41
23
33
71
47
64
14
51
19
56
34
23
32
25
68
93
42
30
28
65
47
2
27
1
5
16
20
32
8
25
4
0
8
84
43
15
75
62
4
22
78
42
13
38
5
50
7
19
37
52
7
37
54
40
25
26
60
89
28
22
30
79
18
8
64
8
12
25
75
9
59
67
96
20
1
13
13
29
62
3
16
4
12
31
42
55
45
55
79
62
34
23
2
19
77
60
45
25
7
54
41
63
17
89
61
13
0
8
20
38
19
50
21
26
11
55
92
10
27
3
36
38
47
58
35
31
39
57
5
13
17
97
0
24
55
9
1
2
17
71
6
31
11
7
19
9
26
39
18
35
33
25
3
6
43
24
91
33
45
35
57
76
60
9
29
13
61
43
28
17
8
17
3
29
26
77
7
19
21
75
37
50
57
28
7
78
26
54
16
9
8
29
37
6
6
10
28
31
56
35
26
4
44
39
108
70
33
16
41
29
4
33
28
3
2
19
32
38
61
31
13
74
51
41
20
37
98
32
39
3
26
20
11
133
48
17
0
91
3
22
20
28
33
42
29
30
34
23
25
30
20
20
30
78
7
37
24
38
58
7
27
10
9
34
55
7
58
17
8
1
33
14
47
67
9
38
0
75
37
4
26
94
80
20
41
37
8
15
16
18
1
44
25
28
34
21
5
15
49
44
7
4
16
17
14
39
47
39
4
55
23
55
24
5
69
19
118
20
18
50
47
36
10
41
21
31
16
45
69
19
55
47
4
19
29
5
82
49
46
22
17
18
33
12
24
19
63
36
40
57
73
47
61
23
23
1
9
8
13
1
61
49
51
40
40
16
14
20
41
18
1
36
31
23
87
65
47
52
6
80
32
11
84
0
28
51
9
14
49
3
109
9
4
33
4
14
3
21
1
21
24
5
5
55
15
6
1
27
70
35
72
9
10
40
28
24
57
3
59
19
87
33
43
23
50
11
41
48
21
45
47
50
2
83
43
10
3
29
14
45
17
14
6
42
21
56
38
33
39
55
22
30
57
27
25
37
9
46
23
9
22
12
11
46
39
28
35
3
94
54
44
55
62
41
5
12
1
40
22
17
13
67
41
1
31
45
16
25
40
50
37
8
32
32
5
34
23
67
11
1
11
15
57
21
89
49
41
1
52
41
3
38
85
28
13
44
18
29
5
9
32
42
52
3
48
53
55
84
61
34
25
49
10
41
34
63
46
1
47
4
56
47
11
46
48
21
23
3
43
45
60
14
69
32
14
22
38
42
1
17
15
24
1
43
102
32
15
35
20
17
64
48
52
31
21
31
1
47
25
21
72
18
47
14
13
15
36
68
30
3
24
9
5
9
33
27
19
38
30
49
44
11
29
1
3
67
28
4
41
12
11
52
25
10
5
43
31
21
58
31
29
67
42
13
46
19
65
23
15
27
14
24
7
13
52
25
69
45
24
19
32
8
33
9
39
33
17
5
69
13
31
8
44
50
28
12
5
26
75
2
19
12
6
29
25
52
35
35
103
18
24
6
57
19
23
11
36
21
34
1
53
28
41
60
12
22
28
21
62
5
0
52
32
55
12
0
34
47
6
69
22
41
51
25
15
31
19
62
5
4
65
10
6
25
9
1
99
16
13
10
21
8
53
39
16
45
11
34
5
66
35
60
32
22
23
50
2
35
28
12
40
42
48
17
32
28
25
34
29
5
11
49
7
49
74
43
4
16
36
8
11
41
9
6
5
29
20
30
78
51
15
109
95
1
35
28
47
42
22
21
35
10
15
51
21
22
18
12
28
14
11
18
26
12
66
9
45
38
40
11
1
17
65
25
9
12
5
1
45
30
30
21
20
52
27
29
23
1
29
10
24
13
2
21
8
48
11
39
7
34
18
11
1
6
8
71
11
19
46
53
49
30
10
13
32
2
8
5
35
1
19
6
33
31
37
12
74
14
49
16
22
51
29
29
5
17
62
10
6
8
34
1
31
3
23
55
17
37
29
76
39
21
16
32
54
1
18
1
30
33
26
55
45
24
25
1
38
3
3
18
60
14
12
29
9
91
49
25
29
17
5
35
26
4
20
30
8
27
17
30
9
6
7
2
58
15
16
29
5
5
52
11
16
10
29
45
0
17
25
37
85
11
35
36
38
25
4
22
5
63
9
23
44
1
21
10
11
58
23
55
2
10
2
32
16
44
20
1
6
35
23
10
0
45
35
15
8
20
5
41
31
18
19
15
5
4
33
7
5
19
5
22
16
1
5
3
0
46
31
16
3
33
26
25
4
18
36
2
22
8
14
8
41
11
81
1
1
39
11
29
32
38
0
13
34
30
22
13
1
41
27
20
41
1
16
21
8
29
15
8
1
4
13
84
31
31
17
18
11
3
44
15
3
45
30
29
31
33
31
6
13
66
33
6
11
24
5
4
15
31
10
23
51
9
27
42
21
25
25
17
45
38
32
2
22
26
14
5
4
6
23
14
16
8
22
23
17
17
1
63
12
53
26
12
48
8
2
53
30
63
22
11
22
3
23
28
15
12
44
4
31
12
14
6
60
30
16
8
21
36
24
25
21
24
12
12
55
37
25
71
29
0
25
35
36
5
37
9
11
40
1
13
66
33
7
6
21
36
34
12
15
17
4
35
3
35
34
41
20
7
16
32
29
14
2
25
18
18
7
6
1
21
14
25
19
60
11
17
2
4
9
13
10
2
6
21
13
55
6
2
46
1
31
3
25
2
9
21
5
1
21
30
5
19
9
3
5
0
3
23
6
24
9
8
25
36
14
16
14
2
7
29
2
9
24
27
5
60
25
17
44
14
40
4
13
48
20
5
2
11
31
28
13
32
13
8
2
23
14
19
9
36
26
4
2
9
46
14
24
16
33
33
3
14
4
4
7
42
2
7
36
19
14
7
24
15
26
35
10
2
42
10
3
9
30
25
27
2
33
41
34
26
27
9
5
9
18
7
52
1
11
34
6
4
31
41
36
50
25
5
17
20
17
50
11
19
1
1
21
8
9
16
2
17
17
16
14
13
11
17
22
6
14
11
11
1
25
34
27
13
2
8
17
24
43
22
14
9
11
15
22
33
50
6
3
11
21
35
3
27
8
13
28
35
10
10
28
9
22
24
5
1
19
22
6
32
21
29
9
23
24
34
11
2
1
43
14
5
25
13
28
43
7
27
15
4
8
29
11
21
27
10
6
4
8
32
37
6
22
4
2
25
23
10
17
5
28
3
12
10
21
18
0
44
1
24
9
28
4
8
3
53
6
17
10
52
16
10
20
39
10
2
16
1
9
4
14
1
8
0
13
2
4
34
15
10
12
9
13
29
20
6
2
2
39
9
7
12
22
12
8
0
12
10
4
11
15
26
22
6
26
23
30
0
54
32
20
5
9
11
4
10
47
8
12
1
7
5
15
22
19
26
13
20
3
12
11
33
17
33
11
21
2
15
42
6
5
8
20
1
10
3
17
11
14
4
1
19
7
5
2
30
14
0
18
1
21
37
7
13
36
25
20
5
7
4
14
4
12
1
6
4
19
12
10
12
14
4
21
10
28
16
15
8
10
3
7
6
1
7
21
7
0
17
1
14
18
25
4
11
7
18
9
1
2
0
10
12
10
19
4
1
9
4
14
2
29
5
10
4
15
22
21
4
29
35
18
6
8
5
6
5
11
2
23
7
20
1
2
2
1
9
5
12
10
22
16
1
19
9
14
1
9
28
3
8
7
9
23
1
6
3
3
1
21
0
4
19
7
0
18
4
9
1
1
5
1
9
6
17
13
1
2
0
6
14
5
11
1
30
5
14
0
9
10
2
16
16
1
23
6
1
12
4
15
4
0
3
29
11
1
23
7
5
9
12
0
19
7
2
16
3
5
5
2
11
15
6
1
14
8
0
2
0
10
2
6
12
10
4
7
2
21
9
2
0
14
11
2
5
4
12
1
3
5
15
0
2
1
6
1
4
0
3
2
5
6
2
0
2
5
7
7
1
4
4
3
5
3
2
4
5
9
3
1
2
9
2
0
3
3
2
7
1
4
2
2
2
2
3
2
5
1
0
2
1
1
