6
21
31
8
6
64
5
11
17
58
34
4
2
77
36
22
45
19
21
3
37
2
8
4
19
17
15
4
16
0
33
84
32
18
20
11
32
34
76
34
43
34
3
69
2
14
40
56
20
47
10
9
4
12
90
72
8
48
13
35
14
43
17
14
46
24
80
46
82
142
14
9
56
56
8
34
31
57
10
26
10
38
1
35
83
50
55
53
56
47
32
40
29
64
96
40
70
19
94
21
48
88
6
51
11
88
44
29
26
62
19
14
14
20
50
63
40
6
14
50
28
4
3
72
37
216
13
82
9
91
8
14
31
33
32
63
51
25
8
34
34
3
66
3
59
27
56
4
125
50
104
65
9
36
31
2
104
10
81
1
16
53
36
5
51
24
55
33
8
53
36
11
16
56
9
65
57
53
88
5
30
50
11
40
85
69
44
0
80
46
55
3
32
62
13
31
5
27
2
25
9
3
45
28
63
81
7
30
49
84
24
16
20
30
10
1
2
12
44
64
59
57
7
13
46
31
15
61
65
17
0
73
137
2
37
9
2
18
11
60
19
24
93
62
5
13
56
51
17
12
61
31
86
101
41
52
116
7
40
8
3
137
50
13
84
7
41
28
79
25
4
13
11
32
81
61
103
76
30
51
114
53
33
84
15
9
155
13
9
19
39
6
10
9
24
50
6
8
54
7
20
13
8
40
42
46
25
64
43
66
12
31
70
26
13
28
0
70
1
41
11
14
36
67
21
50
20
17
64
37
34
55
49
62
46
56
77
51
14
1
10
107
23
51
53
20
38
95
20
1
18
50
22
45
3
82
58
20
14
11
29
49
28
62
30
87
53
12
42
4
50
5
6
120
18
10
80
45
45
96
93
21
53
14
34
37
33
32
39
50
7
70
1
12
5
36
76
50
14
10
39
38
31
80
11
55
24
37
131
53
56
16
1
13
14
11
61
3
73
96
13
17
19
17
7
2
45
21
53
26
34
16
69
81
10
73
30
62
22
45
15
13
32
54
10
36
1
24
129
13
29
0
11
15
5
58
46
72
28
34
59
27
30
34
56
1
57
25
10
39
12
27
9
12
28
98
107
46
43
26
83
77
6
13
28
32
21
91
115
119
17
54
12
69
1
1
27
11
41
5
39
90
71
21
75
62
36
50
15
26
46
47
45
30
39
7
18
71
68
27
67
5
35
74
23
24
2
18
36
64
19
13
5
3
17
37
40
68
13
50
65
3
13
41
52
31
11
62
45
70
30
8
19
30
16
114
38
94
52
5
24
5
79
51
73
10
6
30
37
41
91
10
31
83
7
65
12
23
54
79
24
1
21
44
30
36
53
46
13
69
38
65
20
92
22
30
96
5
50
44
6
76
113
50
35
41
20
17
23
33
39
23
11
49
30
41
24
40
10
53
96
55
124
83
16
93
58
90
36
18
12
18
12
63
61
12
41
39
88
22
5
62
89
11
19
7
36
21
41
19
54
6
13
63
30
60
41
20
36
35
61
48
79
34
7
7
41
12
19
32
85
33
16
17
26
48
75
7
18
10
5
24
56
3
10
36
18
39
10
41
8
19
26
18
38
45
77
61
50
43
13
63
10
105
7
14
11
81
9
10
18
15
54
10
69
56
35
22
25
52
18
47
7
37
44
105
32
65
3
117
22
60
49
67
41
11
25
25
7
82
19
68
63
21
27
55
40
35
12
24
8
98
9
19
13
48
19
4
58
7
6
26
75
7
23
37
16
33
9
63
42
51
55
12
11
42
21
29
22
52
39
42
7
27
0
38
7
74
8
8
46
12
43
60
54
21
36
18
37
34
85
38
37
13
12
26
38
4
94
64
5
13
49
35
11
15
38
17
4
62
14
3
19
19
23
17
2
1
31
37
29
14
49
57
4
30
22
39
31
19
7
28
13
55
51
76
10
71
89
14
6
30
3
17
4
10
32
63
15
56
2
34
8
24
24
26
35
128
11
74
6
2
31
34
44
19
1
5
27
49
22
82
8
5
87
15
77
52
16
66
27
43
19
18
89
115
4
36
59
2
32
16
60
32
18
9
16
5
24
49
25
38
11
111
47
112
29
18
35
35
10
67
5
97
44
32
10
22
12
47
12
65
12
53
13
5
4
1
59
110
34
28
90
39
30
66
34
4
39
18
6
43
28
7
55
29
2
63
1
28
25
25
63
1
18
47
14
7
53
16
29
42
32
50
77
27
15
26
54
54
91
7
9
25
3
41
19
12
59
12
0
19
52
1
5
35
2
38
5
49
53
36
13
23
11
35
48
7
7
18
6
54
12
50
12
1
10
19
4
74
18
51
30
16
40
10
107
48
18
4
4
32
6
20
27
45
43
0
72
21
71
14
2
65
12
47
79
40
30
30
22
8
10
5
8
8
45
39
34
32
14
30
21
3
30
2
37
9
80
3
53
29
17
3
35
36
12
16
43
68
21
29
8
60
32
18
3
19
65
28
56
33
16
36
32
46
39
18
62
31
27
56
21
30
16
34
38
38
9
38
44
34
27
5
17
17
77
54
13
15
45
14
1
1
4
11
31
22
26
36
44
14
34
13
20
65
1
18
18
16
56
11
57
18
18
1
12
36
95
7
25
6
38
117
13
6
14
19
26
24
4
12
112
37
13
53
19
85
55
11
43
45
1
4
53
3
26
25
73
16
4
18
50
18
55
33
5
34
48
0
35
4
22
5
4
31
58
32
13
7
4
43
14
2
25
61
32
10
36
35
31
17
26
2
5
12
6
49
11
11
22
8
63
63
40
21
2
46
76
17
13
27
21
2
12
1
38
0
61
6
34
61
23
6
38
11
10
34
18
48
5
27
12
35
19
32
47
22
66
24
78
0
84
51
41
47
74
7
40
59
1
4
13
22
10
50
13
23
16
13
84
7
30
40
16
8
17
19
21
21
95
22
39
4
9
75
0
64
35
23
22
60
57
0
13
57
29
19
28
29
19
0
20
5
56
10
44
50
1
25
0
3
72
41
14
27
7
35
13
2
18
3
92
43
62
49
24
37
22
38
39
42
85
96
61
38
56
26
46
7
0
29
25
59
24
28
47
24
19
4
6
14
25
48
30
7
13
2
47
45
27
4
30
13
9
15
83
5
27
23
29
52
46
31
56
14
20
41
31
32
1
44
30
61
4
2
47
16
53
4
9
91
21
4
16
1
43
3
29
64
17
29
50
40
46
23
13
14
9
82
10
29
15
36
8
24
33
19
11
3
11
43
61
22
45
30
36
12
46
29
2
16
13
31
26
1
23
0
7
25
14
73
15
10
17
62
30
3
24
29
45
60
2
32
47
29
43
9
10
1
7
43
11
14
9
31
37
21
11
37
31
12
4
5
12
37
16
35
36
10
64
21
10
17
10
22
23
2
10
54
3
39
21
10
54
63
3
54
18
46
10
26
3
15
48
49
26
19
11
27
24
51
45
24
49
48
5
3
43
49
3
19
9
33
15
17
11
14
1
63
7
23
12
14
5
54
28
4
0
13
18
9
47
3
72
11
11
23
37
21
54
6
19
19
52
24
8
21
3
31
33
5
28
46
4
49
29
36
19
18
48
2
19
48
27
8
13
60
1
12
18
7
22
0
10
60
16
28
4
16
47
66
33
17
3
22
37
43
51
49
1
40
6
9
22
18
14
32
27
25
12
59
33
1
28
71
34
4
38
40
55
24
40
38
15
21
33
31
8
4
2
12
43
2
34
5
17
35
65
8
30
9
4
11
19
34
39
53
13
63
50
9
25
13
8
3
18
14
40
10
12
23
21
29
24
22
22
60
44
5
34
20
53
50
19
22
40
19
2
0
13
8
53
41
18
16
8
22
31
41
23
39
44
25
39
14
11
33
16
5
69
17
44
42
48
14
1
38
6
12
29
5
13
38
29
5
7
23
11
2
75
23
2
3
2
0
8
1
3
20
32
2
20
60
58
45
1
24
44
36
19
9
2
1
26
30
51
27
1
55
73
3
3
1
0
18
4
7
10
32
49
0
17
9
26
12
3
35
57
11
1
8
64
17
18
1
32
36
14
1
3
18
45
39
37
25
55
13
5
32
9
9
4
5
10
23
21
8
33
15
50
35
27
10
21
12
1
14
16
11
9
17
24
16
26
5
44
30
12
34
34
12
25
17
27
7
7
22
25
3
5
24
9
6
54
30
32
32
35
23
8
4
3
4
37
49
4
13
38
22
57
40
37
44
1
11
14
30
46
31
93
1
13
35
21
17
35
49
9
17
16
5
29
35
13
18
12
21
11
1
42
24
6
19
38
8
23
3
3
26
32
2
26
14
24
11
12
14
31
25
23
21
25
22
43
31
26
3
28
33
7
3
13
25
7
22
9
24
20
23
28
30
11
51
13
36
31
7
40
29
18
12
22
14
37
24
28
11
10
9
20
2
29
7
5
21
11
16
5
34
22
56
22
9
19
23
16
10
8
14
35
2
23
36
12
0
10
21
2
6
23
12
21
13
5
21
22
25
34
33
31
8
33
23
21
62
31
18
30
11
2
11
10
12
7
34
24
80
27
29
7
17
6
12
13
3
16
11
46
43
6
38
35
3
17
7
24
16
30
4
7
11
3
29
10
7
1
6
1
23
59
28
12
13
38
2
35
2
7
6
10
36
26
16
25
12
4
7
8
24
4
17
23
17
4
46
29
14
17
8
8
3
3
8
38
30
0
21
10
12
4
9
28
13
20
8
38
53
25
26
18
1
6
9
23
13
23
26
15
22
11
27
24
28
31
38
9
17
1
11
7
1
1
33
20
14
16
5
4
10
17
19
20
27
8
5
5
0
8
39
31
4
3
6
18
2
8
16
38
5
5
23
12
7
19
40
2
2
5
8
33
26
6
47
10
8
3
19
4
18
4
20
9
29
8
7
21
17
15
6
2
16
21
6
14
15
4
17
4
14
7
21
7
14
17
15
10
9
19
23
39
13
25
39
16
7
22
12
22
45
5
8
19
31
2
19
8
16
0
1
21
5
3
17
4
2
19
14
23
7
6
4
9
35
17
3
2
9
15
29
8
4
33
32
18
5
22
26
5
8
17
4
23
33
12
16
1
5
2
1
4
35
14
15
28
9
4
2
19
4
11
18
0
10
5
8
4
16
7
19
29
7
0
6
28
26
16
26
11
13
19
27
13
10
13
18
57
3
21
2
13
17
12
1
4
3
14
0
19
46
0
7
14
18
36
24
11
13
3
8
1
11
18
17
12
2
2
16
6
28
14
14
3
11
5
0
22
34
14
2
7
1
2
19
11
7
5
16
13
31
16
26
5
30
24
10
2
36
19
6
14
28
10
7
1
10
7
15
31
29
21
4
9
18
5
7
6
1
18
25
14
33
6
9
17
15
0
8
15
22
3
9
7
2
30
1
15
6
8
7
3
8
2
10
3
3
15
2
2
25
8
1
3
27
0
17
1
8
20
3
9
22
0
6
4
11
6
8
5
10
1
23
2
4
7
9
10
6
5
9
5
0
30
4
20
19
4
3
7
16
1
32
11
1
1
5
12
14
24
17
9
5
15
4
2
4
8
13
11
10
5
5
6
5
16
2
23
12
9
5
2
9
12
3
11
8
0
5
2
7
8
6
5
0
15
14
8
6
9
12
3
12
4
2
1
3
6
13
2
5
4
11
5
14
1
6
8
5
3
4
9
3
6
4
4
1
2
8
6
4
5
2
5
6
4
3
8
1
7
7
0
9
1
1
2
0
3
2
0
5
3
1
5
3
3
3
0
2
5
0
