32
18
61
30
2
11
69
8
18
91
29
23
41
17
35
23
4
8
18
29
24
18
66
61
14
13
5
23
26
11
11
14
33
11
8
12
12
59
66
26
29
49
16
15
1
31
29
46
39
49
31
9
60
38
48
48
24
49
64
24
4
30
44
1
62
21
63
57
41
16
34
25
29
1
4
51
3
15
11
28
35
52
13
10
1
66
53
82
11
34
38
40
7
68
38
70
20
40
5
59
53
50
43
6
45
55
11
23
73
38
37
84
28
21
47
21
10
3
7
17
59
8
2
73
31
55
1
90
73
57
60
8
42
102
4
57
26
18
69
43
72
69
15
1
19
91
45
107
13
28
8
62
37
55
72
3
17
9
28
36
10
101
23
55
46
38
53
16
49
10
104
15
65
3
50
42
23
40
37
42
5
21
30
1
43
51
41
16
27
1
62
19
30
50
27
79
55
121
58
94
31
3
23
74
49
8
80
59
49
63
6
52
11
9
36
30
54
65
41
85
38
54
59
9
4
97
36
14
6
15
36
33
36
6
3
48
53
38
45
91
11
36
88
65
65
27
34
41
80
38
54
30
64
14
84
46
8
95
28
18
32
52
37
10
57
33
15
24
54
14
55
53
27
2
17
55
16
44
72
106
116
21
23
25
31
81
113
61
72
28
4
78
92
8
53
30
11
57
35
50
62
22
60
11
8
22
11
1
66
63
146
64
63
28
49
8
4
53
42
22
15
37
38
50
79
63
0
66
22
33
35
33
29
9
94
24
8
35
16
52
3
33
8
19
51
76
62
29
70
31
10
0
54
10
33
38
28
67
48
18
41
26
14
2
48
3
70
14
46
26
3
57
22
19
29
36
1
41
60
52
59
52
133
5
38
5
4
32
13
16
67
63
60
38
54
3
6
32
60
45
89
72
72
20
12
77
92
20
77
12
1
25
28
57
61
35
1
26
49
27
25
40
43
42
11
10
5
38
58
10
5
9
10
76
4
64
47
10
13
20
16
17
9
143
5
41
88
13
47
1
59
44
41
32
22
21
28
1
55
49
32
11
21
42
13
32
40
33
70
1
63
48
98
36
19
6
28
78
30
2
64
25
17
28
31
57
38
69
57
59
50
30
92
9
105
32
56
9
66
37
80
11
19
25
35
85
41
70
3
5
71
21
6
61
37
7
50
92
38
3
31
20
28
13
37
5
32
56
43
89
27
40
57
76
2
24
68
58
1
32
9
40
65
15
18
14
3
51
64
18
45
41
6
30
60
26
52
3
18
42
96
7
37
25
63
14
29
8
33
21
18
6
10
54
49
63
7
114
7
15
34
9
68
34
116
11
32
30
66
28
60
28
11
13
11
21
18
10
5
43
47
106
20
17
71
84
23
60
41
54
75
49
21
40
30
28
100
86
20
83
21
60
48
21
60
12
5
32
31
11
69
43
32
18
3
70
70
32
27
53
13
31
31
80
43
30
18
1
7
77
16
39
30
60
2
23
30
3
15
2
27
25
14
21
16
68
27
28
26
37
25
41
28
28
63
27
28
27
6
0
6
17
6
37
71
27
9
40
27
107
33
29
19
31
66
71
14
29
63
74
22
7
5
50
21
49
42
11
54
84
34
44
37
30
5
0
42
49
16
33
51
70
52
2
30
29
4
27
37
44
16
59
53
2
8
10
19
32
67
20
69
21
47
31
19
67
14
103
71
56
84
25
32
17
21
8
27
23
39
72
39
22
41
4
46
14
55
19
14
47
36
33
57
14
140
44
5
38
86
39
52
0
73
78
57
72
40
1
43
31
17
50
99
20
7
44
28
14
36
17
20
73
45
63
30
28
36
43
24
28
8
3
17
32
1
29
33
3
75
54
59
33
5
21
12
25
22
36
60
9
38
51
6
27
7
29
32
14
10
27
10
29
48
37
72
2
30
54
15
1
52
83
96
37
37
41
15
17
40
109
3
19
110
62
13
19
13
66
16
0
8
6
14
8
49
37
37
29
19
33
24
37
55
12
94
80
44
22
1
43
30
48
13
0
11
95
19
0
19
76
131
35
3
68
12
38
23
22
130
6
43
20
33
31
14
11
5
55
60
77
49
36
15
46
22
103
39
14
70
57
20
24
3
18
9
62
3
3
22
53
65
7
37
21
6
18
20
11
22
20
17
51
25
10
8
47
32
63
6
5
0
15
43
52
35
3
7
18
69
59
12
46
37
65
33
52
15
10
22
9
4
35
22
18
69
43
52
32
15
12
36
35
7
46
0
79
10
24
34
40
27
15
38
46
58
56
24
9
28
90
20
30
21
50
31
2
59
72
46
24
2
28
21
100
14
2
38
30
38
24
50
17
10
11
19
20
47
29
46
68
28
15
40
2
20
13
9
16
22
10
21
5
26
46
43
8
9
7
84
57
12
16
6
29
41
45
19
42
33
75
34
24
26
2
9
29
59
23
8
46
28
51
55
60
46
57
29
45
64
104
6
21
23
8
8
50
3
14
1
12
54
44
23
34
34
15
74
38
16
9
19
39
10
3
88
21
18
0
55
29
69
40
5
5
6
49
38
34
22
53
22
35
46
23
66
13
28
2
46
20
2
46
82
56
11
32
25
57
75
27
47
4
31
15
31
82
47
66
110
45
93
4
26
13
11
5
59
43
43
26
36
44
16
8
23
50
40
76
37
22
67
32
8
57
45
27
8
20
17
49
7
44
16
37
19
17
0
66
39
20
70
38
24
57
16
19
1
9
1
18
31
20
82
26
61
56
34
48
26
9
1
49
42
66
7
10
63
18
8
12
42
26
24
32
9
23
65
15
49
27
22
49
43
83
30
21
16
61
23
0
81
19
1
103
14
93
34
23
28
1
6
36
34
14
18
15
27
20
28
5
9
10
54
70
32
35
15
10
38
6
42
43
53
20
42
37
6
33
12
53
2
32
37
5
5
64
13
17
24
21
9
68
13
18
21
29
13
17
33
8
3
63
15
21
19
29
85
70
24
36
3
19
18
10
40
26
23
22
1
8
48
23
14
10
7
31
14
54
19
10
26
36
3
32
25
33
45
34
1
10
2
23
42
18
28
25
31
13
22
13
62
3
80
4
17
5
97
29
46
4
74
16
29
2
2
35
43
57
12
31
17
37
4
24
36
50
7
1
36
43
29
46
1
13
21
10
29
41
66
3
6
42
6
47
66
28
35
38
8
10
6
58
20
1
56
18
27
23
38
8
58
48
54
8
35
12
22
28
19
44
47
22
19
16
42
50
56
10
17
36
17
31
53
45
35
17
16
23
64
27
2
28
8
14
11
9
18
15
63
49
5
35
34
13
18
59
15
16
23
40
16
28
4
100
16
2
12
25
41
4
36
31
65
23
61
37
15
0
3
0
26
30
14
3
10
28
1
43
5
9
37
8
66
15
2
37
12
46
41
7
19
3
1
22
1
23
6
27
13
28
34
1
22
91
53
11
9
2
1
24
64
17
23
48
54
27
42
12
1
18
43
9
10
28
17
48
12
49
3
45
53
53
19
22
10
12
63
27
21
13
8
54
28
24
10
35
10
43
42
24
12
11
19
3
9
2
19
9
12
29
82
20
6
11
2
47
31
16
47
26
59
15
33
4
40
39
16
81
55
17
61
17
6
75
24
35
7
22
1
13
10
14
6
21
62
13
39
22
3
25
54
6
3
18
28
25
32
30
30
9
11
1
6
4
10
24
1
24
19
19
14
25
3
39
42
3
77
18
33
24
51
44
36
22
36
4
42
34
4
23
32
28
15
4
22
20
31
32
8
32
6
0
30
14
3
39
9
5
32
9
11
38
21
40
16
47
10
48
29
30
15
33
24
10
17
42
8
34
17
8
45
21
13
6
45
26
6
13
5
4
17
9
28
20
4
7
14
8
15
1
64
30
9
6
0
8
2
20
17
15
30
17
4
1
39
6
56
4
23
16
19
18
23
15
60
6
31
10
9
35
34
3
46
30
24
5
38
11
12
13
7
6
20
42
26
13
26
9
23
17
1
45
15
2
31
3
28
30
11
11
13
17
9
17
23
3
7
25
8
9
43
28
23
8
8
14
33
0
36
18
25
14
28
48
10
49
18
43
2
15
25
2
26
11
2
3
10
31
23
8
20
18
37
1
3
8
17
50
13
36
22
1
4
20
14
5
17
29
40
3
14
42
16
13
13
29
9
19
16
18
23
7
2
19
34
10
19
11
3
36
32
7
2
20
16
11
4
46
18
30
33
8
22
20
3
20
6
4
9
37
21
3
13
19
5
23
39
11
31
17
0
4
16
4
32
46
5
30
3
25
17
9
2
5
7
3
21
11
7
19
11
4
10
52
22
32
37
3
58
22
36
41
17
42
18
15
18
32
8
2
12
34
28
19
11
1
1
25
39
21
6
12
30
11
19
36
8
10
40
8
8
35
7
23
10
15
13
10
10
28
10
7
50
53
31
16
27
15
53
20
8
4
6
4
0
15
13
16
7
22
5
26
2
19
13
5
7
35
7
8
27
24
6
35
2
8
11
49
5
47
30
8
24
21
8
30
32
0
3
32
5
17
61
9
31
25
43
1
24
1
6
21
31
33
25
19
6
33
6
6
20
6
1
4
3
15
23
28
1
19
17
22
1
34
9
2
23
18
12
32
12
5
7
22
10
28
11
8
10
9
25
12
32
17
12
17
3
20
6
5
62
17
27
18
14
29
11
19
1
4
17
10
21
15
22
14
35
6
13
23
12
14
49
41
24
11
1
7
9
27
16
21
13
54
9
27
45
20
8
2
2
33
32
4
4
2
25
3
3
27
34
7
3
20
28
1
32
21
7
43
5
8
18
24
31
4
9
8
2
15
38
14
7
10
2
15
1
24
27
24
13
1
20
32
46
4
26
6
35
8
42
25
0
20
12
16
20
39
41
29
37
3
38
35
3
5
20
0
26
13
16
20
18
17
15
16
19
53
6
1
7
17
5
17
10
7
16
15
19
30
14
12
11
7
31
16
9
19
11
41
1
6
15
15
12
15
8
18
27
16
2
4
18
14
12
21
33
5
5
29
14
19
25
38
27
0
14
41
6
1
12
18
3
15
10
23
4
24
5
5
9
38
22
29
6
8
8
26
38
4
4
10
13
36
7
10
28
1
2
7
2
4
7
4
7
27
11
19
21
1
24
31
27
40
6
4
5
8
15
4
28
19
4
11
9
9
11
9
7
22
21
18
5
8
4
12
11
7
16
11
26
32
11
22
13
23
21
8
8
6
19
5
14
7
19
13
4
23
13
10
14
24
1
20
20
22
8
15
2
10
7
26
24
17
5
4
10
14
21
9
27
19
7
25
6
22
5
4
4
7
26
19
2
17
44
7
8
1
5
10
34
0
10
14
6
11
6
13
13
4
1
8
3
2
0
25
13
5
6
28
7
5
4
10
17
19
2
5
7
4
15
4
3
8
16
3
0
12
1
8
0
9
24
2
8
1
3
8
18
2
4
11
4
14
1
32
25
1
16
1
11
4
16
0
6
12
2
5
7
7
3
1
1
14
5
13
7
6
13
11
6
17
7
3
10
20
4
0
10
1
9
1
8
2
6
7
10
2
5
3
15
16
9
10
7
2
8
2
19
12
7
7
0
7
4
7
15
0
1
3
0
13
0
0
6
1
8
5
2
0
1
4
11
3
9
7
2
2
4
2
4
6
2
2
11
3
3
6
3
22
4
1
4
2
9
2
4
5
8
5
3
2
8
5
3
1
1
4
0
5
3
1
1
4
7
1
3
2
1
4
4
1
4
1
1
2
2
1
2
0
