24
5
0
56
34
18
30
91
8
46
59
36
7
20
5
30
5
13
24
9
14
4
42
9
23
92
26
80
2
42
28
19
28
79
22
30
16
2
23
18
39
33
1
30
47
33
15
7
38
36
3
19
27
4
14
26
30
26
24
96
25
33
46
60
61
12
45
16
33
47
60
9
58
27
4
5
89
31
21
61
26
30
45
12
8
31
4
60
40
82
50
47
60
64
28
14
53
13
21
40
28
61
93
1
15
27
18
3
15
25
25
14
24
59
3
19
1
37
51
3
7
63
55
17
20
16
52
6
23
108
4
46
15
27
11
118
9
45
21
76
9
3
98
106
43
42
28
72
61
63
30
24
16
39
11
11
38
24
39
18
29
18
28
34
91
21
48
14
81
100
69
21
76
53
51
13
39
56
64
116
28
57
9
16
36
32
32
26
40
6
44
99
7
37
86
67
45
61
34
57
31
51
6
25
50
17
66
34
58
48
3
60
49
37
37
12
11
61
85
15
49
11
64
47
5
49
5
40
100
18
14
42
131
38
87
61
13
42
37
33
60
17
32
24
67
41
36
45
48
50
88
42
28
22
117
19
20
8
108
48
24
18
17
35
101
17
36
97
70
61
37
61
14
45
33
82
12
14
29
74
65
32
3
3
17
39
48
14
65
9
50
56
27
4
16
47
27
3
75
18
6
19
19
7
2
8
58
18
80
99
47
2
55
116
48
108
39
12
88
75
20
76
80
14
34
3
5
17
24
55
97
15
43
16
52
35
77
2
78
0
52
84
54
17
45
28
71
33
21
23
43
87
67
8
15
44
64
28
28
33
36
70
43
20
52
13
8
34
39
20
62
39
116
32
106
67
0
21
5
8
21
30
9
18
7
18
20
7
36
34
30
63
114
76
24
76
49
51
25
8
113
25
20
2
89
11
28
85
37
19
60
41
49
7
40
7
48
27
92
71
8
18
12
14
9
71
34
29
39
36
33
36
38
97
54
54
46
31
51
24
66
90
53
76
14
4
10
12
24
36
69
6
38
13
62
28
6
23
38
5
37
5
62
14
2
51
16
58
50
21
34
4
27
35
70
13
63
35
6
18
50
8
40
4
8
11
16
44
46
68
59
36
9
39
32
10
50
4
64
57
9
9
19
10
0
35
24
60
3
2
10
76
133
14
51
20
43
76
5
39
51
73
7
6
14
17
22
7
13
15
49
23
41
13
56
21
30
18
5
53
61
90
31
50
46
77
70
55
78
11
58
57
55
42
37
20
4
53
10
5
10
22
22
38
111
17
14
22
84
8
34
25
0
3
38
18
48
46
25
46
55
42
55
9
33
82
3
5
3
2
43
14
4
6
26
9
68
20
6
55
21
1
31
32
25
14
26
44
73
76
57
42
15
72
30
21
20
68
16
5
39
46
90
17
7
24
102
16
19
2
45
94
42
60
43
20
22
141
10
82
29
43
4
51
13
35
33
41
13
52
84
63
21
24
12
16
36
14
88
45
30
23
57
54
14
24
88
2
39
22
7
88
2
17
32
23
4
24
9
112
67
52
8
13
88
3
35
22
20
8
7
43
18
75
13
35
20
19
52
5
43
55
71
21
4
8
16
29
19
23
10
69
11
27
35
22
71
47
48
30
21
12
7
52
7
19
2
11
24
39
16
13
47
18
29
86
40
13
2
9
62
94
83
0
7
51
84
8
15
25
55
26
6
22
53
70
21
58
26
32
40
42
8
34
2
110
36
45
3
15
79
33
69
71
16
64
83
24
49
30
109
36
5
63
59
31
25
19
8
1
1
36
50
33
3
17
31
20
82
42
119
13
54
61
44
5
13
44
39
17
57
25
46
102
64
48
1
38
1
58
71
16
43
0
122
16
100
1
25
7
8
0
28
50
33
5
14
39
66
58
37
42
57
29
105
50
55
1
40
31
11
19
23
85
43
73
32
56
24
29
25
28
14
74
2
18
8
11
13
7
23
51
40
36
14
62
19
37
44
42
10
45
88
13
39
65
22
47
34
25
4
92
29
20
11
20
2
50
30
30
39
58
9
29
2
46
23
35
21
25
78
51
5
21
27
11
74
46
66
9
41
5
46
10
6
27
13
45
11
0
10
32
8
31
33
4
27
12
19
19
37
31
31
64
17
20
36
33
26
5
27
56
6
13
65
46
35
1
66
61
1
64
5
3
7
44
23
1
8
24
15
31
28
15
74
39
68
8
15
2
45
90
18
50
12
1
33
2
23
64
8
8
55
58
12
43
1
35
34
4
31
71
24
24
10
74
29
62
60
7
2
4
1
19
4
33
38
31
31
54
7
103
66
48
20
15
14
66
69
59
25
1
14
2
15
43
23
90
18
44
68
73
26
2
26
46
50
6
2
29
19
24
24
40
41
63
13
17
19
37
68
3
73
40
45
29
29
33
45
61
80
63
84
10
32
62
18
28
28
58
8
19
77
50
67
25
30
61
20
53
61
10
6
79
86
11
15
15
66
48
25
85
9
4
38
7
4
39
29
46
53
57
26
26
12
35
14
26
18
35
22
82
15
71
57
3
34
42
63
0
13
67
50
44
14
61
35
73
32
70
21
2
57
22
79
13
12
16
3
21
42
69
33
77
93
42
1
67
22
66
42
8
3
11
49
40
7
35
17
46
24
21
11
0
59
35
13
29
47
9
1
9
38
23
23
39
82
41
21
23
18
22
63
44
13
54
27
59
8
24
33
49
1
36
1
2
20
11
32
12
48
27
1
8
34
35
12
26
63
28
8
26
39
46
6
38
48
27
13
86
53
18
32
4
12
28
25
44
45
4
28
49
51
39
48
41
8
30
31
13
5
54
37
26
46
15
20
28
56
50
52
51
33
32
44
33
14
31
26
0
20
13
13
59
50
59
40
33
18
28
26
30
10
13
17
25
29
14
36
31
3
26
37
59
10
31
43
83
20
48
54
43
65
34
10
4
12
41
9
35
24
56
35
38
24
49
18
29
15
31
8
19
51
13
35
18
85
8
15
4
26
8
113
6
38
6
41
33
36
22
15
27
13
0
57
24
26
24
75
36
3
21
10
1
8
64
59
51
36
7
39
43
22
2
65
30
6
4
20
20
35
16
15
23
56
6
55
5
49
15
42
30
50
14
61
36
3
18
18
36
47
2
20
62
80
7
14
41
9
15
42
1
13
27
1
10
22
18
57
7
32
18
42
29
48
2
7
9
28
40
28
4
63
34
51
19
62
41
34
31
10
23
24
30
89
27
34
2
9
43
65
50
3
15
31
26
13
57
15
1
21
31
24
3
27
10
14
8
15
41
27
8
18
31
12
1
2
43
86
45
9
26
1
31
8
36
15
38
69
59
39
45
35
28
45
13
35
16
39
0
5
11
58
40
12
3
12
21
20
17
20
30
9
19
49
11
20
39
48
14
5
22
31
72
14
6
32
34
8
4
60
7
9
19
62
18
59
28
35
40
11
32
56
66
44
35
0
35
17
20
28
50
65
13
43
23
4
10
16
4
6
89
27
57
19
45
88
25
8
24
41
25
32
12
1
2
36
27
28
9
12
39
2
2
4
14
84
13
39
29
10
36
30
59
50
28
18
10
3
52
38
20
32
9
18
34
34
48
5
1
18
22
4
28
48
9
6
8
33
2
11
9
9
32
24
18
36
25
31
0
24
26
7
2
8
24
21
29
6
46
14
4
26
62
30
26
13
74
1
37
3
36
16
34
14
19
58
27
46
54
17
3
29
22
9
18
6
4
9
8
11
22
52
46
19
4
4
1
13
47
9
11
50
7
38
10
20
20
20
43
37
11
7
29
17
29
29
10
18
62
31
3
6
38
7
53
24
40
20
53
7
38
23
5
6
45
28
16
24
18
11
10
46
38
39
15
26
19
5
9
61
19
22
18
3
6
9
25
22
36
18
61
1
33
62
47
10
8
7
37
26
17
7
17
11
60
20
9
16
5
18
21
36
18
3
54
34
28
20
74
33
8
14
16
20
15
8
27
6
22
11
21
29
12
12
31
34
4
51
14
16
14
48
36
11
78
23
9
47
25
73
14
6
5
24
58
28
16
10
13
16
33
5
28
39
54
68
59
30
21
44
11
6
12
54
0
33
7
4
22
16
22
35
20
27
3
15
21
23
8
1
14
43
24
55
54
72
35
2
27
17
15
6
7
9
1
1
23
10
38
30
9
10
21
9
9
9
56
13
3
32
24
31
4
11
45
17
6
28
26
43
27
10
3
20
2
37
8
23
5
28
18
4
21
6
22
51
18
9
2
26
10
21
9
6
23
13
24
39
22
22
30
15
34
16
1
5
3
7
1
29
12
7
16
10
43
11
14
16
9
49
43
20
32
41
22
14
47
43
28
5
7
33
4
14
18
5
7
8
41
40
4
1
6
46
16
26
3
34
15
50
37
20
8
11
27
2
1
25
20
7
12
35
23
11
14
46
1
19
49
14
7
19
47
24
16
35
63
14
9
16
45
19
48
9
8
32
12
26
21
38
16
32
24
13
19
13
11
3
41
28
12
7
29
6
1
3
26
13
15
16
6
23
23
0
30
8
32
4
40
16
9
3
10
22
37
3
18
15
14
11
1
3
47
8
15
8
39
0
13
39
2
29
8
17
2
30
10
2
8
26
17
15
2
0
39
32
2
19
28
12
32
40
16
5
0
40
8
25
27
12
5
12
16
0
25
20
24
22
16
36
20
56
58
17
54
22
12
10
7
4
18
29
5
13
27
30
6
14
27
24
16
22
20
11
15
12
37
41
0
3
0
30
32
19
1
24
19
5
34
16
18
10
17
10
15
20
1
19
8
10
26
7
36
51
0
28
18
11
14
18
3
12
12
4
2
10
18
3
17
29
12
8
11
13
14
33
29
4
17
2
9
12
11
10
30
2
46
5
11
13
4
54
47
51
9
11
37
17
7
9
21
5
8
18
10
8
21
27
7
4
36
13
34
6
15
1
14
18
18
7
47
2
16
31
7
28
17
23
28
3
2
19
10
5
23
17
29
22
13
38
1
10
5
23
16
20
16
8
16
9
27
11
17
38
28
32
19
5
26
12
8
18
35
21
16
11
1
10
15
24
24
7
16
0
2
9
2
13
32
0
6
20
19
25
3
18
10
2
39
4
34
22
0
24
4
36
26
7
9
1
24
26
22
19
5
10
5
1
2
2
7
19
6
13
12
17
16
3
7
25
8
35
2
0
21
30
17
11
1
23
12
12
2
5
29
4
5
19
17
30
5
9
9
5
4
25
12
14
17
13
21
34
31
17
7
2
4
11
14
15
4
7
25
19
15
16
0
33
0
10
13
33
15
8
12
5
23
14
9
28
13
6
4
7
13
4
6
10
37
12
12
18
1
12
12
8
3
3
0
29
5
10
18
14
13
11
8
8
38
23
8
1
8
11
1
19
7
20
8
29
11
0
14
35
2
3
3
15
7
10
6
7
16
13
9
9
24
10
1
16
4
2
5
3
10
9
4
9
3
15
1
20
19
23
7
3
15
0
0
0
16
0
17
12
10
13
6
0
6
8
17
4
9
3
9
5
3
4
12
14
4
1
14
14
1
14
15
11
2
2
7
2
5
3
5
9
4
9
12
2
8
5
1
14
10
3
10
0
3
6
17
16
0
3
1
6
16
3
7
10
12
5
3
1
1
6
8
2
9
9
8
1
2
17
6
1
12
2
10
7
12
2
5
0
3
10
13
5
3
9
5
10
8
1
15
3
4
8
5
2
8
3
5
7
5
2
7
8
6
2
5
5
2
1
2
1
5
5
0
0
3
1
3
6
3
1
1
1
0
