20
11
21
0
28
2
15
19
66
16
36
18
68
38
14
26
3
8
24
89
4
16
13
14
23
25
51
42
68
54
28
31
73
11
36
25
32
6
112
43
12
14
29
55
13
30
24
19
78
26
28
5
22
22
7
38
11
43
4
0
56
27
48
26
37
12
27
51
10
33
32
52
61
42
38
30
112
1
36
45
70
63
25
20
2
5
78
54
60
41
84
88
27
97
50
30
17
13
11
31
28
63
69
24
19
28
48
48
59
12
52
0
40
28
90
11
17
11
5
56
29
26
35
31
6
31
10
7
9
13
5
27
59
12
41
40
72
56
21
48
79
33
64
16
60
6
36
74
9
12
22
11
30
126
6
2
59
44
21
119
10
22
61
14
19
27
37
29
16
1
46
22
37
3
72
32
39
0
62
67
92
54
62
67
13
29
17
7
57
23
2
8
19
81
23
49
11
30
57
35
48
58
110
56
21
30
43
26
43
143
55
79
1
44
24
18
21
4
32
48
32
56
8
29
33
43
8
11
45
31
25
23
21
33
67
96
12
16
13
27
16
100
18
15
18
17
24
16
46
12
35
10
83
33
61
14
22
14
21
77
58
33
84
12
15
11
79
13
49
10
32
69
40
15
35
92
66
119
24
64
141
11
37
39
14
133
44
2
22
10
101
30
13
3
16
52
66
22
30
28
93
8
11
12
7
24
2
21
4
3
22
36
5
66
12
62
33
57
54
36
22
21
42
37
32
106
27
2
70
17
48
44
37
106
71
106
20
50
17
1
29
16
24
13
35
34
37
60
14
65
47
7
24
117
18
31
23
14
23
15
11
11
28
74
77
6
14
47
46
18
33
67
61
8
40
52
58
11
23
47
50
67
7
20
5
55
22
23
11
11
53
85
67
61
17
61
102
85
51
20
68
51
10
28
2
51
58
37
69
33
26
121
51
45
81
8
13
35
16
39
15
58
37
11
51
100
65
0
74
43
32
2
60
17
68
15
39
63
6
25
23
13
25
30
11
36
42
30
57
2
56
68
17
30
108
20
61
42
80
2
82
70
32
50
42
27
42
26
33
9
31
26
34
17
17
39
113
1
32
66
36
33
12
33
5
92
0
7
33
8
39
33
63
15
98
24
11
44
32
26
29
22
26
3
51
59
81
63
73
60
23
50
7
77
85
52
5
43
37
16
51
54
13
21
39
1
38
13
88
45
125
11
50
19
62
65
40
33
11
27
48
19
7
100
64
11
7
65
32
23
6
3
53
4
9
35
38
7
56
92
24
5
97
10
16
32
29
1
3
73
14
54
26
43
31
58
49
17
39
53
31
1
28
11
6
45
19
72
58
39
37
4
33
61
79
24
22
16
47
36
3
33
37
45
24
48
20
39
16
30
20
38
88
66
21
54
92
41
0
39
72
16
15
32
38
54
40
12
43
23
1
119
12
30
51
26
5
50
42
18
14
58
29
22
6
43
2
22
5
7
27
10
62
18
66
27
52
97
55
23
17
74
6
23
4
67
14
55
4
36
5
33
31
29
10
30
9
1
28
30
79
80
44
82
63
11
31
13
0
63
67
8
25
70
38
1
15
42
50
16
7
48
80
73
34
16
12
38
2
14
32
30
67
56
26
22
69
12
77
32
13
72
25
1
7
39
18
26
20
35
56
33
5
38
33
31
47
11
40
16
4
68
4
22
57
17
7
68
57
31
64
35
18
28
82
65
76
38
10
137
9
30
35
33
8
36
46
17
56
6
20
15
91
16
25
43
64
64
9
24
46
75
57
45
41
10
44
24
87
91
29
56
36
20
34
33
10
20
5
9
15
25
72
21
38
13
77
49
53
11
26
32
30
48
24
15
14
84
10
30
21
1
31
11
50
2
13
14
3
46
34
4
28
3
73
47
20
32
12
32
23
14
3
9
26
36
11
18
105
104
14
53
58
66
17
11
33
36
25
36
42
2
65
8
13
17
114
27
32
23
6
27
10
8
20
29
9
55
0
11
26
32
15
4
27
25
2
50
78
1
4
19
1
20
73
16
21
28
5
11
34
53
44
44
72
28
8
29
64
44
25
53
8
28
59
8
28
22
13
4
2
8
94
24
57
13
16
28
64
21
38
10
1
52
28
35
15
12
8
48
24
26
12
3
37
17
36
3
5
38
49
71
14
6
5
95
12
70
33
4
0
45
53
16
54
47
30
22
34
45
9
4
51
46
56
19
2
21
39
23
28
8
17
48
53
18
29
24
40
5
4
29
21
27
30
69
34
97
22
34
7
103
62
70
19
100
49
10
0
12
52
66
35
2
23
11
48
16
9
19
8
17
92
28
11
37
10
16
41
4
61
16
22
43
14
66
56
23
6
11
5
4
32
13
2
37
63
69
13
56
69
19
19
4
91
71
44
28
46
43
5
56
5
20
24
56
43
16
10
35
17
5
18
15
27
23
30
53
37
72
16
42
2
13
21
19
7
73
48
6
20
2
53
7
68
49
17
6
18
50
32
33
41
41
32
32
21
10
31
32
77
29
60
59
52
67
24
19
70
7
39
1
42
36
49
4
5
48
69
18
31
105
20
13
37
32
66
105
2
22
24
26
45
36
14
37
8
9
19
14
83
30
8
16
1
37
50
25
73
11
40
28
24
38
53
13
15
39
42
19
46
30
4
20
2
53
83
26
5
12
15
9
25
4
13
23
25
27
47
15
34
32
0
6
13
36
54
19
43
56
29
3
19
55
5
61
11
32
53
24
44
15
49
19
25
9
39
4
23
26
47
2
22
38
20
68
65
47
0
5
18
4
16
4
9
31
44
31
26
13
0
17
37
28
14
83
46
23
12
37
30
31
68
37
52
33
10
38
13
30
42
67
36
61
23
37
5
37
17
4
49
22
13
6
22
22
19
13
9
54
39
34
1
8
23
8
19
38
8
17
12
29
33
5
14
27
50
14
1
63
62
28
45
6
54
39
6
5
52
12
48
5
6
10
6
5
21
23
16
25
31
58
15
7
13
2
24
55
54
57
3
8
63
12
45
28
52
6
71
23
8
24
3
27
43
3
5
72
3
35
57
75
13
36
73
12
29
56
20
11
17
7
14
9
1
31
40
17
9
24
20
21
43
9
59
0
40
9
39
1
38
23
1
27
32
4
12
10
31
40
55
4
9
9
49
40
35
11
32
86
9
34
21
25
45
36
19
9
8
50
48
52
52
33
6
12
28
11
7
66
49
40
40
67
69
58
67
30
13
2
8
2
33
28
1
37
2
37
65
55
56
7
2
72
32
32
52
29
16
28
14
1
20
29
12
25
16
23
43
33
46
22
6
12
10
59
16
23
39
61
25
18
16
37
12
31
2
35
27
42
50
14
22
38
21
2
15
13
15
20
25
17
45
21
29
40
31
27
50
20
3
10
4
39
15
20
51
26
31
18
14
11
17
47
55
26
64
29
5
2
60
19
13
19
25
26
10
34
15
76
44
6
5
2
48
34
62
3
49
34
4
21
36
2
52
4
28
15
40
33
66
22
23
11
23
8
3
33
26
1
34
7
39
69
14
10
23
15
22
37
44
6
5
80
46
37
10
6
33
6
83
21
11
30
12
27
68
33
18
56
25
6
58
16
13
16
31
10
4
28
26
2
1
10
12
34
2
64
35
23
63
3
47
13
23
16
5
43
22
1
45
15
29
11
2
9
70
3
18
33
15
13
13
11
47
6
60
24
39
32
23
1
6
19
2
37
9
46
27
15
3
36
5
19
2
0
35
40
39
31
35
66
29
6
15
59
43
38
80
40
18
7
7
35
8
7
2
6
18
28
5
19
34
27
34
9
36
60
15
34
1
5
49
11
14
28
13
18
0
9
1
66
10
33
22
10
48
7
20
25
4
34
39
2
36
14
5
3
5
3
8
4
3
17
43
11
10
15
3
7
54
40
48
24
7
16
4
36
25
27
39
39
34
7
25
40
48
5
34
28
11
18
44
68
26
43
21
24
20
10
30
6
46
29
11
28
22
20
22
21
29
17
1
8
2
5
47
25
11
27
22
0
35
8
18
29
3
25
26
4
29
6
8
29
35
27
10
4
8
56
7
41
26
15
49
5
31
35
14
0
15
60
12
2
27
31
42
27
40
11
17
16
9
27
53
35
31
16
9
37
13
16
28
15
0
19
48
2
18
12
13
32
30
47
8
30
3
31
11
9
18
32
23
17
1
7
36
44
26
5
68
2
28
6
1
41
3
32
38
43
32
24
19
40
20
12
42
52
11
35
19
29
21
5
2
30
50
26
63
44
10
14
61
44
26
9
15
13
60
1
60
44
4
6
26
3
32
5
41
10
31
7
28
20
26
43
31
4
7
3
26
14
46
6
0
2
70
18
32
15
25
30
37
10
17
8
10
53
22
32
33
29
7
24
10
3
2
14
17
28
36
26
2
21
0
24
40
20
6
12
1
1
26
4
1
25
9
3
12
35
0
33
8
1
11
34
10
6
9
6
2
28
6
9
5
14
30
35
49
4
1
21
24
5
34
11
13
2
2
17
3
38
0
5
23
1
14
3
12
40
21
2
13
11
5
40
16
12
8
11
0
24
28
20
6
8
9
6
1
12
27
16
35
16
33
1
31
11
1
32
20
25
22
22
43
8
12
38
14
5
36
26
2
10
60
4
24
46
4
7
4
0
13
40
22
6
26
4
37
5
12
26
25
18
6
14
0
17
1
4
35
23
36
30
7
4
41
16
2
30
6
19
33
23
25
7
5
2
19
21
10
8
39
58
31
4
68
11
34
12
3
6
6
25
16
19
24
36
2
3
8
12
22
15
2
1
14
29
8
8
20
41
24
34
2
12
26
8
32
17
4
13
7
0
33
4
23
33
3
1
12
24
34
16
5
10
16
26
19
8
23
1
1
8
6
22
20
10
5
15
1
7
9
3
2
1
15
3
4
11
4
48
44
29
26
33
19
5
8
0
17
6
26
11
1
4
18
12
3
4
37
1
11
15
25
7
4
7
40
7
26
23
7
36
14
6
4
4
23
11
2
4
16
1
13
8
11
21
26
4
36
3
14
22
15
40
14
2
45
20
0
19
15
15
1
14
7
20
0
26
1
4
29
10
48
0
33
25
19
38
16
2
14
33
2
4
5
1
12
19
6
6
9
19
6
23
9
5
13
23
7
24
40
11
1
31
2
18
10
15
0
19
6
3
9
22
5
27
15
21
5
6
1
24
23
5
1
3
27
0
11
18
6
19
5
7
16
19
0
6
14
19
16
2
13
2
11
29
11
14
8
17
15
3
9
18
5
25
7
13
11
17
7
29
4
5
0
13
15
21
9
4
0
11
18
4
23
9
4
1
2
17
5
10
9
6
2
11
31
24
9
15
8
6
9
6
25
8
6
2
10
17
8
31
2
7
17
0
5
6
33
16
22
17
5
1
4
14
1
11
9
7
6
4
21
5
25
5
5
11
20
2
10
11
26
20
0
16
9
4
15
0
16
3
10
7
26
2
11
12
11
20
12
5
30
26
1
5
5
3
8
4
3
12
6
16
5
2
25
22
4
27
8
7
18
1
0
7
10
6
4
9
11
5
1
3
19
9
1
6
11
16
3
16
7
14
1
11
14
7
1
10
14
2
10
3
8
9
22
13
7
9
6
10
4
0
12
12
11
6
4
2
1
11
3
5
2
27
5
3
9
5
5
2
1
10
4
9
7
1
0
4
0
10
13
6
3
0
2
1
0
4
11
11
10
4
2
10
9
3
1
1
10
5
4
2
8
1
3
6
1
6
0
8
4
1
3
7
2
0
0
3
0
2
7
3
3
1
3
2
2
2
2
3
1
2
0
2
1
1
