7
14
10
17
38
86
6
1
5
8
11
32
6
17
54
71
24
7
19
55
16
12
20
30
13
3
18
27
51
64
54
14
125
13
24
3
31
14
54
31
13
34
10
2
41
20
10
3
39
35
37
11
18
111
34
28
10
18
32
30
13
29
3
28
69
58
30
6
49
38
100
11
67
3
9
3
91
25
62
10
1
36
47
39
39
56
68
16
21
40
59
25
41
71
11
43
44
33
21
14
35
46
1
90
6
82
16
44
51
79
46
8
49
13
45
4
14
59
11
9
24
63
14
76
21
13
8
19
25
18
3
5
48
81
41
71
12
6
72
91
2
17
28
4
64
46
42
51
29
17
25
48
58
20
69
7
35
7
47
44
41
13
21
29
82
10
68
16
71
13
7
93
65
13
37
50
56
82
50
7
108
15
105
9
13
36
35
56
81
45
105
6
24
37
73
35
27
45
13
14
7
22
17
6
23
10
20
1
102
18
14
19
23
34
63
37
8
5
16
35
26
75
19
33
41
4
42
23
23
11
13
19
6
35
5
61
71
30
22
90
34
18
39
15
40
0
24
68
29
4
6
36
39
46
21
89
54
11
56
7
57
29
49
12
1
17
54
36
18
34
27
5
0
25
32
33
21
26
27
59
67
65
11
42
19
64
15
69
70
47
90
69
66
47
2
59
42
30
28
47
80
70
70
15
58
27
24
11
16
47
10
2
25
42
19
66
27
36
24
3
1
14
26
46
0
14
75
84
16
68
86
74
47
19
51
6
32
20
29
60
18
9
48
11
71
85
30
44
27
47
46
6
72
59
7
1
46
64
35
33
24
33
2
30
28
72
31
54
51
29
35
37
60
7
0
32
43
36
33
30
23
42
26
42
21
29
96
59
16
1
55
52
15
12
45
10
20
37
28
19
14
70
37
28
27
53
36
17
41
13
55
38
30
20
17
5
37
22
67
16
61
39
5
5
17
4
82
21
45
40
37
31
34
4
35
4
21
77
0
33
68
100
11
23
13
15
31
50
24
62
14
97
76
7
25
59
75
11
80
19
162
51
19
62
25
15
14
9
40
81
1
9
2
17
80
49
17
15
61
39
14
34
32
4
14
21
31
43
23
7
49
97
37
7
111
40
48
43
29
144
39
52
4
1
22
21
72
12
57
10
47
12
40
20
16
24
9
7
11
95
61
12
20
35
13
40
8
24
50
73
13
60
11
78
18
15
76
9
39
1
27
55
67
45
81
34
54
80
47
77
18
116
5
94
3
25
34
18
45
63
18
23
12
80
28
5
24
74
13
32
23
18
27
19
55
26
15
31
40
23
3
10
4
108
23
48
139
23
42
17
14
53
13
55
80
33
40
10
15
30
53
23
28
56
51
14
10
27
14
33
60
51
57
95
4
52
19
0
46
39
54
24
15
64
21
13
52
8
11
56
84
37
52
51
6
37
69
24
38
35
9
99
123
14
10
32
36
50
63
24
30
0
38
148
47
87
25
41
54
33
8
66
24
48
0
17
22
0
103
4
112
17
72
140
75
16
5
65
62
47
8
15
36
20
28
45
53
27
13
48
45
26
33
31
71
39
13
10
62
83
34
22
34
9
41
12
19
54
9
66
25
1
10
73
93
83
66
50
30
4
118
48
27
1
15
9
47
38
48
29
19
35
13
30
18
21
3
15
0
7
43
61
43
58
31
5
28
34
2
44
38
43
46
25
50
23
83
66
38
78
19
50
35
14
55
4
7
4
4
16
23
46
51
30
12
21
45
22
32
50
9
43
17
71
30
62
39
13
30
47
90
8
64
13
83
2
13
10
27
48
20
30
10
24
31
48
1
33
10
59
40
40
82
28
30
1
50
25
19
15
26
8
19
48
14
55
2
61
24
75
35
52
10
26
25
58
69
47
77
31
25
5
18
52
24
33
16
32
16
1
52
30
3
22
1
51
11
31
38
8
84
58
18
28
24
43
118
2
20
31
68
28
58
105
102
46
13
73
34
45
33
100
20
52
26
6
23
28
55
10
8
16
28
30
13
10
22
5
20
5
30
18
29
7
47
15
20
23
47
14
24
46
63
21
8
79
26
37
46
3
6
26
79
6
37
5
25
69
17
24
53
15
7
3
37
47
34
68
31
23
3
32
44
35
6
14
33
80
3
36
10
32
2
27
13
6
10
32
20
32
1
5
10
46
37
0
45
19
31
44
15
10
44
2
12
24
28
10
33
103
22
78
9
26
29
72
26
13
27
8
38
29
15
41
23
52
26
65
3
8
87
5
24
73
2
39
6
17
45
36
19
8
34
3
7
15
2
15
13
43
45
21
114
19
56
92
27
39
23
34
77
29
8
36
22
8
72
50
45
32
42
67
32
24
15
4
29
11
16
10
1
50
38
4
78
31
19
53
23
94
27
21
16
61
82
15
75
31
18
20
78
3
16
23
98
47
41
53
2
42
57
13
10
75
46
53
32
14
33
37
6
23
25
10
17
54
2
72
42
23
4
25
54
25
14
3
29
28
22
34
38
5
19
41
48
57
58
0
1
66
8
8
37
10
9
34
19
65
31
13
21
70
75
13
47
25
1
2
31
3
50
41
47
89
33
46
29
18
62
33
45
11
65
83
45
52
6
6
23
2
63
25
15
32
20
38
47
24
12
27
5
1
12
21
15
27
51
6
34
79
57
26
16
12
41
20
7
21
27
6
32
15
28
59
46
16
62
12
36
31
61
28
12
52
17
1
77
40
11
37
21
63
53
13
15
25
33
39
14
45
59
20
33
29
3
46
10
9
19
8
8
61
36
29
43
2
40
49
58
24
37
1
12
8
61
8
3
21
65
10
1
3
49
12
12
31
28
0
45
18
52
41
53
47
5
42
47
5
43
83
25
50
26
51
30
21
33
8
33
29
92
7
30
5
28
33
13
2
15
5
30
63
21
40
4
7
16
37
45
24
21
34
33
1
10
35
16
41
15
3
1
36
25
63
25
63
13
36
12
50
29
73
16
107
27
8
44
15
16
39
25
5
96
14
16
21
23
20
38
36
38
1
21
3
77
19
9
22
28
4
23
2
28
44
37
23
7
10
43
63
19
18
43
47
6
25
37
39
54
3
29
24
57
1
28
17
15
46
5
15
25
4
84
83
31
13
1
26
56
7
27
30
12
12
15
38
79
10
67
6
18
13
37
52
38
17
49
33
12
8
36
51
44
48
4
21
2
46
50
60
10
3
15
25
10
18
34
41
44
22
24
23
32
53
15
4
22
12
3
18
10
66
69
27
55
22
7
85
7
38
31
45
12
28
36
40
20
45
80
28
9
1
40
31
40
15
29
4
3
15
44
18
94
63
4
7
29
20
51
5
25
18
10
38
22
15
16
55
69
91
5
30
54
7
25
46
23
25
41
10
18
42
15
66
14
9
23
30
46
38
19
8
19
48
35
63
15
9
1
7
8
1
34
12
22
37
1
22
37
22
29
11
5
17
28
31
4
11
42
16
44
14
81
14
3
47
16
34
10
4
16
18
35
30
11
23
46
17
34
9
52
34
29
62
68
71
33
7
37
32
55
4
28
21
8
41
18
0
15
17
8
18
20
1
20
15
21
2
14
4
28
18
14
35
59
56
8
22
51
20
40
0
26
0
6
10
47
4
11
12
1
21
14
60
24
47
23
25
36
11
49
20
47
46
62
52
13
6
53
44
30
2
15
9
14
8
79
56
38
51
54
37
2
22
3
29
10
11
54
14
5
6
6
0
52
36
42
15
54
49
25
2
32
41
16
69
29
40
33
7
36
19
4
10
43
10
64
50
22
19
5
22
15
4
34
58
2
79
29
5
47
21
41
22
72
29
32
44
19
0
43
15
22
42
34
18
11
24
19
12
5
8
4
45
26
20
44
25
14
6
31
10
36
43
2
24
33
9
32
8
48
17
12
41
24
9
9
19
39
34
12
41
13
9
2
32
18
28
36
8
38
42
26
31
15
25
6
27
7
12
18
7
20
5
36
18
0
6
20
25
55
17
20
23
24
11
33
21
23
12
10
22
3
47
16
16
33
24
34
29
49
8
11
10
39
8
12
9
22
12
23
13
12
6
12
5
1
22
1
23
14
18
8
17
42
25
4
47
1
28
1
25
25
21
22
8
24
84
19
34
3
56
17
46
22
27
5
40
49
3
22
4
8
5
13
7
33
6
58
37
21
21
9
23
21
4
37
3
5
32
15
8
11
3
10
16
1
8
40
40
10
45
23
38
16
62
28
17
43
22
10
29
68
47
48
1
21
1
4
4
49
34
24
44
33
17
26
40
7
44
9
18
27
14
43
31
35
13
10
1
5
44
83
6
32
2
24
12
27
21
6
14
19
1
20
7
31
19
8
23
1
28
6
5
32
1
12
38
46
27
43
41
46
8
17
26
16
10
25
6
18
9
22
39
19
26
37
31
31
2
27
19
10
21
26
4
12
0
2
53
26
18
14
60
51
20
0
19
13
17
37
68
20
5
28
8
28
26
3
6
3
16
13
29
36
1
4
49
35
17
6
40
36
4
55
30
5
11
7
11
37
34
10
15
11
7
51
66
19
0
8
24
43
33
28
14
10
38
4
20
7
39
23
51
7
25
10
31
57
0
8
20
16
6
40
16
30
1
6
21
16
5
34
18
24
7
16
0
2
8
31
40
27
11
14
14
22
5
8
0
27
40
13
23
23
23
38
2
14
27
7
17
23
22
33
4
32
23
25
10
3
7
55
5
0
5
6
14
31
17
23
15
36
28
3
16
7
8
19
9
30
8
59
3
13
6
14
40
10
22
6
34
3
1
14
32
14
2
17
25
4
21
9
31
10
2
27
5
1
31
27
10
10
8
18
16
26
11
14
44
11
31
3
42
20
7
6
13
5
16
20
5
7
46
5
3
2
9
3
3
20
25
15
26
14
6
13
2
24
41
12
7
5
5
2
0
10
19
8
11
46
21
1
35
15
12
18
11
4
18
17
17
14
2
39
12
24
9
35
13
8
8
15
10
11
4
15
12
19
22
23
12
30
24
9
9
19
2
18
7
27
20
28
23
10
39
28
9
3
19
14
9
6
1
9
27
6
43
19
10
29
2
14
14
28
5
43
14
22
26
6
15
12
1
13
40
11
3
13
3
8
17
3
28
8
46
22
10
6
15
17
20
14
41
29
42
7
18
24
21
36
8
27
0
14
15
15
16
8
3
1
4
11
11
9
11
12
3
1
15
37
25
3
10
14
13
2
28
10
21
7
10
11
9
4
39
12
5
11
20
11
11
15
24
22
2
13
3
18
38
11
3
4
5
19
2
5
2
18
9
20
24
5
1
22
5
20
22
11
6
8
19
0
12
8
1
11
1
11
8
4
18
11
2
10
12
21
18
5
4
8
6
22
14
2
8
3
25
21
8
1
7
8
7
7
3
23
10
1
21
10
10
12
9
2
20
8
11
13
0
15
12
9
4
1
3
11
11
14
8
12
15
10
8
5
30
10
7
6
9
6
0
9
2
4
16
10
22
10
4
2
8
7
1
7
11
0
21
9
4
6
4
0
5
1
10
6
17
1
1
21
3
0
2
3
11
5
6
1
3
7
14
6
9
14
4
6
18
6
4
17
7
7
3
29
11
10
3
9
3
4
10
5
11
12
4
15
5
2
6
16
15
6
4
1
16
15
9
19
6
14
2
10
1
10
3
1
4
5
1
11
7
12
8
2
17
8
8
2
5
21
1
2
0
13
10
2
8
9
0
14
0
1
6
4
1
10
13
12
6
4
16
1
3
2
8
10
5
9
2
12
11
4
4
7
2
1
4
9
0
6
1
1
5
0
3
3
1
3
2
3
2
2
1
2
1
1
2
1
1
