2
6
8
1
4
13
14
1
4
8
1
4
9
8
5
2
23
14
10
13
19
9
1
6
2
9
24
6
4
26
12
40
9
10
19
10
2
20
13
1
6
32
7
6
3
0
33
15
34
12
28
24
14
1
10
20
12
5
10
3
4
27
7
22
10
5
30
0
2
15
6
13
13
8
10
16
1
0
0
14
7
8
10
12
21
4
41
13
2
6
26
27
1
28
12
10
16
5
12
5
30
11
2
6
5
10
8
1
12
14
7
8
24
21
11
7
20
5
7
7
6
7
13
16
4
24
13
6
14
4
9
7
2
3
10
0
15
10
1
2
8
12
9
0
8
1
6
1
9
4
2
10
8
1
5
0
8
5
11
28
10
10
3
4
1
1
4
0
15
13
6
1
2
6
3
17
13
9
10
6
2
10
6
3
13
10
5
2
1
6
2
10
12
11
4
1
10
13
2
6
3
6
18
1
5
12
16
11
9
1
15
14
1
1
1
1
2
4
0
3
7
8
2
1
7
9
0
3
9
12
1
3
0
4
2
5
3
2
6
16
1
2
5
3
2
0
2
9
5
2
1
2
2
2
2
1
2
1
1
0
