11
2
46
18
39
4
33
40
2
32
8
84
15
0
11
5
58
2
35
12
8
61
10
1
16
24
30
9
24
17
16
19
32
21
10
15
3
22
137
13
20
37
18
1
34
27
97
2
11
42
7
20
36
19
25
42
39
122
20
35
13
40
1
8
69
41
82
139
63
41
1
50
56
37
68
49
13
34
22
14
12
81
30
9
3
29
72
64
39
65
29
25
7
10
15
88
93
28
14
16
23
36
72
66
42
2
3
5
8
19
87
53
61
43
37
80
62
52
60
2
34
72
3
15
49
5
43
19
64
44
32
51
45
20
129
73
8
33
44
43
53
35
16
7
72
46
82
21
54
8
12
69
5
24
7
50
40
81
9
52
64
46
13
10
97
57
7
78
2
34
79
19
60
33
47
2
46
14
6
34
80
9
30
5
34
20
24
68
6
57
23
30
82
41
76
14
1
59
64
85
29
14
60
98
20
25
67
42
52
43
25
89
52
12
16
22
14
127
20
42
50
58
182
46
20
10
55
27
90
21
64
96
11
78
28
4
17
20
97
8
14
26
13
16
70
12
45
44
72
77
15
39
63
42
89
9
5
11
13
7
42
15
24
51
14
57
80
0
15
62
2
48
55
21
11
33
53
29
10
49
29
67
83
27
70
44
7
14
61
13
69
11
7
11
4
18
17
57
7
30
86
72
20
64
68
1
31
63
99
112
41
8
58
3
24
41
59
66
21
11
14
2
70
86
8
68
49
69
11
23
67
34
33
37
56
80
90
13
67
5
7
21
21
51
35
27
76
10
13
60
106
45
76
41
9
24
56
13
17
51
63
6
75
56
9
13
28
48
73
20
16
25
9
8
16
15
55
94
65
48
33
81
16
72
52
15
36
0
19
48
21
6
75
102
76
27
49
21
58
4
1
37
20
21
2
17
17
103
50
25
85
20
32
76
5
23
35
75
78
55
62
36
86
31
82
161
43
12
29
46
26
57
33
8
2
28
39
66
52
11
24
64
68
30
2
15
34
13
45
8
36
53
99
6
51
2
56
10
41
10
16
50
1
37
30
30
58
34
54
25
58
19
96
10
68
27
55
57
33
37
22
48
16
5
8
21
42
6
45
23
48
51
37
4
88
14
24
33
10
78
21
3
34
38
6
20
20
23
99
29
23
53
41
7
66
4
0
86
42
3
16
56
31
113
31
48
21
24
15
30
90
38
98
52
19
55
20
86
3
7
25
112
33
38
8
71
36
15
23
2
11
7
34
32
36
51
71
31
5
13
140
16
8
31
20
73
49
3
54
19
57
1
82
1
3
46
3
37
112
16
61
6
96
84
64
19
9
80
43
77
18
8
69
11
11
4
40
52
41
12
51
25
75
35
3
26
69
46
12
69
25
122
40
46
38
0
72
12
55
93
23
9
18
16
1
38
93
54
19
27
39
72
84
20
51
2
14
37
17
35
21
7
24
82
11
52
57
45
2
10
30
127
74
29
11
23
53
25
66
24
62
16
80
16
37
48
1
12
16
7
44
43
16
13
23
34
6
49
14
58
93
10
47
23
23
9
14
81
9
45
64
4
19
5
84
19
28
9
4
42
13
9
60
10
15
60
10
7
27
3
49
84
3
75
45
8
66
8
56
85
40
98
94
16
45
17
74
66
18
87
59
13
70
30
37
3
57
62
23
6
19
15
25
16
53
28
148
25
90
45
20
38
20
22
49
4
99
1
30
89
24
18
32
15
20
41
61
18
5
6
17
12
19
26
29
52
21
78
26
39
33
63
100
26
37
19
66
0
8
71
95
19
52
24
32
13
58
59
34
30
1
28
13
4
6
4
1
26
51
60
5
17
62
25
22
81
1
25
41
34
30
48
126
45
44
30
62
4
22
79
7
8
67
57
16
32
14
38
2
19
26
30
22
27
20
59
31
12
11
84
21
28
67
63
2
76
51
102
24
25
32
16
112
2
39
7
3
37
34
20
17
30
64
7
7
89
27
6
24
1
23
41
35
56
51
27
54
69
20
58
20
58
113
0
33
27
71
27
80
69
32
58
62
40
17
93
20
38
15
63
3
6
51
62
16
52
49
82
40
13
28
4
50
22
10
5
25
51
28
63
6
13
56
5
61
3
3
96
41
11
13
79
51
17
45
12
4
1
58
48
35
2
39
12
14
24
4
5
50
84
43
51
3
15
11
38
12
34
24
3
75
16
2
44
8
1
26
40
7
25
69
42
27
32
10
5
33
39
4
17
34
23
43
3
54
65
36
125
59
103
31
14
41
23
2
12
5
98
57
25
45
28
26
9
22
56
39
41
21
24
61
59
37
71
61
2
19
50
74
56
16
69
15
4
73
4
25
49
6
1
32
89
29
15
81
4
1
43
29
2
30
53
42
72
38
36
18
4
33
125
13
6
25
63
31
11
70
50
11
51
6
4
16
68
27
35
46
85
37
34
26
8
30
62
22
52
19
41
4
52
22
28
4
34
9
53
36
92
12
47
4
17
30
46
7
3
48
38
99
12
48
41
60
58
4
9
2
18
16
44
70
45
3
14
9
34
29
4
30
32
5
83
59
7
11
65
73
19
60
56
7
25
33
0
62
1
22
35
2
11
29
15
26
49
19
25
29
42
13
9
59
13
3
97
44
3
12
12
15
43
32
15
20
22
41
82
8
38
3
22
18
46
18
41
3
10
1
39
22
73
33
24
18
8
25
12
1
17
2
3
17
8
12
74
10
51
40
19
53
4
31
12
13
43
1
26
25
15
41
12
1
69
4
12
41
9
44
7
52
38
62
35
40
43
11
13
79
17
1
19
2
9
10
66
7
16
34
23
43
53
6
46
12
34
25
13
4
28
15
61
11
14
68
60
11
9
3
37
64
37
42
17
27
18
34
59
37
6
20
58
21
38
7
55
48
16
30
20
80
8
8
35
24
35
8
11
19
7
92
30
16
6
54
32
47
17
60
60
15
10
0
76
19
1
19
21
27
21
81
86
7
6
10
12
6
17
1
74
24
29
15
22
30
12
60
3
58
55
11
38
40
3
1
8
22
58
41
7
1
17
11
58
4
15
53
52
6
26
54
17
6
37
40
9
60
6
17
10
10
6
53
25
26
20
1
6
6
18
19
28
35
67
3
6
24
57
18
5
27
9
45
37
21
6
62
2
29
8
49
24
52
28
9
67
16
31
51
42
8
27
31
21
2
7
82
35
8
53
40
13
20
37
36
6
6
54
12
8
47
14
88
8
20
21
9
42
84
2
21
10
0
65
8
2
1
41
6
37
58
6
38
14
61
23
23
29
7
82
3
8
47
39
6
20
30
4
43
54
40
42
49
64
26
6
12
31
50
3
47
46
14
33
35
22
19
7
7
2
35
4
0
31
78
6
3
24
21
16
26
42
24
9
2
28
9
4
26
79
5
21
38
11
38
43
23
33
22
25
37
21
26
2
11
31
13
19
24
11
42
97
26
58
34
27
11
12
36
16
27
27
5
23
55
46
8
50
44
12
33
25
29
10
18
4
2
40
15
24
94
41
33
18
42
15
1
12
50
24
1
3
31
41
28
9
10
44
7
48
5
5
29
1
21
10
16
6
28
23
31
13
17
6
36
41
0
39
6
30
36
36
59
22
7
71
39
28
3
8
72
21
23
18
13
26
18
87
18
0
13
28
66
28
47
7
11
17
12
7
8
8
37
42
0
18
7
37
44
17
14
13
34
3
24
12
23
47
23
10
50
4
8
29
7
10
6
9
0
20
33
2
24
17
44
52
14
3
43
2
27
27
7
7
30
42
77
37
25
30
3
3
13
39
42
1
16
16
41
0
16
27
0
13
45
12
32
21
35
37
1
20
34
16
21
32
32
0
15
11
35
79
4
28
4
47
3
30
16
29
15
25
5
2
9
24
0
36
11
41
19
4
33
28
18
23
64
3
40
24
3
15
11
24
46
4
29
1
2
4
18
26
4
26
12
2
9
34
7
29
30
33
33
39
33
10
22
16
3
26
6
9
6
5
15
6
8
40
20
25
55
11
60
23
1
25
29
13
21
30
22
15
12
23
29
3
26
24
2
48
18
0
27
61
3
44
47
37
11
49
29
31
49
16
20
16
17
6
0
13
18
13
2
3
52
13
33
13
30
5
11
26
18
4
38
1
10
24
16
34
53
16
17
57
21
32
10
1
14
43
29
15
27
53
11
43
1
13
66
8
32
16
35
23
4
18
15
2
65
39
42
3
8
21
7
42
32
14
39
15
5
8
6
17
13
2
11
24
46
10
10
27
7
9
19
19
6
29
12
6
22
25
22
23
22
10
10
15
13
20
5
0
11
11
8
6
28
13
1
6
12
14
13
7
3
28
2
12
8
12
11
14
30
0
20
3
23
34
19
19
6
8
13
20
37
5
23
5
61
4
2
19
26
13
17
9
57
10
27
8
18
61
6
28
4
12
5
16
15
23
60
11
16
21
16
62
39
9
15
36
20
51
7
2
3
23
11
22
4
17
4
45
42
36
16
25
16
18
4
16
5
25
16
44
3
61
43
33
5
47
11
14
15
18
14
25
10
44
2
4
21
18
18
12
27
8
23
20
2
14
34
51
6
35
50
19
10
32
51
2
28
9
23
3
32
27
43
5
34
5
2
1
6
10
22
0
14
33
1
6
60
16
37
46
7
8
4
33
4
28
35
0
3
27
5
8
36
32
18
4
50
14
3
2
36
7
8
7
23
7
19
7
69
19
33
20
39
4
36
5
25
5
12
25
18
17
32
0
22
26
5
9
9
3
6
14
13
18
15
5
12
26
31
12
1
7
28
23
7
17
14
44
11
6
21
4
6
8
2
19
1
1
2
56
12
11
32
28
7
32
10
2
3
10
17
7
5
5
2
11
1
8
11
37
7
29
1
21
27
19
6
5
4
12
6
11
3
6
5
17
24
1
10
14
0
41
5
15
14
36
33
23
1
25
6
6
13
28
7
7
23
11
17
36
3
8
25
32
30
3
23
23
60
5
31
24
38
14
14
26
1
4
22
3
26
29
24
19
6
28
6
29
17
46
25
0
12
20
30
11
2
11
31
6
7
35
10
15
2
2
21
40
2
30
0
28
13
17
5
16
14
14
2
2
48
13
13
1
12
17
15
9
5
35
5
23
35
20
8
3
4
11
32
22
23
2
25
17
17
1
1
16
34
6
26
32
6
9
3
24
6
22
1
14
14
5
10
26
23
4
0
14
6
4
47
12
4
1
1
9
2
29
29
8
0
41
26
2
40
3
21
40
2
15
42
2
0
1
23
1
5
20
16
1
11
1
18
17
9
7
5
16
3
25
16
2
20
1
17
16
6
14
31
3
11
7
14
22
15
3
14
0
3
10
12
7
11
21
4
9
6
18
21
4
8
20
27
14
7
6
13
7
15
20
9
12
6
2
14
8
2
12
6
14
3
26
3
1
28
9
14
17
2
1
9
9
29
13
2
2
16
14
25
15
20
1
15
15
12
3
36
9
9
14
7
20
11
14
5
21
7
2
7
16
7
16
11
0
14
4
2
4
10
1
23
18
16
9
10
8
10
15
1
3
3
4
10
3
10
3
15
3
3
8
9
5
12
15
1
21
4
1
6
4
11
25
8
26
7
18
1
5
18
4
4
9
13
3
10
16
1
2
1
13
1
1
1
16
10
3
16
0
6
5
18
2
1
15
21
26
0
2
0
2
26
5
2
0
3
6
16
7
7
10
3
3
0
11
9
5
7
6
2
8
8
4
1
0
14
8
4
11
2
7
5
0
14
8
0
4
7
1
6
4
5
3
2
1
3
8
6
8
3
1
11
2
4
7
6
2
5
6
8
5
2
12
4
4
3
1
7
1
6
4
8
0
0
3
5
0
0
0
