16
18
19
6
4
17
35
49
55
6
52
14
34
20
4
92
38
12
42
8
48
22
19
1
27
10
61
20
16
11
17
63
70
22
14
7
34
56
29
0
2
77
2
53
12
44
45
11
13
40
30
104
5
72
66
30
97
7
76
17
30
47
14
57
16
17
29
41
55
24
61
27
7
73
63
61
5
2
49
48
25
77
45
10
89
31
69
79
29
18
23
21
43
76
28
44
34
14
75
52
14
4
58
30
46
28
18
80
94
12
30
19
59
16
42
29
8
33
39
67
42
52
115
14
65
25
11
1
13
69
20
30
15
94
31
36
29
51
33
61
37
82
14
20
66
71
31
43
5
15
11
2
41
7
0
27
88
19
20
82
19
112
98
57
28
17
54
7
134
13
42
32
66
49
11
43
86
18
21
41
27
18
1
41
52
18
41
2
13
58
68
7
4
107
11
131
46
11
11
30
15
26
75
50
30
57
2
49
15
125
58
14
21
115
42
21
16
44
6
41
129
30
86
9
34
19
14
23
38
70
72
12
64
42
8
28
38
118
21
50
94
11
50
14
26
29
74
36
35
45
22
45
85
32
1
30
86
12
74
40
11
81
4
49
33
20
17
19
50
23
89
8
110
10
87
92
28
25
0
3
10
66
65
32
52
10
32
44
24
57
44
13
19
49
17
23
57
17
14
64
33
4
9
40
53
67
21
26
20
41
20
51
28
10
21
130
18
45
73
2
78
27
7
8
110
51
8
24
10
63
71
27
21
31
21
46
84
15
39
32
31
40
37
33
0
20
32
44
61
17
24
5
17
32
49
8
11
28
58
68
21
109
34
50
27
77
72
26
46
45
17
1
34
0
34
91
8
101
1
67
115
105
34
69
26
82
11
1
36
82
36
30
31
10
5
12
42
8
8
2
81
1
45
27
53
35
13
101
25
29
17
20
25
59
18
31
51
89
102
7
75
55
41
63
19
24
63
28
24
49
22
36
38
4
10
8
17
9
18
34
18
91
27
6
67
112
78
42
51
32
16
27
60
51
21
14
15
18
40
14
72
2
53
88
13
68
44
19
0
52
16
14
22
79
114
24
6
20
67
26
10
61
8
1
11
49
2
6
27
64
78
0
6
30
78
12
21
17
38
64
4
39
15
24
1
32
29
57
43
30
9
29
13
104
3
23
2
45
23
55
107
13
22
44
4
30
0
35
32
47
14
11
26
3
22
4
55
33
39
32
27
72
21
21
4
61
24
37
55
55
19
2
43
4
4
60
11
24
3
28
60
18
33
40
30
3
52
65
25
22
84
0
10
41
18
9
30
57
30
130
9
85
46
49
1
20
63
21
6
54
32
16
35
92
19
11
66
64
20
21
20
9
36
44
17
6
58
34
30
11
26
32
7
44
18
6
51
7
16
21
25
10
95
23
10
35
22
15
45
40
23
46
58
62
37
49
6
14
11
13
25
45
11
8
49
29
44
46
11
25
49
26
1
36
44
14
40
10
2
30
5
19
60
19
15
19
22
23
2
52
44
1
118
29
75
10
26
14
18
1
61
45
55
80
15
13
27
3
12
27
65
32
70
17
11
12
92
37
6
5
18
46
69
3
77
63
2
45
40
18
39
13
34
42
55
72
42
14
47
24
62
87
25
54
10
58
5
59
57
10
1
1
28
19
6
45
34
50
28
15
59
5
67
11
23
77
107
6
37
115
77
25
60
36
4
20
14
19
13
50
48
17
34
30
7
6
18
60
67
14
35
90
69
53
20
84
40
36
5
12
8
68
67
38
10
52
65
2
63
27
24
27
58
4
4
3
35
19
40
20
6
62
34
111
30
36
23
52
36
25
10
58
30
46
52
15
15
16
22
16
15
59
1
19
73
55
70
10
23
30
19
39
7
38
20
10
1
18
18
62
13
37
33
19
16
95
50
4
20
40
40
20
4
20
11
30
49
93
14
17
28
38
4
62
60
50
40
59
20
18
9
49
70
8
17
8
52
22
15
25
45
89
36
2
8
19
8
5
21
12
56
0
29
7
19
21
12
5
33
47
29
2
9
13
69
17
46
37
11
12
38
39
16
46
19
30
1
10
32
72
26
28
24
6
16
61
8
18
7
3
59
53
58
36
85
52
24
30
20
33
81
11
32
25
68
33
5
28
6
4
17
39
62
39
48
33
32
86
46
20
16
23
8
6
36
7
61
65
48
1
22
28
56
37
31
36
30
36
1
44
47
26
16
85
69
29
64
7
36
6
45
47
30
56
31
14
73
46
69
78
7
7
5
22
21
14
52
22
9
30
111
26
60
32
73
43
68
45
12
23
34
27
86
8
4
2
21
17
64
82
6
32
29
68
5
53
35
39
4
15
9
58
8
26
47
33
5
27
3
78
68
77
91
23
14
58
38
57
36
37
43
50
8
53
48
39
23
28
36
59
26
71
8
81
35
2
28
12
1
6
19
20
8
15
19
1
27
36
39
50
3
19
13
60
39
21
19
28
15
42
20
56
17
4
22
49
16
25
43
53
8
59
44
4
29
40
10
18
23
32
10
110
25
42
58
28
2
26
9
69
20
34
82
11
24
15
53
3
1
39
31
4
17
7
51
99
34
37
34
6
29
2
4
22
32
50
38
11
6
68
9
32
30
37
56
73
28
32
23
17
99
1
45
73
42
40
43
2
15
82
8
5
22
22
68
0
46
0
53
48
17
18
24
5
11
24
30
55
23
25
3
28
24
37
62
8
25
15
20
14
1
10
23
88
10
24
9
15
28
49
43
11
43
37
57
5
52
34
29
32
12
32
20
97
14
45
30
43
42
55
32
14
10
4
56
69
30
23
27
0
16
23
30
43
86
7
34
70
16
8
9
8
29
7
19
34
12
3
34
14
16
45
69
14
19
41
4
30
34
5
24
12
56
10
7
40
42
10
30
0
25
55
7
12
44
10
56
59
73
4
22
58
85
32
41
15
26
10
63
56
16
32
69
3
27
56
29
6
37
10
32
25
48
17
26
8
28
24
38
32
21
55
1
20
26
39
18
42
20
28
6
12
33
24
13
1
10
16
36
34
14
4
81
16
75
5
14
65
2
24
14
32
84
19
40
47
45
27
13
15
56
22
33
15
36
15
21
40
1
28
8
44
15
12
55
1
18
5
3
8
27
59
25
15
51
6
52
2
13
32
64
22
0
75
42
15
8
23
2
13
23
15
32
16
38
4
21
32
6
71
37
14
22
44
16
27
28
65
17
33
17
11
28
24
18
20
66
64
35
7
4
48
62
47
4
15
28
71
10
10
38
16
5
17
20
11
53
52
5
7
13
10
34
39
37
38
10
18
74
1
19
15
37
12
53
26
61
76
17
0
5
43
12
3
42
30
2
10
45
3
49
15
6
28
50
40
24
19
43
28
47
27
30
28
23
12
47
33
39
13
23
11
18
31
18
16
2
15
12
6
23
8
39
55
33
18
14
12
31
10
32
24
46
20
47
10
38
13
15
22
30
15
8
10
19
24
41
7
34
14
4
3
28
32
6
43
23
38
10
48
10
53
47
37
13
39
9
4
4
27
3
10
20
2
48
3
0
7
14
41
14
11
15
36
27
31
28
30
25
34
7
14
38
6
17
4
5
9
4
3
32
20
36
37
26
1
14
4
15
2
29
17
4
16
23
26
26
12
82
28
32
6
23
13
22
37
35
78
25
19
75
23
9
46
69
8
50
44
37
15
7
3
11
84
25
31
61
22
34
2
16
16
4
23
12
3
10
56
14
32
24
36
8
51
42
39
20
18
6
19
20
20
17
0
26
19
4
20
54
1
8
4
41
10
11
2
38
5
29
71
8
19
23
18
22
6
35
32
38
15
4
37
13
6
26
47
38
3
41
26
19
9
0
6
57
58
8
14
36
12
21
0
37
14
27
9
23
1
13
31
10
7
14
32
12
20
49
50
40
76
17
70
25
17
3
0
7
56
15
24
9
45
6
15
50
7
3
21
5
22
5
31
32
23
4
8
24
11
6
10
5
28
14
29
24
25
17
5
39
16
63
23
43
14
20
47
42
4
18
22
17
1
8
13
40
31
19
10
24
34
18
18
22
58
13
17
21
4
3
20
10
14
3
8
33
55
28
18
46
11
20
9
28
9
23
40
20
61
3
16
26
13
37
57
21
3
52
85
4
18
30
30
26
17
64
46
37
86
20
33
14
27
13
24
4
46
30
17
9
36
25
20
61
22
24
3
1
19
38
46
16
9
9
55
10
24
3
56
6
6
22
22
45
27
15
9
27
21
27
23
19
7
47
40
19
14
21
8
15
47
18
10
12
42
33
13
23
24
10
32
9
16
19
3
4
21
19
59
14
13
30
40
17
2
0
18
12
92
16
16
16
35
0
36
14
7
33
17
20
34
2
11
41
4
5
1
46
25
61
23
25
27
14
14
11
4
15
23
22
5
0
5
11
39
22
13
9
1
11
54
5
3
8
39
3
28
13
5
28
11
40
14
6
30
15
15
13
32
24
18
28
38
17
3
31
11
2
23
26
8
30
14
15
18
14
19
19
16
27
54
2
24
25
30
17
35
11
7
25
15
19
1
8
31
39
3
34
2
2
39
1
20
2
33
15
8
34
39
42
6
31
3
0
30
28
15
21
8
8
4
12
6
20
11
18
14
1
39
2
11
14
3
15
12
10
30
33
16
9
23
14
19
37
8
15
10
3
1
24
14
10
5
19
15
3
3
22
28
25
20
2
26
30
17
3
18
24
36
7
18
41
15
19
28
5
22
35
12
7
2
10
14
2
24
6
12
12
14
20
17
23
12
1
21
8
32
8
2
2
5
18
25
16
57
27
4
1
31
16
6
28
19
24
17
12
0
12
53
7
3
21
13
12
10
32
34
14
29
15
9
13
16
48
17
20
16
32
14
24
6
10
22
61
14
9
17
19
15
6
12
13
30
19
13
13
11
1
15
12
10
8
14
20
15
18
4
10
16
6
11
1
32
18
29
17
22
12
4
6
11
3
4
41
5
5
14
29
20
32
33
11
28
24
0
13
15
1
2
32
12
26
5
14
16
4
4
9
9
16
18
19
19
40
16
20
7
3
31
13
10
13
13
1
9
7
21
21
21
6
26
6
10
12
3
32
11
14
12
20
11
1
15
48
31
7
4
36
4
20
17
38
0
42
18
16
13
25
6
18
8
10
0
17
13
16
7
12
2
4
10
5
2
7
20
27
2
10
3
33
24
25
6
5
12
4
23
27
9
31
0
7
27
11
0
2
0
4
37
14
18
15
1
4
23
6
33
22
16
11
22
7
9
4
8
5
18
7
18
14
19
2
19
15
13
14
0
27
20
10
13
3
26
11
4
10
4
41
14
12
6
25
1
5
15
19
10
26
5
3
5
6
19
38
12
0
3
6
23
10
0
11
31
9
6
15
29
21
26
22
13
2
10
1
5
10
8
10
3
18
6
30
1
11
22
14
27
21
11
1
14
2
24
5
3
1
9
6
21
7
3
16
26
1
11
10
12
1
4
7
10
7
10
17
7
7
3
8
5
19
20
5
13
13
10
6
15
21
9
0
29
14
0
3
27
8
9
32
11
5
2
1
25
10
20
7
22
8
3
3
15
12
2
0
13
2
6
1
3
0
6
3
18
16
4
4
11
13
6
18
1
7
3
17
4
10
0
1
4
7
9
16
3
13
18
4
9
14
4
10
7
16
6
1
6
1
4
9
7
6
22
13
1
12
0
7
7
8
0
9
8
6
9
2
11
2
9
8
8
4
1
3
2
4
12
9
6
1
3
5
5
1
4
11
1
7
7
9
7
6
3
3
2
3
5
4
5
10
4
5
0
2
4
6
6
2
5
3
5
1
1
3
1
3
5
3
11
2
3
1
2
1
1
6
1
1
2
0
2
1
1
