17
1
29
12
3
83
42
12
32
84
3
8
38
57
0
10
13
45
25
59
16
36
13
18
1
7
24
19
70
25
25
99
14
16
5
5
24
116
68
33
74
11
50
30
14
67
24
20
15
38
52
39
10
11
20
20
57
37
70
25
96
51
46
37
37
36
15
43
1
13
42
6
34
69
16
50
3
30
2
44
27
40
33
37
73
24
13
49
2
22
45
51
27
12
58
23
45
38
3
19
58
33
15
80
64
42
2
72
26
28
14
39
20
50
19
6
66
47
33
27
99
17
37
7
98
20
89
50
23
64
33
4
52
32
113
13
10
3
9
34
37
97
63
4
20
9
2
81
13
41
56
52
27
82
12
23
50
32
12
77
0
78
55
17
75
48
23
17
48
19
41
21
45
27
7
60
18
40
34
12
106
19
25
92
53
10
73
58
15
7
7
19
37
43
84
2
21
32
12
20
97
12
3
40
30
15
38
57
40
18
23
108
12
47
7
91
24
51
9
33
49
30
53
15
37
38
77
19
47
25
60
20
56
3
43
19
18
29
44
66
39
28
46
2
13
8
21
56
10
10
17
61
2
40
28
43
83
42
49
75
52
4
28
2
2
79
52
32
11
3
44
27
93
0
51
40
11
36
0
32
40
23
51
8
99
38
88
5
8
5
74
38
16
7
27
37
13
55
43
4
2
31
9
14
10
76
6
36
106
24
34
37
50
97
92
73
22
41
21
32
8
32
94
3
6
54
1
13
19
27
50
103
16
24
78
40
9
27
16
74
57
28
61
42
74
18
10
39
116
38
2
102
34
80
68
19
32
34
21
30
25
7
45
8
29
17
35
6
2
10
8
132
43
42
24
15
27
20
72
6
53
29
5
23
47
7
65
20
16
38
175
15
60
7
34
41
30
26
57
38
47
6
79
13
40
20
55
71
16
2
46
15
32
9
21
69
47
23
13
17
36
8
49
65
77
28
12
19
11
12
11
8
33
55
14
93
33
38
6
4
28
50
40
24
88
4
19
60
50
1
49
60
24
58
30
5
29
45
32
41
29
82
6
8
18
59
20
28
10
45
10
6
89
33
29
37
2
62
11
15
26
50
31
53
22
66
77
30
45
6
59
49
0
89
22
35
44
15
92
78
32
44
7
95
8
34
80
43
62
29
11
48
41
40
8
27
50
75
5
54
16
36
71
33
38
23
56
40
119
19
34
3
23
1
37
42
63
31
3
67
81
6
47
6
35
40
61
32
50
20
8
69
44
1
35
40
87
0
79
63
12
6
74
4
26
29
36
17
110
42
31
7
37
53
1
57
29
33
53
10
63
21
3
33
21
33
42
0
17
22
40
26
40
84
66
12
8
7
37
26
12
47
76
6
22
76
40
16
7
10
55
41
51
17
127
3
97
81
32
5
43
59
42
4
30
43
13
3
82
16
8
12
72
33
60
26
30
61
18
58
11
64
36
1
23
9
6
19
17
3
82
32
47
41
63
71
34
19
44
56
52
30
21
90
10
1
41
114
9
2
47
35
17
20
24
11
52
20
33
8
10
39
48
14
9
17
47
36
5
22
5
14
34
14
6
60
13
40
2
41
51
15
47
41
4
66
3
11
11
58
60
82
105
67
4
33
8
16
67
25
2
52
35
4
9
91
4
42
91
30
75
76
10
8
42
62
2
25
1
5
20
56
22
11
12
61
14
1
50
18
69
24
119
23
3
16
81
14
7
21
36
51
42
26
2
44
2
11
11
17
98
61
3
12
53
30
60
6
10
36
12
67
5
11
24
44
37
16
49
49
54
62
3
26
91
42
32
85
37
44
46
12
11
53
92
9
32
21
53
25
63
7
66
1
37
16
53
6
18
50
61
47
19
7
98
46
54
31
17
5
60
3
18
23
99
13
35
55
80
40
43
42
8
38
44
36
20
7
76
43
43
74
13
47
26
9
39
24
42
20
60
0
5
43
5
22
43
7
17
20
45
27
45
1
47
53
19
24
76
3
6
37
40
27
94
47
25
17
26
47
65
41
4
64
19
74
9
20
0
3
37
49
45
4
42
12
43
81
5
18
55
3
9
9
67
41
38
13
69
69
32
78
11
22
42
42
42
43
1
22
20
77
39
2
3
21
13
25
28
22
51
40
3
49
14
7
5
19
36
6
42
31
40
75
24
58
37
8
10
17
19
45
2
99
49
92
41
78
41
17
5
65
32
63
48
15
42
7
17
40
23
12
26
47
4
41
49
12
35
8
14
98
23
19
71
22
23
6
72
70
17
7
17
56
32
42
17
2
2
9
34
5
20
67
14
46
39
39
37
7
35
21
43
10
9
13
62
45
19
28
34
72
38
40
41
32
7
37
32
43
0
69
64
18
73
35
57
21
39
35
29
60
95
16
65
4
45
23
34
32
10
15
8
32
31
63
19
62
19
57
29
32
12
9
35
77
25
25
30
11
14
10
1
4
41
27
15
10
68
29
4
7
17
49
18
46
84
18
8
1
7
43
6
39
1
39
103
42
50
4
3
70
59
56
25
13
14
75
17
62
43
17
31
42
39
4
59
37
40
73
3
39
38
9
14
12
74
1
22
54
6
53
9
24
29
31
44
49
23
17
18
1
56
59
16
24
20
54
38
1
31
27
22
15
24
13
26
34
46
83
92
19
31
110
29
10
33
20
9
23
3
22
29
58
36
1
31
6
6
6
37
60
46
10
0
9
60
25
35
52
22
55
46
5
15
53
8
56
13
80
24
11
4
22
57
0
18
43
56
14
22
2
4
69
4
20
27
53
53
0
5
7
19
38
42
98
1
17
21
13
17
23
41
26
23
23
6
73
9
26
23
19
91
2
48
13
6
50
17
35
37
35
10
27
63
19
65
24
40
22
47
22
41
9
0
11
7
47
22
30
104
29
20
30
7
60
56
10
22
28
43
15
26
61
20
10
8
37
20
34
8
64
41
59
14
8
57
26
38
10
5
16
36
9
12
0
13
1
34
21
3
5
38
16
26
18
39
22
16
34
46
27
57
9
1
21
30
1
37
15
59
16
5
3
27
46
17
36
48
10
63
15
73
32
13
30
61
10
24
2
57
55
2
29
13
69
17
5
23
1
2
46
15
45
5
2
39
18
23
52
19
31
10
3
52
30
61
18
21
46
2
6
2
13
126
34
29
109
5
55
7
27
12
22
17
59
37
30
45
33
91
79
59
26
26
44
32
6
15
21
40
13
52
21
47
19
96
13
12
51
60
31
10
22
87
16
58
27
20
5
22
15
1
25
69
18
25
43
33
22
5
3
60
96
26
3
11
8
39
27
55
25
7
17
22
31
43
32
13
39
50
31
38
12
8
76
15
44
1
3
31
6
30
11
28
47
36
40
4
6
12
12
8
4
70
31
11
22
16
20
3
16
13
15
12
1
36
6
51
11
45
22
45
40
9
9
9
9
40
33
6
26
29
16
12
9
2
5
15
68
26
9
18
77
18
6
47
7
51
9
20
21
56
59
13
22
38
48
23
55
27
19
9
18
9
10
31
4
26
58
23
38
3
55
5
10
28
1
0
2
34
17
54
10
16
33
4
29
42
1
56
30
10
8
15
37
13
30
57
42
8
10
20
30
14
16
0
11
24
6
36
72
56
33
4
46
36
68
2
24
35
35
45
22
14
4
42
23
34
2
27
33
37
36
38
1
3
11
2
22
33
23
32
20
34
31
19
56
32
8
14
20
28
27
6
22
42
2
8
34
31
29
15
19
51
30
29
58
27
9
23
4
14
29
31
33
7
22
24
15
27
62
11
33
17
6
12
13
39
31
34
6
58
51
10
2
22
35
17
8
30
38
0
80
9
1
17
11
3
39
16
60
22
2
5
2
46
13
15
40
63
3
33
29
5
11
18
11
5
11
38
17
20
4
22
39
27
67
16
4
44
6
54
35
15
37
25
1
7
62
3
37
18
4
29
12
40
75
34
10
40
11
26
53
39
7
45
13
40
16
6
51
41
31
47
42
8
55
16
22
5
46
21
17
7
25
33
69
37
0
6
26
16
9
11
13
59
18
8
1
14
48
23
16
50
23
13
6
1
7
4
38
27
1
69
4
49
5
26
34
25
9
47
6
17
34
4
50
13
5
7
30
1
36
13
36
10
15
3
2
18
5
11
33
63
24
35
17
6
11
33
8
16
36
13
28
35
76
23
9
37
18
22
21
10
25
12
16
18
4
52
51
3
32
14
18
26
5
36
16
30
42
24
13
16
23
20
7
38
10
20
1
7
10
49
47
20
52
1
28
20
67
4
12
8
17
19
12
37
33
8
20
29
0
32
41
15
8
22
26
1
17
14
37
53
55
25
16
0
68
20
22
74
10
15
11
50
51
2
25
33
22
30
31
10
16
27
15
0
18
9
11
15
31
34
21
54
22
20
25
16
3
23
34
11
12
36
34
51
1
5
26
17
9
20
35
2
30
32
37
19
24
46
35
1
17
20
0
3
18
10
10
9
41
1
5
13
37
26
52
1
3
21
1
49
18
25
10
16
7
41
8
4
59
5
3
11
4
2
4
6
32
20
35
28
0
47
15
5
36
8
13
3
2
37
13
15
20
11
6
26
9
6
7
30
34
7
15
18
2
20
5
24
2
5
8
6
17
19
14
23
11
5
12
4
23
23
12
21
15
8
3
33
17
9
6
11
7
35
1
2
25
30
17
1
0
0
46
15
3
7
11
11
32
30
9
6
1
7
40
24
27
18
5
4
35
11
25
2
8
9
27
17
1
9
34
13
18
0
25
39
10
11
12
35
4
4
2
8
22
18
6
34
44
19
6
9
25
1
11
0
25
49
13
37
18
31
5
4
27
41
17
6
55
21
10
13
41
20
10
34
0
34
32
20
1
38
12
6
1
3
8
13
13
23
18
16
7
4
0
3
8
10
28
30
15
5
26
3
36
2
44
8
46
36
15
23
21
5
25
15
35
1
7
2
29
35
7
3
7
3
35
11
42
13
20
35
11
31
0
7
9
5
14
2
35
6
6
20
8
16
7
38
41
59
12
42
38
7
4
0
50
10
14
14
12
3
5
14
23
6
1
24
19
9
8
1
7
0
9
13
17
7
22
5
21
9
10
30
15
4
0
23
8
10
22
4
3
11
8
19
12
8
23
23
3
2
20
5
12
7
5
10
13
18
24
15
9
29
3
24
10
8
37
6
4
3
15
34
11
23
56
33
2
1
17
12
0
5
5
16
9
26
7
2
18
1
19
6
8
1
26
14
33
20
11
5
1
25
26
12
13
13
8
0
5
9
4
21
0
24
10
13
1
4
13
24
1
19
6
0
0
16
8
19
31
17
8
26
30
6
5
4
22
6
0
7
9
16
14
10
29
1
26
4
6
23
11
3
22
43
4
15
19
26
22
6
7
6
8
28
19
5
19
3
2
16
12
6
3
10
17
3
11
3
2
17
12
29
7
4
30
14
2
18
17
5
16
7
4
18
7
7
7
11
16
18
8
8
10
14
0
5
9
8
15
8
10
8
9
18
35
10
26
13
8
11
27
10
2
36
17
13
5
5
10
7
14
1
3
5
11
9
1
3
11
6
27
2
1
1
7
4
8
4
4
5
15
21
1
8
3
16
11
5
18
1
12
6
12
18
4
8
20
1
7
8
14
2
7
9
2
12
2
7
10
4
18
5
2
15
23
7
16
4
3
3
13
0
3
11
3
5
9
8
1
5
4
8
0
2
4
3
8
1
5
15
1
1
4
4
4
2
21
2
4
6
1
1
4
1
21
2
4
5
5
0
11
3
8
4
8
1
11
4
10
10
1
6
6
12
3
7
2
3
5
2
7
9
4
5
8
6
4
8
4
4
1
1
5
3
7
1
11
3
8
5
2
4
0
2
1
2
2
8
3
6
1
1
0
1
4
7
0
4
1
1
1
1
1
