62
74
63
34
41
50
37
10
1
26
34
61
16
2
25
52
111
72
9
1
16
5
17
19
9
17
3
9
16
29
43
7
34
7
24
33
15
100
35
46
51
75
11
37
44
23
64
13
47
24
78
12
12
11
8
6
30
44
44
48
64
119
81
47
40
12
32
9
62
17
19
10
86
31
55
7
0
6
42
24
41
12
34
51
51
28
17
18
87
59
74
76
51
19
12
0
49
83
11
86
73
75
32
49
5
46
0
9
11
5
13
21
1
22
22
36
18
12
47
19
13
15
61
66
75
7
21
98
24
51
20
23
199
39
20
30
48
25
16
28
61
91
11
118
7
14
100
14
33
7
32
44
58
100
16
8
44
5
107
53
30
1
7
37
108
8
96
50
25
22
27
39
76
15
49
54
10
8
105
53
3
10
87
99
40
88
55
52
98
49
17
92
26
9
79
82
52
18
15
5
44
22
7
7
30
12
60
59
59
7
106
46
22
67
9
29
10
4
24
102
30
1
77
62
83
22
87
36
41
29
23
3
3
60
83
57
77
3
17
3
65
55
74
12
15
19
23
28
104
7
39
36
117
20
35
10
72
87
28
45
33
63
37
3
17
57
13
82
31
26
19
32
47
19
10
25
2
1
73
36
11
71
6
3
39
82
77
61
8
44
10
21
16
80
1
78
25
7
60
32
30
35
9
83
28
41
38
41
116
20
91
56
39
64
31
33
2
33
46
15
18
84
50
29
35
37
67
85
14
37
117
20
66
11
28
78
19
2
31
44
14
0
99
96
24
48
50
41
34
38
10
70
32
36
4
64
70
21
31
68
25
4
2
111
66
41
18
30
36
26
69
61
59
81
12
22
22
25
22
31
48
71
2
49
35
14
4
21
86
13
4
47
50
10
22
30
17
88
111
54
42
24
15
13
13
15
77
30
96
26
57
30
51
41
4
45
16
62
80
36
49
31
27
76
22
51
80
102
22
24
1
46
16
38
58
5
7
31
1
8
27
16
54
10
32
77
24
24
12
55
49
36
14
23
41
64
47
82
2
19
6
10
38
2
9
52
1
16
48
54
78
47
14
66
38
41
70
24
16
2
1
9
46
40
89
10
27
2
64
37
78
33
10
132
85
6
85
33
7
12
56
32
31
31
34
11
10
29
18
70
51
7
25
20
40
17
102
61
52
35
29
9
34
77
3
21
13
0
58
100
42
7
50
8
20
136
5
17
37
25
35
14
45
31
1
95
62
3
3
124
36
4
28
54
109
11
15
49
36
44
78
24
35
14
80
66
37
1
9
30
26
91
11
16
34
31
96
6
49
8
73
21
29
40
49
32
38
25
13
44
107
28
0
12
128
53
15
17
63
5
90
21
0
34
6
3
13
11
17
42
3
29
71
1
56
4
26
35
23
16
10
31
15
68
56
3
42
50
40
24
41
55
12
76
17
19
71
29
66
13
5
7
9
67
39
14
51
47
50
44
82
18
26
3
76
23
76
48
15
12
64
20
45
75
79
16
5
3
5
35
0
6
55
35
49
18
42
31
70
49
56
13
14
67
28
17
14
29
13
16
5
22
71
48
37
70
10
19
51
72
29
62
123
56
48
5
46
52
6
8
7
75
23
31
46
20
17
54
31
20
6
5
30
24
57
41
6
3
5
11
11
43
21
43
30
10
6
40
21
124
6
45
9
28
9
16
51
68
34
21
13
93
2
47
15
19
35
81
5
36
25
6
36
5
20
47
92
66
61
58
14
21
2
6
71
55
16
2
28
10
7
51
20
39
8
6
32
9
97
19
2
35
47
21
22
24
46
59
90
33
66
8
34
51
11
2
10
50
53
42
3
30
19
45
10
46
19
72
33
74
26
38
23
15
74
90
31
35
8
47
9
27
28
4
21
62
9
36
3
11
26
64
58
10
19
40
24
30
78
10
37
28
50
42
10
45
44
67
48
40
12
15
82
47
30
11
19
12
53
29
66
23
72
34
54
60
38
47
38
2
32
19
74
74
24
7
19
34
23
22
17
51
28
18
47
24
74
26
7
46
57
19
20
14
34
73
28
45
31
20
44
38
1
27
4
32
38
36
22
70
18
71
21
51
19
41
31
46
104
49
39
62
15
35
24
38
36
29
59
28
66
51
65
11
92
41
2
33
80
62
46
42
6
5
23
37
20
7
25
98
30
10
2
38
61
10
8
15
45
8
14
8
1
27
44
62
61
42
78
45
53
41
7
65
88
14
22
44
1
4
82
12
4
31
20
0
15
14
35
36
9
20
49
41
28
12
59
23
7
20
12
43
57
86
56
70
55
81
26
24
69
7
33
4
87
31
8
21
5
4
13
24
36
13
15
26
3
66
73
35
1
39
40
5
37
37
51
1
5
7
48
14
37
18
41
18
31
41
11
3
101
35
4
4
28
2
1
55
40
9
43
20
51
102
44
1
34
37
0
4
24
17
46
29
79
5
16
10
19
10
80
26
31
8
58
12
51
24
60
49
35
17
59
35
5
60
34
17
83
16
52
5
18
56
13
13
23
5
7
65
44
7
70
89
10
19
20
15
59
43
36
13
1
1
16
43
31
65
91
42
3
59
5
7
56
49
46
24
32
56
35
26
57
48
0
30
27
85
12
72
68
35
17
14
26
21
46
58
27
43
8
8
13
20
2
1
4
16
30
13
5
24
10
1
10
66
54
58
20
24
16
2
25
14
30
23
13
17
42
11
32
78
61
10
65
8
7
52
2
40
24
8
10
13
35
50
8
27
67
2
15
42
62
50
28
69
15
43
95
29
32
17
15
50
18
1
33
22
14
17
13
16
24
53
11
22
26
37
44
19
7
20
30
11
33
50
6
3
17
42
20
43
14
69
4
4
44
57
95
7
74
14
39
32
32
8
39
73
34
56
41
8
29
50
4
4
49
36
55
31
64
1
13
40
15
17
37
65
3
2
4
6
37
82
30
6
8
41
8
85
42
63
12
39
26
38
26
5
15
18
29
58
27
6
34
40
54
4
90
83
4
29
71
5
48
22
14
24
18
22
19
32
22
2
57
30
13
6
57
18
14
31
25
2
34
31
33
49
29
9
43
63
60
2
81
52
73
9
37
41
26
19
3
54
60
45
19
25
27
63
34
3
57
26
60
79
39
5
37
23
45
28
30
3
24
20
77
1
10
70
3
17
81
31
10
27
6
30
27
38
3
5
29
95
16
10
7
10
41
51
4
33
30
12
33
10
13
1
27
6
37
15
6
4
42
61
66
20
43
27
51
13
51
8
23
67
1
33
58
69
3
41
32
5
23
40
57
53
14
20
24
16
16
91
36
32
0
48
31
53
12
2
14
38
25
14
9
22
4
25
61
38
20
42
4
4
37
14
32
44
6
23
29
49
48
2
56
32
20
7
50
39
48
28
10
44
24
36
34
56
25
3
25
46
16
40
0
17
24
10
77
4
5
43
9
54
19
1
10
39
16
8
11
23
39
29
31
11
33
79
39
54
30
40
40
9
9
53
19
29
6
27
83
51
41
3
12
34
16
21
29
33
15
5
29
4
34
6
6
8
48
11
15
8
71
4
39
16
51
30
48
48
3
30
52
78
8
21
34
91
7
30
19
41
6
9
6
17
17
1
30
19
12
28
12
42
1
11
32
10
33
5
55
25
2
27
13
40
32
18
13
6
28
71
13
49
32
34
23
40
1
5
54
23
35
23
17
7
8
29
1
14
32
92
21
4
23
17
1
4
24
1
28
7
41
16
31
33
41
24
38
13
11
31
14
33
39
4
16
30
12
4
6
2
14
15
3
15
44
31
28
27
14
63
1
77
21
17
11
13
3
32
5
10
26
6
22
49
22
32
11
39
21
18
34
12
39
5
33
16
38
32
31
25
10
6
16
9
13
31
40
15
8
34
11
34
51
32
17
2
87
8
13
14
10
18
34
1
35
64
31
13
12
15
31
20
30
15
14
7
18
12
37
16
13
33
15
7
7
10
68
31
20
37
45
24
36
16
10
0
23
42
23
48
46
9
26
44
20
22
6
38
7
22
0
35
25
7
3
10
27
39
56
6
22
40
14
35
1
15
9
42
16
3
10
29
58
17
55
24
24
11
26
66
12
34
13
52
41
6
36
44
24
24
34
3
15
34
28
33
5
26
8
61
9
14
28
27
26
33
12
9
1
7
3
5
16
39
9
2
46
37
45
31
13
18
6
30
10
41
57
19
25
3
37
16
57
4
24
5
5
5
4
9
0
14
16
24
9
25
10
26
3
13
39
2
15
38
24
27
59
40
5
44
4
29
7
16
6
19
9
58
7
12
6
28
36
1
85
1
22
20
9
20
6
13
23
6
13
20
26
41
44
108
3
25
19
42
12
17
12
22
2
4
37
28
17
7
3
1
21
25
20
40
3
11
20
18
7
1
9
44
16
4
26
4
2
28
44
41
22
3
2
6
4
32
14
20
12
26
3
27
24
13
10
5
21
4
12
2
29
8
8
32
19
3
43
19
8
19
27
3
14
12
15
5
21
18
26
49
47
13
3
1
25
43
39
11
52
13
34
6
28
22
25
22
9
13
17
27
1
30
9
11
5
19
19
4
8
6
16
6
5
23
7
35
29
5
2
17
28
11
9
21
13
8
23
19
46
38
26
33
36
37
4
50
18
3
13
3
12
18
5
49
38
11
0
25
17
25
16
21
17
14
53
23
8
32
4
29
29
42
56
28
29
17
25
10
37
9
46
42
11
25
6
12
14
24
2
8
3
10
24
17
40
42
18
12
6
12
52
37
12
7
8
17
41
31
8
18
16
42
12
10
4
38
55
16
13
8
10
32
39
14
40
19
59
7
3
6
2
10
34
6
35
28
14
6
6
18
31
22
6
4
2
6
7
30
15
20
2
1
31
25
34
15
6
10
9
2
5
29
8
17
0
14
9
24
27
6
3
22
14
18
6
30
17
18
18
41
13
6
14
9
5
4
32
20
18
20
34
7
30
13
11
23
10
15
6
17
26
12
19
16
5
13
12
10
15
44
34
0
15
16
25
3
9
14
10
29
24
20
2
9
11
15
18
25
4
5
6
0
34
9
5
12
44
22
22
11
19
5
27
13
6
4
46
6
15
11
7
7
50
16
8
14
6
3
3
24
35
5
5
7
10
10
1
17
28
18
12
7
4
6
29
12
17
7
15
12
8
7
5
29
6
24
15
19
11
9
13
24
14
7
12
6
34
5
18
11
19
4
17
15
19
9
4
6
0
36
13
2
31
17
11
11
22
0
18
3
17
5
22
15
11
16
5
7
30
16
27
7
0
18
15
6
19
11
18
22
13
14
2
16
19
34
39
14
16
21
11
29
2
7
12
21
5
50
14
8
8
16
20
2
10
18
7
44
2
38
5
5
3
5
10
13
1
17
7
25
1
2
38
21
14
5
15
9
28
3
18
5
20
7
3
0
9
14
8
11
2
10
1
2
15
22
35
4
9
20
18
1
9
3
14
5
23
19
5
0
2
25
13
14
30
0
17
14
14
2
0
7
17
7
0
17
11
2
16
22
33
5
10
16
6
21
6
22
4
7
17
16
3
9
1
10
15
0
7
9
4
5
2
15
13
17
8
24
1
12
9
3
17
10
6
5
3
8
1
11
19
14
7
1
12
2
2
2
2
5
20
16
5
28
18
1
6
5
5
2
10
0
16
12
10
1
7
7
8
6
1
13
16
7
2
2
8
3
13
8
1
5
10
7
21
19
15
3
1
6
7
9
11
13
1
16
11
8
13
11
2
5
3
9
13
5
3
1
2
16
16
6
4
17
12
13
1
4
1
12
8
3
22
9
11
3
5
4
10
7
10
7
5
4
6
2
4
2
13
5
2
2
11
4
11
1
7
1
7
0
2
1
2
8
5
4
4
0
2
4
3
0
2
5
6
1
3
0
3
3
8
3
1
2
0
0
2
1
1
2
