45
43
19
26
22
1
29
44
49
10
3
37
43
51
40
6
3
15
83
4
16
4
20
48
58
27
67
69
14
47
29
102
27
4
12
13
70
21
35
29
2
33
33
47
40
103
74
32
18
29
19
33
21
52
54
13
21
10
19
3
50
30
29
20
30
87
4
4
32
54
0
21
23
15
40
22
10
65
35
19
52
54
1
63
32
29
25
37
23
16
63
49
75
8
44
107
24
29
1
79
39
8
49
92
84
16
50
33
66
83
24
49
72
26
63
2
32
44
89
19
34
97
39
11
77
67
21
1
13
27
70
67
13
1
23
4
0
35
73
2
65
61
7
112
49
37
19
3
13
78
14
121
34
9
116
11
34
28
40
26
31
78
68
122
49
10
4
44
6
69
19
44
51
4
51
33
102
74
15
20
80
77
30
45
51
36
17
80
32
73
60
90
8
20
12
19
67
17
49
126
57
3
87
65
79
8
55
67
58
20
27
60
30
19
43
10
15
42
1
24
28
28
10
23
50
38
80
26
70
21
10
55
42
19
56
56
0
75
45
72
25
46
5
2
26
1
27
66
80
16
41
0
67
79
109
14
28
41
17
88
40
18
42
1
105
10
12
26
11
11
44
45
13
51
131
51
63
18
36
69
31
52
28
12
10
23
42
85
13
1
33
68
28
38
68
53
31
49
102
3
79
44
15
1
31
6
79
30
52
29
7
4
17
43
38
0
3
68
8
47
18
107
31
12
27
50
28
67
82
13
53
84
118
24
29
101
29
45
2
50
58
37
1
47
19
54
57
52
18
10
2
76
30
15
47
69
68
30
105
92
13
7
9
22
57
43
54
18
17
24
8
2
31
32
47
54
42
7
5
17
26
23
54
133
26
14
72
10
54
49
15
25
68
7
14
147
16
36
43
34
56
6
29
106
54
18
53
31
8
65
29
13
23
2
26
51
13
37
10
12
27
15
23
53
27
23
37
26
2
52
17
21
58
31
83
42
45
45
52
22
2
84
42
26
27
4
86
1
67
26
28
81
47
58
52
36
86
49
7
27
3
159
99
145
17
98
22
58
38
68
56
31
32
28
13
11
14
63
73
11
78
35
9
45
47
86
6
46
2
17
65
57
37
86
26
39
9
21
4
35
8
66
46
67
18
16
13
52
27
16
37
33
69
58
18
24
31
75
85
5
20
112
43
33
12
30
5
27
23
28
8
19
19
97
7
52
76
32
84
2
30
59
75
36
56
1
45
77
16
83
59
50
72
51
8
22
9
43
105
79
0
6
10
22
41
53
36
31
71
56
25
68
29
50
28
92
78
87
54
3
6
57
54
68
13
54
2
24
20
16
8
86
52
13
32
74
47
29
2
99
10
75
49
25
132
5
2
84
2
110
71
17
28
36
2
96
2
55
33
36
4
40
38
65
26
53
40
94
40
54
12
37
60
10
117
4
29
42
15
73
31
14
48
57
12
53
28
13
67
60
37
24
50
6
64
51
34
3
4
40
31
73
27
22
0
74
64
40
55
11
53
85
34
44
10
53
61
66
85
38
7
34
42
60
5
69
13
6
8
19
60
36
44
3
49
49
39
15
61
6
44
102
19
82
37
63
40
15
18
126
62
25
21
8
24
14
15
41
107
23
75
22
27
32
11
56
4
75
24
2
97
20
28
31
55
26
36
29
31
22
20
47
1
44
36
84
11
50
0
56
8
11
70
25
22
40
26
4
39
45
15
78
97
23
39
48
50
57
94
6
67
22
5
36
34
18
45
30
45
12
14
28
26
29
25
14
11
5
23
13
54
21
4
10
41
71
36
71
13
50
9
100
3
56
2
38
27
23
65
39
4
12
28
9
10
26
46
78
34
16
17
7
26
9
50
32
12
5
71
56
23
41
6
35
54
25
33
21
8
39
53
20
17
17
60
27
45
32
80
33
65
0
71
1
3
54
46
10
42
28
10
11
41
20
23
49
12
3
1
52
4
47
15
8
55
53
28
37
15
5
63
11
3
47
10
9
44
54
73
18
45
16
61
38
71
20
29
7
56
47
80
45
18
7
25
26
70
41
13
14
80
1
61
18
44
1
46
9
29
31
47
35
33
8
44
48
7
18
1
32
96
5
19
28
21
22
71
99
27
10
15
17
44
6
16
6
24
41
4
25
11
27
43
16
5
38
24
52
6
23
11
14
66
7
30
33
68
14
2
22
22
30
22
38
32
71
31
71
69
0
9
22
97
19
2
11
23
7
34
37
22
53
37
11
22
12
8
11
23
29
67
15
17
20
50
33
29
8
12
60
1
27
46
12
23
18
50
0
22
43
10
53
72
16
16
24
64
40
8
36
42
18
23
19
49
95
16
61
22
33
53
10
15
10
24
27
46
10
29
95
0
13
26
68
59
104
15
2
42
2
47
46
29
35
9
46
31
14
94
18
28
34
43
11
38
11
32
144
10
34
2
15
50
27
19
61
25
19
64
8
40
88
10
71
53
43
3
12
24
94
1
1
5
52
10
17
11
44
59
6
35
24
69
47
17
8
50
23
42
10
18
51
47
0
7
2
60
33
83
0
37
15
7
23
48
16
47
2
34
73
7
51
19
1
21
53
43
67
3
19
52
48
6
14
28
47
52
4
1
129
42
20
38
17
63
45
12
17
49
20
15
0
18
40
26
21
40
21
10
26
13
3
62
51
29
51
9
79
13
51
20
42
29
18
6
28
43
60
32
23
14
28
74
0
73
27
32
24
52
40
29
7
21
15
35
4
7
97
3
24
32
16
2
74
18
79
29
40
48
24
39
20
19
27
6
52
26
10
36
56
16
7
14
27
37
35
2
29
40
3
58
21
26
31
111
39
20
4
20
31
66
21
24
30
8
16
37
42
34
26
5
36
50
18
29
14
12
14
5
29
21
49
25
53
42
31
78
8
66
58
16
36
5
25
36
1
2
64
31
112
1
60
37
18
71
20
58
16
19
4
9
17
16
48
3
0
50
14
26
33
49
28
10
12
15
35
22
44
31
36
11
10
0
33
50
8
18
80
10
59
37
17
25
3
34
16
28
23
7
6
19
17
6
20
36
33
12
105
47
28
10
30
11
7
50
52
35
12
1
41
12
29
24
29
3
55
95
24
2
78
6
29
45
53
12
19
1
8
24
44
68
28
33
19
35
13
13
5
5
2
19
28
29
6
59
94
7
13
14
7
31
11
43
24
7
45
53
55
3
50
17
14
5
10
35
68
26
10
17
21
21
53
51
30
10
46
2
10
36
38
13
125
20
33
18
24
12
1
16
60
14
42
46
35
11
25
16
8
12
42
18
123
11
83
34
21
32
44
3
2
31
40
33
12
53
87
30
49
46
3
40
25
15
25
12
31
17
37
21
2
15
23
10
6
33
30
30
29
15
16
15
17
19
3
15
18
12
21
18
35
25
23
78
6
61
9
15
5
23
64
34
27
6
13
46
23
19
15
9
37
41
20
12
4
4
47
46
58
28
7
18
41
19
25
11
4
7
11
11
77
36
11
11
1
50
3
23
64
22
29
18
19
10
31
21
25
9
14
16
23
73
24
1
42
21
4
37
39
69
15
30
75
13
13
50
17
26
31
21
112
1
48
43
17
17
28
12
4
25
21
37
10
56
38
24
16
19
1
8
92
9
17
4
6
13
34
13
21
20
23
55
9
30
85
12
20
12
4
24
80
31
7
16
23
8
57
38
34
41
25
18
24
68
45
39
69
23
13
15
24
11
48
7
3
27
31
6
70
18
4
27
22
44
9
43
6
25
2
14
3
14
24
26
4
11
1
25
7
3
25
19
6
64
47
40
56
63
13
49
21
56
34
20
27
14
47
1
3
46
6
12
28
35
25
11
56
17
50
19
7
4
38
22
81
3
7
3
7
16
20
24
12
65
3
21
7
2
8
25
50
27
3
52
18
16
12
45
24
74
9
66
5
23
70
11
92
2
4
18
28
25
30
19
25
4
24
58
33
25
27
3
23
5
42
24
15
14
50
17
7
16
5
1
17
8
0
78
34
13
10
8
24
51
32
4
15
9
13
2
3
36
10
1
24
11
2
24
3
5
3
36
36
22
1
11
45
17
9
24
10
51
34
65
0
33
3
7
17
50
22
10
23
11
17
11
21
24
6
3
9
24
53
1
55
26
28
6
18
14
37
38
2
23
20
9
10
46
15
18
18
28
20
33
26
10
29
12
9
31
43
30
4
23
27
15
8
6
16
27
31
22
42
32
17
46
5
17
3
23
11
8
1
21
20
25
31
13
29
1
52
16
13
30
3
39
12
27
21
14
11
9
47
39
11
22
7
13
17
3
2
29
6
37
5
25
18
10
8
32
16
28
12
34
0
9
31
19
4
0
21
15
11
57
3
21
15
5
7
6
1
33
12
8
5
40
20
8
19
65
52
5
15
12
26
29
6
35
18
9
17
13
1
18
47
3
8
6
5
29
23
16
42
9
30
47
17
8
34
10
20
11
25
45
42
32
20
8
36
14
8
8
22
34
6
41
2
20
12
5
11
29
3
9
33
28
2
10
7
9
1
15
21
24
36
23
11
64
48
24
3
18
6
19
7
19
4
2
25
11
9
12
33
10
22
22
26
8
14
10
36
26
56
27
28
5
5
17
12
10
3
28
6
30
19
42
4
7
24
9
27
21
13
13
10
45
8
19
21
14
43
2
40
2
43
10
28
16
46
4
14
40
19
17
7
5
2
6
14
9
2
4
36
28
5
6
38
19
6
2
61
29
9
7
5
1
37
22
41
16
30
7
5
7
9
23
25
19
55
7
6
5
1
12
7
23
18
30
25
43
7
41
13
12
22
2
4
22
21
12
30
3
35
4
31
44
16
44
22
8
13
9
30
4
7
7
9
10
15
4
34
7
11
11
19
13
14
21
16
23
5
5
17
4
10
4
15
20
3
21
12
9
11
42
42
37
8
5
27
32
22
9
0
1
10
4
12
25
9
11
50
26
7
8
8
13
23
9
14
23
20
8
11
20
35
5
12
8
33
14
4
2
16
9
8
12
50
25
10
41
24
6
3
16
7
1
32
12
7
25
16
9
9
20
12
19
3
7
3
28
15
12
3
11
8
47
17
19
3
72
6
6
5
5
7
9
6
19
24
17
18
24
11
27
11
0
40
18
25
20
26
1
12
26
5
7
19
3
2
34
2
6
11
15
40
2
18
16
3
8
4
8
30
34
28
14
6
26
4
13
16
9
30
2
3
26
22
12
17
32
4
30
0
12
7
7
19
17
28
19
32
5
5
3
31
19
14
11
13
10
0
19
1
4
34
46
7
26
24
4
36
10
33
11
21
17
1
8
34
5
39
8
16
5
36
20
4
0
31
10
14
10
22
21
5
5
22
37
12
21
6
11
19
10
2
1
1
1
12
19
9
34
14
27
1
5
25
5
27
6
11
8
9
26
1
21
2
16
15
1
9
12
19
6
3
19
4
1
3
36
7
12
2
20
3
6
4
3
4
32
0
5
20
13
6
2
8
2
4
21
11
4
12
4
12
7
21
8
17
22
1
10
5
9
4
6
7
15
1
2
12
1
3
15
15
7
13
15
5
9
21
1
15
11
3
1
9
9
10
2
20
7
16
19
8
16
10
8
6
9
0
8
7
18
20
1
8
4
3
10
2
20
5
17
4
4
1
7
5
6
12
0
7
8
9
8
2
11
8
19
15
31
10
8
2
8
4
0
1
13
3
3
0
17
9
4
1
3
2
10
8
9
12
3
3
2
5
23
11
31
11
7
7
22
3
9
12
4
3
1
6
1
5
7
7
9
3
3
4
9
18
8
4
3
9
9
6
8
9
8
5
0
8
6
2
7
0
4
4
12
17
0
1
3
5
0
2
2
13
1
2
4
2
0
6
0
5
8
2
2
8
2
2
5
2
2
3
1
6
1
12
6
6
0
7
3
1
5
2
8
1
1
3
2
1
1
0
1
1
0
0
