16
4
9
11
3
41
64
47
18
91
23
27
11
5
6
50
1
14
5
16
48
15
22
10
17
64
17
57
75
11
0
30
35
52
21
7
14
91
22
37
50
9
17
16
18
27
21
46
9
15
2
2
48
9
1
49
39
25
11
21
18
10
28
61
80
21
21
100
6
8
37
35
9
36
41
51
58
8
35
58
17
96
13
1
47
27
31
4
59
32
80
42
24
20
28
43
55
44
97
57
11
24
14
47
25
30
21
28
3
71
98
17
61
40
62
1
97
9
22
1
28
86
77
1
5
2
27
7
9
10
100
18
25
7
33
8
44
108
1
36
30
11
2
11
60
69
78
41
90
52
21
141
61
7
76
7
60
91
77
33
22
21
19
2
26
58
67
21
4
67
141
73
17
70
10
42
23
35
69
27
27
23
8
17
31
105
65
2
131
4
49
46
10
59
35
32
32
3
33
128
37
23
59
17
40
47
41
85
40
8
19
2
39
52
39
69
13
53
10
83
1
42
4
34
2
76
84
75
30
75
6
28
57
36
171
3
49
18
37
37
44
32
3
49
75
86
20
22
32
109
44
20
102
13
32
23
92
30
19
54
23
67
22
29
0
15
15
2
49
60
28
69
10
26
63
26
8
1
59
23
36
46
57
85
42
82
23
47
34
21
19
62
7
3
84
82
1
121
26
49
0
43
82
46
121
42
46
16
67
22
31
44
66
58
30
74
2
48
15
15
35
4
15
22
32
11
33
4
20
41
39
11
70
37
36
6
30
22
52
56
24
21
6
71
44
39
15
46
75
48
41
1
27
102
9
42
20
5
112
65
39
33
16
22
39
50
42
93
14
37
27
21
42
8
39
42
30
72
5
82
39
24
61
61
2
19
129
64
55
38
14
11
32
34
23
64
84
15
18
61
11
57
53
65
16
23
35
18
29
15
37
21
63
1
7
68
30
30
47
32
10
12
20
1
40
4
6
29
27
21
1
50
31
46
41
19
0
48
64
81
31
32
23
4
4
10
74
24
59
44
25
12
92
15
8
42
64
19
67
41
11
91
51
45
30
40
14
25
42
24
39
2
19
16
57
75
23
81
57
56
54
23
6
29
93
53
32
67
7
39
43
60
3
5
24
8
19
15
42
35
16
51
73
12
20
38
107
65
60
8
95
50
16
50
62
33
48
28
3
13
64
91
94
29
46
60
52
60
38
21
3
34
46
4
44
3
10
65
27
81
23
42
17
14
85
47
28
13
41
47
28
48
38
44
70
45
11
44
29
20
20
72
68
1
44
59
19
75
38
64
93
36
36
31
55
29
6
19
20
24
83
25
40
60
140
119
5
100
35
20
5
17
36
22
9
13
12
48
68
22
39
60
15
47
60
20
5
39
14
66
15
84
8
27
51
25
34
12
36
22
11
48
29
29
6
2
50
40
33
37
49
25
0
42
1
53
8
58
11
43
31
22
54
17
66
2
5
1
3
12
42
53
38
72
27
61
38
47
12
19
9
24
7
61
49
22
35
36
35
12
116
32
14
10
38
63
110
18
21
53
31
10
50
24
69
54
23
53
1
31
18
79
22
47
29
31
12
54
116
56
64
63
3
115
117
35
53
27
11
39
3
5
19
41
15
49
39
17
14
2
6
19
96
7
52
63
16
40
6
82
52
50
12
4
66
4
62
24
27
39
64
16
5
35
31
10
19
41
51
36
77
34
11
53
19
4
75
26
12
20
29
15
54
65
31
37
17
60
84
31
21
20
35
23
50
1
22
13
63
16
22
91
15
31
0
77
33
15
43
18
102
13
7
30
50
52
18
51
80
26
38
108
21
79
43
94
24
47
2
13
30
53
18
47
37
59
3
57
49
10
31
97
15
61
32
8
4
2
41
21
62
11
20
24
32
45
17
1
5
5
33
48
39
6
14
13
16
22
112
48
5
18
6
38
20
75
55
2
30
13
26
25
57
37
8
46
1
46
5
18
12
64
13
64
14
13
6
79
91
49
15
35
1
76
21
17
109
45
13
19
1
20
11
58
61
14
19
89
53
40
24
35
61
45
25
63
7
56
8
13
56
60
14
37
46
3
22
0
12
23
19
60
12
80
10
86
15
51
62
51
32
7
39
12
43
45
28
7
1
1
25
67
75
14
42
54
23
84
5
40
85
21
53
57
11
47
36
13
1
75
41
52
12
21
27
11
59
37
13
27
56
2
28
6
12
43
8
19
38
19
35
49
2
21
6
65
2
24
42
26
3
39
63
5
63
91
20
20
63
26
65
20
62
25
57
72
9
28
59
0
35
8
30
23
86
90
39
23
91
19
53
53
47
18
32
3
65
26
22
29
1
7
67
75
14
14
12
14
55
16
3
26
2
73
61
39
8
5
21
12
49
61
51
19
69
34
34
11
30
112
67
47
20
6
38
5
14
5
29
78
57
62
65
6
22
30
16
37
7
56
80
0
63
39
60
29
11
90
56
45
27
48
2
81
3
18
40
2
15
10
28
14
78
17
14
6
24
33
75
49
25
5
46
25
1
56
8
51
64
51
73
2
2
36
29
40
28
62
16
38
38
30
35
32
12
55
15
16
14
3
34
48
64
12
48
64
14
40
9
81
48
41
41
24
5
7
19
43
5
3
4
11
34
30
38
34
49
91
49
22
45
40
70
6
54
24
20
25
3
64
37
16
7
12
69
34
13
2
70
47
21
3
29
9
38
52
8
93
15
44
14
24
4
62
0
4
34
17
7
20
76
12
37
59
86
47
38
28
38
64
21
29
55
48
2
38
16
22
16
11
27
29
34
102
35
5
64
23
90
5
2
10
66
9
36
37
3
16
7
83
4
58
13
27
34
55
50
33
18
35
13
28
31
4
31
0
16
60
4
46
3
10
75
32
26
7
15
14
95
47
53
44
25
29
18
39
60
41
57
19
31
13
66
28
30
3
52
37
12
8
5
22
1
1
88
1
22
49
55
21
6
76
33
2
0
24
1
21
43
34
28
8
0
4
32
55
27
40
21
17
48
34
1
4
31
30
94
36
2
21
66
16
4
17
18
27
67
22
19
17
57
20
0
14
0
41
34
28
19
2
14
18
8
24
58
17
40
17
32
18
9
53
72
31
2
25
61
9
15
38
17
24
57
30
28
26
59
7
68
10
59
47
6
8
29
65
8
6
39
35
5
14
15
16
37
5
25
48
16
7
55
45
44
24
76
39
18
13
2
44
101
39
8
46
30
4
5
19
23
46
30
6
27
53
6
2
101
53
14
26
9
39
10
34
41
29
17
35
30
65
23
59
63
44
56
2
89
7
11
15
66
0
0
42
40
30
47
14
16
5
33
8
33
20
32
32
9
25
2
27
34
43
25
11
14
28
13
7
52
2
32
82
25
45
34
55
7
22
10
10
8
18
45
96
5
9
16
7
43
26
15
10
34
18
9
4
90
40
5
27
12
23
37
36
32
31
58
11
26
37
24
65
18
43
28
52
22
5
8
5
1
23
22
4
1
44
30
26
17
20
40
12
29
47
54
19
32
20
22
88
11
56
22
10
4
38
4
38
71
40
53
12
5
4
47
63
42
7
13
0
9
6
4
41
2
54
35
26
16
1
2
8
4
25
39
15
44
10
5
17
67
1
23
55
52
45
32
4
22
8
35
12
30
1
23
5
2
20
54
21
99
18
52
84
6
40
7
40
8
36
8
5
4
2
2
29
15
11
0
2
50
6
53
87
0
8
6
31
53
55
46
30
14
13
16
12
15
42
11
40
4
12
7
38
19
36
12
8
7
1
57
9
13
28
15
29
59
17
2
27
8
24
48
6
90
58
31
25
25
16
8
16
16
1
5
16
16
15
14
2
10
15
15
25
2
22
20
16
4
15
40
45
24
9
11
49
60
29
25
13
2
5
1
60
7
29
68
54
25
28
7
52
23
21
52
16
44
9
2
40
2
17
6
14
19
45
3
14
34
16
50
73
25
14
9
16
47
13
24
25
0
46
18
9
2
44
7
9
20
3
23
30
20
31
54
24
9
63
19
16
7
58
33
52
3
33
11
25
3
53
34
3
47
8
10
8
18
13
9
28
28
33
44
25
19
11
1
9
21
57
1
15
1
20
20
46
14
16
26
21
12
26
17
27
33
64
1
7
28
20
24
33
45
15
3
16
22
22
0
4
5
10
25
60
26
4
40
32
26
16
30
30
2
14
22
19
20
2
7
20
8
38
27
2
34
26
44
5
8
41
37
4
17
42
10
2
20
8
12
14
3
42
4
29
11
7
22
17
25
32
22
19
27
6
6
11
18
6
45
62
1
17
7
5
20
35
24
7
27
13
25
7
13
38
43
14
48
11
15
17
21
10
0
29
19
9
13
30
8
73
25
13
39
22
4
18
38
9
40
18
1
6
28
61
18
3
9
44
2
3
27
13
40
22
5
15
4
30
10
8
3
4
9
16
2
10
17
13
32
24
25
18
16
64
39
17
31
28
17
37
48
9
6
16
16
4
2
2
72
25
8
15
17
20
7
28
10
20
26
30
38
2
11
7
7
40
68
7
28
1
25
14
15
43
18
3
21
11
25
4
10
35
48
37
9
4
18
0
9
18
37
13
17
7
47
41
3
54
48
17
23
20
20
8
46
24
0
4
17
4
9
38
18
13
6
23
6
5
20
26
12
41
18
31
24
4
9
12
11
4
14
11
30
15
3
17
15
23
15
2
10
13
5
13
8
1
16
40
12
16
19
27
56
5
13
8
9
18
4
40
2
2
23
10
4
15
35
4
13
8
18
70
18
4
31
1
15
5
29
17
32
15
3
26
6
21
6
17
7
18
34
6
33
29
12
1
4
7
15
10
14
8
38
17
6
14
1
24
51
25
11
74
7
17
6
40
21
15
42
8
15
12
14
17
22
2
13
4
13
2
20
15
24
16
5
14
11
5
12
36
13
23
3
0
4
25
18
17
41
11
16
14
1
14
1
15
1
35
17
28
3
19
13
4
2
4
20
2
3
42
13
2
22
21
22
2
7
15
10
1
26
13
18
4
3
25
42
29
10
25
14
28
1
19
10
23
6
2
7
35
4
5
20
14
20
2
25
1
5
0
22
4
14
7
17
7
5
35
9
20
18
20
31
13
6
21
36
4
9
13
40
20
20
16
33
23
11
27
25
0
8
15
9
3
14
2
11
18
0
30
6
15
10
25
17
31
12
7
4
10
7
4
2
2
4
10
22
26
12
8
11
1
36
27
1
5
1
32
31
12
17
17
4
9
11
32
4
31
6
16
47
3
21
6
9
20
5
21
14
7
7
20
20
32
19
29
9
14
3
32
23
14
16
26
26
32
8
11
14
18
8
18
6
34
13
3
21
3
5
27
1
2
29
1
23
3
24
18
14
8
14
14
28
1
2
11
26
2
3
39
6
7
9
27
5
7
15
37
12
5
9
12
26
14
2
7
1
2
17
3
31
16
10
15
21
25
9
14
9
16
12
5
7
2
9
7
6
19
2
5
0
11
2
10
11
2
12
7
9
8
14
22
19
25
30
6
10
9
5
23
1
1
21
17
4
2
6
0
18
4
16
1
3
3
5
14
40
11
1
6
7
3
20
2
9
2
8
3
29
6
16
7
13
17
15
3
16
20
5
25
4
3
12
19
19
1
5
8
5
7
19
0
4
2
9
1
16
10
25
6
12
12
14
26
12
7
0
4
7
1
3
1
13
13
14
13
6
3
4
4
2
12
5
11
1
6
3
12
14
17
15
7
15
3
19
5
1
4
17
8
10
19
19
5
5
1
14
10
15
5
17
24
7
10
13
2
4
1
7
11
4
3
9
13
10
3
4
10
1
10
15
6
9
2
2
3
4
9
4
6
7
8
2
17
9
8
1
1
4
1
14
8
2
5
9
19
5
0
15
3
6
1
2
2
2
10
6
2
1
1
10
1
1
2
5
1
1
3
7
2
6
1
3
5
0
4
1
4
2
3
1
2
4
2
1
1
1
3
0
0
