17
63
60
9
48
13
73
6
2
76
13
28
42
15
12
83
17
26
70
15
55
4
16
16
8
64
3
51
20
5
15
10
68
38
85
26
54
43
32
34
10
14
54
32
30
8
26
29
113
18
3
16
47
7
39
0
4
31
9
3
27
24
58
18
5
14
63
32
68
8
59
20
40
33
33
130
41
14
77
18
2
23
22
66
40
17
21
18
71
32
21
72
50
51
46
83
68
28
64
44
147
47
8
19
30
16
105
6
70
6
0
5
29
52
2
79
84
24
96
51
5
32
13
100
72
14
4
20
55
61
35
4
60
97
17
12
85
14
10
30
39
52
10
71
51
27
8
61
10
48
84
30
25
83
20
42
33
26
8
35
74
34
10
55
54
50
6
22
1
56
59
57
15
70
38
13
62
9
52
29
75
9
2
12
134
73
94
75
55
141
44
36
43
63
10
98
11
29
21
2
8
10
29
65
0
3
31
106
61
13
5
39
59
76
4
39
76
72
55
45
7
39
78
14
12
34
18
10
66
19
138
67
42
76
7
22
38
25
8
56
0
62
10
6
45
39
26
52
2
24
33
68
29
25
102
99
5
33
87
26
33
6
10
73
14
58
2
48
37
3
57
55
32
51
1
58
73
44
39
25
74
42
43
27
8
8
62
20
3
29
18
12
74
66
32
102
0
14
11
73
41
60
58
71
44
72
26
30
4
21
38
1
42
69
17
15
46
85
96
77
35
74
58
17
41
80
1
24
102
98
81
38
10
89
9
14
73
21
17
19
4
80
47
7
49
63
81
33
18
34
2
54
13
83
60
49
114
104
77
24
59
33
16
63
35
63
28
12
20
83
37
62
34
15
75
7
23
1
44
21
26
24
19
1
41
28
59
31
8
13
73
23
25
23
104
42
6
69
39
52
37
16
8
30
14
49
39
48
1
1
1
29
15
76
27
73
4
91
54
0
39
18
33
48
87
17
35
73
56
82
44
2
17
9
36
56
5
10
67
27
62
17
36
72
133
72
95
59
57
47
20
8
5
20
15
63
18
11
8
41
55
22
6
17
119
17
56
29
6
71
29
6
55
45
40
1
66
62
74
11
6
29
33
60
68
6
52
48
6
3
59
34
48
72
42
33
19
17
20
27
59
12
31
14
28
13
39
59
76
145
2
52
31
24
33
63
63
41
67
96
35
101
1
4
36
14
23
2
64
107
33
4
28
29
19
11
41
31
8
16
9
66
49
51
38
31
8
67
55
16
83
10
2
29
67
61
12
49
49
19
37
4
27
21
33
36
37
8
54
94
3
16
5
39
23
21
75
21
18
34
79
117
31
25
48
80
71
42
12
36
74
35
95
54
13
39
30
9
18
79
46
162
21
56
144
3
13
43
3
10
41
25
38
4
1
28
15
55
14
2
41
11
39
52
60
6
40
79
76
34
63
66
42
47
1
63
9
0
43
21
38
63
28
5
12
138
27
2
86
77
74
81
12
43
42
27
26
64
6
38
103
10
29
46
72
60
12
40
8
6
28
72
48
39
35
38
33
94
57
32
5
37
41
97
11
23
38
11
93
41
55
23
10
45
67
69
5
37
49
16
13
81
33
62
22
3
27
11
53
33
16
16
16
50
40
10
28
36
80
9
2
31
36
16
35
48
30
23
18
76
15
122
34
49
17
29
55
23
42
75
38
1
2
51
86
42
13
40
10
50
83
22
4
12
34
81
31
20
18
5
8
107
22
6
52
10
2
48
68
17
30
54
0
57
38
2
43
37
13
20
30
27
43
7
34
7
49
56
19
69
62
39
17
23
67
13
5
27
55
50
41
24
18
14
1
67
44
22
73
34
48
44
52
19
46
4
20
61
23
26
19
8
43
59
22
48
29
13
15
42
8
11
13
56
102
3
52
3
36
24
9
35
14
22
83
31
11
50
31
42
52
25
11
16
50
41
23
2
70
7
2
87
79
12
54
34
39
17
83
32
43
63
10
3
30
15
33
29
20
10
19
79
11
80
3
31
62
10
4
42
79
27
9
28
15
36
20
65
36
9
21
9
56
1
49
34
16
27
30
0
7
16
45
1
66
9
93
58
8
110
61
65
39
69
7
34
52
41
46
35
16
63
43
20
23
2
51
22
6
39
50
5
1
33
26
28
21
12
58
14
2
15
50
12
25
6
1
22
41
30
43
41
2
26
43
17
0
48
31
24
40
40
15
31
27
34
29
55
77
47
6
2
11
29
77
48
73
15
11
4
22
67
28
118
71
27
29
33
14
30
23
14
14
71
55
18
74
29
33
53
80
62
27
24
21
24
36
77
8
9
7
19
5
52
8
28
25
77
66
25
50
4
48
69
34
11
20
104
20
5
47
16
35
45
17
9
5
33
83
6
42
37
5
46
59
31
11
10
12
20
29
15
39
1
25
47
45
25
26
24
20
14
34
19
36
6
23
7
37
44
31
33
57
21
37
17
39
81
45
33
40
19
12
100
29
63
30
14
13
4
69
53
83
42
6
50
72
2
20
19
114
27
4
16
5
28
21
23
58
30
51
43
51
12
20
43
34
30
58
5
23
23
66
3
70
28
41
17
25
7
8
50
75
33
26
9
24
4
11
39
34
52
85
71
55
12
29
6
42
2
22
89
66
44
33
65
9
32
12
37
43
33
41
39
17
6
51
61
1
13
7
50
16
5
19
19
21
54
82
72
42
27
3
10
28
38
9
134
22
88
66
12
23
56
54
43
64
48
6
57
4
21
56
32
37
9
23
8
36
24
1
22
4
50
52
4
10
9
39
18
69
20
14
79
5
27
76
15
10
10
30
27
68
82
2
51
18
51
0
15
35
38
13
13
109
8
25
50
13
1
89
38
61
39
9
83
5
11
33
23
40
5
64
15
23
31
9
18
4
22
3
9
50
33
2
8
3
44
81
49
4
22
17
11
15
60
54
19
74
10
27
39
39
53
9
35
34
11
50
26
34
6
44
46
23
5
50
19
5
14
40
10
49
62
71
3
47
22
14
4
7
26
20
39
20
32
54
7
26
6
12
17
36
17
51
30
62
6
19
15
50
6
42
23
36
49
24
18
2
66
52
24
38
37
37
33
23
48
47
15
31
10
9
30
44
7
10
50
59
29
11
39
10
5
17
6
25
1
18
6
29
3
10
31
17
6
45
1
11
34
8
18
3
10
47
59
24
9
61
38
11
12
38
45
53
61
53
31
21
9
21
10
32
39
54
70
16
5
21
40
22
3
20
65
37
5
1
4
37
32
23
12
15
31
40
52
57
35
16
42
41
25
26
3
24
4
23
8
34
4
46
40
56
26
29
33
39
62
22
25
32
10
28
40
2
12
3
62
66
15
58
36
33
15
13
15
30
19
28
65
34
62
57
37
52
1
15
17
4
26
45
24
66
31
14
17
77
29
65
61
20
26
10
14
5
2
30
4
100
53
11
1
15
33
4
13
9
10
39
15
3
9
14
1
24
27
45
33
46
2
7
39
85
0
33
63
27
64
10
19
27
51
119
9
12
44
79
2
32
17
14
16
44
33
87
32
11
22
35
21
39
7
39
13
7
24
45
82
6
8
28
61
6
41
39
24
2
27
31
39
53
14
46
6
10
12
17
60
42
8
20
26
39
23
37
5
4
12
30
25
35
21
30
25
16
32
1
32
49
27
15
16
9
76
5
22
0
62
34
11
30
6
33
28
69
42
35
20
6
46
6
29
23
7
28
28
13
31
9
28
18
10
43
23
49
6
23
13
71
4
2
23
21
50
16
51
10
17
20
47
5
10
3
6
8
23
6
19
58
21
14
26
35
8
30
32
33
21
13
44
4
35
27
20
27
7
9
7
3
24
35
36
38
12
11
5
2
9
80
11
35
17
12
48
17
16
4
3
11
13
82
28
48
51
30
19
17
5
45
18
17
9
44
35
16
15
26
6
51
14
6
19
16
8
34
18
6
10
7
41
58
19
47
0
12
7
15
17
19
38
4
62
32
42
31
37
40
2
16
31
1
13
11
5
47
1
1
45
6
37
7
22
47
24
27
61
7
5
9
39
19
27
4
22
4
15
50
45
26
36
14
4
63
12
16
19
24
17
37
2
34
23
67
19
15
48
31
64
59
53
16
3
35
15
43
2
4
60
55
8
11
21
5
99
15
10
33
36
11
45
27
2
26
10
26
6
12
47
23
1
10
54
13
6
35
8
20
23
32
47
4
18
23
2
42
13
53
40
5
22
2
24
20
43
20
25
14
21
16
13
63
43
7
35
4
5
4
27
2
44
30
38
20
40
10
13
13
66
3
44
51
20
70
20
4
46
7
17
26
10
40
11
19
15
15
11
16
43
42
2
0
42
19
26
2
49
4
2
27
33
8
21
29
18
8
20
9
73
36
29
3
49
48
19
11
10
40
29
37
5
13
20
13
0
2
6
4
18
39
28
12
9
17
26
28
33
22
18
19
15
21
0
21
4
0
11
10
37
33
25
19
35
25
8
11
26
23
40
17
7
7
11
24
11
36
47
12
3
27
20
14
9
1
36
9
63
47
5
12
17
12
21
16
25
37
42
24
0
12
11
39
23
9
54
30
13
3
8
24
3
17
14
67
4
16
28
21
4
60
15
39
34
15
5
22
16
10
13
33
34
31
14
31
7
21
15
38
5
31
16
3
40
36
2
5
6
22
40
4
32
12
41
36
19
16
36
4
28
28
3
21
21
22
19
5
49
34
35
8
19
2
42
37
15
17
10
6
0
15
16
3
3
31
7
0
42
33
37
22
9
1
37
21
1
19
28
49
6
30
10
8
15
16
29
16
4
17
43
35
6
14
14
10
23
7
9
36
4
25
20
20
27
18
8
14
21
16
5
19
31
0
65
13
11
27
9
24
4
9
11
21
30
12
29
35
28
23
45
11
24
15
19
41
24
30
3
3
17
14
8
55
5
13
29
9
26
33
5
19
5
11
19
4
8
11
8
20
4
2
14
23
39
0
23
1
29
13
29
6
9
21
32
12
4
6
14
9
3
9
14
33
1
13
12
4
33
2
21
2
31
12
2
17
18
31
21
2
16
17
8
1
19
56
38
7
6
11
38
11
19
34
5
2
5
23
4
20
13
35
27
28
9
11
1
19
15
9
22
43
2
5
10
32
39
2
4
5
14
16
11
25
15
2
13
19
16
37
29
14
21
7
4
25
18
2
27
22
20
3
5
17
2
20
25
11
14
15
8
2
23
25
14
22
4
47
47
11
21
21
19
6
3
19
37
5
30
2
10
15
21
10
11
18
10
27
20
12
46
11
16
9
47
17
4
20
20
0
11
9
23
28
7
0
32
24
23
2
12
10
14
7
10
29
27
8
2
21
4
20
10
4
5
9
35
4
18
8
35
20
10
3
3
4
7
26
3
6
4
11
6
15
19
6
34
2
5
11
17
11
2
3
4
6
8
22
8
12
13
22
8
2
34
27
24
2
17
22
46
6
4
8
17
9
11
13
23
20
6
20
21
5
12
12
3
15
4
11
17
3
27
7
1
20
1
1
16
10
1
9
14
12
2
3
3
5
12
17
42
1
15
9
1
3
19
6
13
10
4
0
6
22
1
21
3
12
12
15
17
14
12
0
2
3
12
19
8
3
3
1
23
18
10
4
4
4
9
26
4
16
3
17
7
13
2
24
5
6
0
9
4
32
13
6
4
2
17
5
1
16
6
1
22
3
3
5
4
5
4
10
2
2
4
2
3
14
2
2
16
8
9
0
1
12
1
11
12
1
3
3
3
14
5
13
4
18
14
2
6
19
12
17
1
2
6
11
22
2
2
1
5
13
0
2
6
8
9
4
16
19
6
7
7
0
5
7
1
10
6
12
4
10
6
2
6
1
4
2
11
0
12
8
4
13
7
0
4
4
4
6
1
1
4
5
7
4
3
3
0
8
3
0
8
6
2
3
1
5
3
1
9
2
3
9
2
1
7
0
10
3
4
0
4
3
0
2
1
4
1
0
2
1
3
1
8
2
3
3
2
0
2
