16
2
24
12
73
27
17
5
40
1
5
2
5
90
4
31
16
15
24
90
37
44
17
61
4
5
8
22
1
9
23
30
3
40
47
23
32
13
7
28
97
23
1
29
62
86
50
20
63
7
41
14
97
64
48
52
79
40
25
4
16
25
30
12
56
25
47
2
23
88
3
7
93
72
3
13
4
63
26
34
37
31
42
40
31
31
8
11
91
13
68
64
26
72
4
70
29
18
24
10
47
71
55
31
78
45
4
37
62
19
22
18
84
88
39
113
26
62
42
32
25
6
67
9
29
3
82
68
27
54
13
2
6
33
56
15
129
21
34
22
27
108
60
28
2
40
28
65
30
81
43
10
34
45
15
4
4
36
73
29
79
64
2
25
65
26
38
48
14
57
34
3
46
15
10
1
55
91
27
74
12
22
7
51
19
23
70
4
15
17
67
23
7
31
12
49
48
47
69
44
61
15
58
67
123
24
4
44
46
69
43
15
46
24
29
38
11
0
67
32
64
13
20
12
95
4
40
58
62
51
124
97
23
8
52
16
43
41
7
7
43
26
47
51
31
38
29
55
53
34
58
3
29
4
24
37
32
59
13
9
2
32
89
80
0
85
27
39
21
22
2
48
10
14
5
56
82
4
45
5
62
4
57
24
126
45
66
18
50
27
80
91
29
6
72
102
3
46
43
36
62
32
91
3
76
2
12
4
45
73
14
41
20
31
79
55
89
41
31
24
3
89
70
25
35
35
45
32
74
21
64
18
43
14
20
47
62
70
24
29
25
11
53
75
30
49
42
40
111
90
46
77
30
11
2
17
38
48
19
13
5
26
36
66
1
42
11
22
43
28
9
13
43
45
6
6
94
60
11
44
45
45
69
10
18
29
8
56
2
8
16
26
45
36
82
55
76
14
77
17
24
75
10
101
73
68
64
49
13
20
22
50
4
43
16
25
12
38
1
16
35
11
12
23
14
25
45
37
38
16
3
49
22
102
44
80
30
89
16
51
42
107
85
171
1
36
49
20
15
58
8
16
41
43
19
82
10
27
16
46
40
30
57
61
19
29
13
14
53
1
52
47
14
37
146
61
25
78
31
87
18
145
30
2
30
75
21
1
82
61
6
48
43
21
47
7
40
53
55
79
15
8
34
31
16
84
86
1
34
12
109
63
52
5
120
56
53
26
29
50
58
44
28
15
24
21
3
14
12
26
99
39
73
92
5
20
24
12
19
34
14
28
48
32
15
6
18
5
53
24
51
4
8
46
37
98
69
67
23
20
19
16
51
7
103
3
65
52
35
14
27
31
26
113
80
37
18
75
46
58
4
9
19
62
17
65
17
53
58
23
28
44
0
17
40
11
33
29
16
29
39
31
2
44
77
66
32
8
15
7
23
87
23
39
8
26
14
23
24
34
46
47
36
5
15
34
15
28
24
36
28
13
55
64
54
32
46
69
11
31
20
34
35
55
53
49
50
67
3
19
52
41
51
67
10
2
23
40
3
62
65
58
85
66
43
70
3
16
43
138
31
10
36
61
17
32
2
53
112
16
40
4
27
33
90
37
47
65
34
13
67
13
39
27
5
39
28
10
64
10
42
38
49
4
42
8
60
16
28
29
73
39
39
28
2
35
30
38
3
9
34
5
109
33
6
39
38
55
5
2
33
40
15
54
111
57
36
12
89
39
41
77
1
84
5
75
34
63
79
8
36
58
62
43
60
10
120
9
53
8
17
17
13
6
34
5
28
6
11
31
2
31
63
36
8
10
47
27
2
5
14
5
21
13
72
36
54
18
7
24
63
91
36
5
45
30
38
50
31
20
7
9
6
13
15
64
11
9
2
92
58
56
32
50
24
26
17
34
11
12
44
30
2
42
53
15
73
54
0
5
25
30
10
3
66
76
133
40
65
31
34
7
30
21
8
93
8
38
5
58
7
22
50
19
26
66
85
25
147
47
47
50
9
76
42
28
58
41
8
35
29
23
13
36
37
1
11
91
33
58
14
15
40
4
33
0
98
24
14
79
41
38
56
31
40
4
28
49
37
11
25
51
21
53
29
54
6
57
42
51
20
43
26
18
81
23
11
59
20
104
39
61
44
10
89
56
18
67
19
46
25
15
45
43
7
38
68
17
33
10
56
22
2
53
26
53
62
58
70
23
15
54
106
10
13
40
51
22
53
34
25
19
17
63
69
14
13
28
54
33
60
39
13
47
4
26
56
76
17
39
41
57
44
94
3
31
33
45
57
41
17
28
82
1
30
17
70
20
5
24
7
18
39
26
5
32
19
21
14
47
35
21
35
85
26
66
6
28
31
5
63
23
6
23
28
16
38
6
8
14
6
60
76
59
33
71
34
7
80
4
33
45
24
16
4
39
3
50
40
49
56
12
37
54
21
35
78
1
38
40
53
1
22
72
30
0
38
17
44
1
8
38
29
19
28
58
15
14
28
47
12
42
6
53
15
8
11
24
43
58
38
19
5
35
55
33
99
27
5
48
24
44
54
20
11
13
51
58
60
38
76
17
45
32
25
70
16
65
58
36
22
13
61
7
67
29
6
20
18
16
1
11
37
81
18
36
56
15
46
40
98
10
39
64
85
5
15
42
8
16
19
69
14
21
5
9
11
32
23
28
16
44
63
31
85
51
25
26
47
42
52
1
47
0
21
3
14
0
35
26
43
52
16
25
45
10
101
40
24
64
76
17
11
45
34
9
33
2
52
7
11
54
95
34
6
15
16
10
54
73
9
13
32
33
7
6
9
0
32
100
15
20
42
17
7
97
5
75
0
11
15
60
25
44
36
28
40
1
20
40
31
15
28
32
8
58
31
51
9
76
15
50
31
75
20
50
24
22
45
57
7
38
8
89
13
35
54
27
56
23
82
22
72
51
32
14
8
69
30
42
44
1
39
18
28
7
50
25
10
21
43
51
2
21
24
26
48
12
18
21
41
2
12
10
43
45
20
5
35
24
6
115
70
6
16
5
24
26
78
36
13
4
29
36
39
21
38
31
33
49
4
34
71
22
0
8
27
5
57
8
17
52
31
2
22
42
42
51
74
12
50
23
38
55
6
40
3
49
25
20
15
17
2
24
35
11
4
26
102
20
14
41
15
19
6
21
106
3
19
43
2
17
8
48
34
58
11
7
1
17
4
29
40
55
23
54
1
20
42
16
15
32
57
4
19
24
30
16
20
50
9
47
29
16
7
6
61
1
8
93
7
10
61
18
18
24
17
13
113
7
36
7
10
25
34
10
2
33
13
13
73
48
12
12
42
25
7
31
15
4
0
3
8
51
14
17
9
3
47
19
2
31
16
30
20
20
52
37
33
8
6
2
15
25
36
62
6
10
25
41
20
52
35
7
47
9
12
8
31
44
38
5
35
12
6
21
6
3
54
13
9
26
20
32
73
12
45
33
6
92
3
4
56
21
9
11
50
19
27
61
34
22
31
20
11
17
46
0
35
3
74
2
3
27
37
3
38
13
59
18
4
58
41
37
15
76
1
2
70
51
39
18
6
3
48
50
5
58
16
4
2
4
52
16
16
5
20
21
21
39
13
47
15
18
37
31
9
6
69
12
41
94
7
26
36
28
8
56
8
94
34
27
31
32
2
12
7
16
26
38
7
28
49
5
6
29
23
35
83
13
55
30
31
31
21
21
15
12
18
5
21
13
18
11
38
1
7
22
49
1
33
10
6
14
4
4
52
42
4
15
9
23
26
26
11
86
14
2
0
59
10
12
34
17
8
11
31
23
4
48
7
9
5
4
5
24
6
36
45
3
8
4
29
42
3
19
17
5
17
29
19
17
14
36
1
14
14
3
14
16
38
31
24
42
13
7
20
39
34
8
27
9
12
37
77
7
39
54
10
1
44
32
18
48
4
55
33
18
41
29
19
53
16
15
65
2
48
14
70
24
19
10
4
23
46
33
56
6
39
43
36
11
31
41
20
19
19
33
11
20
30
44
19
2
11
60
47
40
14
62
40
9
28
21
35
18
39
7
16
3
40
25
25
20
1
19
0
15
22
10
8
1
24
2
38
24
26
24
2
2
15
13
25
23
25
7
5
0
54
36
36
5
70
16
0
26
55
38
9
16
14
86
16
32
11
20
10
3
5
62
30
42
17
17
3
4
55
13
18
38
26
29
23
3
5
31
29
61
5
34
27
4
8
93
56
39
40
17
47
1
3
7
20
15
14
4
2
13
4
4
18
36
9
22
29
29
6
1
45
34
1
53
64
17
41
24
9
15
5
22
3
30
18
21
10
4
33
4
39
26
13
4
14
4
8
30
62
38
38
8
49
21
23
6
28
44
6
11
6
30
35
21
4
3
9
2
28
3
23
51
1
44
21
38
42
3
4
21
4
5
26
6
6
29
4
4
9
4
17
2
10
16
22
9
36
3
6
32
21
29
1
16
8
3
26
36
7
34
42
12
0
2
10
14
19
9
28
21
37
13
18
21
47
16
31
22
1
9
12
19
51
6
6
24
15
31
23
29
5
20
6
49
30
40
16
5
43
2
17
52
5
46
34
61
86
4
3
23
46
32
25
13
8
2
12
1
21
35
7
7
38
29
49
5
8
4
6
11
20
16
13
9
21
10
13
20
27
7
4
29
4
56
30
35
28
39
19
29
4
18
3
17
35
32
32
11
20
2
7
43
14
9
5
39
4
14
9
30
25
8
21
2
43
10
3
31
22
21
39
61
35
19
17
8
20
9
6
16
26
46
15
1
21
9
16
16
18
18
25
65
20
8
28
17
12
30
29
34
34
14
28
20
31
21
23
24
9
2
33
5
1
53
5
38
16
13
19
26
0
47
26
10
15
15
46
25
4
10
21
5
51
37
16
8
48
23
33
8
6
39
18
4
6
17
34
25
10
13
51
3
12
32
29
11
16
30
8
24
19
38
17
4
20
18
10
10
54
5
25
14
10
24
7
29
13
2
10
41
25
3
40
13
10
16
19
30
9
24
5
18
23
0
4
11
0
15
37
11
17
1
7
14
41
7
5
16
2
17
3
4
2
39
7
29
13
26
15
9
42
18
14
21
18
36
6
31
2
5
20
4
1
6
9
17
10
21
15
12
38
36
1
30
20
4
19
10
5
11
31
17
8
19
6
9
1
10
2
14
13
2
22
25
28
10
3
27
14
33
24
9
18
10
25
23
13
18
31
5
24
20
5
17
12
20
7
12
18
4
4
15
1
2
8
14
9
7
27
4
35
26
4
13
20
5
23
2
8
17
16
3
0
2
3
24
53
13
4
22
13
22
16
2
31
3
20
9
13
16
2
2
7
11
14
28
5
10
13
26
22
35
18
21
28
21
21
24
5
15
13
17
22
34
18
27
10
17
1
18
4
9
12
16
16
8
15
13
6
33
16
13
36
16
25
2
19
18
25
16
38
16
6
4
9
0
15
4
8
9
4
7
1
23
30
24
18
8
6
38
51
25
16
13
8
17
8
38
21
1
1
5
0
4
7
11
4
18
25
22
7
13
10
16
12
10
15
27
3
6
14
1
18
16
15
23
12
10
29
6
15
22
2
4
2
22
18
1
20
5
2
12
4
16
16
1
13
4
11
17
22
0
46
11
1
3
12
10
23
6
15
5
8
16
5
2
7
17
6
11
9
22
11
5
12
3
31
1
7
10
16
22
12
9
11
8
10
5
6
3
16
6
3
14
22
5
3
7
8
3
9
6
14
18
3
18
27
11
2
10
14
3
7
29
1
10
5
13
5
11
14
12
10
5
12
4
11
7
6
12
9
15
6
1
5
16
6
20
12
5
12
2
17
6
13
18
6
10
14
18
15
9
7
6
6
1
2
9
8
9
3
4
15
10
11
8
11
5
15
8
8
3
12
14
18
5
12
4
5
9
11
5
0
4
14
11
2
8
17
18
4
8
10
4
7
4
5
11
13
2
10
8
10
10
4
6
0
3
12
6
2
1
1
1
4
1
5
2
1
10
7
6
6
18
6
2
0
3
3
7
7
2
3
5
3
1
0
3
0
7
1
3
0
0
3
0
0
1
1
2
0
0
