18
53
9
18
59
41
4
34
17
30
1
13
78
15
48
59
85
106
5
140
17
28
42
6
11
17
17
79
22
17
25
11
28
24
84
32
20
74
24
54
6
33
40
28
15
68
39
28
10
21
5
4
64
94
21
30
16
31
25
35
24
60
4
33
20
23
46
138
17
69
54
38
7
37
184
19
26
38
41
25
45
44
26
8
4
95
59
34
38
41
59
5
70
92
9
27
57
37
14
40
50
108
29
35
45
31
31
25
62
11
55
81
50
42
11
37
2
46
60
67
37
55
42
34
34
48
28
32
1
97
36
59
10
19
81
36
9
61
45
9
40
95
35
11
12
36
59
38
79
7
10
59
39
56
33
118
22
29
45
98
56
6
32
98
34
22
61
71
45
4
20
15
24
23
23
40
95
43
1
101
5
37
47
66
18
67
45
17
57
21
16
10
7
48
113
46
12
51
67
19
27
29
47
41
55
44
17
54
2
26
28
25
36
2
17
6
56
9
38
30
82
11
14
10
29
13
41
56
35
41
16
20
68
5
52
66
60
50
105
17
0
27
18
2
51
12
18
13
67
56
8
76
16
15
29
78
68
50
21
88
6
23
80
46
108
10
4
90
29
79
43
52
39
88
21
6
34
57
35
45
9
5
35
16
34
62
36
77
11
52
8
25
62
14
106
6
111
43
29
62
55
7
17
64
29
23
28
111
45
18
12
65
19
58
32
23
97
117
11
78
16
22
88
2
20
1
12
44
111
55
15
59
32
45
4
45
29
21
66
67
40
22
100
35
24
7
7
35
23
22
9
16
56
40
59
32
52
26
10
41
6
11
13
64
2
2
19
11
64
71
33
1
10
67
143
26
60
33
19
12
4
11
1
65
15
82
112
36
28
22
6
66
14
39
32
10
19
96
151
8
3
47
14
17
24
60
1
12
10
36
11
79
56
34
62
22
30
5
23
19
2
13
33
29
60
16
77
8
34
51
44
2
1
48
14
26
22
44
16
3
23
67
40
94
67
20
13
58
67
19
16
36
8
41
19
4
11
44
0
35
31
18
0
10
25
13
17
107
4
10
16
6
11
58
105
82
83
3
34
12
56
37
26
9
11
38
20
12
20
62
17
33
37
16
65
26
76
12
45
5
30
13
6
32
81
8
17
34
30
13
20
21
16
12
112
43
41
44
1
9
66
102
72
47
54
35
63
31
35
46
10
16
9
21
15
83
17
50
115
7
15
8
42
12
10
5
6
89
55
33
103
83
4
18
41
11
10
5
12
33
24
25
20
5
48
42
14
52
47
5
49
39
5
28
40
31
28
37
20
5
41
1
46
14
55
12
59
22
61
24
13
4
9
2
38
92
0
27
9
56
12
14
63
101
7
12
29
12
32
15
10
30
18
42
43
32
102
27
111
42
23
16
73
15
3
13
72
10
46
40
38
10
7
47
63
33
46
97
2
38
41
53
41
20
24
28
13
40
6
21
29
8
23
19
45
107
40
102
4
65
104
45
31
20
28
39
33
88
6
2
31
14
6
35
62
6
75
14
33
15
12
54
7
40
54
46
24
13
30
42
42
41
36
7
42
29
64
51
22
10
52
53
80
82
31
15
35
12
26
3
65
9
46
6
13
52
50
57
25
83
29
55
96
3
9
58
38
41
87
26
39
26
46
5
73
29
57
33
67
75
15
46
48
79
9
26
108
0
31
14
47
41
15
26
24
39
8
19
25
48
29
29
48
79
113
21
52
27
10
91
31
96
12
27
29
48
63
20
41
52
3
58
22
40
23
30
14
65
48
48
54
22
4
8
76
0
30
32
96
63
26
20
10
48
53
49
13
17
23
3
23
2
1
4
5
65
11
37
12
98
58
79
14
20
76
20
15
21
40
19
110
11
6
53
53
37
54
46
8
10
26
42
17
4
32
20
33
65
99
4
78
65
11
49
81
38
22
68
24
24
34
14
18
11
15
9
79
39
47
41
27
56
14
23
67
43
60
16
14
85
97
18
33
2
64
15
31
57
17
1
31
25
4
53
44
22
7
14
55
27
1
41
4
0
50
48
22
12
83
24
26
7
3
22
42
99
42
22
35
42
31
28
38
0
41
57
5
21
59
24
16
87
10
6
16
22
7
44
24
32
85
27
84
51
44
11
24
23
19
17
28
33
7
56
30
3
65
14
13
14
47
47
132
30
97
6
54
21
32
13
37
23
57
21
37
1
21
8
63
71
5
12
40
22
23
63
10
3
2
0
2
8
37
22
8
32
1
18
19
60
37
81
43
2
60
1
15
35
36
68
51
58
21
0
20
47
96
25
8
8
54
91
78
25
60
14
52
7
24
9
38
1
2
16
37
36
17
13
104
62
5
54
28
31
28
44
17
0
5
58
15
48
59
73
26
0
24
17
15
23
26
79
25
42
39
19
30
21
37
76
16
48
2
3
4
51
18
39
59
48
13
2
15
82
31
10
80
11
76
8
2
64
11
14
33
35
27
42
49
42
13
31
42
23
64
3
21
24
8
48
11
39
2
57
6
13
25
2
40
68
2
29
69
17
72
53
22
10
34
5
2
65
31
14
90
45
7
38
8
99
22
38
37
22
9
25
100
52
50
39
23
49
1
41
27
42
23
3
18
15
30
8
14
4
28
31
21
56
59
10
27
34
11
54
49
22
8
20
36
2
5
40
60
56
4
14
0
13
50
40
16
25
18
57
9
34
8
2
9
30
37
57
1
9
33
9
24
12
12
29
17
21
60
10
4
21
34
8
36
2
27
67
45
51
2
18
32
92
42
15
42
75
13
8
0
24
15
24
44
40
16
47
32
3
36
55
31
36
57
84
11
40
11
20
52
23
28
29
36
18
17
50
27
2
48
3
5
35
9
18
24
4
18
28
7
14
25
31
37
11
62
19
18
28
12
28
42
25
1
14
83
38
44
6
22
41
10
21
40
5
8
8
50
43
51
49
12
55
94
17
53
62
24
20
42
5
25
53
29
3
89
7
32
2
29
27
19
57
4
3
46
51
63
44
24
18
28
34
25
40
10
51
3
12
60
79
9
24
14
19
1
22
90
68
43
27
29
28
3
13
1
17
24
30
39
25
1
24
11
28
2
11
6
78
14
9
18
21
11
10
47
33
31
32
87
34
41
55
93
25
30
11
9
120
32
65
27
24
9
63
11
58
67
20
29
17
35
33
46
3
20
7
2
1
23
6
61
18
49
7
21
22
33
21
43
25
52
53
20
4
117
35
14
30
2
115
40
10
15
55
35
18
39
31
21
11
1
9
2
3
36
19
22
45
6
9
61
26
29
72
0
44
19
74
3
37
11
35
14
11
2
21
59
48
1
36
28
30
46
51
52
47
9
7
5
69
41
63
58
31
29
35
35
44
26
7
25
7
1
30
13
14
19
19
1
28
36
4
19
10
14
37
4
55
51
22
7
7
46
69
35
57
16
5
24
6
46
15
46
37
40
2
9
17
43
0
24
14
60
4
53
70
20
2
23
7
38
53
47
22
55
17
12
29
40
44
17
16
37
23
9
6
60
30
13
21
41
15
17
30
36
17
55
20
24
18
40
15
9
21
21
22
54
14
35
6
22
15
40
27
10
35
16
11
8
41
45
12
35
5
24
19
36
13
18
24
7
5
42
52
17
36
2
34
4
4
22
13
35
20
51
65
11
21
63
36
3
2
23
33
21
7
8
54
2
16
40
15
8
60
2
17
41
6
30
28
12
20
41
20
2
36
7
0
20
9
30
47
9
4
6
40
5
28
80
25
23
7
26
8
41
2
43
42
34
41
26
12
0
3
35
26
23
8
9
69
18
15
32
19
40
11
4
45
99
20
30
0
50
34
19
17
76
11
9
50
51
28
41
43
31
10
5
26
12
30
3
11
35
57
22
6
9
5
12
15
5
9
13
41
8
7
1
30
25
28
1
81
5
47
56
15
4
16
30
22
4
0
6
49
1
31
8
25
18
3
27
32
19
49
7
47
28
1
17
15
1
46
0
4
31
49
40
59
16
31
41
20
25
0
18
2
41
7
20
40
36
27
27
22
6
25
21
20
31
22
2
0
9
24
9
9
24
8
23
35
5
19
8
30
37
24
12
21
25
26
0
35
27
45
35
24
11
36
12
6
14
34
59
68
20
7
34
18
31
8
8
33
64
3
0
14
40
25
39
23
14
1
18
12
33
20
15
24
35
23
37
8
12
2
4
10
14
18
5
25
14
46
3
3
12
15
86
36
45
19
28
1
49
6
81
31
15
4
30
32
32
28
0
4
10
20
23
37
31
11
7
8
15
11
5
5
56
22
29
24
35
39
34
17
7
32
30
14
23
1
31
11
74
17
11
27
32
51
14
13
9
65
1
22
22
23
8
34
8
4
54
19
6
5
20
12
30
14
7
8
41
26
3
26
22
17
51
55
42
23
9
60
36
3
51
82
29
14
1
23
7
14
13
6
9
21
8
53
13
10
37
37
8
13
30
72
16
24
9
59
10
14
44
8
21
14
12
5
9
24
13
5
10
29
15
16
8
19
15
21
15
39
22
20
14
20
11
28
58
26
38
13
30
23
38
21
13
17
9
21
27
41
8
2
16
16
2
50
25
29
2
17
32
4
35
17
6
18
8
11
45
21
32
8
15
53
51
32
11
37
44
62
9
28
20
12
5
6
13
28
8
22
3
19
9
9
26
10
14
11
21
43
1
26
2
56
49
23
45
1
14
12
16
1
35
26
9
27
34
13
25
20
4
27
3
8
11
36
18
11
8
18
32
17
8
33
29
17
19
39
40
29
3
12
33
2
21
42
22
1
23
4
29
61
20
14
21
6
54
1
25
15
13
4
31
65
30
1
25
36
58
15
24
10
13
28
14
40
25
17
17
9
28
47
21
4
28
10
1
13
19
9
13
1
0
21
8
21
16
2
29
25
11
46
33
14
19
0
11
41
37
1
1
15
2
9
6
33
2
19
43
13
9
37
9
25
20
9
5
31
24
27
33
4
21
15
16
15
3
12
22
7
9
17
9
24
10
40
9
7
21
19
1
19
5
36
33
10
14
14
20
3
5
39
11
10
1
14
6
19
20
7
4
14
5
5
10
33
11
1
35
50
14
14
0
9
18
44
29
4
24
8
31
9
9
12
5
20
3
15
43
9
3
44
20
6
19
11
2
14
12
17
33
9
2
14
4
35
5
2
10
5
42
15
15
26
10
0
19
29
14
6
21
30
0
35
5
18
23
6
10
43
2
10
24
29
36
5
2
9
5
30
28
1
30
6
7
42
20
11
28
2
17
24
13
10
31
2
15
12
1
21
22
19
24
9
20
10
7
11
16
19
6
5
11
23
5
27
11
4
9
2
2
13
1
19
3
7
12
20
21
7
30
1
5
2
4
7
8
19
12
13
3
10
1
22
15
5
10
12
15
3
11
27
27
24
3
3
12
5
12
15
22
7
2
10
16
19
21
6
7
14
8
4
13
7
12
46
4
2
7
16
9
14
18
2
3
14
10
15
10
15
21
3
24
10
14
17
5
17
5
11
21
5
8
13
4
1
9
7
13
17
3
8
5
12
14
23
11
23
2
16
11
3
12
1
7
10
30
16
5
10
3
16
0
8
10
1
9
40
14
8
14
12
22
1
19
0
15
7
2
7
9
7
2
5
24
4
11
6
2
16
9
24
7
24
11
16
16
3
11
1
1
14
7
7
15
2
16
13
2
3
11
19
10
9
9
6
11
9
2
2
6
10
8
3
10
18
7
15
13
3
12
18
7
8
10
2
0
12
10
12
18
18
6
19
13
0
8
16
13
1
21
4
3
1
2
9
14
8
4
1
7
2
22
9
5
4
2
1
4
10
8
4
16
2
5
1
5
3
4
9
7
5
5
15
9
10
4
9
6
8
1
8
0
10
10
8
11
0
4
4
6
10
3
2
4
3
2
4
8
3
11
2
6
3
3
14
9
1
1
9
11
6
2
0
2
11
4
5
1
4
4
11
4
2
1
8
4
1
5
3
4
6
5
2
1
13
7
2
6
3
2
3
2
2
1
0
0
0
1
1
0
0
