1
41
24
24
8
14
1
2
27
42
19
36
31
70
35
4
20
8
12
4
84
31
19
36
2
7
13
4
17
1
7
44
30
26
26
31
19
3
18
36
54
12
8
63
30
28
17
17
38
49
64
13
82
11
41
50
28
0
42
57
65
6
49
17
10
34
3
12
2
45
14
41
87
6
57
31
53
80
57
46
15
17
24
43
45
24
1
56
16
29
6
12
1
27
33
3
10
16
34
20
40
0
26
125
29
57
95
30
58
100
89
80
55
43
86
41
24
1
36
59
52
37
42
39
30
71
64
52
15
3
30
145
41
45
29
45
39
14
22
11
23
64
27
44
57
56
1
19
13
47
69
13
58
1
12
25
124
82
31
14
48
20
55
21
42
56
56
14
29
8
29
6
3
25
0
67
37
106
17
35
70
28
104
62
12
17
16
16
52
105
44
87
98
23
4
60
26
12
37
50
61
47
2
89
7
32
30
58
5
6
30
80
20
21
0
44
93
96
8
4
96
41
29
0
30
44
38
38
3
14
80
61
22
16
79
44
16
54
52
64
4
94
44
28
2
81
33
65
15
29
63
15
6
41
24
19
60
49
31
18
40
3
33
18
47
31
28
11
21
63
7
73
54
0
9
24
71
55
99
22
32
33
2
76
14
2
19
1
80
98
122
6
12
68
40
99
72
2
69
4
65
55
41
21
41
37
36
4
18
60
27
84
5
60
14
66
42
2
55
77
34
6
28
83
56
69
17
89
29
26
67
11
47
31
67
63
15
33
64
31
65
3
67
24
90
17
39
4
80
19
60
53
45
89
9
62
4
92
14
28
57
3
87
33
19
64
66
4
38
24
49
5
31
90
0
28
80
2
53
19
91
121
36
7
44
26
4
15
47
22
29
1
74
52
33
44
72
48
75
31
3
30
16
57
4
72
18
8
75
15
112
4
53
24
92
78
80
63
13
18
54
8
87
75
90
30
12
46
8
46
91
30
24
10
7
44
58
7
68
17
32
88
55
61
43
5
21
99
11
70
32
4
15
65
70
75
41
36
15
22
16
74
2
63
28
136
68
16
16
94
40
93
46
22
20
3
25
18
12
36
36
33
42
63
81
87
51
5
19
58
32
12
35
31
39
62
105
66
85
8
52
24
47
14
2
52
40
44
7
33
64
49
44
100
8
27
16
62
49
9
14
16
4
56
54
111
45
28
11
58
34
4
28
7
35
23
84
28
49
117
32
30
57
20
41
5
63
6
8
57
19
19
15
15
68
95
1
55
39
2
51
17
26
71
81
3
21
17
48
84
49
4
51
44
16
11
1
50
8
13
10
23
88
10
71
4
22
7
14
35
45
31
7
53
63
23
8
44
17
60
3
71
43
23
35
52
63
117
60
5
27
16
5
15
78
4
62
12
50
30
40
20
29
11
44
38
35
46
50
13
25
11
22
67
114
75
62
61
43
8
23
38
73
44
126
5
48
3
52
9
13
50
9
22
10
28
62
24
28
70
25
37
30
81
49
1
60
68
26
5
7
83
13
11
9
32
26
103
41
3
18
5
41
3
48
70
45
49
77
14
27
40
19
4
27
24
71
41
76
30
98
13
50
39
25
70
85
17
15
1
62
55
13
113
5
32
20
12
2
43
78
11
18
30
3
18
96
72
92
13
8
36
8
11
34
11
78
36
31
2
29
26
88
51
38
114
30
11
55
37
14
46
16
56
38
16
28
33
14
4
15
9
15
37
8
74
60
28
17
51
19
38
8
32
42
26
17
34
15
30
52
2
3
53
24
9
17
90
19
75
89
8
4
45
60
44
14
72
48
14
9
34
74
76
30
0
20
57
59
21
34
50
10
15
49
27
20
57
47
38
2
24
11
4
34
40
5
12
45
25
52
77
19
8
15
29
9
41
18
51
76
19
18
86
27
12
70
7
39
27
21
21
10
7
30
29
56
7
52
3
13
38
25
42
10
53
85
80
7
58
22
79
28
64
44
9
51
58
11
4
24
43
39
5
41
72
0
30
33
7
10
6
33
21
59
21
214
9
33
5
30
4
27
34
21
14
4
70
14
57
33
19
61
40
11
84
21
52
25
25
19
104
10
70
12
41
32
33
6
35
29
49
64
3
36
37
45
24
51
17
0
42
61
10
19
41
20
15
2
37
30
78
93
21
58
21
14
16
129
7
34
4
31
44
23
10
41
18
21
60
42
29
19
25
25
42
19
84
24
41
17
7
42
35
62
74
34
42
60
43
15
30
17
34
28
10
52
74
87
12
35
86
38
80
21
71
21
9
10
27
3
30
4
91
46
4
62
50
24
40
49
114
44
13
34
28
2
22
2
34
35
41
53
62
28
33
0
64
7
54
58
3
40
17
5
17
24
50
71
35
39
36
49
1
3
55
25
20
130
8
30
65
11
7
16
1
45
63
11
22
20
15
52
89
18
38
2
22
26
75
37
26
38
17
60
84
65
71
30
23
41
19
53
101
20
7
25
13
64
13
29
24
72
70
2
1
55
27
78
28
39
88
26
14
53
14
3
39
4
16
15
61
41
11
16
34
32
24
13
51
25
12
37
20
38
24
31
2
63
11
18
54
93
17
34
48
35
38
25
17
33
38
32
1
59
39
49
16
7
23
12
34
25
8
9
57
20
20
15
24
44
45
8
18
34
41
67
14
21
21
8
34
40
28
51
19
9
33
86
5
0
6
27
2
7
14
8
31
10
26
32
22
45
60
47
7
7
89
19
55
48
32
16
23
30
42
6
23
11
12
60
58
25
53
43
27
25
27
76
12
3
11
30
72
31
93
64
15
10
52
18
8
67
14
10
22
22
3
30
43
28
61
2
103
39
14
35
38
52
83
68
79
30
10
73
28
20
46
6
35
38
27
6
30
53
37
46
12
5
18
55
21
12
53
13
8
30
33
49
43
21
52
46
25
13
58
2
8
3
42
1
24
30
81
29
50
5
71
23
7
1
40
39
87
32
31
1
58
39
31
15
34
66
21
18
94
12
13
40
53
8
10
98
70
43
90
37
7
65
5
14
54
19
59
26
3
71
57
94
3
8
8
7
45
73
94
28
67
43
35
12
30
0
33
52
72
33
3
30
54
28
6
53
1
59
14
37
13
72
19
31
26
53
9
45
36
20
61
26
114
54
31
23
27
65
32
25
26
7
23
14
34
7
9
55
5
26
33
25
16
88
18
33
24
24
20
35
26
69
32
24
1
2
21
27
78
78
21
43
26
6
56
6
46
40
3
43
52
3
71
13
10
8
2
30
7
46
49
18
15
68
12
13
38
36
20
32
14
18
51
17
105
11
10
36
7
15
32
23
23
15
13
6
54
20
18
15
5
24
11
48
31
0
0
25
1
38
18
18
60
34
34
21
74
13
20
16
4
51
32
18
2
40
26
9
6
2
7
16
34
13
51
63
47
54
6
63
6
8
67
58
5
59
55
57
0
10
116
36
26
16
17
2
41
1
21
2
5
8
22
30
17
69
1
24
5
41
24
11
5
47
2
25
32
15
36
1
51
17
13
13
9
33
2
31
6
14
39
2
49
21
24
56
17
37
28
7
49
84
15
38
18
60
10
37
15
66
42
4
42
3
45
50
28
40
45
17
52
25
33
19
50
60
5
41
10
24
1
2
15
37
52
36
15
13
45
7
16
16
14
19
33
14
4
34
5
4
44
54
13
13
49
49
4
11
21
24
17
37
35
4
34
46
5
11
8
20
6
12
7
58
3
63
11
33
22
3
2
53
38
12
17
11
23
39
8
13
40
33
16
39
21
4
18
28
35
18
6
22
7
4
36
46
37
13
35
25
8
30
15
23
9
38
29
38
52
45
26
18
34
31
25
9
9
15
8
3
66
6
4
14
37
38
30
16
16
9
47
19
23
13
0
14
61
38
30
52
7
37
48
15
10
60
4
36
52
4
16
37
20
21
7
54
16
54
49
12
4
13
2
32
22
20
8
54
49
6
37
49
17
11
11
36
8
48
5
14
43
5
53
4
52
18
13
18
21
22
38
42
44
23
35
44
12
86
2
13
1
79
20
29
12
46
44
50
12
1
12
18
26
6
5
35
14
31
4
13
63
7
7
46
20
8
8
18
59
7
17
58
17
17
17
11
6
23
21
45
34
13
23
30
5
2
22
23
22
15
1
12
36
2
51
13
53
69
21
29
2
41
83
45
35
84
16
6
30
38
45
21
32
34
2
48
20
1
5
13
1
37
41
31
1
9
19
35
3
84
3
26
28
14
18
1
10
44
28
31
38
19
31
17
35
41
22
15
17
14
37
34
12
22
39
2
6
14
43
3
25
20
14
8
12
7
41
16
1
11
11
52
8
45
25
14
48
37
1
48
1
37
27
9
5
48
7
28
17
5
26
0
14
3
4
24
28
0
35
14
17
28
14
1
24
75
33
24
39
4
7
9
20
30
6
25
34
3
18
31
36
16
12
35
3
1
31
3
27
34
34
44
3
1
38
29
25
18
11
21
1
7
26
31
17
23
7
1
4
24
43
31
61
54
15
1
35
17
45
5
62
36
2
7
37
45
30
15
38
76
36
24
23
35
5
23
3
3
16
8
32
30
23
40
26
43
70
1
5
12
5
15
8
9
5
29
29
16
10
15
27
56
15
25
12
18
11
3
24
19
31
22
8
15
47
45
7
21
55
14
42
5
43
26
12
4
18
20
63
21
10
24
26
15
26
2
16
3
12
9
10
3
1
24
50
44
36
4
6
17
11
22
36
42
21
41
25
33
35
8
21
15
12
11
19
37
3
28
3
16
55
2
4
16
1
11
27
18
25
13
10
6
2
32
16
8
5
52
10
10
48
23
2
2
19
21
46
11
22
36
4
15
3
27
8
10
8
1
12
11
45
11
13
6
4
18
22
20
13
9
48
16
17
13
61
1
9
30
48
27
9
8
5
37
23
15
26
12
16
4
16
22
41
14
37
8
18
1
7
55
34
35
13
13
50
9
5
48
24
19
2
9
14
52
32
4
7
10
11
5
9
24
13
64
8
39
29
30
11
34
16
37
22
4
16
14
20
39
22
6
10
0
30
4
22
23
21
4
13
14
3
8
10
1
23
20
12
19
18
10
16
8
4
28
3
5
29
12
39
49
1
15
17
25
32
6
44
0
4
11
13
3
20
13
38
5
10
40
1
39
22
32
37
8
10
11
14
12
16
18
27
29
1
37
32
13
9
2
25
10
22
14
7
2
1
17
41
4
23
19
16
14
41
9
28
17
18
0
5
40
20
20
38
11
4
1
33
6
15
6
5
17
14
38
3
6
11
1
8
10
47
21
39
37
6
18
22
31
53
4
24
12
2
5
21
11
12
36
18
11
20
12
2
22
20
2
14
0
16
13
7
24
21
18
14
27
16
8
13
29
1
6
18
28
10
28
3
22
18
16
29
6
8
2
11
9
6
23
12
17
22
8
13
27
2
5
2
8
15
3
18
13
12
17
42
19
14
4
21
5
17
15
6
4
9
18
9
5
6
2
19
13
7
4
3
41
11
8
15
4
18
20
1
16
3
11
2
23
13
23
21
17
4
13
12
4
1
8
3
7
22
2
0
14
14
2
2
12
32
3
24
25
11
10
15
10
3
3
26
7
11
11
13
15
17
23
32
27
5
2
9
5
23
12
19
0
12
6
8
19
11
13
24
21
7
2
3
2
19
3
20
2
10
17
9
27
14
6
11
12
3
19
12
2
8
0
6
5
10
3
6
3
19
9
7
0
11
5
5
20
24
4
6
7
8
12
8
7
4
4
11
8
7
19
7
9
7
1
2
4
5
18
4
9
2
7
16
7
12
1
1
8
8
3
7
4
11
4
3
7
8
4
1
10
16
6
13
5
15
20
12
5
3
4
4
24
2
2
2
11
6
6
17
19
8
3
8
4
11
6
3
3
13
2
9
14
8
13
1
3
18
16
14
11
9
2
6
2
10
13
4
10
11
5
8
5
6
5
7
3
1
6
1
2
7
12
4
1
5
5
2
0
0
2
2
6
2
3
4
12
3
2
5
1
1
4
2
1
2
3
3
1
1
2
0
1
7
1
1
2
0
0
0
