4
1
5
3
1
47
7
2
3
21
9
13
11
15
21
2
0
6
0
1
18
1
5
13
19
15
18
17
4
17
5
7
6
8
5
22
14
17
1
25
9
1
13
28
2
24
9
1
29
14
9
11
6
4
20
5
11
11
2
22
7
10
15
16
10
6
33
5
4
0
24
1
11
5
12
2
11
1
12
13
25
14
7
3
0
7
1
24
9
2
3
8
31
7
12
1
5
13
18
11
16
6
0
0
15
7
11
20
6
6
4
14
1
36
5
8
12
16
8
6
2
13
5
1
4
16
3
1
19
3
5
0
20
15
18
11
6
3
5
9
19
3
6
13
2
0
7
7
5
16
3
4
1
10
3
5
20
1
19
15
23
1
2
0
5
6
2
1
7
15
0
7
1
12
7
1
16
2
4
6
4
0
8
11
11
10
3
13
9
3
2
4
12
10
1
4
15
3
1
7
2
7
6
1
13
5
1
6
5
3
4
4
14
12
9
6
0
4
6
4
8
15
3
2
4
7
3
0
8
11
0
9
2
5
8
5
9
4
5
2
9
2
7
5
1
2
0
3
6
7
1
0
2
1
4
4
3
0
4
2
5
2
2
1
0
2
1
1
0
0
