2
37
5
30
18
16
5
9
5
5
9
66
32
57
17
43
41
35
16
40
12
11
17
57
2
12
79
2
19
128
24
61
43
19
57
8
4
29
3
3
45
14
18
18
35
53
5
16
23
34
25
6
26
53
18
15
3
34
94
49
48
11
38
24
29
46
90
3
65
7
26
33
38
48
28
40
60
3
116
61
37
26
34
63
54
15
10
69
39
40
25
10
75
13
104
34
26
43
52
9
6
19
18
21
58
21
11
42
41
14
41
65
26
22
53
32
28
1
15
13
21
9
9
50
47
38
45
19
14
109
43
8
76
39
8
2
33
33
110
6
26
44
74
35
17
20
56
17
31
77
109
89
63
44
102
19
40
46
77
49
79
21
19
30
48
40
7
23
20
20
31
83
73
35
23
22
95
58
52
47
32
51
2
28
15
21
11
19
48
120
34
37
61
50
6
10
5
52
52
63
121
24
74
40
21
77
3
12
12
22
6
77
0
111
38
78
7
14
71
33
62
90
6
85
21
108
57
10
88
74
26
42
14
1
81
18
10
24
1
39
15
31
20
27
7
30
14
62
27
22
31
21
43
21
13
46
34
16
81
2
2
85
18
25
32
85
37
81
23
17
63
54
33
9
83
12
18
20
118
41
11
48
40
19
70
25
20
45
1
59
6
6
4
6
4
28
28
20
68
19
52
40
50
51
36
58
15
82
2
55
40
160
139
1
95
35
15
18
9
13
128
8
47
67
17
71
23
34
26
36
33
12
15
52
6
23
55
72
13
44
20
78
50
58
7
45
36
71
14
15
42
62
103
74
63
32
15
58
12
57
69
17
2
10
41
59
40
40
32
40
2
19
1
8
85
39
1
58
23
37
67
51
37
27
17
92
74
124
66
45
4
16
16
80
35
46
62
9
30
73
37
97
62
36
35
47
59
48
37
99
27
31
19
36
49
60
16
11
35
8
10
18
20
68
72
51
24
47
71
14
2
6
27
49
23
41
39
17
100
115
35
47
11
2
22
28
42
39
53
11
44
50
26
4
56
48
13
59
40
33
136
51
14
84
56
88
10
55
45
52
24
10
35
74
28
7
59
47
42
14
4
19
13
48
19
4
1
27
21
57
29
25
58
41
61
44
75
18
47
83
98
3
19
114
4
61
25
33
8
29
90
15
54
94
0
75
3
23
45
54
52
22
14
16
46
4
43
7
22
11
13
10
20
22
77
59
15
52
13
28
70
16
14
25
43
0
8
17
36
26
22
14
1
26
45
22
9
14
61
56
55
30
83
32
7
75
22
23
8
10
8
40
53
21
62
17
38
12
10
2
43
28
32
41
28
70
26
94
36
124
16
30
62
45
39
4
69
35
59
2
38
18
2
33
20
15
84
49
12
12
12
18
4
33
8
13
30
17
95
18
88
3
37
36
52
23
37
78
61
48
70
28
39
5
117
52
20
46
2
0
83
21
7
21
9
15
10
38
24
20
4
10
32
11
1
50
82
44
71
42
34
54
29
43
12
27
45
20
22
23
2
4
32
46
43
58
32
20
42
29
52
23
53
18
2
63
9
12
18
5
0
40
24
16
27
70
77
23
55
33
5
46
6
30
6
23
3
77
1
99
31
26
27
51
39
19
6
44
40
26
40
34
30
3
47
24
15
9
14
16
81
104
15
62
95
23
5
32
2
40
34
14
31
74
103
11
44
9
85
17
33
52
28
10
14
53
26
35
50
41
52
9
5
38
11
11
56
68
1
11
15
11
19
37
36
3
30
4
0
51
18
3
94
10
19
52
32
10
18
104
46
37
76
16
31
21
11
1
40
2
26
101
33
36
43
16
56
8
20
22
90
81
24
7
27
30
22
39
4
75
33
97
87
26
113
44
22
55
29
46
6
72
21
33
19
10
10
25
45
97
54
10
66
42
75
1
31
33
63
55
60
21
12
27
49
28
52
62
35
2
26
11
49
8
21
33
36
12
16
12
7
6
72
75
55
20
2
20
36
66
75
8
49
23
14
22
19
33
24
40
14
49
33
20
47
11
9
41
40
22
67
1
100
29
13
26
44
1
49
11
16
55
56
25
4
26
30
21
19
15
20
20
32
79
103
10
16
3
6
12
45
22
47
3
26
14
18
77
51
34
13
79
6
22
92
29
0
10
16
62
58
38
5
64
41
14
33
18
84
8
12
5
15
0
19
21
28
15
48
57
9
20
56
43
27
5
41
19
69
0
18
1
49
16
13
6
58
3
35
14
47
36
37
119
6
2
11
38
6
59
79
14
14
27
2
29
43
37
17
24
29
40
86
8
3
26
6
96
40
1
15
49
2
15
41
5
4
42
67
2
38
10
36
20
38
7
46
28
22
5
14
26
36
5
6
13
0
28
39
13
18
53
107
40
123
27
6
5
15
8
9
24
55
3
35
15
27
69
50
13
19
12
27
24
62
32
100
6
13
25
14
20
40
7
3
1
106
36
37
101
20
62
16
16
6
33
16
38
28
0
43
27
47
21
5
42
17
32
23
7
40
41
19
2
42
141
33
31
12
16
1
21
11
37
8
85
36
39
1
42
4
17
38
11
4
6
37
32
31
31
58
18
3
3
48
44
36
39
6
16
53
11
31
56
62
91
46
61
25
8
0
57
60
33
41
52
24
20
6
24
50
8
11
8
14
82
21
52
37
15
31
6
15
34
43
15
5
40
68
116
27
22
20
25
59
15
1
60
2
2
25
21
59
34
8
42
51
45
31
10
4
31
2
19
34
20
130
23
11
29
73
2
14
30
30
68
30
23
53
46
46
46
38
9
13
25
20
6
80
50
12
22
58
23
66
14
21
9
1
16
51
25
0
22
4
21
12
0
13
18
14
28
70
23
40
13
2
41
26
16
43
11
1
6
98
20
38
8
50
24
16
19
33
1
6
24
6
36
11
49
22
61
56
17
22
7
22
5
59
10
19
5
1
23
43
47
6
36
55
4
7
60
39
15
36
12
13
20
12
20
33
27
30
51
11
42
15
0
9
11
14
5
91
14
24
2
20
30
47
2
45
8
35
3
24
30
55
104
27
11
59
6
55
26
30
12
2
35
9
14
29
3
28
21
8
40
4
9
9
9
5
35
41
52
19
13
52
59
39
10
37
3
29
15
18
14
57
13
86
28
47
7
29
4
6
56
14
16
44
1
2
21
16
47
51
1
24
11
0
19
45
69
18
32
33
32
19
18
105
27
6
41
31
29
48
30
42
31
45
14
6
1
9
11
5
9
45
32
68
23
19
21
13
13
17
5
11
27
14
26
17
28
21
5
12
6
103
19
9
66
35
13
27
40
61
73
20
55
5
0
77
42
6
21
32
27
16
35
21
92
41
0
63
45
8
31
21
98
51
62
83
31
28
11
6
19
13
7
2
50
37
26
38
3
33
13
52
8
17
21
34
8
11
19
21
33
33
40
6
35
3
12
25
9
21
38
13
57
43
21
13
50
34
22
6
22
4
63
15
11
8
44
13
58
35
10
41
17
41
23
40
54
19
17
13
29
2
13
14
13
41
17
68
22
13
1
14
36
19
13
67
24
8
21
53
46
9
14
22
17
16
53
49
23
39
51
21
19
30
11
18
17
64
2
4
20
25
19
40
30
39
9
42
65
16
9
17
5
83
40
9
18
29
71
38
47
22
67
11
14
5
20
18
12
18
26
16
19
31
5
24
0
56
14
1
5
46
51
16
0
8
39
9
40
13
16
56
2
121
1
13
15
38
33
41
1
39
12
0
7
1
9
37
4
15
22
0
37
42
2
5
7
34
4
9
22
33
68
11
19
35
3
23
16
3
8
58
13
14
40
12
43
37
2
23
13
23
25
12
13
2
29
53
9
5
37
33
27
30
24
17
17
8
21
5
32
24
8
59
18
39
0
19
10
24
8
0
16
60
11
28
24
33
37
18
12
5
15
1
31
6
58
18
11
73
18
41
25
14
51
51
10
55
14
19
21
13
16
65
1
4
18
51
33
28
32
31
1
23
15
52
57
96
23
4
40
60
38
20
37
52
24
7
12
40
32
37
4
20
20
16
36
18
23
43
4
9
27
48
13
6
24
10
11
4
23
10
24
47
23
4
18
32
11
43
31
31
4
10
13
9
19
33
20
44
44
23
12
24
56
23
12
42
2
26
5
13
11
0
75
27
7
10
1
3
20
29
10
26
21
30
14
2
11
26
8
27
6
10
15
26
43
4
2
17
31
12
11
1
28
18
12
37
40
8
31
51
17
14
38
36
36
23
1
17
10
43
49
25
2
12
17
17
10
21
22
49
38
5
17
2
12
9
41
25
23
19
16
5
5
10
58
13
36
38
3
3
1
14
2
37
50
33
9
9
17
54
5
10
6
35
42
26
34
22
18
2
39
0
1
64
15
22
6
0
58
32
42
58
19
25
27
21
31
6
32
17
11
10
52
13
1
11
22
27
1
56
13
6
26
7
17
22
25
5
13
39
15
28
4
29
37
1
12
23
27
22
28
12
18
6
9
34
32
9
25
17
54
16
27
7
33
22
29
12
23
42
53
22
43
0
32
55
12
3
18
14
23
9
19
39
10
3
19
11
16
35
50
47
45
8
18
18
13
11
51
34
17
48
0
7
4
5
58
23
26
47
9
22
7
3
6
38
13
18
17
21
24
20
10
2
0
1
8
35
10
21
1
5
33
26
54
52
68
59
17
24
29
2
10
3
49
10
8
5
5
12
48
23
6
19
7
9
44
29
50
7
45
17
11
60
20
8
21
3
8
14
11
13
19
28
3
6
3
27
34
12
24
6
55
42
21
31
3
0
40
24
4
27
23
13
1
44
20
35
36
19
8
33
12
26
11
6
21
19
26
35
18
26
1
4
17
2
6
21
16
24
20
14
19
2
40
5
13
17
44
12
33
18
22
13
7
33
29
1
12
6
52
27
12
9
13
55
23
2
4
35
1
11
36
25
6
30
14
2
33
30
3
13
4
39
7
30
43
8
12
27
6
52
6
26
13
31
11
15
2
7
38
4
22
1
5
4
13
8
42
23
21
38
17
26
1
12
36
27
10
1
52
11
8
13
13
76
1
16
38
0
25
10
9
20
9
5
13
20
2
6
19
3
14
19
33
23
0
22
19
8
13
29
5
14
17
13
2
17
39
39
29
13
1
2
2
17
35
33
11
1
8
21
21
38
29
10
16
22
17
4
28
2
1
5
20
19
17
40
27
19
17
2
33
3
36
35
23
21
1
1
3
10
15
7
23
11
3
21
2
8
44
1
17
11
9
28
25
10
32
20
38
5
38
1
0
12
21
13
7
11
1
7
34
27
6
28
3
22
2
13
8
1
4
23
9
11
11
40
12
27
1
17
29
4
38
0
19
17
0
18
16
27
6
12
3
2
1
4
20
29
20
22
6
29
8
2
6
7
16
6
3
12
32
6
20
5
3
6
4
5
9
12
6
2
49
12
16
25
23
6
11
5
5
24
20
31
12
15
34
0
6
15
18
13
3
24
3
22
13
13
17
3
1
8
34
1
18
4
31
4
34
32
5
0
15
9
14
36
3
6
6
1
1
15
16
20
17
31
1
15
12
41
32
3
16
18
10
5
23
11
11
10
8
3
15
8
1
4
2
13
8
18
11
8
38
2
4
3
8
11
5
5
27
15
7
10
1
2
4
6
21
13
1
5
5
5
1
23
29
21
14
9
6
1
12
7
10
8
15
0
9
5
19
12
3
12
9
23
6
1
15
1
19
5
22
6
5
16
10
16
2
16
8
3
18
2
0
8
12
6
5
3
9
9
5
6
12
32
9
1
7
2
9
15
2
10
8
9
19
7
15
12
8
14
7
3
3
7
26
11
4
5
9
6
6
23
17
5
23
12
5
7
13
13
6
7
14
6
5
2
11
5
0
6
5
11
10
6
1
20
2
8
2
31
8
6
12
17
3
15
2
5
5
7
4
19
14
13
7
12
2
0
9
14
9
8
7
1
5
4
2
7
5
4
20
9
4
2
5
2
8
1
4
4
6
4
2
5
1
9
14
4
4
2
1
13
2
3
13
4
1
2
4
2
1
8
3
0
4
5
8
0
2
0
5
1
2
1
3
2
1
1
0
