15
16
63
5
66
7
40
27
71
21
15
2
39
30
7
42
73
19
69
6
17
2
18
102
89
5
4
25
40
25
62
3
5
25
8
35
13
19
28
32
40
11
3
33
9
79
51
6
42
28
22
9
38
40
34
20
25
62
2
14
23
86
61
15
50
86
50
8
14
0
11
27
5
11
69
51
45
58
49
15
25
37
23
12
18
29
23
67
48
28
18
10
25
2
18
45
63
42
32
67
62
9
13
63
30
81
37
4
9
35
25
15
31
20
28
30
33
35
46
35
77
12
15
8
63
21
58
68
32
3
32
11
54
22
5
36
22
37
45
43
4
1
21
11
49
8
46
43
76
11
56
21
151
15
16
53
25
84
33
21
149
15
39
4
9
15
33
86
48
41
54
8
23
39
15
48
28
8
131
35
8
105
37
2
49
87
79
10
18
33
49
88
14
24
22
62
24
36
12
93
78
110
11
7
22
40
56
40
33
59
33
8
18
39
1
17
60
28
7
74
53
14
43
50
14
69
22
16
7
72
89
0
70
39
59
7
23
26
3
85
38
26
4
15
22
40
19
71
33
25
34
51
54
8
10
21
16
28
6
106
47
112
26
26
106
12
79
34
18
60
22
69
16
36
4
24
58
3
22
17
30
58
10
53
13
30
19
50
76
25
11
73
5
39
56
46
21
6
22
47
16
19
30
5
17
36
11
47
33
69
11
66
0
0
25
51
9
25
107
26
31
89
14
8
33
61
93
1
70
24
32
84
43
121
33
4
36
7
52
20
53
51
16
75
19
5
71
65
3
11
54
37
17
82
3
22
27
29
68
30
75
15
44
11
16
68
12
76
19
9
10
34
2
59
7
52
23
21
6
32
16
1
12
20
58
58
9
103
108
34
60
4
36
58
68
44
60
18
76
3
39
42
34
120
61
70
35
3
39
5
14
5
55
119
30
18
112
12
16
11
60
15
52
91
61
20
41
11
42
18
20
75
50
32
1
100
37
2
15
17
38
18
46
14
17
14
60
30
10
58
18
17
26
1
6
55
16
44
5
21
23
48
79
3
22
56
23
37
72
28
4
41
63
64
13
6
30
1
7
13
73
3
61
39
5
79
1
7
28
43
10
18
13
36
25
31
15
32
25
44
20
29
13
50
1
45
43
6
69
60
62
91
91
9
56
24
46
89
11
29
61
27
36
29
50
108
28
25
11
59
30
35
1
103
8
9
41
10
2
39
74
4
91
106
51
5
11
30
47
0
40
4
4
32
43
46
44
63
78
51
52
33
13
47
3
46
22
29
102
72
37
5
17
13
73
76
11
42
45
17
14
40
14
33
50
6
41
17
41
78
27
54
74
11
80
107
29
85
40
33
41
45
43
37
61
58
8
35
83
53
5
18
5
20
50
28
33
50
47
70
29
31
1
40
29
1
4
28
27
19
79
3
54
87
57
26
46
64
108
59
56
30
110
35
52
19
35
4
30
28
117
49
22
40
13
6
38
23
46
1
18
107
17
12
28
51
37
15
37
30
14
41
18
8
32
40
35
20
63
40
4
41
33
99
34
48
29
118
15
17
91
25
168
57
50
35
68
71
7
28
14
3
18
55
126
62
20
114
1
21
79
80
1
19
55
8
22
90
39
0
33
46
1
67
55
35
44
1
33
60
50
31
52
20
27
38
30
52
62
83
9
21
74
43
19
1
50
46
3
15
5
43
11
17
61
62
7
14
10
13
18
44
25
3
45
6
30
79
118
13
55
36
62
17
91
1
21
40
49
92
8
4
66
45
75
111
11
21
24
62
36
32
59
46
35
15
12
6
18
47
6
56
22
2
7
1
60
6
43
24
28
16
53
89
20
16
74
70
89
36
43
23
9
5
22
56
12
13
89
89
15
30
37
43
60
33
38
11
86
50
2
8
37
51
81
22
21
12
50
9
30
4
96
16
59
11
63
8
15
78
28
8
13
27
56
34
79
39
13
15
20
29
80
22
30
20
38
15
14
43
37
34
14
1
49
13
44
0
47
55
38
27
25
36
8
8
35
0
7
91
40
82
48
65
16
23
26
18
13
47
30
33
14
42
31
3
5
65
73
17
50
14
37
10
29
24
8
4
21
28
44
7
67
2
29
51
4
52
27
74
76
28
1
7
87
25
12
69
14
8
31
7
44
26
56
47
8
8
12
28
3
51
2
54
13
7
44
48
10
53
93
58
79
117
69
37
95
12
3
34
38
42
71
22
56
21
9
6
8
29
17
32
7
27
3
20
13
43
31
21
24
49
14
8
20
58
19
56
16
25
31
57
27
42
19
17
12
23
15
37
62
27
10
14
23
6
9
111
9
15
4
53
22
20
26
0
29
23
37
18
44
20
14
172
0
15
12
40
73
54
89
38
43
6
2
14
32
8
3
8
10
20
16
35
0
38
66
1
32
7
28
17
31
17
3
53
42
29
6
26
26
27
31
47
28
11
1
45
5
51
62
74
14
76
53
1
42
1
45
3
14
22
7
12
47
15
19
45
15
36
60
43
47
6
35
46
71
20
9
26
11
24
13
48
1
21
15
93
15
37
63
21
56
53
53
77
37
8
2
40
26
14
26
42
25
21
46
3
16
23
54
9
10
44
6
40
40
46
19
33
78
28
32
35
42
39
13
17
58
55
5
67
36
112
57
77
15
6
4
21
51
3
48
2
17
21
19
73
2
56
6
11
101
50
27
61
7
11
31
19
43
26
24
25
49
26
2
44
48
18
27
38
36
33
58
83
21
16
52
6
1
48
5
56
24
37
19
26
58
47
24
46
33
14
45
13
19
12
19
39
11
40
33
21
42
11
35
3
6
7
28
10
38
71
71
20
24
47
81
108
21
5
52
19
6
12
42
2
45
42
36
19
9
57
7
55
55
9
1
5
40
4
36
5
13
35
42
32
33
60
15
15
33
57
3
46
3
56
29
28
17
14
10
12
32
4
23
14
42
1
3
33
23
18
5
11
80
11
45
24
46
8
12
23
37
46
43
46
14
97
36
44
10
55
38
33
1
10
53
23
59
14
6
9
30
13
83
5
19
1
58
27
12
50
49
10
14
63
7
18
20
26
2
30
31
69
18
14
21
62
11
8
65
34
26
21
20
69
43
17
16
66
3
28
94
20
63
5
50
3
14
84
21
25
22
12
5
39
41
25
25
8
6
35
107
61
13
22
15
5
20
93
44
7
48
10
51
13
37
114
1
55
10
9
20
27
2
22
82
9
20
24
46
31
37
68
42
16
3
14
18
18
8
1
7
28
17
20
7
8
22
23
37
55
36
13
32
31
12
20
24
25
14
5
38
13
34
34
11
0
9
31
17
3
70
9
9
33
21
2
26
10
22
3
74
62
21
10
40
25
34
41
5
19
23
27
39
47
55
42
5
5
8
12
22
49
12
1
16
36
27
30
69
13
37
21
21
21
49
2
4
100
7
28
26
16
19
21
34
15
10
18
1
60
6
34
38
18
45
18
48
13
44
3
1
33
41
30
15
26
77
47
64
11
21
21
111
13
33
24
64
0
4
16
22
17
7
7
4
16
7
30
17
18
61
7
35
38
40
63
41
44
23
27
57
33
46
57
19
52
9
32
27
9
0
61
41
1
24
34
2
28
7
50
13
13
25
38
15
38
26
36
37
5
25
2
50
7
21
12
5
18
8
3
64
68
14
13
48
10
30
41
26
8
12
3
33
33
10
4
16
38
8
14
27
20
44
4
20
10
60
10
22
17
10
25
22
25
52
50
2
9
38
34
4
21
48
36
1
52
11
8
15
56
21
23
21
32
43
30
54
4
43
21
14
9
18
23
3
34
7
46
38
12
21
1
28
13
1
7
21
5
24
44
23
14
2
0
28
42
9
7
10
17
43
26
45
33
20
10
0
14
14
57
7
38
38
54
13
46
32
51
21
35
30
62
31
19
15
54
8
11
10
30
26
70
9
37
44
9
10
39
30
73
19
12
34
15
22
20
46
12
36
19
10
7
14
4
37
47
4
16
56
32
1
6
17
9
21
35
35
36
93
49
39
52
58
7
23
1
11
25
15
47
3
5
70
33
0
21
19
25
6
0
21
20
5
2
2
20
33
26
8
19
3
55
6
33
59
50
44
21
29
28
22
16
13
9
29
7
3
19
1
67
5
19
9
11
14
71
19
10
46
5
12
11
12
1
41
12
14
28
28
24
26
20
14
21
13
15
5
2
39
14
28
2
13
27
1
26
10
23
15
9
13
3
14
20
29
6
15
47
21
8
18
30
10
18
59
69
45
11
48
23
13
17
12
35
51
31
59
13
19
31
28
1
5
38
36
43
39
13
27
6
51
1
30
15
1
44
34
32
4
56
40
32
20
26
7
2
9
32
2
6
4
11
19
17
1
30
27
18
17
7
11
27
40
38
17
48
1
9
26
23
32
15
11
1
1
11
17
45
12
21
28
35
23
4
27
6
17
19
10
53
6
30
7
16
20
15
14
15
29
22
34
16
15
12
15
15
14
14
30
12
33
0
15
40
2
70
17
27
10
54
16
30
18
16
26
16
16
10
14
41
23
12
0
4
14
3
10
41
33
53
32
55
41
14
1
45
15
34
8
14
27
17
10
35
15
45
7
39
35
55
5
6
8
90
6
4
36
20
8
23
48
46
8
7
13
7
17
3
21
7
56
6
20
18
32
22
34
33
34
9
13
11
2
13
3
24
9
8
10
22
6
23
23
6
9
25
20
31
13
53
16
11
33
21
29
31
19
37
17
10
45
28
46
37
16
17
15
5
16
22
13
57
11
22
18
1
9
14
25
35
30
26
14
10
15
17
1
8
44
12
10
24
21
56
37
11
0
9
1
7
29
43
28
5
18
42
1
2
21
0
8
0
25
41
0
11
8
19
3
5
1
1
3
11
31
2
12
63
2
12
29
53
32
17
24
17
46
8
48
17
13
46
11
3
14
18
22
1
33
16
16
18
18
7
23
25
14
14
12
39
5
44
15
28
65
14
29
4
47
7
31
37
22
16
14
31
4
6
5
37
20
38
4
24
33
26
31
13
30
3
12
2
12
4
9
4
35
7
11
4
29
7
11
16
16
5
29
16
41
27
9
30
14
17
39
7
7
41
25
5
46
13
20
16
10
4
10
1
10
56
19
4
41
21
26
5
33
0
18
15
15
15
29
17
39
30
25
16
15
46
7
18
34
9
22
3
11
32
27
4
7
13
13
20
24
7
2
11
20
21
5
10
26
11
2
2
8
30
18
47
36
36
15
16
3
28
27
36
13
19
30
41
1
9
20
7
14
30
13
9
6
11
39
42
12
10
12
5
11
30
20
13
14
9
5
16
36
10
7
1
17
8
7
1
19
22
10
36
20
1
14
2
29
17
34
18
3
1
17
29
9
18
16
29
20
12
12
16
6
18
10
23
14
7
11
20
3
6
2
17
17
8
6
18
19
10
34
9
3
14
18
7
10
9
16
12
6
9
6
11
28
29
15
22
8
24
8
10
20
0
30
6
14
24
1
2
17
7
23
6
30
4
10
23
19
6
33
24
9
34
10
20
20
3
14
12
25
33
16
11
7
23
2
2
23
15
7
20
21
10
1
9
6
4
3
0
3
34
18
5
25
5
28
25
2
1
16
5
9
19
10
4
56
5
9
4
3
6
20
2
11
13
11
17
13
0
8
3
14
27
6
6
17
20
15
10
7
2
11
13
16
25
14
5
2
4
3
1
13
23
3
0
13
4
8
0
24
7
14
6
17
33
17
9
14
3
1
3
8
11
2
0
4
15
0
5
17
10
9
12
4
18
3
10
9
4
2
4
13
7
5
10
5
9
6
7
3
5
0
18
4
11
16
4
7
10
6
9
10
6
14
5
13
4
0
10
6
16
22
4
12
1
3
5
3
12
4
8
1
6
22
8
4
1
5
5
8
6
14
6
11
3
16
14
6
4
9
5
2
9
7
4
15
4
6
10
3
3
12
0
0
5
4
4
13
10
3
9
7
11
4
8
0
5
12
6
12
1
7
4
7
2
2
3
3
1
10
5
0
0
8
11
1
1
7
3
3
12
1
8
0
6
1
13
3
9
1
2
5
5
4
4
0
3
3
7
5
1
0
1
1
2
0
6
0
0
