12
0
22
18
38
25
3
11
38
31
25
55
21
7
1
12
3
30
5
2
6
1
20
15
25
62
48
31
22
50
14
32
27
19
26
19
17
6
22
30
42
114
10
37
13
9
40
18
19
6
39
27
44
12
50
7
61
50
19
3
74
10
3
25
54
13
61
109
103
26
11
60
69
63
2
38
27
35
30
79
25
40
18
46
0
14
50
17
132
28
69
57
88
15
42
82
36
5
13
96
78
38
109
13
40
90
4
42
166
4
15
25
39
57
29
7
18
112
50
1
45
72
92
95
79
6
32
41
34
36
4
106
17
33
59
96
35
49
67
9
20
12
52
70
4
8
18
40
64
7
53
46
33
15
36
48
26
65
5
13
88
73
29
74
19
110
3
93
57
15
11
65
25
82
22
92
22
26
24
69
37
104
0
59
70
71
42
51
43
66
74
9
15
16
7
20
22
30
60
41
21
4
33
13
42
87
67
3
3
52
13
25
29
52
79
30
74
31
91
55
61
77
30
34
115
71
31
10
48
59
58
5
4
59
10
37
48
36
42
18
24
9
32
11
50
20
7
55
49
40
20
45
72
62
96
47
22
79
65
80
25
34
24
10
60
2
78
5
2
119
10
31
53
84
31
22
22
62
23
33
35
14
76
39
13
8
113
24
15
87
28
42
75
6
22
57
56
51
12
110
76
10
47
34
36
35
53
12
61
20
37
32
15
6
100
64
83
34
31
42
63
90
10
17
24
76
9
15
68
27
24
39
4
20
73
67
100
24
73
8
98
141
18
49
49
30
77
21
39
31
32
69
47
113
40
30
3
27
85
49
47
24
45
27
105
17
58
12
6
49
30
15
52
9
25
71
56
56
44
10
3
13
10
6
42
52
82
22
45
36
83
50
20
13
71
105
7
53
17
20
35
57
36
52
58
26
19
2
37
46
10
60
78
29
26
37
22
79
22
48
99
70
28
61
4
22
8
2
80
64
35
33
60
9
41
38
77
6
47
67
19
100
5
57
35
100
2
6
24
34
116
7
13
43
25
4
20
27
60
31
47
8
58
61
15
56
10
43
31
8
44
19
86
57
20
58
17
38
69
15
20
13
13
4
19
57
30
13
58
27
91
64
12
26
37
3
35
8
45
36
68
28
24
52
23
128
46
19
90
51
40
88
26
73
141
71
19
12
83
3
24
40
23
88
12
7
27
72
21
10
45
27
47
36
59
55
20
13
78
79
9
1
56
55
27
26
8
53
23
3
7
42
18
52
20
37
54
6
35
0
16
1
66
34
5
15
36
3
24
89
0
28
61
79
39
68
13
47
3
59
34
48
28
11
90
8
38
22
15
0
16
51
109
65
193
31
42
70
2
33
49
106
30
22
55
21
18
61
47
73
32
43
75
16
75
80
19
5
51
2
38
26
3
33
52
42
3
18
61
9
22
57
4
88
68
5
63
20
31
53
16
20
8
92
71
91
38
43
18
6
45
40
37
14
9
76
17
14
70
51
67
32
63
13
79
3
20
35
27
51
8
89
12
59
37
38
31
41
77
52
8
56
60
15
28
1
101
46
101
45
34
28
101
81
63
4
10
25
47
13
35
74
27
4
10
5
58
27
29
69
42
39
8
44
0
30
37
77
22
19
40
6
13
36
51
29
73
80
42
33
40
56
50
28
23
34
66
7
61
30
26
77
26
46
4
6
10
18
28
28
45
5
36
11
5
38
75
42
31
13
18
79
43
80
27
36
8
41
24
99
29
53
10
7
27
11
20
54
25
40
77
6
28
27
80
71
57
31
77
39
2
134
84
24
56
21
45
16
25
28
0
22
57
8
11
38
35
53
23
50
2
5
5
106
7
11
63
14
92
40
7
50
13
19
61
17
63
16
19
108
29
63
17
4
46
41
46
25
3
24
37
70
50
42
49
20
7
50
97
5
25
14
66
0
56
35
11
44
74
4
77
54
30
34
37
51
5
33
12
21
32
4
34
51
28
46
7
7
82
7
50
11
25
43
48
48
8
53
14
74
4
1
62
20
12
30
11
11
1
31
49
20
34
27
16
9
54
2
13
40
42
20
25
80
27
47
72
74
2
63
17
28
17
9
26
60
39
31
46
12
37
4
23
29
21
25
41
6
80
30
19
38
42
23
2
15
30
35
40
114
28
41
1
11
40
4
67
55
2
45
13
14
52
18
66
35
70
43
3
29
26
3
41
107
46
62
2
18
58
6
8
24
4
26
36
9
9
38
53
58
27
49
34
4
1
61
7
57
8
2
62
36
14
24
58
36
14
37
11
29
1
28
89
79
14
23
1
16
30
12
35
22
56
17
52
93
39
2
24
37
101
50
10
40
50
11
78
37
11
69
32
31
81
41
35
31
22
16
55
43
20
17
6
35
62
58
15
12
97
8
42
50
33
27
7
52
27
57
10
52
58
75
33
20
87
22
4
29
22
103
33
34
32
42
23
53
58
81
24
7
20
32
70
2
33
25
0
3
23
67
22
14
35
60
21
16
5
23
31
50
55
53
35
0
47
17
77
18
15
35
49
50
87
58
39
65
27
30
20
3
11
37
1
12
2
38
50
33
15
10
18
21
10
34
35
76
103
126
40
57
2
1
28
10
53
20
14
3
18
63
53
18
15
29
40
49
78
21
58
20
42
1
58
17
63
1
2
12
2
67
8
21
9
16
1
15
3
44
7
51
30
13
18
8
43
76
9
13
46
24
34
26
84
17
25
11
12
58
13
3
11
8
19
17
5
17
26
23
61
22
75
3
69
3
14
46
44
19
17
39
24
24
25
17
29
31
109
24
46
49
53
84
56
4
45
17
51
12
24
24
12
1
25
21
7
35
41
51
60
59
40
17
12
46
35
51
15
11
15
11
27
11
10
25
33
29
42
4
19
1
35
5
20
2
38
39
62
78
4
47
54
6
17
3
26
32
18
64
63
53
9
44
33
3
85
70
37
40
48
56
46
8
35
26
71
12
39
23
13
26
5
21
9
57
1
18
13
54
38
25
47
27
5
34
46
33
2
26
46
12
39
50
2
31
33
33
36
35
1
5
9
13
13
35
69
34
3
7
32
98
31
16
31
13
73
48
4
72
73
36
17
41
41
2
9
29
11
16
18
0
12
68
23
39
18
13
13
16
29
16
47
3
2
65
56
5
6
10
66
35
43
25
42
33
18
10
46
3
35
24
15
27
47
18
10
46
23
25
56
5
42
7
4
37
6
39
45
24
54
28
1
64
1
1
25
26
24
3
46
28
36
20
29
23
2
18
74
38
32
18
42
1
3
17
63
2
33
31
90
41
13
37
29
13
8
0
39
2
33
99
22
21
75
20
5
0
70
39
2
30
62
27
37
17
95
7
50
25
61
41
3
54
30
39
30
13
3
14
25
5
6
24
16
30
11
86
31
14
52
6
40
16
17
1
4
28
25
27
60
1
19
53
66
12
9
7
30
42
47
27
23
9
14
89
74
1
38
21
42
25
9
20
16
39
6
10
11
23
11
52
31
6
2
5
31
22
36
13
11
3
50
41
37
1
60
54
7
2
16
20
1
70
37
43
2
9
49
6
23
14
27
6
54
11
11
1
5
20
10
34
27
83
20
30
41
29
10
7
42
17
3
7
30
52
79
37
22
9
48
96
3
6
17
8
17
40
17
37
45
26
24
6
11
2
6
36
6
27
32
49
52
31
7
8
53
17
21
22
4
52
16
28
11
29
50
7
34
3
0
33
1
14
9
75
21
31
35
43
1
21
21
40
28
8
27
61
4
2
21
11
68
3
31
12
43
37
50
88
46
18
43
31
29
67
19
8
10
59
11
0
79
17
13
39
17
9
12
46
6
12
26
20
0
105
38
9
16
7
35
42
46
1
29
77
68
36
37
3
27
46
14
43
13
8
17
14
29
32
44
9
1
13
39
9
6
37
5
20
51
2
21
10
5
5
24
6
1
20
38
0
5
21
38
1
0
1
2
45
23
1
26
32
43
38
11
29
44
42
7
35
57
44
28
9
4
87
8
3
8
2
3
20
38
67
66
49
23
4
2
24
29
58
4
31
45
33
50
5
39
2
3
6
21
37
25
29
10
24
33
36
7
26
50
37
13
6
26
6
12
19
20
5
16
49
0
10
31
21
48
40
21
9
35
2
47
28
22
27
57
27
48
12
39
10
22
0
30
35
16
29
25
34
19
54
22
36
9
55
60
10
3
32
44
2
6
21
12
6
48
33
14
59
2
30
9
19
1
2
6
1
31
13
8
46
24
14
35
19
55
4
11
14
6
34
58
43
7
106
48
44
17
46
7
15
4
8
12
16
32
28
13
4
8
27
1
26
12
58
28
45
60
4
22
36
28
13
64
1
46
24
54
14
10
19
21
16
19
2
54
44
45
24
9
40
0
23
36
16
54
57
2
2
60
20
30
32
37
22
26
4
34
8
14
33
8
5
32
38
18
8
23
3
24
28
2
13
39
0
42
25
70
42
7
21
24
9
59
31
30
51
62
32
24
26
3
7
18
38
3
18
3
10
4
28
18
5
18
1
14
38
38
33
7
0
15
30
30
38
18
53
24
72
1
14
18
5
19
6
23
72
48
5
6
6
30
18
17
47
35
16
24
36
17
38
10
8
29
19
38
37
22
19
7
23
11
8
6
40
15
10
23
21
6
16
35
21
23
31
29
58
16
1
43
22
7
43
29
21
20
48
4
7
21
8
20
21
15
39
44
26
9
22
32
57
13
1
13
31
13
31
20
15
5
2
16
5
53
29
0
14
12
29
71
56
5
5
13
27
26
32
27
8
28
11
22
0
14
6
11
15
43
10
8
5
24
4
7
28
7
49
12
48
1
2
9
4
2
27
21
7
22
6
30
16
30
19
7
40
45
12
6
41
10
4
19
11
19
20
12
9
6
10
33
21
4
11
57
15
1
14
34
30
33
72
9
3
60
7
4
34
9
17
8
25
40
7
61
6
25
13
54
35
1
13
16
10
7
37
7
36
14
22
7
13
35
17
33
4
12
12
10
4
6
24
7
21
29
29
19
25
0
10
5
37
4
42
68
1
6
10
23
19
6
3
9
7
1
11
15
14
34
1
5
8
17
12
2
22
23
17
30
40
19
4
0
26
23
16
23
3
3
27
3
17
4
5
38
12
6
18
4
10
21
35
10
23
11
8
6
16
30
19
26
6
33
25
8
5
38
6
22
28
29
7
19
19
5
1
33
26
9
17
3
19
8
11
8
39
5
36
19
21
15
2
56
13
17
25
16
16
10
9
17
34
17
10
13
2
14
11
37
16
9
49
13
34
20
25
41
19
21
30
7
6
4
39
10
9
5
6
26
8
2
13
16
27
11
6
19
15
28
38
3
9
25
11
22
3
29
21
26
6
0
5
11
27
10
25
2
12
20
3
12
4
9
28
2
23
10
50
32
10
7
3
9
11
2
19
21
21
1
6
22
10
46
6
33
24
3
16
4
1
30
2
14
8
15
4
15
8
11
28
18
23
1
33
22
20
10
42
22
6
2
5
2
21
2
15
11
15
19
29
25
7
1
19
11
12
18
12
6
7
11
21
31
26
9
5
5
17
0
13
2
5
11
4
15
12
15
11
12
7
6
14
3
8
15
5
15
6
18
2
8
3
12
15
2
20
7
2
14
7
5
50
7
0
2
10
10
3
6
9
8
26
5
6
44
5
3
16
2
9
1
10
36
26
7
0
0
20
3
20
7
3
4
4
14
16
14
2
14
7
3
3
8
19
2
4
14
18
18
7
23
15
10
14
1
10
1
4
17
5
20
6
3
23
8
9
5
12
16
1
2
27
13
18
9
11
10
16
17
6
11
7
6
4
21
8
4
18
8
11
23
13
2
28
13
11
23
0
6
10
0
14
8
6
8
6
4
4
6
1
9
6
1
5
1
8
10
23
2
21
3
11
0
7
0
1
1
14
8
5
10
7
13
0
21
8
1
2
4
7
9
13
14
14
7
6
14
24
1
9
2
6
9
13
8
2
12
5
22
2
6
2
10
5
19
7
2
18
15
10
3
2
22
3
4
4
11
3
6
6
2
6
5
2
2
4
1
2
12
6
1
1
9
4
6
2
0
7
1
1
0
4
8
6
0
3
0
4
2
1
1
4
1
1
2
0
0
0
