11
29
21
30
4
17
3
3
9
83
17
71
6
3
75
10
5
10
30
18
16
11
29
51
5
71
3
12
12
5
29
16
24
33
16
9
29
8
43
63
18
66
33
7
35
25
70
50
34
0
19
8
24
1
8
30
3
18
45
21
58
54
10
17
1
24
34
70
1
22
31
33
40
35
27
85
20
65
33
38
46
8
11
57
2
14
46
38
2
13
28
30
38
13
11
25
2
30
41
39
10
119
25
8
5
47
71
65
41
6
73
25
48
45
8
3
32
67
55
0
33
49
44
10
26
68
15
45
3
32
12
7
72
12
25
41
10
9
15
52
26
8
59
51
59
11
42
16
76
7
27
6
97
19
78
22
63
13
71
16
39
61
16
11
17
108
19
18
47
56
30
24
32
13
60
22
9
23
64
11
31
29
17
84
5
18
15
60
42
41
28
104
27
19
78
105
57
38
43
35
32
20
76
52
35
47
42
72
26
93
35
35
83
55
4
127
12
38
23
99
36
14
23
16
1
45
12
31
11
21
6
27
34
43
17
8
25
48
31
52
57
8
18
7
42
53
15
50
39
32
14
25
81
13
15
129
3
25
14
71
56
37
4
20
79
19
141
21
14
68
33
57
2
16
63
9
16
27
45
28
75
64
68
56
22
8
12
88
75
73
73
58
34
0
87
22
46
55
35
54
72
35
1
38
15
0
83
39
102
15
91
62
32
38
2
25
4
14
9
40
104
36
30
26
92
24
36
47
30
39
47
77
80
5
13
60
26
34
67
5
11
55
10
4
48
4
31
41
26
74
7
53
8
27
38
32
65
88
11
46
26
15
43
76
65
47
72
50
17
28
62
23
10
48
17
28
65
91
43
88
22
110
26
17
25
71
12
60
12
35
35
27
7
99
18
27
14
49
11
49
7
14
22
39
28
8
58
23
46
73
43
6
42
36
19
32
37
58
63
47
114
108
68
13
13
36
65
2
22
13
105
33
48
60
15
70
40
18
8
1
57
17
19
36
54
25
42
69
81
13
25
25
25
18
32
32
5
46
1
14
3
92
16
3
33
58
36
8
1
25
35
55
2
45
9
21
37
15
36
37
26
46
42
2
70
10
58
35
47
46
75
47
42
18
22
21
48
7
61
95
96
45
41
52
43
2
72
30
2
26
21
40
65
1
13
24
51
84
1
35
10
56
103
2
91
26
12
88
28
25
50
2
97
7
14
3
108
2
29
17
86
13
8
67
25
30
7
6
51
72
1
65
44
27
43
9
25
40
50
30
107
61
38
16
28
45
45
28
9
9
25
71
30
75
17
9
40
33
48
68
24
23
0
17
33
2
24
38
27
16
1
41
20
41
20
58
27
17
9
29
48
40
53
69
46
13
13
43
12
8
12
23
26
38
71
21
45
10
12
20
18
28
14
60
30
63
50
24
60
46
40
50
21
60
49
29
4
34
29
26
21
25
30
21
67
83
68
35
10
16
7
38
59
89
52
20
36
47
72
29
49
23
14
39
21
11
39
1
111
4
33
24
9
13
29
44
168
60
26
1
3
40
12
63
22
40
67
9
23
42
20
57
15
32
48
32
5
26
7
25
10
15
64
59
32
49
8
8
80
14
17
2
68
44
58
20
44
5
59
70
18
13
35
44
14
45
12
27
89
63
37
59
78
50
24
72
17
78
2
32
68
42
34
35
47
70
20
5
13
11
72
12
23
31
3
62
16
40
67
39
54
30
56
38
30
35
71
8
18
20
1
19
16
9
94
20
58
44
3
36
48
30
15
4
21
73
45
44
10
65
27
75
1
84
51
50
8
75
30
33
36
27
55
70
62
10
88
55
75
36
7
53
37
63
60
68
55
52
62
69
35
19
3
31
27
40
6
1
54
72
2
25
61
52
18
15
33
120
9
93
17
8
18
99
75
47
47
6
19
85
37
24
18
15
68
9
54
14
38
16
32
65
46
73
23
25
33
52
21
10
58
23
12
44
33
45
96
1
11
2
45
30
46
37
80
27
25
78
38
24
88
19
8
28
52
38
33
19
1
9
73
30
23
77
1
13
13
51
63
70
39
46
18
30
5
35
35
11
20
35
17
26
17
7
57
11
14
26
53
70
31
14
87
5
18
52
24
33
55
53
49
12
24
16
21
45
65
38
57
63
48
16
36
50
10
21
8
33
24
13
92
46
21
30
57
1
33
11
70
1
18
44
14
46
27
30
38
7
4
50
38
45
41
77
31
20
25
31
2
14
46
47
8
51
27
33
6
34
28
44
53
12
19
53
21
38
0
4
4
18
15
77
21
49
12
19
25
9
17
14
46
44
49
7
59
27
48
16
45
84
54
13
40
49
36
11
68
17
21
10
8
18
5
74
4
66
12
30
13
18
43
9
13
61
40
8
6
26
1
97
51
15
62
22
17
42
72
70
38
27
32
61
14
6
115
20
25
10
42
47
12
12
7
51
80
43
11
65
2
12
1
24
11
16
56
0
26
19
9
57
8
55
33
39
42
22
5
49
15
55
23
53
49
60
23
15
62
25
20
66
57
1
22
19
46
15
20
15
83
71
2
5
70
7
28
70
40
16
7
53
25
42
16
44
11
41
70
6
48
10
27
78
11
14
74
52
39
38
4
34
15
5
32
8
39
8
9
35
19
18
1
42
55
30
36
6
153
48
100
77
44
13
16
16
4
33
25
17
52
42
30
9
15
5
25
22
91
22
54
51
28
14
39
6
21
34
42
63
2
34
36
21
10
29
30
21
30
31
16
40
7
15
104
10
27
93
35
1
19
24
44
0
26
34
11
20
27
5
14
12
39
35
19
29
33
33
38
60
18
12
37
81
51
37
12
33
16
8
1
9
69
14
35
66
35
17
28
47
27
1
35
18
51
33
17
4
83
25
14
80
18
8
44
10
53
16
20
15
8
19
8
31
20
60
76
15
15
12
33
40
27
0
17
8
36
2
23
12
17
45
3
24
3
39
37
26
90
14
29
42
6
5
34
3
3
29
26
74
9
59
55
15
41
5
30
13
82
32
33
53
23
18
16
12
26
28
3
58
2
13
23
13
14
7
9
42
28
90
28
2
63
25
19
21
56
10
7
33
11
13
11
27
50
3
20
1
8
1
48
12
42
16
51
49
35
44
20
103
40
21
58
45
50
60
8
26
71
30
20
75
44
36
8
10
5
26
2
11
81
48
31
31
8
4
21
49
26
55
7
52
56
38
6
51
28
28
19
19
51
31
72
42
56
21
32
10
44
22
39
5
23
14
39
53
18
45
53
62
61
32
16
15
9
21
14
31
30
64
9
9
12
71
47
54
53
35
29
28
30
74
10
34
58
22
10
2
2
69
28
19
43
44
15
3
28
22
36
55
5
14
20
52
47
24
36
20
75
19
2
45
28
16
15
30
5
62
12
42
15
42
81
24
11
3
35
1
12
44
37
26
5
59
28
52
28
33
58
9
37
9
95
4
77
11
38
38
30
37
16
51
30
50
16
28
65
32
12
106
23
11
7
43
70
15
43
47
46
16
10
3
39
32
31
2
24
53
19
13
32
45
17
34
5
1
35
4
26
4
22
21
20
62
7
37
37
21
9
11
19
26
8
5
13
16
2
23
30
4
20
55
41
7
42
30
40
17
59
4
2
63
22
10
29
3
67
7
32
30
59
16
53
37
8
63
40
36
28
12
15
22
22
39
3
49
37
11
24
34
32
16
1
34
31
2
11
12
18
1
19
11
120
17
1
36
24
5
10
44
9
32
18
30
1
17
45
16
23
21
45
33
66
28
4
54
24
6
40
40
34
19
24
67
15
27
10
26
52
38
10
56
16
31
15
31
1
55
7
38
2
21
41
25
6
8
25
13
15
6
61
4
26
34
44
27
15
30
1
19
28
9
41
29
7
21
8
49
39
33
9
31
33
48
25
12
35
30
21
19
1
58
6
13
18
0
2
15
51
33
17
49
64
60
25
15
3
11
16
7
35
1
20
71
3
30
15
11
29
27
49
62
60
10
25
3
22
9
29
15
11
9
19
28
55
10
44
7
36
23
20
21
5
12
9
5
39
34
24
22
20
28
16
10
13
32
30
19
31
41
4
4
47
7
21
37
55
63
0
19
23
25
20
31
10
21
17
22
37
41
25
29
25
18
12
5
52
32
11
45
4
9
8
54
14
34
20
1
51
0
61
26
77
47
34
40
33
59
37
12
57
7
33
55
2
66
3
2
40
22
6
34
3
1
13
19
9
45
2
2
35
25
56
25
18
25
3
9
69
15
52
8
19
0
26
8
19
27
2
20
25
15
11
8
8
64
21
10
13
40
43
19
47
15
29
41
2
35
32
29
67
14
13
10
18
24
2
7
6
47
20
28
13
29
10
5
4
35
3
9
24
50
1
43
36
1
5
9
37
26
27
37
30
13
36
1
18
28
39
1
9
25
9
24
9
4
18
10
53
32
6
1
90
21
27
20
13
4
15
25
33
17
14
5
17
23
1
16
9
63
32
16
4
53
2
33
25
19
1
59
12
49
10
11
18
65
23
31
3
3
27
10
24
36
1
2
56
15
16
63
25
56
13
30
7
20
16
27
20
9
0
37
57
29
7
25
11
28
7
4
15
17
15
33
5
42
20
44
19
2
32
3
29
35
17
23
35
9
1
49
16
0
65
0
25
8
29
19
13
50
10
19
9
28
26
44
2
24
34
15
47
16
8
14
11
19
1
5
5
11
34
54
17
14
8
25
56
23
23
38
1
17
6
3
33
37
8
30
5
22
8
49
7
49
24
0
14
23
6
3
6
14
53
5
7
9
26
27
5
14
17
49
9
16
24
8
43
13
19
8
36
9
31
21
19
23
44
33
16
3
10
8
19
9
50
6
33
18
7
14
4
19
1
20
11
7
20
38
47
8
4
39
17
3
2
1
7
29
42
23
5
40
11
32
2
29
7
13
35
18
4
3
9
6
12
10
4
19
2
21
36
47
34
12
13
14
34
4
4
1
12
4
45
22
25
34
21
7
21
32
40
22
38
88
8
6
8
11
15
20
28
12
3
0
0
13
16
32
10
3
14
20
2
6
5
21
18
20
32
24
22
40
24
42
8
10
25
30
28
4
1
8
26
16
23
11
1
47
22
6
15
21
3
21
12
1
6
7
12
29
55
2
16
1
28
26
19
19
17
22
11
35
10
7
1
38
1
0
20
19
11
14
25
7
19
1
16
6
28
3
14
8
52
19
29
2
4
8
2
11
11
8
15
26
25
38
2
6
15
12
3
22
2
35
31
19
16
20
1
4
26
10
9
5
20
24
40
14
4
4
36
1
22
16
11
9
2
22
48
19
0
1
9
21
28
16
7
6
5
3
30
1
10
28
4
20
21
2
9
23
33
1
19
8
19
1
3
3
8
6
13
24
6
6
46
7
26
23
26
16
27
18
27
9
19
8
5
9
23
18
8
35
2
19
9
6
6
15
10
2
16
17
29
16
16
3
6
23
31
22
11
3
17
1
13
3
10
8
2
7
12
16
2
6
3
17
33
17
7
16
6
15
1
4
23
15
21
16
5
37
32
18
17
14
22
2
6
28
31
7
22
15
7
15
1
15
5
9
4
25
16
10
8
0
4
20
6
9
12
28
29
13
23
0
10
1
11
36
3
2
6
12
14
6
9
15
19
6
7
18
12
9
10
13
4
7
6
14
21
8
6
19
14
5
1
2
15
3
28
16
18
24
11
5
4
0
9
14
7
4
14
7
0
12
7
12
14
14
4
10
16
13
12
3
25
26
9
28
9
11
14
1
4
11
12
11
5
1
5
9
1
6
5
16
9
2
23
2
16
2
9
4
0
30
2
15
2
5
0
23
4
19
1
13
4
2
6
1
3
5
3
15
15
4
4
9
15
6
3
17
5
3
1
5
5
21
6
5
17
8
3
2
6
10
2
10
6
2
7
5
7
3
15
8
14
5
4
14
3
8
9
2
36
0
1
15
2
11
2
0
2
11
10
3
16
11
8
3
2
4
8
12
5
4
5
2
4
3
12
0
2
18
3
8
0
9
15
6
3
10
4
3
3
6
4
6
1
3
9
3
4
9
6
0
11
9
10
2
2
13
1
1
10
2
7
9
10
3
3
1
9
4
9
7
5
2
2
7
10
1
7
6
1
3
5
0
4
4
1
0
0
0
