23
21
0
39
4
55
41
51
22
30
7
8
33
6
69
18
32
1
20
66
34
13
24
9
35
3
1
13
6
71
149
17
71
27
99
30
39
17
29
24
37
15
22
29
17
16
42
81
27
18
13
14
27
60
44
14
12
32
24
48
8
56
49
47
15
70
15
92
31
62
13
70
19
0
12
1
7
27
15
17
44
0
54
29
53
67
1
61
28
65
19
73
0
92
10
27
83
76
10
10
5
52
3
50
63
38
11
54
10
29
67
120
38
32
30
29
14
16
16
23
23
45
35
40
89
69
54
57
13
18
73
2
91
26
2
31
38
23
40
14
36
86
48
39
20
37
134
42
37
13
34
49
54
109
1
34
37
91
9
1
12
35
48
31
58
64
10
89
29
37
22
33
26
18
37
11
86
108
24
10
25
9
92
18
16
11
15
60
48
98
70
37
25
67
123
18
63
75
75
18
57
37
87
5
94
35
30
40
48
21
17
85
12
12
20
37
65
7
112
23
15
35
18
131
128
38
22
13
21
31
11
36
14
34
32
36
88
11
75
5
3
14
3
78
67
30
49
17
73
21
38
6
28
44
32
10
125
37
37
28
44
78
80
6
32
14
54
89
16
23
58
10
4
32
9
64
1
70
74
18
82
74
63
23
20
14
33
28
63
7
76
52
0
14
8
45
77
43
17
20
14
28
24
35
71
65
43
82
38
9
37
18
21
24
10
142
6
47
7
42
12
50
2
15
66
70
23
58
48
6
25
26
57
11
6
13
46
28
43
38
24
2
63
3
41
51
25
25
39
51
77
89
6
26
111
5
3
23
20
18
0
38
30
30
28
20
32
41
56
39
17
3
22
35
52
7
1
26
57
34
78
81
9
9
53
9
9
36
36
121
112
7
3
7
3
43
14
46
2
32
112
67
58
10
29
80
10
26
13
2
34
9
29
44
49
45
35
30
7
73
22
83
12
14
5
6
74
16
65
24
39
34
3
33
16
56
19
9
37
15
40
40
16
36
61
55
27
46
26
12
46
20
48
68
40
105
11
52
52
66
16
44
25
28
32
16
14
14
54
41
54
41
28
9
34
24
12
63
30
24
48
9
2
18
24
70
31
28
100
44
23
19
93
41
30
23
85
85
20
1
3
26
17
33
3
36
27
91
55
59
25
34
26
13
75
0
60
134
45
14
133
34
102
20
40
25
43
13
33
1
35
7
3
59
98
27
68
30
53
76
78
7
55
15
17
29
15
38
28
35
41
5
24
30
48
35
56
23
10
40
9
46
8
74
49
78
60
3
50
34
31
57
14
48
32
3
2
10
26
43
36
85
29
46
5
51
54
30
26
42
53
25
43
114
83
51
13
42
47
3
6
45
24
96
1
30
21
33
47
9
53
8
24
31
69
69
42
69
10
24
4
10
48
114
32
52
5
75
68
36
6
6
22
41
99
13
117
20
4
20
9
19
22
84
77
74
54
38
20
26
2
75
110
38
61
49
55
32
13
4
78
55
32
111
56
76
19
15
113
39
93
20
4
28
36
3
42
21
25
4
39
0
13
31
30
12
39
29
38
17
48
29
51
31
15
63
66
96
21
19
65
81
46
6
71
42
13
7
40
17
67
33
54
4
47
20
4
50
67
15
83
33
61
47
37
6
19
17
22
106
50
26
3
37
29
3
13
72
4
16
39
65
4
76
63
20
21
15
72
56
81
52
22
4
21
4
43
26
54
55
7
31
17
47
37
10
76
27
29
33
21
19
63
5
52
50
5
12
51
22
3
1
10
29
20
57
46
13
0
6
53
58
51
18
8
62
32
53
29
53
10
41
13
8
19
18
9
49
29
53
29
12
36
22
46
19
48
0
43
17
76
51
25
29
16
66
27
6
23
3
54
51
2
42
25
19
27
44
103
39
39
50
55
24
2
45
16
11
79
51
77
57
13
31
14
19
49
49
4
22
24
39
18
3
43
9
88
39
36
56
16
32
15
60
16
30
80
23
56
30
62
26
98
41
12
0
34
21
26
27
5
53
94
9
0
27
17
31
20
23
40
37
34
30
21
53
26
63
11
26
89
45
49
4
77
5
1
13
48
7
79
50
33
19
17
4
5
50
5
30
42
107
33
6
10
62
44
26
9
13
7
48
44
60
75
42
4
27
37
48
26
40
8
16
52
45
8
45
65
19
9
29
16
1
3
20
47
28
25
73
64
2
36
8
19
36
53
24
39
60
44
16
0
9
7
17
15
71
9
14
58
8
41
51
38
17
24
39
37
4
49
9
36
49
10
75
9
0
3
5
50
31
52
55
8
98
40
76
6
65
65
38
1
72
8
7
18
1
9
65
28
35
35
84
28
30
102
7
3
30
15
3
31
42
17
30
23
49
49
5
7
28
1
28
33
41
36
31
18
40
10
84
74
26
83
29
82
6
2
16
7
72
26
16
61
24
3
30
39
46
49
5
34
36
22
29
42
18
0
2
6
34
19
48
12
55
46
7
56
11
69
20
10
146
45
15
34
30
73
7
54
62
21
4
31
43
30
12
19
3
16
0
4
25
46
25
24
77
4
10
60
10
61
2
47
20
62
50
104
9
13
63
24
57
84
7
22
40
25
6
23
15
33
42
53
60
11
13
43
6
2
30
40
28
25
11
15
46
66
61
12
37
4
80
84
13
73
21
17
64
17
98
27
5
19
29
13
9
66
18
11
69
9
31
28
18
24
40
24
81
55
7
17
11
74
42
114
40
68
58
10
6
47
3
30
56
12
14
34
24
3
14
22
12
30
29
6
19
5
9
91
43
9
51
74
22
22
36
19
59
10
5
7
3
74
77
25
61
32
74
42
23
59
37
55
106
61
25
28
33
9
49
23
26
13
30
10
33
62
32
40
28
11
3
21
11
1
26
48
34
27
21
31
21
21
19
59
58
1
8
74
14
46
15
109
24
48
25
84
12
48
30
77
32
36
20
29
84
43
37
47
45
27
93
5
25
28
53
20
101
29
38
72
3
20
0
40
96
24
63
2
37
4
58
3
6
20
21
12
50
28
14
8
11
21
18
35
5
70
63
27
21
28
70
21
42
8
61
52
66
79
47
44
27
38
29
51
4
17
4
23
22
4
15
29
12
48
18
77
16
37
6
58
36
13
1
12
18
30
22
36
102
22
29
71
67
17
13
20
30
43
10
15
27
111
76
23
56
12
11
9
34
44
14
6
36
39
2
41
86
11
9
15
7
64
17
22
27
48
26
31
13
79
49
5
26
65
43
76
35
55
23
69
11
5
13
6
30
5
28
41
9
31
27
15
2
10
3
25
8
47
17
28
11
25
28
9
17
30
15
55
11
27
81
8
39
67
42
106
10
1
11
39
4
46
17
42
38
12
17
43
4
12
9
38
14
1
29
71
71
27
15
18
14
15
28
9
5
37
26
38
67
71
1
1
3
55
47
28
31
10
14
7
19
72
1
20
42
32
86
33
41
22
17
12
12
15
45
44
0
37
7
1
30
33
10
23
9
28
1
5
21
31
7
14
18
2
7
10
39
52
9
9
7
22
25
25
36
29
33
52
4
12
46
68
16
75
12
21
27
44
14
2
39
18
23
29
34
18
69
41
27
65
0
2
21
11
3
10
2
24
8
3
13
28
50
13
15
22
25
37
2
108
34
0
44
12
16
19
16
33
60
51
35
62
15
54
60
28
17
13
20
43
6
10
15
5
30
1
11
30
18
14
11
3
19
17
2
1
23
56
26
3
5
11
17
15
76
47
7
35
79
23
34
54
57
1
34
56
7
34
3
10
16
14
12
7
27
3
6
93
26
58
2
1
34
51
84
4
9
19
33
8
32
1
16
38
46
32
25
35
7
1
9
17
12
56
28
20
33
18
14
46
17
36
45
34
18
45
47
33
18
31
0
11
39
14
29
5
72
24
46
16
38
4
21
0
27
7
39
43
62
10
2
28
43
20
1
12
12
15
7
2
25
16
28
23
67
4
50
31
27
17
55
53
47
44
6
10
25
55
24
12
71
12
7
21
2
25
6
4
32
31
30
15
12
50
36
56
46
31
31
25
72
3
7
50
29
16
41
34
50
15
18
30
1
35
33
39
37
6
6
16
25
24
2
8
3
37
37
11
6
42
23
33
3
37
0
21
72
38
6
14
8
32
37
25
6
35
35
8
17
9
42
3
27
49
28
53
3
8
58
8
24
28
2
24
18
16
19
27
20
9
13
44
20
42
3
5
2
6
16
61
4
56
49
7
19
29
2
87
13
2
53
39
14
36
8
22
27
27
14
73
11
35
9
4
18
1
28
4
2
4
9
35
4
7
30
10
2
30
40
23
21
12
26
20
1
20
27
13
31
18
12
41
32
12
73
37
24
2
14
1
39
4
24
19
16
16
57
13
8
62
46
3
4
10
27
44
39
48
22
27
10
12
18
15
25
33
13
72
11
14
44
3
20
32
17
16
26
3
39
43
8
60
15
8
37
9
2
31
31
38
9
21
64
8
18
28
4
33
29
38
39
36
25
1
22
32
17
1
26
4
23
21
26
3
29
37
23
26
15
48
22
3
15
43
20
5
21
54
14
38
5
22
79
24
52
52
55
31
27
10
38
5
32
3
14
14
49
3
44
34
36
26
24
32
25
19
29
11
3
4
9
23
22
31
64
7
4
13
54
6
33
35
20
24
26
8
26
24
9
21
7
4
26
38
17
3
26
7
34
32
18
60
28
31
19
8
28
9
9
13
9
22
17
20
8
10
40
11
6
2
4
1
1
13
16
2
17
19
3
6
15
50
29
18
13
35
50
16
21
23
14
1
56
29
16
49
9
2
4
8
11
22
20
5
12
2
11
27
3
32
63
27
20
16
1
45
23
13
1
5
36
3
9
26
55
25
19
0
7
17
11
15
27
3
35
10
22
17
17
37
18
12
29
38
8
6
6
14
34
41
22
0
2
13
12
51
1
23
7
0
11
16
25
29
15
18
31
39
5
7
8
35
2
1
25
13
9
51
5
24
37
24
8
50
12
2
3
38
16
21
5
18
3
22
6
12
23
33
10
30
25
38
16
20
50
11
5
24
28
12
2
13
18
19
21
2
3
29
40
13
34
0
30
32
9
3
28
26
26
20
4
47
6
19
1
8
27
20
9
19
30
18
24
31
32
28
20
6
3
31
17
2
15
44
21
4
12
15
31
37
0
16
38
26
14
17
3
11
19
17
13
40
7
2
2
18
17
4
38
9
16
20
6
26
21
13
25
19
3
27
12
12
2
21
0
11
41
1
22
19
12
15
20
7
11
6
32
58
0
17
15
18
47
13
29
3
13
27
11
2
18
16
6
19
18
3
3
18
0
5
30
20
19
9
7
19
19
7
17
8
7
16
6
9
13
18
7
15
8
30
4
56
18
16
20
20
24
9
21
39
37
27
6
45
14
17
13
18
12
18
0
15
12
16
25
1
20
13
14
30
2
8
39
6
17
13
36
14
17
8
15
30
13
35
31
21
1
12
5
6
2
18
6
26
11
12
4
7
1
14
18
21
42
17
23
9
12
9
24
1
6
8
29
1
16
18
1
23
17
4
9
6
33
15
15
7
10
18
20
18
6
1
18
34
9
10
10
2
15
37
2
20
14
9
40
8
24
16
2
8
12
18
23
6
5
20
17
3
34
7
1
10
0
11
13
13
16
11
8
16
2
10
14
8
20
5
13
3
1
12
14
9
1
4
34
6
22
12
8
1
25
19
3
14
5
22
2
12
13
13
6
21
14
3
17
1
9
3
0
16
9
16
17
2
9
5
7
12
8
17
17
10
6
10
10
5
16
9
3
3
9
7
22
14
2
23
1
0
2
8
6
8
1
19
1
6
3
10
4
4
10
13
11
1
5
0
8
1
1
9
1
11
4
13
28
2
3
7
2
23
8
7
19
8
1
0
6
19
5
25
9
4
3
17
12
4
9
8
8
5
1
4
10
14
1
4
0
0
8
6
12
7
1
7
10
19
7
4
1
7
12
6
7
8
16
8
10
5
2
16
10
3
8
19
6
11
6
13
2
4
2
2
17
6
3
11
3
14
3
6
3
4
4
18
4
3
9
2
14
4
9
1
2
3
10
3
9
2
5
0
6
1
3
6
5
6
6
0
4
9
5
5
6
5
0
3
5
7
5
2
1
2
4
1
5
0
2
0
2
9
2
0
3
1
0
2
0
