37
25
12
70
32
0
18
13
59
23
29
64
6
5
83
5
12
14
39
23
5
20
5
30
50
52
106
7
16
33
1
52
16
12
16
11
56
66
25
4
137
14
11
47
12
10
39
4
90
11
39
11
37
20
54
4
71
2
86
9
22
42
93
54
15
24
0
6
31
4
16
14
50
43
24
73
59
7
3
8
44
134
54
1
5
69
1
83
40
45
24
33
29
91
25
9
17
52
38
60
53
23
3
9
28
84
2
13
35
32
12
42
27
22
91
4
69
47
125
116
20
19
89
24
52
19
16
42
11
75
58
0
52
51
54
70
21
15
4
9
45
16
8
18
14
5
39
31
47
31
29
57
56
16
76
103
26
48
44
68
67
2
0
75
82
2
62
100
0
12
28
42
31
96
51
23
50
3
124
115
59
10
14
27
18
5
25
52
37
24
62
79
47
1
41
14
21
51
16
37
32
9
30
26
18
5
27
0
19
18
17
66
123
8
10
125
54
88
21
3
21
10
71
36
26
30
70
4
50
61
11
96
39
13
64
48
63
111
16
21
16
20
16
25
42
44
7
87
15
39
39
118
53
23
113
75
65
51
37
44
109
27
11
50
16
53
8
20
32
57
13
88
1
1
22
39
21
38
72
74
8
42
20
8
20
34
21
6
39
52
61
11
9
109
44
50
58
34
1
55
17
81
31
23
5
11
46
23
98
103
31
26
52
47
18
55
8
100
76
27
13
42
13
21
42
49
28
15
34
26
38
34
41
93
8
135
0
24
14
8
86
15
3
9
66
20
49
62
26
62
8
40
20
33
24
7
28
29
25
42
32
18
7
52
18
43
92
1
118
80
18
43
91
35
29
5
3
40
20
19
62
61
123
46
49
28
37
20
17
4
115
35
87
101
65
4
37
56
39
6
46
97
48
44
27
25
100
50
23
33
50
53
80
2
14
72
7
2
9
1
23
27
45
21
82
50
39
25
60
6
69
31
41
76
9
46
26
31
42
10
103
48
45
11
31
64
8
11
108
9
29
0
142
93
83
45
36
27
80
29
37
11
58
14
7
17
13
39
123
13
29
2
56
12
52
19
0
30
62
80
10
36
9
10
43
2
27
53
81
108
100
36
38
2
55
57
72
25
5
34
1
48
52
29
26
100
40
43
8
54
21
3
86
51
5
44
18
0
24
104
9
24
1
72
43
20
79
12
34
52
28
19
1
39
51
20
29
19
3
59
21
47
22
32
32
16
1
8
23
68
1
30
55
95
16
37
26
51
32
157
6
35
5
30
34
28
23
57
54
84
2
75
68
54
39
17
63
7
4
6
46
45
4
4
13
85
41
63
37
73
8
22
6
49
17
42
23
69
45
58
4
1
12
23
44
55
32
3
57
8
27
20
89
10
72
13
10
85
39
100
22
52
5
10
76
13
8
33
6
27
31
71
37
12
2
13
6
13
52
25
49
70
31
24
74
21
12
12
2
24
41
2
101
17
39
65
13
106
13
15
14
35
23
50
34
27
38
48
16
49
9
75
31
44
30
24
8
14
4
56
15
15
1
30
3
92
6
2
56
17
59
64
45
77
36
55
18
9
43
1
18
30
8
85
6
51
33
84
66
61
95
122
9
8
10
25
13
31
42
33
45
111
4
10
10
48
21
52
44
8
6
34
24
54
11
11
5
17
7
28
56
60
13
7
88
24
24
38
80
50
33
55
62
77
37
14
7
32
52
16
28
14
24
21
0
70
59
16
109
39
26
2
10
39
36
14
24
35
19
67
15
17
16
25
0
92
4
9
33
10
62
4
55
61
86
29
15
77
9
23
0
3
34
69
77
80
26
23
47
0
19
16
55
31
21
10
3
3
127
18
49
36
7
67
65
15
5
51
10
21
35
77
27
15
23
43
28
34
18
40
33
23
40
6
28
22
14
36
6
13
82
56
28
16
53
26
74
6
20
32
66
10
24
18
6
1
1
14
7
70
81
45
33
54
17
66
30
77
3
15
18
62
41
11
50
68
43
19
13
26
26
26
12
42
56
34
12
31
21
102
48
13
32
75
49
5
81
67
69
17
24
12
30
45
23
10
29
26
20
29
64
10
27
33
65
20
23
29
15
30
48
55
30
13
46
35
55
104
41
7
54
29
77
17
100
45
29
79
55
53
38
63
17
35
72
46
7
19
54
34
58
43
40
42
64
4
47
70
33
36
4
4
1
24
17
45
39
40
38
3
69
37
27
59
1
52
23
40
45
18
9
5
33
8
22
22
24
58
38
3
8
5
7
121
27
39
8
9
32
40
14
75
61
25
6
14
3
64
55
33
12
22
41
25
6
31
36
20
56
37
9
62
38
23
2
45
68
85
32
16
10
1
7
18
24
34
0
9
13
85
7
87
22
11
12
60
11
23
21
60
7
3
62
20
12
100
16
56
40
18
39
3
45
45
71
12
55
46
12
120
21
33
24
37
48
14
19
15
61
34
5
22
21
11
35
20
7
19
60
45
14
36
17
32
13
58
80
30
60
49
19
38
18
13
42
25
94
16
13
34
27
9
4
34
26
20
38
27
7
103
68
28
11
5
27
11
43
72
46
29
8
39
41
18
57
27
2
14
7
32
53
55
41
51
38
44
14
29
13
8
21
5
29
26
42
42
36
7
15
5
36
17
69
41
3
50
0
12
28
24
11
3
42
11
29
18
31
88
30
45
7
16
8
62
12
27
4
61
8
16
53
2
75
28
15
79
4
45
21
41
58
34
4
21
18
8
74
10
38
73
35
10
18
44
41
87
71
57
65
9
9
15
50
2
25
23
62
15
23
4
67
77
9
14
39
62
30
26
91
26
27
48
5
11
27
94
19
26
11
26
2
59
1
4
35
9
71
37
27
50
40
8
23
45
32
39
58
22
58
53
10
8
20
23
76
4
20
22
7
9
7
6
27
11
50
47
0
61
7
27
30
20
34
88
32
11
53
17
2
22
48
32
11
83
36
8
51
2
2
6
40
13
22
14
88
39
73
2
14
42
19
60
87
1
11
10
82
35
47
9
42
53
4
19
6
12
5
10
13
21
14
42
4
63
14
27
18
19
64
119
16
59
45
76
5
35
37
9
7
42
34
24
14
28
60
20
53
55
105
61
27
15
15
6
73
34
23
10
41
57
63
16
45
25
91
15
42
39
8
47
21
31
4
6
23
3
27
32
18
5
11
43
29
17
34
23
40
56
7
35
7
34
32
35
19
18
32
14
43
36
57
29
79
56
57
31
8
23
16
5
27
24
19
38
36
40
23
11
39
84
3
64
20
27
7
5
7
26
30
9
9
37
28
39
86
25
51
29
19
23
18
11
30
56
29
24
38
3
11
52
4
5
20
29
10
57
65
56
69
4
13
19
21
18
25
60
1
37
22
54
21
47
18
12
65
4
16
59
24
50
6
6
42
2
6
25
27
8
23
19
17
23
3
36
4
7
68
25
26
42
33
22
23
0
17
28
43
24
14
8
19
50
44
7
62
41
27
41
59
11
45
30
54
75
24
28
7
43
22
2
8
5
62
55
32
44
102
64
4
11
64
15
9
11
10
10
2
12
8
37
35
5
30
0
38
9
11
48
20
54
64
44
15
10
44
28
24
13
38
25
13
36
79
21
12
22
22
9
17
5
36
40
42
19
3
40
32
27
5
14
25
23
6
30
3
35
30
50
9
0
40
9
48
16
14
6
14
13
9
37
46
36
4
9
5
45
37
48
47
23
4
36
17
57
12
51
17
36
28
35
29
37
4
26
23
22
1
74
70
55
2
25
99
26
7
52
34
43
1
15
4
19
25
7
42
17
27
9
7
26
67
28
1
31
1
10
25
21
37
14
4
0
19
74
16
37
14
65
6
34
47
56
33
39
45
37
13
44
4
10
9
22
19
84
27
18
7
45
3
25
17
9
36
25
2
7
28
18
36
24
23
4
25
30
19
15
38
26
3
17
1
32
14
7
38
13
39
76
13
47
26
13
31
27
18
26
11
27
15
13
64
36
49
11
33
9
27
8
34
9
16
6
62
62
18
55
25
60
49
45
24
6
69
39
27
15
31
11
13
19
1
13
37
85
5
36
23
3
16
13
23
32
4
14
25
5
51
32
18
5
24
45
13
10
9
13
31
29
30
79
2
33
14
52
85
16
37
59
2
21
3
15
10
7
39
28
23
12
83
24
24
37
46
0
18
0
42
26
54
24
19
45
15
12
16
46
32
21
3
90
56
18
7
19
11
7
19
30
15
18
55
3
18
17
15
1
21
4
47
7
48
39
20
48
4
61
20
5
28
15
21
15
72
37
20
31
69
15
45
49
5
54
11
26
24
17
10
21
7
18
21
13
74
13
16
31
45
26
46
67
76
32
27
0
14
27
33
24
51
12
4
1
7
0
67
20
22
14
39
31
10
4
47
36
48
14
52
41
36
12
7
41
25
18
12
16
19
44
3
23
33
17
61
16
5
46
6
26
10
7
35
23
32
7
56
28
39
9
59
4
20
27
3
13
17
15
39
51
7
7
17
17
17
13
28
43
1
11
28
37
37
45
24
14
2
14
4
9
4
2
34
10
17
13
24
28
3
63
11
14
8
48
5
23
25
5
42
13
37
13
7
16
9
56
22
5
9
2
58
8
23
5
1
5
70
60
43
18
16
45
26
17
3
14
21
37
2
34
12
13
18
38
31
10
15
6
21
10
17
71
20
33
8
7
14
22
20
21
29
44
4
10
24
29
34
4
24
26
27
16
8
3
38
41
8
20
41
15
23
3
60
22
10
47
10
2
32
4
4
43
23
34
11
34
19
15
40
10
26
45
13
8
4
43
35
1
15
42
6
10
10
7
37
23
11
13
10
14
6
34
32
24
22
27
16
22
10
21
32
40
39
17
5
56
11
45
6
19
3
25
12
2
79
32
17
30
12
44
2
16
1
24
30
48
11
22
37
50
23
2
15
13
9
5
9
25
7
9
6
31
4
14
4
32
13
27
6
23
23
21
10
52
12
9
12
25
19
4
0
24
6
11
2
39
24
9
33
1
16
21
5
26
35
5
21
4
33
28
16
5
32
5
19
4
2
21
3
12
21
12
4
5
36
5
25
4
46
26
17
16
14
10
27
34
20
37
2
16
35
4
16
18
0
31
3
10
7
8
37
5
2
36
30
26
11
5
39
31
12
28
3
1
22
20
12
44
35
19
23
36
20
33
5
43
22
29
8
11
15
10
3
6
10
10
11
21
53
37
27
38
9
13
24
22
8
8
38
26
20
24
50
19
15
9
2
16
7
7
28
1
2
21
12
33
8
12
3
20
0
6
6
23
15
15
8
14
2
6
7
9
21
27
15
6
3
6
3
6
10
13
17
1
12
12
0
8
3
27
23
14
29
8
10
3
16
33
20
14
2
18
18
24
11
22
4
39
6
28
14
44
40
6
27
4
23
8
33
35
9
1
25
5
7
19
7
3
27
21
27
4
9
20
18
5
14
29
7
2
14
3
25
33
20
28
2
19
8
13
2
11
2
19
29
13
1
14
12
19
3
10
5
43
12
14
15
35
42
6
10
22
42
12
6
17
4
12
4
42
8
1
44
0
9
14
2
35
14
2
19
14
5
14
9
0
2
1
39
30
10
0
2
20
39
2
9
21
10
17
15
1
10
27
6
4
3
5
2
21
20
34
5
22
7
21
15
8
7
18
6
26
16
22
3
2
9
13
8
3
8
11
1
7
0
34
10
39
9
8
11
2
1
15
21
5
11
2
18
3
21
7
8
5
1
17
15
9
17
15
2
6
38
21
5
7
2
6
2
13
51
22
2
6
4
8
9
23
17
8
11
18
4
22
20
11
6
12
11
11
11
20
11
11
16
2
6
3
8
9
4
11
4
15
3
16
9
7
14
17
18
2
7
0
11
6
4
2
0
15
3
10
9
4
8
2
21
16
12
11
5
11
25
7
1
4
7
8
14
3
2
5
12
6
4
9
21
10
3
4
13
6
24
7
4
1
12
16
10
8
2
3
1
11
5
9
5
8
10
10
0
1
6
5
19
2
9
11
5
2
15
1
11
0
6
6
6
7
23
3
3
7
13
19
7
15
6
1
9
9
4
4
3
1
4
10
15
5
5
3
3
2
6
3
3
2
9
2
2
3
0
5
10
2
10
2
1
4
5
0
4
5
5
9
6
2
6
2
3
4
2
1
1
5
0
2
2
1
3
2
1
1
