16
2
42
2
13
5
12
24
12
14
12
16
12
22
7
44
61
29
45
19
25
18
7
19
56
48
7
48
40
50
17
21
18
8
10
53
35
8
36
31
3
29
28
17
25
89
12
50
19
2
58
9
10
51
10
17
58
55
37
6
1
20
28
26
51
54
16
58
57
56
48
51
13
52
62
16
44
15
11
42
39
25
11
15
36
47
55
67
48
88
63
13
48
10
106
38
6
36
45
93
65
129
72
52
3
21
10
53
80
73
16
70
5
58
66
46
31
59
69
11
4
61
40
3
29
46
15
2
87
31
54
26
37
17
21
30
42
71
31
35
8
49
32
19
72
1
63
10
55
25
78
15
23
54
51
68
36
29
96
5
74
25
25
45
12
8
31
25
68
60
39
28
34
86
39
37
15
101
6
59
57
48
45
109
26
22
24
3
59
7
68
27
80
48
32
121
80
1
59
65
32
22
11
21
2
50
39
79
5
25
61
41
10
12
124
65
28
25
91
5
55
38
11
4
76
7
120
24
25
40
151
30
56
35
103
89
27
2
82
40
81
1
11
36
1
25
57
7
27
36
29
8
2
59
2
122
54
106
11
17
7
61
25
14
2
19
13
27
27
14
22
38
43
1
79
39
43
73
39
86
50
29
97
59
89
60
42
41
15
46
53
16
0
11
45
64
25
64
81
52
38
12
101
8
93
48
46
109
19
40
24
1
67
12
14
9
48
19
48
24
68
33
4
0
35
7
22
30
38
32
34
66
0
10
17
6
3
23
81
70
35
58
43
18
15
14
38
51
26
14
14
3
52
49
15
34
95
45
12
53
40
70
100
28
9
45
1
27
15
76
15
69
24
36
56
94
36
1
20
193
15
8
68
15
31
20
24
41
18
39
16
63
23
22
8
43
30
59
27
15
17
79
22
84
38
54
1
72
13
25
100
24
55
26
14
48
60
5
28
18
20
64
81
47
31
39
69
22
46
124
58
19
41
119
14
88
92
19
66
42
39
53
25
114
1
3
15
100
24
35
7
14
57
22
27
44
42
33
66
7
128
9
7
83
4
26
53
55
22
6
18
7
36
16
52
54
25
74
2
41
47
2
11
9
52
44
21
43
21
97
35
43
15
40
77
1
44
74
69
122
20
30
3
46
120
86
37
35
69
49
28
16
68
15
48
15
22
17
60
108
38
9
29
6
68
105
43
1
9
23
28
18
42
6
42
61
80
29
28
28
24
11
19
7
45
9
62
3
12
1
5
34
144
32
39
40
90
41
40
62
21
85
48
8
67
37
43
23
43
59
38
124
31
33
30
44
43
8
18
2
17
73
14
64
51
2
19
42
42
70
49
2
8
75
23
50
44
11
112
17
25
66
23
47
43
46
31
29
8
68
35
10
62
39
67
8
2
30
8
41
15
22
58
5
25
13
14
64
2
36
6
78
16
10
8
50
62
67
58
16
36
69
8
2
106
28
97
32
114
55
37
33
23
33
46
71
34
50
2
1
66
57
47
42
0
103
19
35
60
104
59
98
3
13
17
56
35
45
2
52
69
37
5
46
68
18
65
26
0
22
2
8
33
42
80
29
28
49
65
70
39
30
30
8
3
52
23
41
51
46
13
80
4
11
87
66
20
55
48
1
70
3
14
30
55
48
12
6
86
34
33
40
98
61
52
8
46
48
77
87
2
32
11
49
10
27
0
0
18
58
35
73
35
45
38
24
50
55
24
11
90
42
24
18
124
15
7
57
14
36
28
15
31
10
29
13
5
65
30
5
20
30
16
17
17
33
51
22
69
78
12
51
48
8
83
14
42
33
71
52
33
21
15
3
46
69
49
10
30
54
33
33
20
47
17
64
18
12
31
1
21
33
6
6
69
32
35
13
67
42
2
36
13
2
71
39
56
56
44
36
33
104
75
18
25
17
15
22
72
74
92
50
63
12
1
57
2
34
28
49
123
18
25
27
18
40
71
5
53
28
40
24
51
34
26
5
4
10
80
52
24
4
46
30
31
6
27
83
2
80
24
97
2
10
52
14
32
51
85
40
30
48
19
57
36
28
54
46
28
14
1
11
6
32
21
39
16
46
12
23
69
2
56
24
37
29
71
19
24
42
10
59
48
43
40
96
58
35
41
12
5
19
24
75
5
56
22
3
21
41
7
8
15
33
33
13
40
28
14
2
22
50
36
15
49
8
14
42
52
52
2
46
60
2
33
19
22
43
1
95
1
58
84
28
8
6
87
14
42
5
25
15
2
31
69
100
3
32
35
5
55
70
22
16
11
19
34
4
48
18
28
76
47
40
2
22
9
57
33
55
4
1
25
17
37
55
19
58
3
7
2
31
27
35
56
19
35
7
1
37
42
41
60
64
10
31
15
52
53
44
14
95
29
52
26
3
1
66
2
24
12
15
26
20
84
22
16
59
24
18
53
27
30
47
12
40
2
20
9
15
39
5
34
1
22
75
70
71
42
42
51
18
27
27
46
40
25
16
28
8
9
34
76
45
22
56
7
13
20
71
10
1
51
1
3
12
1
16
41
78
19
29
21
30
27
3
12
0
53
53
6
44
4
36
20
32
73
24
42
16
1
80
17
68
8
57
31
10
6
12
9
50
62
29
104
60
52
47
4
70
42
42
40
23
56
11
42
32
59
11
2
16
1
37
11
31
97
36
49
13
13
68
35
59
11
37
16
65
16
57
41
10
28
4
25
35
5
52
22
7
24
67
14
38
8
11
39
52
25
29
50
32
23
37
65
9
32
18
58
4
24
33
50
4
53
3
21
1
23
31
3
9
15
2
48
30
56
16
48
39
38
66
29
15
28
54
35
68
30
8
23
3
41
6
17
40
65
72
33
64
7
19
26
89
25
32
37
10
44
5
9
25
29
41
55
19
14
70
18
8
10
45
16
12
46
32
3
49
4
27
56
27
29
18
30
83
12
73
43
7
65
12
8
6
61
3
19
2
39
58
13
54
37
15
11
2
25
16
48
52
12
25
4
19
72
24
26
33
42
61
8
5
34
8
102
29
51
18
100
18
43
1
8
29
10
14
52
39
6
52
28
2
36
27
20
15
19
22
44
77
101
47
27
36
44
54
7
22
85
22
50
27
12
53
16
29
5
2
72
27
7
42
3
24
38
33
42
3
10
20
39
35
5
42
60
40
69
34
43
63
11
33
41
13
11
25
18
28
31
17
8
63
39
51
9
16
26
46
39
73
27
58
9
26
18
64
7
6
28
47
44
55
13
21
39
59
93
28
23
0
46
46
14
14
22
26
43
23
24
32
13
36
29
19
8
7
46
32
26
4
45
37
13
5
28
20
39
32
0
25
26
71
18
82
60
2
94
45
11
10
40
21
40
54
32
47
21
41
37
45
11
32
12
32
2
74
15
0
14
45
7
16
43
18
44
26
42
37
10
53
4
3
34
18
39
17
48
75
6
38
18
1
42
10
57
1
1
27
20
74
5
36
11
7
19
36
45
55
57
51
10
46
24
27
8
42
36
0
25
26
72
21
11
28
24
50
37
8
25
27
20
41
14
61
5
14
45
13
39
12
87
42
4
21
17
2
12
5
4
34
71
49
22
76
2
24
30
63
33
32
27
34
17
19
3
43
58
58
10
20
28
0
37
14
46
12
26
8
23
5
14
18
22
13
44
59
6
84
2
30
40
28
1
44
26
16
8
31
37
17
21
13
48
2
51
83
25
44
38
6
18
41
32
54
55
18
26
26
3
9
16
5
8
16
7
28
69
18
15
32
8
24
17
1
58
23
13
10
15
14
18
9
57
1
2
29
44
9
12
35
31
6
43
5
24
4
47
73
14
73
33
19
8
27
58
60
78
1
38
7
15
5
53
48
17
53
36
45
9
9
22
11
57
27
34
21
7
38
11
8
10
33
9
0
57
30
10
33
2
31
60
9
11
23
31
11
53
13
6
3
33
0
14
38
43
74
15
1
29
101
20
5
39
22
16
8
15
44
41
35
20
17
10
1
71
2
18
37
29
48
58
29
31
16
35
32
27
41
44
11
43
17
5
16
9
19
27
9
34
6
25
38
9
30
13
7
34
15
17
64
27
1
33
6
8
0
30
28
17
43
1
15
20
68
29
16
3
30
38
19
35
30
9
15
34
18
10
7
25
8
20
25
46
11
48
2
26
5
22
47
1
7
32
46
1
17
19
19
19
66
34
27
4
14
9
23
19
36
34
13
20
2
5
21
13
40
14
16
3
22
24
10
5
44
53
39
3
21
32
71
78
17
34
42
70
13
1
16
34
8
5
17
9
4
10
7
6
55
15
1
53
2
53
26
36
39
31
15
36
58
15
9
12
58
10
13
14
22
31
49
18
3
0
41
51
32
20
55
32
12
6
26
6
64
13
51
20
14
42
15
3
65
43
11
53
36
23
40
30
6
39
29
18
41
21
30
5
11
8
28
18
14
26
34
29
18
26
35
9
50
2
5
5
28
0
9
28
12
37
12
18
8
13
18
6
11
9
8
16
69
35
25
58
30
9
17
40
34
12
33
13
4
31
4
25
2
34
15
38
48
11
30
8
13
13
23
12
6
16
48
17
46
17
2
30
28
33
18
14
13
41
25
6
15
6
39
47
28
14
26
16
18
12
20
27
37
5
34
1
20
41
5
17
55
11
25
17
11
39
30
37
44
31
12
32
20
40
18
4
36
20
16
32
17
46
34
18
61
3
55
19
11
5
3
13
19
16
27
24
24
42
29
6
22
0
51
37
9
37
4
26
0
15
3
6
5
30
6
29
31
7
4
7
53
49
31
8
43
11
42
2
2
27
24
13
18
20
9
46
8
29
21
8
32
26
10
4
1
17
6
8
30
0
27
6
19
15
38
32
24
44
24
50
47
33
23
2
34
11
11
49
7
18
35
23
19
39
5
11
57
14
13
21
17
21
18
46
11
6
11
53
69
43
22
8
83
10
12
43
22
7
4
6
16
16
42
11
17
17
17
14
27
2
9
2
0
23
28
1
40
19
21
26
24
22
2
33
24
10
51
28
20
12
7
3
1
14
9
29
49
22
14
19
10
46
20
15
28
4
4
19
30
11
18
24
60
1
25
10
46
21
2
33
23
35
27
45
14
13
3
0
35
7
17
42
10
4
8
5
15
10
35
28
23
1
14
3
5
4
27
41
19
16
1
1
7
34
20
2
25
14
14
7
6
8
8
1
16
10
3
6
15
15
30
7
2
22
28
17
1
7
11
8
16
7
3
2
19
34
51
5
12
26
16
33
11
17
5
5
1
17
23
2
11
33
6
19
25
3
13
22
1
16
24
31
18
5
23
11
21
8
58
4
11
45
13
11
16
32
28
42
23
8
17
11
22
9
17
2
13
1
8
11
24
3
15
11
19
19
1
17
28
18
0
11
11
27
7
16
15
45
7
7
4
37
15
20
4
14
21
8
15
4
0
23
14
9
19
13
18
13
10
6
2
43
40
11
1
4
27
28
8
2
15
4
15
7
3
4
3
29
24
20
24
5
12
19
3
22
4
5
0
4
15
12
5
29
11
15
5
10
7
1
30
17
30
3
35
9
15
1
10
2
30
16
23
6
23
23
9
2
2
23
7
1
26
16
5
3
14
14
14
26
2
0
15
9
2
0
9
11
11
16
0
7
10
10
2
36
2
10
20
13
4
10
19
25
1
4
6
27
12
16
14
8
15
0
7
1
7
2
24
6
23
10
7
13
17
19
4
17
2
9
2
4
30
4
1
34
10
11
9
31
18
40
26
10
27
33
20
3
3
5
11
17
4
4
13
14
1
5
15
24
9
21
1
4
25
17
6
2
11
1
2
5
17
23
11
12
13
5
4
21
4
1
1
8
7
7
15
11
8
17
4
2
13
29
6
0
14
35
5
3
1
4
7
5
6
9
12
9
18
2
16
7
20
8
3
3
7
10
27
15
5
8
9
4
9
27
2
8
3
7
10
32
8
5
9
1
1
18
3
7
16
16
8
2
6
2
7
16
18
6
2
3
8
11
3
5
0
10
0
10
4
4
5
6
16
3
6
14
9
4
5
16
13
7
12
1
5
14
10
2
21
11
4
22
10
1
7
9
10
6
8
2
2
1
9
4
14
4
4
1
7
6
3
1
3
13
3
3
11
1
5
7
1
7
3
3
7
5
4
0
4
0
9
2
0
6
2
7
2
9
3
2
3
1
4
1
1
8
1
7
2
2
5
3
0
4
1
1
2
1
1
2
2
1
1
2
0
