1
22
3
10
18
9
44
69
39
1
15
5
21
13
13
11
1
20
82
7
94
51
19
35
9
15
23
24
6
1
23
9
81
33
23
39
10
102
23
69
27
11
52
38
24
36
56
21
3
35
7
27
50
104
16
26
21
8
33
5
106
64
31
19
16
26
18
51
20
37
91
22
3
37
24
4
33
57
101
2
1
9
40
62
14
55
23
43
24
10
158
51
79
61
34
77
24
61
43
18
38
42
17
15
3
2
14
34
3
65
103
25
36
34
39
76
43
98
62
13
102
56
18
57
41
29
12
47
33
7
52
7
14
26
48
5
33
12
16
42
74
26
30
61
57
90
55
26
15
73
15
28
3
3
59
28
8
1
12
23
29
46
32
36
50
32
6
1
79
42
44
43
58
72
11
100
20
28
37
78
35
19
24
72
40
68
57
68
29
107
34
25
49
15
85
45
4
66
29
30
2
23
10
0
48
54
30
70
42
52
1
24
43
92
32
40
16
33
47
103
42
18
9
37
87
31
1
72
94
56
7
69
22
35
23
36
48
60
3
8
11
108
8
33
54
42
34
27
13
47
61
86
40
5
59
62
38
74
110
38
9
43
44
44
5
32
38
29
90
50
6
28
3
29
12
52
19
125
71
30
21
0
56
13
0
134
53
57
94
6
38
16
4
7
21
13
47
33
5
14
51
35
121
122
57
35
48
5
71
11
15
32
48
53
35
33
17
43
82
77
5
10
24
33
8
21
62
8
22
34
35
39
39
23
20
29
76
27
71
45
64
50
11
58
46
7
57
26
70
23
34
34
7
44
20
37
20
45
16
75
10
44
76
66
108
22
58
95
97
14
7
34
54
48
7
51
31
69
80
4
21
110
26
36
8
13
35
20
64
25
83
20
17
54
15
23
14
102
60
76
77
125
79
25
18
22
34
101
33
68
52
31
1
34
41
29
11
38
6
23
13
52
74
63
90
67
11
70
65
1
37
130
33
3
18
44
107
37
5
7
37
52
36
1
32
5
7
59
78
29
39
49
143
35
15
24
52
34
27
7
6
7
33
7
82
25
68
105
50
39
9
26
37
64
31
80
2
6
42
16
45
10
36
5
44
56
29
48
55
12
39
27
19
52
100
54
79
43
70
17
63
70
4
71
44
8
69
0
82
51
44
17
17
8
65
41
7
31
59
1
9
30
106
13
22
21
9
79
14
40
45
26
65
70
28
66
24
13
23
30
84
6
20
34
21
37
33
15
87
7
63
7
45
92
70
55
63
1
23
0
118
128
82
24
33
35
39
27
44
50
3
22
19
7
73
9
12
28
71
5
31
97
79
27
12
60
12
35
75
41
17
8
42
6
24
27
80
8
6
19
44
28
38
12
4
38
20
29
64
42
33
73
36
41
59
79
31
25
39
77
15
32
12
8
4
12
68
42
32
27
9
98
26
70
43
9
11
19
62
30
38
68
28
22
8
17
14
19
40
48
81
18
16
35
5
38
73
36
4
13
14
28
53
40
65
1
1
52
68
6
32
11
30
85
37
12
28
46
62
29
3
64
32
104
13
49
76
93
8
65
25
21
40
77
30
34
25
2
41
56
16
25
5
159
19
35
31
64
70
23
8
9
74
72
13
62
5
24
15
66
30
11
24
50
28
118
99
98
64
10
47
12
6
9
43
24
66
38
76
27
13
3
8
26
19
66
24
41
33
23
24
23
24
86
8
6
13
120
66
101
55
60
107
59
109
41
54
23
52
34
5
15
91
48
9
16
68
38
55
97
46
80
54
20
24
46
26
24
54
12
32
30
35
2
52
24
17
29
23
10
28
15
54
9
22
92
10
10
18
25
27
81
79
75
4
20
7
68
45
26
44
50
10
28
15
5
70
29
61
23
30
59
19
17
25
18
58
26
81
35
41
75
32
1
4
66
35
23
84
102
54
72
86
2
31
34
16
85
107
5
43
16
64
58
26
39
9
44
25
43
29
4
17
25
116
26
11
4
94
31
22
23
26
17
4
38
12
77
94
61
12
21
9
53
41
107
55
37
15
8
37
35
45
96
5
79
50
13
16
35
8
3
46
30
62
2
48
14
22
70
9
32
27
1
95
6
51
49
1
42
51
0
48
20
20
21
39
55
52
73
37
20
9
9
35
15
31
22
38
23
5
31
4
31
57
49
44
27
30
10
8
29
40
2
22
75
39
51
29
130
8
62
2
10
69
13
17
2
37
9
15
22
25
15
1
30
8
85
9
22
16
10
21
35
13
37
19
53
34
7
1
11
21
27
6
68
26
34
69
56
21
28
8
13
11
23
2
22
16
1
34
65
73
12
10
6
34
19
20
12
8
10
7
9
28
12
38
50
43
3
54
107
46
30
53
57
4
85
24
33
13
85
65
13
8
90
4
4
42
34
51
47
5
82
43
12
98
43
82
16
9
54
32
23
6
0
20
46
42
3
27
32
12
25
8
13
26
42
53
17
31
13
33
7
72
68
39
54
38
54
71
11
36
59
14
50
56
81
9
38
27
26
57
12
26
24
21
48
14
45
61
53
34
4
46
9
62
4
48
29
57
82
27
49
23
54
73
10
27
88
21
28
23
46
39
12
31
25
8
0
29
17
84
1
54
12
14
27
27
12
33
7
35
28
40
21
34
36
16
55
3
57
33
43
41
24
47
36
17
76
0
2
73
37
70
10
52
43
10
67
31
10
66
3
105
53
1
7
1
10
4
33
74
9
95
47
0
16
67
2
136
20
39
24
0
47
9
47
1
18
43
23
11
45
56
11
34
64
49
22
12
29
15
6
22
0
26
16
15
22
38
39
37
17
2
13
70
41
18
67
90
41
38
8
31
12
35
17
26
81
55
31
30
24
43
28
34
26
35
49
13
1
33
3
32
30
64
44
23
29
18
5
13
25
27
3
37
23
35
23
68
42
29
20
51
63
21
24
33
106
47
68
54
74
30
51
28
46
40
3
29
30
14
9
39
25
30
34
39
4
47
102
27
55
30
30
65
109
4
12
25
5
58
2
2
6
25
19
67
80
2
51
40
25
45
48
50
20
45
32
103
59
20
1
40
51
7
68
2
57
31
56
32
25
56
11
65
47
66
37
8
26
25
12
8
39
80
67
6
5
50
17
22
52
13
41
77
37
3
30
15
63
34
7
57
9
19
78
53
74
21
72
1
9
15
22
41
20
32
8
3
61
50
22
20
14
1
18
37
1
17
26
71
81
29
45
57
57
17
46
51
21
34
60
91
47
34
27
4
14
17
2
6
30
35
49
13
25
27
7
48
5
36
22
29
47
15
12
50
2
11
21
24
15
1
2
16
54
10
61
76
43
28
3
29
6
5
34
8
69
31
27
17
24
20
11
12
4
26
29
58
50
46
16
7
28
17
26
7
9
16
48
16
14
38
12
30
12
18
43
38
26
15
21
31
3
3
53
7
44
38
13
42
13
61
3
11
23
93
70
1
7
37
27
66
48
20
10
32
25
31
10
11
6
12
23
3
8
5
48
22
5
44
14
23
56
32
5
38
47
27
7
8
29
20
123
34
37
11
85
53
12
2
31
17
10
63
1
11
32
24
8
4
39
13
13
14
23
6
18
12
60
2
11
33
22
42
17
41
24
22
19
62
2
61
11
28
41
51
9
24
47
39
7
15
12
15
2
25
30
12
86
3
45
4
28
13
23
65
6
7
39
0
52
8
40
27
40
2
3
4
26
55
29
29
18
28
8
0
16
35
8
0
12
11
1
24
44
6
16
25
1
16
51
22
1
42
66
38
33
80
26
20
13
5
45
23
81
64
16
51
3
0
24
6
64
39
36
66
59
6
15
21
4
48
16
2
36
46
18
27
8
45
16
21
21
20
5
11
4
10
22
13
8
57
62
6
5
35
12
57
13
2
12
33
36
28
18
35
13
28
18
14
7
3
32
59
22
23
13
10
47
24
26
45
25
6
15
10
41
21
49
19
12
11
20
11
32
7
3
32
2
2
27
2
22
79
21
6
10
22
36
4
18
63
2
17
28
5
40
76
22
6
10
12
30
72
25
22
19
33
21
23
34
3
4
32
4
12
15
4
7
18
5
47
33
7
14
3
31
19
84
10
7
19
76
35
57
1
34
21
39
2
5
7
34
4
40
12
34
16
32
0
42
9
1
64
36
24
49
12
2
64
17
10
65
2
12
40
40
18
7
27
16
15
6
3
3
8
15
5
1
25
41
7
14
1
43
8
41
23
30
8
13
18
22
12
15
6
20
31
24
9
7
2
52
26
9
22
69
8
10
50
47
41
26
26
14
27
79
47
8
4
34
41
21
58
25
19
25
44
11
17
9
12
37
10
3
24
6
2
13
39
6
0
35
37
9
15
1
37
8
1
68
39
8
10
4
61
12
25
21
35
12
59
12
2
44
2
3
6
10
46
15
29
16
1
41
54
40
28
67
0
35
16
14
10
14
9
27
1
22
8
11
25
20
5
12
7
13
63
14
0
10
5
17
63
13
19
15
29
25
2
2
26
9
6
10
11
25
44
25
20
5
32
8
1
1
7
37
29
14
30
7
0
16
39
6
48
22
30
6
4
40
1
13
4
52
70
23
48
11
31
29
58
0
20
16
33
18
23
33
6
22
27
28
43
54
20
70
3
0
27
43
21
15
16
5
3
22
4
18
6
62
32
1
44
9
34
40
22
39
27
13
25
5
1
14
12
4
23
23
11
67
22
19
28
5
43
8
31
24
38
10
56
10
13
8
1
22
2
23
25
42
44
8
34
21
29
18
30
11
39
10
2
26
21
9
11
2
33
14
38
6
41
14
38
22
9
3
10
3
32
39
19
17
67
23
12
14
10
25
6
2
18
2
4
0
4
10
43
18
37
58
2
39
12
45
13
16
13
18
29
27
10
32
40
7
4
31
0
30
45
23
7
16
9
33
2
24
17
14
2
26
3
1
27
41
27
32
24
8
36
36
3
50
18
9
1
19
22
17
20
3
40
47
5
40
10
13
18
21
7
24
2
33
27
13
41
8
6
23
6
8
8
38
7
7
10
26
16
7
50
2
28
4
13
27
31
3
14
7
10
16
6
41
21
24
10
30
14
35
14
26
11
15
53
3
17
10
7
35
23
55
22
36
15
0
0
12
14
18
9
26
1
35
52
1
16
14
7
1
9
25
2
14
12
11
2
9
18
9
10
1
15
11
11
21
39
38
3
24
15
19
35
30
21
25
7
26
22
10
24
22
5
10
4
13
2
19
4
11
9
26
7
23
21
16
8
34
16
25
9
12
36
31
7
15
5
13
4
2
12
6
3
6
12
6
33
15
42
29
6
11
39
14
11
30
8
16
34
18
18
3
11
5
11
27
16
8
15
14
1
15
12
3
1
1
19
11
55
10
0
6
13
1
38
19
3
52
25
9
16
26
31
9
19
12
14
23
10
16
3
10
41
10
15
2
21
30
22
28
32
3
6
8
27
1
4
14
46
23
21
5
28
14
23
25
12
5
7
12
7
5
26
9
10
32
28
20
13
12
12
19
7
16
3
19
8
8
18
18
3
5
17
9
20
4
16
28
8
14
9
28
6
2
8
26
14
26
2
6
4
0
14
21
26
2
4
32
3
21
4
9
3
0
21
10
21
21
13
9
6
25
38
8
12
8
18
13
21
3
14
35
17
10
22
8
12
8
20
2
31
12
8
21
3
12
4
5
20
8
6
41
18
1
9
17
19
12
18
3
8
20
25
11
22
15
8
11
24
2
11
19
6
22
8
12
8
8
7
16
25
2
34
18
7
14
31
7
10
16
26
30
11
15
6
26
5
21
19
16
4
12
1
3
7
1
3
8
5
9
10
11
19
20
10
14
14
12
11
35
8
10
12
21
11
22
7
13
5
4
4
15
36
10
2
15
4
1
6
22
13
4
0
17
7
17
16
11
3
8
0
4
3
14
2
2
8
10
5
3
23
9
12
11
16
6
6
21
32
4
14
14
29
7
21
2
10
4
9
16
13
6
5
5
18
13
10
16
15
5
9
19
4
2
12
3
19
5
8
13
4
14
23
11
2
4
13
6
19
5
6
14
19
6
8
10
13
4
13
11
7
7
2
0
6
8
16
9
2
9
17
3
8
22
8
5
3
10
12
7
8
2
5
7
0
3
7
2
1
14
8
10
1
6
8
9
1
5
2
2
6
4
9
0
1
5
2
8
2
9
3
2
0
3
3
1
7
3
1
2
1
3
1
2
4
1
4
0
3
1
3
2
4
1
2
0
4
0
