17
25
98
13
21
85
26
8
3
43
3
29
7
36
58
6
109
42
6
11
1
52
125
16
65
5
25
74
24
15
24
29
45
6
4
39
47
83
20
3
15
17
37
56
9
18
8
44
1
47
4
57
9
30
24
27
35
7
73
9
11
4
27
41
66
1
49
36
23
21
70
40
29
2
41
34
37
67
4
57
30
45
89
73
42
78
96
7
37
60
61
58
109
75
80
1
22
49
40
29
3
28
12
52
73
38
50
21
64
3
34
48
75
24
80
48
78
133
26
10
7
68
16
61
40
9
34
8
5
46
61
7
41
47
76
4
45
5
4
27
72
5
1
40
11
29
53
55
53
61
12
64
31
84
97
61
59
55
62
42
76
6
14
2
59
15
53
51
18
17
59
7
21
4
25
77
54
20
103
24
35
41
34
23
69
73
105
64
34
7
45
33
13
38
14
49
2
90
113
15
48
13
21
21
3
44
18
2
21
57
17
58
80
43
2
20
13
61
83
56
25
8
0
47
52
9
33
10
13
44
63
8
72
43
68
12
3
5
22
15
28
1
78
38
11
29
38
21
56
7
91
30
54
18
13
57
53
72
73
62
19
50
36
38
73
4
84
102
16
77
72
23
52
43
21
46
85
5
91
22
67
38
48
16
18
9
6
24
84
49
6
54
26
8
41
40
68
23
21
99
14
24
56
13
1
44
44
4
98
2
54
20
11
12
88
51
83
0
53
1
12
31
11
8
36
24
33
55
12
53
47
17
32
1
43
57
47
34
100
21
73
104
58
64
35
6
10
25
84
95
7
13
48
32
94
91
59
32
94
35
3
91
26
8
77
37
30
57
42
25
20
30
2
39
47
36
14
14
27
1
28
7
29
5
30
17
11
51
1
22
32
161
44
46
34
48
97
61
43
17
102
96
21
8
21
52
2
5
5
13
24
9
39
22
91
26
54
9
27
11
11
48
38
37
8
8
109
51
12
13
8
87
57
4
55
120
18
39
54
20
127
49
27
24
27
52
92
84
20
6
57
28
25
47
89
54
47
10
14
3
79
51
11
40
11
12
42
95
11
5
18
57
39
56
24
50
23
41
34
38
34
18
28
16
22
9
45
36
58
51
184
13
1
40
59
1
40
23
13
59
51
41
7
42
6
29
9
78
31
40
23
100
28
19
46
46
6
51
2
39
4
100
84
4
16
29
47
23
67
64
8
5
31
10
110
5
14
56
36
13
6
32
72
39
23
27
63
17
6
63
29
38
92
71
10
74
20
9
29
4
43
34
21
41
72
48
102
57
9
48
40
42
51
79
41
14
7
76
31
31
39
44
25
27
34
8
21
1
81
64
34
0
17
7
113
43
92
19
25
27
5
6
7
9
61
54
22
13
75
3
25
12
53
12
19
13
19
41
42
57
76
50
42
67
52
45
125
1
14
43
60
34
34
6
51
45
4
60
73
68
61
54
51
11
98
88
16
6
47
53
18
70
7
37
25
34
19
11
28
8
38
6
43
33
27
7
74
30
29
84
17
21
1
7
38
14
28
3
110
4
0
18
70
40
53
36
8
30
11
38
13
24
46
15
26
11
6
3
15
91
15
47
15
41
37
24
30
25
13
39
18
1
85
15
125
49
5
33
37
54
4
73
4
2
79
9
92
28
34
54
74
17
13
72
6
5
35
10
80
48
21
4
56
29
57
85
57
91
20
31
56
58
21
13
32
3
109
18
37
34
7
27
57
24
20
56
28
86
9
1
5
95
13
29
11
15
18
36
56
5
11
39
3
77
4
65
45
33
17
43
34
43
24
50
5
26
49
71
75
5
65
68
24
35
22
56
46
40
15
3
49
40
16
42
30
58
24
26
33
8
69
14
41
23
92
75
25
72
57
13
3
55
10
12
38
58
27
22
21
9
25
12
18
29
14
5
85
20
50
16
37
63
17
23
36
2
15
5
48
10
34
98
46
18
25
28
13
75
42
44
56
82
2
37
12
21
15
13
3
59
74
35
59
27
48
3
57
34
13
33
10
22
64
64
70
87
47
71
14
58
3
1
2
33
36
2
20
18
28
25
35
36
7
21
53
33
19
22
9
2
35
15
39
58
30
93
57
45
17
34
3
31
54
108
39
4
40
7
14
2
21
38
16
70
49
36
62
70
28
37
30
2
8
24
29
134
5
75
33
77
6
107
39
124
73
24
9
28
5
58
20
32
14
55
10
10
6
61
29
49
45
53
49
27
23
7
34
7
6
1
49
51
7
11
8
27
57
0
18
44
13
12
61
29
10
7
28
50
37
89
4
91
68
122
11
68
5
40
72
50
84
71
107
12
15
1
6
10
18
40
23
2
5
15
10
51
30
22
5
41
14
1
7
3
17
37
47
55
3
25
20
1
10
1
53
107
26
45
7
13
46
26
3
3
11
30
28
19
80
10
74
45
67
21
74
72
68
28
2
60
24
47
22
27
61
26
48
35
24
30
56
14
39
1
86
23
46
9
31
1
3
7
41
11
12
41
48
6
18
60
13
49
75
42
44
49
54
28
8
97
47
16
26
42
1
5
51
36
29
26
46
14
8
48
30
12
89
16
9
0
35
51
10
7
19
4
33
48
70
100
35
10
59
18
45
28
6
25
51
9
38
26
54
52
26
43
39
35
11
41
3
6
117
33
29
42
15
24
10
57
60
3
58
24
51
11
37
14
36
58
17
37
33
26
8
19
48
15
7
18
3
41
12
41
41
35
34
56
22
0
10
8
5
57
3
2
22
17
22
62
36
46
44
46
19
43
63
21
6
53
64
2
1
40
17
2
27
37
45
1
51
64
3
82
3
23
36
39
4
67
91
47
9
22
0
77
2
4
31
22
75
46
30
22
38
27
45
16
90
23
43
28
7
11
3
15
108
17
39
30
39
44
25
33
66
54
87
13
16
12
25
7
10
75
6
36
5
24
53
12
54
62
9
38
26
7
28
52
27
66
72
47
77
36
12
87
67
5
48
28
27
13
28
0
8
17
29
47
46
59
81
38
39
52
75
11
40
30
5
7
0
50
3
23
13
73
40
10
20
5
25
46
38
28
18
48
112
39
6
21
57
5
36
68
9
55
12
15
34
10
11
34
12
40
59
12
21
29
12
25
34
53
55
13
31
13
36
25
76
113
9
62
25
1
87
27
19
11
25
49
10
11
9
38
93
10
1
46
42
87
33
18
8
9
4
15
41
27
6
3
10
4
34
36
12
17
14
12
36
47
9
3
5
49
2
0
23
6
24
10
87
54
16
46
11
2
16
9
23
30
40
10
46
106
39
46
15
11
57
79
64
1
86
12
37
33
74
12
65
22
84
69
33
52
2
17
31
41
15
32
24
12
12
29
32
41
1
9
18
9
17
45
2
16
77
8
22
47
4
13
48
54
27
6
22
8
15
40
9
10
57
8
54
27
31
9
9
7
18
31
17
44
29
39
23
32
22
65
62
9
55
11
54
40
34
0
5
15
48
3
32
76
45
86
68
11
32
26
19
15
11
36
30
13
9
36
19
34
25
12
30
44
16
31
50
37
38
38
41
20
11
2
31
22
0
13
55
68
8
37
37
27
28
24
27
9
48
34
35
29
18
8
6
17
3
33
12
54
29
41
17
47
0
26
22
8
10
73
2
48
60
49
30
49
25
61
19
64
85
22
40
42
77
9
9
15
7
19
38
32
25
28
32
12
16
13
8
37
18
26
0
63
12
39
22
7
26
10
60
31
49
7
52
33
58
62
13
6
34
11
7
36
6
16
50
4
30
18
5
33
18
21
12
8
41
36
39
8
38
8
6
48
26
14
37
17
9
4
13
16
0
46
50
8
4
2
11
3
48
10
62
34
34
29
5
52
12
19
47
26
27
52
6
18
37
26
3
14
2
8
44
7
33
45
63
15
21
23
7
24
76
1
14
34
19
30
17
43
22
6
26
52
3
56
48
1
33
22
41
22
8
13
70
3
0
31
69
57
30
33
43
39
53
54
8
43
79
37
7
39
31
57
33
33
6
34
18
41
17
53
32
47
37
24
35
4
62
8
45
9
21
20
32
10
31
22
42
45
15
5
2
32
79
8
28
29
31
33
18
39
2
14
41
29
15
28
0
37
22
21
33
37
34
8
35
27
22
45
39
1
12
12
25
2
28
14
59
0
18
29
5
63
51
40
25
4
20
21
63
10
6
5
3
31
3
32
6
1
1
73
14
48
1
16
17
38
19
20
8
38
4
6
18
21
2
17
45
41
1
30
10
6
12
20
8
55
14
10
8
46
26
23
3
2
18
17
30
16
0
51
1
10
64
27
18
2
24
15
12
47
17
6
25
25
41
11
10
46
24
9
37
16
27
29
60
16
12
7
27
76
3
13
52
18
30
41
28
32
48
48
16
13
1
2
5
20
28
0
14
31
31
14
1
20
55
6
8
6
35
56
37
18
23
39
62
4
34
31
21
38
43
42
41
32
4
29
5
19
23
28
10
57
44
44
17
2
4
11
34
30
24
1
20
33
5
4
11
13
49
5
16
11
14
45
30
20
39
13
2
7
3
16
31
11
22
29
17
1
27
2
29
58
10
3
47
50
16
30
18
27
27
23
2
6
33
12
32
18
12
27
23
24
11
44
7
10
12
33
37
5
22
1
4
23
13
87
36
21
15
15
3
3
20
18
8
36
4
4
36
63
0
35
32
10
16
32
65
42
8
10
37
29
0
13
31
15
17
35
19
29
29
0
37
71
19
6
19
8
0
19
2
23
7
32
10
4
18
23
25
27
33
14
1
2
15
12
4
24
35
13
3
62
46
2
13
25
25
76
47
20
25
17
2
49
12
4
23
1
3
40
26
7
23
9
36
3
20
5
11
28
4
23
36
2
14
9
36
42
4
15
13
17
10
20
17
21
6
6
6
7
0
6
33
23
41
10
19
15
51
23
4
16
8
12
5
20
18
18
1
15
10
3
15
15
14
10
38
4
0
36
37
44
30
38
16
4
18
54
45
6
40
20
67
11
17
3
6
9
51
9
20
7
12
13
11
19
45
8
15
9
3
15
11
45
8
8
18
12
21
14
16
21
15
27
0
2
19
13
35
3
13
6
2
44
43
32
10
2
10
2
11
27
20
12
15
26
36
39
20
15
22
2
5
10
46
2
1
57
26
21
4
26
13
25
38
45
13
30
2
31
26
7
2
38
14
15
7
58
25
2
19
32
30
17
20
8
1
5
4
24
17
24
1
8
2
6
13
21
1
7
32
41
48
32
7
21
37
30
3
11
15
1
9
5
1
2
17
12
27
11
28
4
18
3
30
5
12
7
3
20
23
36
5
5
6
12
12
11
16
2
24
19
21
50
15
2
2
25
5
7
35
30
37
26
18
3
37
11
2
14
4
18
8
1
19
8
11
6
14
23
31
1
22
15
23
7
1
7
13
8
22
5
6
6
6
10
20
18
17
9
16
12
8
6
16
10
26
11
12
3
29
21
11
18
10
8
7
5
26
33
16
14
5
6
5
20
13
3
12
18
3
9
3
34
3
7
43
23
10
10
2
57
6
9
8
2
21
10
5
16
0
12
26
13
2
7
40
10
6
18
34
10
33
21
43
3
11
7
14
7
27
12
11
15
23
2
1
17
0
7
29
8
13
3
38
3
16
6
3
22
4
9
10
6
1
25
21
1
38
8
12
5
10
1
7
22
13
21
21
35
5
1
4
21
24
25
21
28
2
2
3
8
4
3
29
14
21
5
5
17
13
28
16
26
7
11
3
11
37
25
5
10
27
18
15
5
4
21
14
2
26
7
20
1
24
6
8
15
19
3
15
6
12
16
1
15
12
14
7
4
9
0
31
14
7
13
19
29
11
19
5
22
12
3
3
13
20
14
15
10
12
2
9
7
12
5
15
0
14
4
12
7
10
7
26
5
13
9
13
15
19
7
7
2
0
6
3
7
9
33
9
11
15
17
9
0
16
9
0
17
1
22
15
13
22
12
19
0
2
22
6
11
8
5
4
23
12
2
1
23
7
3
17
13
9
11
7
10
14
6
19
10
23
1
0
6
16
8
16
1
10
8
15
8
4
3
2
9
2
2
4
8
13
8
0
2
3
7
2
2
1
6
5
2
6
4
4
1
3
4
12
1
3
4
5
12
10
18
2
12
12
3
8
2
6
2
6
6
1
9
7
3
10
3
10
6
2
9
2
6
1
7
6
5
19
8
1
5
5
1
5
7
13
2
0
1
7
4
1
6
2
1
3
11
2
2
1
3
3
0
2
1
0
0
0
1
1
2
0
0
