0
3
0
11
30
4
52
18
1
6
58
69
11
2
22
14
48
1
30
67
76
68
4
110
117
16
6
32
10
46
7
26
8
25
2
100
17
10
26
4
69
3
4
10
5
56
25
37
2
23
8
14
19
34
23
126
22
16
53
14
9
92
41
28
34
103
4
16
60
39
42
83
20
6
19
31
16
71
58
18
36
0
33
56
69
121
35
3
25
7
2
74
19
6
20
19
11
84
54
49
46
9
67
11
34
20
21
10
14
78
61
17
39
5
114
14
94
5
56
63
22
1
40
26
100
26
59
10
97
14
25
48
18
91
2
101
34
143
48
31
36
106
3
24
96
58
85
21
82
56
35
24
57
22
35
118
33
26
41
36
35
4
34
19
114
35
37
33
55
49
34
25
15
43
27
15
114
14
56
55
22
13
42
7
54
15
86
30
34
31
2
16
38
40
1
51
105
71
34
9
22
62
30
44
25
14
20
10
57
53
60
23
95
91
6
35
50
44
3
7
26
30
15
37
29
4
18
72
17
29
69
60
18
8
30
19
63
1
39
70
19
69
32
42
35
118
17
3
35
72
97
53
70
4
36
13
72
28
60
44
23
34
70
26
30
14
19
31
2
44
118
36
47
52
33
40
29
126
48
59
32
5
3
13
29
90
41
6
36
61
8
54
44
53
83
35
19
17
11
60
1
68
10
17
38
9
18
61
46
31
67
10
63
74
46
44
128
112
59
18
4
20
12
32
59
56
50
53
72
102
1
59
5
43
65
38
19
81
15
24
30
2
37
33
15
78
75
87
38
4
26
16
14
1
52
62
8
46
25
136
32
3
0
67
31
14
82
88
62
4
21
66
24
33
11
36
20
21
103
25
25
66
11
24
18
25
77
9
76
8
19
34
28
93
0
24
22
32
27
71
39
19
62
32
37
97
5
7
16
24
92
7
32
24
80
13
20
80
51
2
78
2
59
8
2
116
69
13
13
51
53
26
33
17
12
63
8
3
35
31
27
10
3
33
15
90
15
39
31
40
59
40
108
35
7
81
55
61
68
33
6
65
91
54
7
93
4
38
81
4
57
87
27
2
32
9
24
34
50
37
1
17
22
51
30
92
74
55
18
41
23
1
35
39
12
50
11
41
74
47
51
1
75
20
46
52
56
22
70
18
61
53
4
1
21
5
139
23
30
47
17
22
32
52
6
66
30
24
7
24
53
22
58
48
50
4
21
90
28
51
30
54
0
23
3
41
39
10
70
62
36
13
36
9
24
120
90
12
36
8
27
36
61
46
45
45
75
52
24
14
102
5
94
77
22
39
13
9
64
35
3
50
35
1
3
77
21
96
14
18
73
67
5
15
38
21
51
24
97
1
174
7
4
21
12
77
43
0
5
24
61
51
13
54
13
51
42
11
39
8
5
38
28
28
38
97
30
76
3
21
1
113
7
69
30
38
41
57
33
4
36
86
49
72
23
33
20
40
12
40
15
55
108
19
14
25
35
74
97
54
29
41
25
46
51
9
18
2
5
22
94
22
18
28
21
37
8
16
56
57
71
20
38
22
10
45
4
5
8
91
55
48
59
9
34
21
49
3
16
56
24
106
3
45
43
8
8
3
30
33
30
39
66
25
66
25
64
51
53
2
39
56
40
0
6
1
31
1
3
6
1
20
83
9
3
21
35
75
60
29
61
24
35
5
26
104
26
35
6
39
34
30
67
93
97
3
61
64
17
54
95
28
7
93
44
26
43
26
60
49
19
159
29
22
2
26
56
21
44
52
70
35
22
64
18
22
50
38
27
103
15
59
12
18
27
79
7
40
19
11
6
1
17
88
28
34
41
10
80
60
23
52
20
40
15
65
37
16
37
39
4
3
8
92
30
2
33
1
67
44
38
1
20
34
56
38
4
25
19
71
5
1
18
22
20
59
88
50
4
80
15
69
2
5
54
21
63
8
68
106
86
17
44
44
2
10
28
84
27
8
70
27
56
44
11
12
48
1
29
95
52
1
45
6
10
15
67
36
16
24
6
27
64
50
67
42
14
5
37
114
80
38
106
19
64
47
2
24
9
68
74
27
87
52
5
33
15
46
6
6
3
16
17
47
10
36
33
25
7
28
36
31
53
47
14
36
36
79
82
34
14
43
88
16
57
12
64
0
7
47
17
5
71
32
46
21
24
19
15
48
26
23
51
27
8
24
22
65
11
37
67
2
17
2
55
20
51
3
7
15
13
39
33
50
72
60
37
9
60
29
7
41
6
2
60
79
21
34
40
51
7
36
3
19
35
1
55
13
57
3
21
57
3
25
60
27
72
17
3
27
75
57
122
42
10
4
29
16
53
8
28
42
24
8
6
21
32
16
19
2
54
59
60
56
19
25
37
44
5
48
10
33
14
16
36
22
10
7
19
11
5
12
57
27
12
7
61
8
33
18
21
81
28
20
116
28
87
2
14
53
21
23
27
77
27
30
15
37
41
43
5
34
30
19
18
55
59
14
9
81
76
28
16
15
19
54
24
26
12
77
12
34
19
9
4
41
45
10
16
39
16
5
6
26
16
20
38
13
34
12
49
32
2
11
23
30
40
5
18
13
2
30
75
34
47
11
53
1
5
1
46
3
87
18
5
39
32
12
1
32
14
47
23
37
20
33
53
75
22
14
3
34
67
31
32
36
14
58
57
21
7
35
76
36
8
13
19
65
16
90
9
50
26
30
16
20
1
33
21
35
13
24
63
47
3
19
41
46
33
37
17
60
107
45
57
74
2
118
48
10
40
78
99
18
7
7
57
38
39
20
16
56
54
15
23
15
55
73
43
25
52
20
16
31
1
28
43
25
40
13
13
45
49
53
16
70
19
50
21
28
61
39
19
12
119
40
84
27
40
79
41
15
89
4
14
23
32
23
19
17
12
41
4
26
23
7
6
34
86
62
49
15
86
35
17
7
14
59
8
58
48
1
69
37
16
24
105
4
2
4
1
26
57
29
17
16
0
9
4
22
3
7
19
109
40
44
38
53
27
2
37
20
1
48
4
31
18
50
52
19
56
29
3
48
31
104
10
45
14
3
35
4
29
9
12
9
56
52
29
20
1
12
37
1
15
39
19
1
8
2
17
51
29
46
34
55
52
12
8
3
23
10
24
47
29
8
58
24
26
16
8
40
12
21
3
39
31
21
52
67
5
47
28
2
11
20
56
44
81
24
79
16
24
11
39
25
53
40
18
28
26
15
23
42
19
4
41
11
74
13
54
10
94
24
41
11
29
39
30
29
23
58
75
16
9
59
16
7
31
24
42
39
85
27
7
75
22
17
7
24
21
41
78
47
61
30
52
8
12
67
23
13
54
32
18
51
20
8
1
31
10
7
59
6
29
14
30
15
33
61
10
31
0
27
9
58
15
15
60
55
55
40
4
67
64
29
22
55
7
28
20
60
30
27
6
70
37
50
3
32
23
33
15
16
2
17
68
8
30
24
15
9
68
24
56
63
42
29
20
48
49
54
41
7
12
24
47
15
1
1
26
20
5
8
28
21
30
24
46
16
53
2
33
4
32
61
65
88
33
9
41
6
42
8
39
61
37
25
29
1
57
37
44
28
32
52
11
18
42
40
64
6
3
14
42
23
65
14
37
15
9
52
29
76
15
5
21
9
20
3
46
11
26
14
54
33
1
21
26
1
50
23
4
28
84
8
4
61
24
48
39
10
8
6
57
10
4
14
58
6
6
1
31
20
37
31
43
2
57
9
34
64
13
22
14
81
10
36
46
50
72
17
20
34
17
52
66
6
32
11
62
49
23
45
30
55
16
31
35
15
33
31
26
31
43
12
46
34
52
35
18
25
21
8
45
38
13
30
31
49
10
21
26
23
5
31
1
12
29
17
7
9
50
39
55
11
50
26
29
12
40
29
3
61
11
38
25
73
29
1
40
37
34
22
18
26
15
27
35
33
27
4
5
6
11
6
8
61
91
13
2
14
7
40
7
41
2
19
53
3
21
42
21
11
48
21
26
8
45
0
9
37
19
45
34
29
5
39
59
3
17
21
88
54
41
30
44
45
18
32
27
1
58
31
39
21
23
2
28
30
6
4
19
2
30
16
27
10
20
18
86
26
8
41
14
24
17
18
27
21
42
32
46
12
7
17
16
13
52
19
17
22
17
7
56
5
7
23
40
43
54
54
28
13
64
22
1
14
8
75
31
7
30
28
47
51
15
51
8
15
63
25
26
2
12
29
15
71
91
61
13
30
31
4
65
29
22
15
5
3
21
37
27
54
15
3
63
3
50
34
32
34
29
16
9
25
21
19
4
5
26
6
22
31
67
11
27
57
15
19
4
4
56
22
35
30
29
12
6
24
20
6
35
12
36
2
16
28
39
32
1
18
4
69
13
9
14
17
10
47
66
24
19
9
22
5
17
5
34
15
14
5
7
55
39
44
5
28
5
27
41
13
7
14
2
40
50
2
21
16
3
32
8
3
34
1
30
20
37
12
8
34
37
5
0
2
19
1
8
5
2
4
10
25
19
61
4
0
6
50
42
25
21
4
16
7
0
27
32
19
40
4
11
8
23
24
11
21
20
41
45
4
20
14
1
46
31
8
23
18
43
17
10
6
1
28
22
10
55
4
27
11
34
31
3
20
18
35
0
3
14
13
46
27
2
23
3
35
48
56
31
1
7
63
11
5
22
44
20
24
46
12
41
41
54
7
23
6
23
13
11
4
30
14
5
24
0
38
22
30
12
32
4
14
22
18
42
34
17
10
6
3
15
4
20
3
13
7
14
14
25
20
20
10
23
2
6
13
35
26
13
12
5
12
10
35
3
11
20
24
33
13
4
14
17
25
2
24
10
18
29
2
20
35
19
29
27
29
9
41
14
10
32
29
14
22
32
14
7
7
5
22
8
7
8
15
1
8
51
24
2
56
18
3
12
23
35
19
3
18
38
20
10
6
4
0
40
4
9
18
39
59
43
9
6
1
17
22
12
7
51
53
6
40
38
73
19
2
16
33
11
30
0
33
27
3
21
17
3
3
17
11
4
47
53
12
21
42
44
12
10
35
1
5
4
14
17
21
45
35
9
2
31
5
46
12
2
6
10
6
4
11
11
17
10
32
1
1
2
20
43
16
22
5
1
11
52
1
20
11
12
20
27
8
24
14
19
18
58
23
46
14
9
31
1
35
24
1
16
15
12
5
15
20
24
20
15
5
38
13
40
21
31
2
2
11
59
14
13
42
9
14
13
25
25
29
22
18
1
29
5
16
13
19
36
20
2
40
28
15
5
1
32
36
7
27
32
7
11
11
2
2
11
14
2
11
20
24
15
33
3
22
35
9
16
10
2
6
37
9
8
14
52
4
5
4
23
14
11
3
47
33
18
1
21
19
18
3
49
17
25
17
20
24
7
15
21
14
2
13
2
31
39
4
11
16
12
4
57
21
8
8
1
19
7
12
21
27
41
10
9
35
21
17
11
8
33
5
8
0
14
8
28
35
19
31
16
11
11
1
21
9
19
13
8
19
4
2
14
18
22
9
3
17
29
8
12
15
4
2
9
1
11
16
26
2
20
19
24
4
3
7
31
15
27
19
17
15
7
3
19
8
6
4
41
1
22
13
2
8
43
11
18
4
17
20
8
6
27
11
16
3
22
14
16
25
9
13
6
13
30
39
0
7
31
4
12
6
21
32
15
19
19
16
15
3
31
19
6
3
8
2
20
14
7
12
23
2
33
48
13
10
1
18
23
4
14
10
30
4
20
9
10
5
0
1
20
3
1
6
5
17
4
2
10
14
7
19
7
9
21
7
1
28
6
2
7
23
11
17
19
16
10
16
21
8
10
10
2
20
18
3
6
19
8
10
14
17
4
18
18
17
1
6
1
3
2
12
3
6
21
5
5
3
6
7
5
15
15
0
25
11
5
1
26
2
7
14
9
15
2
1
3
26
8
12
23
10
1
13
0
11
9
25
5
1
11
1
5
13
4
12
3
28
11
18
1
23
30
6
22
16
6
2
2
3
6
16
2
11
6
11
5
8
20
0
11
8
4
9
0
7
3
12
1
16
2
2
2
9
14
13
13
7
1
9
6
2
9
7
9
7
15
17
5
5
9
11
6
2
7
8
4
15
6
7
25
11
3
23
9
9
0
8
6
12
11
7
4
3
4
8
8
6
9
8
0
0
8
9
5
0
12
2
11
6
8
2
4
2
5
5
0
2
3
4
3
10
8
11
1
7
4
9
6
1
2
7
8
4
1
9
1
0
11
2
1
4
6
4
6
4
0
3
5
7
0
0
1
1
3
3
4
1
3
3
1
1
1
0
