8
2
2
12
18
2
1
2
8
5
0
10
29
10
8
25
1
15
9
2
0
16
7
21
33
6
15
15
10
4
5
18
1
3
20
9
2
10
2
6
12
17
17
19
6
7
0
8
5
24
6
3
13
21
10
4
19
9
5
7
7
7
1
18
10
21
13
13
8
27
15
13
17
24
4
10
16
5
15
2
6
6
2
10
2
14
17
17
35
3
2
9
5
19
3
24
6
1
8
5
19
23
19
2
5
3
11
9
1
7
25
3
4
12
13
15
9
4
18
7
9
1
10
16
4
7
12
21
11
5
20
16
3
12
31
13
17
3
14
1
15
26
12
4
18
5
15
10
2
5
17
2
1
11
7
14
11
9
3
3
10
3
3
19
6
5
1
4
11
26
7
1
15
2
6
1
7
4
8
11
9
6
8
1
4
2
8
6
8
2
5
12
3
1
7
3
9
2
4
5
6
3
6
4
3
8
13
7
2
1
3
1
2
13
15
2
3
17
2
8
15
3
7
14
8
1
3
0
6
8
14
0
13
8
5
12
8
4
2
10
6
14
1
13
7
9
2
9
6
13
2
10
6
1
1
5
5
1
1
6
1
2
1
3
2
5
1
1
1
5
2
3
1
3
1
3
1
0
1
1
