32
25
35
1
13
2
1
8
57
4
34
60
1
36
28
4
12
62
54
0
5
7
22
19
16
39
6
12
122
71
25
72
22
114
92
13
27
8
8
6
39
95
33
12
10
80
148
41
30
61
38
41
71
101
33
39
16
22
50
35
9
8
53
4
23
93
24
16
31
18
35
16
24
39
0
6
1
5
22
56
30
17
12
10
96
117
10
118
36
44
51
11
122
35
67
1
23
3
6
39
51
39
24
6
57
48
36
88
3
58
19
75
64
8
34
1
71
50
21
60
31
53
12
38
28
95
3
62
85
23
21
1
71
67
59
22
74
99
36
55
64
28
57
56
48
65
39
61
31
57
119
24
24
32
9
54
68
35
2
32
27
34
35
109
19
70
1
37
22
4
102
18
11
18
36
13
60
58
12
14
10
25
10
50
75
67
100
96
51
69
139
60
78
27
61
6
19
91
2
11
57
78
67
6
22
61
60
48
15
100
66
47
63
49
90
47
21
28
3
16
6
45
3
19
46
13
55
43
57
16
32
62
35
30
12
18
74
50
38
7
8
24
9
25
73
6
60
19
26
15
81
2
46
36
71
30
4
59
34
61
30
45
55
51
17
34
85
26
56
26
16
20
6
90
71
87
65
74
57
97
0
5
42
38
48
67
15
60
42
73
12
35
15
50
11
49
15
24
5
42
35
3
61
36
5
70
24
15
49
48
33
67
4
12
20
7
96
33
80
22
29
31
16
48
29
79
13
40
9
141
55
35
43
37
7
106
3
26
66
13
7
28
22
25
4
71
6
114
7
89
33
23
20
103
34
51
73
93
43
19
37
39
25
3
8
42
48
23
34
23
21
22
35
55
24
36
43
62
42
5
21
15
36
6
11
63
13
47
32
58
78
33
52
32
33
95
58
18
55
15
65
20
76
14
14
38
59
77
70
38
14
50
40
58
106
11
48
33
70
19
11
46
24
56
35
5
46
31
23
6
51
66
9
36
103
27
42
7
3
18
96
19
15
12
102
32
3
24
54
65
42
17
10
3
65
41
18
95
48
21
61
42
76
109
2
32
87
26
86
24
2
18
35
34
60
10
13
75
2
88
63
42
5
9
81
42
39
47
11
27
44
70
32
2
24
56
36
12
62
11
31
92
56
73
68
44
82
21
61
56
10
35
17
27
27
64
43
57
92
31
57
75
1
41
41
50
45
58
13
2
18
49
15
14
98
18
2
17
37
18
108
43
45
20
118
6
16
12
6
28
39
5
0
82
13
51
23
31
24
58
15
65
63
41
14
26
31
23
78
13
3
17
61
33
1
81
32
10
27
22
24
76
31
77
98
5
38
100
88
27
7
1
81
98
57
34
24
6
29
33
38
27
16
50
25
66
98
16
25
36
97
11
35
1
59
24
17
85
37
51
37
38
44
30
54
41
5
9
18
12
37
71
34
3
41
83
29
22
48
55
22
35
47
35
6
3
39
10
37
9
31
29
47
40
15
50
32
75
95
47
17
52
59
16
47
21
72
93
79
22
68
88
17
42
27
29
86
4
104
30
49
82
21
6
14
51
38
20
37
21
7
1
4
20
39
35
14
34
31
43
105
13
55
68
12
39
38
27
0
13
30
59
56
60
74
41
32
44
27
16
11
122
50
34
0
41
10
8
5
14
74
14
76
4
41
85
10
2
29
57
45
9
72
3
79
33
46
4
19
7
138
87
60
28
83
33
53
29
2
88
63
74
32
109
42
33
14
25
13
15
33
12
8
32
40
29
56
41
26
43
9
61
6
5
3
58
75
13
30
35
61
35
37
78
0
38
42
11
23
63
1
12
18
62
27
27
6
8
18
44
13
57
62
18
3
21
24
45
75
30
41
51
5
54
70
31
24
36
72
34
81
93
23
64
24
35
70
20
5
54
78
40
23
2
16
52
30
15
32
33
22
25
11
30
24
3
5
2
20
15
24
29
12
56
5
45
35
20
18
1
15
16
45
39
22
22
65
23
32
67
67
22
13
65
1
93
47
44
0
25
23
13
3
20
77
47
44
25
36
45
27
36
4
22
25
11
83
15
32
43
18
5
45
8
23
55
10
28
7
0
56
6
2
46
17
100
51
9
2
4
23
99
4
6
18
50
82
18
43
51
10
45
41
41
65
22
13
18
53
28
29
43
41
25
13
11
5
43
5
56
48
18
54
82
4
16
28
70
17
15
28
13
1
1
31
10
98
26
54
70
49
50
77
15
85
10
28
4
18
13
111
52
57
5
17
20
87
1
1
43
61
69
44
29
40
13
2
5
26
51
17
27
67
26
34
43
3
31
45
55
4
59
6
18
16
15
10
7
2
60
27
2
33
59
1
31
33
13
9
48
36
45
77
23
23
11
39
26
75
26
24
29
55
11
48
30
1
10
52
43
17
1
30
10
19
26
2
13
49
35
27
7
49
73
57
18
6
32
74
41
29
5
30
29
27
60
14
48
49
54
9
46
41
78
23
64
16
6
25
53
10
4
8
3
6
10
47
6
50
72
46
3
30
26
108
12
32
34
7
85
32
22
41
63
25
60
18
72
10
28
25
29
55
25
99
6
15
41
16
36
24
22
11
5
6
63
0
7
13
25
67
15
74
60
22
8
31
23
11
92
8
20
13
57
69
48
13
74
32
43
7
9
80
28
35
51
61
38
53
40
48
14
46
80
1
15
17
2
18
37
49
7
50
53
29
1
29
3
16
24
28
23
72
19
25
1
42
64
35
16
49
21
9
7
2
12
9
68
59
57
41
53
72
26
16
10
24
47
73
18
45
4
42
26
105
7
34
28
18
39
6
17
16
97
15
0
54
25
12
19
0
64
5
39
100
58
11
9
10
50
75
70
38
41
54
21
22
49
5
31
125
143
27
85
29
70
50
15
16
21
1
13
34
26
28
5
4
3
49
73
2
0
37
29
13
6
0
59
13
21
8
40
25
14
6
62
38
3
13
55
74
2
31
30
54
10
3
15
37
72
25
52
7
86
30
38
46
30
23
9
26
12
37
80
56
7
13
87
24
27
7
13
9
7
42
3
49
13
61
31
66
2
30
37
34
58
18
39
42
35
1
36
1
1
4
37
35
5
18
7
12
43
43
39
57
29
24
20
32
8
26
31
47
23
58
48
31
42
13
59
11
44
15
20
71
37
37
91
15
4
107
12
35
113
26
40
42
9
27
20
39
6
42
31
37
12
55
24
26
1
21
20
26
45
21
52
29
1
43
11
63
9
38
33
66
59
2
18
5
28
65
51
63
48
52
9
65
67
25
15
18
4
15
21
22
45
3
11
48
1
9
54
22
40
25
43
16
32
20
44
17
50
26
69
18
38
65
17
32
45
48
32
2
5
21
28
24
23
73
12
82
32
13
19
28
23
11
69
28
14
11
35
37
4
52
19
4
32
1
71
74
16
43
56
49
63
26
20
13
68
27
6
1
32
74
65
12
10
5
48
27
51
12
50
73
31
2
17
20
57
12
34
21
11
15
10
1
29
62
10
2
21
15
21
3
28
14
31
39
34
90
12
29
61
7
52
52
18
22
32
12
100
48
110
43
23
25
37
53
19
8
3
17
38
38
41
9
19
35
3
22
5
22
29
51
42
8
63
10
22
24
5
21
12
3
4
62
14
11
47
24
59
5
51
29
50
0
4
74
46
4
6
20
21
5
28
60
30
25
3
11
1
17
9
84
39
28
37
10
49
13
62
20
15
8
51
8
11
20
60
9
37
17
24
13
77
12
20
33
36
15
21
9
3
17
11
55
62
4
8
37
16
17
44
30
4
43
31
0
29
51
3
24
45
2
34
32
14
49
41
21
12
13
0
53
50
1
17
7
18
35
41
83
16
3
5
45
12
5
11
13
29
104
55
20
25
6
15
21
39
40
58
37
1
11
2
10
16
64
17
16
29
22
40
38
11
25
27
33
23
46
20
33
2
46
19
37
4
2
54
12
75
0
37
1
11
8
9
21
39
53
45
4
35
35
32
33
18
1
15
73
36
15
18
19
19
61
3
32
3
35
18
49
3
56
19
4
50
47
58
91
0
22
32
16
7
31
41
14
10
23
76
6
9
17
4
23
64
39
26
12
58
52
1
9
4
57
36
78
22
30
21
6
14
3
25
24
22
11
2
37
59
25
38
4
16
20
51
8
1
19
14
2
2
41
6
17
1
11
24
5
22
32
20
18
20
2
15
8
2
28
8
79
27
6
57
27
15
45
35
8
8
19
9
12
36
1
59
22
37
7
20
48
24
24
5
41
9
1
5
52
3
8
25
29
2
12
33
17
23
43
7
8
49
21
2
7
1
12
8
1
12
2
66
14
3
18
51
16
45
27
5
9
34
30
7
34
103
4
41
49
32
3
23
1
15
38
24
16
5
15
46
18
2
6
8
25
18
4
3
22
46
39
13
33
18
8
44
20
7
17
14
26
10
1
2
29
5
19
30
42
39
35
25
45
56
21
43
9
23
57
45
43
23
6
5
62
36
12
42
31
52
5
1
26
11
81
14
11
14
17
17
16
7
15
23
13
38
32
6
25
14
31
6
27
6
28
12
5
25
72
23
64
1
22
68
34
28
63
3
4
20
19
50
20
6
46
42
48
16
7
24
25
35
12
23
31
22
71
17
34
11
13
3
50
19
7
18
29
35
3
45
18
9
30
34
26
25
19
16
13
1
46
37
32
45
49
64
50
42
16
48
44
47
32
24
12
33
45
13
20
9
2
2
6
22
11
39
5
35
29
7
28
44
42
6
9
15
40
24
13
64
3
2
66
31
5
5
13
13
47
20
18
42
46
25
12
25
8
25
30
67
43
26
3
33
13
8
25
25
14
13
45
22
10
22
15
12
27
64
3
1
25
29
45
42
13
52
26
19
35
22
18
8
33
9
4
12
38
16
54
15
21
0
37
7
10
35
45
2
24
21
13
9
38
29
2
60
6
51
4
7
25
15
37
5
1
14
12
2
11
10
23
20
27
9
1
36
29
37
2
8
14
17
52
35
31
59
0
4
1
21
46
61
4
23
4
5
23
28
50
8
39
34
7
1
11
3
0
12
9
5
1
40
7
3
8
6
40
7
20
36
16
8
5
20
7
33
29
26
25
1
24
33
14
6
6
15
48
24
6
3
12
38
18
14
6
22
12
14
3
17
13
25
29
15
70
6
15
20
15
51
32
14
29
51
2
24
21
10
7
10
25
23
7
19
5
27
20
39
6
7
5
18
4
0
3
13
27
20
26
11
24
21
12
17
4
7
18
21
24
6
7
19
20
16
7
6
2
3
5
15
24
3
16
12
8
5
3
8
11
4
31
19
14
16
23
16
26
10
17
14
0
4
13
0
7
23
1
12
21
17
19
15
27
5
16
23
8
6
17
17
3
15
8
7
7
16
13
13
0
29
2
25
14
39
3
15
11
4
13
23
19
17
30
5
8
5
1
5
13
6
6
2
9
10
27
12
22
3
10
10
14
9
3
43
9
17
21
13
37
5
16
0
39
14
2
41
15
2
11
14
11
2
7
5
17
7
5
40
29
8
14
25
7
22
1
38
0
14
8
13
2
17
6
22
27
29
4
15
14
14
8
14
0
0
3
15
9
14
15
20
2
49
7
1
20
12
12
13
22
2
6
10
30
13
13
9
18
11
29
2
12
13
1
24
14
7
2
6
11
2
18
15
4
18
12
18
24
4
4
13
7
28
23
12
12
5
1
11
5
31
18
3
9
24
17
6
5
8
8
15
22
6
20
38
7
7
14
6
33
10
8
14
3
18
10
38
8
16
1
16
32
22
14
2
22
3
10
12
14
9
40
13
0
10
11
1
10
10
5
10
24
31
6
22
17
5
10
12
11
20
4
18
12
22
19
14
26
15
22
9
2
9
9
1
13
4
9
13
13
5
28
10
1
18
16
4
9
11
18
15
4
5
19
11
24
8
15
0
5
6
4
6
10
5
15
10
12
18
6
11
5
23
13
3
7
6
1
1
4
8
2
2
4
10
7
13
11
3
0
11
7
5
3
12
12
8
3
13
4
1
8
0
13
8
9
12
4
0
6
5
6
1
11
5
27
14
4
18
13
5
7
16
1
3
0
16
8
8
9
2
15
13
7
11
5
12
2
1
4
4
9
11
8
15
7
7
13
7
16
8
4
3
10
1
4
19
14
4
2
19
3
4
1
4
11
10
5
1
2
3
3
2
9
9
14
8
4
0
4
2
13
1
2
4
4
6
3
11
10
2
2
6
9
2
3
5
3
3
2
1
14
1
2
2
5
6
7
4
6
1
4
4
1
3
6
0
4
0
0
1
1
0
1
1
0
1
1
0
