33
3
8
14
3
1
23
78
19
43
8
24
12
3
7
24
13
8
6
43
103
2
20
9
78
7
30
4
66
59
15
19
15
28
79
22
33
100
13
62
36
1
19
56
45
21
23
26
82
13
7
56
8
29
17
87
41
34
10
4
26
12
18
35
8
53
2
29
53
75
59
6
26
37
69
36
5
32
48
16
22
6
37
42
13
22
20
55
34
30
82
2
36
73
44
88
12
44
28
109
32
92
28
30
45
7
82
19
23
39
64
65
74
27
50
78
2
56
28
54
17
48
18
43
71
26
8
23
28
114
73
11
110
2
60
57
42
43
23
2
67
82
47
27
60
110
59
20
11
24
83
27
30
49
25
45
11
5
132
69
3
82
70
83
86
53
12
14
63
33
31
10
5
15
56
26
68
50
13
165
19
40
7
8
95
38
103
1
2
31
73
14
4
68
39
80
9
71
5
44
2
33
40
46
22
52
57
15
80
41
52
3
56
29
64
44
8
15
33
34
22
52
12
16
26
6
56
48
5
13
53
6
72
25
15
41
31
35
2
41
68
109
122
134
0
34
29
20
42
55
10
71
4
85
57
17
9
89
47
48
63
32
47
1
23
25
70
96
2
47
15
50
23
8
0
40
39
41
52
34
55
63
19
57
2
14
5
21
13
4
3
3
38
84
48
109
68
35
85
4
23
73
2
64
29
53
41
8
64
41
33
22
4
28
92
52
13
105
28
27
18
149
77
39
34
38
4
34
26
61
13
8
59
32
36
7
83
92
15
41
47
29
40
30
24
14
40
50
33
6
30
42
56
16
68
6
31
9
38
80
41
113
28
37
36
9
18
30
44
17
71
38
103
2
19
79
46
50
21
57
68
43
2
31
34
29
57
7
69
18
37
31
50
83
2
20
42
66
15
2
19
96
67
24
3
16
31
53
10
95
34
26
65
37
36
34
15
23
38
68
41
4
80
6
21
63
9
25
83
18
13
11
2
122
30
55
13
11
41
5
22
68
42
60
49
20
30
11
8
3
38
27
36
27
4
45
68
6
15
22
55
44
15
69
21
27
23
14
84
59
1
53
6
21
46
83
67
22
10
4
40
3
5
31
52
13
34
66
107
36
69
69
50
7
61
23
42
33
74
17
62
30
51
137
45
12
45
87
2
36
9
32
38
2
27
2
21
26
43
11
3
76
41
20
17
21
19
6
40
41
23
2
26
18
4
93
50
36
3
26
73
43
21
9
48
35
23
32
17
22
84
24
2
17
53
22
34
11
59
12
11
17
87
37
68
2
50
96
11
31
20
31
9
99
62
25
10
12
25
26
5
10
45
27
17
65
52
54
61
59
65
13
23
54
57
23
8
40
27
17
70
4
2
14
8
0
30
64
52
11
14
50
25
18
4
13
13
34
9
60
16
51
23
30
50
39
42
63
50
13
57
32
12
2
86
4
54
18
25
29
13
80
88
78
122
2
32
4
33
38
18
11
24
21
37
9
58
34
67
14
52
8
5
10
50
23
28
74
49
21
37
73
64
8
8
79
18
56
52
13
19
27
125
44
35
63
54
29
1
65
25
11
25
0
6
15
90
1
14
47
59
21
27
58
7
49
23
12
39
64
14
65
5
27
21
51
54
57
26
20
76
24
13
40
18
2
13
22
10
52
25
72
29
5
30
93
8
9
58
10
5
86
6
11
20
58
18
35
24
48
82
36
52
66
54
20
58
36
8
84
26
33
63
54
8
4
43
24
16
51
43
45
49
19
144
35
24
9
52
26
51
39
22
6
130
65
28
9
82
76
29
43
2
8
57
23
65
17
0
32
115
20
20
20
7
4
29
4
28
7
59
51
9
22
50
44
83
116
37
59
13
100
22
28
18
13
13
65
82
0
17
17
20
13
12
26
49
80
13
61
34
78
10
64
32
21
33
30
57
9
39
21
46
21
66
4
7
74
71
29
46
5
13
30
39
28
17
14
12
75
29
72
46
18
20
106
32
9
29
8
30
57
67
21
63
31
13
73
35
12
85
24
106
24
8
38
131
25
27
20
47
41
44
5
59
18
6
63
22
28
38
70
45
31
88
6
8
90
25
33
13
38
25
17
31
84
16
24
12
37
24
17
17
50
44
0
67
21
81
38
53
2
14
27
55
1
25
3
64
61
32
46
20
63
1
42
36
19
16
25
83
16
1
45
31
63
80
24
59
73
12
19
8
56
26
27
28
3
9
15
5
50
44
2
39
3
7
92
2
17
63
80
54
48
20
69
61
19
11
26
25
52
66
67
69
38
6
37
9
44
48
59
18
57
32
26
24
49
34
56
79
18
7
46
27
67
73
48
8
137
19
105
27
49
17
60
29
7
20
1
31
35
3
12
68
11
26
8
11
6
29
13
4
1
45
19
72
4
45
63
38
29
20
45
43
64
19
10
44
20
34
25
16
40
30
78
18
14
28
30
45
19
15
55
34
5
28
73
25
30
3
26
40
95
14
7
13
26
45
21
11
2
18
42
51
29
43
17
69
32
31
63
62
28
8
29
50
28
21
21
19
44
29
18
58
27
45
67
13
44
5
53
18
0
87
9
25
0
6
18
8
13
15
45
6
3
10
24
15
49
50
20
0
6
63
6
24
41
36
23
14
64
52
7
103
45
20
5
23
14
15
37
14
49
49
18
90
34
1
50
50
38
6
80
10
26
21
36
16
43
5
59
49
0
30
31
7
38
29
78
28
24
21
28
20
9
36
1
10
19
11
44
3
94
6
56
0
4
35
17
15
54
30
22
22
8
22
0
41
20
13
11
18
21
3
0
55
25
10
71
56
98
18
5
4
61
24
12
75
12
5
70
28
19
10
35
6
15
7
3
21
33
53
17
0
86
99
74
27
7
31
68
26
60
96
6
36
30
24
12
51
19
37
83
5
12
29
1
5
21
59
10
15
4
97
27
9
16
52
9
22
27
34
27
14
44
66
58
6
7
77
59
54
49
28
32
16
9
30
89
55
19
6
44
34
33
20
42
17
45
3
6
68
75
54
22
54
32
45
8
41
4
17
25
24
36
10
12
30
32
47
43
28
30
65
11
27
42
16
14
21
27
63
17
53
61
47
7
2
16
14
2
24
1
22
39
23
13
26
44
29
8
6
31
8
6
4
23
86
31
5
55
49
13
25
36
48
1
5
61
5
23
6
49
12
26
9
5
58
31
49
25
63
12
45
5
40
45
12
23
49
31
14
58
49
13
8
16
12
45
71
12
68
4
6
13
43
14
46
59
33
29
49
24
89
43
73
21
12
5
42
12
75
90
26
33
23
25
25
25
36
61
9
15
23
9
16
46
4
64
43
16
45
53
10
40
45
16
49
7
65
36
22
25
31
6
7
59
10
24
48
23
5
11
31
32
19
61
50
52
43
12
44
27
41
1
16
10
7
48
3
9
39
53
46
5
13
41
21
8
35
50
27
12
39
10
57
73
36
16
6
29
29
4
45
30
1
16
4
16
31
23
32
49
4
29
34
50
4
13
38
1
19
12
105
39
0
22
12
66
12
9
22
5
18
22
34
35
35
27
5
2
32
20
13
24
67
34
79
9
7
32
13
2
31
85
50
29
13
3
36
32
44
14
18
12
33
1
23
11
33
50
25
45
73
41
24
42
3
60
30
56
21
19
20
73
38
70
37
16
32
6
6
28
33
49
98
4
35
21
10
8
28
24
49
11
44
19
23
19
18
23
1
1
18
39
38
58
22
5
17
32
19
39
22
10
2
9
3
50
41
14
6
46
11
12
76
74
42
65
37
43
22
38
11
26
20
4
19
37
42
39
14
18
40
6
6
49
40
14
2
6
43
0
37
5
36
11
2
18
6
29
30
66
28
0
37
18
39
6
7
83
73
10
30
58
10
9
20
41
40
30
9
25
12
23
16
45
31
25
67
49
31
35
9
61
32
36
15
41
19
42
55
14
41
0
6
10
50
43
32
1
34
7
10
15
5
30
2
64
42
9
5
2
57
0
10
12
43
8
31
38
2
10
25
11
25
45
66
54
9
66
20
2
27
66
72
18
43
4
21
5
26
6
39
11
36
31
9
71
27
43
27
3
20
64
11
33
18
37
16
23
25
12
39
26
25
39
4
17
4
17
8
19
32
6
14
38
18
6
4
59
3
15
62
8
28
65
12
3
40
8
47
35
29
0
9
15
45
91
37
23
43
64
9
13
24
37
23
12
1
15
67
11
4
24
21
1
29
10
14
17
21
13
44
2
43
3
5
3
2
24
28
61
27
23
6
34
5
20
11
50
24
26
22
0
22
26
77
64
47
11
65
24
4
18
27
4
9
24
33
57
70
0
8
38
19
51
43
4
29
26
38
19
22
14
19
10
9
20
2
12
25
5
15
22
4
3
24
48
8
19
12
49
20
1
24
1
4
51
49
25
15
3
3
45
10
26
1
26
2
76
20
24
39
29
4
2
3
7
6
20
23
32
18
2
15
52
7
13
4
12
29
83
10
65
49
19
9
21
7
19
10
96
15
1
47
33
0
11
18
37
5
30
40
14
25
17
28
43
24
37
8
9
17
2
8
36
10
64
34
67
44
4
23
10
36
4
27
15
41
9
10
8
25
33
23
5
17
8
7
5
22
15
12
33
7
31
21
47
1
33
15
19
23
14
46
16
21
23
10
16
24
19
48
8
4
38
74
11
2
54
23
38
9
15
19
14
17
12
33
25
56
2
31
14
1
14
3
27
61
12
17
22
3
5
2
11
14
9
26
8
44
25
16
1
8
43
37
34
34
12
5
18
25
5
27
20
47
36
33
3
4
31
16
18
9
6
6
11
5
66
13
31
7
5
38
15
47
9
52
21
4
29
28
41
8
25
33
2
2
24
23
11
22
11
22
10
30
14
48
18
6
62
7
45
30
38
19
1
49
20
9
8
3
26
21
8
5
20
15
22
7
17
29
35
2
36
30
11
33
18
34
54
21
17
3
37
2
23
20
25
65
2
36
4
4
9
47
12
18
3
8
7
7
20
3
58
6
1
21
40
24
11
14
26
16
36
0
19
0
13
13
17
40
3
3
55
54
8
26
14
34
32
13
38
19
12
2
10
17
17
25
3
48
9
4
16
22
30
70
17
45
14
2
25
13
9
21
16
14
19
28
3
1
32
1
14
23
25
36
2
1
14
11
43
18
16
33
31
8
19
34
2
6
24
59
46
18
7
24
5
10
12
13
9
13
9
11
35
24
24
11
0
15
7
13
8
24
5
10
18
39
26
13
20
1
6
16
34
22
11
27
33
32
3
5
16
2
9
6
34
52
11
2
0
7
0
0
5
10
44
5
35
10
28
21
1
34
12
10
20
25
6
27
0
11
15
29
7
24
12
0
11
27
10
2
19
8
6
40
14
5
15
20
34
35
5
1
8
5
11
24
19
14
5
20
16
1
13
7
2
23
19
2
45
4
21
12
12
19
14
4
10
4
2
39
3
6
10
27
15
34
18
19
22
1
24
20
29
25
13
14
5
0
0
21
17
5
10
12
9
24
19
14
19
9
36
3
7
20
10
21
4
1
14
19
21
20
32
6
6
22
0
18
12
7
0
8
1
14
6
13
1
5
17
49
17
3
32
9
34
43
27
25
9
30
1
5
15
1
5
2
12
30
8
3
11
18
7
34
16
21
11
9
3
6
12
11
7
6
10
17
6
0
5
17
9
20
7
8
14
2
22
21
3
14
10
2
2
44
13
47
25
2
38
0
25
22
2
28
7
4
12
11
6
0
7
6
15
0
14
8
0
3
34
8
11
11
3
3
15
7
4
5
7
7
1
3
4
3
20
29
26
14
23
1
1
29
19
7
11
1
10
7
19
1
7
6
8
15
1
2
12
16
6
12
6
9
29
14
21
15
7
9
6
45
7
8
8
15
1
21
1
5
20
1
1
16
8
12
12
16
11
16
5
2
4
7
1
3
8
6
9
20
17
11
20
3
21
3
4
6
2
23
13
15
15
10
1
8
2
13
11
10
16
20
2
7
30
28
17
12
16
16
19
1
4
12
20
4
2
13
10
1
0
9
5
5
11
1
11
9
1
20
3
9
21
1
13
19
3
3
9
2
4
5
7
21
1
8
11
3
10
22
6
15
4
22
9
4
14
17
15
2
5
1
2
20
9
7
1
3
3
3
6
2
20
5
10
7
1
1
2
2
5
22
1
13
5
0
5
1
1
1
1
15
1
7
2
0
5
1
1
3
6
1
5
9
0
6
0
7
3
4
1
1
9
4
6
3
3
3
5
8
4
3
7
3
1
10
1
5
0
7
8
8
11
3
0
2
7
6
3
2
4
3
0
0
3
5
1
2
2
1
2
1
2
0
3
