8
3
39
15
2
63
4
108
5
18
5
22
132
4
32
13
20
73
17
16
9
56
16
16
1
117
2
35
17
4
83
66
13
47
18
21
105
20
18
52
37
48
17
13
10
51
33
26
26
83
50
16
22
16
10
6
16
15
26
4
18
39
55
145
39
106
16
18
3
40
9
39
60
26
59
35
52
20
10
36
58
42
9
44
53
62
49
81
96
34
39
41
66
12
49
27
57
50
38
4
30
23
52
39
28
1
58
54
56
4
62
53
37
5
31
47
47
35
33
57
26
17
15
7
6
1
5
56
1
62
11
75
24
46
32
34
2
45
19
53
29
10
46
7
129
91
91
2
132
37
84
10
16
25
66
15
36
30
28
1
73
63
18
43
36
36
85
71
12
34
60
47
102
25
49
3
8
4
52
28
24
7
48
40
39
71
21
0
48
54
32
42
37
4
48
28
36
38
29
14
19
6
36
14
111
6
27
99
10
51
16
10
16
3
20
40
13
36
18
111
14
23
45
40
88
35
87
95
116
26
5
42
3
20
38
86
54
38
40
11
13
85
105
22
29
10
21
35
43
37
43
58
61
33
38
2
43
42
41
125
19
89
43
2
77
18
4
15
28
55
54
22
19
7
23
57
34
39
32
5
11
33
8
29
14
6
83
31
40
0
81
6
68
10
36
24
15
21
67
73
17
5
13
2
88
14
1
43
69
76
7
79
28
98
11
47
77
8
6
60
17
61
16
22
56
48
40
75
72
84
32
3
28
131
71
60
38
40
83
3
32
39
6
93
24
43
18
14
30
61
48
18
16
7
1
81
8
51
25
72
65
25
29
35
31
3
3
73
1
69
41
48
28
30
57
4
29
23
19
28
22
42
55
4
156
65
92
48
55
48
8
84
33
1
34
64
31
48
24
88
34
59
13
2
48
2
49
34
98
74
73
19
6
16
35
25
15
1
10
2
67
69
55
62
54
50
39
84
27
3
10
78
12
12
18
2
60
26
11
35
30
26
28
74
3
48
60
34
41
55
4
39
13
41
49
11
16
4
6
14
56
19
50
74
52
8
31
86
14
36
31
47
18
32
5
27
67
6
21
80
51
87
18
64
2
15
90
31
50
24
31
45
71
32
90
27
90
54
7
11
16
22
17
52
24
8
25
20
74
51
18
20
16
18
53
1
12
43
37
82
44
91
46
9
50
40
23
90
21
14
68
1
2
6
12
87
12
8
19
108
29
44
8
5
37
33
46
55
21
51
3
67
2
35
22
7
21
31
15
26
52
28
10
75
78
52
21
5
58
1
11
56
49
29
33
49
150
62
18
40
59
8
24
76
49
48
11
1
35
67
63
41
36
58
14
68
7
84
46
19
52
3
144
32
17
36
42
9
13
87
24
4
12
23
47
70
96
75
52
58
27
48
69
16
14
12
36
3
22
9
14
44
10
79
43
52
7
43
24
15
57
5
22
79
19
5
59
34
35
50
71
9
81
34
18
63
36
33
20
39
17
5
27
88
15
48
97
48
7
10
1
21
44
25
74
49
14
14
39
68
23
50
31
53
27
119
31
20
14
32
61
48
24
49
25
25
12
4
93
55
2
58
16
3
43
18
83
4
4
15
16
21
13
33
13
15
51
49
42
49
63
105
8
72
7
80
117
31
55
0
22
34
45
7
76
14
35
45
56
38
33
25
32
54
37
3
58
29
10
30
46
52
20
16
4
65
5
20
50
18
65
42
18
20
7
3
33
90
46
15
2
64
68
38
23
31
5
39
11
69
3
41
31
23
58
30
33
40
43
33
35
38
68
65
9
37
32
123
12
73
9
14
5
89
95
76
79
16
62
34
40
131
44
52
53
32
27
69
10
25
15
10
14
89
6
44
67
4
10
30
42
40
31
9
14
35
44
65
83
23
38
12
140
49
14
49
8
18
25
41
26
53
38
13
24
34
11
47
41
25
11
24
69
77
19
1
20
34
7
72
21
21
64
21
84
62
8
42
49
47
31
11
13
115
2
73
54
36
17
111
80
38
21
9
4
40
66
19
17
29
59
2
15
2
6
29
100
56
79
4
36
32
73
41
14
32
27
50
38
55
1
14
23
46
27
13
29
100
36
54
27
57
44
55
26
29
48
59
16
88
20
28
47
1
29
17
71
44
31
3
13
88
0
21
85
62
0
18
17
50
32
70
61
22
34
69
5
11
25
102
35
57
24
22
49
10
5
65
23
11
19
63
71
41
32
6
9
60
24
56
80
3
20
69
20
10
24
31
40
34
41
3
53
57
54
14
59
54
72
2
16
33
17
28
67
22
85
6
23
76
5
8
55
33
11
32
23
25
30
11
39
23
11
3
31
44
37
53
24
39
70
25
8
34
23
54
14
39
39
5
24
32
72
65
56
49
41
76
100
4
63
36
32
9
5
38
86
22
40
23
18
20
50
18
16
15
66
16
28
93
47
41
61
8
15
3
49
61
37
15
48
70
3
15
18
27
25
9
95
31
7
59
54
66
22
3
26
6
24
55
7
26
18
9
41
59
41
25
22
19
42
19
57
12
7
22
10
4
0
43
11
8
68
13
25
6
15
40
2
4
76
44
30
1
38
40
33
9
4
4
39
22
19
15
11
48
47
23
8
11
40
63
1
47
15
15
40
54
16
58
15
17
58
34
20
9
61
61
26
23
2
9
1
9
47
101
29
12
44
14
23
6
56
29
66
14
40
8
24
4
8
82
111
27
58
8
15
4
21
42
15
33
67
72
26
28
16
2
35
18
24
26
23
23
44
23
40
17
52
37
26
84
11
16
3
42
3
69
12
52
0
13
7
85
39
22
13
28
20
51
1
33
10
45
1
48
32
0
40
115
18
15
26
62
50
56
1
21
9
124
60
21
49
24
62
34
18
57
58
3
34
67
2
20
50
16
23
40
14
73
34
49
91
6
24
55
2
45
35
27
1
26
54
27
14
16
40
58
44
64
35
19
60
1
5
54
2
44
16
20
12
67
29
64
8
18
2
2
18
29
14
1
1
28
49
37
13
31
67
56
44
14
1
39
18
25
74
17
69
78
7
1
5
8
31
25
45
33
28
5
17
40
27
68
7
35
44
35
87
52
43
11
26
35
16
5
25
48
33
13
14
40
9
46
13
16
57
12
54
8
31
7
49
16
16
48
87
44
8
14
31
17
42
35
10
48
67
27
1
42
6
74
50
48
21
54
1
51
79
38
31
58
8
20
18
22
30
6
72
37
51
15
28
3
38
28
8
8
62
12
36
24
19
64
4
26
37
5
22
6
40
30
28
14
22
44
16
18
12
22
5
17
45
4
65
14
44
17
20
6
18
2
6
47
3
38
11
3
34
48
72
17
2
13
32
42
76
3
20
18
14
27
80
4
49
24
6
50
7
57
42
16
44
54
46
23
38
8
72
23
1
19
19
33
38
7
7
8
8
65
6
20
77
17
73
42
13
12
60
25
6
34
57
12
59
20
45
16
9
7
48
17
67
49
8
7
20
1
56
43
34
6
19
34
36
18
15
29
20
10
25
2
20
36
54
30
46
9
43
15
7
37
5
41
28
2
81
2
75
9
49
24
22
12
9
24
31
19
5
38
28
51
13
29
13
2
27
21
27
30
13
36
32
28
7
27
3
1
1
106
14
54
22
7
42
21
19
9
40
45
9
43
18
10
16
13
40
41
9
49
30
3
44
10
10
74
20
12
36
31
4
11
15
22
6
10
13
69
29
4
43
27
61
43
26
24
43
26
10
44
30
4
6
0
66
14
25
30
26
18
15
1
68
12
28
53
22
30
17
7
4
10
15
21
45
33
85
21
13
49
30
10
30
12
45
23
9
38
56
7
23
32
37
7
1
16
14
36
40
7
22
43
13
52
37
33
27
12
4
7
10
21
65
11
9
58
13
54
11
5
30
40
25
14
7
33
38
64
32
29
3
4
37
12
96
13
12
62
27
43
14
2
21
28
12
22
3
20
31
52
26
15
34
30
14
54
6
15
54
41
3
48
81
29
16
28
24
50
0
16
0
21
44
20
10
24
1
11
52
40
14
29
19
1
34
4
40
47
20
68
17
53
18
12
17
19
0
18
22
3
47
62
24
21
6
32
47
41
22
53
23
27
22
27
51
17
55
11
42
35
6
7
68
2
23
10
39
4
69
34
27
18
60
45
9
38
21
40
22
34
12
37
32
5
8
3
5
11
57
27
9
20
20
41
19
4
29
39
24
34
5
39
16
30
15
21
21
2
30
7
12
7
19
6
2
31
12
31
6
68
46
18
39
11
28
34
39
20
43
12
10
8
3
43
55
30
13
22
1
23
20
57
39
42
31
76
11
4
42
7
40
18
2
49
3
76
14
50
50
5
60
33
37
56
40
49
22
38
67
3
15
65
14
18
8
1
55
33
5
27
13
43
3
12
8
8
13
13
9
36
12
13
4
54
38
32
28
20
14
16
20
34
13
3
47
2
53
6
37
17
8
0
15
21
13
57
17
24
16
26
1
37
11
12
14
13
72
29
14
21
27
9
29
18
51
3
23
6
8
27
43
32
26
3
5
1
18
49
9
9
22
15
20
1
14
0
46
7
21
21
14
9
3
12
13
36
27
3
29
20
17
13
5
17
16
40
34
34
22
1
2
0
5
60
23
23
0
14
21
13
8
43
14
31
47
32
36
6
19
36
31
25
8
37
50
8
14
10
7
5
41
23
4
19
22
3
17
9
17
28
35
16
51
1
10
65
38
7
33
28
5
25
9
11
4
15
36
1
33
10
22
5
27
43
31
29
3
32
17
1
9
17
9
8
22
40
19
20
65
19
39
30
31
35
0
70
3
54
1
36
14
32
34
31
16
7
3
23
14
60
51
15
41
41
14
41
34
29
28
36
7
29
13
68
4
48
11
20
5
10
12
30
17
23
18
43
43
8
5
1
14
7
25
9
13
25
12
23
23
10
27
10
31
7
11
25
45
7
7
27
5
7
13
30
89
35
9
38
2
13
8
42
14
34
7
23
21
37
14
37
36
35
12
14
10
22
20
7
4
16
63
24
12
33
1
6
8
7
22
34
36
30
26
4
1
20
5
11
33
2
8
39
15
4
15
30
25
4
31
11
5
13
8
19
22
1
7
12
36
15
7
29
7
41
53
31
18
10
18
5
31
19
37
5
15
13
30
29
8
6
15
19
40
10
37
12
46
1
35
20
14
10
12
2
26
12
35
13
16
12
3
15
1
9
2
16
38
8
21
4
17
32
13
16
16
17
51
30
23
16
14
13
23
4
2
2
30
22
12
5
13
7
14
22
5
7
33
20
56
6
2
5
32
64
15
19
7
8
17
9
10
39
15
8
21
9
36
65
25
9
51
35
30
9
1
25
1
15
10
20
28
22
22
9
23
5
5
5
24
0
14
35
3
6
36
4
1
27
2
12
2
10
3
25
26
19
16
35
12
23
3
8
18
9
16
2
27
14
22
14
37
20
7
7
23
11
30
4
9
14
5
18
23
6
17
37
6
19
14
12
30
16
12
24
59
15
20
23
35
1
5
10
10
6
9
19
18
11
10
15
5
8
15
37
10
41
3
20
26
11
4
4
22
15
17
4
16
18
36
17
4
1
48
19
27
27
17
8
13
30
17
7
8
23
15
16
7
32
20
6
13
8
6
13
7
1
14
19
6
20
31
12
31
27
19
24
14
6
17
34
27
19
10
7
9
18
9
28
28
19
19
27
2
6
16
16
4
13
31
17
12
35
14
22
42
1
21
24
6
17
24
21
7
17
13
2
12
13
27
5
19
31
24
7
0
2
36
6
20
22
10
7
13
8
9
25
39
20
12
22
8
6
2
14
2
1
24
2
11
5
5
30
11
28
17
8
5
3
9
16
8
0
23
12
6
2
2
11
15
4
18
13
0
7
2
2
7
5
11
13
10
2
5
0
19
22
2
19
2
25
24
20
12
2
8
11
22
6
2
21
3
7
13
4
14
2
8
11
23
0
17
10
4
8
4
9
10
4
2
2
1
0
11
15
1
3
15
2
1
6
2
2
19
5
11
2
24
21
2
1
1
7
7
5
13
8
4
0
23
5
15
15
9
23
5
9
4
13
12
11
0
1
6
8
9
11
13
17
1
15
21
3
8
3
2
4
12
8
15
6
19
25
7
3
7
18
5
5
1
0
2
8
3
3
0
11
4
1
1
6
3
7
0
25
7
2
5
9
2
3
5
9
1
8
10
6
3
8
4
2
16
5
4
1
1
1
7
0
6
6
1
0
4
5
2
0
6
3
12
9
3
2
2
3
1
6
13
5
1
6
9
8
5
4
1
5
4
11
2
7
4
0
8
1
6
0
3
5
1
2
2
1
5
2
1
1
2
1
1
0
