22
8
15
2
3
26
7
7
30
43
48
37
10
13
70
1
56
19
95
16
44
9
13
5
18
21
0
12
4
17
9
47
8
40
17
2
72
33
28
113
16
1
12
20
46
1
21
18
29
73
17
33
3
32
17
10
5
14
29
36
14
54
21
25
82
47
19
12
38
14
37
72
13
23
5
49
25
98
98
22
24
5
40
53
73
0
16
34
81
2
35
81
0
4
32
65
15
50
71
40
20
81
27
20
61
36
52
44
23
49
51
29
13
3
69
17
62
36
11
37
93
73
4
89
20
24
46
32
7
79
12
54
124
65
67
3
16
37
52
59
17
4
40
54
65
4
41
64
32
64
121
51
35
16
52
18
22
64
64
17
8
86
119
20
36
51
16
3
86
110
75
21
17
11
19
59
57
44
41
2
20
61
41
62
4
41
47
6
29
8
39
67
69
29
23
7
48
34
41
25
73
29
39
21
74
72
43
98
3
71
44
108
9
83
24
28
35
18
30
15
58
76
84
28
70
17
41
31
62
11
44
44
0
55
16
18
57
70
50
63
2
27
45
7
71
31
24
92
11
54
97
10
59
60
39
31
1
5
42
66
14
51
37
10
63
1
4
76
69
100
41
43
64
67
24
55
20
33
18
41
11
57
70
1
20
41
24
17
51
9
43
1
30
66
74
27
9
38
52
112
37
122
19
19
25
65
92
42
1
3
41
20
40
106
19
21
2
9
19
22
53
40
26
120
39
13
58
49
29
19
73
56
35
64
45
26
50
13
37
16
24
114
0
31
28
1
75
77
44
80
28
84
0
28
95
12
28
33
59
14
42
7
40
14
24
46
50
23
3
3
49
10
25
2
19
47
76
115
3
18
17
52
29
43
26
62
40
69
28
35
50
19
3
20
33
28
62
40
47
8
21
1
25
86
5
73
7
100
12
27
8
28
23
10
52
43
53
3
62
33
12
34
68
75
165
40
75
22
13
22
53
51
38
141
38
1
6
14
27
11
30
5
118
108
35
23
43
41
5
23
52
19
40
4
10
36
29
70
33
18
82
106
31
61
108
48
8
39
14
5
8
2
35
5
26
40
16
94
13
8
118
6
44
40
43
31
35
12
114
6
42
21
54
10
8
11
37
34
7
68
55
33
68
9
8
9
31
8
78
25
30
19
15
7
113
34
14
50
13
10
44
26
44
42
17
79
8
12
6
7
42
6
128
40
81
40
28
16
10
32
79
26
40
24
103
130
45
51
5
66
15
35
25
25
21
51
4
15
7
4
54
17
36
27
79
49
35
33
20
7
11
14
1
16
18
42
12
2
61
3
25
26
23
72
30
17
145
42
101
39
3
25
92
86
17
31
12
36
26
25
8
38
52
42
21
15
42
98
50
40
19
25
66
43
16
32
78
1
4
7
56
32
27
21
89
12
45
117
96
26
2
56
23
32
11
14
18
1
11
43
24
4
49
29
49
65
46
86
14
39
76
53
58
4
35
80
10
33
16
23
50
62
31
23
60
15
20
59
91
6
15
20
62
72
5
2
26
2
37
82
12
46
25
13
40
62
80
39
89
6
30
11
70
21
2
37
23
21
24
41
17
2
10
22
31
112
12
46
81
11
113
20
77
54
62
6
45
77
73
130
31
20
42
71
15
58
7
58
60
31
10
70
12
13
15
73
14
4
17
3
40
17
63
18
38
15
41
3
63
64
53
43
4
70
62
42
7
54
29
6
32
18
58
36
12
11
37
25
57
42
3
32
49
23
7
116
30
9
41
64
104
71
8
15
5
2
16
20
6
38
8
75
51
48
12
12
62
38
15
61
42
7
37
8
76
57
28
49
22
29
41
95
3
56
40
3
23
33
20
71
5
55
11
45
35
32
11
55
27
58
26
1
21
5
1
35
46
14
8
27
7
19
20
3
13
9
112
52
34
49
17
27
113
33
29
11
79
17
17
12
29
46
61
2
3
17
29
7
5
49
24
26
86
47
72
75
10
10
27
11
51
77
46
64
55
22
18
23
6
1
6
24
117
7
16
23
60
25
48
18
21
30
61
16
129
96
9
20
16
99
7
3
32
35
61
37
23
14
2
33
10
45
10
46
55
55
16
18
8
64
10
22
19
8
45
38
15
3
101
16
46
33
15
14
59
10
14
7
28
3
55
8
12
84
75
30
16
11
3
22
51
1
15
21
25
23
16
33
22
27
46
12
28
35
3
22
5
8
78
53
69
1
56
40
33
15
84
28
19
15
42
71
21
15
4
29
24
32
97
22
8
64
7
40
59
13
3
4
29
51
0
3
50
46
5
32
14
0
69
95
16
64
89
35
2
62
19
27
23
5
47
6
26
2
14
23
21
97
68
130
29
3
36
56
26
55
19
68
65
25
26
35
7
19
1
86
29
9
80
33
69
62
39
48
18
12
4
16
1
19
10
43
20
2
75
45
3
46
5
60
30
40
78
10
33
91
16
11
76
21
17
50
28
2
58
35
5
1
4
11
60
20
10
24
43
31
9
48
21
3
47
37
6
54
42
44
52
77
69
40
46
51
40
48
38
105
144
43
0
67
31
75
26
49
21
93
55
39
1
1
5
38
22
60
21
29
39
57
31
44
13
27
33
20
28
25
51
13
11
18
13
30
21
93
75
49
24
42
7
37
61
63
47
19
70
32
12
63
57
24
29
37
31
29
43
28
40
64
34
40
4
7
57
56
23
50
83
8
6
49
10
8
21
63
40
43
27
3
55
59
29
11
38
52
38
20
29
15
34
7
19
3
24
27
35
11
24
4
50
22
72
27
8
5
59
12
52
115
23
33
13
10
14
8
10
34
3
29
7
22
90
55
0
45
11
13
31
36
61
60
9
19
29
47
7
61
20
58
15
49
11
4
28
13
12
42
72
18
63
63
50
58
18
39
1
22
13
12
43
7
50
30
18
29
49
41
31
67
20
67
10
55
4
11
67
48
13
9
0
34
28
22
2
12
25
20
21
33
11
32
23
27
8
64
19
22
15
31
87
8
24
3
0
7
12
20
14
32
17
28
33
63
32
50
35
12
5
43
12
4
73
38
40
68
50
46
53
4
46
39
0
47
0
39
5
0
2
44
7
50
26
74
2
115
64
98
7
28
46
32
2
29
26
28
60
51
15
14
11
17
12
42
2
5
40
14
4
7
39
17
18
77
14
18
3
4
11
37
11
38
26
71
16
10
6
15
63
79
35
6
5
39
12
11
38
11
37
51
34
49
4
2
8
4
39
8
61
32
36
17
30
35
79
9
6
9
5
48
17
27
22
19
40
63
6
25
46
15
6
13
13
19
33
18
49
33
37
58
14
3
14
34
5
8
45
20
34
22
1
30
37
23
43
4
49
55
65
19
13
34
32
100
6
27
37
60
34
34
3
6
41
13
7
29
50
44
2
4
19
15
21
18
34
13
73
3
26
30
44
2
37
4
26
19
18
58
42
6
67
14
2
40
8
6
41
13
31
78
33
11
5
3
88
25
61
10
9
88
10
22
79
43
39
28
24
2
23
1
64
26
0
54
62
14
46
2
51
2
16
35
40
10
56
23
15
27
12
20
15
43
29
11
26
34
99
13
73
2
1
38
16
10
58
28
12
12
9
36
57
26
6
2
9
15
1
25
2
33
22
17
24
0
36
47
11
2
26
29
42
18
40
69
2
11
10
20
9
27
52
27
18
32
42
10
24
75
26
1
0
50
17
27
11
32
38
13
28
7
32
52
27
21
40
16
15
51
35
8
27
59
19
14
60
14
11
46
7
41
26
71
5
0
41
59
19
11
22
2
17
23
65
14
16
63
78
33
57
35
62
45
4
13
33
51
43
11
12
27
35
9
14
20
5
3
4
17
3
26
17
33
16
57
13
44
33
6
24
7
3
36
9
26
21
13
65
36
39
8
13
26
5
3
39
16
29
31
1
29
14
58
39
10
30
20
39
28
72
27
19
10
34
55
62
22
13
41
15
47
12
20
17
8
19
9
22
12
36
33
3
12
30
22
30
15
19
9
22
7
18
5
16
74
4
25
7
31
27
60
3
50
34
1
50
22
5
57
21
11
29
16
43
9
54
21
1
7
19
24
11
3
22
12
9
49
15
22
22
41
27
41
33
19
7
28
6
19
25
20
11
49
5
36
10
9
29
22
10
31
9
43
10
8
6
34
47
21
48
6
17
11
4
13
51
43
43
5
17
58
5
64
23
46
54
9
46
31
27
31
13
20
16
23
6
5
46
8
9
2
58
16
8
43
12
31
64
6
31
12
27
1
64
39
3
6
28
39
16
28
14
25
8
30
12
25
7
47
47
6
35
9
67
7
15
25
73
3
57
9
68
38
7
30
45
10
32
19
52
14
27
30
18
10
58
28
14
10
14
57
4
37
31
75
7
65
17
42
1
25
23
53
17
45
24
21
12
29
20
50
12
7
0
7
86
37
0
21
27
15
22
19
51
3
9
1
43
8
23
52
47
4
40
29
24
34
22
56
49
22
10
16
40
56
1
28
13
20
27
32
81
5
31
19
11
23
7
53
17
22
52
42
7
14
10
34
66
14
36
12
4
49
11
29
17
9
29
6
34
7
55
17
6
14
9
27
32
9
24
10
15
11
22
23
9
11
2
28
53
1
13
5
39
5
42
54
4
1
16
21
24
0
33
40
9
2
23
14
11
30
19
6
8
50
29
35
7
1
12
7
13
11
36
37
14
6
5
18
12
24
18
27
23
22
20
8
37
29
23
2
4
3
27
25
68
4
48
71
14
35
19
20
35
29
9
21
21
26
12
27
55
11
10
16
9
0
38
33
12
30
41
17
5
31
67
29
31
15
52
15
31
42
8
9
16
21
7
0
37
17
1
11
11
18
3
8
18
64
42
33
43
10
7
25
15
24
30
2
26
50
31
13
42
14
56
5
4
26
1
18
2
5
8
35
23
17
1
48
4
36
21
3
7
16
18
10
31
24
7
9
19
14
11
29
34
49
35
7
14
13
48
8
5
11
69
41
5
11
6
1
22
26
54
16
18
20
8
7
10
1
20
20
39
30
30
46
4
33
7
12
54
4
19
7
5
22
15
18
16
25
11
28
19
30
19
8
8
4
42
19
6
35
28
20
18
4
56
10
16
8
56
27
25
11
18
13
48
24
23
20
4
23
7
15
55
5
42
27
1
35
13
17
4
22
37
27
70
35
7
23
62
1
16
4
8
3
24
0
13
24
25
18
29
5
5
21
7
4
43
8
48
15
7
20
46
5
22
11
14
17
3
6
26
6
10
3
7
13
9
29
3
15
28
30
4
40
30
24
29
4
2
21
35
4
20
12
1
18
5
2
8
28
56
6
5
8
19
16
14
18
9
34
25
8
6
3
30
13
6
13
69
32
19
2
19
1
5
1
14
18
13
19
33
67
1
44
7
1
16
13
20
41
3
8
5
10
15
13
14
7
13
3
29
2
5
5
0
16
12
23
22
4
14
23
34
28
45
31
32
3
27
20
5
22
1
24
27
10
8
35
9
7
5
5
14
5
4
6
20
46
14
22
17
25
22
11
22
32
15
42
27
0
2
21
2
11
1
11
44
4
4
1
27
2
12
10
2
25
6
1
1
4
8
16
2
4
20
10
28
13
15
2
2
15
16
5
4
7
16
22
25
13
15
24
8
6
24
22
6
17
22
17
5
30
9
17
25
14
9
11
2
8
37
17
18
13
13
4
26
7
17
0
12
4
31
11
20
28
19
22
10
10
7
25
9
2
5
2
10
9
19
36
9
9
21
0
4
15
24
13
16
1
22
1
11
9
16
1
7
10
11
23
2
10
14
2
2
14
17
18
22
8
3
26
17
5
13
19
4
17
10
36
7
2
1
7
25
8
13
3
13
2
8
13
18
4
5
3
22
1
2
24
25
10
8
9
4
16
11
4
2
24
29
2
14
4
14
1
30
7
7
12
7
9
17
19
4
18
12
6
4
2
28
3
13
18
2
9
14
11
25
10
9
13
5
8
17
8
6
22
5
3
4
1
11
7
8
6
24
12
16
8
0
23
15
10
18
9
7
3
2
27
4
16
4
2
7
17
11
20
12
11
8
2
2
14
10
10
1
2
5
1
12
15
6
9
10
4
13
10
3
0
1
3
10
0
12
1
15
4
7
5
17
5
12
5
4
15
11
1
14
5
6
8
5
4
2
5
3
9
21
2
3
6
12
4
4
8
1
6
13
8
17
2
5
3
5
11
8
1
7
3
22
1
7
11
1
5
9
9
4
1
2
2
7
2
0
7
8
10
0
9
0
12
3
17
7
2
5
9
2
4
4
13
3
2
2
5
1
3
1
10
2
2
9
7
2
3
1
7
3
3
11
6
1
12
2
3
1
4
0
4
1
4
3
3
2
5
2
1
1
2
