39
15
1
73
0
20
4
10
15
10
5
45
79
4
10
34
2
10
10
8
7
11
22
8
17
8
2
31
17
5
12
48
20
63
8
14
0
35
3
29
79
84
1
10
37
3
61
10
18
61
78
15
49
40
63
45
5
51
76
36
10
9
59
18
86
24
12
31
3
16
15
49
3
57
10
13
7
43
34
30
33
21
32
71
16
128
22
14
51
15
19
1
30
89
33
13
30
77
72
60
2
72
11
65
27
90
50
27
62
31
57
54
37
96
2
9
31
54
45
36
79
63
36
17
12
35
3
37
32
70
47
20
29
63
12
0
66
97
34
42
43
26
56
87
21
46
59
35
21
43
2
5
11
86
27
98
23
25
6
2
111
23
133
48
97
81
22
56
71
46
16
16
48
68
53
37
62
49
45
36
86
41
12
30
22
6
109
19
55
57
2
25
5
8
56
5
26
60
80
23
139
26
62
24
82
63
13
38
96
13
87
3
108
21
9
66
12
32
44
41
42
51
27
5
20
80
40
10
33
26
39
25
93
43
41
47
26
5
18
3
15
83
69
63
13
65
69
96
48
46
8
80
53
13
0
43
56
28
51
35
28
95
14
30
32
61
19
16
31
112
9
11
3
6
9
8
32
24
89
121
28
28
41
83
61
57
72
75
22
58
48
70
29
6
0
39
40
23
70
40
14
123
5
16
35
26
71
20
19
32
7
26
69
17
23
48
69
112
48
46
38
19
11
67
33
4
46
4
36
18
30
9
39
76
18
83
14
17
6
106
94
51
4
22
17
4
14
13
23
4
1
32
16
40
51
59
102
46
42
19
12
22
63
54
24
45
33
73
4
18
14
45
21
47
15
107
39
18
1
9
96
5
19
22
106
28
94
9
33
15
71
11
80
21
4
18
81
62
6
34
3
55
4
1
29
45
58
18
63
51
22
31
10
8
96
65
83
4
10
28
32
27
10
36
38
20
18
60
6
78
7
10
7
14
98
32
54
7
40
1
72
2
88
4
116
76
5
27
58
26
14
34
78
42
6
80
10
101
51
35
10
23
7
85
1
34
114
9
95
10
35
18
42
146
35
48
83
20
16
14
65
54
41
71
64
25
42
6
6
30
3
14
9
12
9
3
68
81
13
73
17
6
14
107
17
12
40
3
39
33
10
15
43
5
17
58
85
15
20
8
40
32
33
53
75
9
8
60
105
75
144
6
64
9
71
78
67
22
42
49
29
33
29
52
4
21
7
39
13
13
84
1
67
10
9
30
7
5
14
63
8
32
61
26
78
92
4
42
70
12
17
4
36
29
61
34
45
2
45
2
22
2
34
9
19
51
61
78
12
50
1
1
19
21
31
75
20
7
108
120
49
36
18
3
2
7
22
30
7
32
69
11
8
91
57
59
22
50
24
16
52
29
40
30
17
27
8
59
25
31
35
32
0
36
7
2
10
22
59
52
49
67
12
1
15
3
27
9
82
38
108
27
35
16
16
15
28
26
41
36
52
3
5
35
37
66
102
71
44
35
49
18
3
5
66
34
29
34
32
13
25
4
44
20
18
24
85
36
8
5
23
37
41
10
52
74
14
93
36
50
42
1
9
32
81
8
86
22
35
59
34
120
3
29
23
16
6
21
88
87
18
76
16
2
24
4
66
7
52
7
65
104
44
18
16
7
60
23
17
6
23
43
171
62
31
18
56
5
32
45
57
28
59
20
30
23
46
2
72
29
2
15
23
19
62
7
57
18
13
86
24
87
65
13
56
61
54
39
1
15
35
2
7
30
65
47
44
24
21
28
10
10
12
52
20
82
39
49
71
10
47
30
46
6
18
58
65
87
31
50
34
45
78
88
49
15
12
9
42
26
81
67
12
108
37
7
66
7
22
56
88
53
33
93
17
32
45
38
13
13
70
43
9
13
91
40
19
77
32
5
2
77
41
44
15
41
19
100
21
21
57
27
14
25
15
22
3
39
26
26
29
18
43
61
97
10
39
28
91
6
56
67
58
39
44
39
73
14
8
25
18
18
41
72
50
21
13
8
14
58
30
33
97
37
85
62
2
45
33
57
84
44
31
1
2
22
95
19
61
34
33
19
30
54
103
34
34
24
24
43
79
5
11
8
35
48
67
55
21
9
33
21
15
57
44
13
68
12
80
44
37
51
29
9
10
61
13
37
25
13
25
91
12
25
27
120
52
48
22
33
47
22
27
31
15
36
84
30
6
3
105
13
26
72
50
48
22
35
10
15
4
37
21
20
46
56
37
43
40
48
7
72
25
13
28
14
5
116
71
39
11
50
15
13
103
9
21
25
12
44
3
5
36
46
61
46
18
7
8
50
5
14
38
53
58
39
62
27
10
47
30
27
12
4
39
1
47
8
0
88
15
53
5
2
30
48
6
19
66
16
35
20
2
7
69
72
2
1
18
57
46
7
23
17
60
3
58
24
37
46
63
2
53
58
53
4
20
24
26
15
9
5
77
58
35
15
29
33
25
29
13
26
51
5
55
5
1
49
14
1
16
101
9
60
2
4
28
41
27
25
11
52
78
16
41
13
8
2
47
19
20
35
30
12
5
29
3
9
11
35
43
64
26
43
42
39
69
36
60
23
26
17
26
14
17
8
61
17
16
77
50
14
26
9
38
4
23
18
76
113
48
26
52
21
60
35
44
15
29
1
25
39
5
4
71
54
1
50
72
20
66
36
82
2
59
4
36
25
4
9
92
18
40
44
25
31
36
18
8
12
14
29
76
3
45
2
41
44
60
9
63
40
35
18
29
24
25
35
9
30
25
24
43
44
15
71
67
44
79
33
53
67
7
40
18
9
30
44
16
38
27
37
15
1
50
15
16
59
98
18
12
22
24
18
4
35
54
24
35
51
18
15
56
15
50
30
21
29
9
20
7
2
17
4
54
12
9
41
15
58
11
31
22
31
16
7
33
13
54
13
49
32
2
27
12
29
3
19
17
46
17
46
68
33
25
74
27
12
7
44
3
44
1
57
34
75
24
29
9
22
45
13
61
37
1
20
98
4
48
75
27
2
52
49
67
3
29
13
3
17
14
3
48
9
60
27
30
21
1
70
18
51
18
21
43
16
13
36
2
29
19
22
26
36
22
106
4
1
64
61
3
52
14
4
39
9
19
18
26
15
34
16
7
3
11
87
51
1
58
9
6
66
7
30
21
11
38
25
20
62
16
24
46
42
77
24
1
38
15
6
0
60
26
22
6
30
24
36
28
44
20
12
35
4
11
33
36
6
22
37
18
53
38
11
8
60
19
65
15
28
29
5
78
18
13
17
68
23
13
25
1
84
32
5
49
3
7
62
1
23
51
8
19
46
18
44
19
1
8
67
31
6
15
21
90
25
16
10
37
4
8
78
11
68
7
31
5
16
32
11
7
5
30
42
96
31
78
18
63
34
24
4
73
5
4
16
80
6
85
4
17
14
39
14
20
4
7
28
70
34
10
18
3
26
23
8
42
10
0
52
36
52
47
1
30
50
71
50
32
53
19
51
8
5
25
17
10
1
28
9
60
3
62
46
94
61
29
41
32
18
51
34
44
34
52
85
39
37
13
40
29
13
29
6
9
2
28
33
36
17
19
18
47
52
53
61
7
51
18
56
8
39
70
15
7
11
22
77
58
14
8
42
54
21
10
14
32
12
5
23
10
63
55
42
31
55
26
101
9
32
18
12
12
37
2
68
21
7
26
8
58
28
44
3
8
5
59
15
22
14
10
8
5
39
31
33
6
58
29
5
27
12
13
38
25
35
7
77
0
31
29
44
8
30
21
39
35
26
28
0
0
7
15
19
14
18
18
4
42
18
63
2
42
29
16
60
3
3
7
47
24
9
37
18
8
3
20
8
26
38
52
30
13
4
4
20
38
17
41
42
57
21
12
8
66
2
10
29
0
26
2
37
3
49
22
75
42
30
2
78
21
28
52
75
3
57
5
44
21
11
7
50
6
9
10
35
44
16
39
14
27
13
10
68
37
30
57
17
3
14
21
57
12
30
3
37
10
11
14
55
1
6
8
19
64
9
23
28
21
34
14
55
20
8
13
16
16
7
61
12
4
65
21
27
19
35
63
9
7
47
87
22
60
11
25
10
77
11
51
13
20
53
6
20
5
47
13
19
40
15
11
45
39
2
13
36
13
3
13
2
4
40
4
38
20
18
11
52
13
53
10
15
7
12
13
5
9
13
1
37
7
1
1
45
21
45
27
17
21
19
12
45
8
13
3
21
25
9
52
11
23
37
49
8
57
40
110
10
56
11
33
3
28
4
21
53
5
4
11
11
17
43
2
48
47
102
54
95
29
5
8
15
1
25
48
33
4
54
1
32
29
29
24
1
45
49
27
9
21
24
29
14
10
2
28
37
34
64
53
24
10
7
12
18
53
5
13
20
60
17
7
13
39
24
35
34
24
18
11
35
46
16
4
5
9
40
2
27
40
73
11
27
15
13
18
12
31
50
28
1
24
2
21
7
4
27
55
92
36
24
18
22
47
18
40
5
74
25
43
31
48
5
19
14
24
4
18
12
3
6
28
32
19
31
21
44
31
22
9
29
45
56
4
54
18
7
3
7
8
8
40
39
46
3
15
21
9
20
1
13
23
6
19
4
45
30
14
4
64
33
19
50
6
39
41
12
8
17
6
9
35
6
51
2
10
3
6
57
10
20
8
0
19
34
44
13
30
31
16
46
60
6
2
69
15
48
43
8
2
13
46
25
29
12
28
4
3
5
55
11
9
24
1
17
29
31
5
53
7
15
21
26
7
25
41
17
12
2
39
32
35
45
39
9
21
28
14
10
28
23
8
8
2
49
20
8
25
13
4
2
21
17
32
31
21
41
50
21
1
22
22
14
70
27
11
35
3
25
12
1
19
50
15
33
8
2
4
27
33
26
23
35
9
9
15
6
5
7
3
20
0
39
38
58
11
7
37
2
4
7
3
6
6
15
22
6
5
49
24
32
4
20
6
13
6
22
17
4
67
21
27
61
5
37
5
1
7
30
14
7
11
7
18
10
31
7
26
32
19
24
0
6
13
20
8
4
12
35
3
26
48
15
47
5
36
38
2
32
33
12
7
7
33
3
19
45
20
8
8
30
60
27
16
6
26
42
42
10
16
22
18
33
12
3
49
12
10
24
23
15
29
27
14
1
10
7
1
47
30
39
39
8
14
26
18
4
34
30
20
13
11
4
8
10
21
17
11
36
3
66
34
9
49
13
45
18
13
7
3
34
40
17
6
27
12
30
17
4
2
10
7
21
8
11
13
54
22
20
25
6
6
10
16
25
46
25
6
3
13
1
18
21
5
11
47
15
37
53
35
17
13
1
33
10
5
1
1
11
29
2
29
5
7
30
19
21
20
14
6
13
36
5
35
1
7
17
4
38
11
22
7
10
8
13
29
17
25
28
13
6
6
34
12
16
6
8
2
30
5
9
28
4
14
4
40
22
30
12
4
8
10
25
0
5
11
36
15
39
3
4
6
24
27
11
26
39
13
31
26
19
26
12
8
23
12
21
25
0
2
8
40
6
15
10
14
7
5
3
18
2
5
36
15
0
1
10
24
28
12
27
51
14
4
25
22
5
4
54
5
5
8
12
4
6
19
23
5
14
9
2
12
1
9
40
45
9
17
10
4
27
5
5
21
21
9
9
52
3
1
19
9
26
4
5
14
22
9
5
10
5
7
10
5
22
25
7
1
15
10
34
5
2
6
31
38
20
10
21
17
4
13
11
22
9
2
15
5
7
16
2
23
4
8
4
30
11
20
13
3
0
12
0
9
20
4
11
9
5
37
19
26
22
4
21
9
6
2
0
10
10
13
4
34
27
3
6
7
16
4
10
7
3
21
10
1
7
16
2
22
2
7
20
22
3
0
21
8
11
8
14
24
21
34
6
5
2
1
5
30
3
21
7
15
8
6
43
14
15
3
18
3
23
1
23
12
12
4
1
10
35
19
9
3
8
0
16
0
9
8
6
3
12
18
8
8
3
15
14
9
2
8
0
7
12
1
13
15
6
2
15
10
5
16
10
25
11
6
7
9
20
16
14
10
2
11
7
33
7
8
7
11
0
15
14
12
6
8
13
13
6
0
2
13
11
2
18
9
15
2
6
12
21
9
13
3
17
11
1
9
14
10
1
4
1
1
17
5
15
6
1
11
12
12
13
1
3
1
8
20
13
23
9
2
30
0
4
2
8
12
13
3
14
3
7
12
6
3
6
13
8
1
13
8
7
1
1
9
11
4
2
4
11
4
6
5
2
19
4
8
8
4
11
6
12
10
8
12
10
8
1
7
14
25
8
5
3
5
7
2
0
6
7
2
2
3
5
5
6
6
6
2
3
3
3
5
4
5
1
1
1
0
7
1
2
7
3
3
3
2
2
5
1
3
1
1
1
1
1
1
1
