0
20
8
31
1
15
24
34
24
52
4
29
82
3
38
43
20
79
15
1
7
12
89
12
42
30
48
11
14
36
26
53
15
0
9
36
8
9
19
92
27
6
28
45
78
8
18
45
42
5
47
11
24
45
78
34
23
15
1
34
32
18
47
62
44
20
42
19
46
86
119
59
5
34
14
20
6
4
21
9
96
18
34
88
34
34
49
23
42
78
22
16
51
13
11
72
15
58
49
80
27
72
17
96
98
28
8
13
82
17
13
26
35
36
0
37
85
17
38
68
14
52
3
7
28
23
27
43
97
42
39
13
46
16
75
34
68
18
63
25
11
113
86
52
113
6
10
11
42
7
41
64
21
13
74
6
15
0
72
38
22
14
27
51
5
18
12
43
17
65
20
11
72
49
3
61
84
9
14
7
44
32
1
33
0
20
67
69
21
43
25
4
77
65
14
92
86
23
153
14
43
3
133
90
57
21
32
47
6
24
47
20
52
97
48
40
7
75
22
66
26
23
87
19
51
53
60
21
144
10
125
51
35
88
5
39
134
19
17
16
6
21
43
7
41
38
23
65
136
37
56
40
11
18
45
38
24
35
70
65
31
16
69
50
3
16
30
27
41
17
41
30
101
52
0
14
40
30
1
27
61
5
51
61
34
48
68
38
51
48
20
11
14
41
94
30
17
62
39
12
19
19
30
66
38
54
4
60
44
11
20
149
12
10
41
6
48
21
30
75
95
65
43
9
29
42
20
19
25
63
60
61
1
5
58
21
19
21
66
69
17
30
22
95
15
4
88
75
26
34
35
10
11
35
18
137
37
12
10
18
85
57
27
15
32
39
4
40
39
1
10
70
11
26
73
0
31
9
94
5
1
88
35
48
44
42
28
34
24
18
44
61
29
96
25
3
91
84
63
123
18
1
11
10
35
46
10
41
149
21
0
24
56
50
64
32
32
67
9
64
9
59
25
12
38
34
48
28
22
86
13
35
18
32
20
56
0
17
60
72
41
15
35
27
56
3
14
65
10
44
35
67
35
42
21
14
11
62
98
42
81
66
84
63
13
33
83
9
16
41
69
54
71
132
17
11
121
11
41
3
15
56
62
39
12
21
27
84
42
18
9
1
3
29
71
119
50
24
25
47
51
1
49
44
12
51
11
2
4
85
35
8
9
37
21
51
116
91
16
13
4
33
88
60
84
4
44
31
60
11
51
10
92
26
39
1
67
21
33
80
3
47
65
26
18
73
56
36
14
21
21
43
48
7
9
87
44
15
61
21
3
93
16
33
51
45
29
57
60
1
67
3
41
80
59
26
43
37
2
34
13
74
24
45
12
24
11
40
32
40
43
2
41
0
42
22
32
10
61
17
17
22
50
71
19
24
32
93
43
24
32
38
40
17
6
16
5
40
6
16
31
5
28
38
67
72
22
79
50
33
30
41
14
56
12
61
36
30
58
32
42
3
43
0
43
55
71
89
8
57
95
60
44
76
99
69
15
36
32
75
26
18
49
53
55
48
9
32
10
32
51
37
33
22
49
2
31
74
53
5
66
28
60
0
8
16
22
31
33
35
57
48
11
114
23
30
60
81
77
2
69
1
41
28
25
57
43
9
20
69
16
69
7
47
51
10
12
2
24
58
23
34
36
53
46
8
64
47
20
7
16
19
33
66
71
65
12
25
68
19
59
0
5
66
16
30
99
40
9
51
68
83
36
18
5
45
47
1
10
31
18
93
1
28
17
73
8
2
41
61
22
15
0
67
36
45
9
66
7
27
85
20
29
29
3
1
35
2
7
49
3
12
41
1
31
46
64
17
36
12
118
36
15
5
38
22
21
70
38
55
15
47
78
108
2
33
54
59
65
63
7
96
18
32
48
78
27
41
53
7
12
19
3
68
6
7
22
24
6
50
14
17
25
99
48
55
31
39
10
2
13
29
21
65
0
4
11
72
55
47
21
42
17
14
38
57
10
94
71
43
54
27
42
36
65
48
32
38
26
44
50
6
12
10
18
5
7
49
78
50
21
29
32
6
53
0
18
8
12
47
51
99
43
69
61
21
83
50
82
12
66
37
57
12
63
8
31
26
16
71
2
111
16
72
53
2
45
48
58
25
24
41
8
74
38
41
8
108
14
24
8
22
25
44
40
11
71
31
22
40
30
131
20
69
85
42
11
4
20
2
25
16
74
1
23
74
47
17
13
41
34
22
11
64
16
33
16
24
47
45
46
87
47
104
4
47
45
5
51
7
17
81
100
34
9
13
29
18
5
66
6
79
4
41
10
21
42
36
27
9
28
39
16
42
17
16
11
41
0
5
16
13
27
7
32
4
52
101
11
47
45
40
34
65
90
39
18
28
14
9
7
18
5
32
45
44
58
78
2
37
48
28
25
18
61
67
36
6
17
5
57
19
35
0
49
8
26
12
38
29
17
12
24
17
48
69
23
6
29
49
19
0
57
36
5
106
17
5
2
10
4
17
22
39
21
30
13
6
79
70
23
1
39
76
20
4
23
4
4
29
12
35
17
28
26
5
23
30
32
59
58
18
26
12
32
71
11
32
3
15
15
12
30
24
7
16
69
9
17
5
62
21
40
22
23
53
10
7
24
7
25
41
33
0
28
42
38
1
60
2
27
56
77
8
20
16
28
1
25
29
46
8
41
76
5
15
25
44
62
13
7
63
27
27
11
84
16
20
17
20
65
1
30
27
8
8
3
37
10
58
25
55
72
81
28
40
20
9
19
20
14
30
0
39
0
7
48
29
94
42
56
7
40
37
9
16
43
20
17
51
21
71
80
25
28
24
59
46
62
42
47
39
2
20
25
10
3
2
31
29
12
22
31
19
36
13
29
26
3
55
40
31
14
41
16
42
45
40
18
10
20
6
20
93
74
38
66
29
63
65
53
33
37
9
4
20
24
16
23
36
23
55
62
22
12
87
31
19
43
18
72
12
36
49
32
61
32
51
54
73
12
59
10
22
21
21
19
9
3
44
55
20
13
56
28
6
3
13
37
59
90
8
12
26
10
23
8
8
6
50
36
4
43
22
26
23
17
49
40
7
7
26
22
35
32
14
8
30
8
109
57
27
29
16
21
40
13
4
7
101
33
9
23
46
24
17
34
1
26
34
59
1
41
30
11
45
28
20
8
1
16
17
33
3
11
10
28
20
32
53
36
37
15
109
20
26
3
47
15
48
1
20
45
22
26
20
17
36
4
3
8
13
28
72
10
25
19
46
26
14
9
8
3
5
59
23
84
35
31
48
85
18
28
49
21
54
48
32
47
56
33
8
55
23
61
23
32
9
44
72
25
35
15
12
20
49
42
70
32
13
62
63
23
27
47
14
22
24
16
20
5
3
11
2
12
21
19
46
39
26
1
39
37
58
32
15
11
20
57
12
21
68
2
53
39
19
46
38
7
60
40
43
23
95
66
78
51
39
62
10
73
4
23
81
18
6
37
30
51
10
50
55
4
16
24
54
54
34
18
49
46
17
38
56
22
8
1
11
23
33
20
77
11
21
6
7
12
24
24
34
4
28
65
39
19
33
22
45
20
73
10
30
74
27
1
35
47
39
17
22
67
29
46
70
36
43
17
11
70
21
5
63
1
47
2
17
30
1
21
35
33
6
57
20
10
11
12
38
36
25
3
30
19
90
22
29
57
40
24
15
35
3
16
48
16
5
38
30
35
27
43
44
67
24
13
27
16
0
48
29
3
7
31
36
5
40
20
25
22
23
12
20
33
24
35
10
14
21
8
24
20
0
41
13
12
66
37
14
26
44
55
13
15
9
51
15
26
60
51
21
52
16
33
21
33
10
5
22
65
4
15
3
36
58
2
26
29
7
9
60
58
16
25
7
15
57
49
6
34
3
10
35
33
26
25
52
21
21
20
40
3
54
11
35
19
12
14
19
7
47
12
9
100
44
2
1
32
4
6
39
17
7
13
27
24
39
54
0
4
25
22
24
3
33
34
41
35
23
49
26
57
8
33
26
36
24
67
32
2
3
14
72
64
81
17
37
34
34
48
60
22
10
31
1
1
20
37
23
15
10
78
28
68
67
20
26
33
37
6
26
19
7
18
34
54
19
47
28
7
55
16
6
27
34
1
25
30
43
26
10
30
10
29
44
15
67
4
25
6
19
69
20
6
8
7
28
21
25
82
11
22
43
46
11
19
28
4
41
1
7
11
19
39
66
49
30
10
59
31
29
34
13
65
71
50
1
36
22
36
3
6
12
3
9
15
37
11
44
25
29
11
0
17
25
13
30
0
12
11
10
17
26
14
47
8
40
18
1
12
27
84
20
104
24
14
10
5
9
42
55
10
23
32
23
15
3
3
38
10
14
27
22
31
66
15
28
42
60
20
3
27
11
22
20
22
8
6
44
64
17
39
21
17
41
13
8
38
27
32
10
27
4
14
48
69
49
7
27
35
8
13
46
38
39
52
42
5
1
2
28
47
4
3
10
5
60
16
33
36
14
21
32
9
43
6
14
21
31
28
23
27
20
33
11
9
25
11
28
40
53
32
54
57
21
23
11
27
55
1
23
18
52
7
24
29
7
44
41
3
4
32
9
24
51
21
10
26
24
59
1
14
31
50
5
8
31
12
42
2
20
20
21
32
12
8
46
56
25
6
53
53
1
3
0
2
7
10
31
9
45
3
9
2
63
29
45
25
12
17
1
1
1
13
30
10
18
1
16
13
40
27
30
9
3
50
30
47
41
13
17
4
44
44
24
31
6
13
2
0
6
24
17
29
14
23
24
36
11
25
19
81
49
15
32
26
6
58
30
29
6
8
18
64
6
14
3
28
3
44
12
31
15
52
19
34
21
1
0
19
47
26
17
64
9
7
36
2
28
2
18
3
7
35
10
46
19
38
20
0
61
23
2
3
10
73
14
46
18
66
20
66
48
4
17
10
26
26
49
17
1
28
49
11
13
29
6
2
5
12
0
10
22
7
53
24
57
8
7
14
1
12
9
5
1
9
10
35
44
46
11
35
5
7
16
43
8
2
5
2
62
17
4
49
18
11
4
8
0
19
35
9
34
15
10
20
23
8
19
20
28
2
38
12
14
34
1
16
5
24
37
13
2
9
13
12
2
3
26
9
4
45
15
8
26
4
19
7
19
36
25
45
6
4
22
41
7
2
27
20
1
3
36
34
5
41
10
7
58
3
16
23
19
1
16
3
44
0
13
16
31
8
42
5
45
1
18
59
19
8
38
6
3
6
15
3
6
8
38
17
24
9
23
12
1
12
0
9
45
59
40
8
0
5
27
15
33
31
27
1
3
26
8
32
40
45
13
26
9
7
59
10
6
9
1
4
36
30
6
15
31
36
17
10
40
5
12
9
18
12
40
11
28
6
31
12
16
18
59
42
18
1
11
25
37
34
8
17
0
16
1
14
26
17
1
31
10
12
2
30
3
16
33
31
3
12
17
8
26
19
5
20
5
11
13
4
2
32
14
9
37
26
23
29
20
10
6
11
4
33
12
24
7
46
25
22
14
3
8
19
2
11
30
10
3
4
20
9
11
19
28
21
8
10
18
7
17
0
12
37
12
10
13
7
30
20
0
6
14
2
8
12
47
6
7
6
5
29
22
1
13
7
2
50
6
14
9
1
24
3
33
19
33
2
31
41
20
32
10
12
11
35
18
17
25
7
7
13
25
22
9
7
14
14
7
1
8
2
21
9
11
11
8
21
29
11
22
24
7
24
8
24
23
28
29
18
17
0
21
5
32
2
7
21
4
0
5
27
4
9
38
8
5
13
12
1
9
3
19
9
19
3
15
7
43
15
13
17
5
23
12
22
4
24
2
6
9
6
7
25
2
5
11
31
7
10
1
25
18
16
22
3
40
1
21
14
6
24
11
5
1
9
7
25
7
25
13
18
27
5
14
21
7
15
1
12
15
19
3
12
31
3
44
6
10
25
2
36
2
12
38
6
5
21
1
15
12
6
2
5
1
25
9
21
12
22
24
8
12
0
18
10
44
14
4
3
10
19
8
6
17
6
20
16
11
7
15
8
4
20
3
2
27
3
17
4
6
10
4
6
0
19
11
5
1
5
11
4
4
14
13
9
20
7
16
0
0
12
1
12
1
7
3
11
10
11
6
0
20
11
20
5
19
2
10
9
2
15
16
8
17
8
11
10
0
6
5
4
28
9
5
10
11
16
6
13
8
6
1
10
6
10
16
1
9
3
12
9
2
3
3
9
3
4
9
27
12
4
17
6
24
2
5
2
0
19
4
5
5
0
4
17
1
14
8
2
3
1
6
9
2
9
4
3
14
4
2
0
10
6
5
9
0
14
0
0
3
2
5
3
1
12
5
7
13
4
0
2
4
5
2
9
11
8
5
1
2
6
5
4
3
4
0
3
6
1
6
4
1
6
2
7
2
3
1
6
8
2
4
2
4
2
1
3
2
4
2
0
0
4
0
