12
83
21
30
15
2
8
47
7
19
12
11
52
9
10
78
2
52
13
10
84
27
31
49
18
2
48
21
26
79
27
12
7
43
2
35
39
26
21
57
10
17
8
22
4
6
36
18
16
24
13
39
8
23
28
2
7
2
27
33
73
25
27
53
86
20
5
20
48
42
35
65
57
7
53
8
53
6
35
9
74
42
110
17
50
80
29
15
102
35
5
50
46
76
3
56
49
81
55
88
6
22
12
19
33
46
98
2
10
84
33
14
50
66
46
77
29
13
12
2
6
22
24
78
7
47
29
51
76
8
113
102
119
35
6
133
56
40
80
18
22
68
82
33
63
4
18
4
57
103
65
8
45
49
37
8
19
19
71
167
20
50
61
44
122
49
5
64
1
35
24
55
38
117
24
48
65
120
21
113
40
39
7
22
14
3
21
25
76
17
9
56
5
95
74
14
1
49
95
55
101
41
64
64
35
45
9
10
67
49
72
38
29
57
19
6
20
49
20
114
15
90
80
39
60
25
4
45
18
1
29
6
5
10
28
72
11
12
39
20
3
78
10
15
20
15
41
81
31
64
118
38
39
0
80
21
30
9
36
23
29
58
12
20
30
49
26
109
82
37
96
120
11
29
45
25
3
8
20
7
72
2
13
20
108
49
35
51
16
13
38
40
68
52
16
50
13
62
54
42
33
71
150
23
17
15
36
51
52
44
35
30
7
65
60
15
2
46
43
16
59
6
12
97
8
26
18
5
16
16
6
23
17
79
72
50
53
0
42
40
20
78
21
7
1
24
28
39
27
17
68
19
3
36
2
26
25
24
6
54
64
37
68
24
3
110
17
18
16
31
8
30
37
25
32
10
30
11
49
15
16
44
5
98
37
36
48
130
63
13
77
24
60
73
32
2
78
21
80
81
43
61
45
21
115
44
77
114
21
50
20
40
64
1
34
46
45
22
32
63
19
14
16
87
14
64
53
24
0
13
20
71
49
65
114
7
11
114
17
56
7
30
7
44
80
1
23
57
55
11
8
14
5
18
10
75
8
52
5
5
8
58
73
58
32
97
52
36
5
5
18
67
134
133
38
22
123
46
69
47
25
43
37
87
47
13
69
28
85
14
14
12
33
3
86
7
27
56
22
34
38
10
10
6
3
13
77
85
39
54
39
34
14
51
27
22
1
33
23
49
9
57
66
54
21
2
32
11
38
44
82
9
12
34
5
56
72
1
52
7
34
35
19
30
108
13
84
107
63
51
38
89
10
69
60
15
28
29
17
16
26
26
10
19
10
32
32
62
9
49
33
23
30
13
42
92
86
70
43
1
51
12
40
23
5
28
78
73
31
103
37
62
92
37
41
69
62
44
56
18
25
80
37
17
15
72
53
16
16
14
23
2
41
58
46
114
55
32
38
5
69
20
60
37
19
11
82
44
61
2
25
38
0
17
19
8
57
51
68
2
23
42
30
37
70
21
61
37
6
45
49
9
59
81
3
24
17
16
40
20
16
13
33
60
24
69
24
90
40
32
24
36
63
35
30
66
1
63
52
27
13
24
5
32
21
39
21
18
29
31
29
48
5
54
40
14
4
19
11
32
93
67
46
35
38
35
17
50
61
86
62
35
16
21
5
7
65
72
22
33
60
53
10
36
12
41
10
90
9
58
45
28
109
9
23
36
17
4
24
13
5
105
64
14
53
8
8
37
2
5
1
38
44
26
31
45
56
27
17
1
17
10
77
59
38
8
3
10
43
47
4
77
76
42
16
15
43
21
11
10
118
4
39
3
101
64
72
21
22
24
22
23
13
5
2
77
12
42
8
97
34
31
1
20
1
32
87
13
21
51
32
18
28
57
8
2
76
3
10
86
49
22
12
47
31
19
62
16
43
11
1
49
7
34
73
44
34
58
4
23
16
56
10
34
8
37
26
19
39
26
23
23
47
61
82
58
9
8
43
26
53
57
27
37
46
2
13
9
51
8
41
18
27
2
78
42
4
61
28
7
42
80
52
2
20
20
9
20
2
58
28
24
35
91
40
63
7
6
2
1
36
44
43
27
40
54
23
117
18
33
23
24
4
4
1
39
50
38
86
81
8
19
9
9
37
17
58
59
6
13
59
71
23
109
41
23
62
0
5
18
11
68
36
38
56
87
13
30
113
11
21
26
74
14
39
40
31
0
9
75
9
54
68
40
44
34
39
6
198
28
1
93
16
25
31
77
18
30
14
75
39
29
32
37
44
49
66
53
18
80
34
65
29
35
40
22
43
14
24
5
24
38
22
79
13
26
8
42
39
29
14
27
40
10
13
5
15
55
33
52
23
36
25
54
9
118
23
18
41
6
14
63
54
22
7
17
8
18
32
7
2
98
2
58
14
42
15
17
42
28
13
41
14
35
26
62
26
9
45
16
51
23
43
10
54
40
7
75
8
42
9
7
11
20
84
11
16
46
49
12
71
41
45
25
102
34
50
26
87
17
78
27
23
5
16
5
1
23
11
28
50
15
80
33
10
29
17
18
6
36
68
26
38
16
46
1
76
52
11
16
24
26
51
39
62
7
5
27
32
4
5
29
5
42
8
15
30
3
10
9
7
65
17
15
90
54
86
27
67
45
19
33
50
18
37
41
70
59
85
60
25
59
15
58
40
5
54
15
15
13
9
16
53
32
7
42
13
23
36
33
59
9
4
12
27
6
32
36
39
19
19
26
22
13
4
48
29
15
3
20
3
33
11
51
7
36
22
52
71
88
6
29
15
13
11
18
58
46
13
10
27
31
78
10
32
42
65
22
37
52
66
80
30
70
125
8
44
13
30
11
67
4
30
51
32
1
108
19
68
55
40
75
64
5
18
48
86
22
23
43
15
16
16
25
5
2
43
22
26
21
63
21
50
35
27
18
46
19
33
28
32
26
40
19
36
54
62
5
27
74
20
10
43
36
12
35
23
26
20
39
46
44
32
23
65
27
68
8
25
18
26
18
42
61
61
21
42
13
5
32
25
26
41
99
26
54
27
17
11
15
41
26
47
21
30
80
8
13
69
46
3
16
23
55
115
43
60
17
84
10
10
10
41
23
15
6
8
17
27
11
119
33
21
10
73
35
4
17
47
29
19
5
69
36
51
29
4
37
18
16
48
3
58
50
27
29
40
47
47
7
18
33
20
35
42
4
9
96
28
7
42
19
36
48
25
46
11
26
6
2
18
22
6
60
49
6
48
34
41
11
35
32
11
25
23
39
16
24
15
10
10
64
62
37
18
19
39
43
24
34
43
32
26
28
28
1
19
18
58
3
14
0
21
14
7
32
51
41
28
5
28
1
21
2
28
73
33
18
23
24
21
9
1
4
73
1
14
11
8
5
12
25
24
92
37
42
1
22
27
14
42
7
10
13
84
32
15
0
46
14
125
44
81
25
32
38
4
79
16
2
27
16
11
17
37
10
68
67
55
9
35
13
55
3
20
15
3
69
39
14
18
12
55
25
1
19
1
37
56
25
6
46
46
14
1
29
5
19
41
23
13
33
10
4
14
26
6
13
2
82
43
39
67
34
21
12
26
31
15
123
2
25
7
9
47
1
46
10
17
4
49
25
52
12
36
46
24
33
45
64
20
49
27
26
14
31
11
34
3
15
32
47
51
25
22
6
41
16
9
7
19
60
4
17
34
6
4
15
52
2
15
21
53
17
55
37
2
15
28
54
29
18
19
48
30
15
1
22
86
80
34
23
15
50
20
42
40
57
23
18
3
8
15
14
12
9
26
22
80
32
9
0
46
3
2
61
12
34
46
1
15
19
23
14
16
29
31
16
31
82
7
50
21
78
43
36
17
36
4
7
27
15
13
49
28
38
58
29
9
21
23
50
47
8
10
41
33
11
12
11
65
80
13
19
78
9
40
12
16
47
25
43
3
58
12
37
8
15
42
27
72
8
44
24
21
2
20
11
21
27
3
18
48
28
38
35
33
5
20
69
50
10
17
9
57
17
13
42
22
49
10
0
21
9
23
25
14
37
21
84
41
34
9
36
21
6
42
12
19
17
2
39
3
2
48
32
18
34
4
1
32
39
8
0
8
27
23
37
3
25
55
2
4
12
2
21
10
13
45
32
85
3
21
25
1
9
9
18
1
95
8
30
6
48
57
33
47
17
46
8
26
12
25
31
5
23
8
9
31
20
30
3
21
47
22
9
49
100
12
3
51
1
17
0
20
31
32
27
4
76
12
56
26
24
13
6
19
20
62
62
3
71
33
19
48
48
5
16
55
10
43
17
21
17
18
36
3
50
92
17
45
3
10
7
29
64
29
57
5
19
44
25
60
51
7
48
59
29
40
29
24
41
13
16
73
42
12
24
22
21
14
0
14
48
0
13
11
51
36
50
17
7
13
25
43
57
9
0
18
33
9
2
35
83
17
35
30
51
3
40
4
28
8
18
20
2
10
6
53
26
18
67
1
13
53
52
20
44
36
26
32
34
14
44
26
25
11
8
12
12
17
29
6
55
9
23
13
14
11
8
31
22
44
50
1
26
26
32
14
20
24
36
40
32
71
37
23
32
17
42
7
15
18
19
30
57
2
16
24
63
65
17
33
9
29
33
2
12
3
9
48
28
9
17
37
14
36
9
10
10
2
34
19
20
48
18
40
11
4
40
12
33
0
14
1
25
1
3
36
9
61
21
40
58
30
2
21
23
39
35
16
40
3
15
41
52
43
21
13
32
23
14
18
17
30
2
5
5
9
11
1
6
12
0
17
18
9
38
35
0
27
7
12
27
40
0
32
13
38
59
12
16
14
32
4
39
58
24
7
3
22
4
14
7
13
24
48
15
47
5
32
2
4
1
20
25
32
1
42
12
9
44
16
4
21
50
14
5
42
25
15
50
9
36
42
46
12
10
22
22
10
39
7
7
18
11
36
18
11
0
4
32
34
9
13
7
23
15
38
7
8
22
30
20
60
14
38
4
38
19
29
20
29
18
10
1
32
18
25
5
7
8
40
2
19
3
15
59
8
11
59
20
23
7
21
62
11
29
28
20
21
25
33
8
36
11
50
30
65
52
16
53
3
1
24
13
22
15
5
12
44
28
2
7
27
7
9
19
27
31
5
17
9
4
32
44
29
0
39
0
17
2
33
33
8
5
12
35
43
13
39
28
54
16
22
50
2
2
10
1
11
7
9
30
3
14
18
1
12
42
8
16
14
42
11
8
31
33
8
15
63
14
17
41
25
5
16
19
14
17
46
10
37
46
4
29
8
20
7
39
15
19
20
8
16
27
21
30
21
42
11
8
7
3
22
15
9
16
13
20
23
19
29
12
22
1
10
10
20
4
16
3
43
21
6
39
14
24
20
39
8
6
59
21
5
4
1
6
47
5
2
8
8
1
5
32
12
1
7
10
3
19
29
14
2
42
7
40
18
9
32
13
18
33
6
45
3
11
4
4
1
17
27
21
8
28
7
8
4
19
29
24
0
14
37
17
22
3
9
28
1
16
3
28
32
10
11
2
21
29
1
15
15
3
10
9
20
46
17
19
5
33
19
14
32
7
15
28
21
14
22
7
11
14
4
19
14
5
21
5
17
16
6
1
8
31
49
1
12
13
18
14
53
19
7
16
17
35
6
8
32
9
21
10
24
7
28
14
1
9
25
4
39
1
6
11
12
0
50
9
21
8
2
2
5
22
25
21
1
1
14
25
14
26
2
3
24
13
17
13
2
19
5
1
4
19
13
18
5
16
41
10
30
2
14
17
24
14
21
12
5
27
14
14
21
1
37
20
16
15
4
6
1
4
35
18
1
6
11
48
2
11
37
21
1
28
3
21
8
31
9
20
15
7
7
5
14
23
5
18
37
11
4
5
6
9
9
24
13
5
10
21
18
4
12
7
20
2
6
22
6
16
30
14
19
12
29
2
1
13
19
10
27
5
22
1
4
12
0
23
5
11
9
27
5
9
11
4
30
3
3
17
29
5
4
11
18
10
3
10
8
3
1
4
24
18
12
9
8
9
5
26
11
4
4
9
22
4
13
3
6
6
3
8
9
13
6
7
3
16
12
9
21
20
17
9
7
4
20
0
10
17
33
15
9
14
26
5
12
20
5
15
4
16
7
6
1
8
20
3
15
15
0
2
10
7
10
1
18
5
10
0
8
4
4
6
7
10
10
16
6
14
9
4
10
8
8
23
11
3
16
16
8
6
9
5
15
11
2
2
3
19
21
2
22
3
17
6
5
18
20
13
6
9
3
0
4
2
4
10
8
6
3
7
10
17
5
1
13
8
10
7
9
4
10
4
9
7
21
6
8
7
7
3
9
14
3
9
7
9
1
15
4
14
2
6
7
10
4
2
9
1
12
2
12
1
6
3
8
10
17
6
4
1
6
0
5
7
16
6
9
1
2
7
4
0
0
1
5
6
12
5
11
6
7
3
4
2
1
1
3
2
2
12
7
3
1
2
2
4
2
1
2
1
2
6
2
2
1
0
