12
23
45
2
33
1
4
16
11
25
81
15
26
85
10
70
8
0
32
6
83
1
106
48
45
21
18
50
12
2
19
31
11
10
19
35
18
28
5
27
62
38
10
30
19
4
18
74
12
19
9
13
87
44
89
20
42
30
93
37
54
59
30
12
4
51
56
41
27
5
28
42
8
42
39
15
10
38
3
9
24
45
80
17
92
31
23
61
53
17
85
54
47
21
56
73
39
32
5
10
17
94
26
1
6
123
26
29
35
80
44
50
79
52
27
9
24
59
13
19
44
51
4
82
68
109
37
60
7
81
7
52
25
3
108
14
14
51
18
33
4
47
2
77
45
111
14
65
31
28
39
39
57
1
70
8
101
20
29
17
73
21
51
10
3
64
39
7
130
14
51
37
157
3
44
56
30
51
54
16
25
85
42
32
68
72
20
29
9
30
44
60
18
22
69
40
22
111
11
42
77
28
9
3
96
88
13
30
87
19
7
25
54
81
45
33
11
71
8
26
15
19
93
50
27
23
42
47
21
6
32
28
38
75
93
6
48
71
73
11
4
18
38
45
14
27
68
0
87
74
7
46
31
51
1
41
9
11
62
37
63
54
61
38
28
75
37
2
14
48
59
28
73
92
78
46
68
144
122
15
134
27
41
72
98
18
28
75
27
18
38
15
18
49
15
35
100
42
7
3
57
11
23
16
41
20
36
18
33
124
84
31
25
3
55
76
37
21
17
12
24
40
14
56
23
12
20
44
6
51
51
2
46
3
45
55
18
31
14
35
35
14
3
75
1
99
108
74
42
1
9
14
41
81
63
23
73
35
30
47
24
83
13
37
40
5
10
19
19
96
102
57
38
90
87
14
62
13
20
13
24
67
25
6
39
10
28
58
2
44
109
79
71
15
45
28
80
90
55
16
40
12
17
37
3
19
31
45
90
128
42
12
106
28
12
40
43
12
53
100
23
66
5
12
17
34
32
77
104
18
50
23
4
57
40
63
40
60
15
15
74
6
37
61
12
82
23
4
107
1
5
38
31
14
44
9
13
41
114
56
113
49
42
54
46
43
64
6
58
12
8
23
42
42
26
15
51
52
14
58
33
6
34
8
52
69
19
21
39
62
46
3
141
21
21
1
54
58
96
8
117
110
3
47
36
35
11
98
24
129
9
8
35
12
35
61
38
35
15
22
35
64
90
11
31
29
76
21
18
39
19
22
8
39
25
40
68
6
6
37
61
44
31
5
57
3
36
4
14
14
91
30
4
27
72
23
17
5
45
31
27
26
2
34
43
8
46
75
102
6
84
12
2
7
79
14
3
10
43
67
57
43
115
30
31
60
56
34
7
18
68
27
14
28
67
101
7
60
18
15
67
56
25
45
10
1
59
9
48
74
40
57
46
39
19
58
25
25
31
31
123
2
36
51
31
78
33
85
2
39
31
13
23
73
7
27
19
23
10
11
30
25
38
74
26
18
61
10
63
27
1
17
22
18
67
21
56
76
19
27
1
41
16
50
11
34
37
20
52
21
85
18
22
30
27
25
36
81
53
55
53
141
32
11
65
49
102
25
117
76
27
24
17
9
29
82
19
32
56
52
3
47
93
70
9
40
54
23
18
16
11
10
4
23
40
5
6
39
40
40
85
3
117
44
38
33
54
47
12
17
48
40
49
52
8
71
46
11
1
109
54
91
102
45
18
63
18
5
23
3
45
34
14
66
1
5
86
52
48
90
6
31
21
29
79
38
31
26
81
45
21
19
5
2
86
27
76
39
13
47
74
100
29
108
47
12
46
11
44
10
17
49
8
4
82
22
24
17
51
35
32
32
32
19
23
26
45
52
20
57
36
107
19
13
95
43
53
24
70
85
17
33
7
92
32
20
12
79
15
7
33
59
13
15
38
14
17
29
15
82
36
4
12
12
9
67
60
60
17
29
39
67
43
62
38
45
22
108
83
23
82
92
64
39
64
32
4
10
7
46
9
3
37
72
19
11
101
65
18
71
33
4
18
10
18
2
13
84
45
27
33
62
6
9
94
64
2
24
68
44
20
29
28
53
48
47
17
21
3
15
49
42
22
88
56
7
45
60
44
18
25
100
15
114
7
44
13
30
12
26
15
78
49
7
2
35
9
41
17
88
84
1
38
6
29
15
92
80
42
70
18
32
18
5
9
45
31
77
33
20
29
78
33
19
31
37
19
57
33
55
73
24
94
54
23
17
18
31
6
22
42
7
21
24
51
9
8
1
5
78
20
38
28
4
40
58
40
13
23
7
16
70
2
7
7
16
24
47
72
19
43
72
9
83
34
38
31
12
0
111
14
38
41
1
18
1
25
8
53
13
31
0
20
11
64
37
28
32
25
19
4
21
10
7
85
38
39
32
28
24
5
5
67
6
16
14
1
8
38
42
60
73
83
30
38
9
28
10
53
17
41
41
5
1
53
50
62
7
31
66
24
1
7
4
59
34
20
20
71
1
2
4
20
68
40
30
7
57
28
20
23
21
5
80
32
1
12
89
15
68
32
47
51
77
127
5
2
30
34
20
4
20
24
33
23
92
35
9
6
115
70
11
26
16
16
67
1
28
40
47
8
129
11
8
51
32
2
47
43
66
33
28
19
29
37
38
24
42
6
31
34
10
46
35
75
9
4
75
31
6
4
47
78
104
25
43
5
24
5
39
25
16
29
44
54
1
19
19
3
27
50
24
37
51
25
41
56
31
75
91
40
66
2
50
45
5
45
19
16
12
53
42
13
20
31
44
15
30
19
36
45
18
10
7
52
49
40
21
9
62
55
50
6
24
7
46
36
30
23
19
45
80
46
13
8
15
5
37
39
26
28
17
4
49
51
21
62
1
14
50
33
25
30
54
15
24
53
0
27
91
8
4
25
52
50
11
30
14
60
63
0
104
52
48
96
29
22
4
33
24
22
77
51
27
23
2
34
3
33
0
4
19
10
7
34
11
34
4
14
2
16
68
32
19
15
10
26
29
48
33
19
71
26
50
33
123
23
10
5
10
38
62
15
21
43
35
35
50
64
33
86
11
53
41
10
44
26
46
10
49
23
10
42
36
44
42
8
4
47
44
12
45
12
47
15
4
48
54
1
18
31
8
35
3
12
20
41
9
17
25
5
32
17
37
86
14
75
62
52
58
45
10
68
23
70
31
69
15
11
36
50
24
66
1
4
82
6
39
16
28
20
65
6
22
18
4
7
26
12
9
61
43
8
4
68
40
8
44
53
17
12
65
45
53
3
35
37
8
29
111
43
38
3
39
8
23
69
32
53
9
33
13
22
20
27
67
0
35
4
6
16
18
26
5
25
54
34
17
49
15
15
42
30
33
95
56
35
29
42
41
15
58
21
12
5
59
0
17
31
71
6
24
4
42
22
64
9
9
29
0
54
4
63
25
21
5
8
14
31
19
3
17
37
50
55
49
24
20
11
34
43
31
73
48
8
3
15
19
42
3
3
19
19
19
54
8
74
3
38
35
9
23
7
15
6
42
37
64
64
26
18
27
61
37
13
38
76
34
2
13
41
37
37
65
10
68
24
10
21
32
6
16
10
48
38
48
3
50
1
61
4
96
56
37
75
8
19
6
58
23
51
52
76
1
9
83
2
3
77
16
4
15
41
11
22
30
1
62
5
9
27
5
48
33
66
53
28
7
18
14
23
2
20
22
39
22
22
25
41
40
8
36
30
15
12
87
73
58
28
20
9
1
13
8
14
28
26
4
51
37
25
35
84
28
10
47
48
23
27
13
10
1
34
45
14
7
57
50
8
66
15
2
18
2
40
64
67
1
19
15
11
18
40
42
28
15
7
8
30
8
62
15
2
4
32
6
36
10
21
4
83
70
45
46
6
6
15
38
14
9
49
46
16
31
9
76
29
17
24
21
4
30
48
19
36
5
5
1
44
45
42
70
34
6
15
82
17
18
8
6
16
12
59
59
52
33
33
18
13
25
2
15
37
4
30
31
15
21
8
21
51
21
75
29
37
59
20
44
5
12
26
51
8
21
6
29
1
15
9
12
10
73
13
25
13
22
70
19
0
48
47
37
17
6
66
25
47
38
43
91
55
17
65
24
24
59
117
31
71
11
3
33
4
28
16
15
23
11
20
2
26
24
33
14
14
38
27
4
49
5
15
49
28
42
23
18
23
10
42
13
18
12
6
7
28
23
1
14
25
10
13
37
76
41
24
23
4
8
35
16
29
42
57
60
41
29
9
11
81
25
1
46
7
37
0
16
25
10
38
23
18
18
6
12
18
13
0
18
34
22
17
7
50
8
12
25
34
16
2
1
18
28
39
42
12
3
15
2
17
15
40
14
0
1
11
32
29
5
12
3
13
8
5
30
15
38
6
4
7
3
19
35
4
29
10
47
7
19
26
8
12
32
27
26
59
7
13
9
25
9
18
19
48
2
12
36
19
1
7
32
54
36
12
36
16
26
38
22
8
6
13
15
43
11
9
1
30
17
44
0
17
0
44
19
30
14
8
53
11
13
29
43
9
48
9
34
22
1
10
28
21
19
12
37
37
2
34
6
1
73
3
34
28
7
18
5
3
10
20
42
14
12
29
18
10
3
3
22
20
28
35
15
45
20
40
11
19
10
25
9
1
64
31
31
37
1
54
13
23
9
15
8
21
15
52
33
17
26
70
43
18
1
12
10
22
10
0
43
1
50
18
26
21
3
37
11
22
18
20
37
20
4
47
28
19
17
41
34
4
62
11
19
34
25
22
59
17
23
22
68
11
16
47
32
11
49
4
1
33
69
60
21
45
1
27
24
26
16
9
25
43
32
30
43
1
58
22
20
8
37
2
0
8
1
3
0
24
75
42
6
4
19
24
13
6
2
23
25
8
56
23
17
32
46
4
33
54
5
20
6
20
26
67
64
18
20
29
10
28
21
4
50
8
25
46
22
47
38
11
14
19
5
3
22
15
31
1
28
34
34
14
35
29
34
17
7
7
15
76
2
19
4
4
10
70
14
28
15
8
15
34
19
18
38
24
43
9
14
10
29
16
24
16
9
25
22
8
13
21
26
40
3
7
22
43
37
1
5
24
68
4
22
15
10
11
11
29
28
2
23
31
9
50
8
45
4
20
3
1
30
23
39
7
28
41
44
2
23
14
5
10
28
21
13
32
23
8
4
17
10
39
3
11
18
10
18
57
53
0
12
22
23
26
6
3
49
17
1
5
13
3
14
20
28
15
26
21
59
23
6
45
9
1
17
7
11
14
1
18
4
3
11
15
16
0
23
45
43
6
13
35
4
24
16
29
32
11
9
1
3
8
4
20
5
52
40
0
3
22
27
35
8
10
23
42
23
12
28
52
9
27
26
1
17
39
18
10
15
7
12
21
20
12
4
2
10
22
28
31
15
2
21
41
4
33
25
28
21
5
5
39
10
2
20
2
42
4
20
0
10
26
8
3
6
15
25
19
8
1
18
2
23
41
12
3
5
43
15
24
22
35
68
18
37
29
1
20
11
31
12
7
9
11
11
18
12
5
39
20
32
24
4
3
29
20
22
11
1
8
13
22
1
18
20
14
14
12
18
7
29
18
18
4
27
15
21
3
14
8
20
4
23
18
12
16
9
3
8
21
23
3
1
11
18
11
23
14
5
12
2
8
27
21
24
15
1
53
17
2
19
30
18
11
58
22
0
9
27
27
3
9
5
33
19
10
5
5
7
6
8
12
1
6
20
7
26
3
2
32
2
7
5
18
18
10
18
29
18
10
36
49
1
39
2
3
5
11
16
10
9
14
4
13
9
21
25
19
41
6
8
14
1
11
2
7
28
10
7
2
30
9
2
6
21
6
18
16
23
22
17
7
4
23
25
34
7
6
2
6
29
16
8
9
7
27
11
19
26
6
0
5
19
26
4
7
20
3
6
17
2
15
11
24
9
4
8
30
10
14
0
48
4
35
8
8
10
23
3
10
10
19
2
42
21
10
33
16
8
8
10
4
4
30
17
4
10
1
9
2
23
9
37
12
10
19
4
1
7
3
10
6
8
20
5
5
7
4
11
6
12
34
20
11
6
11
1
3
41
15
2
46
26
16
12
16
23
24
1
17
23
15
11
10
4
9
11
10
5
6
13
38
36
5
2
10
7
7
2
5
2
20
3
3
3
18
12
21
7
31
3
23
2
7
2
7
5
6
3
1
6
5
5
8
1
3
6
3
10
12
10
16
2
28
5
21
18
9
19
3
1
8
7
1
7
11
1
12
4
2
28
8
8
3
9
10
8
1
9
1
6
12
13
11
9
10
9
14
9
2
8
6
3
25
7
11
9
1
6
1
12
11
12
8
5
2
11
7
6
5
5
11
2
5
6
12
6
4
2
11
4
22
3
0
11
1
6
0
0
6
6
2
3
14
4
10
4
12
0
5
3
9
11
1
1
4
0
7
10
7
11
1
3
14
3
7
7
3
5
0
4
4
1
2
3
3
10
3
1
3
3
3
0
2
4
1
2
2
1
0
0
