17
11
20
4
80
62
23
20
26
19
0
33
3
12
1
5
22
2
19
30
33
52
26
18
11
110
36
63
22
45
26
1
16
33
45
40
19
71
15
6
41
60
19
53
6
27
1
19
15
10
19
5
74
1
93
47
13
49
7
40
47
10
54
50
25
92
52
41
47
66
55
19
12
28
69
7
40
52
76
88
69
29
61
15
43
77
85
4
29
28
4
34
14
48
38
18
81
12
56
82
42
8
78
24
1
35
1
13
8
84
70
69
34
22
127
4
69
1
14
39
53
24
77
51
54
9
53
62
33
34
52
17
24
12
38
47
19
21
14
35
58
3
57
24
25
14
24
5
63
119
53
21
18
91
44
38
69
53
20
91
6
24
6
99
70
9
17
58
56
28
49
37
3
7
38
83
41
18
44
110
28
75
29
3
10
62
30
28
118
40
0
30
38
54
118
45
63
5
45
51
46
67
39
75
5
2
6
23
15
68
38
9
26
26
38
90
145
41
67
12
55
18
59
5
31
15
70
47
24
65
53
34
44
4
1
34
30
23
33
11
27
44
93
31
47
2
40
20
22
64
13
37
12
87
2
71
31
61
57
11
9
18
13
69
62
24
16
34
30
47
37
78
36
142
114
29
12
54
46
18
9
42
37
52
0
39
7
32
37
49
88
34
43
32
6
104
58
24
59
30
23
77
12
69
93
64
28
38
35
121
9
19
9
18
60
56
40
50
45
66
26
15
85
21
44
36
6
16
42
27
34
59
57
1
92
5
16
40
15
9
1
55
48
33
32
24
22
85
125
59
15
12
35
38
55
92
31
1
32
16
50
85
46
17
4
33
16
61
118
72
33
53
21
48
27
92
19
22
36
21
52
36
32
71
83
13
1
91
17
27
52
83
71
27
86
1
17
26
38
11
51
8
13
110
25
5
4
33
40
6
10
84
57
47
28
66
74
108
15
76
14
19
21
31
44
51
0
15
44
25
16
98
49
74
61
68
36
24
28
69
22
44
26
16
48
11
22
9
3
27
1
20
44
10
2
3
63
38
73
137
10
56
31
52
61
33
29
2
26
25
12
22
11
68
74
69
95
15
14
98
67
28
48
53
26
60
11
28
3
27
6
27
62
22
10
21
67
25
40
28
8
19
1
16
73
66
15
16
8
7
53
7
77
25
25
6
18
81
52
22
92
72
2
18
65
116
27
72
40
27
9
90
21
2
67
10
67
25
68
7
3
16
60
29
11
35
69
31
21
54
125
45
54
25
75
50
111
22
39
37
65
57
3
11
12
46
34
32
27
5
30
19
67
27
18
3
29
28
8
37
72
52
32
129
9
23
26
4
81
38
32
31
97
27
41
60
30
15
95
37
35
46
21
11
60
17
3
64
23
41
33
85
56
19
30
34
49
74
35
6
63
17
12
38
5
9
90
150
22
70
32
5
59
48
5
7
4
15
6
7
40
128
84
56
7
40
7
10
38
2
89
67
50
11
16
59
11
87
34
13
61
67
25
4
38
11
44
68
97
62
82
7
39
23
8
58
38
61
1
89
7
28
11
9
101
17
32
35
2
113
2
73
55
11
43
32
12
0
9
72
86
45
3
99
23
3
76
6
37
10
69
21
1
49
82
55
34
44
17
20
72
12
41
58
75
35
2
12
32
71
12
5
26
30
28
52
11
45
2
8
32
41
96
45
69
37
67
2
54
48
2
44
32
99
1
21
24
93
15
90
43
6
32
43
30
75
23
66
0
46
75
18
85
32
28
24
17
6
75
13
26
74
26
8
45
56
49
33
57
56
33
13
1
74
86
8
11
21
6
25
17
38
21
12
52
17
16
6
1
5
11
78
13
38
13
45
20
38
68
1
12
37
59
7
24
104
2
76
19
14
36
11
9
15
36
17
6
32
26
40
14
50
37
32
63
35
80
36
56
2
70
84
23
22
131
2
12
41
91
2
50
51
117
30
74
88
33
34
91
52
63
34
18
6
18
73
21
4
14
8
22
13
60
4
76
29
38
10
14
3
35
26
36
32
48
6
37
12
74
36
26
30
32
15
32
43
35
23
72
39
34
62
28
19
9
9
34
19
58
32
21
38
102
45
11
4
26
108
17
6
23
43
23
53
39
19
14
103
28
56
25
26
1
47
33
18
9
34
45
20
7
32
60
14
46
75
25
14
44
24
24
29
61
7
86
7
24
71
22
15
20
37
64
38
30
67
59
16
19
32
50
71
12
4
23
7
129
9
41
37
58
4
16
18
27
4
51
52
16
83
110
12
20
41
49
32
21
2
18
7
40
56
20
63
119
43
56
99
12
31
17
39
22
16
14
29
28
26
65
6
101
16
23
89
14
80
12
4
46
35
17
1
23
18
34
31
82
22
71
13
40
34
35
65
17
56
8
1
7
22
82
15
1
2
5
32
28
60
35
4
42
6
27
78
37
0
26
6
15
11
76
19
44
25
124
57
7
48
14
0
72
7
84
84
5
9
38
5
2
65
79
15
71
8
15
67
14
10
10
34
67
21
26
15
35
38
28
42
4
53
15
17
61
55
41
42
10
2
115
50
32
25
7
37
38
34
77
7
14
69
31
61
13
36
21
16
73
35
1
8
8
79
2
19
10
64
39
18
42
35
91
45
4
29
14
32
1
22
7
2
31
69
13
88
64
29
12
64
1
5
35
0
22
108
3
39
23
30
3
21
4
42
12
25
4
8
48
10
57
5
4
32
38
29
12
48
58
67
6
37
11
73
91
20
2
4
48
10
50
20
24
97
85
50
2
20
35
77
19
29
19
11
10
17
35
10
5
41
15
33
0
46
6
41
6
3
3
27
46
31
69
21
63
24
15
16
28
5
74
61
13
77
73
26
23
17
32
31
11
12
7
1
37
19
23
10
31
39
18
23
4
6
18
16
47
7
27
25
26
55
61
56
39
2
21
2
0
27
50
68
49
72
5
3
87
64
16
10
13
24
9
3
66
10
33
18
30
51
40
56
32
5
35
1
15
42
27
54
9
19
13
34
18
83
9
18
34
16
18
67
4
36
10
11
17
7
78
24
30
5
8
26
17
9
18
26
34
2
47
20
36
20
57
1
37
5
28
39
47
12
16
8
16
112
10
69
31
10
30
25
34
1
15
37
4
72
52
19
58
80
27
31
31
21
24
24
56
27
48
4
0
12
21
11
28
2
43
41
17
18
36
43
14
26
15
22
30
35
43
19
40
19
6
65
14
55
15
34
69
46
35
56
3
28
23
46
55
52
29
16
42
11
44
31
19
66
15
13
23
47
2
22
14
17
30
13
80
14
9
47
25
3
75
42
13
31
5
16
12
1
37
5
49
32
41
30
5
50
8
7
10
34
57
18
63
45
44
34
38
24
26
21
3
45
74
37
2
19
3
6
47
52
25
5
27
5
20
54
16
34
48
11
32
54
5
1
26
0
14
20
9
13
20
44
29
26
17
21
25
21
59
15
10
13
37
11
44
81
11
56
5
23
2
63
16
60
33
59
24
13
31
16
19
18
20
28
14
32
106
52
37
8
6
15
7
26
9
89
54
21
12
6
26
40
11
20
10
3
18
15
28
28
9
24
13
31
9
6
47
38
23
39
49
18
10
19
72
22
35
17
31
65
19
0
12
15
76
27
80
23
77
50
11
49
14
74
28
33
46
6
42
21
16
31
7
21
26
13
11
30
1
26
2
19
33
28
17
22
22
70
41
31
55
11
11
69
43
20
52
17
2
61
17
10
30
14
10
22
15
8
23
28
9
5
28
7
54
19
28
9
0
49
60
43
23
5
7
51
4
52
78
0
33
20
42
6
15
17
13
5
13
2
7
5
29
27
39
62
26
22
43
4
78
58
40
53
30
10
2
10
32
16
52
20
79
66
71
13
9
12
75
30
40
10
77
0
8
39
29
23
8
58
17
4
19
23
28
5
9
74
50
33
36
17
38
53
0
7
104
17
31
12
24
3
13
8
30
15
56
62
49
18
13
54
8
0
108
25
22
28
21
2
28
19
40
32
28
7
57
11
25
4
37
9
15
14
9
9
9
7
17
62
30
27
10
64
32
71
87
13
17
40
11
13
4
69
31
52
20
18
16
40
3
10
12
23
9
14
1
1
32
4
9
22
9
11
34
1
38
11
70
18
26
38
24
27
9
5
54
5
4
65
19
63
33
1
60
1
19
14
33
33
7
0
4
66
14
13
54
61
3
13
19
68
9
23
36
2
4
5
5
20
38
12
44
12
28
22
1
13
56
5
13
24
52
38
47
33
2
30
23
35
2
18
36
20
18
19
5
3
5
38
12
63
20
24
5
24
5
11
11
3
6
6
1
17
51
34
38
40
9
6
51
26
13
40
54
38
40
4
2
9
71
10
47
3
3
5
6
23
18
59
40
29
2
19
13
13
1
40
24
8
7
24
2
2
48
40
56
2
36
33
45
13
14
23
5
37
4
14
0
12
39
21
14
4
34
42
51
19
42
58
4
38
15
19
45
74
29
19
19
28
3
39
11
6
3
19
8
41
16
11
20
12
40
36
41
0
49
24
62
15
11
12
30
61
24
11
69
28
0
9
47
23
37
30
8
2
57
6
10
52
5
18
16
32
17
1
0
24
19
8
29
10
43
7
15
45
24
17
7
67
48
3
2
25
26
30
16
6
2
41
70
1
9
24
33
20
14
1
37
8
22
4
42
17
6
19
19
34
18
6
47
12
3
6
8
28
13
18
3
51
32
45
75
70
24
20
76
25
14
11
36
5
19
14
29
19
24
5
21
8
8
0
17
33
11
7
6
4
2
13
11
22
78
19
10
19
8
25
28
4
1
0
6
5
13
10
29
67
33
47
17
7
34
19
15
45
19
19
1
20
11
16
33
31
19
0
38
11
0
6
19
28
25
20
17
37
9
35
28
6
19
32
12
49
24
43
3
3
36
34
0
28
32
11
19
31
16
28
40
19
26
36
15
26
25
0
9
0
9
21
8
16
42
10
22
27
15
7
9
55
5
17
59
3
2
2
10
15
27
14
1
18
8
55
32
36
12
26
40
25
66
20
9
13
3
7
10
15
6
5
22
12
19
20
13
2
23
22
11
32
23
17
26
53
49
3
1
57
23
11
20
10
38
21
14
36
17
7
46
22
15
64
21
8
14
2
1
27
32
9
8
15
45
0
15
5
55
0
4
49
16
12
21
1
35
59
7
1
16
12
26
25
35
9
14
16
1
3
55
35
19
4
10
42
28
10
1
9
23
0
23
20
52
3
12
20
14
25
49
29
9
15
4
9
36
3
17
15
9
32
11
11
11
13
25
11
38
2
16
14
4
42
9
7
8
32
27
0
8
0
20
19
4
26
2
32
10
8
41
17
40
7
1
9
13
17
9
10
6
2
10
45
33
6
6
27
5
8
6
16
22
29
35
48
12
25
29
32
32
3
31
0
19
4
3
27
9
22
13
5
62
13
5
10
26
22
6
26
5
3
33
2
10
39
12
25
7
39
6
31
14
20
6
0
16
2
25
2
7
18
38
37
3
17
36
13
18
20
7
21
27
2
17
34
50
8
1
3
18
13
20
13
7
12
34
3
6
11
20
4
8
4
1
11
16
6
24
7
13
13
25
31
8
41
1
23
3
34
9
23
3
29
29
2
30
9
44
1
13
17
2
16
45
4
9
14
5
1
9
50
5
5
15
29
15
18
2
21
24
9
19
16
24
36
6
30
6
18
3
1
9
19
29
42
2
32
24
9
4
2
9
2
2
17
5
3
1
46
41
26
29
7
25
14
32
23
26
3
3
9
8
4
11
19
10
30
4
11
16
30
11
20
12
3
11
9
37
20
2
10
9
28
10
0
11
21
22
3
10
18
41
6
20
17
7
3
18
0
14
23
29
7
26
17
13
1
0
19
31
22
16
9
25
17
4
19
0
0
13
4
1
6
22
12
15
1
21
17
3
18
11
21
3
9
14
3
33
5
7
21
19
0
14
11
8
12
10
17
25
10
16
11
32
18
21
9
5
14
12
9
5
26
1
2
18
12
17
10
17
6
8
3
17
19
7
4
14
3
2
10
7
23
6
7
36
13
6
6
18
4
8
8
18
6
2
9
1
15
25
4
9
7
2
1
3
6
17
16
7
2
2
6
2
9
6
20
17
1
6
7
15
3
20
12
4
12
10
2
15
8
11
1
10
5
7
4
3
7
9
21
3
1
13
11
3
3
20
7
2
10
16
2
6
4
9
4
22
4
17
14
4
5
6
10
12
12
1
4
7
0
3
1
8
8
16
6
2
6
8
11
18
1
3
2
7
1
1
14
0
6
4
5
18
3
3
5
6
21
6
7
11
3
9
9
16
7
0
8
1
6
5
6
3
5
10
7
16
6
1
2
6
5
1
17
2
6
3
17
3
10
3
1
4
5
4
22
1
14
4
3
7
15
5
3
7
4
3
3
3
6
2
3
0
6
1
2
3
1
3
1
2
2
1
5
1
2
0
1
4
0
3
3
1
1
4
2
1
1
