17
28
13
10
43
19
68
1
27
7
10
145
7
9
2
7
4
33
45
65
19
5
9
12
90
19
13
53
5
32
6
99
23
78
20
17
33
35
31
7
101
41
14
78
41
24
8
4
45
26
16
26
50
41
1
35
21
5
9
51
111
93
4
15
32
19
83
46
30
90
40
44
15
102
56
17
37
97
26
39
32
71
37
59
24
44
2
31
69
29
84
15
76
38
57
30
2
27
19
8
44
33
56
14
74
71
20
5
3
8
89
52
13
56
6
20
53
31
11
10
11
79
58
82
84
2
40
1
47
55
3
59
14
10
4
72
4
30
7
24
69
21
56
6
35
40
101
0
44
38
22
40
52
21
19
21
21
68
38
20
20
127
34
12
9
32
133
51
22
35
127
45
61
80
50
39
12
27
25
82
55
2
17
68
19
71
64
40
36
86
13
50
109
12
7
68
26
13
37
21
31
62
45
15
36
44
12
30
62
142
57
46
94
16
18
24
16
0
50
59
31
38
27
14
42
152
7
41
34
48
32
29
89
116
42
99
160
27
4
41
58
20
23
5
8
2
83
72
24
110
37
58
7
29
29
38
44
27
35
89
89
1
18
31
58
13
26
8
83
20
42
53
36
22
5
13
24
3
63
51
42
55
99
25
30
52
23
21
75
21
1
24
4
12
40
46
17
20
30
24
54
67
78
30
28
15
76
36
60
36
52
37
51
52
1
13
22
19
68
10
16
18
111
54
88
9
1
72
85
62
30
83
3
9
36
34
37
109
31
36
4
94
3
19
18
92
21
42
28
14
10
66
68
26
68
39
32
32
61
42
97
53
45
10
32
18
66
49
21
62
14
21
93
39
13
15
78
22
64
61
17
49
52
20
39
23
114
33
55
32
38
45
16
5
30
10
30
42
69
28
76
8
59
0
86
36
34
41
39
16
99
11
7
82
73
41
37
75
19
42
65
34
44
75
36
84
19
41
18
58
46
81
68
16
92
76
23
35
86
65
30
14
84
90
15
69
10
65
44
15
32
38
95
19
88
11
61
6
45
109
32
17
42
48
12
42
86
10
63
18
29
41
2
40
3
20
49
19
28
3
55
64
119
124
57
61
2
13
50
21
16
47
50
12
83
62
27
20
15
46
63
68
6
45
118
25
83
18
35
28
94
32
11
76
86
18
22
37
59
114
20
91
54
0
27
49
36
34
128
123
52
9
70
16
19
10
93
55
63
7
106
22
43
22
46
26
40
31
18
16
32
23
24
28
33
3
24
41
79
66
58
58
69
33
56
34
99
33
82
40
33
20
76
17
15
13
6
83
90
39
30
3
55
39
85
42
51
34
15
22
45
100
32
11
34
40
40
9
19
35
64
60
0
34
12
58
34
8
15
33
0
77
29
61
19
15
52
97
42
1
20
37
49
47
40
6
73
52
116
42
93
46
49
24
48
15
19
6
29
13
101
18
31
65
48
31
10
20
43
84
53
16
31
15
53
77
7
42
11
63
46
74
68
3
45
3
53
46
29
20
20
39
46
8
5
55
13
92
0
45
56
29
36
17
44
114
66
74
13
45
45
114
6
40
55
40
58
15
90
81
102
18
48
60
62
52
1
56
16
12
21
106
1
40
51
22
15
63
79
57
40
8
50
64
39
4
17
139
65
33
27
43
56
46
20
105
16
4
6
14
49
15
38
51
41
101
111
8
11
55
23
80
52
15
61
40
74
61
11
43
3
46
49
44
4
36
4
94
73
15
1
15
40
63
77
8
18
37
32
13
63
45
5
17
38
87
60
12
24
50
35
30
6
20
6
25
35
46
39
97
52
29
13
61
120
30
61
45
29
33
29
22
22
86
20
7
49
50
43
22
51
48
46
4
56
58
44
4
2
45
43
4
6
55
38
44
75
36
9
31
20
4
21
33
19
45
40
47
18
43
6
38
38
33
48
23
50
73
17
61
31
7
53
62
17
49
114
21
31
11
30
43
14
51
3
10
21
24
8
16
77
19
8
1
17
37
15
27
85
5
13
35
6
3
30
43
57
25
11
49
4
57
35
81
13
43
63
59
51
60
5
30
79
8
60
46
20
77
56
4
27
44
33
68
14
66
5
20
42
29
62
107
24
20
55
48
4
27
1
107
62
40
47
7
16
67
64
20
4
17
21
5
24
37
11
22
65
26
3
19
17
24
1
60
4
11
42
40
21
44
9
86
34
38
5
46
55
38
44
11
5
19
37
29
64
50
35
8
46
71
6
47
10
11
61
9
23
45
41
40
3
52
83
32
26
6
33
70
36
55
23
23
4
17
11
53
18
18
30
14
13
1
76
36
60
24
2
18
35
56
11
4
6
11
34
61
24
125
20
92
37
54
6
16
6
25
29
7
5
20
67
5
52
25
43
41
38
43
28
6
51
21
11
11
15
39
32
0
25
8
33
23
18
40
89
12
25
35
47
57
14
41
19
100
22
4
14
14
29
13
44
17
12
12
0
29
18
65
53
17
24
13
42
56
35
2
27
30
63
21
19
8
29
35
9
41
54
55
37
81
18
22
1
8
90
50
73
16
24
21
3
9
14
5
7
0
16
134
33
68
17
48
9
24
32
61
60
68
47
106
46
10
56
69
19
29
24
13
8
1
24
9
0
54
67
74
25
2
37
79
42
24
6
8
14
61
3
32
86
32
30
1
18
25
37
43
8
12
52
70
36
81
7
16
44
42
1
49
0
25
62
3
37
93
1
12
14
25
40
42
18
52
98
40
27
16
67
68
17
29
19
13
104
38
44
57
13
5
89
46
60
16
2
67
95
74
6
7
31
80
46
18
3
57
1
19
54
12
31
16
24
51
15
35
50
101
27
1
1
34
14
45
11
14
19
24
53
110
25
0
3
57
63
14
28
48
87
39
4
22
0
93
5
12
24
29
16
29
3
44
88
2
3
69
55
29
10
57
33
1
3
24
15
54
54
86
6
13
16
33
26
12
6
56
19
0
32
63
15
27
68
2
39
27
48
37
47
18
54
36
17
4
2
22
42
0
42
59
2
1
50
9
25
37
8
19
39
31
7
28
6
8
57
3
46
16
5
36
27
17
43
18
121
56
6
43
2
46
20
28
11
44
33
19
69
28
19
13
18
20
37
54
27
53
9
25
28
50
5
32
4
103
88
12
56
33
26
17
117
32
30
3
24
51
20
18
40
16
33
15
21
35
95
6
41
31
2
79
38
66
24
20
33
7
6
13
80
2
10
38
3
31
74
14
5
10
13
72
34
43
7
30
36
39
12
28
68
8
31
19
58
17
102
36
46
6
81
61
18
39
15
16
33
3
2
63
3
4
4
17
17
55
36
3
2
14
24
31
19
31
39
22
74
25
27
11
73
22
4
8
9
40
50
56
47
4
22
64
20
3
2
14
51
2
35
21
4
8
35
2
22
24
63
53
13
78
47
20
16
15
34
27
29
80
5
46
44
4
10
11
37
29
33
3
13
65
9
9
3
17
2
16
8
15
19
36
27
27
31
15
19
18
9
59
102
8
28
27
45
3
14
45
72
19
16
24
81
15
38
35
57
2
44
3
3
8
44
72
54
14
91
26
68
39
18
53
47
21
42
2
1
7
31
81
26
20
51
40
31
18
51
13
7
6
58
19
21
28
7
7
34
17
89
56
1
19
2
26
13
45
34
1
1
12
44
28
29
12
12
66
58
8
22
41
7
31
0
30
30
49
2
42
48
50
6
80
68
23
4
25
46
57
49
74
38
36
20
29
32
40
1
78
7
17
19
5
34
36
19
12
65
37
30
33
35
3
62
42
45
2
35
96
3
24
26
33
23
30
5
2
23
19
42
26
9
70
32
19
20
76
30
12
3
55
20
19
41
19
11
24
7
58
30
24
35
17
19
5
34
45
77
48
94
28
69
43
46
22
18
68
9
0
74
33
20
29
4
26
34
50
17
20
16
1
18
2
13
26
28
4
28
34
11
9
18
18
24
1
20
2
15
22
9
16
39
35
38
12
59
40
46
13
24
1
6
81
36
27
23
104
58
30
97
4
11
1
38
3
28
5
12
4
38
14
28
19
27
32
0
29
28
25
47
30
14
14
39
60
12
1
28
43
29
4
29
11
49
18
13
54
32
47
5
24
42
38
29
5
18
24
6
118
25
20
58
44
30
12
30
22
77
12
70
28
33
8
7
43
34
7
50
15
71
18
16
3
59
103
12
38
12
17
29
26
1
18
21
31
38
5
78
37
3
63
26
0
25
15
7
25
65
41
30
14
21
25
67
6
33
18
35
4
49
15
14
36
16
12
42
3
19
2
70
35
34
11
22
28
32
23
21
35
43
52
15
22
16
16
24
45
10
18
33
9
48
54
45
9
5
45
80
9
19
28
30
29
58
11
13
21
52
13
31
1
42
3
22
30
14
26
4
40
29
43
71
41
28
14
38
32
27
72
5
20
6
48
8
17
30
83
7
3
24
12
12
1
3
30
39
18
32
23
20
31
2
20
36
36
26
30
56
22
5
16
16
15
4
40
9
31
53
38
22
2
6
12
22
17
35
63
47
0
24
14
12
23
4
2
21
21
31
55
1
15
41
46
70
39
33
18
37
4
23
26
14
17
6
30
4
19
11
0
50
27
87
19
17
44
23
43
37
15
20
9
2
24
6
38
1
13
1
45
53
48
15
27
18
9
13
39
40
17
31
22
75
23
13
6
4
41
10
17
26
2
2
24
13
1
11
44
1
31
42
50
19
30
1
8
55
67
3
1
16
19
3
35
25
8
2
31
6
1
43
13
18
36
3
42
1
9
24
41
8
2
14
9
3
3
28
5
37
38
3
54
9
4
68
4
3
13
4
55
21
42
4
10
19
53
9
52
15
5
31
11
20
6
15
37
2
22
14
14
15
12
15
32
30
18
26
11
25
28
0
60
2
23
8
18
26
6
35
11
32
7
0
24
19
5
10
3
36
48
17
26
13
15
10
3
9
35
42
27
11
21
8
44
18
36
46
12
12
1
2
3
15
34
20
1
13
9
26
34
11
2
13
10
13
3
38
11
52
39
29
8
17
21
28
7
7
11
2
39
9
2
51
19
21
29
24
22
27
7
37
4
45
10
26
10
6
55
5
14
64
27
25
35
28
6
36
42
32
18
4
8
22
13
8
18
15
37
61
8
38
23
3
12
59
5
0
6
28
15
44
73
8
18
32
25
0
24
4
8
1
34
2
31
9
16
54
0
30
12
27
35
35
10
17
17
6
2
13
15
37
13
21
13
18
15
9
14
35
23
19
7
6
22
15
6
11
9
11
46
7
59
2
13
19
5
37
2
6
6
49
8
4
16
31
7
21
29
11
5
13
7
6
3
30
15
12
1
18
5
19
1
56
6
7
4
23
16
21
14
13
16
2
13
42
10
26
18
1
0
14
33
25
11
16
24
34
14
33
13
9
14
1
46
16
24
16
21
31
9
15
16
20
10
18
24
0
4
19
6
11
12
24
15
19
19
24
19
21
7
5
6
40
1
2
21
12
17
6
12
12
17
11
1
19
4
4
31
28
47
3
5
20
13
6
18
5
8
25
55
17
26
5
27
17
20
9
7
45
17
5
9
12
17
15
11
50
17
32
12
60
10
16
13
4
14
13
17
4
20
24
36
30
22
26
10
16
8
13
7
33
4
5
40
1
26
21
10
16
11
17
33
4
17
2
20
19
5
16
4
20
39
3
15
23
7
43
14
0
6
21
20
7
41
8
2
15
12
27
10
15
17
12
4
24
14
6
27
24
1
37
1
16
20
36
5
3
13
13
8
5
27
28
10
4
9
9
5
1
7
24
7
15
9
3
26
9
4
17
12
9
1
6
12
28
18
23
46
22
10
7
15
4
25
22
4
14
3
6
25
14
8
16
1
19
22
16
13
5
9
2
22
7
4
22
33
1
19
1
33
5
0
20
16
19
12
42
3
19
21
2
4
3
22
15
18
8
4
3
10
14
7
9
25
5
5
32
19
1
7
14
7
2
2
16
24
18
12
12
7
0
13
11
15
5
3
13
5
30
1
3
8
5
2
25
11
15
30
5
22
24
0
17
7
4
10
17
21
19
4
6
11
13
2
2
2
2
4
16
12
12
11
10
16
23
23
16
7
5
13
21
7
12
21
8
4
6
16
2
24
17
1
9
12
10
2
20
1
5
12
12
13
7
7
25
6
5
7
6
24
3
9
21
4
8
9
10
9
23
0
7
9
7
0
19
7
1
21
0
29
12
5
9
2
13
5
3
11
9
5
3
15
13
13
1
3
2
15
2
1
12
0
17
1
3
2
11
9
1
10
12
22
10
8
4
5
2
12
6
15
13
6
3
7
1
12
6
0
7
1
17
10
8
5
15
24
5
6
13
3
14
9
5
16
3
3
3
3
9
4
2
3
6
5
1
1
2
11
2
9
3
2
7
2
3
3
1
3
2
3
5
2
1
1
3
6
6
8
0
6
6
2
6
5
10
1
10
8
2
9
3
2
5
1
1
9
5
3
3
0
2
3
1
0
0
0
0
0
