2
2
12
3
5
6
1
12
12
4
9
1
6
26
10
1
4
2
32
11
3
3
14
23
1
12
1
45
5
3
9
2
6
5
10
18
19
7
6
16
0
4
8
43
5
14
6
12
6
14
28
8
6
5
7
18
2
19
4
8
3
5
9
6
1
3
3
28
27
2
6
11
12
15
7
10
14
0
0
14
4
1
24
8
8
6
12
10
22
28
9
0
10
14
24
1
13
19
15
6
3
18
15
5
31
7
2
6
6
4
20
18
30
31
9
21
27
7
3
4
9
3
22
18
12
3
8
7
19
5
2
5
1
5
6
7
5
20
5
14
3
9
0
8
1
18
21
8
9
17
18
2
22
5
4
4
30
11
14
5
5
1
11
11
3
14
12
11
8
2
18
10
5
10
8
19
21
8
9
3
2
11
2
4
2
4
17
12
9
7
12
8
3
6
10
14
6
17
2
7
9
8
18
0
7
17
1
8
2
4
1
10
0
3
6
17
3
10
21
2
2
5
8
0
0
2
5
1
2
4
3
0
4
8
4
1
1
5
9
6
14
5
1
1
6
10
7
5
8
11
3
5
6
4
12
1
8
6
1
4
2
0
5
4
1
1
1
2
0
7
2
1
6
2
4
4
1
5
1
1
1
8
1
1
10
0
1
1
0
0
