5
70
47
33
3
55
18
35
32
71
20
1
122
20
40
13
18
31
2
11
49
32
10
174
5
86
0
46
1
14
45
7
11
50
28
15
22
40
57
22
34
99
1
40
64
38
19
28
31
42
39
7
76
14
19
33
49
1
41
50
33
39
54
75
39
56
40
17
45
24
39
11
59
12
36
73
32
59
23
3
37
61
37
7
20
16
68
83
59
43
88
57
53
14
42
38
45
38
20
99
49
3
14
17
47
19
21
107
16
9
99
4
11
19
55
84
29
14
3
71
52
89
26
29
8
21
63
8
56
15
17
32
95
8
54
4
14
22
87
47
34
60
40
17
40
89
108
4
43
52
25
77
10
54
38
89
2
4
8
80
43
91
131
4
52
36
5
11
4
41
7
29
10
68
58
29
3
5
5
19
66
26
1
96
18
49
20
8
5
49
143
26
35
11
48
90
11
40
68
68
15
116
77
61
32
31
69
64
7
15
48
8
44
33
6
73
2
5
29
8
31
4
52
45
44
39
21
59
19
8
107
4
57
50
83
66
3
21
6
31
5
19
29
41
18
42
7
26
43
21
50
75
70
13
6
124
8
27
29
44
7
65
15
64
7
34
0
86
79
10
15
61
42
102
23
27
49
5
60
36
44
53
21
3
35
98
99
93
55
30
25
57
12
13
52
22
31
21
86
88
88
60
5
28
50
42
3
29
68
57
87
120
30
5
18
41
34
23
57
21
25
114
59
10
71
30
103
71
170
9
89
17
54
63
1
24
23
18
67
9
24
91
84
5
32
83
1
19
27
59
24
43
12
84
53
11
153
58
64
92
19
2
68
84
5
39
85
62
41
9
2
40
26
81
23
25
6
43
31
18
8
15
4
44
61
40
80
77
65
52
37
76
69
28
27
9
19
4
18
59
38
12
19
47
88
28
111
10
56
38
24
29
6
3
14
47
59
54
27
66
61
7
107
14
39
9
81
98
28
77
30
42
63
12
18
43
74
17
105
35
47
68
28
31
7
20
47
7
12
5
2
102
7
38
146
6
48
15
68
35
102
31
41
56
25
42
51
72
17
83
124
96
44
4
59
71
1
34
34
18
48
5
2
18
24
88
57
55
6
87
93
21
26
36
91
16
25
33
29
89
24
31
42
24
29
40
17
31
66
22
60
59
3
45
21
71
30
23
40
33
65
82
116
50
13
79
21
30
40
27
15
32
32
39
30
124
98
1
40
25
7
15
70
46
51
47
50
7
156
69
71
54
63
65
39
20
18
32
45
41
36
8
18
80
30
97
25
45
17
123
12
27
25
31
77
62
1
87
27
16
31
20
17
30
24
65
10
15
40
8
41
61
14
89
36
52
27
113
35
68
33
7
11
70
114
49
10
115
37
37
44
61
44
61
4
33
37
34
59
89
21
14
35
120
21
56
91
58
43
7
112
7
17
1
6
18
50
12
88
77
11
22
23
53
72
41
20
22
40
22
15
65
50
9
99
54
24
18
59
42
18
3
53
12
24
56
72
61
88
33
43
21
23
35
53
55
62
17
21
18
18
56
29
20
100
3
24
62
75
2
74
2
15
14
39
34
133
13
31
51
35
48
14
61
72
62
0
22
97
26
38
18
94
47
9
19
56
44
50
1
63
13
29
2
77
47
21
51
94
44
28
54
62
46
80
76
53
40
66
70
46
10
17
2
27
4
16
57
84
3
24
94
17
110
3
47
34
3
50
26
48
73
109
49
64
12
76
58
18
14
13
24
25
53
18
3
36
53
3
31
61
13
13
43
17
25
1
5
64
89
28
55
13
28
75
29
31
27
11
23
54
10
64
59
6
72
13
52
6
53
17
40
97
55
51
12
31
33
23
12
22
16
1
42
92
48
46
28
15
137
11
15
28
65
95
10
5
54
16
39
25
9
2
10
130
7
35
51
37
6
7
27
61
123
34
56
19
69
3
53
14
6
19
47
16
39
30
55
1
32
32
23
14
17
39
5
11
18
47
49
30
60
65
11
16
36
11
48
55
18
9
17
28
17
12
81
60
51
12
78
36
55
76
5
92
72
18
18
30
37
33
27
84
4
39
43
3
58
31
14
5
57
10
20
23
10
1
34
6
15
40
14
57
12
77
52
45
58
42
69
29
58
34
1
12
39
101
0
2
54
19
11
62
15
25
17
40
11
28
6
11
16
8
22
5
125
36
75
31
30
98
17
70
67
48
30
41
53
21
27
19
14
64
78
33
0
46
29
39
1
29
32
57
38
54
69
23
6
2
13
15
41
8
5
22
61
22
72
50
85
90
40
22
18
50
17
27
53
16
24
37
50
30
10
3
7
84
26
17
23
21
108
22
124
7
74
60
3
44
60
13
78
17
30
37
16
8
18
30
47
34
11
14
16
16
6
69
82
34
3
47
35
80
25
28
34
24
23
8
78
51
44
52
7
2
1
72
34
72
12
87
42
21
4
75
50
15
48
33
8
38
10
29
4
9
98
20
36
20
51
30
18
3
13
50
46
39
1
71
17
53
11
5
38
39
29
33
24
13
15
67
37
76
9
41
31
0
32
79
31
18
9
15
34
46
63
4
54
1
9
63
35
34
14
12
9
49
97
36
30
15
38
26
30
20
15
3
5
13
7
8
37
42
33
10
24
112
50
38
3
26
40
20
43
31
66
13
50
29
2
8
35
80
19
46
5
1
32
6
44
2
66
37
16
64
35
19
68
23
26
38
44
18
16
15
24
31
62
52
27
4
11
12
99
4
32
16
35
6
21
16
47
61
21
32
2
18
1
26
28
22
62
8
3
110
2
55
13
52
69
45
42
30
6
19
22
58
37
13
15
38
6
18
40
21
48
48
52
18
2
41
30
16
21
60
8
50
28
20
8
9
29
11
70
14
39
50
55
27
44
0
34
28
46
10
90
27
64
80
34
12
10
28
51
17
32
43
50
53
7
13
27
54
22
22
28
63
21
13
116
113
18
6
36
47
57
41
53
124
16
1
55
80
17
38
23
30
15
17
24
13
32
37
31
27
26
4
55
12
5
78
18
52
10
72
86
29
4
59
27
79
19
22
5
70
14
17
96
37
78
6
34
37
66
18
18
35
31
14
20
4
19
5
44
7
77
13
13
1
44
33
5
38
25
19
33
10
27
3
50
100
39
17
38
12
32
8
59
31
6
20
72
10
5
48
43
6
19
21
16
28
46
11
18
38
8
75
11
61
47
83
50
21
39
10
60
24
37
26
3
52
9
17
23
35
0
23
25
65
2
0
27
71
24
30
57
12
3
27
44
65
26
23
39
58
9
66
60
2
4
23
30
10
2
45
46
8
11
5
35
11
9
34
54
6
7
65
62
8
46
49
37
32
36
55
49
24
23
15
44
17
24
22
1
19
35
40
56
4
23
7
11
18
3
56
54
13
28
13
10
53
3
66
43
25
36
9
60
7
14
59
27
5
35
49
29
88
18
5
11
9
33
29
35
16
3
0
44
22
5
8
6
46
56
27
19
24
46
41
85
29
10
51
69
18
16
8
20
6
10
14
64
20
2
27
8
35
33
48
6
32
6
44
27
31
29
9
3
39
3
20
27
49
22
1
2
62
55
26
30
35
63
52
43
7
1
19
2
48
41
10
84
60
3
46
70
20
58
54
10
20
0
9
105
4
11
32
3
9
21
26
56
65
60
54
6
22
30
30
17
23
62
13
17
31
50
43
44
31
37
44
8
75
23
12
79
17
75
56
50
7
47
42
13
14
45
41
4
5
5
36
9
37
14
22
7
25
58
31
40
14
51
37
53
61
47
21
18
7
28
88
11
57
16
11
15
24
80
51
82
6
10
18
24
41
56
1
32
21
4
18
63
22
15
44
3
30
64
2
3
20
4
18
45
51
41
33
77
95
1
42
11
8
25
13
39
33
22
70
63
24
13
43
27
26
88
40
9
34
63
26
4
17
11
8
3
45
6
14
6
29
28
12
0
39
62
29
15
13
68
10
12
11
11
7
14
0
54
37
6
37
40
12
5
5
37
6
61
35
75
52
27
48
27
14
4
3
22
48
3
1
8
1
69
29
100
49
17
23
2
22
0
40
16
14
44
56
39
45
14
14
11
28
8
2
30
21
31
59
0
15
14
25
2
11
26
8
50
15
15
34
12
17
13
31
62
64
2
32
10
36
9
14
18
31
14
46
24
20
11
51
63
14
12
2
23
7
25
9
44
33
13
13
10
19
39
60
4
28
44
26
23
35
41
17
4
18
22
45
50
28
50
10
17
31
82
37
13
72
0
30
3
6
29
60
16
10
11
28
39
16
15
8
18
28
12
24
34
10
8
9
23
10
29
34
17
61
15
15
12
5
52
2
24
41
25
9
40
37
48
9
22
13
19
37
17
13
20
1
49
16
12
38
15
25
31
55
42
35
23
23
3
15
47
27
38
19
13
18
36
7
18
2
11
52
5
76
23
5
17
34
13
25
51
11
20
34
5
19
17
34
31
22
77
3
5
33
39
37
11
11
30
35
5
19
3
24
10
52
15
2
16
17
15
7
14
55
49
42
5
30
12
16
30
37
39
27
8
28
22
2
23
17
0
6
7
2
20
1
38
5
14
17
28
7
20
15
68
2
1
22
16
17
42
42
37
30
53
80
22
16
19
15
7
3
14
23
22
7
46
34
1
31
3
12
22
44
4
19
66
39
13
6
42
7
1
16
2
72
4
50
9
37
1
16
21
28
14
12
16
37
49
2
25
26
3
36
5
15
15
9
12
9
4
56
47
23
5
11
29
7
3
11
18
42
23
10
37
16
23
3
44
22
2
2
34
46
10
22
41
26
56
13
13
15
8
8
42
39
14
0
37
2
10
14
20
40
36
63
27
9
12
18
16
2
2
30
5
2
26
44
4
17
31
3
9
25
16
9
41
27
40
18
7
32
28
3
13
15
17
25
46
10
59
21
37
59
12
33
47
43
55
63
4
19
7
2
16
17
16
38
36
1
36
10
3
2
9
24
41
42
12
12
10
63
20
1
35
47
28
26
14
14
2
4
15
18
61
0
8
9
5
11
33
37
18
24
11
18
36
8
44
13
12
51
45
32
28
30
8
28
42
11
19
4
28
7
5
1
57
25
3
10
33
23
25
39
69
14
11
10
51
68
9
3
8
34
1
16
5
30
30
3
25
20
15
21
19
4
20
20
8
4
11
59
17
35
26
25
41
1
12
9
10
10
2
11
35
46
20
42
24
26
7
33
12
42
18
25
22
18
37
9
8
15
20
1
19
9
6
39
20
36
3
14
13
38
28
39
18
1
13
18
12
0
15
9
29
45
17
3
2
13
19
13
16
6
36
7
13
25
35
1
14
2
5
7
1
53
4
30
12
4
35
41
7
12
36
0
23
11
3
10
11
4
1
18
6
35
7
26
13
3
14
5
38
35
9
11
25
14
14
1
5
21
0
11
2
19
8
35
32
24
23
4
37
63
7
21
40
8
1
13
5
10
23
23
36
9
21
11
1
8
22
23
11
7
7
14
23
2
17
8
2
11
38
8
9
17
15
13
49
8
33
17
42
13
24
59
8
5
23
23
11
32
16
11
23
42
3
32
23
19
26
4
37
20
7
16
7
2
5
17
8
4
4
18
2
2
15
7
15
19
11
21
0
12
42
7
6
38
40
1
9
11
9
35
15
2
58
22
5
3
6
27
5
13
19
18
29
1
2
8
12
1
1
23
29
10
31
7
2
1
22
12
23
1
2
11
11
2
25
2
33
17
13
12
3
15
8
3
6
21
14
7
34
10
4
39
5
27
7
19
35
29
52
14
4
2
5
19
28
8
19
17
25
50
33
10
29
18
3
13
14
12
10
4
7
9
1
26
8
12
8
27
4
10
6
8
15
17
19
0
14
39
14
25
48
1
8
14
18
0
13
37
26
12
12
4
1
9
6
2
15
15
23
5
34
15
14
14
8
19
13
12
12
14
4
20
9
14
6
17
23
2
35
11
8
9
2
18
18
8
4
10
29
19
21
5
22
22
16
28
23
9
20
8
18
15
19
2
18
1
8
15
19
4
23
0
5
10
37
6
0
2
23
34
25
1
12
5
7
22
10
13
4
4
30
12
6
9
22
25
8
6
3
9
19
4
14
14
5
8
1
20
0
20
3
15
19
4
2
17
24
11
1
1
21
12
0
8
24
11
2
6
5
15
5
6
6
20
6
5
9
2
28
12
15
9
1
16
2
20
6
25
0
7
5
7
5
2
20
3
20
7
6
10
7
15
12
7
17
1
2
2
6
10
16
1
17
12
14
3
3
14
7
2
3
4
6
13
2
2
6
3
5
14
6
11
7
11
11
4
14
2
14
4
6
4
3
7
16
6
0
6
1
7
9
10
14
4
16
13
16
9
10
4
6
4
2
1
5
2
7
5
5
4
1
4
4
9
4
17
2
12
7
1
4
4
1
0
7
2
0
8
5
9
6
2
2
3
5
1
1
5
10
5
1
6
0
5
2
5
6
4
3
2
1
1
1
3
4
1
3
0
3
1
5
4
3
1
1
4
4
1
1
1
0
1
1
