50
43
30
17
13
14
3
5
40
6
17
3
34
27
2
11
14
145
6
15
2
125
76
19
19
41
47
6
21
72
5
24
32
11
43
20
35
26
5
39
57
31
32
2
13
4
17
33
60
8
6
16
78
48
44
4
29
23
30
35
105
34
44
21
35
78
26
43
4
56
88
48
76
19
6
64
16
71
41
57
48
6
2
0
33
33
25
30
26
19
43
141
20
11
51
7
4
6
73
3
13
63
26
54
7
62
55
2
26
13
32
4
22
0
2
87
77
18
1
36
6
38
67
29
1
72
47
45
57
80
130
73
14
37
13
15
50
72
11
21
13
60
61
50
4
39
8
21
30
77
0
16
43
23
10
23
49
20
39
35
29
62
24
49
13
6
16
80
43
40
16
3
48
31
9
13
94
42
9
143
39
8
26
14
14
18
95
21
119
107
9
1
103
72
26
43
79
64
47
24
27
9
8
12
8
20
88
60
129
41
46
57
16
6
6
15
17
14
79
82
22
32
50
19
13
67
26
42
31
5
55
77
17
70
12
4
26
32
4
21
11
58
13
127
65
21
24
3
40
9
29
42
61
37
27
19
19
30
23
36
80
55
70
46
47
25
1
6
71
10
45
57
77
11
81
14
123
2
16
88
6
66
40
70
105
80
10
16
50
89
37
8
51
30
130
18
44
17
6
36
52
11
88
46
73
5
30
7
8
25
7
57
21
42
50
37
75
19
6
2
48
3
14
3
82
43
52
65
85
127
58
81
27
77
77
3
72
20
105
27
14
42
4
51
16
15
14
6
0
70
8
5
123
2
5
11
3
56
28
26
62
19
18
6
39
84
77
36
16
55
51
31
74
35
45
16
24
1
13
6
45
75
16
58
17
18
13
8
81
27
70
37
21
77
87
8
3
16
17
17
98
56
31
24
17
40
27
46
58
30
10
39
28
70
10
42
7
21
94
24
80
24
59
6
74
7
10
13
46
5
21
85
32
53
3
33
127
41
97
66
27
42
60
43
32
60
39
74
17
14
11
28
19
5
37
80
47
31
15
117
16
13
56
96
95
65
38
36
27
15
71
58
67
54
39
22
26
25
48
47
43
4
42
54
6
26
70
17
19
115
24
9
37
9
39
74
8
8
42
7
82
48
40
70
99
72
14
47
28
31
47
60
35
31
9
16
12
42
25
71
78
27
28
46
13
12
101
28
46
5
8
12
63
12
17
25
41
15
91
25
72
50
44
7
33
75
74
41
1
19
25
4
65
7
53
6
28
1
51
51
62
77
37
48
15
9
30
14
16
37
28
28
18
53
4
7
57
69
9
15
84
43
65
62
1
18
37
26
14
50
81
3
16
12
80
11
16
27
54
60
41
53
95
37
39
96
71
24
26
53
61
18
2
44
51
13
5
46
12
9
19
57
103
43
22
18
59
29
8
37
26
27
70
17
21
24
11
77
45
28
25
22
35
44
17
6
6
10
9
14
62
17
52
17
86
13
5
38
40
35
16
26
58
23
127
49
77
36
24
97
55
25
12
140
14
56
28
90
5
59
32
31
25
36
95
36
17
89
70
30
2
9
3
48
69
60
23
22
8
20
46
7
9
25
16
34
74
102
28
41
46
63
12
14
1
30
79
120
101
6
9
30
24
33
34
4
0
50
26
7
13
8
27
4
60
63
46
57
42
65
35
32
73
59
2
2
15
15
2
44
54
98
1
43
55
6
68
76
6
11
62
1
21
9
30
54
36
85
33
7
76
20
10
2
82
33
24
109
62
0
37
26
50
11
36
8
17
3
15
11
49
94
13
49
101
38
20
132
21
18
61
41
21
6
88
19
45
7
69
22
68
1
118
14
80
25
5
51
27
101
17
79
33
96
10
57
31
1
15
23
43
9
89
50
34
30
71
10
53
35
52
65
24
33
44
78
21
32
2
13
23
53
84
83
53
63
29
61
17
43
27
11
14
47
5
37
27
49
39
24
10
18
10
73
119
41
70
57
67
17
80
43
70
19
24
25
23
54
15
86
20
158
33
69
33
27
34
2
47
84
9
76
54
24
10
70
76
13
50
28
26
48
58
28
24
37
67
5
47
64
24
45
15
10
18
24
12
88
13
11
66
33
35
49
15
81
52
99
25
66
65
68
39
24
91
54
102
15
1
45
75
29
2
15
78
21
67
27
47
2
54
33
2
17
10
40
5
19
61
75
65
4
61
27
35
30
14
100
27
1
3
27
34
66
11
22
66
59
10
31
85
51
11
2
39
27
24
25
3
72
26
40
29
86
26
18
1
12
77
19
24
20
43
78
60
4
57
64
38
27
96
0
57
36
31
102
3
18
10
8
51
65
30
107
82
33
51
28
49
37
24
29
99
46
40
32
46
72
108
5
10
0
62
43
37
29
11
4
45
56
34
88
4
25
15
2
19
45
22
32
108
79
1
86
17
4
52
71
39
10
22
33
42
56
0
21
7
37
3
11
49
32
63
23
50
78
29
29
23
11
30
58
120
31
28
8
24
21
39
10
14
26
19
25
15
43
13
91
59
11
11
15
38
18
17
54
8
10
62
46
33
22
130
52
47
29
25
13
3
17
1
85
20
7
4
0
0
56
87
18
4
71
40
61
26
22
36
52
63
42
2
28
58
8
13
4
25
109
3
31
42
73
61
5
47
69
42
99
3
27
38
5
11
22
27
19
20
0
66
28
13
36
4
6
11
55
28
3
20
36
26
47
20
66
28
62
1
23
22
49
14
29
15
81
62
4
32
21
18
17
11
23
37
13
1
50
109
37
86
12
38
6
17
0
32
10
24
19
49
5
34
5
36
17
35
75
3
52
16
34
35
31
13
22
59
8
17
27
13
10
31
89
37
43
45
26
14
39
22
19
20
36
59
19
56
3
26
20
62
57
21
72
60
6
2
22
44
74
21
10
37
41
47
9
58
29
29
20
18
17
48
8
32
20
4
44
51
8
12
34
38
56
52
1
63
8
5
1
8
108
25
40
1
57
23
20
28
6
34
52
36
14
36
20
8
62
82
37
26
17
59
6
21
17
59
7
33
1
19
12
4
34
49
37
58
51
68
7
24
32
19
23
43
41
29
7
69
37
5
25
36
22
4
15
21
8
29
2
50
23
29
0
41
87
5
52
40
0
11
15
38
33
52
80
63
1
2
33
10
34
25
35
9
34
12
6
33
52
22
5
34
32
17
39
47
12
0
8
37
2
61
60
28
12
46
73
38
36
57
14
51
5
24
68
35
13
90
9
44
5
7
35
44
17
25
24
24
27
57
117
80
51
3
37
108
14
55
23
48
99
18
5
6
56
67
7
10
30
64
38
31
16
20
41
43
14
1
24
32
14
41
41
24
1
22
31
16
49
40
38
4
46
57
80
15
69
35
16
39
15
24
22
58
8
38
26
24
41
4
5
32
6
21
70
33
46
42
62
33
20
53
38
14
1
8
19
11
11
1
27
30
8
29
56
18
10
0
14
43
49
21
37
28
78
76
18
13
37
114
53
9
22
20
33
83
18
22
23
15
77
59
73
34
48
55
26
16
50
33
24
35
69
19
33
5
79
38
22
19
11
25
40
102
16
28
17
32
16
45
0
38
10
14
68
48
9
29
29
47
12
23
16
1
43
18
3
41
89
51
35
66
69
25
6
9
29
27
10
39
37
65
6
30
14
49
9
25
35
6
60
1
22
10
8
40
41
13
60
9
41
8
36
7
11
22
32
20
8
21
39
9
7
76
36
16
24
26
27
34
44
23
13
17
42
11
10
1
19
54
4
24
71
51
23
58
61
2
6
38
5
17
18
18
15
46
49
5
47
1
1
69
15
22
10
26
34
78
66
44
14
28
18
54
35
20
10
2
36
43
21
8
62
117
18
7
26
24
20
58
68
49
59
41
17
14
25
65
49
72
27
18
24
18
6
23
34
22
14
3
33
8
37
28
11
5
4
4
10
3
5
17
15
32
44
58
30
41
5
16
22
4
38
2
42
24
74
94
50
73
49
76
78
46
8
22
29
15
2
21
26
39
39
3
0
51
48
74
14
20
19
95
14
6
31
47
47
4
28
27
44
15
19
53
27
28
27
37
7
18
3
3
27
69
21
1
12
2
31
29
40
27
44
34
27
14
30
17
30
4
24
48
37
44
53
12
22
26
14
2
12
7
6
31
5
18
22
45
43
48
20
64
23
61
37
35
24
28
45
55
26
10
25
4
9
19
3
45
54
31
83
7
4
21
27
20
11
74
49
4
27
37
19
24
36
1
46
87
18
15
2
75
1
48
8
10
7
29
25
81
50
47
30
25
25
16
8
29
5
16
40
62
12
51
16
2
8
21
7
12
39
78
27
9
14
21
25
12
26
49
20
18
28
24
55
32
35
10
54
18
3
37
60
2
38
14
36
23
33
19
10
9
5
11
20
13
3
5
31
7
16
6
34
14
21
49
43
55
12
36
9
63
73
54
12
13
24
31
53
18
18
12
63
8
49
16
25
4
18
38
21
33
58
20
18
16
8
25
32
4
19
24
6
35
59
13
12
42
28
37
0
41
65
48
9
57
33
27
3
13
6
20
27
0
18
33
30
43
16
33
17
5
11
22
49
72
20
9
31
1
27
18
55
26
1
10
28
25
19
1
1
20
12
7
9
35
69
21
14
21
18
28
36
3
13
12
26
22
65
26
31
3
5
50
17
44
7
26
21
7
26
35
39
31
2
15
15
41
8
22
27
34
22
41
15
41
27
8
10
23
6
9
84
43
28
1
50
28
1
24
35
18
10
7
43
16
32
52
12
46
33
10
4
6
16
44
47
7
16
21
93
48
28
8
21
13
12
16
20
57
28
4
58
7
19
25
19
9
9
26
8
2
62
44
19
13
11
12
6
4
22
3
20
49
26
1
22
52
13
51
19
1
28
22
7
8
13
7
19
27
5
38
40
13
10
8
28
33
41
3
36
10
18
23
7
18
21
21
6
34
35
32
4
12
42
54
1
22
10
4
9
8
32
8
22
54
9
33
52
37
18
47
83
15
34
13
29
13
3
5
52
1
5
24
10
24
15
43
9
23
10
42
22
14
16
74
30
2
7
22
29
27
10
43
10
10
17
9
27
13
53
57
39
9
12
12
23
14
53
21
14
33
56
43
1
23
15
1
7
20
3
7
13
27
24
3
21
16
6
26
23
18
72
7
1
2
21
7
15
12
11
25
17
20
12
28
2
13
36
34
4
23
19
11
30
30
30
19
9
31
2
6
18
32
28
33
25
20
23
12
39
20
10
23
32
14
18
2
13
9
25
27
6
17
7
16
8
67
9
1
18
65
18
10
24
18
25
45
5
12
31
54
41
32
32
10
0
36
29
22
19
0
10
19
15
12
1
28
14
12
18
48
9
25
2
6
11
4
30
34
0
40
15
13
12
4
22
9
3
5
4
38
26
11
30
21
18
2
23
7
38
11
18
7
40
6
5
24
14
7
7
25
6
10
5
3
0
10
34
38
7
12
10
17
2
10
27
14
15
18
11
4
32
4
11
31
25
35
4
11
30
7
4
12
13
27
10
18
9
4
18
21
8
11
36
30
7
23
36
5
24
11
19
17
29
7
14
16
7
4
28
1
9
5
6
26
9
6
9
13
21
18
24
14
2
14
24
12
14
13
19
5
15
15
21
5
1
34
13
28
20
12
28
26
25
8
11
36
35
42
14
23
1
11
9
4
9
20
14
15
8
17
26
19
5
14
10
5
25
8
39
48
18
23
20
7
10
1
20
1
12
8
4
2
36
1
23
44
23
14
7
12
28
9
16
14
23
1
3
16
5
3
6
16
19
6
8
26
8
26
1
21
7
4
1
8
32
31
21
19
1
33
1
4
24
22
5
21
12
12
4
6
8
21
4
21
10
15
13
21
26
3
8
11
29
11
19
53
12
23
8
20
7
10
1
29
28
2
11
8
2
5
8
11
4
24
12
9
7
1
4
11
43
9
1
26
39
6
15
2
21
19
9
26
19
6
6
0
25
5
5
13
7
2
4
14
0
17
19
11
14
34
1
5
19
28
4
19
11
39
18
0
19
8
8
11
4
9
31
13
4
14
2
11
5
16
8
16
13
2
33
2
4
3
3
32
10
14
7
27
27
16
12
15
8
6
9
3
10
4
8
9
7
21
33
2
15
10
8
19
6
7
11
7
2
4
8
2
15
3
10
12
0
9
36
5
15
10
2
23
16
4
7
7
2
7
11
3
0
8
7
12
6
14
0
32
11
5
5
0
1
10
15
15
5
16
6
3
12
10
13
3
15
18
11
7
9
6
13
7
15
15
6
8
9
4
13
11
8
6
8
3
20
1
5
1
6
7
12
2
7
4
2
20
20
1
3
14
27
4
1
1
16
2
4
4
1
5
10
3
23
6
6
7
7
11
6
25
14
3
1
7
2
8
3
5
1
6
5
2
13
4
4
11
0
3
9
11
9
7
3
5
5
3
5
5
4
3
17
2
12
10
2
1
2
6
1
2
3
2
7
5
4
3
0
4
3
7
1
1
4
1
1
2
6
3
5
5
1
3
7
1
5
2
1
2
2
3
1
3
0
