12
30
1
31
1
21
64
58
38
82
89
18
55
36
23
37
27
45
16
12
39
40
12
4
51
8
15
1
23
15
55
1
11
5
35
82
30
43
3
159
18
16
36
46
10
29
2
5
35
30
40
16
8
67
22
86
3
76
58
36
3
52
35
39
20
82
58
47
21
65
43
41
71
17
13
31
61
4
60
24
12
75
64
19
45
1
46
51
30
35
2
41
10
7
6
18
4
52
2
25
102
14
86
114
67
50
31
1
17
33
48
17
56
56
59
86
49
12
47
8
71
1
17
11
7
43
23
46
52
33
6
43
11
111
29
18
41
80
93
46
10
18
33
5
46
26
113
19
16
66
73
42
24
27
47
73
5
3
4
26
35
60
48
62
80
21
99
28
46
97
61
92
77
108
58
66
34
67
3
3
10
36
12
46
0
12
17
136
89
79
67
1
38
29
56
9
65
102
63
39
60
45
98
23
8
15
3
8
3
31
53
34
29
76
36
64
42
25
16
22
24
6
95
29
9
46
7
21
7
3
66
51
32
39
25
72
18
24
71
53
52
6
92
80
45
2
33
81
64
39
16
57
63
7
46
88
8
85
7
23
10
40
82
111
77
58
48
73
25
21
54
71
8
37
115
36
11
32
81
74
27
34
68
34
22
70
30
40
15
26
23
34
68
47
9
58
36
23
33
63
40
51
24
21
22
7
7
27
50
15
13
5
45
86
60
27
21
35
110
13
49
51
3
1
41
7
51
51
93
57
39
2
15
28
47
61
15
2
28
11
8
57
11
74
24
35
30
50
31
13
67
13
97
35
52
13
19
7
27
46
4
70
76
49
68
35
21
56
1
56
7
48
61
52
9
15
30
72
17
40
2
52
7
34
43
10
18
24
34
20
20
14
19
79
90
42
19
3
6
15
10
8
36
74
25
15
76
104
67
30
39
120
12
26
67
3
48
0
24
15
60
50
40
63
11
24
35
45
3
22
46
77
24
80
34
27
94
19
12
9
6
19
39
31
23
7
66
42
27
51
6
10
20
3
12
112
17
22
21
10
62
20
60
5
9
68
5
31
78
29
37
43
19
8
64
24
21
46
9
26
25
12
16
90
22
34
23
74
5
32
48
34
16
34
10
61
2
44
2
30
43
95
55
3
88
75
8
59
64
17
15
9
24
29
75
2
8
7
9
27
35
1
10
5
34
12
36
64
38
10
81
77
3
44
56
115
40
104
40
38
30
20
110
98
31
42
2
27
9
1
90
81
109
92
65
40
15
10
18
27
21
53
7
14
2
29
27
21
34
23
15
38
76
9
18
57
25
14
39
12
69
15
5
4
23
61
3
68
36
105
5
32
50
77
34
6
21
38
45
13
107
30
73
136
32
1
6
74
14
14
41
6
47
21
6
16
6
36
65
33
19
73
87
56
2
76
24
11
30
27
46
4
82
3
63
38
67
13
27
85
36
21
38
12
5
20
54
13
6
59
4
23
9
93
33
70
111
89
11
37
78
20
49
63
49
13
51
38
9
6
4
28
2
19
62
2
51
74
152
61
68
59
2
60
45
5
9
54
21
57
57
43
23
103
39
6
85
29
10
17
80
23
29
10
40
84
48
70
10
42
2
73
44
33
48
33
44
31
16
48
65
6
32
17
39
0
27
65
59
30
27
26
44
71
33
77
4
47
12
25
5
23
14
60
23
14
47
27
63
30
8
28
66
12
46
36
10
18
24
21
23
28
3
33
47
34
55
19
104
6
0
49
68
22
117
47
88
6
47
50
57
43
25
92
74
25
142
47
9
25
35
41
24
26
101
17
30
67
29
27
39
0
19
50
27
38
36
55
59
59
4
91
57
15
12
70
15
33
73
9
62
96
33
0
23
5
36
22
19
23
32
39
18
12
1
18
9
14
54
24
13
22
47
5
28
84
67
1
92
54
20
63
21
13
1
7
78
84
64
84
16
80
65
22
4
21
70
32
37
4
24
14
15
39
39
7
43
38
2
12
65
68
8
47
25
85
24
48
73
87
32
77
20
39
30
14
31
48
1
38
8
24
113
22
10
5
50
45
89
37
67
42
34
3
48
14
108
27
106
35
27
4
56
16
66
54
25
20
24
1
12
11
18
54
28
11
53
7
5
62
16
61
9
56
21
59
58
0
60
24
6
37
81
55
4
39
54
25
47
5
42
30
5
29
27
16
52
18
67
18
34
45
76
7
4
6
58
18
14
7
6
79
90
108
12
27
19
5
50
38
19
47
37
30
46
74
7
22
25
7
21
66
12
39
20
113
1
14
93
56
23
1
7
82
88
16
18
2
15
31
16
52
32
64
64
42
39
62
62
0
18
100
98
24
60
4
68
20
40
38
5
50
28
62
14
7
33
19
73
23
67
19
56
40
8
8
1
81
33
26
1
36
3
41
55
16
25
45
48
10
74
0
4
52
5
32
4
15
14
61
69
2
121
29
37
69
4
29
2
23
90
23
3
36
26
101
14
58
36
67
8
61
3
54
30
46
23
17
74
56
3
16
14
38
29
6
60
51
16
23
53
77
23
36
4
35
53
6
42
41
7
71
37
28
12
17
1
100
87
3
40
34
6
28
60
11
7
31
2
46
47
4
17
28
20
58
11
1
10
55
85
3
28
29
42
9
7
56
36
28
9
42
7
27
41
49
52
15
50
3
75
18
11
21
73
31
80
104
3
5
13
36
17
44
24
45
83
40
43
34
59
23
8
15
32
43
2
64
21
25
12
26
11
1
59
27
50
4
38
35
33
25
29
70
59
11
37
44
21
35
28
26
5
5
20
16
37
14
60
19
16
16
36
29
41
59
8
13
24
3
28
91
35
10
57
53
5
10
22
29
1
1
18
57
38
34
34
56
2
17
52
42
32
21
7
35
54
51
4
16
45
9
73
18
56
35
55
7
46
118
3
42
14
28
7
54
28
76
1
70
24
62
0
13
31
26
7
44
6
2
5
43
5
85
22
60
17
21
60
27
33
29
23
34
1
58
20
32
9
60
2
31
27
56
18
53
8
19
27
8
34
12
67
57
5
42
81
38
38
12
8
12
64
28
11
7
72
7
58
47
8
12
9
16
38
31
80
35
18
58
33
44
16
36
36
18
6
5
59
0
63
12
6
22
60
3
73
29
20
21
6
0
36
30
53
54
4
12
15
32
12
11
8
36
30
45
9
13
21
86
12
13
23
2
53
40
41
22
46
32
9
6
18
10
89
6
49
2
22
70
12
5
30
48
26
21
44
20
8
26
15
31
57
1
6
79
9
46
27
8
14
98
17
20
55
6
30
9
17
14
29
42
4
21
6
85
12
35
78
17
20
34
26
14
3
14
41
88
38
41
12
29
29
34
36
39
72
83
4
26
58
43
17
71
1
24
64
23
13
4
26
26
25
33
28
7
22
4
15
27
19
41
42
2
36
24
13
11
24
44
94
21
90
45
41
41
4
77
31
50
10
98
44
11
27
34
24
33
90
2
15
26
28
56
6
3
40
35
8
24
7
30
9
42
22
45
5
49
26
17
29
26
9
24
69
10
74
98
1
32
1
23
2
26
44
34
5
24
1
1
84
36
21
22
24
30
2
2
4
24
34
32
30
36
34
37
58
4
23
54
38
29
31
26
15
9
4
4
90
23
20
78
32
17
7
5
43
17
18
45
1
6
92
22
13
32
6
34
2
4
13
39
75
27
19
7
42
4
12
40
42
53
7
49
41
86
0
7
65
78
24
7
61
11
57
36
40
10
41
28
38
3
8
3
37
44
31
4
21
3
34
75
19
18
8
27
17
42
30
27
0
3
59
14
29
10
2
28
26
59
9
14
36
9
55
9
45
35
3
27
18
23
15
27
37
32
2
72
44
26
7
105
18
23
41
7
45
3
18
31
5
28
24
6
4
29
14
36
60
23
4
57
42
18
9
54
6
10
27
36
35
30
4
24
21
5
1
6
13
66
22
33
45
9
15
0
3
36
14
38
49
4
8
25
4
30
3
70
10
4
37
19
10
17
32
28
26
39
21
69
18
41
4
9
72
49
6
71
13
29
6
34
19
31
8
19
34
27
4
18
47
1
11
11
11
27
45
3
11
26
23
26
47
23
39
49
2
5
10
42
63
5
58
13
3
16
35
40
9
0
68
19
15
28
11
28
29
15
6
8
3
13
28
32
5
13
11
27
38
11
3
4
8
62
17
62
16
10
14
37
12
50
1
1
46
26
2
26
3
0
38
44
19
30
15
12
9
36
21
25
35
4
16
62
38
19
40
56
15
23
16
15
42
78
13
14
32
4
9
36
20
18
8
41
20
37
28
39
6
23
28
76
15
34
44
13
20
41
33
29
66
27
32
11
4
25
41
25
36
53
23
1
65
36
36
22
13
42
1
0
11
14
21
38
18
32
8
17
23
58
50
33
21
7
66
25
32
41
53
17
6
11
15
12
122
8
3
83
35
10
13
19
11
32
17
32
41
21
7
14
8
18
19
6
36
26
46
22
1
12
0
17
28
44
8
9
18
29
20
9
1
39
6
18
46
10
10
36
3
15
26
25
14
17
32
10
6
18
19
13
42
24
1
8
0
28
5
4
19
5
14
49
38
11
21
7
11
26
30
62
1
15
30
8
42
42
21
20
29
7
12
4
23
8
21
15
6
16
19
7
16
22
20
1
1
7
12
15
50
2
21
79
12
63
20
30
17
27
18
50
25
24
29
2
58
13
16
21
2
15
11
42
60
5
1
39
7
25
21
51
13
7
18
6
32
5
9
4
2
18
28
31
14
22
14
23
34
30
26
22
51
37
9
53
39
2
1
32
43
33
48
3
36
26
37
19
4
13
24
20
1
0
50
8
28
25
27
7
17
19
2
4
18
36
12
2
27
11
26
60
30
18
25
17
4
4
54
50
33
39
40
18
5
32
10
7
2
16
26
5
6
14
61
34
73
0
37
8
0
17
45
24
23
18
9
14
38
41
3
20
31
18
11
24
62
46
25
17
53
34
1
48
12
27
35
28
1
8
8
25
7
17
10
2
12
26
12
30
32
25
11
15
34
6
14
2
13
1
16
67
38
6
42
13
26
0
9
40
17
50
22
21
17
39
47
24
11
25
44
5
3
8
14
30
11
12
5
17
28
14
41
19
1
26
14
1
28
35
17
27
1
8
20
39
75
30
6
45
10
21
20
27
46
18
11
17
38
41
3
15
15
23
5
1
19
3
11
7
11
18
19
17
44
1
15
26
3
29
21
10
34
7
20
24
21
0
17
23
31
25
8
25
16
7
1
1
15
9
7
9
4
12
10
13
5
14
18
56
3
14
28
11
11
14
1
25
44
16
21
7
42
12
9
23
11
21
11
1
10
49
26
14
7
15
13
38
11
54
3
18
6
10
13
16
2
9
44
27
18
1
59
10
20
33
12
38
1
21
11
25
29
13
4
6
12
28
18
4
40
1
21
13
19
4
10
28
16
2
3
12
36
10
12
36
4
20
11
8
26
2
21
13
4
12
26
6
18
54
15
1
5
3
6
13
32
61
7
30
56
17
8
18
40
12
10
37
6
1
25
11
14
14
20
13
3
10
1
45
16
14
11
14
4
48
21
12
5
28
8
16
1
28
7
5
32
26
4
27
14
30
35
49
24
8
14
2
8
6
28
23
54
28
6
14
9
7
34
7
22
33
14
12
9
0
17
10
17
3
11
1
39
7
4
29
23
24
2
0
6
4
26
19
3
6
4
14
24
4
14
5
17
26
27
46
26
0
16
20
16
39
14
3
13
5
1
12
7
36
2
24
14
5
20
12
16
29
21
1
31
8
21
16
4
15
7
20
16
1
4
8
10
35
9
0
9
1
0
20
39
13
11
8
20
8
3
18
8
31
3
26
30
19
9
0
9
10
10
13
0
31
4
26
2
9
4
3
5
2
29
9
18
23
10
1
14
1
26
10
5
24
17
8
11
0
14
11
13
8
29
6
22
7
6
16
10
29
5
12
5
11
19
7
15
12
16
3
14
36
34
3
6
21
10
6
1
15
2
10
10
14
9
3
13
8
6
6
3
9
6
7
7
4
11
8
8
4
10
10
5
12
2
13
13
21
15
9
17
4
8
3
9
32
3
1
10
7
0
4
3
34
0
4
21
7
2
17
14
2
0
19
15
2
20
3
16
30
11
6
13
4
24
24
4
5
12
7
7
16
1
7
8
24
2
19
1
10
3
1
4
20
16
14
5
13
23
6
3
17
2
5
9
34
5
7
8
5
9
4
11
14
2
31
22
11
16
2
11
9
6
15
2
16
7
2
5
19
5
11
4
13
10
2
21
5
18
0
19
12
8
21
15
5
17
1
17
8
3
1
7
1
6
13
13
2
6
15
8
11
11
1
2
2
17
13
9
4
17
1
3
15
13
4
13
23
4
7
2
6
13
2
7
7
7
5
12
1
7
4
4
8
17
1
1
1
14
3
5
7
4
10
12
9
7
8
5
1
3
4
11
10
6
11
14
5
14
1
11
4
3
1
3
4
6
1
6
6
11
3
5
2
7
6
3
7
13
1
1
1
6
0
0
5
1
2
0
3
2
2
5
3
0
0
0
2
1
1
2
3
1
2
