51
55
19
13
26
19
49
32
11
39
2
16
6
19
0
12
45
15
13
8
2
12
57
54
29
3
18
12
8
60
65
37
40
24
51
30
2
37
10
13
40
33
2
30
9
20
16
9
6
57
33
9
49
65
10
117
7
16
54
34
37
53
5
58
17
19
67
27
36
11
80
2
20
8
1
93
80
1
42
16
45
80
53
40
21
43
58
9
10
57
1
84
34
74
49
45
49
38
8
16
17
47
92
6
30
6
21
64
4
117
37
27
42
124
61
0
24
51
4
48
31
11
40
2
87
18
13
32
86
207
21
26
12
33
64
47
29
112
52
15
13
9
10
43
25
16
76
24
12
67
16
53
26
50
121
15
38
12
28
126
44
53
11
33
76
98
2
28
67
50
7
96
85
44
59
43
4
24
91
51
8
50
69
42
46
19
98
76
23
47
48
4
36
38
32
39
42
35
7
28
41
25
44
45
55
42
54
105
71
68
75
26
31
87
28
25
25
28
19
19
11
108
1
28
47
27
18
24
44
27
56
36
26
10
58
15
12
18
10
42
47
21
72
18
66
31
4
39
65
70
14
108
55
20
41
43
43
69
29
7
37
4
54
24
128
30
49
21
43
5
13
10
114
43
19
10
20
54
71
8
10
25
50
12
31
7
15
95
40
79
78
1
77
93
3
41
111
20
16
43
87
70
17
113
24
11
61
27
17
49
54
86
7
7
4
3
36
45
158
1
2
8
46
55
54
22
49
58
3
19
26
67
95
25
10
5
13
13
1
12
0
8
18
33
29
7
10
30
27
70
1
37
43
46
54
41
37
39
22
25
17
7
59
19
9
45
25
63
41
111
7
32
11
27
88
31
37
32
26
34
121
14
27
1
19
16
51
25
3
100
10
17
62
40
38
48
25
95
3
13
30
84
22
109
90
34
17
35
55
26
51
44
17
40
11
7
14
28
22
14
6
38
9
51
12
59
25
38
12
9
103
6
17
72
22
68
8
28
105
49
41
62
64
25
19
10
12
21
49
77
41
94
58
34
31
46
15
26
22
54
34
76
66
24
2
57
51
2
63
25
43
36
79
56
51
23
48
5
18
7
22
51
18
34
34
74
25
11
2
18
32
80
22
23
26
10
115
67
41
4
23
22
155
4
31
47
56
31
34
21
19
74
60
9
22
67
1
41
56
51
31
2
41
2
42
79
63
80
40
19
17
111
48
17
36
21
69
64
3
42
96
4
35
61
39
52
72
86
18
13
85
73
2
22
45
41
29
22
83
2
88
130
64
13
20
17
61
26
12
20
77
24
30
6
36
11
33
16
39
102
120
49
22
83
21
31
48
31
27
23
50
83
37
15
28
7
23
35
63
25
31
9
37
69
101
68
25
10
62
4
4
20
41
26
11
1
55
45
11
29
40
24
69
15
4
6
2
12
39
29
36
26
86
37
28
10
15
31
62
95
61
9
43
38
73
67
6
28
50
47
28
110
2
20
44
27
18
64
14
22
35
3
28
86
0
16
71
13
31
8
47
36
30
44
9
54
36
46
68
9
28
8
53
42
38
45
10
37
2
70
84
37
27
47
50
29
114
35
77
49
8
4
74
37
49
6
35
49
7
30
115
44
66
1
2
28
27
74
106
8
33
110
23
28
95
11
33
64
56
28
41
89
9
54
49
7
67
12
79
30
21
33
39
1
50
69
43
13
53
39
94
64
48
1
52
8
50
15
45
53
96
37
78
68
55
14
97
29
9
27
5
54
18
19
23
27
21
13
70
12
14
41
25
23
15
59
6
1
22
58
14
0
71
103
42
20
93
62
34
29
52
43
9
22
58
0
33
47
22
66
2
38
24
4
15
47
83
67
18
13
100
48
39
5
63
25
44
30
52
64
15
84
12
20
5
50
9
3
43
52
13
17
8
22
28
16
54
19
44
48
13
34
46
5
64
9
11
34
25
97
10
35
78
54
68
58
9
46
34
18
13
21
133
2
11
46
52
9
29
7
45
39
18
70
16
20
23
46
7
34
16
80
30
10
81
57
33
7
67
56
106
11
45
8
1
63
5
5
31
15
34
4
65
31
27
57
43
57
53
13
47
68
43
39
0
5
9
10
3
55
16
56
28
36
7
69
22
8
68
40
30
20
34
54
25
65
7
2
53
71
38
82
31
78
19
43
104
69
74
11
30
25
2
63
2
9
34
46
35
93
15
33
13
31
41
25
48
46
44
65
23
48
83
10
10
77
31
35
22
2
17
40
13
39
16
1
58
29
16
5
24
90
21
44
91
35
29
12
60
6
31
16
76
65
51
107
53
46
92
1
10
6
25
25
12
2
83
3
79
113
21
11
84
37
27
13
14
6
46
18
78
3
17
61
1
10
108
40
53
33
25
13
0
50
111
95
2
46
57
57
34
61
82
50
12
27
31
19
2
10
68
20
2
20
55
61
70
56
27
10
60
47
1
5
84
49
53
79
39
22
18
19
10
86
95
22
25
7
63
24
23
29
22
21
8
24
39
49
103
16
82
36
75
29
11
48
52
18
30
63
20
36
111
26
85
17
23
4
44
30
73
36
26
61
17
18
35
91
61
39
38
1
56
24
36
68
40
81
34
33
70
43
14
50
107
30
14
42
69
72
28
31
66
3
41
13
46
2
13
41
3
26
3
75
38
44
40
9
15
51
43
91
4
6
62
6
3
46
26
68
47
30
48
9
4
23
20
41
11
4
9
25
38
40
20
79
23
15
7
67
48
52
12
31
43
27
92
5
84
14
3
66
26
91
28
24
68
3
37
53
50
10
58
36
81
2
54
31
10
3
7
14
31
116
80
44
71
90
31
5
35
44
10
45
74
10
52
23
69
46
8
34
23
3
0
66
5
8
36
34
42
31
19
41
51
13
22
50
20
104
79
62
18
34
3
1
61
15
99
20
42
43
38
8
51
36
18
38
52
75
50
66
28
52
37
22
10
12
52
17
26
40
46
10
39
25
46
36
8
59
72
30
14
46
61
38
90
52
41
9
15
15
19
58
27
13
46
4
43
19
43
35
14
11
2
36
43
54
9
11
40
72
16
54
17
0
38
77
3
15
31
29
10
119
92
61
18
49
12
52
37
5
2
0
45
6
12
1
29
4
55
19
21
29
31
21
16
15
34
35
14
10
81
15
8
0
75
13
55
53
7
86
6
29
12
34
33
50
3
9
25
37
19
27
5
31
16
50
32
41
18
9
102
56
20
61
19
17
29
22
1
66
85
21
21
43
59
16
78
22
68
27
9
46
36
28
21
62
11
40
30
23
10
8
15
9
54
59
8
113
3
33
26
55
18
55
81
26
33
53
5
81
25
18
61
21
17
34
12
80
18
32
1
42
39
23
17
17
61
42
18
77
27
16
8
11
91
61
24
7
15
44
92
17
33
50
2
54
47
3
3
44
37
55
7
23
33
14
18
19
16
13
5
47
13
9
3
2
37
24
35
58
14
4
41
50
50
45
16
30
57
26
25
47
84
81
2
40
49
21
10
9
19
7
9
5
13
27
26
13
4
5
85
21
25
9
22
37
14
18
9
14
22
59
61
33
54
32
8
6
18
3
1
19
13
59
45
32
55
64
41
16
42
29
49
15
43
8
40
26
6
20
14
10
47
87
30
17
19
6
41
34
19
36
15
1
54
22
5
6
45
6
39
3
56
24
38
14
34
30
7
42
20
5
29
24
33
37
2
21
23
50
54
9
57
77
15
11
52
27
40
19
20
7
56
16
64
26
29
26
24
15
12
19
4
8
45
13
4
9
44
29
16
14
32
68
75
70
13
31
11
69
11
37
18
36
19
16
30
74
43
31
37
61
27
17
34
16
6
32
2
19
23
26
56
17
23
37
1
60
15
8
37
24
33
9
56
20
23
39
24
34
6
29
68
68
1
28
9
55
32
45
5
16
19
3
2
21
48
1
11
10
7
35
60
9
13
2
47
4
39
34
13
68
2
23
47
35
32
22
37
5
35
13
40
2
0
12
38
36
24
14
77
12
17
67
28
35
32
2
38
1
34
37
30
53
0
14
23
26
3
49
52
31
23
13
21
14
13
3
19
22
24
19
20
27
10
40
29
31
10
38
38
25
46
47
29
7
43
34
10
23
53
20
4
18
7
57
1
16
35
41
31
13
38
65
16
19
29
6
25
21
43
35
26
26
5
7
19
23
18
26
88
65
15
60
6
23
24
24
24
1
14
6
26
10
19
13
13
3
39
13
3
48
55
34
33
10
45
14
4
5
61
30
22
9
21
14
5
46
44
13
28
16
77
36
58
1
80
20
26
6
11
3
13
8
24
1
25
5
9
15
49
10
17
26
14
3
8
98
52
14
3
32
36
33
53
7
23
17
18
8
9
45
23
15
11
38
11
65
25
19
46
76
38
6
4
19
10
33
7
50
0
26
10
7
17
41
13
19
12
8
47
31
35
2
39
46
44
18
34
34
16
11
21
16
21
59
3
3
10
77
2
15
1
11
22
16
46
64
9
50
19
2
9
1
14
39
1
53
3
21
35
9
12
19
14
30
19
18
20
6
31
6
55
25
35
25
3
41
13
3
14
19
63
53
6
13
9
19
12
16
13
18
5
69
13
6
24
33
5
29
16
46
2
8
7
10
4
57
30
49
13
30
61
8
26
31
58
4
13
23
56
14
47
10
42
39
7
31
20
20
10
13
18
50
2
1
9
25
10
43
11
19
5
8
41
80
4
16
6
21
39
26
35
38
21
24
31
10
31
0
21
4
5
45
22
13
6
39
5
45
4
20
58
45
6
8
5
63
52
37
17
21
65
21
0
32
21
13
45
1
26
1
3
20
18
6
7
8
22
28
44
40
48
18
15
49
5
52
35
1
12
49
13
40
38
25
36
45
10
30
27
44
29
27
9
31
20
18
35
26
49
10
16
4
11
6
58
34
21
19
1
21
8
1
13
21
32
39
16
17
50
16
23
31
22
10
22
21
2
15
13
11
3
25
17
8
2
52
18
34
36
49
30
50
16
30
9
8
38
10
1
18
21
13
8
13
9
47
69
5
27
28
12
22
26
66
70
6
36
2
26
55
19
24
3
35
18
27
27
20
52
18
10
4
54
14
8
9
26
9
31
46
18
19
21
35
5
40
46
26
22
5
14
19
3
7
13
18
10
3
10
2
10
1
33
2
13
34
25
18
35
39
22
15
8
11
3
62
11
18
56
14
19
10
10
54
17
2
20
44
2
31
8
13
34
42
3
21
20
1
5
7
8
1
11
17
15
16
37
15
33
25
1
1
5
25
14
3
5
0
9
5
26
8
28
42
30
24
21
31
23
24
16
1
4
2
53
5
15
22
15
14
0
44
24
13
17
30
24
22
14
33
5
3
14
41
12
13
32
24
22
12
0
16
10
26
35
26
8
29
4
7
11
20
6
29
11
28
16
10
0
42
20
1
9
43
0
11
43
0
21
10
38
34
44
11
11
40
17
24
12
1
24
21
14
10
47
24
20
32
0
6
9
12
10
1
3
29
11
27
10
1
23
17
15
2
29
7
10
26
22
12
8
0
26
16
11
0
24
17
35
5
23
12
23
16
20
18
29
31
13
19
22
17
15
12
7
5
8
17
25
3
17
16
4
9
27
16
25
27
15
23
6
21
10
31
16
4
6
25
7
34
5
24
27
23
0
40
9
11
19
7
37
40
1
11
5
9
15
15
18
2
12
16
19
16
7
16
12
7
14
36
20
2
10
13
10
20
6
15
10
14
6
8
15
28
44
18
3
24
4
1
34
46
13
10
19
3
39
17
10
23
1
9
16
9
16
3
16
11
15
20
10
2
13
24
21
1
7
13
22
7
15
21
11
7
12
8
13
23
9
19
22
25
25
12
3
3
8
7
23
14
24
30
4
12
17
20
8
4
22
1
9
12
5
4
18
5
11
22
4
5
3
4
15
3
8
3
15
13
20
35
28
9
51
17
2
14
7
19
5
24
5
12
4
6
11
0
39
4
15
17
7
10
11
11
20
19
12
19
14
40
20
7
18
7
2
2
19
7
3
17
3
25
7
17
10
16
6
8
5
11
30
10
9
2
6
4
9
27
13
6
10
13
15
18
4
1
23
24
1
7
1
7
16
17
16
21
1
20
16
16
19
5
3
4
3
13
13
9
4
11
8
15
10
4
11
9
14
9
13
12
15
6
19
23
11
26
8
5
5
16
13
8
16
1
5
7
10
12
17
19
11
29
4
15
3
18
10
6
2
3
18
7
2
4
17
5
11
17
19
3
1
13
6
3
7
4
3
7
3
4
18
16
13
11
2
12
13
12
15
7
16
2
10
5
8
0
6
9
6
1
9
5
9
16
3
2
8
16
8
28
6
1
21
1
29
20
1
4
10
3
0
8
7
7
19
7
0
16
15
5
5
7
5
9
7
20
20
14
8
11
7
3
6
12
5
3
6
15
8
4
11
14
1
3
8
8
2
23
1
10
3
10
4
12
9
6
6
1
12
2
4
7
10
1
7
4
3
7
9
2
2
5
8
15
3
1
6
2
5
1
6
0
2
10
6
6
10
7
1
4
1
0
7
9
3
3
0
10
4
4
0
3
3
0
1
1
5
1
2
1
2
2
1
2
0
0
