2
29
13
5
23
8
4
6
5
59
40
110
28
31
23
6
0
6
130
6
1
3
2
23
19
8
28
46
7
42
1
47
34
33
6
50
20
4
34
21
14
61
68
4
53
14
58
48
13
15
12
4
3
15
4
43
3
46
25
42
58
67
51
18
60
33
80
22
57
11
27
18
12
38
8
68
62
20
42
9
4
59
40
4
46
16
63
81
18
138
26
9
48
38
104
34
21
36
7
66
23
22
16
54
49
79
54
17
33
25
25
60
28
59
23
83
104
101
19
40
59
90
100
13
34
2
61
19
14
81
63
51
54
68
76
38
10
63
46
26
37
21
20
80
113
23
27
87
4
42
57
57
44
38
102
25
33
61
29
16
37
23
11
51
39
10
15
50
2
7
4
30
65
29
88
44
49
45
48
68
11
26
37
40
35
101
26
48
89
33
100
8
7
30
49
28
1
6
71
34
91
64
49
42
32
17
8
36
8
93
46
19
3
66
31
1
66
41
104
21
66
12
35
49
20
20
68
32
36
141
17
3
71
74
41
26
17
35
38
36
8
94
75
35
120
15
93
20
53
8
5
51
31
67
76
33
8
7
10
69
107
58
13
5
52
9
91
16
29
16
10
40
20
49
45
33
10
23
9
116
16
4
37
94
40
31
24
35
59
12
127
34
49
54
21
133
54
27
2
6
37
66
27
57
52
67
57
26
24
15
12
7
46
103
30
44
75
68
25
125
68
49
114
11
42
87
9
81
74
91
117
125
6
3
84
20
15
3
6
26
67
13
12
59
27
54
23
41
25
35
36
54
53
27
66
76
67
33
41
6
27
0
3
12
58
22
26
56
37
16
82
29
71
40
2
28
10
28
32
70
18
139
18
5
89
2
58
10
19
44
12
10
13
21
42
11
44
70
50
59
49
1
32
51
33
68
14
23
33
35
36
75
13
24
45
42
62
74
8
29
19
72
40
88
38
75
33
42
22
49
15
63
34
14
7
33
118
14
17
15
67
4
23
47
40
56
26
15
22
94
3
16
19
28
118
31
20
23
50
15
21
21
68
76
23
10
81
35
35
6
10
54
16
22
41
66
41
16
11
0
49
18
19
47
75
21
35
5
50
46
3
42
23
12
86
74
132
19
54
49
58
85
55
39
93
35
37
12
1
24
41
27
29
32
9
19
36
44
89
50
1
27
24
17
42
48
93
24
56
2
40
31
58
66
30
46
30
31
96
42
45
50
14
21
56
8
8
3
10
52
63
2
36
88
26
23
28
61
74
20
47
77
96
1
37
101
18
53
21
38
61
12
52
6
72
51
22
67
3
19
108
6
21
40
72
7
16
13
33
25
27
26
22
7
6
20
62
79
23
53
9
79
105
6
60
109
13
81
86
55
28
18
57
96
37
45
43
5
47
15
35
31
25
24
18
11
50
24
64
93
34
9
24
64
25
18
13
19
60
76
2
38
17
44
1
18
63
44
15
91
3
81
32
15
17
64
62
109
40
18
16
4
58
30
54
80
86
15
5
39
29
16
61
10
69
63
127
28
17
22
31
9
20
63
34
35
16
86
35
44
15
1
71
28
100
27
101
111
17
70
15
15
63
8
66
36
44
59
48
26
14
16
14
7
13
31
30
128
24
15
42
32
51
15
24
71
27
76
3
1
52
37
74
24
108
13
0
64
87
20
6
59
4
14
106
129
32
38
45
12
17
7
21
4
51
25
6
108
6
24
17
28
23
48
52
52
50
93
6
2
4
136
40
6
57
32
32
12
32
2
19
66
31
107
53
118
18
40
18
1
30
31
28
38
7
65
1
0
16
1
44
3
12
6
17
25
23
28
32
9
57
4
59
13
33
89
52
25
46
26
66
64
6
99
3
115
7
31
14
41
23
30
30
49
2
44
19
60
63
67
37
47
30
38
7
45
30
80
66
88
18
55
18
57
31
31
27
85
74
28
27
23
17
48
28
6
7
54
39
8
42
58
50
42
12
35
37
84
11
3
48
17
34
29
41
10
32
78
14
103
30
34
29
64
5
29
9
44
29
6
25
62
72
62
52
39
20
58
51
54
26
38
4
29
36
12
16
42
11
2
34
10
24
34
57
13
72
18
12
21
30
8
38
17
8
48
10
33
4
93
7
40
46
86
20
46
21
27
44
57
71
34
8
97
2
36
29
56
25
72
33
81
101
31
20
60
7
72
62
6
35
26
16
5
19
33
85
58
91
44
25
56
13
27
82
18
18
10
28
43
53
38
44
24
12
8
46
26
40
20
20
48
39
30
11
66
10
7
89
6
3
45
64
41
71
85
17
16
42
56
6
74
33
11
61
33
24
7
62
52
29
45
37
16
7
126
74
13
7
8
13
44
50
34
93
27
35
25
16
3
40
56
8
44
30
63
136
23
3
53
81
25
88
20
30
51
76
7
32
30
32
14
22
53
77
8
66
99
26
31
22
27
38
18
45
63
72
16
26
101
39
9
19
10
12
27
17
40
70
44
22
31
6
45
39
38
13
55
20
35
4
1
62
65
28
34
18
7
45
61
7
78
8
25
16
9
56
22
37
7
72
10
66
5
3
42
7
32
29
5
16
13
102
3
13
8
18
17
52
26
23
21
13
18
9
8
68
10
3
9
19
68
52
59
46
52
41
15
51
7
24
45
2
43
22
4
41
46
6
32
91
1
49
18
7
65
3
22
39
37
91
30
39
19
45
2
60
10
34
16
34
15
13
45
2
39
9
97
121
5
88
17
1
59
5
24
101
94
15
38
61
61
24
1
4
106
31
3
10
11
6
92
17
26
74
57
61
92
16
20
29
56
60
35
4
8
5
3
77
17
106
9
6
8
30
84
7
40
29
17
43
58
15
12
8
18
2
30
32
14
65
39
37
21
4
18
39
13
26
12
80
8
37
23
41
14
12
99
0
7
43
2
67
25
32
50
37
31
29
41
20
18
42
29
63
35
3
42
37
25
16
2
42
34
78
20
15
32
46
33
15
22
0
16
56
45
19
61
19
15
22
44
10
57
58
14
43
40
37
82
68
5
26
52
10
8
20
1
73
25
13
10
9
23
1
17
25
12
4
2
12
34
45
40
9
6
17
29
10
32
35
48
1
22
23
32
26
99
13
34
4
76
10
27
32
5
74
53
79
60
25
1
34
33
20
27
12
26
33
25
47
44
9
4
49
22
20
52
37
22
1
1
24
43
65
6
34
58
29
35
22
9
37
5
64
39
37
17
64
20
11
37
10
27
32
33
30
8
43
15
5
16
5
64
53
6
19
26
3
45
2
1
44
27
54
35
22
19
41
13
17
14
17
31
39
30
47
5
17
41
12
7
57
43
12
19
26
21
17
17
4
25
29
0
44
30
15
43
46
23
50
90
32
29
61
79
61
23
1
93
30
0
47
23
1
4
17
25
107
40
50
21
2
38
22
23
85
28
31
16
105
23
27
7
24
6
59
50
13
21
18
6
22
69
42
18
55
10
49
57
6
14
6
22
40
10
68
19
38
35
8
12
30
35
21
53
63
38
67
67
3
63
42
11
8
52
27
2
10
21
9
36
39
79
12
5
1
22
7
11
30
35
23
23
3
26
18
4
8
33
23
54
28
15
30
42
1
51
43
1
12
1
19
8
45
25
5
6
22
28
19
7
39
1
19
51
25
8
54
30
68
6
28
13
55
42
10
8
7
27
27
43
23
2
6
12
37
23
16
1
37
57
20
16
1
3
3
15
25
9
7
72
67
2
20
9
53
101
115
15
19
0
24
2
29
15
4
15
22
37
51
57
31
3
26
1
10
22
10
60
6
35
43
42
12
77
5
28
20
69
22
13
9
9
39
30
12
81
12
1
5
26
27
40
35
55
7
19
4
8
6
58
7
21
23
32
28
26
30
5
12
12
43
12
49
35
49
35
28
9
40
61
71
16
49
46
38
17
46
32
26
18
7
7
52
23
59
4
24
32
38
11
25
18
11
84
38
4
16
17
29
16
21
11
38
68
15
49
4
72
48
12
5
16
12
66
34
90
35
49
86
23
36
15
22
6
3
2
6
43
10
36
28
32
20
54
16
2
39
9
7
53
1
3
5
16
15
43
15
0
16
25
74
34
10
12
33
9
27
69
77
34
15
85
65
57
65
40
6
15
57
29
67
13
20
11
67
21
22
10
8
52
29
20
22
21
8
30
8
34
14
1
17
18
23
35
26
18
95
11
3
22
2
11
8
4
26
39
71
27
27
20
4
25
37
21
7
33
22
9
21
6
85
2
73
42
6
7
9
5
17
22
30
15
40
45
45
23
16
22
47
42
83
4
13
50
1
26
7
44
4
35
3
49
1
30
0
4
12
25
33
10
13
47
26
50
13
34
24
4
28
7
17
9
8
16
76
42
10
35
49
7
39
11
22
33
12
24
26
13
31
26
1
2
25
17
14
16
2
45
82
5
14
42
19
23
34
67
35
44
44
34
22
55
18
7
5
2
37
61
14
24
52
13
7
8
4
31
4
20
78
44
60
14
21
46
9
33
5
2
38
21
4
44
65
3
14
12
18
25
47
41
0
4
23
12
5
28
7
45
4
11
7
21
38
60
27
21
20
57
44
12
34
38
13
2
51
57
12
9
10
35
43
12
35
1
10
31
1
52
11
36
29
4
1
23
23
26
26
28
20
11
32
20
29
54
61
32
26
13
19
4
43
76
16
35
23
20
1
42
2
1
35
23
9
16
16
28
8
24
23
15
45
35
32
14
8
3
35
15
14
49
9
42
40
32
17
2
0
17
15
7
58
15
24
24
46
49
2
19
28
26
8
11
11
20
19
3
13
0
25
22
32
0
31
2
24
11
13
0
14
21
20
31
35
7
4
12
7
12
7
5
49
21
14
19
9
41
74
18
27
17
13
32
48
27
9
44
13
7
3
15
29
18
10
61
51
27
32
13
7
12
20
79
10
26
30
57
50
36
19
8
22
11
31
12
16
25
32
9
19
12
8
19
3
17
38
3
37
40
10
35
9
26
56
6
11
11
33
22
25
9
11
27
10
34
10
50
22
59
12
24
22
34
28
31
34
14
23
13
27
39
37
22
13
3
56
13
11
23
41
31
6
11
11
34
45
4
11
4
25
10
33
5
29
16
43
16
7
52
23
47
32
24
21
34
19
23
16
5
16
0
22
21
28
27
6
14
25
27
4
9
31
17
15
24
18
30
7
35
32
28
16
8
11
0
15
20
6
10
26
33
5
87
2
22
18
8
3
7
20
2
20
29
4
17
19
39
16
12
20
7
25
41
12
1
2
25
22
29
48
24
35
17
29
12
36
17
20
43
11
8
41
15
6
1
53
8
4
24
4
7
8
32
6
14
3
21
78
7
9
73
5
27
31
27
29
5
9
0
0
20
15
30
49
30
36
36
18
22
22
7
34
2
1
34
10
22
43
21
11
14
3
1
6
16
9
6
9
19
14
8
15
15
14
5
35
17
47
20
4
22
5
16
12
7
23
30
32
4
2
39
38
25
19
50
15
6
25
4
31
9
5
12
8
15
8
5
11
9
17
45
18
15
8
6
23
46
1
12
24
3
18
12
3
1
16
14
9
21
18
9
21
24
13
21
16
21
21
7
15
13
1
30
6
40
1
13
22
18
1
4
9
24
38
22
82
23
28
3
42
25
9
13
12
9
2
8
10
4
4
20
5
3
36
12
12
32
50
11
18
31
7
2
0
3
10
4
19
6
10
10
20
11
9
63
14
39
9
21
53
8
23
22
17
8
13
1
14
4
11
19
31
11
3
16
11
22
2
5
28
16
9
2
9
25
9
6
9
16
22
16
6
11
12
12
4
20
9
7
16
13
8
7
4
14
6
29
8
8
10
16
14
4
1
5
1
6
7
4
21
12
38
21
15
7
6
56
1
30
8
7
4
10
11
5
15
0
4
10
1
3
20
4
21
7
4
16
6
14
24
5
17
11
3
26
12
1
36
30
33
25
11
27
16
6
36
3
11
1
6
45
29
18
1
25
18
6
43
17
19
4
3
5
12
28
33
0
6
22
2
18
1
27
27
0
22
36
6
15
8
23
4
2
10
8
17
4
17
2
10
9
4
19
18
16
26
4
1
6
19
11
21
17
17
13
4
19
3
14
11
51
5
4
10
20
14
11
14
14
17
5
12
7
1
21
4
12
20
20
12
2
16
11
20
9
9
17
1
11
20
1
4
7
2
14
3
5
20
8
8
15
9
8
23
21
8
15
11
4
7
16
6
4
9
24
1
1
6
12
10
4
13
16
22
5
10
4
14
8
10
10
3
32
19
16
2
22
41
1
3
17
9
4
0
17
8
9
24
17
15
31
9
2
13
1
6
19
1
6
2
12
14
5
19
6
7
3
20
6
18
10
2
2
12
15
15
13
22
0
2
17
16
6
9
23
17
2
4
5
10
3
5
10
19
6
7
5
7
18
3
16
12
8
2
6
4
9
18
13
4
7
4
5
3
0
9
6
6
11
5
2
10
14
1
6
4
6
8
0
4
3
5
8
5
0
4
1
4
5
7
2
3
6
6
2
0
4
2
9
6
8
1
1
8
7
1
8
2
1
3
9
1
0
0
2
2
7
2
4
7
1
1
2
4
0
0
3
5
1
11
0
3
1
2
2
1
1
2
0
