34
3
0
16
7
0
0
10
19
4
21
34
9
13
32
15
9
37
20
31
6
2
76
11
71
7
25
20
8
86
1
2
23
26
2
28
7
74
18
15
56
34
12
67
27
4
30
1
8
37
20
41
76
46
3
27
35
118
2
31
25
3
54
8
67
3
76
37
6
30
11
7
78
62
82
14
39
31
57
55
32
5
17
36
41
33
15
52
44
22
3
23
15
78
112
31
74
56
59
38
31
6
10
30
62
22
17
54
42
58
7
2
9
51
27
63
67
4
31
24
52
40
43
62
30
38
37
67
23
47
98
58
4
55
17
35
64
53
22
62
69
66
29
41
6
1
122
68
63
5
36
31
10
36
13
10
3
33
50
22
33
56
40
3
51
51
9
19
96
108
2
23
24
7
68
87
54
35
13
92
11
3
27
51
75
59
32
39
56
51
57
44
39
63
25
58
56
3
31
53
20
9
50
20
30
9
10
41
84
18
66
56
37
24
25
86
40
7
17
47
23
6
49
105
45
128
34
88
37
129
26
63
55
70
8
16
42
60
8
81
23
16
43
67
31
1
34
8
6
97
98
68
67
95
9
5
2
39
65
16
91
101
75
65
28
76
40
69
35
37
2
109
192
91
9
29
22
74
54
57
59
34
64
33
110
52
11
72
78
90
53
9
47
7
29
16
12
15
10
30
59
4
41
78
30
17
25
51
6
114
28
56
0
11
7
77
21
44
29
50
84
70
20
24
41
52
45
84
0
21
22
3
8
63
21
23
74
40
19
33
59
14
28
42
46
32
16
40
31
23
8
91
51
113
24
1
23
10
136
3
9
156
58
5
30
18
10
15
24
49
26
24
79
62
7
66
100
86
140
8
90
15
59
65
78
97
78
23
24
12
68
98
47
31
38
64
10
4
14
85
43
111
20
50
7
9
33
81
19
37
53
12
6
97
46
62
42
2
20
123
13
86
11
13
24
77
43
51
6
16
7
44
21
32
124
37
63
15
19
54
75
14
121
55
10
24
68
72
13
33
3
49
24
27
62
95
69
132
48
29
56
92
99
34
115
60
113
150
32
6
47
14
45
48
70
22
53
97
38
9
63
72
4
33
17
28
10
60
5
91
32
42
21
48
33
29
16
18
54
22
16
47
39
130
50
13
98
3
77
24
54
22
17
16
47
6
33
0
75
85
0
15
77
33
33
27
0
8
76
16
7
12
40
26
47
20
63
29
33
29
27
73
22
7
21
71
16
9
2
101
38
26
75
28
2
74
68
6
22
61
29
109
76
60
5
31
64
60
19
88
6
25
83
16
62
0
19
72
5
71
61
19
68
7
16
7
55
46
66
25
8
20
31
27
83
44
44
14
71
49
16
52
1
21
57
14
46
163
38
48
82
46
14
30
75
48
55
5
34
8
14
26
47
87
4
65
21
12
21
87
90
13
23
47
62
27
42
8
53
38
98
49
67
72
47
38
33
37
129
57
33
76
6
27
38
48
65
34
7
27
79
84
54
22
11
8
71
45
1
35
24
139
43
39
19
56
36
90
41
0
70
56
18
24
42
102
30
56
11
31
53
50
40
101
12
2
64
9
63
81
11
90
5
22
86
21
90
43
99
12
25
90
35
8
59
41
63
16
55
41
48
53
9
30
25
65
41
125
5
66
56
32
30
64
67
25
50
15
1
7
70
17
55
92
68
21
35
33
16
30
3
3
57
17
31
35
52
124
29
53
82
11
64
46
4
48
26
109
56
75
50
37
54
22
17
50
27
112
112
62
52
19
60
11
29
9
3
11
23
3
1
24
30
59
86
65
28
38
6
57
39
32
31
23
29
59
13
23
38
34
6
7
67
14
5
49
38
46
64
36
25
19
28
58
80
7
40
8
36
28
38
57
50
11
28
53
52
32
53
16
38
27
14
26
17
6
23
36
56
5
2
8
41
22
1
18
67
74
28
60
35
12
14
29
2
77
55
40
47
18
42
10
19
60
25
45
58
10
58
44
99
1
27
29
27
60
51
63
50
65
88
76
67
23
60
55
9
59
1
68
32
46
31
82
57
47
77
68
14
50
33
27
38
10
51
9
28
3
16
83
24
21
29
18
18
18
32
55
65
29
58
29
15
68
49
22
38
18
13
24
109
8
14
2
4
10
60
1
28
102
98
91
17
26
72
43
66
14
50
30
2
60
30
45
30
45
34
27
9
55
27
9
74
34
60
16
77
61
83
20
1
34
48
6
72
53
16
77
7
30
18
4
39
46
17
19
55
40
20
26
70
12
45
6
40
22
80
92
56
45
86
23
59
51
48
19
9
5
100
24
47
19
20
37
8
28
6
69
44
91
9
80
1
35
9
28
31
13
48
38
5
1
9
46
17
28
108
28
7
48
23
23
47
17
9
55
57
5
90
35
28
25
7
11
19
0
29
21
20
3
36
24
20
3
71
71
72
26
46
35
51
46
19
31
25
3
16
41
3
32
68
31
8
35
8
48
12
19
71
2
76
11
79
1
24
86
35
54
24
2
16
52
19
35
4
34
19
21
1
81
16
6
72
36
6
31
3
23
11
25
21
33
7
35
26
1
64
12
53
8
17
8
63
22
5
45
97
33
27
21
63
76
7
21
30
43
101
43
42
3
32
32
15
4
40
60
6
16
19
45
18
46
32
20
52
100
21
39
49
1
83
37
9
29
42
36
49
16
30
13
24
28
6
12
29
6
11
16
1
45
6
29
18
64
105
38
33
36
61
54
10
32
61
37
26
45
34
112
50
12
34
2
4
28
22
3
51
16
19
20
34
60
9
0
19
40
7
19
28
15
12
5
7
40
14
17
39
23
20
41
3
41
61
8
18
15
20
36
26
10
15
65
42
25
30
42
18
21
8
14
9
87
13
51
34
10
8
79
55
32
79
82
1
15
26
29
29
20
23
17
15
1
9
13
3
34
65
2
97
14
70
20
68
20
16
50
3
70
8
31
54
25
4
25
27
52
19
21
36
68
46
45
37
71
10
13
47
27
86
40
0
6
15
20
35
10
51
22
6
3
46
59
30
53
13
5
2
45
21
67
26
35
2
25
26
24
30
59
26
4
4
22
36
22
29
94
47
40
35
5
60
48
20
24
107
54
48
20
41
26
48
28
36
37
64
43
28
2
28
7
21
9
49
19
9
16
12
79
23
14
10
24
55
54
42
6
5
61
45
45
39
30
61
33
65
14
54
41
24
97
52
16
45
19
2
23
39
58
5
21
29
43
24
54
69
20
50
15
1
32
57
6
11
68
8
39
2
61
3
32
2
9
69
11
29
8
65
65
31
10
37
53
29
43
12
12
78
1
21
7
3
7
52
22
37
18
61
20
61
9
56
20
35
67
44
1
68
49
56
55
41
101
84
10
2
17
38
23
15
10
39
4
117
20
15
5
101
56
14
37
19
30
13
72
34
91
41
65
75
24
56
19
5
33
2
7
20
54
7
25
4
49
22
28
19
12
44
39
39
1
7
11
14
6
7
38
13
11
5
17
10
63
43
1
34
7
4
43
1
26
81
9
24
8
11
59
2
25
6
63
39
5
23
11
76
42
7
97
33
15
0
91
66
26
11
20
22
3
100
22
22
33
3
6
11
6
20
25
35
21
4
7
31
18
30
13
27
19
37
4
42
17
25
17
13
16
16
43
41
66
22
9
16
9
31
2
8
36
31
24
19
10
40
46
10
82
69
49
2
37
25
6
44
26
41
21
68
24
38
35
1
8
7
32
24
15
38
4
4
37
39
50
1
34
41
2
34
23
19
26
32
32
16
38
32
18
21
1
2
3
28
31
57
6
14
12
22
38
42
15
35
31
47
70
9
6
65
60
30
38
35
9
8
55
23
30
7
36
12
47
52
4
5
18
16
62
64
7
25
49
13
5
102
28
73
16
33
0
42
18
6
27
13
22
39
29
2
19
55
16
48
30
22
11
34
8
24
1
28
18
7
30
2
9
14
53
24
56
13
23
31
52
34
25
73
16
31
41
4
37
25
22
24
13
16
46
45
32
60
8
24
75
7
9
32
33
25
4
13
49
5
26
48
35
60
75
8
23
21
27
81
30
36
26
35
9
27
42
66
3
27
9
18
29
8
14
20
14
46
14
10
40
12
0
3
27
10
18
3
86
28
16
19
63
2
48
19
30
19
39
47
98
12
38
12
1
61
48
12
37
15
22
10
14
8
15
70
14
22
8
37
41
1
32
15
1
34
28
3
17
8
5
0
38
38
34
11
30
4
19
56
53
38
1
45
46
36
37
21
10
20
13
52
8
4
32
19
4
29
5
32
29
27
22
20
32
11
48
55
61
22
10
11
8
39
28
19
16
45
40
31
16
6
32
36
50
35
19
4
32
11
62
15
5
87
15
38
48
2
54
16
24
50
1
5
65
40
28
30
18
38
5
2
37
51
41
8
32
1
14
8
35
60
17
6
25
36
20
48
64
8
12
6
18
4
3
63
32
0
77
28
2
13
57
6
10
23
34
27
74
15
40
28
1
34
2
22
27
67
27
19
24
8
17
41
29
8
6
1
16
27
19
8
21
25
12
9
29
12
38
22
39
38
15
25
9
13
9
6
18
70
7
9
10
34
18
32
14
18
10
5
29
11
18
43
28
33
20
8
35
5
14
8
6
23
84
24
27
17
1
33
13
8
64
12
53
22
10
80
5
4
12
20
12
2
41
6
24
29
17
10
44
24
33
13
44
17
40
69
18
13
13
3
5
10
10
6
26
4
10
22
2
28
34
10
12
40
15
44
13
48
20
9
20
1
23
30
17
32
4
20
52
5
14
26
44
8
8
26
21
48
4
45
21
54
11
3
38
7
27
12
38
29
23
34
61
35
54
31
23
9
9
8
22
5
26
28
19
5
4
5
1
1
27
34
28
34
45
21
18
2
90
0
15
7
16
6
21
41
15
35
18
40
43
3
10
43
22
7
30
4
31
5
11
43
6
39
56
14
6
27
12
38
67
6
9
7
18
4
20
8
46
5
5
2
50
8
19
10
14
8
29
66
15
44
34
4
6
54
26
45
37
26
6
14
42
9
9
21
23
26
45
42
18
3
13
24
24
52
83
48
73
9
31
1
20
25
74
8
1
49
41
11
16
10
14
14
28
3
0
2
16
40
5
20
19
2
35
29
35
62
14
2
0
34
51
23
47
15
37
30
11
16
11
15
2
15
8
1
8
34
9
37
12
8
0
24
22
15
19
46
46
7
4
10
6
1
32
39
8
13
31
0
31
25
10
25
16
16
9
6
17
14
29
58
19
11
13
21
8
24
23
36
62
4
16
35
6
30
3
19
6
2
39
11
29
22
6
33
58
25
6
15
10
6
24
29
2
11
5
3
0
14
60
8
63
16
2
12
3
8
24
22
2
16
23
9
34
8
26
3
35
12
27
24
26
15
5
1
36
40
40
18
11
3
23
7
30
40
16
24
23
1
3
20
16
11
19
6
12
8
7
16
3
18
37
22
5
5
1
37
19
3
20
51
4
20
4
29
17
14
38
6
26
19
35
3
2
9
17
5
5
1
19
22
4
17
10
14
5
28
34
3
22
3
27
14
32
25
50
17
40
4
27
5
17
6
2
3
18
2
21
19
31
12
34
2
10
5
1
6
39
20
11
3
39
19
45
28
1
26
12
9
2
19
34
10
2
0
26
36
5
27
41
11
21
24
32
0
33
3
7
20
15
8
4
59
28
34
40
10
35
5
26
12
20
5
19
7
6
4
25
20
16
1
20
36
5
0
9
17
6
16
14
9
3
34
26
17
30
2
9
47
16
7
14
16
21
9
5
17
5
11
0
21
20
2
53
9
17
19
9
22
1
2
60
2
10
13
15
9
21
1
11
4
24
7
0
9
20
13
13
9
14
12
3
11
27
21
4
8
12
12
22
20
9
24
3
21
26
17
8
5
8
25
18
1
3
23
19
4
7
11
11
6
18
35
4
6
25
10
4
14
7
18
27
13
7
4
13
35
8
18
16
7
9
21
17
8
24
5
19
2
7
1
8
14
19
10
6
9
5
8
9
16
7
5
10
5
19
1
10
3
11
0
10
0
21
1
11
9
3
0
9
5
10
7
1
10
18
0
3
12
8
17
20
7
13
16
16
8
4
17
13
17
16
10
1
24
17
5
18
0
14
5
18
25
27
9
6
17
18
12
22
1
25
27
7
10
6
5
29
8
12
27
18
13
22
3
3
18
7
11
15
14
10
6
11
15
19
1
1
28
11
35
7
13
9
14
20
7
15
5
16
11
27
11
15
8
19
3
17
29
5
18
8
18
11
17
14
10
3
9
9
2
13
1
7
7
11
19
13
16
25
14
8
3
4
8
7
3
15
10
2
17
8
9
3
3
7
14
0
5
13
14
20
17
2
8
2
11
8
2
9
1
19
9
4
6
7
16
12
2
6
15
4
2
15
4
11
2
14
3
19
3
8
14
2
8
1
1
7
10
6
1
4
2
2
6
2
4
6
1
22
5
11
5
10
5
3
4
1
1
8
6
12
4
4
1
19
2
9
7
7
10
11
14
1
3
5
2
2
9
15
19
3
1
13
1
1
0
1
2
10
1
6
1
4
1
8
2
3
9
2
2
9
2
2
3
9
2
3
4
3
5
2
1
10
4
2
1
2
2
1
2
0
1
1
0
0
