21
1
23
33
15
18
45
83
12
25
16
9
5
0
56
70
12
8
85
29
15
5
19
100
6
82
105
24
93
1
13
30
6
23
20
27
24
31
55
40
16
63
86
21
10
49
24
28
87
10
23
31
6
7
47
90
7
9
4
28
50
41
51
34
14
108
10
4
6
3
37
10
19
51
69
35
23
40
36
47
11
34
29
3
29
26
46
9
42
63
23
18
51
28
51
85
75
65
99
49
43
19
5
61
33
60
73
6
40
91
66
6
28
44
99
90
53
79
26
47
21
12
27
27
38
15
69
46
22
116
37
12
49
18
56
37
39
8
49
17
51
8
23
145
0
68
58
1
23
34
11
18
40
6
9
2
2
19
36
41
52
61
39
21
34
49
37
65
43
122
17
46
35
46
4
3
9
29
126
92
54
5
53
2
22
75
110
59
11
36
34
53
7
76
64
37
12
43
29
69
82
13
34
67
0
31
51
70
71
48
93
13
23
31
25
22
25
42
18
2
38
6
88
19
5
65
39
39
50
19
40
50
92
34
19
73
16
42
52
18
11
75
14
7
31
43
5
22
87
40
78
25
46
10
31
25
50
65
49
10
126
32
64
8
34
58
9
20
17
49
41
33
43
23
41
19
60
13
85
103
25
63
27
1
37
12
0
56
76
125
2
28
62
79
104
136
59
23
16
8
37
27
8
70
65
95
50
25
21
20
55
10
1
17
41
10
63
34
96
83
60
51
44
78
28
66
13
73
52
28
43
84
27
23
34
193
74
9
5
121
28
20
21
10
25
113
126
47
47
51
3
7
88
92
82
67
77
26
22
42
23
29
60
16
63
27
34
26
20
35
1
66
42
25
34
36
5
59
28
57
53
32
23
79
16
10
33
53
14
23
28
45
81
26
13
57
19
52
6
92
101
17
54
59
1
26
40
31
17
19
18
19
6
38
3
106
76
7
35
68
1
34
19
38
52
22
93
85
55
36
5
33
22
36
60
22
43
96
19
4
37
111
13
70
60
16
23
15
59
1
17
25
74
158
84
4
57
97
24
39
24
17
20
53
47
67
50
77
72
0
106
39
33
73
6
3
42
27
4
21
7
12
44
14
14
4
17
3
1
3
24
3
0
43
30
58
21
48
114
73
60
47
93
3
19
22
35
63
23
39
15
88
57
101
25
48
34
81
38
12
10
49
14
85
79
27
67
30
5
58
68
23
15
34
167
26
42
56
29
81
33
102
1
6
24
80
18
25
6
69
35
13
78
41
53
92
10
25
6
82
58
10
22
29
104
67
22
2
53
7
41
37
17
29
65
46
0
14
12
40
69
2
31
53
88
69
18
55
1
56
10
69
5
64
7
6
51
23
10
23
26
87
15
32
0
19
66
7
71
32
21
76
16
88
5
56
79
49
15
81
62
17
12
28
3
0
109
41
12
49
39
22
20
48
48
51
55
32
1
22
17
21
21
4
69
76
40
10
44
128
42
36
47
5
71
116
30
28
18
19
50
44
22
143
36
47
16
47
9
48
9
65
8
30
9
40
26
4
10
69
70
7
30
47
77
34
27
26
10
1
15
17
22
17
113
12
35
67
53
41
32
77
46
36
17
62
27
113
4
20
92
65
27
41
4
55
27
46
11
116
23
37
83
30
5
90
9
21
24
6
36
81
12
89
28
47
1
21
14
12
53
26
2
67
51
45
4
100
76
37
10
78
55
38
30
61
31
11
125
79
35
50
86
40
1
43
19
37
1
30
32
27
50
118
14
41
7
4
47
70
35
4
33
26
24
23
22
46
23
34
14
17
64
81
68
12
84
55
26
5
21
16
46
44
76
59
36
23
20
40
30
2
54
83
55
64
42
8
44
46
124
56
13
34
4
25
10
66
29
52
69
42
1
55
59
3
29
18
4
12
22
41
83
105
9
29
67
17
9
66
62
8
26
12
4
59
28
38
44
56
95
66
11
4
60
5
65
56
24
18
73
55
31
81
40
27
5
24
64
53
15
41
37
20
47
4
41
41
42
86
59
68
2
61
35
46
24
29
39
5
53
1
25
49
5
11
14
37
35
29
117
75
59
5
81
18
43
19
57
84
67
64
11
16
52
50
35
41
19
81
127
38
14
16
13
49
31
5
32
22
28
10
32
54
9
12
28
17
63
32
21
11
0
15
28
1
13
3
77
50
86
57
86
29
71
37
75
23
28
77
43
73
40
4
51
36
6
3
20
51
58
27
15
38
47
44
26
11
28
25
45
41
7
80
27
44
43
40
69
19
4
4
2
24
9
26
34
34
17
10
1
10
12
20
10
23
10
27
54
20
28
55
5
35
53
8
37
33
24
22
7
42
42
68
48
18
73
9
22
56
28
1
36
27
61
118
23
42
0
29
72
37
45
35
4
12
28
8
0
4
45
0
149
86
32
9
73
33
13
51
9
39
97
93
19
38
4
1
19
71
5
12
28
38
58
72
64
1
60
20
12
60
6
17
47
21
7
22
93
9
7
20
62
42
5
5
59
22
16
55
39
49
21
51
69
100
31
17
26
36
8
52
110
28
0
79
95
62
92
22
13
57
2
43
47
17
39
28
33
28
60
27
25
37
8
18
42
4
42
12
22
25
12
56
2
37
19
19
78
21
3
23
18
62
22
17
52
73
41
10
16
39
50
32
59
52
16
24
104
66
34
56
51
92
29
39
16
123
122
10
1
60
57
3
47
0
28
16
9
4
19
23
28
5
42
24
119
10
26
35
11
35
14
60
8
8
68
49
30
22
2
3
3
51
48
38
21
33
51
9
27
100
58
31
35
67
6
6
28
11
10
81
7
62
51
19
34
4
27
52
92
16
41
21
9
25
6
22
24
0
23
59
6
7
12
45
12
28
83
19
20
24
39
46
34
21
16
34
62
34
6
55
33
37
23
69
34
19
50
8
53
70
21
55
34
18
7
21
23
60
55
40
31
30
61
40
37
22
21
13
9
53
18
59
53
15
29
64
60
59
8
53
55
29
10
37
17
19
23
39
17
86
96
42
33
38
77
7
12
7
12
4
39
26
30
10
48
41
43
10
95
27
68
26
17
28
33
41
2
10
66
64
14
23
20
2
5
1
11
27
19
32
5
48
52
25
30
13
74
19
64
31
24
0
36
39
56
0
61
10
39
99
14
21
72
96
6
46
18
39
37
96
91
42
16
4
66
34
1
48
54
74
4
13
20
55
46
13
15
16
49
26
30
5
55
20
10
19
101
48
34
27
45
80
73
24
63
5
45
54
18
40
8
17
26
70
18
24
8
68
34
20
31
71
50
62
17
2
8
42
63
15
22
44
25
0
88
20
14
59
70
31
3
21
0
20
36
17
51
13
33
14
3
2
12
32
22
23
29
60
10
28
10
78
43
38
38
17
30
26
14
34
7
42
44
80
66
35
71
58
1
19
41
42
32
67
44
29
15
57
7
16
15
50
61
59
48
21
60
5
21
37
42
47
25
27
59
42
11
1
16
26
16
7
9
47
23
13
16
25
18
7
61
38
13
18
4
26
45
2
36
16
5
13
43
26
19
51
48
22
24
2
48
75
59
12
10
3
80
50
62
18
56
6
6
28
12
80
7
66
15
21
4
98
30
29
3
26
24
45
78
42
4
34
58
5
41
25
44
5
5
8
24
55
21
39
12
52
13
9
11
78
42
23
15
14
10
11
59
12
33
14
29
50
22
5
60
59
12
24
17
20
17
6
25
34
64
13
7
23
74
14
34
41
55
18
22
6
4
58
52
29
24
30
24
23
20
21
27
19
4
12
19
25
4
48
19
27
34
10
9
60
80
24
3
6
9
7
61
51
0
87
27
86
12
16
18
22
49
41
23
43
11
11
3
9
25
13
7
33
4
10
54
4
137
10
50
14
39
19
33
1
21
2
4
26
0
35
55
17
45
2
48
0
2
34
66
56
25
12
10
4
38
1
16
34
30
9
24
1
41
47
69
23
45
41
5
5
50
35
22
23
0
5
22
20
21
87
40
30
30
0
29
46
26
29
79
4
76
37
26
58
32
8
52
46
51
32
14
28
23
35
74
25
15
22
31
25
39
24
38
66
18
2
3
40
17
73
20
25
40
60
45
57
2
20
9
29
28
9
27
36
58
12
18
0
10
24
13
30
54
1
21
27
57
55
3
26
5
34
22
14
23
37
0
9
58
34
19
52
51
21
24
61
15
4
32
22
50
22
23
5
35
23
43
24
14
4
32
35
9
5
26
15
41
17
14
27
1
38
18
36
12
34
28
0
11
39
4
16
8
17
14
30
7
23
58
9
12
87
5
57
38
12
36
63
20
25
38
10
14
12
9
26
3
22
6
3
38
15
0
7
8
40
54
17
10
17
4
33
78
42
30
31
5
17
46
20
4
4
33
2
30
55
19
32
25
38
2
36
51
2
42
8
35
36
18
6
22
8
16
21
29
27
16
4
73
12
21
40
42
8
12
24
37
10
45
10
23
38
21
10
37
40
3
23
63
21
3
62
24
39
4
13
42
2
13
23
18
24
10
2
3
27
3
31
10
8
27
17
57
27
41
38
102
17
21
17
6
49
19
17
15
6
22
42
3
47
13
4
12
17
15
54
7
4
29
24
2
11
18
42
10
66
10
26
18
21
30
9
9
9
42
23
26
17
14
13
23
16
42
7
60
26
1
25
3
5
9
36
64
0
20
32
10
47
26
56
61
4
25
16
56
17
28
21
14
33
43
36
6
18
45
11
1
3
44
39
9
14
13
7
44
20
22
34
21
22
16
6
53
24
37
27
33
54
41
13
37
16
3
11
31
33
4
35
32
1
17
41
17
10
21
32
38
32
28
44
16
27
12
10
21
43
27
31
3
2
28
54
2
72
34
45
3
20
57
28
19
42
27
34
17
19
22
32
30
36
9
19
32
35
18
63
36
9
57
4
46
17
17
12
13
70
62
17
2
26
14
25
36
8
7
28
35
17
26
3
21
2
38
36
47
23
14
16
41
34
16
2
54
1
0
2
32
8
20
12
24
1
11
13
8
5
38
21
1
6
31
41
96
23
41
10
11
19
10
5
47
46
8
9
2
34
27
23
10
4
12
41
9
12
31
18
11
12
16
15
32
46
33
29
3
67
29
2
5
21
0
28
15
5
73
25
7
14
16
15
2
9
28
3
3
14
15
7
10
1
6
32
43
17
17
2
0
24
10
5
6
10
14
33
29
4
31
20
29
7
5
27
14
2
38
26
26
57
53
15
1
40
15
45
39
11
8
10
6
25
18
42
7
36
12
9
8
18
25
26
1
10
3
23
24
16
3
40
1
28
16
27
7
29
6
32
26
1
15
1
12
33
59
10
27
8
16
17
28
51
3
1
22
4
25
4
38
11
27
2
29
6
12
7
14
21
7
21
11
6
0
34
0
8
2
30
24
17
9
37
48
29
7
4
2
5
7
33
16
5
13
0
17
33
5
3
38
7
15
8
23
14
0
11
8
39
33
1
10
3
9
28
18
31
15
2
4
1
37
1
43
36
2
29
13
30
3
28
31
2
9
19
34
23
11
1
1
76
6
28
23
13
2
16
2
1
8
6
28
1
1
8
28
4
4
20
18
12
36
34
21
6
43
20
21
32
26
19
3
18
30
3
6
12
29
1
8
6
11
2
44
23
14
36
43
12
26
24
9
23
11
3
20
31
12
22
26
5
27
1
5
10
9
27
9
26
4
25
20
23
46
3
22
4
7
36
17
17
26
4
28
10
11
15
17
2
6
32
8
10
4
15
5
4
12
10
14
5
20
10
12
6
32
0
32
6
2
22
10
9
0
3
8
0
8
35
7
12
6
4
13
25
23
2
3
3
11
26
3
10
13
20
32
11
19
28
4
31
21
3
10
23
7
3
28
21
7
16
21
23
2
10
11
19
8
17
22
24
19
3
3
4
15
5
10
16
11
36
34
10
0
14
4
2
14
20
11
33
20
0
6
39
15
0
8
29
3
1
13
19
9
0
26
26
28
11
0
9
34
9
0
11
22
10
31
14
22
2
60
5
4
0
9
3
11
21
3
9
17
14
28
14
35
5
42
2
18
9
10
15
4
25
3
33
19
4
4
16
11
11
11
1
3
19
27
13
13
32
27
8
20
2
9
2
11
14
20
12
11
1
15
11
10
26
10
27
2
8
5
23
23
17
11
5
13
5
15
4
1
19
7
10
13
22
0
12
2
2
2
27
23
3
37
13
2
5
25
18
4
21
1
9
17
32
22
3
19
6
1
30
12
11
17
10
7
17
11
11
10
30
16
22
16
6
12
1
12
7
5
2
0
11
16
14
0
2
1
7
12
28
7
15
12
0
11
7
11
11
30
18
3
11
7
12
5
5
12
32
7
11
9
2
2
2
10
7
20
0
10
3
0
5
9
9
12
17
3
8
3
15
9
1
13
4
1
5
10
1
7
3
6
10
2
16
10
8
11
0
16
1
2
12
20
10
7
13
3
10
20
7
10
20
0
4
4
10
10
18
8
14
1
16
3
15
3
2
13
12
12
1
4
2
3
9
19
6
9
5
2
8
4
2
9
5
8
14
8
17
11
1
6
13
10
2
8
3
7
5
5
2
2
4
5
8
0
6
9
2
0
3
10
1
4
4
4
1
6
2
9
6
8
2
0
1
3
5
1
1
1
1
3
2
1
1
1
1
0
3
1
1
1
0
