14
21
13
8
4
4
6
3
5
107
10
20
1
31
50
26
4
15
31
24
9
13
23
68
41
61
17
9
2
24
23
26
14
16
11
26
20
82
19
53
0
40
46
37
71
55
49
26
25
23
40
18
11
6
8
27
24
1
21
21
24
19
35
3
15
53
40
23
7
12
40
19
33
40
130
50
20
20
2
26
28
26
32
7
6
17
3
2
41
34
8
41
32
19
27
28
69
64
63
51
53
7
34
7
45
81
21
44
5
32
1
6
42
59
32
44
82
66
32
16
19
40
20
11
47
43
59
84
35
39
9
47
82
81
33
48
3
11
107
80
15
70
74
113
45
21
35
26
49
18
46
11
113
17
26
94
94
60
71
50
36
39
60
3
10
9
72
49
100
25
10
6
20
26
16
3
46
70
15
11
5
40
46
63
31
35
10
1
43
0
20
108
45
22
39
56
75
2
78
20
27
25
38
60
10
43
11
47
91
83
48
18
21
101
11
131
14
62
44
18
95
20
26
86
31
13
62
41
99
106
66
23
50
64
8
90
53
50
20
4
17
84
35
80
36
42
108
47
4
37
90
8
18
11
35
2
13
26
137
36
3
25
52
79
32
25
8
33
48
64
57
36
83
25
79
16
24
16
35
5
58
43
0
53
86
79
53
95
10
55
14
106
32
19
71
29
21
73
53
150
26
45
46
2
5
28
19
38
20
24
18
38
53
16
151
41
13
36
2
47
41
12
70
4
13
51
33
25
20
1
12
27
151
155
67
32
33
7
3
47
17
40
21
21
2
26
43
16
31
26
88
53
9
59
29
11
20
25
119
10
4
44
6
47
81
51
3
32
25
11
37
82
79
26
16
106
49
23
35
73
30
52
18
50
73
8
26
48
55
38
64
89
32
3
37
35
109
17
93
5
28
91
20
100
42
4
4
10
10
27
24
33
4
106
80
5
97
32
55
46
39
61
34
39
58
107
38
21
22
42
1
29
122
7
62
12
62
41
6
18
2
50
89
30
26
36
4
44
16
23
17
12
115
48
54
10
33
43
30
60
84
16
34
1
62
75
67
12
26
32
20
27
57
12
0
22
106
37
27
61
15
11
19
64
40
10
45
17
52
80
21
57
26
58
56
69
61
102
11
31
70
29
8
9
20
11
4
22
31
18
63
4
36
4
13
46
64
106
130
27
2
14
21
52
13
32
6
52
13
51
15
16
44
41
19
77
55
1
87
70
33
65
56
72
63
15
47
42
33
40
70
20
6
95
87
12
35
55
26
19
5
5
20
33
24
21
32
58
19
17
28
13
51
45
27
10
40
14
6
65
14
82
99
77
61
38
140
108
49
1
61
39
22
28
85
27
60
79
29
53
50
64
2
10
6
30
44
13
21
84
10
83
48
40
33
88
29
24
38
19
3
19
19
28
16
18
67
56
76
5
16
36
52
39
23
20
5
80
17
35
58
9
40
98
34
61
44
55
18
44
55
83
26
23
33
26
37
35
71
8
54
25
62
47
36
3
83
52
28
25
73
50
13
34
17
26
15
5
14
17
79
27
31
21
14
10
25
1
28
15
25
114
50
82
33
47
1
4
22
75
67
35
3
32
67
21
94
34
31
15
39
75
0
44
0
42
27
22
70
39
52
7
57
14
19
19
26
69
10
31
65
36
17
4
39
74
28
17
16
54
52
15
8
63
15
25
28
45
6
42
19
10
11
60
82
102
1
12
35
78
2
52
2
46
22
17
34
75
51
7
78
52
17
11
71
36
32
3
53
72
14
81
36
18
104
7
46
48
8
15
68
4
24
16
21
12
1
30
18
40
10
16
54
37
3
5
45
13
39
7
14
6
1
31
33
14
35
85
31
26
2
67
23
12
9
27
52
34
2
54
25
23
34
73
83
88
106
5
54
8
26
9
55
34
16
112
35
42
31
25
67
39
7
100
44
21
90
27
5
25
17
58
17
23
50
70
2
63
40
21
69
4
88
61
7
88
37
81
60
10
36
60
13
31
17
39
107
27
3
48
20
20
10
14
46
5
6
72
75
46
99
63
45
23
71
26
43
45
43
16
38
75
44
57
7
8
46
21
19
32
26
21
74
64
45
2
93
8
25
53
10
24
36
60
19
29
18
13
13
3
36
12
32
17
14
42
15
30
9
16
22
40
63
13
2
12
57
1
26
47
38
2
58
2
25
30
45
14
59
78
42
9
2
29
53
32
101
1
53
11
23
3
70
37
55
37
35
26
12
10
17
35
26
40
18
41
20
61
16
33
15
54
29
62
26
0
101
58
4
26
7
30
79
31
57
25
64
76
68
57
11
23
77
21
33
17
43
27
21
27
43
41
44
40
0
69
43
8
33
10
34
18
63
7
1
74
14
22
56
2
3
108
14
31
34
54
14
11
35
4
57
15
67
13
26
12
26
73
31
9
73
15
81
2
52
7
34
20
79
17
12
10
14
35
12
56
14
35
64
8
62
81
5
27
0
34
2
23
31
16
16
27
36
16
45
19
23
82
49
7
0
27
23
28
21
17
9
30
3
8
22
15
90
59
87
13
89
63
27
43
15
5
45
45
42
35
12
43
5
6
18
27
29
42
48
15
27
16
53
22
94
48
15
73
40
28
6
7
18
1
51
84
25
29
99
57
2
51
59
33
52
5
20
2
12
28
9
33
3
12
8
3
26
74
25
23
33
33
25
50
11
68
48
46
3
69
71
8
37
25
18
50
34
2
106
5
43
26
9
40
6
48
66
42
15
32
4
52
52
9
5
18
37
9
40
17
52
24
2
5
11
36
21
40
22
28
40
51
76
19
8
35
27
48
43
10
39
52
0
12
42
20
18
62
58
20
68
8
45
38
27
16
40
11
24
59
17
7
49
26
33
19
49
20
7
32
85
63
61
19
7
43
13
28
16
69
48
27
69
32
81
9
78
83
30
22
42
35
18
59
102
7
52
37
33
4
0
23
22
20
15
52
10
43
53
10
51
38
82
20
4
13
55
81
5
53
22
111
15
61
35
1
36
17
56
11
45
41
1
29
39
28
19
54
8
99
7
61
27
71
65
15
33
41
41
33
74
29
34
33
67
64
13
123
9
31
8
40
27
11
16
8
1
82
41
8
61
46
9
60
34
12
78
36
64
114
49
43
28
37
39
5
8
48
31
54
15
34
43
6
43
83
37
15
12
2
6
33
76
67
1
76
74
25
8
56
7
53
56
9
31
39
50
6
23
1
37
50
54
30
11
38
79
12
16
60
61
29
87
29
33
4
28
25
40
27
48
45
8
30
33
18
61
5
17
19
32
0
36
8
25
29
39
50
2
33
12
7
4
22
22
10
18
5
40
19
34
25
34
35
61
29
11
1
51
54
59
13
18
31
14
14
46
48
52
36
9
56
7
34
6
41
10
48
64
4
56
9
78
18
48
7
35
39
8
10
10
17
12
46
84
68
34
60
52
15
27
52
7
9
1
8
43
17
54
14
80
8
5
26
63
17
2
24
16
38
58
19
51
34
45
38
76
55
28
104
75
36
79
56
18
43
19
15
12
22
52
31
24
66
4
13
20
3
19
16
80
22
17
10
21
9
75
55
14
3
22
68
43
36
55
83
55
22
80
78
33
28
2
14
27
22
8
71
7
18
11
41
36
32
16
4
21
59
32
40
13
64
12
22
28
30
2
43
59
24
30
17
5
8
11
16
75
25
19
5
1
15
5
77
43
11
34
19
34
40
15
7
83
44
20
13
53
78
34
15
19
32
1
15
26
47
20
30
3
63
6
1
55
60
20
45
60
53
35
43
80
37
52
10
89
49
32
26
55
58
6
33
25
16
81
12
56
33
28
13
12
26
61
1
35
6
52
2
21
1
8
20
37
58
26
62
24
14
27
9
31
6
23
5
34
8
7
62
56
48
77
70
21
50
22
34
3
18
24
7
69
43
41
20
24
60
24
66
6
44
24
21
27
23
23
71
50
22
28
10
52
43
83
16
94
38
66
25
51
2
29
63
11
2
24
13
15
5
42
31
15
21
87
21
32
39
60
23
3
26
52
50
16
39
34
5
91
46
17
19
56
21
8
25
2
10
40
48
9
72
0
31
30
97
17
94
20
6
8
44
33
21
50
8
67
22
109
8
29
4
23
23
34
50
38
35
79
23
11
0
8
63
12
22
52
20
9
5
75
7
72
22
19
5
6
14
32
32
4
36
1
10
5
42
4
1
9
19
14
33
32
22
37
57
54
35
21
31
35
35
59
20
16
41
24
35
43
18
4
28
2
27
14
6
15
30
49
18
85
5
27
9
1
13
3
12
25
23
15
84
38
64
27
5
33
20
4
62
25
22
65
9
41
41
24
9
20
17
8
3
19
20
26
53
22
25
1
15
7
17
25
38
38
5
67
10
1
73
72
28
34
15
24
1
16
41
33
9
7
29
45
29
33
10
24
38
20
1
7
10
17
10
22
65
35
3
7
15
65
5
12
17
25
11
51
35
31
66
4
7
17
43
14
17
6
36
30
33
7
28
10
11
31
0
85
16
1
40
0
0
74
9
39
31
20
73
15
22
26
35
13
1
8
18
36
2
41
41
37
19
76
12
4
21
21
4
11
31
20
4
27
37
0
46
12
42
11
36
32
25
14
22
5
29
55
60
16
7
30
17
4
2
4
48
12
14
4
6
0
0
25
30
11
20
16
54
29
16
35
10
2
19
4
2
10
12
13
50
17
2
2
6
17
13
33
5
48
3
26
4
17
21
4
40
34
16
14
17
12
60
65
34
4
9
56
24
60
42
6
4
3
30
23
7
78
15
33
8
8
11
44
2
2
36
29
12
4
3
41
37
26
9
17
15
37
11
19
10
14
23
4
24
12
10
31
17
7
25
3
11
29
12
28
21
7
41
9
21
21
9
55
84
61
4
39
34
39
16
11
20
32
61
24
18
47
22
31
21
30
27
1
49
52
37
41
43
15
13
15
7
40
4
8
15
28
45
38
17
22
2
27
6
10
8
9
30
3
50
9
1
24
12
6
5
20
45
40
10
25
29
8
4
23
25
14
40
37
39
3
21
2
1
38
9
18
19
59
9
8
13
1
4
46
39
25
6
2
6
4
47
5
44
26
12
18
24
3
24
10
14
36
13
33
9
5
14
34
38
6
41
20
22
9
26
0
0
10
21
12
3
31
2
39
21
26
3
1
27
3
12
41
52
15
0
7
12
6
30
19
27
33
30
12
5
12
35
14
1
31
36
13
31
48
1
13
16
9
39
2
1
14
60
10
15
6
25
13
6
33
10
5
47
23
18
17
41
10
13
49
5
39
62
13
16
34
21
25
2
28
23
9
4
16
53
6
0
2
21
15
15
21
3
59
11
1
7
38
44
6
27
0
34
45
25
19
22
44
20
21
44
11
5
46
9
5
11
4
3
31
67
66
8
25
1
7
7
18
36
21
9
8
19
4
8
4
0
7
6
2
44
24
10
8
19
7
25
13
5
33
42
40
46
7
1
11
12
15
35
1
19
33
13
23
17
24
20
8
46
36
13
7
9
22
1
32
7
7
11
24
24
19
44
0
14
11
4
24
11
13
10
21
22
32
9
17
0
16
1
34
16
11
17
4
47
33
36
5
10
10
7
27
2
25
23
24
7
28
10
15
5
5
21
23
19
10
27
29
1
9
18
3
8
30
6
3
32
8
6
34
5
11
36
34
14
4
1
16
26
28
4
21
11
23
6
4
6
7
43
11
23
0
26
20
20
10
8
10
30
18
48
2
32
17
3
10
9
33
31
1
15
27
14
7
4
9
20
12
12
13
11
2
0
22
32
14
2
11
7
10
18
4
25
33
19
14
10
17
17
2
19
8
1
21
41
20
6
32
15
7
19
11
15
10
38
2
12
4
31
30
52
12
15
17
8
7
8
9
17
12
10
35
22
1
7
15
6
0
10
5
5
2
4
3
9
16
16
28
17
21
27
1
31
1
15
20
21
5
31
21
21
15
31
10
8
9
34
19
9
16
0
20
25
18
6
11
13
15
20
22
9
14
5
23
2
11
6
12
15
2
2
15
32
3
22
12
2
32
3
33
18
1
23
6
7
14
6
25
3
4
16
27
11
5
3
5
37
39
10
15
6
16
50
6
29
5
5
8
22
22
16
20
8
3
13
6
11
15
1
9
3
14
2
28
10
3
10
5
10
3
7
6
19
4
20
25
31
18
5
18
1
4
11
9
6
19
4
3
28
0
4
1
20
26
4
6
8
18
7
3
13
18
15
12
13
12
17
1
33
29
10
10
6
27
6
14
20
14
18
16
17
18
16
1
6
21
6
18
4
4
3
20
33
5
20
1
26
22
3
12
7
2
2
15
5
19
0
14
3
19
5
3
12
0
18
11
23
5
3
14
18
1
6
4
1
11
24
17
2
5
7
9
20
24
11
18
1
6
6
8
1
1
14
6
7
14
10
18
14
25
10
5
2
1
15
1
19
2
15
22
2
12
5
15
1
7
0
11
15
3
11
3
11
2
10
4
11
5
1
9
6
2
6
16
3
0
13
5
4
1
0
6
12
5
3
6
4
19
4
4
4
7
5
8
11
3
1
6
4
9
1
1
8
0
3
9
2
2
14
2
2
0
4
1
5
2
1
5
1
1
1
2
6
8
4
1
5
0
3
5
1
5
1
3
2
0
0
2
6
1
3
6
1
7
6
2
4
2
1
3
2
0
1
1
0
