5
17
25
31
1
12
96
12
32
14
32
1
4
30
12
52
9
31
36
40
9
75
34
12
2
25
6
12
19
26
1
0
18
72
12
28
33
81
25
27
53
23
75
47
99
7
1
10
24
30
30
45
8
52
55
18
26
49
25
14
60
53
39
17
20
20
73
2
13
17
19
36
2
4
61
47
13
15
4
92
36
57
48
78
43
87
78
51
37
36
25
18
98
30
5
25
35
73
70
95
6
83
27
42
17
49
48
29
6
41
48
96
34
1
94
66
5
69
34
21
40
18
112
12
35
92
38
19
33
43
109
18
3
9
26
65
8
22
62
10
36
108
32
43
18
81
11
48
14
13
68
53
55
51
63
37
20
10
6
66
5
93
48
15
1
40
25
25
23
14
5
84
14
0
103
19
9
36
9
46
14
12
63
8
65
11
158
124
26
21
45
78
7
72
39
51
59
17
4
7
164
104
32
21
18
38
21
17
21
82
30
39
80
37
37
3
124
27
48
68
32
18
45
7
46
10
64
46
9
27
23
11
57
46
17
6
33
28
2
47
51
88
58
31
33
43
22
65
16
15
100
19
76
5
27
24
64
20
47
29
98
60
24
80
68
82
30
24
25
41
1
44
62
84
33
9
70
14
19
3
60
54
10
37
87
13
2
10
101
88
16
12
49
15
32
18
34
2
110
39
53
3
60
46
81
102
18
11
6
8
23
53
133
44
31
7
37
60
38
6
40
21
14
102
73
127
7
94
20
31
8
43
53
45
59
33
32
64
34
73
62
22
33
27
71
31
36
48
101
29
23
57
3
14
7
55
105
10
88
111
24
78
56
40
27
70
3
19
35
15
61
74
56
68
40
23
96
27
51
47
32
76
11
2
102
19
125
35
23
104
17
8
83
60
64
47
27
53
50
47
8
34
12
10
24
42
2
115
17
92
22
2
27
91
101
48
1
18
67
72
13
34
6
58
5
43
15
4
54
42
112
22
7
7
29
39
33
3
72
27
81
110
1
19
14
9
117
27
106
31
44
26
58
11
38
18
12
25
22
34
60
79
14
86
77
13
43
6
27
90
9
47
21
86
45
46
16
34
51
45
18
22
14
27
69
59
37
1
36
5
103
18
28
6
67
81
95
9
7
15
82
26
43
43
15
75
26
0
38
3
14
36
18
75
14
30
80
94
65
15
67
22
64
27
43
23
13
9
33
44
47
34
95
4
24
22
32
45
40
2
23
84
75
7
6
45
81
56
12
40
95
74
36
5
7
24
4
44
30
12
43
86
27
33
90
15
56
42
63
68
32
83
28
65
52
85
14
38
30
81
58
28
64
60
20
20
13
41
64
5
77
10
66
60
30
73
23
53
35
24
45
33
68
74
93
26
50
30
58
2
99
47
75
58
93
22
65
45
1
31
6
0
13
9
11
94
23
9
79
54
31
57
89
31
40
20
31
5
26
114
62
44
72
74
57
9
80
53
28
57
106
53
32
4
18
16
43
41
74
3
75
21
50
2
11
58
71
61
67
6
24
14
68
76
8
2
142
14
22
20
9
58
53
53
19
65
51
77
7
24
34
22
80
20
127
89
118
55
76
61
20
100
54
39
53
85
11
18
67
25
5
59
27
105
18
31
46
42
100
34
44
89
78
19
36
41
15
37
50
50
1
21
37
7
43
42
0
45
12
9
15
3
28
58
75
78
5
47
34
16
23
8
4
6
13
48
36
43
21
2
42
57
5
36
42
19
85
23
108
45
35
33
21
59
76
1
30
67
34
11
54
65
28
43
88
28
36
10
4
84
22
2
16
62
88
45
13
39
92
41
25
38
42
7
16
38
18
28
52
22
3
0
126
46
28
40
17
96
61
73
4
113
59
42
49
46
17
47
19
140
10
62
34
117
69
16
9
100
130
77
3
10
95
98
53
12
29
63
85
17
13
3
37
58
12
2
43
40
73
74
26
31
79
17
23
19
3
96
36
116
78
2
27
101
13
26
78
16
49
103
15
31
35
76
106
45
3
31
10
7
4
22
13
36
8
57
46
76
36
51
36
31
74
43
37
31
8
18
59
14
42
109
62
18
37
6
29
59
70
31
18
2
18
71
72
58
34
29
44
20
21
46
76
6
129
44
14
27
37
39
15
33
85
7
8
35
23
51
39
6
3
33
9
47
2
40
21
46
63
28
36
2
14
16
89
10
0
30
10
40
44
101
31
39
48
53
69
21
51
47
39
53
62
18
8
6
24
80
113
18
54
13
49
8
79
9
6
36
7
3
97
2
67
12
13
59
38
143
64
26
29
52
5
98
16
55
1
17
24
32
50
39
47
5
60
51
37
70
65
25
41
62
59
27
14
8
55
13
30
6
6
28
19
29
14
32
22
35
47
3
18
35
44
28
58
62
5
43
2
5
137
90
51
26
33
38
37
10
30
46
60
35
10
28
71
77
43
30
3
5
96
33
92
90
52
45
34
9
26
66
2
2
4
64
66
79
21
47
34
33
35
16
45
44
3
62
36
35
28
10
31
38
70
3
31
50
9
21
39
29
40
72
25
61
1
41
24
22
41
7
4
56
1
60
10
27
22
11
9
16
24
30
11
17
5
33
10
1
93
59
65
75
18
51
33
103
25
22
54
55
43
59
50
27
30
7
2
24
6
12
30
44
74
66
15
13
48
0
33
70
39
12
54
70
48
55
6
24
20
71
96
37
7
23
11
34
21
52
71
24
20
40
11
114
3
99
3
14
10
26
4
22
43
4
5
16
71
80
28
23
24
32
34
25
1
65
13
3
18
39
24
38
5
37
14
1
44
6
14
4
39
33
14
24
28
50
18
29
9
27
5
15
69
51
25
15
77
83
39
47
24
27
15
3
1
30
6
3
3
39
12
14
17
34
36
89
25
19
53
82
23
6
61
42
21
26
18
87
67
10
62
6
24
20
42
3
69
36
5
8
1
6
40
10
4
22
33
74
14
0
65
4
14
28
9
5
47
27
86
35
67
57
21
39
56
24
12
5
47
33
100
45
54
12
6
41
59
7
55
29
29
25
5
12
94
41
12
27
24
4
4
9
73
56
58
34
97
95
48
40
46
37
15
7
34
7
43
3
52
75
52
47
5
67
57
8
43
28
18
44
48
31
42
35
2
93
14
10
76
38
33
26
0
18
24
23
1
22
96
24
12
5
19
12
33
1
25
78
53
19
19
47
2
23
6
34
24
14
23
2
13
36
55
49
64
12
42
68
29
2
24
25
56
1
55
33
19
5
22
11
47
25
32
30
34
50
55
1
49
17
15
50
9
16
39
8
18
68
64
17
27
81
76
41
67
24
41
19
40
1
78
32
99
11
17
21
4
13
25
5
39
36
1
50
1
19
63
58
6
22
27
18
1
5
56
11
26
24
23
48
35
15
16
14
4
34
89
46
4
4
7
52
20
7
43
21
55
5
22
4
37
5
35
97
34
14
10
17
13
37
22
38
80
54
79
19
5
31
12
34
38
4
44
1
14
17
47
0
14
90
53
82
62
63
6
22
27
55
57
26
36
32
4
37
73
9
27
6
26
42
11
16
0
2
17
5
43
31
20
18
76
40
68
26
22
15
56
32
6
35
31
26
4
58
38
6
32
23
54
5
11
58
15
3
1
72
17
42
1
20
20
57
15
25
36
25
10
66
28
9
3
22
43
133
36
46
13
51
57
4
57
32
1
1
67
30
6
76
20
68
29
22
33
8
4
36
27
10
96
2
50
10
4
69
46
11
20
37
30
35
38
23
25
23
62
7
64
56
55
46
14
8
27
12
21
13
45
18
2
57
8
11
28
45
49
83
10
32
63
35
8
20
22
101
3
19
32
4
37
23
34
48
7
36
8
27
33
33
25
6
24
66
20
7
14
7
49
16
20
8
4
66
100
3
30
16
1
23
31
40
6
16
11
29
20
3
5
32
45
37
34
28
12
9
7
65
56
24
3
37
1
22
67
5
22
13
1
9
26
35
36
21
45
52
45
88
0
6
4
12
33
27
22
13
17
43
11
22
14
20
70
32
29
1
6
5
98
41
33
4
57
14
25
30
30
77
19
22
3
3
3
47
13
23
9
18
27
7
16
44
30
7
0
7
3
31
63
43
62
45
14
51
52
28
9
91
11
54
1
1
22
2
27
36
14
7
22
58
29
34
49
82
28
15
25
52
24
22
4
17
34
63
4
15
8
14
49
29
13
26
82
45
16
80
28
9
1
13
20
13
9
12
40
42
36
30
5
38
29
52
21
41
9
42
32
9
3
52
13
83
65
45
21
0
28
38
10
34
41
12
19
1
25
63
25
28
12
3
53
1
54
4
14
14
8
6
2
30
45
5
22
6
5
5
32
5
47
16
85
15
4
36
60
41
38
43
55
42
48
5
8
31
1
11
23
27
49
7
18
3
48
19
15
8
6
3
53
0
35
14
16
8
41
75
13
16
21
29
62
32
3
19
3
38
12
5
7
38
5
37
20
54
41
5
22
4
18
45
26
5
5
27
54
11
10
3
11
45
7
18
19
11
2
44
6
27
53
94
43
57
24
42
17
11
19
29
21
9
17
42
30
71
23
4
4
40
37
30
24
16
19
5
19
13
0
25
25
4
13
30
19
29
27
47
30
19
15
37
1
10
21
28
81
1
51
3
42
10
25
37
47
37
19
23
13
3
25
18
11
4
38
4
17
15
6
24
17
5
29
23
32
2
65
13
46
39
73
26
24
29
2
36
3
75
38
31
13
24
7
11
6
21
1
0
37
23
18
64
8
7
34
14
13
35
4
47
16
18
22
18
32
17
36
52
12
8
4
4
20
14
34
0
37
16
82
18
19
50
53
50
1
47
13
32
62
26
31
7
34
37
1
57
8
33
35
15
21
8
20
17
14
11
32
65
21
1
12
4
13
2
38
34
2
64
7
0
20
18
23
4
23
27
17
4
23
10
4
15
43
3
30
34
45
21
16
37
16
1
18
18
27
15
22
10
25
29
14
31
5
75
1
8
36
7
22
16
1
46
36
30
19
2
29
15
26
4
33
1
24
26
10
44
2
14
40
8
29
9
38
7
56
11
60
25
42
19
2
30
7
52
7
16
53
42
7
28
19
2
7
28
9
5
53
18
8
6
13
45
42
19
0
49
10
7
7
17
13
4
82
25
12
51
29
23
44
42
33
29
55
3
9
6
50
20
4
11
79
1
22
3
39
8
9
6
11
2
34
47
14
5
4
12
34
10
22
22
9
46
25
25
39
24
28
23
33
48
29
26
15
4
41
27
5
13
10
34
12
30
7
31
17
11
14
25
9
19
2
9
66
9
33
22
2
35
20
13
21
5
12
24
1
1
32
15
2
4
30
18
13
29
21
7
0
26
17
29
13
26
57
61
39
2
2
3
15
20
14
13
39
24
17
14
18
2
2
8
19
26
14
5
23
11
22
1
28
13
13
41
7
1
28
22
15
1
28
9
21
17
20
21
29
1
18
22
11
14
47
9
25
27
12
2
10
6
18
23
7
16
37
40
9
24
33
20
31
26
29
21
7
21
10
15
28
32
7
25
31
28
1
9
2
57
14
30
18
6
16
6
23
1
26
17
14
41
27
35
2
15
6
11
7
40
31
11
32
3
31
16
19
6
46
8
11
7
30
29
25
20
9
32
8
19
4
1
24
20
3
10
24
11
5
7
11
23
19
19
42
13
4
21
1
8
4
9
3
13
19
12
7
5
19
10
6
18
11
15
10
24
22
18
17
36
9
26
24
16
3
3
5
7
14
3
15
5
1
3
24
58
11
11
2
26
34
14
8
21
6
15
5
12
49
40
5
10
19
19
6
12
19
7
1
15
28
3
20
20
5
12
10
26
12
22
15
8
23
23
11
20
9
24
16
2
10
15
4
31
30
7
18
26
11
9
23
33
17
13
48
22
24
22
20
7
11
17
12
5
10
1
1
5
1
7
10
8
15
23
19
0
27
9
19
12
9
0
8
46
37
9
4
2
28
32
50
24
9
8
16
12
0
3
10
7
30
36
8
5
20
28
5
8
1
17
5
2
24
10
15
2
9
9
7
35
25
30
16
7
20
5
9
8
24
11
16
7
2
41
22
9
13
10
17
29
16
1
3
16
6
12
24
10
20
25
10
19
9
8
12
9
6
12
12
6
29
14
5
15
8
24
5
2
19
15
9
25
12
16
6
17
3
14
10
4
4
8
17
24
2
8
5
4
10
8
1
3
10
7
9
13
23
14
26
15
5
11
1
11
8
11
7
12
28
8
16
16
2
20
28
3
10
6
20
10
16
25
1
20
5
3
6
12
18
27
13
11
5
18
15
0
11
5
10
15
21
1
4
14
17
14
13
1
3
8
18
6
5
19
24
5
1
13
6
27
2
9
7
4
1
5
19
4
15
8
11
13
5
9
1
3
23
21
7
4
8
5
0
10
5
19
4
10
12
9
5
7
10
19
2
17
21
10
20
15
6
8
2
14
8
14
4
16
3
17
2
17
11
0
7
0
2
0
7
18
17
1
1
7
11
11
5
1
22
5
11
2
1
6
12
8
13
12
18
9
19
3
6
11
10
3
2
5
9
9
4
18
7
2
5
7
1
1
12
1
5
8
10
10
6
18
10
0
10
2
7
5
4
12
1
10
1
4
4
3
16
9
1
1
1
5
7
0
4
1
9
2
1
9
5
0
10
1
4
1
2
6
2
2
7
2
3
1
2
1
5
1
1
0
0
1
1
0
