1
67
34
27
21
1
79
8
34
1
13
40
42
46
6
1
22
12
29
19
26
9
10
86
47
20
8
17
28
66
75
24
19
17
3
0
46
35
29
18
23
23
77
24
38
42
78
25
99
66
31
24
26
4
43
31
22
9
51
31
18
30
29
49
137
22
8
37
46
20
25
17
9
26
33
22
51
3
32
19
31
48
39
57
12
21
27
14
4
31
41
30
50
31
45
5
21
45
88
37
14
58
0
50
18
11
31
68
54
42
31
123
36
45
143
76
23
77
42
86
37
13
14
27
54
49
28
19
62
32
41
80
56
67
53
61
71
85
37
55
66
8
26
74
19
10
7
70
78
21
83
0
110
21
38
0
72
94
47
43
42
120
73
76
95
54
38
22
22
77
48
71
32
32
31
7
78
33
91
62
7
28
25
2
30
44
48
80
25
41
87
68
110
8
22
12
19
31
47
15
11
64
72
40
36
9
69
40
15
62
127
25
47
40
71
80
93
7
20
40
55
65
27
88
21
92
29
0
52
103
78
89
54
5
54
33
124
38
30
3
37
13
85
12
31
95
7
32
13
24
2
27
39
9
30
43
38
88
28
11
3
70
39
13
9
111
53
26
37
67
28
86
12
26
110
78
11
74
14
5
43
5
93
52
95
17
3
27
56
40
34
26
26
28
5
75
72
48
91
47
28
15
26
6
37
49
17
42
10
27
35
133
101
26
33
99
26
7
38
12
28
45
11
20
48
7
17
58
78
33
65
18
62
21
10
30
14
2
74
45
15
18
5
22
66
45
17
41
41
35
6
26
48
27
12
50
5
42
25
138
10
11
10
116
20
4
60
91
6
35
102
82
8
25
36
62
17
44
11
91
21
16
34
17
43
55
107
53
11
30
58
90
5
1
48
61
14
139
102
24
28
85
26
0
96
144
40
92
48
18
15
34
31
4
6
57
8
23
47
4
38
60
49
29
34
40
70
3
5
25
12
57
54
5
20
60
63
45
40
58
12
6
21
37
41
79
94
21
7
44
23
9
24
31
15
32
54
45
72
2
38
2
55
1
21
29
54
16
21
53
17
5
41
68
43
53
60
111
5
12
30
85
43
33
35
105
79
13
3
60
79
72
53
38
90
99
7
3
28
67
79
63
3
28
19
68
1
37
24
9
62
94
59
18
84
27
8
52
31
5
77
76
71
25
5
73
1
99
2
25
40
61
48
22
28
27
8
103
4
2
58
25
23
10
2
11
72
49
10
1
28
74
5
34
11
91
18
32
27
8
40
20
2
9
6
108
56
105
35
10
35
19
83
12
38
31
41
0
44
111
79
36
67
35
45
18
7
42
79
6
98
50
18
6
25
43
9
29
77
64
45
89
27
99
53
27
48
16
62
81
56
17
35
27
109
41
37
18
3
67
67
83
46
53
67
2
5
33
15
60
4
36
3
25
19
26
22
48
22
2
29
59
17
7
49
1
47
8
47
3
96
45
32
11
34
54
76
1
25
11
84
54
92
52
50
14
21
35
91
2
2
16
42
23
29
14
36
28
46
0
36
19
80
8
53
19
8
76
17
8
2
8
52
26
17
74
12
67
24
1
70
51
28
47
45
23
12
42
31
67
83
69
108
89
31
35
121
79
34
10
28
47
50
16
1
28
32
72
0
57
52
57
8
33
23
87
93
64
37
66
70
6
11
35
10
54
13
38
68
90
11
41
13
42
76
34
46
24
3
14
5
13
29
34
7
117
69
72
15
52
30
49
5
116
33
13
6
32
43
66
38
76
32
56
58
22
25
34
89
38
70
12
4
22
37
89
23
55
0
6
20
14
38
30
22
69
0
3
69
16
37
22
62
11
52
3
73
9
25
32
14
17
6
88
123
43
73
67
26
12
67
29
29
89
11
10
46
27
61
43
1
35
20
18
47
79
24
3
19
13
20
47
114
93
9
46
29
9
56
17
39
32
49
8
32
43
1
9
74
17
8
18
84
89
54
13
7
75
57
123
31
4
45
42
6
11
9
7
62
45
19
9
55
43
29
15
37
107
73
47
24
19
52
23
3
39
19
60
22
54
105
38
11
16
44
2
53
145
37
13
20
46
9
6
28
42
12
41
4
25
43
39
17
14
5
20
7
78
19
34
84
20
2
29
41
73
46
56
36
4
20
37
15
17
10
7
92
110
7
70
114
5
9
47
46
6
25
18
29
43
28
15
7
29
95
91
59
43
44
16
71
37
27
72
3
21
16
7
40
29
1
6
38
28
33
17
77
15
15
28
0
25
3
107
21
12
1
30
30
25
108
60
16
59
17
29
64
57
42
8
3
38
17
45
12
18
88
22
37
13
45
51
13
52
114
32
2
9
8
14
66
31
18
23
17
3
17
3
10
41
73
30
12
25
40
32
21
42
53
2
1
86
17
28
63
9
81
77
1
80
38
29
26
24
54
7
8
79
16
13
28
48
45
26
22
40
4
40
5
4
60
40
41
48
23
20
55
14
51
39
37
65
68
27
48
59
15
78
10
15
14
68
31
6
44
12
28
21
95
3
12
48
18
18
18
36
40
36
6
45
28
29
35
46
53
45
26
34
51
44
21
16
5
89
12
9
6
17
19
0
64
9
45
27
8
35
25
22
46
13
96
17
53
34
63
48
53
29
18
82
31
62
56
22
66
7
25
48
5
84
1
30
58
26
8
56
52
85
61
37
37
47
64
3
25
15
11
43
3
3
24
44
40
9
46
42
41
32
12
16
89
23
6
10
13
9
8
5
16
10
15
66
31
45
56
13
34
35
29
32
71
62
50
79
30
51
67
54
61
114
25
11
97
14
23
6
29
29
60
3
7
20
4
36
40
27
11
53
29
52
60
48
10
24
33
74
4
44
45
59
16
14
0
1
16
48
6
22
40
54
75
44
35
0
52
69
40
76
4
28
32
18
11
3
17
1
60
14
17
32
12
103
52
40
63
40
28
31
19
40
8
5
38
42
11
49
72
40
2
56
22
29
15
17
22
19
47
61
27
43
49
1
32
7
34
75
32
2
51
37
5
36
51
39
17
4
35
9
89
12
13
9
89
67
7
32
45
21
37
35
53
2
8
8
14
23
32
13
47
7
33
5
61
44
110
2
46
53
43
27
85
23
30
18
70
2
1
12
57
15
6
1
24
45
13
18
22
11
11
66
4
16
83
54
73
36
63
12
57
18
2
25
2
36
69
10
24
12
5
21
38
21
8
14
53
9
26
16
34
37
15
5
12
100
8
3
10
37
5
17
16
9
28
55
45
1
66
18
10
53
10
49
37
31
33
21
30
26
63
66
33
64
68
28
24
10
4
28
32
25
20
75
15
12
2
48
37
28
6
76
32
15
28
12
31
6
8
40
65
26
36
33
24
14
9
48
1
18
31
49
17
58
20
0
65
14
36
26
42
42
82
29
39
33
4
64
7
58
21
36
12
47
0
24
60
6
6
21
21
55
30
34
21
29
44
11
28
14
1
25
48
47
95
9
15
31
24
39
43
65
63
1
16
10
17
20
2
38
14
3
28
30
36
30
7
27
5
8
10
41
3
37
31
14
12
38
33
19
31
1
35
7
21
28
3
37
12
51
87
6
115
53
2
49
78
32
81
21
25
0
12
15
62
2
62
12
21
10
29
53
6
22
46
81
7
1
18
65
45
21
25
0
31
13
14
36
49
64
37
72
40
31
19
19
3
11
49
37
17
45
19
17
12
17
4
1
14
2
33
7
33
22
50
3
9
49
17
56
17
44
7
11
25
31
15
4
23
11
61
44
28
50
53
27
23
18
20
39
67
32
52
46
23
42
102
24
66
16
2
21
34
23
51
11
21
4
95
2
52
13
77
3
14
5
57
27
22
8
80
52
22
12
6
21
19
39
30
28
31
16
72
51
28
1
39
57
5
73
12
9
4
41
74
8
41
55
62
64
24
107
5
2
16
15
6
26
61
87
19
31
7
3
5
42
60
36
10
2
54
32
43
12
7
11
29
20
29
16
8
13
68
41
63
22
38
68
30
63
25
35
43
39
12
1
47
30
33
38
38
19
41
20
28
9
35
54
22
7
61
23
22
40
8
6
8
8
68
20
34
41
7
50
48
59
28
2
6
13
44
40
77
40
70
32
24
66
46
32
0
40
25
29
18
6
45
22
32
4
73
53
24
6
15
8
41
13
32
32
28
6
28
15
28
34
33
0
15
70
13
37
15
16
11
43
1
9
28
2
36
25
61
24
10
50
7
22
24
101
14
4
59
0
15
84
50
4
0
39
10
87
28
21
27
24
50
37
17
34
7
1
16
55
36
13
7
9
18
13
38
37
40
14
64
7
16
45
36
47
11
3
52
22
23
54
14
3
35
17
35
49
36
77
33
65
97
56
6
34
20
48
27
46
3
2
8
37
24
74
3
20
9
30
28
51
50
8
47
44
3
6
35
28
5
22
10
64
32
18
14
43
16
9
11
10
26
11
61
49
47
30
8
52
7
31
15
61
15
29
22
8
46
10
55
14
25
11
61
5
58
30
18
63
9
38
40
30
4
59
5
34
2
27
23
9
8
24
8
24
1
31
51
21
29
55
23
32
36
20
8
1
32
1
9
60
31
14
21
32
12
21
9
46
49
13
50
24
6
17
14
3
37
24
20
8
17
11
24
61
38
25
46
46
7
84
3
2
36
45
20
24
19
15
20
18
57
1
22
18
4
9
22
73
13
16
1
70
44
6
13
26
51
31
19
25
29
2
94
22
45
9
27
7
68
7
13
41
8
33
13
4
32
57
38
9
3
16
22
17
31
27
23
9
16
1
26
6
21
42
28
7
10
52
49
34
1
3
18
2
35
39
30
64
8
60
18
8
72
6
3
61
34
42
6
29
14
9
9
13
23
3
6
16
33
21
31
40
65
31
24
4
7
11
2
23
15
33
13
20
9
34
11
62
18
8
17
3
29
26
34
18
38
14
17
65
0
47
25
5
67
22
17
7
11
43
32
22
2
29
11
30
28
26
13
48
8
9
16
47
29
41
8
22
11
23
48
9
46
27
42
32
1
19
5
19
8
6
15
11
37
29
20
40
11
4
5
46
44
12
7
19
44
7
12
27
35
30
45
34
18
12
12
29
14
26
71
39
21
9
14
41
30
85
10
21
6
3
60
18
21
27
12
5
23
45
9
29
12
26
14
36
17
28
30
24
17
44
0
17
7
2
3
22
5
20
26
17
37
33
36
42
2
14
4
19
5
4
11
30
24
35
54
11
23
40
27
36
28
10
24
5
1
33
23
7
39
17
2
29
30
24
1
12
51
18
5
10
26
11
7
28
7
9
13
38
4
47
39
37
10
25
13
51
16
35
28
34
4
10
0
36
61
32
43
33
15
9
9
9
8
34
28
0
0
6
34
26
41
9
9
33
11
16
59
39
11
2
25
9
2
31
31
14
69
0
13
33
17
20
34
9
23
15
25
14
34
5
7
6
2
16
22
36
15
44
20
1
50
17
35
18
2
14
13
1
13
13
17
18
24
14
1
3
8
14
8
5
29
27
2
13
60
29
20
11
11
29
5
32
19
11
2
33
19
14
7
8
49
1
29
13
27
12
7
11
24
1
28
9
9
5
5
5
23
36
24
6
11
8
10
3
6
25
10
29
6
35
42
6
3
65
4
36
31
1
13
8
18
14
25
19
13
34
13
44
8
5
16
21
7
6
29
8
9
12
4
38
45
17
36
16
9
10
11
28
2
9
14
23
26
9
31
2
24
9
28
38
44
7
58
15
1
6
8
3
27
48
11
4
11
4
31
1
4
24
10
15
18
8
27
4
28
14
7
46
24
29
7
41
4
11
12
19
23
13
19
17
20
11
16
11
13
16
5
15
5
35
8
19
19
10
27
8
1
57
43
17
3
21
11
27
1
23
8
2
2
3
32
14
11
23
5
51
19
13
30
14
32
21
9
7
6
30
19
7
23
14
29
9
27
6
4
2
34
12
1
3
6
33
6
11
3
13
2
2
7
5
21
17
35
3
15
29
17
35
17
15
3
11
33
20
3
4
4
20
15
35
27
0
7
5
36
13
16
15
6
15
22
18
2
2
6
25
4
15
30
12
35
14
3
30
3
34
6
4
22
20
36
6
4
7
25
6
8
2
13
0
5
8
31
27
2
15
25
14
31
20
21
13
2
25
22
1
13
5
30
13
19
5
15
2
9
8
6
20
14
2
16
13
26
11
22
20
6
19
4
16
27
1
1
14
17
38
16
22
4
6
5
27
3
2
8
27
18
7
4
0
10
0
9
2
2
24
22
18
10
8
4
0
9
38
13
11
2
5
6
1
14
13
9
23
12
9
7
6
13
6
0
9
8
9
3
9
3
12
7
6
3
5
25
13
11
8
19
15
10
5
6
33
1
2
7
18
10
5
24
12
8
11
14
22
6
6
31
9
4
6
13
7
3
14
1
1
4
11
10
7
1
13
1
6
24
9
15
21
8
8
3
0
4
3
9
14
7
5
20
12
15
2
4
11
16
10
13
4
13
3
1
6
1
11
7
5
0
17
12
4
15
23
13
14
3
1
3
12
4
9
26
7
7
7
10
10
14
9
10
5
7
10
9
5
1
9
4
5
7
7
3
8
16
2
6
6
5
0
4
18
1
3
4
1
0
2
4
12
1
17
5
4
1
8
0
1
2
2
5
1
3
3
10
3
1
2
5
1
3
3
8
2
4
5
4
2
1
3
4
2
6
2
1
4
1
1
2
1
1
0
1
1
0
0
