22
4
0
3
6
1
27
4
17
6
6
4
8
2
13
20
7
11
5
12
6
15
7
14
7
12
16
23
27
8
22
12
19
21
16
13
35
25
8
13
2
6
2
15
10
28
1
10
24
21
18
11
15
26
11
9
13
13
12
1
3
20
10
4
25
1
10
18
17
2
9
9
19
8
15
15
14
5
3
18
5
2
5
13
2
17
5
24
14
17
15
9
7
17
4
21
12
4
5
22
8
5
2
27
26
2
3
12
20
7
1
8
0
4
20
6
8
4
4
20
6
11
2
18
9
3
3
12
10
9
13
5
5
2
18
5
13
7
0
3
5
7
17
14
16
16
6
3
2
11
13
6
1
10
21
13
1
26
11
25
10
4
6
4
18
11
11
3
1
4
17
9
14
2
15
9
11
1
3
5
4
9
14
7
6
5
5
10
9
4
5
13
13
4
0
5
14
4
4
7
14
2
4
6
9
9
13
19
2
22
6
4
6
12
15
4
4
6
1
11
8
5
16
2
8
10
2
18
11
1
4
10
4
2
5
14
12
9
7
17
16
8
7
1
17
5
6
0
11
6
6
1
9
2
1
9
2
6
2
12
0
2
3
10
11
3
11
9
11
3
4
3
5
3
5
1
5
1
6
1
1
4
1
2
2
2
0
2
8
1
2
3
4
2
0
2
1
0
0
0
