0
59
25
107
1
36
5
9
22
12
29
62
13
6
42
17
7
77
12
10
13
17
0
1
4
65
20
35
39
11
48
18
57
50
8
34
9
47
4
24
2
59
9
8
36
35
49
30
41
55
47
57
19
2
33
50
18
87
0
109
46
25
3
62
33
13
63
57
9
12
22
35
11
89
2
73
64
55
13
60
60
15
33
20
30
57
14
77
34
26
21
56
10
51
22
48
47
39
81
70
70
57
17
33
2
55
5
19
51
9
73
30
5
61
13
17
45
76
23
19
52
10
9
12
32
5
83
87
23
63
109
40
81
16
75
38
72
54
15
18
41
49
12
64
103
11
16
13
55
48
26
71
32
78
81
101
34
34
10
1
8
11
11
81
13
56
44
30
28
60
5
108
84
120
38
11
107
14
90
39
5
25
58
62
72
57
19
35
145
20
7
84
78
51
9
1
11
23
52
54
5
98
17
1
12
50
45
26
18
22
22
34
24
80
95
12
50
7
47
38
5
37
26
8
46
7
124
8
46
52
135
28
39
116
30
18
41
9
34
9
23
18
42
23
36
95
77
48
19
48
51
98
6
29
17
63
6
24
69
9
132
16
129
50
75
17
79
18
22
23
9
27
34
69
18
64
16
37
32
76
31
28
13
1
40
1
1
89
8
106
6
2
39
64
16
113
35
51
60
45
48
33
110
59
22
91
60
10
37
68
51
11
0
29
14
32
3
40
23
85
39
78
21
40
96
127
1
33
26
27
116
23
11
2
12
67
53
33
45
11
24
53
77
23
41
15
70
69
75
56
18
7
65
21
19
28
176
86
14
5
37
70
6
15
65
49
29
5
51
101
32
4
43
9
4
43
64
36
9
64
56
43
66
23
51
59
81
10
75
49
83
136
27
98
7
116
25
17
38
11
48
87
23
6
6
49
15
17
3
3
15
36
18
84
88
31
20
17
59
33
35
58
19
9
25
114
0
12
59
54
9
39
1
84
8
59
28
61
0
17
26
55
14
107
48
71
39
121
97
96
62
87
37
152
5
68
5
76
124
26
55
7
12
33
79
34
84
58
8
29
42
45
39
8
24
38
19
4
3
30
1
85
115
57
13
21
14
32
95
62
10
71
81
56
49
13
50
34
75
38
40
20
65
31
16
2
3
12
51
3
20
49
30
41
114
31
112
74
84
26
19
12
81
4
21
9
4
23
47
12
61
46
12
23
27
89
22
12
20
2
82
24
11
26
16
182
65
8
12
34
38
10
22
21
87
29
18
35
53
30
10
22
27
35
82
7
113
29
62
2
92
23
37
12
60
49
48
54
38
55
57
24
96
4
54
27
8
45
15
13
25
8
15
36
33
16
5
46
115
81
32
50
21
58
29
60
43
12
42
114
31
4
14
61
28
34
38
17
10
43
73
28
18
67
19
11
46
8
14
69
37
62
53
114
56
25
37
27
29
31
42
29
48
37
63
27
26
30
84
14
32
2
21
11
7
58
68
36
42
34
18
34
49
34
69
27
25
55
51
13
12
23
14
6
4
23
15
4
88
62
4
10
55
39
3
16
67
47
68
50
22
19
49
13
31
34
0
38
76
53
71
18
27
25
49
31
76
10
20
57
23
12
28
1
11
11
54
59
43
74
18
10
10
29
22
34
69
61
64
22
121
8
4
44
17
8
8
73
34
73
97
3
47
2
62
11
75
26
6
51
35
9
79
14
40
30
28
56
37
35
25
56
15
35
47
47
31
41
19
61
49
41
19
57
19
5
36
4
58
16
6
16
25
21
19
35
40
19
2
40
50
4
92
0
16
47
40
15
59
48
56
16
23
1
5
47
21
21
9
43
50
6
11
5
2
2
22
22
53
44
30
22
18
51
73
116
32
12
69
60
99
55
36
9
70
49
19
30
55
62
31
2
34
25
35
93
14
21
42
27
16
65
69
4
91
101
7
86
1
7
15
1
16
13
16
4
1
42
19
38
35
49
9
83
30
34
74
21
21
14
11
14
18
82
45
10
19
31
18
50
16
1
4
99
70
38
14
34
16
79
52
14
58
73
71
17
26
42
5
63
56
97
75
21
30
32
63
28
60
50
38
10
18
51
0
81
49
25
2
19
34
86
5
43
12
35
72
5
12
23
29
24
49
56
9
18
18
22
36
64
42
45
43
82
36
43
11
84
22
31
44
11
101
11
16
83
9
10
37
6
23
48
54
18
0
19
23
7
75
76
71
30
18
2
17
31
67
33
40
17
25
2
26
53
39
59
29
0
29
11
59
26
30
21
36
101
45
4
49
21
29
23
41
31
34
61
1
5
23
7
50
38
67
26
3
2
53
34
6
67
6
29
27
31
25
56
77
30
5
53
59
33
3
48
150
34
6
5
49
17
3
18
9
40
9
10
37
76
9
16
9
5
11
29
23
67
2
53
54
39
67
19
52
36
24
3
12
4
28
1
51
19
58
1
27
39
44
8
12
21
7
53
29
41
9
2
65
34
27
2
41
51
33
65
14
33
29
21
59
23
15
58
75
9
50
29
29
64
4
69
8
63
54
19
42
39
3
23
30
23
91
1
38
28
22
117
75
34
31
37
23
14
17
14
3
9
21
58
41
9
3
11
33
26
41
20
40
21
12
32
14
12
34
2
49
22
13
5
30
0
7
45
46
13
18
7
4
24
22
53
25
58
52
35
57
31
44
17
2
17
63
7
53
21
67
49
21
14
49
33
37
28
55
45
12
34
18
48
82
0
11
14
0
29
9
7
14
98
4
1
5
15
59
14
22
41
2
66
12
22
56
60
1
47
29
5
85
11
45
25
27
31
17
45
84
16
47
7
45
61
12
51
30
55
19
28
37
38
13
46
43
36
18
71
5
36
6
8
58
38
76
2
77
42
67
19
24
32
14
29
93
41
1
16
6
42
7
112
61
9
38
2
7
19
62
30
10
29
19
56
32
15
6
54
0
7
22
5
50
63
36
35
9
7
10
45
39
23
62
23
32
30
35
18
53
11
41
39
57
32
2
61
30
0
4
10
21
2
10
0
29
32
31
46
38
57
3
49
94
31
21
52
2
17
31
70
37
34
7
9
30
2
25
29
19
18
29
54
4
9
71
8
2
15
6
37
38
115
34
40
35
40
42
5
23
35
96
7
49
34
30
8
61
36
13
29
22
24
17
23
14
36
26
29
17
28
1
17
4
47
38
68
41
36
21
33
46
28
43
62
26
42
9
41
15
9
9
19
3
1
6
36
23
18
87
34
14
37
66
18
4
59
53
90
6
21
62
37
66
10
80
30
55
19
38
25
21
4
5
67
30
29
15
5
47
11
23
61
5
43
47
18
2
21
76
6
1
17
39
114
35
12
7
15
8
20
39
55
25
60
19
23
52
66
11
17
85
42
11
11
69
40
28
25
7
18
14
5
39
68
30
7
43
29
8
55
19
57
54
38
12
14
8
40
12
9
2
5
37
8
44
28
39
14
80
8
1
21
42
25
6
8
62
11
19
39
32
6
28
27
51
23
42
37
11
48
34
26
8
3
63
9
56
11
7
80
33
69
30
17
3
70
4
29
12
81
30
32
35
31
15
29
59
8
45
35
25
27
17
4
73
37
19
49
5
27
49
15
0
14
65
24
45
12
7
22
46
15
20
30
2
5
53
22
13
2
41
44
3
38
110
10
7
31
47
26
14
98
21
49
30
72
52
3
16
26
3
33
87
27
1
22
15
17
35
5
2
21
61
9
1
36
4
20
14
43
38
10
16
17
36
24
42
55
5
19
93
33
17
7
39
7
21
24
63
32
32
40
27
5
21
28
7
23
88
57
14
3
6
6
52
10
3
34
53
28
52
16
43
56
73
24
6
45
26
2
25
54
12
7
34
40
24
37
33
4
21
61
3
7
28
11
11
29
38
93
12
1
14
33
10
36
31
42
57
31
5
34
65
7
17
5
8
66
26
38
3
67
57
115
22
52
1
8
51
9
13
28
14
20
66
28
11
27
70
22
41
38
53
45
31
34
39
38
59
54
1
17
19
16
22
5
80
1
20
3
12
62
7
31
16
18
13
6
0
36
16
53
37
45
42
31
14
15
11
12
38
30
16
35
10
74
4
17
10
28
49
3
34
54
26
35
11
28
36
13
104
3
35
1
74
23
5
59
13
13
28
24
10
73
30
2
60
40
19
10
7
9
6
6
31
26
17
13
34
0
37
34
11
9
22
45
11
22
39
41
14
10
36
10
58
12
53
11
62
1
4
41
19
18
10
9
7
71
22
14
22
5
4
43
40
22
14
26
44
51
29
23
11
69
10
61
2
4
9
60
1
20
64
9
46
53
16
22
56
40
30
24
21
44
9
8
19
8
26
13
55
48
32
40
7
8
20
1
14
24
22
59
5
40
39
16
6
12
9
28
15
38
7
23
52
38
30
29
64
10
50
20
3
8
66
52
15
10
0
45
31
46
68
15
54
9
39
43
50
13
32
16
26
60
2
11
6
14
13
9
19
33
15
38
15
51
49
72
52
4
11
2
66
7
9
52
4
58
4
11
23
17
8
43
24
10
25
63
33
29
38
55
60
32
11
2
1
21
9
51
5
11
2
33
74
1
42
52
9
22
31
29
39
14
6
4
13
3
17
38
5
19
66
16
22
38
53
22
4
18
45
10
9
6
3
47
45
6
23
17
5
55
44
58
87
36
20
13
4
19
16
33
2
20
36
40
1
51
2
43
64
19
30
24
11
11
48
3
13
70
11
41
33
12
11
41
4
20
8
17
9
12
24
49
16
13
12
17
33
29
36
17
40
26
0
15
23
27
55
23
17
18
4
24
13
40
4
6
31
6
39
4
13
21
82
33
24
39
22
0
9
26
43
48
25
52
26
3
3
23
1
5
55
54
1
7
14
20
8
6
28
38
42
19
50
22
53
22
24
40
25
47
28
48
24
15
41
57
17
15
18
14
14
32
36
20
16
4
31
29
12
10
14
21
54
24
16
15
24
30
48
0
39
50
11
25
32
33
2
34
23
25
22
17
56
16
13
7
27
4
41
15
4
12
40
20
29
15
41
1
40
22
0
8
15
27
42
34
5
5
9
30
20
30
1
5
5
1
29
63
23
4
28
3
11
16
4
30
48
22
1
31
17
36
10
1
23
19
51
1
10
10
46
13
1
17
6
11
42
14
15
45
6
22
19
52
29
15
19
26
19
3
9
42
22
28
9
59
31
17
16
32
28
42
13
17
21
23
20
31
13
13
7
64
6
38
71
4
3
5
19
11
27
33
24
15
9
9
37
15
26
52
12
26
12
7
30
15
42
18
22
50
27
32
19
23
21
1
24
17
10
13
13
6
0
28
27
54
36
16
25
20
1
24
3
17
47
52
34
36
22
38
8
13
32
2
9
33
45
10
13
25
32
1
56
14
31
3
30
38
29
46
14
62
21
7
20
2
16
3
1
37
3
22
8
31
62
35
28
30
10
36
4
27
27
18
5
47
2
30
2
9
6
11
8
5
28
20
15
26
28
27
10
5
5
24
21
16
13
70
10
35
6
16
3
20
15
37
69
25
30
5
11
2
1
3
22
19
4
26
25
44
15
12
38
16
6
24
1
5
26
18
7
31
43
27
32
32
32
5
32
17
13
13
1
21
30
27
15
71
57
34
30
3
23
13
3
0
18
13
13
35
26
31
4
17
5
12
1
17
19
7
20
30
20
12
21
7
9
16
21
3
83
32
17
9
3
1
29
7
25
10
10
18
1
27
11
17
8
3
2
18
31
4
0
16
15
5
24
1
37
13
32
34
6
16
11
6
18
7
13
12
9
26
27
10
11
12
16
6
15
25
11
17
1
30
48
20
20
23
34
35
1
9
16
23
6
5
18
22
0
2
16
7
6
26
14
6
2
13
17
23
6
8
39
11
5
16
2
22
17
24
14
12
19
4
13
10
9
13
14
14
22
10
25
21
11
21
8
9
9
31
17
22
22
24
13
15
41
8
8
23
14
27
13
7
6
6
24
18
9
25
12
1
12
6
5
2
17
9
6
17
17
13
7
5
23
37
2
65
12
37
2
4
3
1
7
25
10
12
9
28
2
4
45
22
4
19
12
10
25
10
12
0
2
1
11
7
6
18
3
15
22
24
14
15
15
34
6
17
15
6
5
11
11
4
0
19
8
35
16
8
1
11
0
18
4
24
4
10
18
7
10
0
15
7
8
22
2
4
11
4
3
9
17
14
1
19
4
20
6
23
17
6
25
5
10
7
7
4
7
3
6
7
17
19
1
8
22
13
9
13
31
1
12
4
2
20
15
21
35
6
3
27
7
4
13
4
27
3
14
18
7
17
1
9
5
1
10
4
2
5
11
14
2
25
11
17
17
15
5
12
6
9
6
1
5
13
6
2
7
12
7
16
10
6
6
30
3
37
2
17
9
12
8
4
2
10
1
10
14
3
10
8
0
2
0
20
5
24
5
6
8
10
14
5
6
1
6
13
9
0
6
14
11
1
8
31
3
6
14
17
4
3
3
6
9
26
9
13
21
5
8
9
6
2
7
4
21
9
8
4
4
0
3
11
3
8
6
4
12
3
8
9
2
2
9
3
3
7
1
3
5
12
11
15
8
1
5
12
1
2
2
1
4
6
4
0
16
21
4
5
14
0
7
2
3
8
5
3
4
7
4
11
1
16
2
12
18
9
5
4
1
1
3
7
0
8
7
5
7
1
3
5
2
2
8
0
4
6
4
7
4
3
3
4
2
8
5
8
1
2
4
1
4
0
3
3
6
1
3
0
0
0
