5
0
76
10
17
3
39
17
4
6
6
30
18
51
33
7
1
23
2
60
9
65
22
31
17
0
44
49
38
30
7
46
26
52
69
49
33
37
11
96
17
39
6
21
45
89
36
2
78
40
46
33
67
27
35
68
12
25
48
7
41
11
23
9
36
45
1
53
35
78
19
41
22
45
36
12
16
77
59
57
2
2
40
40
44
23
63
6
42
6
15
26
34
7
19
32
78
16
64
38
10
49
5
12
44
70
1
95
52
65
13
82
19
44
16
19
60
46
10
64
47
54
48
21
71
5
62
83
2
12
16
51
101
35
53
98
63
13
16
18
37
3
39
4
28
70
19
64
36
18
51
9
92
21
55
22
13
57
47
38
31
2
18
95
16
129
62
16
11
10
4
29
6
23
16
50
9
85
3
63
35
10
56
95
57
9
0
45
24
50
79
30
60
19
1
36
39
95
36
23
46
61
53
94
52
10
12
2
59
48
52
40
1
87
22
22
60
67
3
11
10
15
39
85
18
8
17
38
119
51
10
27
118
30
81
16
9
79
95
124
39
15
127
22
21
15
7
7
22
57
33
48
61
102
21
52
9
33
29
100
4
15
107
22
73
3
100
39
4
3
36
98
50
73
30
14
27
79
31
71
94
37
11
45
65
68
36
53
27
58
61
3
43
8
1
9
8
15
25
20
30
38
6
18
47
36
63
18
34
84
0
65
67
10
32
13
13
101
41
128
49
37
23
7
65
24
27
73
8
39
39
53
3
35
127
32
25
20
12
45
4
56
145
47
21
31
27
120
24
32
45
20
26
21
53
43
42
26
81
78
0
50
23
26
26
31
118
61
35
7
26
38
19
48
94
81
78
50
47
42
36
74
5
48
32
127
9
6
2
35
100
49
42
27
22
6
37
7
1
92
80
52
42
94
48
25
58
11
100
33
4
14
16
97
14
0
46
60
16
37
66
5
78
28
2
63
13
22
64
31
38
39
89
50
56
30
24
62
23
45
17
0
22
68
27
22
43
12
42
22
40
33
16
34
91
14
24
9
69
4
56
32
17
33
64
12
39
54
60
29
17
42
51
0
50
23
2
9
3
17
9
126
64
45
29
34
69
2
48
33
59
61
104
28
5
39
10
70
45
63
57
64
45
8
26
70
120
30
39
5
7
17
4
67
48
27
107
39
68
13
109
6
4
65
61
18
22
29
36
73
29
28
70
38
59
2
4
32
26
67
58
7
19
20
70
25
20
71
7
40
67
26
4
0
72
57
6
19
8
15
35
82
22
61
7
38
15
4
23
1
17
11
39
42
23
36
12
60
24
29
48
5
63
33
90
8
35
59
41
51
11
22
2
79
65
71
10
29
9
37
55
23
8
122
60
43
31
12
57
37
20
99
9
22
24
42
125
35
22
43
0
50
21
73
18
56
68
2
29
46
38
57
57
68
33
2
72
28
23
76
55
12
104
39
75
32
45
32
34
16
1
20
18
47
55
63
56
42
11
24
28
89
17
26
14
47
72
87
14
13
8
66
18
144
52
56
1
22
27
61
40
11
24
47
57
61
69
36
41
13
3
7
48
158
53
38
23
47
64
8
40
0
21
46
7
33
39
34
68
16
13
23
92
10
12
100
21
50
55
83
34
3
61
84
72
1
14
41
22
2
1
78
61
41
2
38
1
24
4
93
19
9
28
5
17
12
48
42
49
9
12
0
73
13
61
32
55
40
14
55
38
19
62
22
0
0
13
8
66
40
51
24
87
28
94
47
82
34
1
59
11
31
25
38
24
23
2
48
82
69
76
29
14
36
18
5
14
60
36
50
16
21
12
40
10
11
72
6
54
19
7
3
56
61
43
65
94
27
1
33
49
30
43
98
32
62
110
6
11
113
92
24
70
35
73
5
26
3
39
43
81
43
56
31
7
26
82
0
12
13
27
83
15
104
52
88
9
60
10
105
89
90
57
82
25
39
6
63
9
9
41
18
7
42
7
33
74
11
28
61
34
6
9
9
47
4
108
17
53
14
8
46
52
30
1
41
40
102
83
33
16
35
60
6
22
22
45
46
2
4
73
70
48
16
4
39
74
3
60
26
5
2
45
25
34
64
38
16
16
24
44
44
31
56
14
25
19
71
37
59
5
11
24
39
50
45
49
1
54
37
23
37
5
70
20
14
60
14
131
45
23
23
38
39
18
12
41
5
28
24
71
32
35
88
9
38
76
30
33
38
17
13
2
27
111
21
48
77
34
75
26
58
67
40
36
8
45
78
65
22
40
26
51
32
35
35
49
10
26
28
16
40
27
3
8
66
13
91
8
6
47
9
2
95
33
64
28
24
38
15
17
98
50
23
33
43
6
15
23
6
9
32
20
47
16
69
22
54
42
35
28
35
93
35
78
21
18
33
30
11
65
25
41
6
21
46
64
37
61
19
42
20
0
29
30
70
30
10
34
100
7
30
5
51
85
14
14
50
26
74
5
2
99
69
13
68
59
61
19
16
44
28
33
17
46
13
31
27
39
61
12
10
19
28
20
19
48
100
110
2
7
56
39
7
5
20
25
53
13
23
6
12
6
68
35
20
43
8
39
35
58
35
48
19
11
22
19
50
8
7
7
23
16
44
31
36
4
44
28
33
25
22
54
54
95
8
31
14
20
65
16
1
26
23
71
0
12
37
7
48
19
26
42
22
34
29
61
46
8
4
28
3
42
55
41
27
9
27
15
21
51
1
7
1
70
39
52
2
48
87
22
62
82
29
104
106
8
53
1
22
24
46
71
29
14
3
9
30
8
45
1
72
51
44
14
5
25
34
71
7
58
20
32
6
28
33
20
73
66
50
35
20
27
14
18
36
56
70
13
82
59
57
1
16
15
50
67
19
7
0
46
30
12
38
18
25
80
12
17
52
34
8
13
17
84
36
33
60
20
13
36
6
52
87
4
13
14
12
43
52
20
1
32
45
2
28
38
19
65
47
35
38
31
9
25
9
25
28
54
24
15
15
15
23
40
3
113
14
25
24
34
24
6
98
6
61
13
114
25
47
72
5
26
46
23
15
13
30
17
9
35
34
1
12
33
10
31
15
20
34
30
44
14
53
86
1
40
38
2
71
98
21
37
21
20
18
15
25
35
5
3
53
0
22
4
84
10
21
16
34
10
25
19
39
0
104
62
1
30
0
22
26
42
32
25
73
44
1
15
2
1
124
100
41
61
4
35
31
48
37
10
20
64
8
34
5
31
30
11
89
55
27
2
4
43
13
36
12
22
20
39
44
6
18
11
31
25
90
21
0
100
9
28
11
36
62
23
28
32
49
79
77
58
10
49
26
1
7
99
7
18
23
32
70
29
25
0
32
38
12
10
83
82
61
5
22
45
18
42
46
12
4
6
47
23
11
12
51
16
3
11
20
41
2
57
12
30
69
65
12
13
30
36
18
11
60
47
10
12
7
63
28
8
69
74
45
38
25
45
13
46
40
19
26
99
88
20
45
19
15
50
5
20
25
16
34
17
24
23
5
77
23
26
9
15
21
47
38
7
16
10
35
52
61
38
74
28
67
47
8
17
19
27
20
33
33
4
3
33
40
61
37
9
27
17
93
27
55
33
4
0
108
7
44
121
29
9
90
40
61
32
19
20
2
89
31
73
23
39
71
34
1
33
45
21
15
28
48
9
4
50
26
8
3
26
28
37
30
34
91
44
18
16
44
53
40
28
1
21
70
42
20
35
89
97
41
15
26
43
6
22
26
7
37
65
6
39
15
12
6
26
31
8
28
35
10
20
1
15
10
27
23
66
3
10
33
25
57
56
26
28
97
1
22
21
22
15
47
17
42
5
24
0
9
9
17
22
9
28
45
22
12
9
54
76
72
15
0
4
133
15
55
21
32
28
46
8
51
20
81
61
31
1
25
13
5
25
60
12
62
41
10
28
1
17
54
30
19
18
47
24
6
32
43
45
39
0
11
20
26
5
41
10
14
20
38
57
33
47
24
40
35
48
36
68
7
3
4
2
2
67
73
46
29
25
3
58
10
25
3
28
42
37
4
7
92
57
59
53
25
7
32
9
50
33
33
13
34
37
70
23
7
48
15
1
31
4
17
58
56
37
5
85
30
39
102
33
46
53
1
56
17
2
41
40
23
5
10
30
63
2
42
14
48
18
33
24
33
17
23
30
46
51
32
43
6
64
41
26
9
3
27
2
23
44
47
11
46
33
28
47
5
17
59
31
10
22
7
61
8
13
56
33
23
8
53
50
32
40
42
46
18
47
32
54
56
4
40
18
19
21
66
21
2
9
14
16
47
41
15
4
7
30
45
18
31
96
10
16
3
30
11
60
65
42
38
69
28
17
57
18
2
25
11
13
42
10
69
5
60
16
11
34
18
16
56
6
14
14
49
9
13
38
21
9
32
5
28
19
6
45
19
16
24
11
42
97
4
28
34
24
13
91
68
6
27
40
24
15
56
10
22
2
9
11
5
50
4
81
1
24
52
36
12
30
16
4
77
22
21
37
10
50
1
36
29
5
5
7
23
21
39
45
44
60
80
25
39
8
6
65
69
25
14
3
17
18
2
26
38
12
19
15
37
36
22
28
38
53
2
27
55
7
43
7
18
23
72
2
16
65
6
54
0
35
39
15
19
4
11
24
30
15
19
26
13
52
21
8
43
48
18
24
27
12
36
48
9
30
14
50
11
16
1
19
2
12
52
9
8
34
44
10
20
17
21
14
2
11
69
53
36
47
14
10
38
6
46
59
10
15
10
32
40
47
24
12
10
39
61
26
73
63
68
18
90
38
50
32
3
17
20
31
23
21
50
16
49
4
10
9
19
45
7
13
1
41
57
25
19
17
28
63
1
6
5
84
1
20
27
51
3
18
36
5
25
8
29
11
32
29
36
29
28
46
48
23
16
47
76
9
16
6
12
24
15
19
8
34
7
20
25
0
24
11
49
41
21
28
15
37
19
10
29
32
8
3
17
21
18
35
19
12
28
1
7
34
4
49
37
49
2
60
3
7
9
2
31
5
20
10
39
6
9
1
4
30
56
40
33
14
4
15
45
8
6
13
29
2
27
12
14
50
39
13
3
47
43
20
42
44
13
2
9
21
40
64
6
0
7
3
13
9
62
43
18
23
14
12
10
9
12
34
23
9
62
12
7
21
36
5
30
45
59
15
4
6
20
0
14
41
13
5
41
21
21
43
4
32
29
8
15
5
10
26
16
29
28
10
37
10
1
10
4
15
17
34
41
6
23
17
6
44
5
30
0
20
16
23
18
27
12
10
17
21
42
48
46
37
12
12
20
5
7
29
24
32
21
3
11
2
10
42
42
16
9
23
17
15
0
35
38
26
40
38
5
49
7
11
7
10
16
23
34
12
14
2
24
4
23
52
17
15
18
40
13
13
40
17
8
36
4
1
35
2
32
8
47
42
1
1
24
16
7
19
9
22
17
21
21
4
2
4
30
56
7
35
15
6
26
29
13
15
5
13
8
34
53
34
47
9
11
42
2
11
13
47
19
41
3
23
6
27
20
30
40
27
27
6
9
24
6
33
29
21
14
8
8
11
40
20
11
48
6
25
52
2
12
2
16
7
18
26
23
28
28
11
7
19
13
31
19
1
4
22
3
9
31
24
4
29
20
1
34
0
57
5
11
27
35
33
23
50
17
3
32
5
16
6
2
3
2
3
17
10
19
10
0
18
3
4
7
51
13
19
59
26
33
11
14
40
4
4
41
5
27
3
4
19
14
2
5
10
7
0
4
18
4
24
41
29
25
13
1
14
20
14
29
5
39
30
6
17
8
3
18
21
20
1
32
14
14
13
16
43
2
28
1
20
9
17
13
16
14
25
21
0
40
3
9
10
19
45
3
61
44
21
21
18
13
5
9
3
15
10
6
11
0
16
21
8
8
11
32
18
22
3
3
19
15
28
5
0
15
14
6
20
13
10
1
6
2
12
2
52
19
17
10
4
24
31
27
10
14
23
8
4
22
1
8
17
7
4
10
12
29
14
30
6
3
1
4
7
19
7
5
0
8
1
3
19
7
18
24
16
7
17
9
5
15
34
2
7
3
39
2
14
4
8
10
27
15
0
9
13
21
5
6
11
10
29
3
25
4
12
3
19
25
13
24
0
10
23
2
26
10
10
5
3
27
2
2
20
15
4
1
11
3
0
14
14
4
25
15
2
29
17
4
12
8
23
20
9
39
1
8
13
8
14
2
11
3
17
18
30
8
4
35
12
10
20
48
15
5
10
10
40
6
10
13
3
1
7
7
9
44
0
15
22
10
12
15
5
14
27
33
5
21
3
13
34
12
2
19
8
32
5
7
2
12
17
13
18
18
11
7
29
12
3
5
2
12
3
4
24
5
23
15
17
5
2
14
7
16
12
9
2
10
10
3
12
8
19
18
3
11
20
4
2
9
1
7
14
10
5
9
1
4
12
10
20
3
32
10
1
11
31
1
1
6
13
9
2
11
14
6
10
0
9
12
3
20
4
10
13
3
12
26
4
0
0
3
20
12
15
1
4
12
4
7
13
10
26
5
1
6
9
2
15
21
2
16
2
1
4
0
8
13
11
1
8
5
0
9
7
10
10
2
9
4
3
10
2
2
7
1
7
7
4
5
1
27
21
14
8
1
4
0
10
12
10
11
3
10
6
3
3
8
11
8
1
4
17
1
6
9
4
5
6
8
3
17
1
7
5
9
1
1
7
5
4
4
1
1
3
3
16
2
4
4
1
7
6
6
4
2
1
3
2
1
3
8
5
4
0
6
5
2
0
3
3
1
1
3
4
1
1
1
1
2
