58
8
6
110
16
24
7
68
94
5
1
71
54
11
13
53
40
34
59
8
8
5
75
20
24
0
67
33
7
20
2
69
5
8
65
41
55
31
34
20
27
31
37
28
35
95
6
32
4
43
7
32
36
31
40
5
123
38
59
76
1
12
93
21
46
20
20
51
70
16
87
33
38
50
27
76
50
42
40
9
10
35
113
40
46
22
22
78
64
55
54
31
19
26
77
26
57
19
84
50
69
36
52
48
71
77
73
59
45
102
35
24
42
18
29
50
43
8
56
54
35
15
6
24
16
62
72
2
82
67
22
61
1
80
32
13
96
57
18
38
83
52
46
38
26
11
133
63
74
37
70
66
34
22
34
74
91
127
37
37
3
11
47
13
18
40
39
40
77
11
40
124
48
34
16
44
14
27
37
19
70
3
8
15
120
4
3
33
90
86
54
69
11
49
52
16
11
4
28
16
2
28
82
38
28
3
67
93
44
8
22
66
132
86
8
10
17
1
2
34
30
149
51
26
9
31
14
27
46
66
80
49
94
31
11
4
47
10
20
107
4
42
20
66
69
88
55
60
10
88
44
8
38
84
103
34
28
31
20
20
23
88
98
54
6
64
18
37
44
85
71
66
87
43
28
69
90
2
25
44
58
16
28
53
44
66
15
92
121
54
12
22
73
59
28
24
24
9
30
48
5
6
6
6
79
19
12
25
41
101
52
59
12
26
70
81
62
8
75
121
38
25
45
16
62
17
7
8
30
46
66
65
41
22
69
78
11
34
75
1
23
9
76
13
25
45
154
11
72
95
22
36
126
96
11
106
75
85
5
5
71
100
17
71
30
27
27
9
7
49
80
6
0
118
8
92
8
18
78
21
27
90
34
3
99
73
34
15
40
12
86
38
7
22
63
57
77
7
74
70
19
12
88
9
41
112
11
80
17
14
47
65
35
83
56
39
124
20
22
41
9
48
4
9
19
6
105
93
30
41
60
17
5
2
91
5
100
63
15
55
8
32
87
48
11
2
92
39
4
21
29
45
9
71
14
4
10
6
88
49
12
63
18
25
47
68
32
35
76
5
46
103
70
86
61
92
13
7
52
25
48
7
60
60
66
7
63
2
44
71
33
25
17
4
29
26
55
52
14
119
65
45
47
36
44
79
21
56
44
23
16
24
16
67
73
28
78
12
25
56
0
13
36
20
88
126
37
88
67
74
25
69
47
84
73
58
57
31
87
60
58
133
24
66
145
71
45
29
34
36
3
42
123
3
55
80
71
47
122
32
37
16
5
23
81
50
11
22
51
19
6
12
56
22
33
150
46
7
83
13
19
48
17
11
39
135
93
80
29
70
63
9
86
21
5
29
42
11
111
47
6
88
19
88
10
43
5
76
28
62
88
8
131
66
12
10
35
19
47
9
30
43
15
37
8
70
29
101
91
91
17
41
13
25
52
1
4
27
0
24
26
8
13
40
9
3
82
99
48
20
11
85
46
32
73
59
4
37
18
53
34
9
2
94
1
20
18
37
31
4
16
28
15
15
101
14
45
75
40
78
49
22
81
39
26
38
30
10
5
2
18
64
2
13
61
39
37
32
17
22
84
20
39
103
24
1
18
23
3
39
48
15
1
6
55
66
9
0
40
63
5
80
30
55
134
83
44
55
44
18
79
35
28
31
3
75
25
55
1
72
40
54
17
99
51
141
60
15
13
7
90
24
29
21
10
19
23
8
2
14
40
60
35
15
11
25
17
1
66
14
92
36
29
19
45
21
26
27
38
60
12
31
17
16
70
4
59
28
25
62
39
71
7
32
27
29
45
18
28
23
3
71
40
29
70
49
13
9
44
33
33
31
60
2
13
56
22
27
32
8
61
30
20
41
56
37
5
1
90
11
25
24
19
33
14
30
22
1
21
8
33
11
45
70
6
31
0
37
67
28
64
38
65
7
12
18
22
34
121
10
15
18
50
92
13
2
71
37
2
12
14
12
4
38
54
44
3
82
23
12
33
13
53
22
46
15
4
10
41
20
34
44
31
76
12
4
80
20
65
66
7
3
32
55
18
19
50
29
33
37
29
46
30
33
8
23
53
32
50
20
20
19
48
30
20
69
5
31
12
56
22
44
4
95
25
10
52
12
28
86
22
75
47
32
47
6
35
8
8
5
43
5
68
37
3
5
16
49
44
14
48
57
36
30
34
3
45
29
69
27
7
11
20
75
8
23
29
45
26
22
75
55
8
16
27
25
0
55
12
25
89
30
44
4
35
17
13
29
37
6
12
14
54
42
67
28
56
7
120
30
22
6
43
84
34
50
52
23
115
99
21
12
3
8
0
67
51
56
11
16
24
29
50
10
32
22
22
11
54
25
66
0
60
24
49
39
27
9
6
56
1
19
9
104
5
20
53
54
25
12
36
11
32
29
47
122
71
48
23
73
19
144
20
0
13
1
61
56
14
16
73
46
36
35
12
70
38
90
12
20
20
47
93
30
78
10
43
83
49
15
34
104
29
18
15
31
45
6
4
23
69
120
22
31
81
58
47
18
43
31
46
52
28
7
13
13
23
10
20
77
32
9
105
19
53
6
4
12
52
62
4
25
62
8
37
0
41
76
68
33
26
73
43
52
50
30
9
13
5
54
73
20
42
48
41
29
1
14
29
18
10
26
34
19
28
4
32
60
106
4
3
33
54
44
37
14
43
61
19
3
96
34
8
56
16
30
16
11
9
66
66
33
4
17
81
49
18
18
87
5
28
41
1
1
55
31
52
43
4
51
52
5
6
77
31
1
60
28
49
14
10
2
74
42
38
8
28
18
35
7
8
32
80
53
16
45
11
32
31
4
88
33
47
5
38
16
10
2
36
24
9
39
87
13
55
9
84
25
12
12
1
46
47
18
20
56
35
38
37
32
28
8
72
44
53
32
4
17
37
16
14
31
31
59
6
65
29
22
30
53
64
35
40
7
5
3
8
2
46
23
0
6
15
5
27
28
23
28
59
2
6
43
2
11
36
15
82
44
25
41
29
50
69
0
25
5
15
31
31
33
39
27
30
75
2
33
30
8
25
7
5
71
4
5
14
67
58
10
5
29
13
33
12
47
71
77
42
54
13
22
30
9
30
12
5
22
27
64
49
31
25
17
7
10
66
28
102
51
102
6
17
64
14
58
19
29
88
54
10
16
14
19
36
44
41
18
23
14
7
24
15
67
20
24
30
16
28
22
28
8
35
24
8
5
32
72
61
41
54
33
41
20
42
14
14
27
41
26
27
16
51
45
48
15
27
22
34
62
27
11
39
53
39
22
6
53
40
26
54
79
78
7
26
15
35
28
19
1
44
16
35
12
46
12
28
41
9
38
13
47
88
23
10
33
4
26
13
13
45
5
39
7
81
17
7
13
15
22
38
20
4
30
23
94
34
31
66
14
13
60
41
42
1
1
47
58
47
22
8
47
0
92
5
3
26
30
30
63
5
4
28
6
8
26
61
10
42
19
24
5
1
22
6
4
4
15
38
39
48
15
31
99
8
7
12
52
24
33
45
43
32
43
55
20
90
59
11
47
58
34
34
12
71
25
15
10
2
10
21
1
5
10
5
41
9
7
22
8
43
19
63
14
38
46
3
23
47
75
44
23
25
80
36
51
35
33
24
0
9
37
47
2
21
67
13
3
14
2
17
10
12
38
47
26
13
2
20
27
22
12
15
46
43
11
18
43
32
33
62
17
11
57
14
49
22
3
15
10
11
3
5
52
32
17
8
67
11
39
16
64
7
21
29
42
38
18
56
4
35
5
32
30
7
43
7
47
16
13
16
44
10
41
10
71
59
5
52
25
82
26
7
39
34
11
32
11
54
2
55
14
25
55
51
46
71
6
17
20
36
16
36
4
2
48
5
39
17
14
79
79
33
43
20
13
35
53
20
22
23
37
43
48
14
47
15
46
48
16
39
19
16
76
69
55
30
23
14
2
12
32
9
38
11
24
46
40
1
8
29
19
25
30
5
47
7
51
17
80
18
35
79
5
20
38
31
47
38
71
39
1
53
23
38
12
2
15
28
25
51
92
43
19
3
3
21
2
7
1
1
65
30
6
7
91
3
17
49
59
21
16
62
35
33
26
35
29
47
32
1
41
23
56
23
35
30
2
9
52
8
24
38
27
5
77
25
60
23
39
19
37
49
29
21
25
47
60
45
0
24
13
4
21
13
63
31
19
47
1
52
17
22
7
1
32
43
23
9
27
16
52
62
45
40
52
40
36
4
22
9
27
53
65
81
10
25
43
11
51
31
26
36
5
61
65
1
51
38
11
31
12
21
0
24
52
54
52
35
13
34
42
8
67
5
25
16
45
32
12
36
6
36
29
22
4
21
38
85
5
46
14
7
29
3
23
7
23
13
19
2
41
0
62
20
10
21
41
34
30
21
15
7
55
38
14
31
75
66
1
35
7
25
12
34
16
57
21
9
17
85
1
2
0
30
18
2
29
16
15
47
38
28
20
43
26
76
4
27
51
50
1
66
42
2
11
3
28
32
34
29
5
13
13
28
18
37
17
4
21
13
20
4
28
26
5
74
11
16
16
32
73
37
31
54
19
0
7
48
2
28
5
31
34
17
14
27
8
4
25
33
0
4
24
9
66
21
30
26
34
13
6
17
67
33
40
37
39
31
21
6
61
2
26
81
6
26
29
7
1
14
16
2
5
27
27
37
63
3
98
5
68
35
49
43
53
2
22
8
1
15
9
22
4
9
52
23
49
33
41
23
76
8
4
1
30
20
41
12
21
8
10
62
65
75
16
8
47
46
19
30
8
43
17
5
2
35
12
41
46
70
10
22
5
1
1
20
6
1
0
19
10
13
52
7
4
48
43
8
27
24
19
16
11
19
13
36
3
21
2
12
3
7
39
16
53
21
27
16
20
45
14
9
26
9
15
0
21
22
9
36
19
4
18
18
26
4
24
33
35
37
17
3
62
35
2
17
19
44
23
14
8
1
19
11
1
21
11
3
38
31
26
20
46
6
10
48
11
43
1
2
2
34
3
23
3
40
6
37
17
40
7
22
3
18
23
19
11
8
5
23
4
17
4
8
26
12
46
33
56
3
22
20
18
40
13
80
26
22
52
58
21
1
9
31
19
17
24
12
19
3
11
36
2
59
13
1
3
14
17
4
9
1
14
36
34
5
9
17
2
11
19
32
19
2
30
2
3
53
14
27
62
0
14
18
10
14
10
5
13
11
12
23
27
15
17
55
16
61
5
11
10
22
16
21
40
17
3
9
18
4
20
5
27
52
23
17
18
10
21
20
20
38
27
5
53
10
14
28
8
46
3
27
29
29
17
22
29
21
9
1
9
36
12
2
7
14
18
45
39
11
2
37
4
24
20
39
32
15
38
24
16
20
26
37
39
13
2
30
15
35
11
50
14
10
57
23
30
22
17
11
11
10
39
10
0
19
52
15
57
16
37
43
1
42
12
10
17
8
16
35
32
17
35
9
18
13
5
35
12
14
19
22
2
3
31
34
9
47
33
7
5
0
20
4
29
1
30
24
6
53
13
5
52
22
3
18
19
21
41
30
4
43
29
28
4
9
38
25
9
3
21
3
24
6
8
11
7
41
28
27
12
20
44
10
3
1
5
20
10
8
5
2
37
6
6
14
23
7
5
20
30
15
23
21
2
28
6
17
26
29
16
12
25
17
13
32
38
12
45
39
12
0
23
15
2
26
2
14
42
9
19
46
20
16
41
8
3
17
2
29
26
45
25
32
9
44
10
1
15
15
9
17
37
0
32
6
12
2
9
0
0
21
5
18
13
53
23
4
6
36
13
5
41
5
1
4
25
8
35
11
22
33
10
1
42
7
18
13
1
7
28
33
11
43
28
7
2
17
8
0
7
10
6
9
13
12
41
29
56
24
0
13
15
16
16
18
1
18
5
2
37
26
0
4
23
16
11
27
32
15
10
15
35
40
17
9
3
1
13
20
20
21
30
0
28
4
2
17
20
7
19
6
32
11
14
6
18
4
22
11
27
14
8
8
6
13
1
18
14
7
24
6
30
26
6
41
13
9
7
19
48
31
16
8
15
4
26
5
21
16
15
12
21
7
1
13
18
22
33
11
17
6
5
30
23
19
10
13
32
2
5
10
4
10
10
1
6
3
30
29
14
10
3
1
6
17
12
18
15
12
17
2
9
2
2
18
8
2
8
5
3
5
25
2
13
2
18
25
20
27
29
7
1
21
28
24
0
6
12
19
8
35
1
3
37
3
7
17
1
8
11
29
14
13
20
9
11
20
13
4
31
0
6
9
9
6
32
1
33
12
19
2
10
30
1
8
6
11
13
8
10
11
7
10
5
31
3
3
6
3
6
13
8
34
1
11
3
23
14
3
18
3
16
5
44
40
8
22
7
0
12
23
1
31
21
8
12
2
13
11
1
5
1
26
41
24
20
2
11
16
9
17
21
17
20
1
1
5
9
8
3
17
15
33
7
15
6
9
15
6
15
9
7
3
15
18
9
1
22
19
27
1
4
12
23
14
12
15
5
5
2
12
11
2
4
17
9
13
22
3
22
4
1
11
15
1
25
5
6
2
1
6
14
5
1
2
0
8
8
19
8
15
17
9
7
4
8
9
13
5
5
12
5
4
9
3
6
3
12
16
2
8
6
3
21
4
8
20
5
18
10
12
8
18
6
2
2
12
6
5
9
14
3
2
2
4
11
4
2
3
11
3
2
0
7
0
3
1
22
7
3
10
3
5
6
1
6
3
1
10
2
6
1
11
6
1
0
2
2
2
11
3
4
1
5
0
3
5
3
1
3
1
0
0
0
0
3
1
2
2
0
