39
19
46
3
49
27
3
15
56
5
23
67
16
58
7
10
7
41
57
46
42
34
35
46
50
51
24
14
7
18
3
2
22
3
50
32
19
14
0
24
10
38
50
91
38
35
47
52
41
4
10
29
33
7
14
52
55
92
35
54
10
18
102
23
57
61
119
26
30
68
52
1
26
21
32
10
68
31
28
67
22
80
78
36
3
54
70
4
29
27
2
18
40
87
109
61
8
62
37
29
27
18
50
66
21
8
6
51
64
42
7
3
24
64
4
15
27
23
32
33
59
59
40
42
94
29
53
19
0
59
10
2
123
107
116
46
91
5
21
16
145
41
33
24
16
30
30
57
23
56
21
14
23
76
39
14
93
59
45
18
111
8
8
97
19
27
34
1
20
6
16
147
6
72
10
28
50
144
43
35
49
76
58
28
13
7
142
36
15
39
32
4
47
37
11
6
101
47
88
9
48
31
49
101
65
48
9
126
9
15
3
32
60
32
3
14
86
24
96
17
96
75
8
59
87
88
20
28
19
20
34
17
20
59
3
33
41
73
39
85
48
5
48
13
1
21
6
39
21
25
25
56
83
40
63
35
19
13
1
3
26
42
4
88
26
4
62
55
14
12
38
73
63
116
52
94
11
27
66
1
25
87
20
36
51
44
27
63
4
14
55
13
20
9
18
78
51
51
63
64
0
30
40
42
3
52
11
86
0
12
21
18
102
27
8
114
4
75
74
97
6
6
43
77
50
129
8
27
10
131
42
64
59
114
35
41
24
12
68
82
41
11
25
80
7
46
150
32
2
37
17
32
69
62
14
89
78
46
89
3
11
74
33
54
83
24
19
112
70
37
83
1
0
35
9
9
0
34
30
43
34
17
30
107
35
57
20
32
16
46
35
13
21
16
36
33
75
3
16
47
82
21
27
63
81
43
23
25
20
14
13
32
3
153
13
56
17
82
39
82
32
19
34
27
41
35
13
15
39
64
23
27
14
2
14
11
68
8
49
116
87
46
55
118
39
15
39
108
22
72
0
46
9
43
56
68
39
119
83
0
27
31
6
22
28
65
29
28
17
40
26
68
30
0
5
74
38
60
38
3
81
27
27
19
23
22
50
47
3
67
9
15
3
44
74
51
2
62
76
3
25
4
65
42
18
35
25
56
73
39
38
17
35
31
78
57
75
0
11
54
1
8
12
46
66
42
43
47
38
66
45
69
60
45
14
59
2
15
38
69
1
102
68
9
66
13
9
44
8
96
7
37
12
58
29
31
44
65
113
58
11
1
16
10
4
79
82
71
60
12
28
11
21
58
32
15
40
21
62
1
40
93
47
89
11
52
36
27
2
56
7
48
73
75
47
44
19
104
7
82
24
1
48
9
29
2
31
21
5
12
52
85
127
79
53
16
89
48
124
19
52
26
51
4
18
10
97
55
13
6
33
47
61
55
123
36
48
7
51
46
17
49
34
9
34
5
45
62
2
84
32
12
56
2
16
13
67
4
53
24
90
16
6
39
32
61
12
88
39
66
8
15
7
14
31
75
28
36
0
53
32
10
6
32
68
17
59
34
92
41
38
37
26
43
41
59
36
13
89
35
51
14
27
45
35
120
19
10
1
12
73
22
20
1
66
9
6
10
27
65
39
5
36
25
30
15
8
119
88
29
40
32
3
23
98
6
56
12
63
60
9
48
117
19
1
26
32
51
28
16
18
15
57
71
6
5
70
54
52
29
13
24
69
25
26
62
8
9
37
27
47
116
8
57
79
25
77
31
77
85
34
43
7
73
74
24
35
94
27
32
37
3
27
75
13
23
89
53
4
6
39
32
27
76
22
58
22
30
33
30
10
45
9
30
4
68
83
6
31
64
48
40
25
56
25
13
52
66
17
43
3
18
3
64
3
5
5
5
25
68
4
46
2
68
98
9
25
25
14
57
11
23
9
68
52
57
43
57
6
18
1
14
11
54
52
61
54
42
52
19
5
21
62
80
56
64
16
27
3
3
7
9
0
32
38
37
19
61
93
11
23
3
13
28
9
30
28
8
73
93
122
23
22
64
8
53
23
39
10
49
92
46
17
15
141
30
0
44
127
30
66
31
68
33
61
11
51
43
27
2
29
99
30
71
63
58
22
38
69
3
70
135
22
53
12
18
145
3
21
58
84
21
10
31
11
12
46
17
45
102
25
54
24
13
25
9
22
26
50
14
37
20
8
54
85
16
7
86
70
59
57
44
50
97
11
25
12
26
18
38
21
1
32
23
47
13
21
43
4
42
13
48
12
2
108
28
14
7
98
17
31
57
23
21
22
30
48
31
21
75
50
4
3
97
20
109
3
22
65
63
17
10
1
21
16
36
21
64
32
120
23
21
54
16
33
27
76
8
16
72
3
38
74
31
14
82
33
28
18
19
103
19
25
99
22
36
20
30
14
13
18
28
12
44
76
9
41
27
29
8
38
28
10
115
75
9
71
83
12
79
29
4
10
40
13
78
18
69
29
13
32
36
1
30
7
30
48
27
57
20
3
31
19
41
10
24
33
11
92
111
91
28
23
7
47
37
3
70
39
69
32
7
13
56
63
68
57
64
38
14
52
33
22
57
54
38
7
21
12
20
45
69
22
58
51
32
20
9
3
68
50
54
10
83
37
12
42
32
12
17
26
4
32
32
10
59
27
62
45
41
26
37
36
45
19
18
50
25
54
44
30
36
48
52
1
22
53
22
47
42
13
33
46
22
17
131
10
25
14
39
14
18
27
11
57
6
33
18
41
53
55
30
30
31
68
22
91
4
6
36
38
3
61
48
76
8
6
14
13
5
101
30
36
96
65
8
15
61
18
24
26
19
34
39
9
26
72
50
32
81
5
28
7
11
76
24
76
63
1
47
10
76
46
20
56
37
6
60
23
8
24
24
39
11
49
101
67
27
5
59
11
31
42
9
38
31
8
11
10
0
0
5
10
45
30
34
73
12
109
2
43
13
18
53
26
5
30
12
33
34
7
28
44
28
12
31
1
45
66
6
17
35
67
36
44
20
27
6
24
10
48
16
17
52
111
47
54
36
24
11
21
53
35
27
51
71
49
16
13
34
5
3
33
23
102
23
4
30
54
8
21
28
95
16
10
21
15
5
3
24
18
29
59
1
34
0
76
9
44
20
40
73
4
23
25
35
5
37
19
55
20
46
35
20
5
60
39
33
4
19
54
4
49
37
28
9
48
31
39
8
5
40
13
31
61
11
20
9
41
20
24
28
96
47
18
10
84
26
56
69
38
2
42
35
52
32
37
3
19
76
49
4
23
51
41
34
20
7
13
57
51
21
29
7
24
40
77
29
12
3
9
29
54
14
16
12
35
64
58
51
39
9
61
27
34
45
20
19
11
73
54
20
41
1
111
43
36
44
91
72
57
54
1
4
13
7
25
54
9
7
37
85
42
1
22
22
34
16
14
5
19
21
25
92
38
10
20
6
54
7
19
50
9
11
18
15
12
14
13
49
65
45
41
45
17
21
46
18
8
87
15
33
39
11
40
23
30
36
13
83
51
1
7
26
16
6
34
12
83
6
5
19
14
42
3
26
33
1
31
70
25
44
29
65
24
46
47
37
4
41
20
8
35
100
22
23
62
15
2
14
29
31
7
24
59
31
1
40
26
18
56
3
56
11
3
41
13
18
43
87
33
2
18
50
28
53
18
7
11
36
17
34
37
67
53
32
26
33
16
11
34
45
16
8
20
32
30
9
5
6
27
83
24
5
2
2
12
37
12
0
62
24
38
69
90
77
35
46
6
15
22
30
64
53
29
24
15
41
37
40
24
82
5
33
18
55
5
14
16
21
56
18
21
12
9
15
16
37
68
32
22
24
28
24
75
15
23
33
33
28
64
29
14
25
6
102
3
10
29
4
23
26
69
64
40
47
82
21
31
33
2
66
13
22
52
23
51
14
1
19
52
6
26
7
20
68
27
49
14
4
15
68
25
32
55
56
35
38
44
20
43
9
1
7
36
38
36
1
27
32
26
25
17
26
19
22
9
18
3
98
2
3
76
34
1
8
50
12
85
26
42
42
18
33
53
11
4
9
7
24
31
46
22
9
62
40
6
13
37
23
8
78
19
11
24
57
9
58
32
15
7
45
12
12
60
54
12
19
12
67
32
61
9
19
12
25
50
80
29
23
16
4
28
61
16
62
4
21
6
30
90
19
30
12
10
4
62
27
55
39
1
29
19
38
2
23
53
7
34
26
15
43
69
14
10
18
24
19
38
50
12
33
40
5
11
26
31
34
45
34
25
42
12
37
3
60
2
34
27
74
12
17
33
2
64
1
30
3
49
16
36
18
51
4
93
48
37
60
21
12
12
1
1
12
17
36
23
3
29
90
24
4
43
50
11
33
2
11
53
19
9
65
53
1
29
54
8
13
5
52
8
32
30
44
20
7
16
38
28
22
28
31
15
35
6
24
5
19
17
5
46
21
29
6
47
40
43
19
26
32
20
13
35
4
28
35
43
23
21
34
31
12
18
35
54
3
15
63
13
2
24
81
36
38
20
17
32
36
45
28
30
14
5
10
6
16
10
16
10
8
6
9
32
9
19
45
13
23
19
44
15
29
25
8
12
57
8
3
55
16
28
72
37
43
31
17
4
27
12
80
41
1
1
17
22
4
63
21
9
5
11
15
10
17
42
34
25
51
2
18
61
13
35
47
20
19
73
6
72
16
10
46
104
12
66
37
41
26
1
6
66
6
0
20
42
29
52
29
14
22
4
36
9
28
11
24
18
2
39
8
28
34
0
59
16
5
37
9
2
25
65
36
15
4
21
29
47
3
6
22
3
24
32
60
13
7
40
27
37
42
53
46
42
20
10
14
1
12
6
12
11
15
39
21
14
53
48
5
19
45
55
21
37
17
5
0
1
27
2
26
30
30
40
7
14
0
27
12
33
10
1
2
1
23
26
22
24
15
9
34
2
38
21
20
52
54
8
19
29
9
36
39
12
4
8
29
8
18
1
67
44
4
12
23
22
14
63
61
25
20
32
31
23
30
11
5
37
23
10
11
38
2
40
12
17
7
3
43
24
37
19
19
1
6
37
3
45
3
17
53
6
50
20
34
23
1
18
37
63
39
55
6
15
8
36
42
40
26
10
53
15
18
25
36
13
15
66
3
8
7
17
12
27
29
27
39
13
34
50
45
56
24
21
60
36
44
21
23
25
29
1
9
17
25
6
26
5
13
8
5
5
7
15
11
50
51
29
15
30
53
26
31
26
39
40
1
43
11
5
15
29
10
29
23
38
5
28
13
21
57
36
30
1
2
21
34
40
27
21
14
28
6
13
9
3
30
27
10
19
8
24
19
2
27
31
70
23
19
20
11
2
22
52
19
28
12
7
25
23
54
43
12
29
3
6
20
16
0
22
8
4
69
10
3
28
14
17
52
0
37
23
1
12
2
2
13
6
10
30
36
9
7
6
29
53
8
13
5
43
20
23
12
34
5
5
9
35
42
20
22
9
8
5
19
3
28
11
28
22
3
10
15
13
23
6
5
63
43
26
8
16
3
7
42
4
47
19
12
46
8
33
46
9
26
41
18
20
29
5
21
0
40
10
57
7
34
34
16
8
1
16
37
10
8
2
40
54
12
18
13
5
2
27
10
59
27
33
38
10
38
1
13
5
21
17
11
35
15
23
30
33
3
14
4
14
27
31
6
38
27
23
61
13
10
44
9
18
11
21
16
27
9
14
30
1
20
9
5
54
20
21
13
3
22
1
19
12
18
28
37
20
2
35
13
28
19
15
32
13
29
31
2
34
48
2
5
8
27
16
17
13
17
51
12
25
5
1
25
53
13
4
44
10
3
17
18
36
3
12
11
22
2
38
43
2
26
21
16
19
19
27
4
1
55
9
6
6
3
9
58
12
28
7
4
20
9
45
2
4
1
46
5
14
2
17
30
19
19
22
0
25
4
8
11
2
2
8
16
11
3
30
16
13
20
6
2
39
21
15
6
2
1
4
34
16
14
19
7
14
6
11
16
44
5
2
27
43
6
14
18
11
11
3
11
25
17
19
11
6
2
1
20
6
16
22
17
11
21
1
1
9
1
21
3
0
21
16
11
5
21
4
2
19
22
37
45
24
10
8
23
12
4
36
13
4
24
3
12
43
4
26
7
2
25
11
12
21
13
10
18
10
9
27
19
22
8
8
16
2
13
23
1
1
5
23
16
1
4
8
26
4
18
13
6
33
34
25
40
25
19
26
3
32
9
43
7
1
7
16
4
15
3
23
16
7
0
14
27
4
19
5
2
4
27
8
8
20
4
18
18
20
8
12
37
1
18
29
29
10
3
12
4
1
8
3
15
15
15
8
10
15
15
4
12
3
8
16
13
14
7
6
20
4
9
22
1
13
12
23
20
2
2
1
12
4
28
16
3
1
1
7
17
3
21
1
9
2
27
21
5
21
18
16
0
19
5
8
13
22
17
1
23
5
7
16
3
6
16
7
10
13
3
17
8
1
6
0
11
29
15
7
4
4
2
4
2
11
5
38
1
8
2
1
12
23
20
10
2
13
4
11
9
2
5
1
5
10
30
17
4
8
7
11
20
12
9
9
3
12
3
9
3
13
7
7
2
5
11
8
19
18
12
13
5
14
6
4
10
3
5
4
2
7
1
17
9
1
10
17
6
0
5
2
7
10
0
24
6
0
9
3
25
14
3
5
5
7
14
2
4
18
4
1
1
4
1
5
15
2
8
2
2
3
5
13
8
9
12
3
8
4
7
3
10
3
3
2
9
1
6
0
11
2
1
7
9
1
1
7
4
0
2
0
0
0
1
1
2
2
3
3
2
1
5
0
0
1
1
2
0
