5
14
11
20
7
32
84
13
41
50
18
89
7
55
14
16
14
8
62
82
41
55
50
13
32
1
20
31
29
3
6
87
28
12
7
18
24
7
8
76
43
24
18
64
4
33
12
18
32
46
17
42
34
15
19
49
70
6
11
58
43
43
89
33
11
41
0
59
61
36
56
16
17
60
4
18
36
27
37
32
25
10
40
54
6
21
64
67
9
20
59
70
106
54
6
90
12
46
4
163
62
3
48
108
66
35
24
23
69
15
105
14
72
17
1
66
64
6
53
65
66
16
1
41
92
41
5
61
11
37
14
69
89
60
53
84
22
10
76
4
44
7
48
5
15
74
4
13
32
50
69
10
32
22
107
25
5
39
36
40
19
87
77
17
1
5
28
32
36
92
13
26
47
91
29
132
52
57
15
54
2
72
43
27
16
62
63
14
30
34
37
38
23
35
25
23
16
21
14
104
72
19
0
21
94
69
63
15
38
36
49
6
71
4
31
74
21
45
17
53
51
74
41
32
13
73
23
99
2
40
55
7
11
54
71
61
32
11
12
2
26
17
90
10
81
36
6
90
16
39
41
45
21
62
71
13
52
25
26
42
59
7
73
55
15
30
26
44
97
33
29
15
5
30
61
15
109
121
46
50
121
24
32
25
50
63
47
62
78
82
145
17
82
49
1
5
36
88
44
30
53
31
22
36
28
10
3
114
46
58
6
9
9
62
8
1
7
25
31
24
54
7
48
50
12
89
81
127
42
53
38
103
40
88
22
10
58
43
3
0
17
66
26
15
13
85
8
41
2
75
66
54
87
47
41
7
36
79
58
1
40
138
12
45
38
41
60
15
82
52
26
24
1
17
2
76
69
3
42
34
15
5
86
16
62
24
28
0
16
5
7
64
3
30
18
12
12
96
7
69
79
4
41
81
33
75
13
29
23
60
11
50
2
92
6
75
68
8
25
1
42
11
41
54
7
28
19
4
65
52
66
52
36
24
97
37
8
26
61
106
37
11
7
48
11
135
17
90
77
83
63
31
62
52
4
63
77
29
34
28
27
21
108
17
2
32
90
95
117
50
85
59
48
33
20
1
3
50
15
48
5
33
44
26
113
63
71
57
133
27
34
21
83
29
49
39
58
32
74
140
7
2
3
8
14
56
64
31
49
31
30
41
10
3
20
7
30
78
27
34
43
80
26
55
39
27
21
30
88
40
119
102
34
47
10
75
13
36
21
46
20
74
14
44
73
58
117
51
37
16
48
1
40
44
80
66
5
42
46
37
7
60
74
63
25
28
20
8
8
0
1
6
89
82
98
49
85
40
20
87
2
47
53
8
6
64
38
8
76
26
11
29
16
105
30
43
28
46
56
32
12
66
13
22
22
43
23
65
36
73
4
61
7
90
20
44
6
84
43
56
5
39
12
77
22
40
68
52
22
20
53
39
63
12
22
131
17
37
46
12
42
194
24
51
25
43
46
33
50
39
2
148
4
30
38
91
62
31
18
38
31
6
66
31
23
124
59
50
67
32
53
62
61
74
12
28
63
63
22
22
62
8
28
43
110
8
9
19
30
64
83
49
62
15
2
63
31
46
7
4
4
63
60
119
8
70
2
0
23
83
53
23
73
49
5
29
14
17
27
78
5
31
23
8
97
58
75
5
97
8
47
37
74
17
28
24
29
50
0
4
47
60
29
65
25
49
83
95
7
23
73
0
43
29
39
8
67
54
36
48
40
27
63
19
16
21
4
22
19
40
77
21
42
17
1
25
27
36
37
110
16
21
68
8
17
83
34
2
51
13
31
28
88
19
123
51
19
19
0
69
57
64
22
34
20
66
35
53
48
0
31
45
7
69
33
5
8
1
82
62
3
29
42
54
20
46
65
46
31
32
28
12
43
1
46
1
84
48
112
34
41
28
15
31
131
14
11
17
77
16
40
30
13
31
9
27
18
69
32
6
47
32
43
9
44
84
8
0
11
14
42
39
23
77
78
59
70
36
28
30
7
11
44
89
20
22
35
83
47
41
57
40
46
21
34
44
18
21
76
66
34
7
14
110
98
105
5
11
19
91
35
49
19
28
28
14
123
27
66
57
57
22
95
83
24
17
2
50
13
26
2
141
22
49
86
56
21
46
48
24
34
29
17
67
32
48
29
6
48
35
52
39
14
16
31
36
67
58
31
143
11
5
67
23
40
56
28
14
15
43
3
15
24
41
46
105
74
117
10
18
64
3
18
25
38
7
7
0
18
9
68
84
26
10
9
27
70
43
80
44
44
65
33
2
7
49
52
15
11
48
15
36
36
4
73
48
8
134
22
15
23
6
93
72
36
17
11
34
9
24
8
31
20
10
21
6
32
37
105
81
45
54
74
4
26
39
40
43
21
14
57
21
9
51
18
22
9
7
8
42
11
0
34
14
18
49
23
9
62
70
39
53
61
55
42
8
78
29
67
6
13
1
37
32
122
0
36
31
41
4
33
86
7
26
32
3
31
73
72
5
10
94
67
22
42
8
6
4
49
65
69
1
25
59
26
7
32
10
42
73
39
46
91
38
94
4
34
24
2
18
7
43
99
87
5
56
44
81
18
65
79
6
37
25
14
31
5
16
69
34
3
55
58
28
20
88
8
40
6
54
46
4
20
31
1
35
33
6
30
27
13
74
34
4
83
52
17
2
20
51
30
3
39
4
23
33
25
35
85
66
35
24
105
64
54
83
13
37
3
18
38
58
22
61
5
7
37
37
18
18
21
49
11
26
2
49
80
63
16
61
2
25
70
24
27
25
40
34
0
15
16
56
72
46
6
1
3
17
43
51
55
45
3
58
2
75
25
53
85
46
16
102
108
12
2
50
85
1
26
22
9
36
40
14
35
19
42
13
8
31
13
30
23
84
5
4
46
13
41
95
45
12
8
75
29
26
10
53
15
5
37
27
22
35
48
10
1
29
50
4
38
26
43
113
60
7
17
4
1
13
9
69
56
46
9
15
16
9
19
75
10
30
37
48
12
12
64
4
29
23
67
43
23
25
5
20
45
32
4
43
27
14
21
29
17
7
58
32
4
52
0
10
64
12
41
72
10
34
19
47
24
138
55
26
18
83
12
29
24
37
46
9
84
57
60
103
28
32
43
62
6
45
16
42
35
43
37
18
22
11
5
75
39
52
68
48
17
17
1
16
54
5
36
60
17
11
25
37
35
50
63
18
6
50
45
37
60
30
46
4
45
96
46
55
45
76
29
52
6
59
53
43
38
7
5
32
25
77
7
58
33
39
0
6
63
33
66
4
89
55
4
43
17
20
36
5
8
2
26
46
24
41
40
3
17
7
26
41
38
11
27
3
31
23
61
10
5
11
26
55
8
89
5
20
5
44
19
11
13
21
13
62
35
12
8
12
19
4
37
10
67
10
9
29
20
10
11
14
28
4
47
36
34
31
4
64
22
47
26
66
44
41
2
86
19
23
26
18
5
63
28
29
12
1
20
5
43
5
57
50
46
27
56
30
18
29
7
16
56
16
28
31
61
36
26
7
15
9
56
56
42
87
19
34
124
4
10
11
35
31
13
21
33
7
37
14
33
18
60
24
17
13
30
7
65
39
9
6
48
4
25
31
3
72
16
23
29
22
46
3
29
19
49
81
27
4
55
23
5
82
19
43
31
35
58
9
40
25
1
2
12
2
36
14
46
27
101
1
6
30
20
24
12
82
7
5
49
21
29
51
91
20
57
17
14
30
18
20
54
31
51
25
28
9
8
23
35
4
23
15
11
5
36
6
14
29
31
78
0
50
1
6
12
29
54
42
47
27
33
79
33
36
18
32
50
40
3
3
18
16
51
5
8
42
120
18
13
12
19
44
41
14
35
18
13
13
24
39
1
12
73
19
11
5
43
16
36
54
14
58
47
77
78
36
37
70
7
7
34
26
51
34
36
70
4
9
14
12
1
17
57
27
1
17
34
16
53
51
30
39
3
15
57
8
38
28
67
19
6
39
34
49
24
15
7
11
8
2
17
23
9
35
34
9
30
11
29
34
36
55
32
24
5
28
12
45
36
12
30
33
0
20
22
16
82
33
26
28
35
14
20
17
1
14
8
11
37
16
90
21
37
26
19
20
12
30
17
23
41
46
16
6
57
29
10
58
13
8
20
47
39
13
20
21
19
2
31
2
17
34
47
34
0
25
19
17
15
3
67
3
24
13
9
25
4
2
18
6
46
6
13
41
2
22
40
33
19
23
36
42
15
42
1
45
55
14
44
61
5
58
12
64
53
27
18
47
17
12
26
41
41
0
89
6
13
26
26
20
5
41
3
29
5
7
94
28
4
12
47
29
14
29
47
5
14
26
32
67
22
11
36
9
65
9
2
25
38
41
23
20
27
32
66
30
0
41
11
12
22
23
17
2
3
26
13
1
18
52
5
13
2
18
38
26
37
33
37
56
32
12
18
19
47
19
39
51
49
3
9
42
61
47
7
38
12
14
9
38
24
16
3
3
24
18
54
10
0
13
22
21
22
5
9
19
12
44
2
30
35
71
57
95
19
32
26
30
7
22
16
12
57
52
56
13
42
39
43
6
25
6
21
80
86
40
8
14
7
21
23
19
25
25
3
37
55
9
14
20
62
35
52
19
35
12
8
5
22
34
67
28
18
20
32
54
43
19
3
30
1
1
15
1
73
35
19
19
5
20
4
17
32
29
39
36
64
38
68
3
64
10
78
22
14
23
1
75
52
17
5
24
10
27
43
48
36
17
21
15
19
73
6
12
0
28
10
51
67
13
26
7
66
29
46
40
38
7
28
27
18
6
29
14
17
23
14
23
26
43
56
14
16
5
40
38
10
3
43
39
1
6
22
26
16
4
15
26
4
19
41
38
49
4
1
3
55
10
58
30
59
27
6
24
31
2
39
31
32
46
52
12
21
48
19
11
30
32
59
14
26
11
16
1
44
27
7
43
5
28
5
52
10
17
5
22
6
0
22
31
14
30
11
1
63
63
43
19
29
12
49
28
41
41
19
18
40
21
17
25
17
15
20
13
42
17
39
20
12
37
16
64
12
16
14
15
59
30
33
16
15
4
19
52
21
30
19
13
44
31
70
24
10
12
42
23
27
29
12
28
11
23
35
45
12
45
55
7
22
27
46
6
13
44
17
48
18
26
1
15
0
3
34
24
8
28
32
54
5
2
24
12
6
12
12
6
33
47
41
27
12
29
8
15
3
31
37
18
30
41
29
38
13
29
8
22
8
54
21
4
27
37
22
37
34
4
8
16
22
8
15
2
35
49
36
16
8
10
18
37
6
6
17
33
12
35
42
38
13
12
34
12
9
34
25
19
3
5
4
28
3
6
16
37
1
34
32
18
35
9
14
21
3
24
19
52
36
15
52
33
3
8
34
9
17
21
28
35
25
26
0
19
4
13
0
4
8
5
7
17
11
26
37
42
21
19
40
31
1
33
1
32
14
16
14
9
41
0
23
2
52
38
41
4
50
26
3
53
32
9
4
67
15
0
16
24
26
40
28
9
32
17
7
7
17
13
15
39
11
39
30
9
17
9
59
17
10
4
8
29
25
9
15
1
20
8
11
8
11
24
29
31
19
27
23
8
69
8
37
38
26
1
10
18
13
37
11
6
18
26
3
25
1
1
26
22
20
1
9
29
44
9
30
1
15
2
23
17
14
0
33
22
34
38
0
9
15
20
24
46
2
0
10
4
16
30
26
16
12
4
1
3
12
7
33
12
1
38
40
21
4
2
42
41
3
4
15
42
0
18
34
32
14
16
25
1
30
27
33
7
5
37
18
4
8
29
6
22
14
6
11
20
33
25
1
13
1
18
24
15
4
12
5
9
1
32
28
38
13
26
44
23
35
1
23
25
29
28
22
49
16
5
14
13
7
5
2
14
14
33
20
46
9
0
5
25
23
11
41
11
4
22
11
5
14
1
19
17
17
15
47
4
10
17
7
3
2
30
16
25
9
5
43
13
27
46
17
17
39
9
27
15
16
41
18
8
22
14
3
53
23
14
31
16
3
3
25
6
16
7
10
22
9
21
26
27
23
2
8
10
10
7
13
1
4
34
12
7
23
23
11
2
23
19
11
24
24
32
11
3
32
28
10
6
23
22
7
14
5
13
9
8
16
13
5
1
12
27
13
13
12
9
23
6
10
14
31
20
23
4
24
20
6
19
6
25
16
10
17
21
5
18
21
17
7
1
26
23
5
7
15
18
19
3
4
2
5
35
2
5
24
12
2
3
11
19
14
1
6
21
1
26
10
32
13
3
9
0
3
9
21
5
30
19
11
18
17
2
26
16
20
7
6
5
15
25
15
5
4
6
7
2
2
2
18
5
21
24
0
8
24
7
22
2
14
24
13
6
24
2
16
4
26
14
18
29
17
4
14
16
5
1
16
16
7
2
14
6
19
13
0
11
29
7
28
21
7
9
15
18
2
9
1
6
10
2
13
19
6
6
2
5
13
4
17
0
28
6
10
8
0
9
26
18
6
11
3
6
7
16
1
8
11
21
3
17
4
1
13
5
6
15
8
3
13
4
34
22
10
27
2
8
5
6
1
1
32
5
14
5
5
19
9
2
13
7
0
1
12
9
21
2
9
20
4
8
3
4
4
5
5
7
1
1
9
1
15
9
4
7
7
8
1
5
4
6
13
2
11
6
15
6
1
9
10
14
0
3
1
14
8
11
7
19
3
16
6
4
0
8
5
9
4
16
8
8
21
19
6
5
10
10
8
9
4
7
1
4
5
5
3
12
5
1
6
9
2
17
3
13
7
2
3
0
4
1
5
2
2
6
9
9
0
1
7
4
2
6
2
23
7
4
0
6
8
1
1
3
0
5
3
0
3
2
2
4
1
3
2
1
1
1
