32
2
6
2
5
28
67
4
8
3
10
6
50
48
131
19
52
19
6
18
7
27
125
118
26
59
19
45
31
15
23
23
144
12
6
72
35
35
28
35
30
3
23
15
21
14
30
18
54
51
8
5
10
25
13
29
95
2
33
24
11
67
44
36
42
25
29
31
8
8
51
61
48
42
30
60
11
146
56
9
93
60
69
18
37
6
6
121
6
54
33
15
49
25
1
43
20
12
15
100
10
13
28
6
59
62
43
18
33
2
31
38
56
79
18
42
14
37
13
0
53
57
34
42
73
35
88
11
12
5
3
40
102
7
18
66
79
84
78
56
37
55
11
9
87
41
13
22
77
62
28
4
40
41
18
24
21
13
10
71
31
7
12
20
111
32
24
172
129
11
74
7
52
31
27
13
39
24
72
47
56
45
67
1
51
4
9
93
13
79
21
83
18
9
58
23
49
50
50
117
9
17
64
5
95
40
17
39
91
24
45
87
73
4
0
58
50
31
9
5
50
21
61
109
54
40
94
190
16
65
4
57
42
53
54
29
63
19
114
51
1
16
17
55
47
42
39
50
35
36
54
19
119
110
25
49
15
5
16
55
75
44
50
58
42
58
5
125
98
34
43
11
171
1
34
85
5
58
25
43
1
94
7
53
26
24
15
61
142
45
38
24
62
87
37
31
38
30
17
61
47
40
26
43
76
62
13
1
16
15
35
23
61
120
37
49
105
61
0
65
20
68
5
60
42
42
95
20
5
109
24
94
21
71
6
33
6
52
6
60
33
21
24
30
17
70
48
8
36
14
19
47
68
32
38
4
87
33
34
23
22
65
13
9
69
28
16
71
38
44
13
29
2
62
28
31
20
26
91
52
40
29
16
26
71
37
22
44
9
42
50
62
92
58
132
12
171
79
30
119
25
4
70
24
90
86
31
30
17
7
53
34
11
10
29
50
60
33
60
51
50
45
8
86
5
32
30
15
67
51
39
18
16
22
21
17
45
7
22
58
60
0
37
10
0
104
11
35
20
78
55
30
94
71
8
67
101
17
29
20
24
2
41
76
1
86
18
29
82
49
62
44
60
8
13
9
10
67
32
35
77
36
58
32
39
23
27
6
149
56
38
1
57
8
19
24
68
9
7
94
68
6
19
64
2
28
104
73
74
13
84
26
0
38
10
57
69
12
59
65
66
69
20
39
10
42
24
30
36
72
6
15
65
35
45
30
46
4
7
15
59
68
21
33
69
0
72
8
34
22
25
105
6
5
43
15
36
56
61
60
97
56
60
63
12
101
42
106
17
39
12
10
33
11
14
2
59
29
9
111
3
15
91
21
16
47
30
36
21
74
50
29
39
27
1
49
5
10
36
60
17
42
32
38
85
33
37
48
32
11
66
35
42
1
26
9
6
27
46
19
58
11
45
101
27
100
10
47
56
51
130
31
15
12
22
88
5
48
60
42
105
85
3
100
39
17
23
36
48
13
25
72
30
63
38
40
23
101
139
16
15
100
13
15
11
34
138
1
3
95
5
10
35
71
84
78
4
16
33
51
28
98
46
31
4
10
57
19
96
81
15
61
13
66
12
81
11
10
42
50
23
51
9
44
39
40
165
43
38
60
35
8
3
24
27
88
26
7
6
1
78
0
119
23
23
102
24
119
72
8
113
4
57
42
44
77
165
34
21
79
9
15
4
11
32
93
24
62
71
91
62
11
9
17
41
58
86
34
25
30
22
36
12
29
1
79
2
80
0
14
36
77
68
7
27
19
4
19
40
96
32
49
11
18
33
10
17
40
70
37
55
7
140
49
22
8
108
34
63
60
8
10
20
18
6
15
56
62
15
2
40
17
42
1
19
17
59
22
51
44
46
4
51
37
115
66
0
17
20
9
51
41
4
49
4
71
62
6
84
16
54
108
27
55
31
11
127
62
13
15
16
16
35
81
19
28
59
80
44
82
23
90
33
51
6
131
102
2
6
8
97
90
28
50
35
33
71
25
79
52
27
30
52
5
80
42
8
28
71
77
3
19
90
13
24
4
3
23
14
27
29
110
33
27
15
2
40
50
36
43
9
14
22
11
5
27
75
68
51
44
36
8
10
14
100
54
32
20
46
21
24
27
11
12
1
38
28
19
2
71
9
7
12
47
26
17
51
29
66
11
24
56
19
32
68
38
71
41
34
30
5
61
7
62
47
48
19
56
19
12
8
18
56
44
2
48
15
34
101
87
52
43
43
29
64
10
19
81
13
9
23
86
113
50
47
31
79
9
37
0
58
21
12
18
4
48
18
34
66
126
40
76
15
84
38
51
8
23
27
17
43
13
36
78
130
36
86
56
88
9
21
27
36
23
9
29
79
9
7
31
24
59
47
30
41
6
38
28
23
16
30
4
22
36
7
62
18
74
82
8
3
46
34
34
5
3
26
35
35
33
25
74
88
36
33
41
1
33
42
72
84
30
57
43
2
21
3
6
114
47
53
27
16
37
35
1
23
9
53
22
97
36
11
19
4
39
18
27
9
70
18
79
17
17
10
45
11
35
65
14
57
36
3
25
7
65
20
22
47
16
44
53
114
7
32
86
48
5
40
53
73
5
17
17
33
30
56
6
76
95
59
8
29
36
65
32
15
36
24
22
67
7
29
31
50
48
25
1
18
4
81
16
16
11
2
28
13
17
53
10
24
5
60
45
4
100
31
38
36
27
10
6
82
34
14
14
48
39
23
15
9
14
3
52
16
57
55
66
1
11
19
78
1
15
12
33
55
78
44
17
120
50
38
35
24
13
64
60
28
15
38
19
46
68
11
65
31
34
98
8
39
6
9
38
22
50
41
57
28
1
41
1
11
12
11
42
10
35
19
27
50
7
15
35
46
38
9
19
31
24
29
31
2
48
8
79
42
71
21
50
31
3
89
12
31
33
14
20
24
36
56
48
18
60
1
54
51
11
49
98
36
4
31
24
45
32
91
22
14
6
41
41
51
45
12
71
36
24
18
11
4
22
92
0
45
33
9
23
0
20
44
43
13
27
4
44
4
33
43
45
6
58
29
47
36
31
16
7
64
5
43
3
63
25
19
57
54
26
57
9
17
97
18
47
44
11
2
5
12
67
37
29
23
15
8
8
59
12
33
80
4
14
3
33
50
58
9
12
30
30
33
22
2
19
2
2
41
24
5
15
65
38
50
28
81
45
60
29
16
58
5
9
16
15
5
8
6
13
9
74
72
34
63
44
9
73
30
66
11
54
24
49
27
39
8
28
14
12
37
21
40
50
41
54
9
45
104
1
10
8
20
31
32
1
17
16
8
36
47
31
10
4
75
31
45
13
40
78
21
8
8
30
54
24
36
55
31
14
42
34
72
69
1
43
15
19
12
19
56
13
16
25
10
28
12
16
36
36
25
2
48
72
51
31
10
7
23
60
35
27
66
3
118
6
70
14
31
11
21
23
33
17
47
9
47
33
38
14
6
34
51
52
68
18
6
18
9
9
62
34
42
105
22
44
12
45
43
61
29
88
5
9
2
29
21
19
9
36
8
80
47
2
53
7
47
13
58
38
13
2
22
14
71
51
29
63
4
29
60
85
17
46
14
16
41
9
81
15
20
64
19
45
8
56
15
23
58
66
25
50
14
28
38
26
6
27
44
35
39
58
38
50
13
3
27
97
21
8
29
7
108
20
22
30
37
34
37
7
5
17
9
34
21
48
4
7
28
23
15
12
11
42
20
23
30
40
58
79
60
59
18
14
3
40
67
45
40
22
42
99
8
26
30
46
53
44
9
6
72
0
46
7
9
59
5
29
47
73
21
54
10
38
48
55
11
42
6
56
3
44
5
15
4
38
12
6
7
47
1
29
29
61
4
17
18
42
48
30
89
41
16
23
53
39
59
43
18
1
58
53
28
19
66
101
23
32
75
36
23
30
16
12
33
4
21
7
0
22
13
29
29
13
28
8
17
14
7
22
61
25
8
64
8
84
70
2
21
67
16
24
12
23
8
26
57
1
19
15
65
13
21
14
28
32
37
2
22
10
1
15
6
83
18
14
39
17
56
2
22
24
70
72
48
27
42
11
41
29
31
28
20
7
37
29
2
54
10
46
27
31
37
49
11
42
51
16
6
128
7
44
17
65
24
5
6
34
18
29
41
10
57
42
27
29
18
1
43
47
41
4
52
29
4
38
5
28
5
16
28
3
58
6
48
11
12
43
8
3
3
52
41
15
13
6
28
44
40
1
29
11
66
57
47
7
25
80
7
7
9
33
39
59
29
21
13
1
10
37
19
6
15
17
14
15
0
39
6
56
51
56
29
51
14
44
37
12
22
46
23
11
43
37
30
75
6
85
52
40
46
10
7
19
34
41
21
15
50
18
28
14
40
31
39
1
4
4
45
15
22
32
19
11
19
29
21
39
13
42
59
6
48
12
17
68
0
12
69
18
2
41
24
48
32
26
2
15
57
12
25
12
20
12
42
23
28
24
2
33
13
14
55
55
18
4
11
46
48
14
15
6
51
6
7
23
12
5
38
20
6
30
8
82
25
31
52
24
44
6
16
1
32
32
1
44
8
86
65
51
11
12
27
31
21
21
38
3
13
55
28
14
12
5
0
35
30
31
31
3
28
16
18
22
17
31
23
1
13
5
13
22
36
39
35
27
7
46
21
8
22
49
40
20
47
9
26
17
12
37
16
21
40
18
35
0
33
15
24
15
66
46
74
5
28
14
66
6
8
2
19
33
69
14
17
5
2
7
33
48
3
49
55
2
32
58
16
25
33
20
21
58
43
31
22
50
3
24
22
14
4
34
4
43
52
1
1
1
82
10
9
11
32
22
39
30
31
10
15
9
23
24
34
6
28
31
1
1
21
13
24
45
14
58
0
4
28
17
1
21
26
62
51
48
29
39
12
15
26
29
76
15
9
2
31
15
1
40
9
56
42
7
44
7
32
21
5
40
6
22
51
23
25
35
6
23
1
11
13
31
12
8
4
20
37
30
4
15
11
2
24
31
58
25
47
25
36
15
48
16
38
32
14
22
32
1
5
12
31
14
7
18
7
2
55
9
28
8
87
36
31
7
21
20
16
40
59
55
49
13
7
35
20
23
11
8
36
40
1
9
38
8
53
27
24
2
20
44
19
14
2
12
2
22
17
20
39
27
45
5
13
4
13
20
8
11
26
33
59
10
11
22
11
30
3
3
14
2
32
10
26
55
29
3
33
23
5
27
31
8
41
23
34
5
37
23
22
19
1
3
24
2
49
7
4
24
32
55
33
6
1
4
8
0
39
45
28
13
70
6
51
20
28
9
24
33
17
17
12
13
7
44
10
22
21
7
1
16
11
5
10
28
16
22
51
21
33
35
30
23
2
59
30
67
58
22
34
11
1
5
14
11
26
6
0
25
70
18
23
1
17
34
25
28
18
24
22
38
25
10
17
37
62
8
43
17
10
26
20
15
41
24
25
33
23
6
29
14
9
6
26
8
11
39
52
28
17
23
2
21
4
11
26
37
3
1
36
25
24
10
23
13
16
42
7
7
9
7
28
56
11
12
27
35
31
9
11
12
24
34
21
22
10
26
6
12
26
11
8
11
21
6
31
14
34
15
31
12
20
22
13
15
14
0
9
1
14
31
40
14
46
4
5
15
10
14
34
2
14
20
1
7
15
30
37
15
12
33
37
8
4
25
1
40
12
30
2
2
51
42
46
1
1
59
1
57
11
17
15
3
26
23
4
17
7
1
23
5
26
17
1
36
13
18
7
21
28
5
8
41
15
19
25
6
23
49
22
43
14
12
4
31
33
6
6
5
16
21
33
7
11
38
0
18
28
40
27
24
16
19
15
6
9
20
17
13
0
19
1
51
42
23
51
9
62
18
28
18
25
30
6
4
7
22
11
7
21
32
19
26
30
8
4
20
12
19
5
21
1
3
21
11
1
16
5
14
27
22
10
7
2
5
0
3
15
15
2
0
13
6
11
1
5
12
38
19
0
21
14
44
9
14
3
25
0
13
14
12
30
53
32
47
5
42
12
8
5
23
10
34
20
15
5
14
2
15
8
14
12
10
5
7
37
4
13
22
1
11
7
9
13
43
26
17
0
28
28
14
7
25
19
4
2
32
28
9
0
4
10
7
35
2
47
4
39
15
16
9
3
6
21
5
40
24
14
2
33
26
3
21
10
3
1
11
5
2
40
24
9
10
23
16
24
28
34
7
13
4
7
39
32
17
10
31
11
10
17
15
26
23
20
14
2
15
22
11
43
1
29
12
6
13
19
29
6
6
2
17
11
14
5
12
9
7
15
29
16
20
7
43
4
7
21
31
16
25
19
8
21
7
1
28
19
1
16
44
23
27
7
23
14
2
33
5
19
28
0
6
4
7
2
18
15
6
24
18
1
8
11
6
22
9
4
21
14
3
14
4
32
8
27
9
2
0
13
9
10
6
18
5
5
1
10
6
29
11
11
12
0
0
3
26
8
14
4
17
2
16
7
24
5
25
7
3
6
13
14
3
7
6
16
18
1
11
0
6
6
3
10
18
25
8
12
17
20
1
7
6
3
2
14
9
9
2
17
30
9
12
10
14
4
11
19
9
1
3
15
15
2
11
3
12
4
22
8
9
15
0
21
0
8
1
7
9
1
21
4
11
2
2
10
16
2
17
2
2
9
27
12
5
8
23
3
12
3
9
15
10
14
2
9
4
3
10
12
7
3
6
17
1
21
1
6
16
12
6
9
6
17
3
6
15
2
8
8
15
4
1
8
7
13
12
1
7
1
1
14
4
4
1
10
4
15
6
7
2
1
3
3
3
2
5
2
13
15
2
5
3
3
7
2
3
0
4
1
12
10
2
4
1
3
3
3
1
3
3
4
2
5
0
3
0
0
1
1
2
4
1
2
6
1
0
