54
19
11
1
54
51
3
19
21
97
8
54
10
17
1
35
9
31
10
79
10
24
5
7
110
72
70
74
21
33
9
26
6
10
1
57
15
37
72
45
59
38
39
3
39
32
45
45
19
14
26
23
40
68
22
16
24
16
3
53
67
9
5
3
12
97
52
2
57
46
24
25
110
7
21
58
109
46
4
6
68
19
59
41
48
3
63
96
25
22
41
49
11
115
93
58
8
50
79
27
56
67
10
14
63
15
26
29
15
48
36
60
33
13
0
13
50
26
42
88
34
16
44
56
49
15
91
79
49
46
12
112
45
36
75
9
20
2
29
44
9
8
68
75
55
40
24
83
29
10
28
1
19
44
36
3
67
17
49
51
32
3
36
34
9
1
21
14
38
16
16
3
1
77
21
68
76
16
13
23
42
34
22
3
10
15
26
26
68
50
40
2
22
20
7
20
122
111
46
40
36
90
77
52
45
123
20
54
12
46
100
77
22
16
42
27
5
53
46
5
28
60
30
9
38
2
69
11
19
26
54
40
28
92
39
26
31
40
71
46
19
90
40
16
22
54
27
23
63
26
29
16
11
65
8
18
20
25
20
69
2
52
9
50
13
60
82
10
16
24
45
49
28
17
13
1
63
8
74
26
15
26
68
0
43
7
76
54
16
49
5
51
62
81
29
111
59
25
24
71
2
56
34
119
8
19
10
6
18
3
30
91
95
43
96
84
27
38
35
27
21
67
56
3
44
47
12
10
13
73
28
87
61
5
15
14
129
10
33
9
39
70
1
19
21
25
13
11
55
33
8
21
44
63
33
58
88
25
34
65
157
87
15
105
28
48
26
64
33
91
16
40
20
31
39
19
4
11
78
30
39
0
126
32
0
69
57
53
21
10
13
148
16
36
33
20
88
9
32
27
5
49
4
39
7
34
5
18
45
71
42
29
15
2
54
25
83
14
17
90
4
77
23
9
51
37
39
68
45
24
57
72
24
12
24
23
13
10
5
7
95
32
73
86
17
60
92
24
25
65
40
48
52
39
29
64
14
25
7
71
78
41
58
38
43
27
49
16
1
59
98
11
21
45
11
111
19
13
67
25
32
26
16
76
93
15
24
18
35
10
28
2
51
30
21
18
41
38
41
37
21
33
51
2
40
58
53
26
54
42
10
24
28
86
36
19
27
81
20
47
98
30
35
12
78
2
87
48
26
19
36
2
35
23
47
47
10
42
44
105
32
121
66
52
107
50
11
25
74
63
18
48
26
37
1
5
107
25
11
66
79
23
53
26
55
7
53
33
61
145
64
7
48
10
50
40
7
50
39
19
55
6
5
18
30
24
45
10
64
49
2
47
11
19
78
53
27
30
77
34
48
52
26
34
70
32
24
49
6
15
64
91
25
29
18
5
46
117
62
88
29
28
88
82
16
28
82
87
24
23
25
164
24
8
23
31
75
15
52
59
8
56
28
49
32
24
33
49
12
57
85
30
36
21
37
71
28
66
65
5
40
90
3
56
7
18
14
15
39
14
8
22
18
61
24
12
12
19
5
18
46
13
21
37
37
40
14
86
45
38
7
24
9
18
43
11
16
8
11
29
74
66
76
144
27
62
28
31
14
23
25
5
20
27
11
93
3
36
58
61
29
23
17
37
24
6
59
58
30
35
57
1
1
12
24
20
32
2
25
82
18
21
28
99
42
2
51
104
8
97
63
48
19
23
5
13
37
58
99
54
82
45
4
1
26
46
30
72
85
15
28
53
42
36
1
43
65
1
74
26
68
98
18
111
7
85
3
1
39
44
35
34
93
42
22
34
46
31
7
48
8
30
23
74
84
7
60
150
65
25
93
17
18
11
25
24
47
8
38
40
16
39
12
22
83
12
14
4
88
48
14
7
3
32
32
56
7
41
17
88
124
52
16
119
47
17
30
53
54
97
6
86
16
1
41
33
19
67
62
40
38
44
56
2
39
3
68
23
108
24
10
61
69
16
16
15
1
53
5
13
26
61
6
36
31
18
37
17
58
65
35
28
3
54
3
39
5
63
1
53
49
32
16
71
5
24
16
1
93
4
30
33
39
10
24
33
44
103
21
81
24
47
51
16
63
6
111
34
78
74
36
93
27
74
17
78
3
45
12
100
4
15
32
16
13
0
28
19
43
65
143
37
88
14
19
29
34
70
10
48
11
18
1
34
67
24
45
70
34
7
20
56
32
2
4
114
32
2
18
72
73
26
12
15
1
45
75
29
40
40
119
49
3
78
35
31
16
83
28
7
88
26
34
50
23
12
41
25
35
58
50
1
43
2
54
5
23
73
40
43
2
22
66
18
94
20
30
13
13
10
51
34
60
17
8
2
2
56
32
4
26
20
19
16
58
34
35
68
110
15
30
79
116
116
26
59
46
48
9
25
47
15
60
47
12
21
41
29
73
0
23
54
17
44
23
47
6
100
4
23
14
23
39
8
6
9
37
51
18
31
36
4
0
45
9
34
81
20
25
49
8
25
27
85
96
38
1
7
46
51
9
10
20
15
10
47
13
25
7
25
16
19
4
10
17
19
31
10
51
14
58
66
75
2
27
90
13
29
75
76
6
12
21
59
28
9
63
19
26
31
167
1
17
40
15
8
22
42
9
26
11
4
21
7
0
27
50
8
17
42
47
59
6
18
80
59
87
67
2
24
31
22
74
1
6
34
100
88
15
15
10
35
3
20
13
25
32
52
69
52
18
6
55
34
3
7
47
97
11
55
138
5
33
48
30
9
41
9
1
17
15
48
89
37
37
11
3
47
97
13
48
15
34
8
24
3
34
40
36
43
20
58
15
76
4
38
11
14
45
1
47
1
24
32
60
6
28
18
19
2
23
1
6
8
33
17
44
20
58
40
40
9
9
17
8
27
30
31
18
43
60
13
17
42
13
2
27
73
45
4
33
82
60
14
24
12
1
99
18
10
33
11
18
20
110
5
20
155
50
6
88
17
33
60
56
6
23
0
56
24
32
13
4
25
23
76
35
27
23
24
30
1
60
4
63
55
63
32
0
24
47
32
84
6
17
5
0
10
16
2
16
92
21
49
22
107
53
13
16
41
5
24
74
6
15
2
44
16
52
43
34
68
58
8
53
5
1
132
30
20
18
22
52
7
49
20
115
92
20
48
43
35
3
2
23
54
18
31
5
36
21
77
50
84
37
35
4
51
0
14
51
5
53
9
49
40
5
51
126
61
4
2
9
29
42
17
23
66
34
11
42
53
17
48
21
43
20
20
66
30
3
57
88
39
37
11
24
13
86
16
4
41
4
54
7
46
20
24
35
54
54
7
26
1
26
15
100
28
22
75
39
14
15
28
60
8
19
55
15
6
30
4
53
29
40
37
36
4
22
86
31
55
5
13
39
10
19
3
47
24
75
42
8
25
64
9
19
25
89
63
1
13
8
48
27
29
34
46
18
39
67
27
2
34
65
1
1
79
96
0
62
32
29
25
5
75
95
9
64
23
54
39
51
1
4
35
11
24
31
22
1
27
63
10
17
9
170
5
38
18
3
53
38
22
92
34
4
3
49
24
55
35
1
50
29
38
6
35
11
41
24
2
81
27
3
26
37
18
34
10
5
5
6
50
17
14
17
10
38
19
33
13
26
50
20
40
3
16
58
1
27
36
14
66
45
97
34
15
2
2
10
19
34
68
4
51
57
12
31
39
11
48
14
54
21
10
44
16
78
5
57
1
7
16
5
6
27
11
35
48
66
55
36
12
47
40
8
29
16
95
24
34
31
58
26
44
38
50
4
40
9
43
18
7
37
57
8
43
57
49
46
9
6
25
25
25
50
5
66
24
23
7
35
14
28
18
15
42
27
31
52
23
27
7
26
9
13
1
17
40
27
71
39
18
25
0
29
48
19
17
7
3
17
71
62
13
21
26
5
28
39
28
12
30
64
49
51
64
62
52
29
17
8
22
4
37
34
5
54
20
131
5
14
34
22
34
38
24
15
46
8
61
70
15
20
18
76
23
5
48
13
39
17
52
23
51
74
25
18
29
36
66
11
5
28
23
58
8
3
49
52
8
22
21
72
54
34
2
36
7
39
8
35
26
16
62
50
26
5
12
25
36
38
46
64
4
11
3
6
45
22
67
41
37
10
61
24
4
12
3
34
15
4
30
16
23
46
44
66
3
31
28
12
51
37
15
80
32
23
12
9
22
9
5
18
51
7
34
30
37
15
11
35
58
16
20
8
106
27
14
38
1
15
30
13
24
18
10
23
28
4
50
22
73
23
32
24
14
9
21
10
11
69
41
29
32
6
41
29
79
37
28
14
41
12
28
5
21
63
33
12
92
16
55
38
26
35
6
16
54
68
12
9
37
16
20
30
45
29
9
18
13
8
16
31
6
3
31
18
46
29
19
51
13
19
40
2
1
63
42
17
59
6
21
58
35
20
75
28
13
9
29
8
13
23
18
42
15
19
42
9
46
47
54
4
26
61
2
19
44
14
45
14
41
15
71
24
34
3
13
23
1
28
35
37
31
49
9
0
86
24
14
18
3
15
24
29
12
6
46
23
46
69
40
26
62
0
26
23
39
26
0
25
21
6
22
71
8
30
27
17
14
7
9
3
17
10
11
29
32
59
13
38
38
22
4
10
24
28
71
10
53
7
27
94
51
5
23
8
12
40
0
10
41
6
34
32
2
0
50
14
44
17
35
61
13
40
13
82
38
26
28
0
2
54
58
3
43
13
11
37
45
1
54
2
4
9
0
12
24
41
18
33
75
3
6
39
5
47
24
37
32
1
5
19
10
10
26
7
29
46
32
13
35
17
27
13
34
36
1
20
5
11
41
3
32
55
8
26
21
26
41
30
21
19
82
10
9
31
36
15
35
14
6
14
15
62
28
30
1
3
14
81
12
41
27
29
43
6
2
13
40
18
27
9
43
18
4
46
21
7
47
20
8
13
29
44
24
11
8
50
12
3
2
44
28
52
12
8
11
20
32
53
29
31
36
22
23
13
3
3
15
19
15
15
22
32
36
55
7
16
45
9
11
9
49
4
20
26
38
38
1
31
11
28
28
5
39
3
10
32
3
26
2
7
26
6
41
28
10
14
34
27
58
4
67
32
7
25
12
50
19
41
39
15
19
12
31
13
0
14
11
20
8
32
0
54
0
51
5
55
42
23
18
24
33
25
6
8
48
14
34
27
3
44
21
26
9
3
8
21
15
21
30
4
0
37
0
10
36
36
7
23
1
34
51
33
45
24
21
23
23
14
23
37
9
18
12
1
9
31
5
4
2
49
65
26
20
20
11
16
16
17
25
35
21
37
34
66
12
14
38
5
14
42
20
21
15
32
22
13
33
8
3
16
17
32
24
13
28
47
2
9
8
4
51
16
45
18
12
3
54
29
31
59
3
27
63
9
15
31
49
3
43
16
19
6
29
1
17
23
15
17
2
1
4
55
23
24
28
26
18
8
20
43
50
8
21
30
3
1
7
15
8
5
18
9
15
16
26
27
61
12
15
15
27
4
24
3
28
34
26
3
56
9
46
9
1
10
22
30
6
18
3
5
18
16
41
97
34
13
10
37
28
2
11
2
17
16
35
37
49
8
22
20
5
5
1
15
18
20
24
21
9
6
65
1
21
5
7
6
16
30
14
45
1
4
30
17
3
36
2
22
16
27
36
35
9
1
23
36
23
18
24
10
14
18
20
5
9
33
33
30
23
13
9
9
6
3
11
19
5
23
32
28
22
8
40
24
1
19
31
22
16
32
11
22
29
33
12
19
3
20
31
11
11
3
12
25
8
11
17
4
9
18
22
10
41
25
6
45
13
16
10
12
18
47
8
43
27
10
22
40
2
14
48
25
2
7
8
17
5
57
24
34
35
1
5
11
32
9
31
10
23
17
6
27
2
14
35
19
64
27
11
18
15
33
4
29
6
2
20
33
9
8
10
35
11
0
10
10
19
16
4
30
11
18
1
4
27
30
14
11
1
37
29
9
7
14
26
4
2
11
21
22
9
4
10
6
16
32
12
10
6
25
14
2
4
50
15
44
9
14
11
3
30
15
20
15
14
20
25
26
12
2
3
13
9
18
7
7
6
9
12
19
17
18
16
4
4
40
14
15
7
15
3
27
17
4
50
12
25
15
6
8
20
18
12
14
5
6
17
13
16
8
0
30
4
27
16
19
2
12
15
16
14
0
7
29
5
38
13
15
15
2
22
0
30
11
8
14
12
5
24
0
12
3
14
15
36
11
21
10
3
15
11
6
16
24
8
13
10
3
3
6
16
11
40
6
19
2
21
29
10
39
23
12
14
5
18
30
32
2
24
21
23
4
12
9
9
11
15
8
35
4
9
0
26
21
15
22
26
23
9
11
18
2
4
2
0
16
22
1
6
19
3
12
14
1
24
18
21
4
12
10
5
1
7
25
7
7
8
4
13
17
6
7
21
17
34
15
1
1
18
14
21
12
32
11
13
4
6
3
12
22
7
6
42
34
16
8
17
15
11
26
7
33
0
11
0
6
11
4
13
12
5
18
25
0
3
9
4
11
20
1
15
5
18
5
3
2
20
11
10
10
13
40
8
0
8
10
6
2
22
24
11
9
6
1
22
8
4
16
8
2
9
6
17
9
5
11
15
34
3
1
7
7
3
23
3
8
3
19
16
6
1
2
18
1
2
11
4
5
1
9
5
3
6
0
3
12
7
5
11
5
1
1
5
4
4
0
9
15
5
1
9
3
4
2
8
9
12
3
2
7
1
3
11
0
5
6
1
10
15
4
4
3
2
9
13
13
13
5
2
11
3
9
3
2
4
7
11
4
13
3
5
1
4
0
0
4
15
13
3
8
3
1
11
1
6
5
5
2
6
1
8
4
6
4
9
2
1
1
6
2
1
1
0
7
3
1
1
1
3
1
2
1
3
0
0
