45
8
40
85
33
1
23
4
0
9
90
5
38
151
12
41
1
52
18
18
4
6
79
4
1
5
1
69
6
70
12
93
29
30
42
40
2
23
6
15
11
1
22
113
47
4
43
42
29
29
11
25
65
43
42
32
15
8
25
5
42
26
18
32
9
2
14
40
57
16
60
12
7
18
26
40
57
16
31
51
23
38
38
49
3
27
40
4
109
70
19
7
85
21
31
43
14
40
29
53
32
71
29
60
27
21
9
16
95
19
80
97
24
9
30
48
32
96
26
59
15
51
27
35
55
9
27
41
20
38
11
46
7
11
28
61
116
0
46
110
95
19
3
27
57
32
34
26
104
38
5
24
22
32
92
73
61
16
29
46
26
14
68
13
99
131
21
21
78
8
5
21
15
70
17
104
34
23
16
74
59
115
10
39
69
73
35
9
116
67
29
11
64
27
60
101
53
15
6
81
60
26
36
33
53
131
56
59
15
7
2
117
6
47
52
1
28
8
10
12
11
6
41
18
0
54
3
13
59
60
24
6
23
36
36
52
33
4
58
32
35
6
59
72
31
56
10
36
31
27
39
51
57
38
114
48
14
12
51
60
7
77
135
58
28
32
66
64
34
101
11
47
38
27
55
37
110
3
19
29
54
7
8
37
63
36
29
17
11
25
26
13
25
56
60
74
39
68
27
36
75
5
64
93
8
110
55
30
13
39
98
29
34
9
9
56
44
27
31
35
36
89
23
12
39
1
6
60
42
10
29
69
71
89
36
43
31
14
8
16
8
52
29
9
50
63
58
6
34
7
66
78
104
24
61
95
32
13
8
84
15
96
56
5
21
57
9
99
43
16
120
6
0
46
2
19
59
50
71
3
47
63
46
63
23
24
26
35
79
16
27
36
94
14
30
5
14
36
31
7
27
29
19
19
4
10
67
84
6
57
7
22
49
55
137
41
52
114
72
30
79
59
25
43
62
103
38
22
9
15
62
10
7
127
29
86
88
54
158
34
28
50
19
34
45
29
22
16
67
48
56
36
24
5
18
77
58
56
121
25
26
35
41
32
39
59
10
31
85
4
32
18
40
18
78
13
95
16
19
22
34
36
28
14
32
7
10
66
18
45
40
45
58
35
64
14
11
26
79
15
78
41
82
42
2
12
93
79
54
77
46
58
7
25
1
70
56
110
25
68
63
10
4
25
84
26
11
30
92
29
82
21
10
56
15
0
10
1
5
35
36
14
54
6
15
49
6
37
20
21
43
68
154
91
75
51
62
65
14
77
85
53
73
82
54
56
37
28
27
26
43
52
49
57
7
32
59
9
13
6
8
38
23
9
30
31
51
67
52
100
148
9
16
46
17
70
112
37
38
24
81
36
7
134
24
18
80
51
5
46
5
47
78
8
47
10
30
45
37
33
22
10
2
144
10
76
76
26
18
10
78
29
28
14
51
28
169
46
19
39
8
23
25
27
45
55
50
63
0
35
89
1
95
25
40
61
24
40
41
10
40
68
9
14
76
9
36
24
102
56
8
8
56
49
37
10
18
80
23
46
54
30
14
5
5
27
50
4
34
20
3
6
72
85
56
18
4
25
55
25
62
51
3
40
0
24
21
65
49
2
25
22
25
32
28
24
35
51
33
78
22
48
77
11
7
38
2
126
7
29
12
25
59
50
4
40
26
14
74
13
21
38
4
74
68
68
13
32
126
63
68
41
20
12
37
54
50
63
20
41
4
41
17
19
20
50
45
5
78
4
7
30
15
54
60
28
38
40
27
25
52
13
122
70
14
25
58
15
50
40
12
51
87
11
40
15
3
1
37
23
4
3
127
128
12
48
9
41
68
40
26
39
41
12
23
60
35
5
25
49
6
68
36
32
60
58
35
37
7
4
41
36
8
33
11
46
12
25
17
45
32
2
9
36
3
71
71
31
19
42
90
9
103
34
65
33
9
16
1
33
30
25
8
40
19
55
64
29
29
51
7
123
84
24
23
62
4
10
54
83
22
23
22
55
20
16
58
24
59
4
19
33
22
44
42
20
49
111
50
114
22
70
53
8
68
38
47
22
28
26
12
11
30
1
20
59
15
19
32
51
90
5
3
56
59
71
38
22
66
39
3
8
47
27
51
12
24
62
49
26
29
51
34
41
23
17
50
45
16
29
11
2
14
3
24
72
49
16
24
50
61
12
64
12
5
13
32
10
93
36
62
53
39
7
14
24
42
78
17
33
9
12
9
30
38
68
4
77
19
59
46
6
10
82
15
19
24
14
27
47
20
75
48
5
37
31
31
44
51
68
77
36
59
14
3
25
63
75
3
70
17
54
58
5
94
24
42
17
3
71
65
14
35
33
15
78
28
25
1
47
2
13
8
121
25
6
42
58
30
63
27
35
49
29
21
2
27
19
25
14
12
2
12
64
29
38
9
108
64
4
41
40
18
32
4
96
34
22
28
17
1
3
13
38
14
21
81
16
36
27
24
110
3
87
4
48
37
88
6
41
18
16
23
60
16
38
31
0
26
77
9
13
14
43
54
136
23
23
96
103
64
12
92
16
29
11
87
92
13
25
24
23
135
48
8
23
44
99
22
20
5
6
42
44
21
20
6
6
32
106
59
79
2
56
35
33
89
67
35
53
31
60
34
33
28
21
64
68
22
56
30
10
14
105
21
67
14
5
8
27
49
10
122
9
54
18
2
29
31
43
35
13
54
42
22
3
19
16
85
2
49
8
70
19
7
22
33
37
20
61
16
45
19
26
13
39
39
45
42
14
13
86
14
44
20
15
88
78
61
81
41
29
17
42
60
33
38
68
48
13
17
8
59
37
75
5
17
21
24
43
56
56
66
45
36
11
13
21
44
3
41
62
65
2
30
52
75
4
35
31
53
12
31
123
14
38
61
22
9
32
5
5
51
4
22
39
9
29
45
3
50
71
24
59
15
71
25
18
41
47
19
3
18
47
40
13
15
7
43
6
16
54
12
59
61
38
24
30
6
58
23
13
33
63
7
26
91
65
92
39
46
27
13
49
38
74
88
12
56
14
5
22
20
9
47
19
49
60
75
27
42
16
23
83
25
25
24
16
22
22
77
7
69
41
41
24
20
19
25
12
75
69
66
41
32
39
47
38
19
5
18
7
46
7
71
41
24
15
77
52
22
67
51
46
23
67
40
76
14
20
58
18
32
44
59
41
12
24
18
23
19
33
25
8
53
77
10
34
83
50
31
95
79
66
9
22
21
33
27
41
27
25
60
33
0
62
37
12
16
14
32
13
41
6
4
90
35
63
73
14
25
26
92
8
65
36
26
13
16
32
7
50
62
51
18
2
30
5
9
46
57
13
45
58
21
90
52
25
67
18
18
25
14
36
19
21
34
22
72
28
4
14
69
43
26
51
25
83
4
19
13
125
16
43
39
53
93
37
17
75
2
37
25
20
12
50
11
8
39
15
19
21
34
64
42
26
57
15
13
3
7
53
21
20
10
63
6
0
80
32
45
112
10
25
5
6
61
5
30
18
17
4
102
63
46
100
80
29
14
83
25
1
6
47
7
16
5
13
18
21
32
1
26
39
52
12
14
46
19
11
17
57
13
43
14
48
17
5
43
41
17
16
45
68
26
5
15
6
71
29
55
21
11
74
21
30
21
1
13
23
26
37
0
21
2
27
24
46
22
17
41
14
18
8
32
7
18
43
29
53
41
47
43
66
58
72
42
8
9
38
20
77
2
34
29
41
9
6
53
35
51
27
47
28
21
62
30
11
6
17
35
76
42
17
16
88
27
42
25
10
73
32
21
19
71
10
10
41
7
3
60
32
15
1
34
5
69
25
11
1
71
4
18
1
20
2
2
20
53
15
21
29
9
7
21
26
0
26
8
15
21
62
42
55
6
2
52
12
30
36
11
27
37
42
94
34
24
5
16
36
57
6
16
27
18
48
16
11
12
3
1
20
27
27
29
26
23
4
33
83
38
4
1
14
62
9
6
8
14
41
39
29
5
35
8
2
60
38
47
35
35
41
45
38
18
28
25
19
43
43
34
26
20
11
5
17
62
30
1
51
45
69
34
54
55
52
67
4
27
13
53
28
21
21
3
14
40
31
31
25
15
76
31
18
15
26
6
20
37
34
16
3
6
2
49
15
52
75
39
21
16
18
54
14
29
29
2
39
44
22
22
52
3
31
8
6
19
66
18
42
60
77
10
29
34
4
23
11
13
25
51
33
12
6
84
10
44
21
31
27
36
11
4
70
5
8
2
54
26
71
14
56
10
17
26
40
34
11
19
45
27
5
19
16
14
41
90
16
53
35
30
9
62
16
42
0
50
52
1
20
3
7
36
31
29
32
16
41
17
3
62
31
1
58
5
8
23
56
13
2
29
20
8
10
27
36
20
29
34
21
4
19
4
3
5
33
62
3
41
34
55
19
5
39
24
1
42
2
16
22
46
19
30
32
6
20
8
70
52
17
37
0
46
6
7
6
25
1
26
6
5
16
2
68
7
32
20
6
6
11
36
23
2
63
5
33
55
63
37
13
4
38
14
15
27
28
4
49
13
12
29
6
4
14
39
66
1
21
23
5
39
15
21
4
5
1
22
24
75
63
43
18
4
11
25
12
65
17
25
16
23
16
4
34
11
34
24
18
6
47
10
6
38
2
25
18
34
5
43
10
11
6
30
47
41
35
110
29
10
22
11
37
56
15
1
1
9
11
51
40
19
49
5
38
63
48
0
37
29
36
10
3
23
6
4
12
13
17
8
28
38
29
11
10
66
10
25
43
2
20
13
5
24
42
40
8
34
83
32
15
25
51
31
3
8
31
54
59
7
25
16
11
39
49
23
23
4
15
6
2
3
19
24
45
2
27
78
18
27
13
14
12
27
24
52
14
34
50
15
10
1
7
24
13
1
17
33
9
17
20
14
50
15
27
13
91
6
19
54
28
12
14
38
37
6
32
12
12
14
42
28
2
13
19
22
1
5
67
6
9
17
13
39
22
17
2
16
0
96
71
18
13
3
19
35
25
11
26
19
24
51
15
21
25
13
22
8
4
8
33
2
5
22
23
37
20
36
14
25
0
35
65
14
24
11
37
37
1
23
37
20
14
8
38
25
2
1
8
23
41
19
16
25
46
51
23
12
40
50
8
10
4
30
14
11
37
10
20
17
20
1
41
12
9
8
34
27
6
22
10
6
6
7
23
9
37
37
5
10
47
66
41
41
66
20
15
17
18
35
49
9
24
43
8
30
65
1
12
12
21
22
1
10
20
25
23
12
13
19
3
19
63
20
47
3
40
65
1
28
23
36
2
14
19
15
76
4
6
0
3
14
17
18
1
31
20
25
0
7
32
5
20
42
41
26
28
1
2
54
57
39
3
12
21
15
4
10
31
15
23
52
18
18
2
26
18
21
1
23
3
1
18
30
26
23
27
5
25
37
10
23
23
18
21
47
8
36
10
63
31
11
24
12
59
9
26
18
35
22
10
37
12
26
8
8
20
42
27
2
10
5
7
30
6
11
2
8
18
24
42
33
9
18
4
39
25
40
17
17
17
55
39
4
36
51
37
7
2
0
39
26
8
29
27
20
33
16
20
33
12
43
6
26
4
32
1
8
16
34
1
48
2
6
18
11
8
29
14
48
14
47
13
33
67
2
24
4
30
35
25
16
16
16
12
29
17
22
7
2
45
51
12
6
4
12
35
18
36
51
20
26
24
14
2
25
14
19
37
50
27
27
24
33
16
8
6
16
18
24
16
0
26
40
0
11
10
10
15
11
11
2
29
16
55
10
17
7
26
6
29
2
15
11
26
19
29
0
27
2
0
11
17
4
27
23
40
39
13
31
0
49
49
5
13
10
7
16
18
37
30
4
37
8
6
1
16
18
9
15
42
2
23
11
13
63
5
21
31
6
25
11
16
21
23
9
40
36
2
19
12
6
0
19
14
53
15
9
26
4
25
10
4
2
17
6
33
39
35
18
3
9
2
20
3
52
10
34
2
5
9
6
3
34
5
5
24
51
8
19
12
4
17
37
2
13
3
10
15
17
24
7
14
1
31
4
20
7
9
18
10
38
0
11
4
10
17
36
16
22
1
16
11
22
5
4
6
11
15
1
12
8
6
35
7
13
25
10
8
3
5
25
2
38
16
14
25
22
28
34
22
28
4
10
3
24
2
3
26
7
17
27
6
12
9
8
52
19
11
30
4
46
0
11
32
16
6
7
2
26
24
26
37
13
17
13
3
28
20
28
40
2
12
30
9
55
0
12
20
6
9
11
11
3
3
18
42
13
2
44
1
19
20
18
27
24
9
7
9
25
4
5
20
43
13
28
0
11
16
0
5
20
11
28
15
5
22
4
15
8
10
13
12
9
3
30
17
8
35
13
31
22
10
5
32
10
12
9
5
13
2
15
10
4
4
11
23
11
11
24
7
27
13
14
18
25
8
10
8
4
2
24
19
5
11
6
10
7
24
25
9
2
21
15
17
26
17
9
4
4
3
12
20
6
30
9
24
17
9
7
3
7
28
13
10
5
15
2
11
2
17
35
7
7
5
11
2
17
5
4
4
10
6
3
12
9
14
8
13
12
8
6
3
10
4
17
3
4
4
9
6
1
19
28
12
1
5
6
3
14
10
3
3
9
16
23
4
15
1
22
5
5
14
4
28
7
19
17
1
10
9
2
10
2
10
11
2
1
5
14
3
6
9
15
9
4
6
3
12
7
1
6
11
19
4
3
3
3
1
4
1
1
8
16
16
10
10
3
1
17
8
2
6
8
6
9
7
6
4
5
1
4
14
6
9
13
1
5
5
5
7
7
5
13
2
7
7
3
3
2
5
10
7
13
0
3
5
8
0
8
3
1
2
6
2
0
3
5
7
3
1
3
4
4
7
5
5
9
4
3
7
3
2
4
0
2
3
3
0
4
3
1
3
2
0
1
1
2
5
1
2
