60
37
26
2
39
13
23
7
50
13
38
10
8
7
13
27
9
24
65
25
15
70
23
26
88
11
9
23
8
8
6
23
5
93
25
66
42
50
77
45
60
28
27
30
31
76
15
45
90
7
24
31
1
71
49
1
88
75
31
27
5
14
89
30
24
45
61
14
169
12
59
25
78
34
58
23
19
58
53
12
34
11
48
18
59
19
11
25
11
31
19
28
15
47
1
38
93
27
23
56
66
37
72
93
31
29
40
2
96
24
3
17
53
24
53
92
0
2
65
76
9
41
80
19
53
46
3
19
54
43
53
27
93
61
6
61
61
44
67
2
18
55
24
25
111
47
1
30
154
37
2
55
91
18
128
87
27
48
15
10
130
14
15
123
57
55
44
84
11
112
47
69
16
42
83
12
17
43
53
73
12
10
31
92
23
11
2
16
2
29
28
31
29
72
73
16
11
24
56
21
110
17
32
70
68
16
52
29
33
48
96
1
3
27
38
49
8
29
8
100
42
100
28
69
52
83
16
16
30
36
2
92
96
80
4
35
5
18
21
71
46
28
38
43
68
13
11
21
68
50
28
87
19
6
83
34
10
30
25
9
95
13
48
111
63
2
100
42
21
43
21
55
35
22
36
22
31
59
29
56
105
132
39
9
61
62
78
10
10
87
46
62
36
54
62
49
56
95
128
66
65
60
20
15
42
27
34
45
47
27
45
12
4
25
27
95
13
37
16
73
61
101
2
23
82
46
1
14
43
20
48
20
15
8
11
29
10
41
136
21
43
49
16
28
19
42
52
30
88
40
38
50
46
52
75
38
72
12
5
58
18
47
63
12
30
72
38
52
31
2
61
32
29
44
101
70
37
5
21
33
80
22
2
81
36
71
37
15
56
6
3
62
21
19
90
65
42
50
25
89
33
41
27
32
16
14
56
90
75
85
14
89
3
16
0
86
16
32
56
33
16
38
28
7
45
16
41
49
48
22
15
49
33
86
13
108
91
25
1
49
29
15
64
52
171
63
20
77
106
39
16
22
60
13
56
16
64
30
79
7
33
44
5
95
48
27
37
56
2
39
139
28
25
15
87
73
10
19
14
83
27
44
17
6
56
102
38
139
45
29
25
10
20
5
0
18
51
39
80
35
64
38
70
8
114
15
74
16
24
16
68
6
16
52
59
70
53
7
33
101
26
39
0
36
101
128
14
120
94
36
65
63
20
10
49
58
30
61
55
30
16
41
56
25
66
68
12
39
18
7
104
49
45
22
100
107
40
25
54
19
10
6
2
42
15
2
7
20
93
69
5
18
2
43
23
8
67
114
11
120
26
28
38
88
39
89
107
58
28
41
11
53
78
44
51
15
34
31
85
11
13
55
42
15
42
45
31
7
3
68
34
30
28
11
88
14
35
6
83
78
28
11
23
3
25
17
36
56
34
11
39
57
33
92
69
27
32
41
81
43
90
47
25
83
65
18
18
13
28
1
29
39
16
42
1
47
65
33
11
2
1
31
26
60
48
51
19
98
15
3
43
2
3
69
33
125
10
4
47
62
13
46
38
99
30
25
15
35
1
70
1
58
85
13
0
15
29
34
19
3
139
49
50
35
20
40
45
32
118
60
71
65
7
32
44
42
28
6
47
37
20
35
17
10
17
148
35
19
83
78
24
65
14
35
48
18
14
33
53
62
114
46
16
64
31
62
10
39
32
38
31
8
37
19
12
21
79
128
26
38
0
68
44
28
80
38
76
12
17
26
26
31
8
25
31
2
2
10
120
49
65
52
109
69
45
22
58
34
56
40
24
34
2
11
39
12
24
87
4
64
40
9
27
92
36
2
28
36
71
16
64
50
50
43
9
35
17
70
70
11
8
19
72
8
16
16
28
38
38
18
5
22
12
35
18
7
37
6
33
17
6
5
36
22
34
82
30
29
36
6
13
58
46
34
3
44
41
24
60
23
0
62
12
14
31
31
4
20
7
43
33
13
10
32
61
4
52
37
51
22
3
4
58
74
8
16
71
70
59
55
42
28
21
7
62
36
58
23
42
111
127
30
23
2
64
51
34
41
57
50
27
4
10
61
3
51
12
37
51
3
27
14
14
12
52
1
40
19
49
14
14
22
43
44
12
84
26
36
89
37
22
79
22
62
22
41
24
7
58
75
21
44
13
18
1
40
54
49
32
64
39
27
1
17
88
20
21
42
83
40
21
34
40
67
16
8
43
1
44
7
20
82
31
31
20
22
45
66
15
28
36
10
19
51
3
44
7
4
38
30
43
10
35
81
4
11
15
69
6
3
31
66
49
44
84
94
38
54
92
4
26
27
41
23
16
55
35
69
31
20
61
81
19
59
32
5
31
0
54
8
11
24
18
25
18
11
48
43
56
4
27
22
1
31
26
73
13
16
16
15
20
69
20
24
12
33
0
14
30
64
0
46
14
30
43
0
23
33
5
83
90
12
13
49
10
26
82
19
3
3
27
3
59
4
32
45
24
11
16
22
17
0
21
44
94
17
4
18
44
7
27
22
57
9
57
37
9
5
32
44
41
28
33
28
24
61
9
8
8
0
3
41
19
50
38
26
44
28
20
41
14
9
6
57
40
6
41
9
61
40
37
18
10
0
12
38
121
62
79
16
93
2
18
5
40
37
51
19
23
111
36
14
64
6
1
41
63
29
42
33
24
67
18
43
43
15
12
23
11
19
14
1
30
9
7
10
8
91
2
5
3
3
20
27
13
8
12
76
27
16
5
13
17
100
71
53
7
0
10
40
82
35
38
19
30
13
86
16
61
67
2
9
54
1
13
28
34
32
78
42
37
27
29
45
33
46
13
19
9
6
8
6
29
63
64
78
5
78
83
13
8
7
33
4
91
1
19
7
1
23
13
108
41
24
32
19
0
37
51
14
23
29
20
45
40
0
7
16
9
27
12
40
20
52
18
107
12
56
36
10
18
39
28
2
32
4
2
17
24
74
17
67
13
15
32
14
16
45
24
39
102
26
21
2
61
25
16
66
37
7
9
24
33
7
54
13
20
14
65
13
19
45
52
32
64
47
5
87
12
27
33
76
54
52
81
90
51
42
39
60
12
11
53
76
31
28
1
3
42
59
27
14
122
10
63
2
23
91
26
34
107
37
28
45
7
8
1
16
15
114
9
61
49
46
25
75
24
43
16
72
62
16
3
22
14
9
40
34
24
10
46
0
2
23
2
3
13
23
26
25
22
19
25
34
56
44
7
23
30
49
55
100
31
39
13
26
2
63
14
18
10
58
42
25
21
22
20
67
27
40
82
102
7
7
42
6
8
29
64
7
22
100
23
10
5
23
57
16
6
7
39
8
6
15
6
27
64
7
95
2
29
25
9
29
19
30
96
50
28
23
26
59
62
53
29
10
10
61
8
9
21
4
42
70
23
62
27
14
83
29
49
6
29
29
52
66
21
7
18
21
6
48
12
19
77
44
32
17
21
90
21
30
21
14
9
64
119
59
13
38
39
23
65
14
78
53
17
8
33
45
48
16
52
11
4
7
119
5
45
51
96
22
12
43
54
23
14
29
50
42
25
38
17
3
6
59
23
51
22
7
2
4
15
18
54
59
29
27
25
43
57
24
1
4
20
3
75
7
14
6
51
32
55
28
43
44
25
74
33
67
34
75
18
12
86
29
53
6
4
78
21
19
36
72
7
38
66
32
49
9
58
30
7
33
40
64
15
53
22
23
45
4
39
16
3
33
10
49
14
56
28
62
47
12
8
0
30
26
8
11
53
55
32
54
21
36
6
44
44
22
28
3
110
28
11
5
28
20
27
52
78
31
15
3
0
36
16
8
22
54
24
53
40
5
12
31
22
24
25
46
92
8
5
39
34
29
16
11
26
34
2
9
4
2
60
55
20
61
70
11
27
56
10
8
28
8
19
99
9
12
10
32
4
4
18
29
10
46
68
32
31
27
11
17
59
16
21
4
10
44
63
62
43
5
18
24
21
32
26
15
1
4
13
7
14
26
17
47
44
24
1
20
99
64
31
31
10
21
35
78
80
78
10
1
96
11
27
29
53
18
45
9
12
54
37
1
14
16
8
22
24
17
47
1
93
19
33
45
4
55
17
24
23
5
15
9
27
49
83
34
74
22
8
45
97
2
15
18
21
32
6
3
19
51
54
12
27
20
20
17
4
59
17
19
34
13
11
20
22
18
30
32
11
1
10
22
13
3
16
34
50
12
28
3
24
64
51
37
7
47
31
6
34
22
5
3
13
57
40
11
29
5
46
28
47
18
40
11
11
39
17
30
51
32
5
2
48
21
13
12
26
54
8
27
13
22
14
35
27
28
14
0
4
3
61
16
22
22
3
37
24
47
11
6
5
33
43
45
77
62
10
7
12
61
17
1
5
23
41
26
43
29
54
2
22
5
20
103
18
61
31
12
5
7
22
32
15
8
25
29
58
46
0
29
11
1
4
21
5
21
14
22
13
4
13
22
33
27
29
74
4
6
45
5
50
58
9
15
2
11
31
37
38
36
20
28
39
49
12
15
71
52
18
30
24
27
54
14
21
1
2
34
23
3
8
22
13
16
5
37
3
25
20
36
3
1
32
14
7
35
9
5
0
14
16
13
2
13
13
3
27
19
17
4
11
34
86
48
34
49
34
82
22
38
2
45
54
12
34
9
11
63
49
59
10
13
27
48
28
29
13
11
9
37
30
11
5
51
21
10
1
13
13
39
19
11
67
72
24
8
59
4
19
2
19
22
21
5
32
2
38
26
19
20
4
4
30
28
36
48
19
8
56
18
45
38
19
22
18
29
3
51
26
14
10
40
2
11
21
16
10
9
30
58
8
29
24
57
16
51
2
18
21
18
0
23
41
58
56
30
16
0
21
12
36
2
3
80
28
34
5
23
10
20
10
29
16
17
12
7
14
28
30
6
3
47
1
31
31
20
16
8
25
17
35
44
0
17
13
21
5
15
13
7
14
35
18
6
17
32
28
14
44
34
22
9
19
6
56
21
17
48
13
23
46
52
17
10
9
1
7
7
4
18
25
28
34
39
7
32
32
15
3
19
39
80
17
26
26
45
20
9
3
19
27
18
25
23
26
5
26
5
14
17
2
13
1
10
39
10
35
6
20
9
12
25
13
10
29
32
27
13
49
2
9
18
44
26
44
10
20
31
5
18
4
42
13
26
2
38
9
19
44
12
4
21
4
1
54
3
4
36
9
10
2
13
15
22
7
1
40
17
2
10
7
33
54
37
74
5
9
24
18
18
20
4
22
49
10
6
28
5
4
0
14
8
48
26
19
73
28
8
45
34
2
28
24
16
23
7
19
34
18
23
3
5
5
5
1
20
26
35
9
3
17
31
36
35
14
9
23
3
26
21
4
22
17
49
33
11
16
11
17
8
10
38
46
2
18
17
8
3
11
21
53
23
27
28
29
34
5
45
35
24
11
31
22
8
1
2
13
6
37
9
37
31
8
22
4
24
4
19
42
47
4
15
13
26
4
74
13
46
32
9
33
16
40
3
29
8
38
1
32
6
3
62
46
9
10
1
1
10
19
36
1
14
12
36
28
14
1
39
20
40
26
8
18
43
23
1
17
35
12
36
12
6
52
52
15
25
1
3
53
29
5
0
20
8
36
6
32
56
54
22
30
21
10
30
18
3
23
35
2
10
22
17
3
24
33
5
3
20
13
5
4
43
3
52
6
42
22
19
29
29
27
5
20
2
14
35
29
7
2
46
1
10
18
2
40
9
0
19
21
13
11
4
19
36
43
9
0
22
35
20
7
6
12
63
14
8
1
8
1
28
4
33
10
10
31
26
43
30
3
6
19
9
13
5
7
10
35
4
1
9
22
18
15
10
43
17
34
27
10
2
2
4
18
12
6
7
19
17
14
16
42
18
36
7
16
4
30
37
22
28
36
1
6
9
19
7
34
11
14
20
26
13
4
15
32
22
9
30
38
11
8
19
19
17
27
6
11
31
13
4
9
22
18
0
1
24
5
17
33
18
5
14
10
5
5
31
26
34
3
4
8
13
26
9
11
1
31
14
4
8
0
19
35
18
0
28
19
8
21
15
9
14
2
29
8
2
21
11
9
16
30
1
3
9
16
2
23
64
11
3
12
5
28
3
9
11
66
13
18
1
11
3
5
25
1
10
8
13
19
7
16
1
7
22
13
25
23
4
45
12
10
46
14
21
10
1
4
10
28
12
17
12
29
8
5
1
18
1
11
16
2
17
8
11
19
1
7
14
9
33
8
6
0
9
24
17
9
2
5
44
14
26
13
33
4
17
26
9
20
8
5
3
31
11
1
6
6
13
24
26
25
18
23
16
11
2
20
7
13
1
1
9
2
20
15
31
32
6
10
20
13
16
16
4
8
5
10
14
13
2
5
7
14
44
4
18
14
8
26
8
3
19
51
8
10
11
6
6
22
18
20
6
15
1
15
22
29
1
6
42
13
19
28
8
2
16
12
12
24
29
11
22
15
12
2
15
3
6
13
30
7
10
0
17
21
1
5
19
1
14
9
17
18
5
13
7
12
1
5
15
14
25
13
1
4
15
0
3
43
12
18
17
17
0
16
21
4
2
38
22
23
4
11
14
2
20
2
0
1
6
2
7
22
11
3
10
11
26
16
23
10
1
8
25
2
3
10
12
17
6
11
6
12
5
7
0
30
6
6
19
7
1
13
2
6
10
0
9
19
0
4
15
1
0
6
16
9
15
8
11
15
4
1
11
1
5
4
8
7
1
1
31
8
13
10
4
0
4
9
1
0
4
6
9
7
12
10
8
5
10
5
9
7
1
5
2
6
0
8
7
8
3
8
3
3
4
16
4
10
1
6
2
0
2
9
2
0
2
4
0
1
2
5
3
3
10
2
2
0
4
1
1
1
1
8
1
1
5
13
0
4
0
2
5
12
2
1
3
2
6
5
3
0
5
4
5
7
1
1
6
1
2
0
0
1
1
