26
1
23
21
25
2
28
53
27
18
8
26
56
6
47
11
1
29
1
13
61
37
9
10
26
10
70
5
2
9
55
22
22
15
134
63
15
26
15
82
1
21
53
36
36
14
10
23
6
87
3
39
23
190
17
19
15
8
3
23
16
81
75
3
15
32
36
15
11
38
65
70
24
4
81
8
119
61
21
25
39
5
59
23
81
57
18
29
13
20
71
17
14
58
46
4
32
65
93
27
14
12
16
25
17
11
92
15
68
15
34
23
20
57
14
10
19
10
75
42
108
24
99
78
36
62
37
65
81
3
100
48
40
49
31
29
27
10
45
63
40
87
14
83
38
34
2
27
57
38
17
21
46
26
18
38
33
13
25
55
21
51
72
4
59
38
63
124
19
44
18
0
18
30
43
10
9
4
49
27
27
3
44
6
111
81
24
41
58
0
21
81
6
24
46
27
145
3
39
8
3
44
52
15
84
62
45
127
96
51
66
106
62
38
5
81
82
16
103
15
19
37
11
8
36
11
34
59
32
49
31
70
73
40
18
57
8
52
53
7
10
81
57
51
36
20
58
55
24
59
74
75
27
29
1
42
0
23
13
2
15
46
88
97
3
48
5
37
103
19
89
33
10
37
9
97
7
67
29
40
38
126
58
54
46
58
27
6
20
48
70
39
34
99
44
17
15
2
59
35
24
92
51
84
70
42
22
51
5
1
75
34
70
90
15
34
61
47
2
74
30
12
48
71
50
66
8
8
41
81
12
24
9
21
32
110
88
35
14
23
26
22
1
12
62
30
2
18
29
50
143
55
87
47
32
38
71
12
85
49
45
34
17
15
15
3
82
69
12
33
77
101
56
90
11
51
129
77
63
57
15
8
42
83
135
15
65
55
5
53
15
31
78
1
10
18
53
17
56
10
35
76
63
18
55
16
39
13
41
37
51
78
52
5
109
54
15
97
44
81
12
42
42
7
31
21
75
26
47
0
34
41
17
30
7
32
103
5
27
36
29
19
49
13
47
23
30
134
46
1
27
11
9
36
28
101
34
79
19
34
99
49
116
5
13
32
35
19
35
119
11
52
15
39
44
21
7
79
117
132
47
93
10
31
34
46
90
38
7
16
71
29
38
20
27
16
84
12
88
31
13
15
6
66
49
47
26
12
70
36
134
10
2
25
76
31
6
73
45
24
113
11
6
21
50
14
97
58
36
53
11
74
123
82
8
36
8
25
67
27
34
88
59
20
30
1
2
59
52
65
48
36
35
34
17
13
33
25
40
8
37
82
4
80
30
39
68
49
83
78
13
1
38
69
12
20
26
35
5
50
16
46
35
4
23
38
62
39
5
53
44
84
43
82
0
11
72
43
38
32
22
77
23
6
126
13
2
35
83
64
77
45
12
53
25
31
27
11
53
83
20
2
31
7
55
29
86
75
1
22
14
35
26
37
71
15
33
12
27
46
2
91
71
21
2
148
23
29
7
12
122
16
10
35
89
148
79
82
1
24
8
6
91
48
114
8
40
12
32
35
62
9
12
42
41
47
2
56
14
7
50
0
36
16
18
2
21
4
56
90
77
2
31
21
31
89
130
3
3
39
34
6
5
20
16
13
9
11
21
24
65
39
52
43
37
44
26
53
3
36
4
2
24
15
34
8
15
118
17
2
55
2
79
29
46
11
84
12
88
52
14
27
2
50
34
14
23
41
72
16
22
48
6
14
72
41
30
55
77
7
0
48
29
75
30
30
15
11
37
82
55
14
5
43
62
4
40
96
29
28
59
80
23
114
2
17
9
31
15
35
26
23
37
62
5
1
31
23
15
25
13
18
30
94
67
49
59
44
71
55
44
53
17
1
52
15
23
11
74
40
16
85
61
29
76
18
25
6
60
40
53
33
18
13
14
59
14
40
21
24
31
79
52
20
34
37
39
34
27
13
21
68
92
12
79
85
12
84
14
15
11
51
62
51
2
34
74
32
8
13
4
29
15
62
4
29
65
14
41
2
10
32
39
16
37
5
31
81
35
7
4
33
3
59
7
100
11
56
57
33
16
42
18
19
35
65
66
21
0
4
65
36
96
15
3
33
73
25
23
144
52
123
25
30
28
2
30
51
30
61
13
0
5
30
104
6
34
79
25
101
59
53
16
4
41
35
3
12
12
64
42
3
22
53
78
13
69
29
1
63
2
15
24
13
32
47
43
17
44
33
59
56
54
73
1
6
10
26
87
78
68
14
48
30
28
73
5
27
11
13
59
4
55
28
49
31
70
72
24
36
0
92
74
96
47
22
26
30
10
35
28
18
70
10
32
26
12
50
27
40
22
1
31
4
60
7
21
94
36
1
51
43
35
23
54
64
9
4
40
85
79
26
35
19
27
13
43
26
11
17
22
12
90
43
53
16
37
29
12
23
56
14
40
32
21
38
45
84
36
40
91
21
45
11
6
14
7
5
62
68
25
29
28
49
42
30
61
0
3
20
7
23
17
37
5
17
19
17
48
1
35
44
85
64
90
10
44
4
34
68
4
43
25
24
35
21
23
14
73
43
9
87
32
25
3
18
8
25
10
35
0
46
1
36
74
6
24
1
7
31
16
31
17
6
20
2
34
42
26
26
15
36
11
40
50
73
15
39
32
71
58
4
87
15
38
21
33
47
4
16
51
70
17
0
9
9
12
13
50
2
19
65
5
85
2
60
28
25
18
24
9
9
74
66
27
14
32
6
75
86
32
19
21
9
48
4
6
75
34
28
5
11
4
21
61
53
55
20
33
13
63
24
54
2
10
33
3
0
19
34
23
59
19
5
75
59
57
2
35
41
15
23
37
97
18
34
10
45
38
13
76
10
13
35
3
11
33
19
25
93
43
56
33
19
33
23
42
56
14
28
20
13
107
66
76
36
62
53
9
14
27
4
34
16
21
69
8
20
44
2
18
17
52
12
79
46
77
35
28
3
78
58
46
15
16
14
25
76
98
26
2
46
7
88
10
19
41
1
17
9
10
44
49
90
76
43
101
48
64
5
30
74
27
10
24
5
11
26
78
42
25
17
9
16
1
22
2
53
67
43
57
0
44
39
16
42
7
33
60
64
98
81
59
43
44
19
5
28
41
75
14
79
77
3
32
23
37
40
76
10
42
37
48
52
35
59
56
34
23
35
25
38
7
16
22
116
42
68
53
19
53
13
11
11
35
69
46
19
4
47
78
37
2
19
45
51
5
8
32
64
11
59
101
32
40
56
44
88
11
36
31
21
30
111
12
0
49
90
18
67
45
51
3
46
63
9
42
49
23
16
79
77
6
52
3
61
90
16
19
7
21
21
19
61
56
33
86
45
7
29
30
3
30
14
1
21
3
35
11
11
61
53
17
11
17
95
46
38
28
14
37
44
22
60
0
30
59
56
29
16
15
50
46
40
17
30
39
33
14
50
33
27
1
35
19
83
22
7
5
11
85
49
88
35
6
39
35
42
20
15
62
18
15
4
68
59
62
40
46
30
20
4
14
140
27
41
10
23
42
23
20
59
14
19
10
22
11
0
14
28
10
61
43
99
36
43
27
51
55
9
44
4
62
6
9
2
22
35
46
15
17
5
89
11
77
4
9
25
27
6
27
33
43
38
57
22
22
52
52
10
31
31
12
4
17
17
5
9
30
5
35
8
1
45
7
6
24
64
27
60
7
8
43
65
18
14
33
96
52
23
34
46
2
0
48
21
21
37
30
68
27
29
12
55
73
16
30
10
4
81
31
56
70
38
35
62
30
5
83
13
71
18
18
23
40
42
80
12
2
28
1
2
10
45
4
27
56
41
66
8
53
33
29
35
43
14
26
4
4
32
65
51
42
44
30
83
3
38
2
40
34
15
3
84
20
7
31
35
34
31
27
11
27
70
24
28
15
12
31
9
45
11
4
46
27
20
22
21
43
35
3
33
2
38
21
38
22
74
42
8
41
65
23
3
33
37
54
57
45
11
103
39
22
31
59
23
2
36
52
63
21
36
11
13
20
24
1
31
59
12
35
10
28
48
19
55
48
18
42
10
33
28
67
29
7
60
34
33
8
47
11
23
10
35
22
32
19
19
10
10
44
25
39
60
3
35
3
0
25
23
50
3
37
36
44
21
21
55
75
7
34
6
7
24
39
7
26
25
10
31
32
46
49
14
68
41
5
46
39
70
31
7
7
15
14
46
11
23
2
2
0
40
35
92
29
4
3
29
20
46
37
43
74
24
3
30
21
25
2
32
27
72
17
17
54
27
18
52
15
4
55
4
17
19
8
88
41
13
8
21
43
35
32
9
9
44
44
10
18
32
27
30
4
34
11
11
23
115
1
3
31
10
1
38
70
36
8
15
21
65
64
63
11
26
36
43
12
45
9
35
18
57
2
23
27
18
26
65
13
31
16
30
69
14
62
5
31
28
26
11
30
8
34
38
12
38
22
1
22
12
25
25
69
19
33
59
1
11
79
70
68
17
53
14
42
4
63
47
12
27
24
58
6
9
29
14
50
11
2
8
20
77
15
1
19
1
29
33
29
53
79
0
20
11
2
10
35
9
25
25
22
29
7
23
51
20
16
9
25
0
18
9
3
3
7
46
16
73
1
28
16
28
56
49
31
46
12
21
17
31
14
26
9
20
17
1
20
1
30
20
23
48
10
53
29
10
32
11
9
3
23
19
47
30
14
9
4
19
26
39
48
62
31
20
27
8
2
2
19
5
27
5
19
12
7
21
31
10
22
15
11
48
7
65
22
12
7
69
11
39
33
42
30
12
31
3
1
15
15
57
14
30
0
22
3
4
1
19
3
5
30
3
76
9
31
26
3
34
9
1
23
6
7
6
21
7
34
36
18
8
39
19
6
9
6
21
13
29
10
23
3
5
32
66
24
7
27
31
53
3
4
6
47
66
34
39
21
14
5
39
20
22
65
43
34
32
21
25
4
1
36
27
9
30
43
1
20
2
50
24
18
14
26
60
3
24
7
47
3
27
3
7
45
8
8
17
7
20
53
9
24
25
37
47
4
33
56
49
28
26
1
29
30
13
9
3
24
4
14
2
13
62
41
28
1
29
38
7
17
1
1
27
18
36
12
60
5
21
46
52
38
27
27
4
34
26
9
25
35
36
26
37
17
0
14
43
15
35
8
21
3
9
9
15
18
40
11
28
35
14
58
19
34
25
32
14
29
12
16
6
36
16
12
52
5
9
48
9
13
4
20
33
10
11
26
18
36
41
11
17
33
25
24
22
11
12
57
26
6
1
30
23
38
6
3
13
17
31
19
22
45
8
0
21
7
66
30
3
21
32
64
22
46
30
22
56
9
0
8
9
13
23
19
43
10
7
25
12
48
31
3
8
2
22
57
19
11
10
14
8
3
21
23
24
15
34
26
67
30
12
1
9
8
40
5
1
20
35
15
10
7
49
16
29
24
30
28
8
19
4
39
2
25
25
37
9
12
29
33
46
1
15
7
17
2
2
40
19
38
2
33
45
4
28
26
0
26
49
18
45
6
11
33
18
63
23
3
30
2
30
11
10
5
26
12
29
1
5
10
2
8
19
59
13
19
29
7
3
21
2
11
4
10
0
30
12
12
8
15
13
16
7
10
27
34
29
12
9
28
19
54
22
47
30
6
27
53
44
42
31
13
17
46
14
46
41
7
1
18
18
5
34
0
30
20
14
13
47
11
27
7
24
13
2
5
52
29
8
24
38
6
20
26
2
39
7
16
4
4
2
22
39
9
4
30
36
14
47
5
4
9
31
26
15
35
54
22
2
8
6
22
46
5
28
8
40
4
11
47
35
7
15
12
52
5
10
15
21
50
11
0
45
22
8
1
7
37
21
19
25
36
22
35
10
1
11
5
23
41
38
17
2
12
32
19
11
2
31
3
35
14
22
2
40
14
9
33
5
30
11
2
5
20
11
45
7
31
18
4
32
16
24
3
10
47
1
6
11
23
19
21
10
3
24
4
8
10
1
12
10
16
0
11
37
25
20
12
10
40
32
4
7
5
42
14
15
28
17
27
4
0
2
2
48
7
13
15
23
5
7
9
4
0
8
32
19
49
5
12
13
3
4
6
7
30
8
12
15
18
21
56
32
3
18
33
17
35
11
25
8
16
16
3
21
7
16
3
6
11
5
12
6
12
13
6
29
20
30
11
23
31
26
5
2
4
5
8
7
10
17
47
18
19
6
12
6
20
5
35
2
5
22
13
28
8
12
4
7
20
17
6
2
37
1
16
6
15
24
3
17
25
18
12
20
9
7
15
2
37
10
5
9
5
15
6
10
28
23
14
1
17
23
1
23
19
20
33
9
23
2
6
1
9
22
9
25
10
23
12
3
1
3
6
7
15
23
6
3
17
14
0
19
15
4
28
1
15
24
7
18
9
14
1
1
10
31
0
1
22
1
10
13
9
29
13
22
12
5
1
6
30
13
2
14
27
9
8
12
16
4
2
5
9
10
2
10
7
2
0
2
1
20
4
31
12
31
3
6
23
8
6
24
15
2
2
7
3
26
8
9
13
7
16
8
4
14
34
5
16
4
8
6
14
33
6
30
0
12
8
0
7
17
1
8
14
22
22
14
7
28
7
2
7
11
6
26
19
12
4
19
17
11
10
3
8
3
19
11
1
12
7
13
3
6
4
4
22
26
5
3
13
18
9
3
3
16
22
5
13
15
4
15
23
4
4
7
12
9
2
16
7
7
2
11
12
3
1
10
9
14
16
2
6
18
6
4
21
5
5
5
3
0
18
1
5
20
4
1
18
14
2
8
2
6
13
7
11
4
8
11
0
3
3
13
5
16
12
12
12
4
16
18
5
10
1
18
8
20
7
7
4
7
24
3
4
6
7
5
3
1
5
3
0
7
5
6
15
3
7
3
3
0
15
5
0
2
0
5
6
2
9
2
1
3
6
3
7
1
4
5
3
6
3
1
2
5
5
5
3
4
7
2
2
2
6
1
0
4
0
12
1
2
0
3
3
1
1
1
0
0
