17
5
12
16
1
4
2
4
8
14
7
9
8
13
24
8
18
5
10
18
4
6
32
13
11
34
4
14
1
17
16
11
12
1
16
16
28
12
7
23
4
2
35
22
7
10
19
12
12
16
19
27
12
8
2
8
10
24
15
20
36
0
14
7
1
16
10
18
3
1
2
21
19
33
4
9
14
21
14
20
22
0
1
19
27
28
3
32
7
2
15
12
25
11
4
15
3
3
6
9
20
1
16
10
16
4
9
15
34
21
3
31
9
3
2
19
25
3
11
5
15
17
0
9
7
7
1
8
2
20
3
14
7
5
19
12
1
10
3
0
3
14
6
3
23
3
4
1
31
10
13
16
22
2
14
11
2
13
0
10
3
1
18
10
8
8
18
6
14
4
8
9
20
6
10
27
4
1
0
9
11
19
1
0
5
18
5
7
4
10
16
16
21
3
7
12
6
22
21
12
7
11
8
2
9
7
2
10
23
23
19
3
23
7
9
10
5
6
6
3
7
3
13
7
8
8
7
12
9
7
18
0
4
13
20
16
5
5
4
12
0
4
4
13
18
6
13
3
1
6
0
3
5
6
11
7
3
14
2
3
8
11
7
11
0
4
1
1
0
11
8
4
12
8
1
12
2
1
2
9
2
2
4
2
7
3
7
2
3
1
2
4
3
2
0
2
3
4
1
3
0
3
2
1
1
0
0
1
1
0
