32
26
23
34
66
41
77
28
0
17
0
0
6
20
44
0
16
14
88
15
60
8
15
4
44
13
68
78
53
73
37
3
23
16
13
107
23
40
83
35
1
39
6
2
1
39
32
3
43
7
38
153
30
35
31
68
89
43
96
12
20
5
13
12
12
9
16
62
48
38
109
20
39
57
10
28
32
53
77
46
58
34
6
53
16
10
36
30
28
26
3
36
27
48
16
21
57
38
44
37
13
2
60
11
16
31
41
59
22
37
75
22
36
57
30
8
63
56
9
5
47
20
60
83
35
18
62
38
0
25
66
50
62
3
65
23
33
90
108
1
13
24
24
9
5
80
22
50
29
46
11
92
57
60
30
58
18
61
1
1
5
71
73
19
56
19
8
88
70
18
31
1
122
23
56
55
80
1
51
8
43
61
16
22
48
53
60
41
76
18
67
4
48
65
10
7
64
48
39
60
48
14
29
40
96
13
54
55
28
53
125
21
29
35
7
48
8
5
87
20
56
35
12
4
33
80
10
29
64
49
6
82
45
9
7
9
38
3
5
39
71
41
67
44
0
28
99
73
1
0
100
151
17
60
31
17
89
38
5
49
1
114
29
23
29
38
77
52
54
16
117
4
60
7
62
25
40
7
65
13
15
75
57
72
4
96
57
75
23
18
86
23
40
42
100
36
3
4
76
45
4
18
18
15
8
35
133
28
58
21
70
106
16
78
12
63
105
21
83
44
26
21
79
61
23
12
39
20
73
12
2
29
34
44
9
50
51
89
10
25
25
73
21
74
14
51
92
18
19
27
17
39
3
47
16
28
42
6
49
150
11
48
159
5
85
58
103
57
18
82
48
45
32
32
1
3
54
78
14
78
150
120
19
36
43
3
96
16
85
37
97
8
28
96
121
90
3
144
10
118
5
67
59
79
51
108
43
38
53
55
49
94
25
21
18
129
27
22
11
61
54
23
21
66
92
31
74
21
69
85
18
102
31
110
7
25
32
29
34
19
25
28
11
51
8
111
46
31
71
89
76
13
59
11
12
27
6
115
18
69
23
37
13
2
95
54
22
13
6
72
10
71
51
70
97
96
29
48
56
54
35
46
70
50
67
76
7
45
9
11
36
32
40
54
5
64
29
19
46
4
7
66
38
45
22
95
82
52
16
3
29
65
107
36
3
108
50
11
69
1
48
11
0
13
9
40
18
19
42
45
22
69
29
4
63
89
35
72
68
26
45
23
11
16
6
18
88
44
1
78
40
49
10
5
28
1
22
76
21
149
79
65
53
18
22
60
71
2
67
27
8
104
44
82
31
43
59
22
82
19
27
77
12
143
36
39
79
53
31
23
58
27
8
15
71
41
5
2
21
16
45
27
21
14
3
24
18
5
70
55
37
30
18
78
3
56
33
24
133
55
52
67
30
6
14
27
32
43
36
13
22
56
48
144
54
9
57
147
25
17
20
83
21
29
18
124
20
17
59
52
22
30
2
0
6
10
61
1
54
24
112
38
12
2
62
8
119
71
23
83
13
45
17
35
102
24
70
31
34
47
74
4
19
80
8
32
103
8
111
50
10
44
36
77
21
2
9
34
1
14
23
17
43
23
52
26
63
13
31
42
0
29
53
7
100
10
85
19
7
38
9
102
4
3
69
48
20
44
53
89
60
10
28
41
66
6
45
41
138
3
60
7
69
41
54
76
12
4
13
64
47
48
43
40
91
2
50
58
20
72
19
1
90
60
5
25
39
81
16
39
22
102
67
13
60
33
36
9
31
63
31
20
38
64
50
21
22
21
44
20
11
24
2
65
33
144
9
22
87
19
78
52
32
66
9
18
56
44
9
26
60
19
37
80
40
57
71
63
10
17
17
58
48
18
33
38
30
20
3
30
51
38
46
40
24
11
34
55
83
63
54
8
75
50
1
38
30
25
29
61
52
3
48
35
19
1
19
27
126
35
10
72
53
61
48
41
22
47
2
26
1
51
41
37
9
12
33
48
11
22
9
55
17
25
2
48
51
33
35
7
42
16
54
10
19
72
10
30
41
35
10
51
42
37
95
18
87
15
4
10
106
11
57
29
37
6
76
51
28
47
10
4
99
24
3
27
21
30
13
3
69
29
26
2
23
56
28
24
88
33
31
23
21
15
70
8
11
78
54
10
82
15
5
10
23
15
14
28
26
54
9
30
16
43
73
22
83
25
12
29
22
64
29
10
55
26
58
86
34
6
81
6
27
25
43
43
88
3
50
28
74
48
52
69
49
13
2
51
18
60
18
19
23
22
18
1
27
42
28
22
36
55
0
24
29
1
21
48
46
65
36
45
34
27
8
11
21
25
94
67
23
72
61
83
4
18
18
21
93
78
0
51
20
25
17
36
33
52
43
18
39
35
31
52
54
52
69
25
43
26
38
23
45
66
78
20
12
26
29
76
5
48
2
37
19
79
54
10
36
97
70
57
33
64
47
16
98
76
30
32
14
86
3
2
58
44
25
30
38
19
13
72
22
65
95
52
2
21
35
53
11
36
18
50
68
17
5
40
30
20
24
31
16
7
28
37
66
27
2
57
78
19
23
87
15
13
97
73
63
12
0
18
23
28
42
103
17
4
79
11
13
18
4
43
9
51
29
11
35
39
54
20
78
46
7
1
0
31
69
30
17
36
0
8
48
43
45
80
23
89
31
1
48
29
69
13
30
37
109
81
39
47
25
10
29
31
37
27
36
11
29
27
35
8
92
42
37
36
19
11
20
49
26
35
13
12
28
54
26
45
8
72
38
23
22
64
19
66
24
50
25
56
7
75
73
38
4
50
14
52
25
21
1
36
38
13
32
47
71
20
52
0
66
78
5
61
25
78
23
6
49
2
23
14
9
60
8
36
29
41
35
80
8
54
27
15
23
45
20
33
35
27
26
30
33
49
75
19
118
22
15
23
26
10
8
19
60
19
17
17
87
46
77
31
25
28
81
59
17
38
1
31
33
36
27
84
74
16
78
27
20
15
38
20
30
64
13
15
98
75
62
43
1
49
14
40
15
87
16
112
12
20
21
13
24
13
61
35
38
59
24
13
52
16
62
4
4
17
19
19
37
33
70
15
8
11
29
67
2
60
1
31
17
74
14
51
51
45
34
76
15
12
2
27
16
12
29
10
49
0
33
7
1
13
27
69
23
6
90
19
31
16
38
99
80
37
78
30
27
47
1
58
2
36
58
99
46
42
91
6
70
46
17
30
19
45
2
85
38
3
47
61
14
56
41
3
16
8
29
2
18
40
18
14
64
13
31
32
20
23
45
34
14
48
10
48
12
23
25
26
8
26
1
1
12
15
59
19
33
31
51
35
19
43
40
27
2
16
38
20
28
69
17
24
59
16
21
14
67
30
85
25
46
32
38
4
51
28
52
5
18
8
45
28
50
30
14
5
53
54
34
87
27
77
45
34
40
53
1
26
66
8
7
25
50
142
36
4
45
5
34
11
9
36
12
37
22
30
22
28
30
45
6
65
1
13
10
40
49
41
3
24
43
36
21
2
7
31
49
17
5
24
34
17
59
3
52
44
34
47
42
8
17
10
103
27
82
36
7
44
9
1
10
55
0
11
17
29
7
49
28
81
33
7
26
46
49
19
6
106
28
21
4
17
73
75
91
34
46
17
9
21
60
10
38
41
25
48
3
46
54
11
90
72
122
15
25
27
19
29
9
54
114
20
4
105
1
5
40
10
35
22
54
0
30
52
10
23
17
24
13
18
18
39
37
24
62
7
22
4
31
2
34
4
31
44
31
68
7
6
22
7
9
16
9
11
37
6
51
28
2
11
18
74
15
0
1
7
44
9
0
63
46
33
14
19
46
2
36
40
8
23
4
74
55
48
11
21
14
6
0
44
38
3
80
12
11
12
1
30
39
26
56
43
38
61
6
16
5
36
75
10
3
13
30
9
5
9
2
19
15
57
4
5
7
31
47
73
2
19
82
68
60
38
61
53
0
39
20
75
34
4
39
20
12
8
65
54
14
14
3
11
41
1
27
7
5
15
2
16
27
58
94
17
7
14
47
23
47
14
0
19
21
83
43
37
51
24
84
4
49
15
68
21
2
33
7
18
23
38
6
91
28
5
13
31
7
31
16
10
17
15
52
29
55
7
39
66
17
12
56
31
36
18
27
28
8
58
32
18
33
10
33
7
13
67
4
6
22
39
54
21
15
5
24
33
22
17
61
6
72
17
55
12
20
46
44
4
1
10
2
16
58
9
18
40
27
52
12
2
28
67
22
38
36
41
20
26
45
10
31
54
60
39
31
4
34
66
48
35
0
9
5
46
62
10
42
2
49
2
70
10
13
20
18
26
22
52
33
21
3
18
45
4
12
42
24
18
4
51
9
13
30
53
55
43
49
78
9
4
62
31
36
14
32
2
32
12
26
22
19
7
15
16
13
31
24
15
0
62
19
23
77
8
31
59
77
20
37
46
27
4
74
8
81
7
6
24
5
44
5
65
2
34
14
14
25
16
8
68
29
60
22
10
31
14
8
47
21
18
9
41
11
7
40
77
2
39
2
5
56
31
80
15
53
23
13
23
27
19
71
28
33
37
11
46
4
7
22
29
30
41
21
48
57
14
62
41
7
9
84
36
5
36
18
9
45
28
63
31
26
18
24
37
2
65
5
28
42
18
38
13
35
43
33
53
14
45
4
43
7
6
12
12
12
4
29
11
39
10
40
42
50
14
2
68
28
17
30
1
6
3
63
25
41
67
37
6
10
51
27
25
1
62
5
10
13
20
1
3
8
59
48
8
60
30
33
22
11
17
4
4
58
48
36
20
4
4
45
23
26
11
52
5
15
39
29
44
6
6
23
77
14
19
7
7
31
28
49
43
2
7
0
17
41
1
29
30
1
19
17
27
7
9
42
14
11
0
8
6
8
30
26
45
33
14
28
31
25
21
34
2
60
26
5
75
33
44
44
11
49
44
5
55
102
32
6
33
2
29
32
15
49
9
16
30
48
2
1
2
31
13
30
8
4
49
18
76
13
58
4
9
29
28
1
22
9
28
39
38
45
21
36
10
32
15
22
21
16
6
10
28
4
26
4
59
9
10
25
22
24
14
32
1
5
13
27
34
57
22
22
25
6
19
4
18
36
3
6
11
66
30
59
24
29
50
0
2
57
7
40
17
12
14
1
10
96
32
60
28
47
41
39
6
12
31
8
23
9
21
1
34
5
28
10
3
27
4
55
12
24
0
27
98
1
47
62
2
28
27
15
11
20
13
13
62
20
15
30
2
12
8
20
11
1
6
8
3
14
1
33
25
42
6
16
2
37
30
24
4
21
8
13
23
10
2
26
17
2
11
17
11
1
3
10
10
50
41
22
34
15
7
5
17
17
47
18
2
6
16
46
5
1
36
47
40
18
36
8
20
63
18
36
17
39
6
4
1
28
28
24
7
3
2
61
22
13
8
3
9
36
23
1
1
12
18
1
49
11
9
42
36
14
33
36
38
20
22
8
2
5
35
7
8
14
37
13
37
6
7
33
1
28
1
34
23
14
12
1
33
21
22
44
32
16
22
8
18
28
10
23
16
8
0
12
2
16
48
13
17
2
8
18
47
31
1
33
3
14
41
22
10
21
2
43
34
29
35
20
13
7
25
8
12
4
3
19
48
12
45
19
8
38
1
8
34
12
12
13
2
13
20
10
14
27
30
1
28
5
5
23
20
37
6
12
21
30
2
9
57
24
29
29
39
35
12
32
4
0
15
18
33
16
15
29
45
15
59
7
38
7
16
4
14
45
16
24
8
20
9
18
29
7
14
6
11
3
28
4
39
36
27
19
39
20
22
19
6
16
28
1
20
30
14
37
0
1
12
17
26
1
26
1
14
12
18
21
7
35
35
26
13
7
9
7
21
2
24
8
8
9
45
9
16
20
3
25
3
22
27
23
4
41
7
24
1
4
7
9
2
28
21
32
3
21
22
6
33
11
1
12
5
10
13
21
9
11
42
36
13
16
4
8
12
15
1
9
9
21
15
31
9
1
13
1
35
38
25
22
29
6
38
4
15
29
6
9
2
27
8
27
18
14
2
9
2
26
9
29
9
13
13
20
18
19
8
19
11
18
27
12
34
26
30
3
3
12
9
25
12
7
29
10
32
20
4
15
7
3
13
19
16
3
29
39
30
1
42
9
11
34
8
30
21
7
4
34
60
4
9
4
17
34
23
15
31
20
15
12
11
54
9
22
20
24
9
15
3
8
12
2
19
14
6
21
10
10
18
15
1
49
18
11
8
7
16
1
5
17
3
29
5
6
32
24
9
1
3
8
0
10
16
22
8
1
5
9
34
25
1
3
1
11
40
10
0
25
28
24
17
10
9
1
4
15
11
9
5
12
22
2
7
22
11
13
5
5
2
11
13
3
3
1
8
2
20
2
28
14
4
7
18
7
3
28
8
17
19
38
4
11
27
35
2
4
9
23
7
24
12
12
5
9
10
10
12
4
3
1
3
21
8
9
20
16
18
0
8
15
1
6
16
25
11
3
1
19
4
11
29
10
23
17
1
1
7
12
1
4
14
15
12
2
11
16
25
2
16
3
3
20
6
29
4
8
12
0
7
14
17
19
30
12
1
6
4
28
17
4
12
11
1
1
4
7
11
7
11
12
10
5
16
0
4
4
7
6
23
14
1
6
8
2
14
7
27
25
7
13
12
3
19
3
5
4
12
22
8
13
4
12
2
12
1
7
14
13
6
9
11
1
16
5
7
10
0
7
1
11
26
7
0
12
9
28
3
1
23
19
3
22
8
0
3
6
2
8
6
2
3
3
13
8
6
8
1
3
12
7
7
14
9
4
11
1
7
11
6
8
12
22
3
7
2
13
5
14
5
15
7
13
2
3
8
7
12
6
11
9
14
21
13
7
9
5
2
9
1
4
5
12
1
1
2
0
10
4
6
0
2
1
3
4
2
8
4
3
1
1
1
3
8
10
1
2
4
1
1
3
3
1
2
5
1
4
1
1
1
0
0
