24
4
1
62
14
6
3
72
37
37
91
48
10
35
10
17
40
10
66
23
14
36
30
11
19
17
1
27
7
10
14
35
16
17
1
4
19
24
13
82
18
89
5
37
4
33
37
11
15
19
21
58
1
45
19
45
19
56
43
31
34
8
29
7
21
12
2
28
84
31
16
48
58
4
6
11
35
55
4
58
49
21
43
81
58
78
13
49
15
45
18
36
10
50
77
65
95
107
60
23
26
58
47
8
23
76
8
43
5
6
5
4
63
54
42
59
68
49
95
44
126
28
60
111
121
19
68
69
21
49
39
73
50
72
48
47
12
50
2
54
24
91
6
25
40
78
34
29
25
59
53
27
11
44
23
65
111
28
12
51
49
28
34
16
45
36
69
74
7
73
53
15
20
8
40
13
68
26
32
49
73
94
28
73
67
28
36
101
37
169
57
40
70
58
30
42
16
27
79
53
108
41
45
61
65
24
32
0
20
36
11
46
25
23
12
79
104
47
54
2
136
42
60
145
19
37
106
11
28
34
58
34
55
24
9
9
3
36
63
37
91
23
59
88
26
45
101
21
87
57
161
42
70
8
24
43
27
29
90
40
41
34
51
84
44
93
62
26
38
125
21
31
17
41
43
29
78
80
37
24
59
113
90
1
36
29
141
2
6
9
12
153
3
57
75
1
23
29
11
44
88
64
4
78
58
31
91
47
1
103
8
57
99
30
64
6
38
25
58
11
117
134
25
23
85
67
31
19
4
63
17
20
12
5
12
28
13
8
58
151
7
23
56
60
97
6
33
36
41
37
34
70
12
73
83
59
60
5
67
24
23
12
13
49
13
15
72
93
5
78
147
44
31
52
80
48
52
118
118
19
106
24
103
38
65
116
2
48
3
24
56
4
82
16
28
0
54
6
8
29
30
34
97
42
27
65
2
11
8
1
76
90
47
114
40
8
36
51
36
18
4
72
23
4
37
8
29
35
99
75
20
37
0
80
12
110
65
7
20
68
5
48
11
1
8
14
18
27
33
90
10
62
74
14
50
69
32
95
21
104
13
36
12
34
18
2
59
11
34
67
80
14
1
48
11
3
33
61
124
3
32
35
80
32
9
27
20
2
62
6
41
41
8
27
1
67
43
118
27
6
35
46
79
52
92
43
92
38
86
25
19
13
18
3
57
29
51
24
22
47
28
21
16
45
32
102
145
12
39
19
27
83
99
34
20
17
12
6
69
44
71
50
59
21
67
74
25
72
96
41
20
0
18
24
55
15
52
32
71
6
41
15
51
34
84
79
82
89
10
26
68
42
45
9
13
17
3
55
61
100
71
27
13
58
56
25
69
115
71
30
14
58
69
31
46
69
32
104
13
58
16
93
53
59
22
19
19
51
48
46
65
137
74
56
11
35
6
27
28
78
58
22
8
58
14
12
117
50
15
4
163
94
17
6
14
10
5
62
14
49
3
59
37
43
119
16
28
82
24
26
71
1
15
65
62
29
40
111
12
47
88
26
88
34
58
52
30
65
102
6
127
11
49
18
21
26
59
50
53
39
72
1
174
25
11
64
93
70
10
27
3
2
24
50
9
160
75
56
17
9
64
32
36
7
7
26
54
73
71
56
5
1
5
24
44
68
91
43
60
39
83
7
39
47
1
12
24
73
53
51
46
79
63
3
10
4
46
34
3
47
34
9
75
5
102
46
31
39
26
15
63
11
33
52
89
8
111
93
55
19
52
57
11
40
25
29
57
39
1
29
15
26
65
28
30
49
61
50
46
5
60
94
36
62
64
44
58
134
16
29
25
18
22
1
111
35
42
2
76
88
33
35
39
90
17
6
30
87
14
16
12
52
55
45
18
32
82
62
82
27
19
46
46
33
18
23
47
6
104
87
36
80
35
45
26
7
56
21
86
10
88
85
1
45
16
72
7
9
16
9
2
52
69
44
105
36
71
18
24
17
37
30
43
31
3
14
32
10
6
9
70
12
29
16
100
36
40
3
52
46
8
68
13
23
14
52
32
8
31
64
13
56
60
8
50
27
105
33
84
5
58
51
7
83
17
42
19
42
37
9
28
57
14
43
84
25
17
18
29
11
49
62
28
5
46
26
24
46
16
33
40
48
2
71
41
61
18
61
64
7
21
64
39
37
60
42
26
42
103
89
40
28
7
59
56
74
36
100
22
95
2
48
40
8
29
31
25
3
1
23
39
11
63
59
14
16
49
50
36
93
1
106
4
76
29
5
8
8
31
74
61
8
64
1
87
51
48
12
8
39
30
62
32
13
7
34
5
88
8
43
39
59
3
48
30
7
15
10
24
26
19
58
19
34
20
44
16
2
2
44
52
55
11
38
58
11
26
17
95
51
12
88
49
2
42
10
3
0
57
16
64
38
4
76
39
6
27
1
41
8
24
4
16
22
45
53
52
4
7
35
27
3
32
20
11
24
12
11
33
56
16
63
15
4
1
3
91
40
20
13
101
96
61
55
86
3
15
16
36
33
50
39
18
88
3
39
53
31
20
118
5
6
35
78
13
40
44
37
86
19
5
69
45
51
15
31
13
35
17
55
68
2
10
34
26
37
14
24
76
102
38
5
55
26
7
18
46
63
25
19
45
56
64
43
35
48
40
81
55
53
25
40
5
54
16
16
25
64
44
42
71
45
3
3
34
4
112
117
23
5
30
75
51
11
1
17
56
60
68
59
10
18
51
15
34
28
84
1
34
40
18
32
13
22
32
15
62
64
36
5
29
25
2
47
38
21
51
8
44
30
41
49
2
97
31
67
5
7
2
22
56
77
35
4
97
67
17
8
102
46
41
34
38
47
45
89
58
22
8
15
27
2
1
78
32
5
71
41
32
107
19
3
38
58
2
99
48
61
33
131
80
90
65
0
58
17
48
67
79
45
41
41
51
29
55
10
14
79
27
13
70
39
1
10
37
36
30
12
21
67
1
118
39
25
1
86
0
31
11
27
19
1
66
3
49
15
17
1
42
15
21
69
3
22
4
26
32
2
32
18
38
57
57
30
8
28
65
20
56
41
9
35
55
58
60
37
6
7
14
25
57
2
54
43
33
12
16
67
0
25
43
18
9
7
29
5
22
31
22
5
29
21
3
16
54
95
65
21
55
61
47
3
81
25
71
58
34
10
27
37
23
27
22
11
33
40
37
42
15
36
35
39
3
7
32
14
20
68
37
53
28
2
1
4
66
53
101
3
43
31
44
16
92
50
77
40
25
2
28
48
53
30
10
42
34
17
43
24
94
23
45
47
16
1
15
3
30
7
134
23
46
35
19
32
31
48
63
50
5
13
48
22
29
16
32
9
11
34
55
74
60
40
6
7
7
35
71
75
11
40
23
102
46
53
59
11
29
3
4
16
10
11
5
44
72
39
3
7
10
39
68
1
41
16
73
0
46
9
77
7
19
105
35
1
65
34
32
18
53
85
40
28
5
40
35
19
28
18
81
19
58
40
23
70
8
9
66
32
29
17
0
59
9
82
35
6
28
78
4
29
29
10
87
17
30
3
29
66
55
34
41
45
31
12
8
71
1
34
44
12
38
18
61
18
48
25
30
36
33
48
16
25
69
34
11
15
21
41
93
4
39
6
8
25
10
9
48
38
23
1
33
9
3
27
31
15
56
33
9
1
30
40
60
13
64
29
34
36
52
43
0
16
34
45
7
60
6
50
9
5
10
44
17
34
58
10
22
20
7
13
19
17
23
9
8
16
0
4
60
53
47
4
14
20
25
8
10
52
96
28
35
20
23
22
115
58
77
29
18
0
3
21
19
13
6
53
19
27
14
57
18
36
12
70
14
3
33
40
1
48
27
31
24
33
20
31
47
55
23
55
25
107
11
15
28
57
5
8
6
2
3
2
2
59
19
41
69
71
38
47
5
50
33
28
11
5
1
34
44
20
9
28
64
28
10
10
46
37
59
28
23
7
74
59
45
17
34
1
34
8
60
45
30
40
41
21
34
37
58
27
24
57
1
43
74
23
48
55
11
29
13
41
22
30
42
15
1
25
20
14
77
28
52
13
4
8
57
81
73
19
12
16
32
24
48
9
2
35
30
55
36
118
17
72
7
32
7
64
70
4
19
64
20
26
38
14
15
13
18
8
44
83
7
35
53
54
17
0
3
4
31
4
35
80
8
15
22
65
63
9
0
48
23
12
51
37
17
19
12
68
9
28
38
32
12
9
59
63
51
61
13
12
13
18
21
16
38
9
51
2
13
34
13
34
12
38
24
45
2
61
42
28
16
29
14
21
5
43
1
32
21
23
32
14
10
23
16
45
43
6
8
6
0
47
53
6
47
34
48
23
18
22
6
10
18
56
27
4
18
31
39
71
25
39
86
22
16
11
3
38
36
38
36
8
28
61
8
106
44
10
13
20
28
93
20
19
7
21
29
3
51
0
40
23
25
3
11
15
8
28
5
53
66
41
32
9
28
28
9
11
6
6
12
50
57
55
37
55
41
29
16
18
3
22
56
51
2
26
30
41
17
33
63
58
32
1
6
8
5
21
9
11
27
32
48
42
43
40
51
55
29
18
66
72
24
33
16
37
9
32
27
43
14
6
41
17
15
4
13
41
44
6
16
12
1
24
15
23
50
19
21
35
35
16
0
34
22
23
51
7
13
36
10
16
47
26
25
28
60
29
14
11
4
21
45
64
29
5
66
48
10
35
50
71
18
41
21
12
4
3
6
38
17
30
31
12
47
21
6
16
23
100
17
18
22
0
25
17
9
6
20
9
36
4
2
27
29
31
27
19
66
13
16
56
34
6
21
43
55
4
16
40
19
36
5
34
10
14
11
24
30
36
6
28
22
11
18
20
51
4
16
20
17
32
11
10
1
38
48
35
23
42
69
12
32
25
27
37
8
20
28
37
34
13
10
18
4
39
16
29
39
36
14
10
22
33
53
6
37
1
33
12
14
49
33
24
12
1
26
9
31
1
11
40
50
44
15
5
49
35
13
29
2
25
39
40
4
1
3
45
13
13
14
31
6
11
24
18
49
3
31
11
11
6
12
16
31
50
7
28
27
19
9
36
16
3
22
16
18
8
15
22
5
29
22
20
10
17
14
35
25
0
18
1
20
7
29
36
12
26
1
14
21
18
4
27
44
33
12
43
56
3
16
21
55
43
70
35
17
0
9
16
40
48
59
20
22
0
34
9
26
13
2
21
17
21
0
2
16
2
57
13
1
6
38
57
15
32
36
20
17
2
41
36
48
66
41
0
42
15
21
48
2
4
44
23
35
12
49
49
17
45
28
25
18
0
31
3
15
6
25
23
4
27
1
17
39
10
28
1
8
2
61
14
45
1
5
3
26
8
19
31
3
15
7
59
37
17
18
33
14
11
4
20
23
50
44
16
7
86
8
7
18
7
4
19
4
32
3
35
21
13
23
12
19
12
23
42
29
7
12
22
57
2
21
10
35
11
44
30
18
38
21
41
13
3
7
53
35
12
33
4
24
53
8
12
63
12
7
40
36
44
10
42
28
27
2
7
28
19
10
7
31
23
26
7
43
2
22
20
17
19
12
51
32
28
42
77
16
39
52
18
9
27
9
1
46
5
17
25
30
24
16
16
39
7
15
31
18
19
11
4
19
40
38
34
39
6
52
43
7
3
12
16
27
6
16
6
18
18
13
33
42
26
1
13
4
26
25
14
3
4
36
3
28
9
6
43
34
19
30
28
28
12
19
43
2
13
35
11
25
1
5
51
3
27
16
59
39
8
14
26
0
4
9
4
44
10
2
2
26
5
2
5
43
4
20
32
17
25
20
44
4
9
7
10
31
2
4
42
25
6
20
12
0
6
4
2
19
34
61
25
12
16
25
30
15
15
3
22
23
22
18
1
1
50
20
14
46
11
18
3
12
0
37
27
10
34
14
18
26
15
3
13
27
18
12
26
14
30
39
10
4
2
0
5
9
15
16
15
9
21
14
5
0
19
28
33
15
1
14
12
21
6
6
3
60
18
55
2
33
6
29
15
29
29
37
50
31
5
7
8
13
29
22
4
8
29
38
49
4
3
25
6
18
5
4
4
23
42
21
4
28
12
15
23
8
7
5
29
5
4
4
22
13
3
10
17
2
16
11
25
13
21
14
33
19
27
8
14
22
2
7
16
5
34
1
15
27
14
2
27
7
15
17
5
0
0
4
5
12
0
23
29
29
1
15
6
32
19
3
12
30
8
12
62
21
14
4
10
0
25
24
13
9
1
3
15
16
1
14
4
10
16
7
16
2
22
7
3
14
2
21
13
16
3
1
0
53
14
15
19
0
4
3
6
2
38
19
18
34
12
2
21
14
4
2
12
8
35
16
5
19
18
3
13
14
1
25
4
7
11
0
16
1
11
51
8
7
9
18
19
16
12
5
24
21
23
1
37
30
8
12
4
11
25
44
1
4
10
5
9
8
13
2
26
4
21
10
4
2
3
21
12
11
1
13
6
11
1
1
8
6
1
23
1
11
10
16
26
12
4
4
27
17
15
2
16
1
7
1
7
8
12
7
14
1
1
25
9
3
16
22
12
4
1
13
19
9
3
16
4
15
18
9
4
4
15
0
6
14
9
11
27
2
12
13
25
14
2
9
11
13
17
27
8
6
2
3
7
9
5
18
12
16
8
11
16
19
13
5
34
5
5
16
18
5
13
13
8
20
2
8
17
11
16
12
7
2
7
1
7
0
8
18
17
3
5
19
16
14
32
1
15
9
11
6
30
13
2
6
10
7
17
10
11
2
11
4
12
12
8
5
24
27
15
9
3
10
22
2
8
4
5
12
5
11
3
11
30
20
0
13
9
6
21
3
15
0
15
5
10
1
7
15
1
10
4
1
4
18
4
6
19
9
9
14
2
9
11
2
5
3
5
17
9
3
7
9
7
13
1
8
6
10
14
1
6
14
8
1
16
11
17
2
8
16
3
10
5
5
5
19
2
10
10
8
1
5
0
2
12
3
1
3
1
3
0
2
1
1
3
0
1
3
5
0
2
5
4
2
3
1
0
2
1
1
1
1
0
