5
0
23
39
13
42
10
68
6
2
6
27
44
13
44
12
13
31
43
0
9
31
16
13
0
17
8
77
32
21
10
38
34
3
19
8
57
25
7
50
31
14
10
10
21
9
24
29
22
50
35
38
15
23
94
16
19
28
43
31
55
34
56
48
8
25
15
30
78
36
49
27
46
13
13
13
0
58
39
19
23
8
47
83
39
7
27
9
23
5
40
12
24
30
39
5
25
85
41
5
79
68
54
32
23
59
92
105
67
71
61
36
6
28
79
55
36
25
20
11
8
2
62
46
42
2
62
99
72
55
31
5
84
11
128
18
54
30
36
48
3
18
9
19
15
13
39
34
101
26
21
142
62
21
23
109
36
23
66
105
50
73
37
19
38
31
27
30
59
99
121
31
1
10
61
55
10
23
33
15
38
27
105
55
27
48
5
20
31
28
13
79
42
21
48
27
72
48
84
21
54
27
10
17
52
39
90
70
10
18
148
7
24
28
11
52
45
134
21
28
9
13
57
6
47
15
39
69
74
74
41
71
30
43
19
28
1
23
40
47
26
10
43
82
8
78
37
56
72
88
76
3
6
44
42
43
34
7
96
13
4
59
65
51
54
7
34
62
51
20
29
74
28
14
21
94
37
34
77
13
72
2
87
114
14
42
64
23
19
34
9
60
2
13
116
28
21
18
7
25
38
56
60
120
31
52
55
78
48
88
152
136
6
4
2
46
9
56
17
38
32
48
99
47
4
73
90
49
13
72
26
26
69
39
19
22
123
52
26
9
75
8
12
9
38
21
140
27
40
77
56
27
26
59
32
67
96
34
37
70
14
52
15
50
87
2
62
96
57
26
15
117
25
51
14
62
66
95
63
77
96
96
3
63
55
49
55
28
25
20
48
8
8
61
30
46
0
14
8
28
7
3
15
35
20
18
29
25
27
65
85
79
19
24
5
50
23
13
75
44
77
24
16
45
42
23
24
47
0
44
90
13
11
9
31
70
5
32
19
76
148
21
103
4
72
26
36
74
51
54
42
17
56
78
14
36
26
52
20
38
42
46
65
71
81
36
26
16
16
14
21
40
37
8
47
10
84
3
28
80
7
13
6
41
28
22
24
15
52
95
41
32
44
60
5
25
108
28
53
20
6
48
81
39
60
45
9
37
10
61
49
61
45
3
24
22
58
42
14
159
46
71
17
109
39
62
63
5
21
33
26
60
15
19
6
35
43
3
20
4
37
49
24
52
111
33
24
24
88
30
36
13
60
51
86
9
70
16
72
29
29
14
56
97
65
36
44
17
35
27
15
6
34
26
29
8
53
4
70
3
32
13
124
25
4
94
81
18
37
104
25
7
32
7
38
20
76
34
25
45
18
66
1
17
35
63
35
58
30
48
35
32
79
6
43
18
1
34
68
53
24
45
64
1
83
8
64
7
19
116
34
18
77
12
156
28
17
90
6
10
16
32
16
4
33
119
95
54
6
53
9
86
22
99
106
53
132
100
100
36
40
10
35
2
11
10
38
17
72
28
67
1
18
42
85
12
22
46
16
51
0
113
28
28
19
46
51
18
0
103
19
4
10
57
41
43
14
21
10
83
54
29
28
52
12
12
10
8
39
36
59
7
75
110
31
69
36
106
12
49
106
11
53
67
60
56
45
12
16
32
46
31
35
64
45
62
42
12
46
23
4
1
51
24
30
20
86
42
59
75
29
26
63
30
15
42
19
28
12
7
53
12
1
25
35
87
25
47
4
47
44
86
49
53
59
67
33
61
25
7
46
80
88
9
38
11
55
11
64
2
22
33
41
43
50
25
9
7
77
71
52
36
23
69
71
3
45
25
8
75
12
10
19
105
46
16
54
6
2
9
46
23
65
70
4
37
22
38
48
17
36
60
37
28
55
3
71
24
66
44
57
35
14
46
5
11
3
58
1
0
64
41
1
15
46
37
31
48
16
14
6
49
106
6
14
33
51
8
41
52
7
52
14
38
45
58
15
25
56
37
16
30
6
2
13
3
87
78
57
59
24
68
4
37
4
2
28
30
15
26
9
73
78
29
80
52
6
67
70
8
91
16
21
39
35
3
54
23
28
42
27
34
26
45
36
10
25
54
50
74
73
55
25
18
35
39
17
50
58
16
1
31
16
14
22
82
26
19
1
20
17
13
79
65
2
13
78
21
55
40
1
77
32
32
6
3
58
18
41
35
42
36
9
6
39
38
0
139
93
27
26
90
49
33
25
83
100
5
80
18
68
9
41
10
16
20
20
53
25
18
10
25
43
54
91
0
53
33
41
36
67
36
69
73
37
78
4
15
99
24
43
69
34
34
31
92
30
121
55
91
24
1
30
12
39
21
14
39
29
28
99
11
13
25
60
102
7
32
79
49
16
59
7
72
35
41
24
72
15
1
24
13
12
36
75
28
88
59
18
31
28
18
61
3
30
76
41
58
50
21
15
31
54
11
20
23
15
68
14
33
13
94
5
32
15
18
26
23
70
31
54
44
15
78
63
4
31
46
23
138
26
1
37
35
51
10
61
126
11
89
66
23
10
4
47
16
24
39
79
1
72
42
54
47
13
46
21
69
5
1
18
56
4
32
53
22
54
5
34
67
49
19
26
26
20
41
67
88
34
14
129
4
72
69
64
31
48
45
4
6
5
15
31
4
21
10
7
49
15
42
19
10
87
45
34
8
2
45
89
73
11
85
84
53
25
53
8
5
20
33
45
92
50
13
1
129
6
113
22
17
12
52
15
9
52
26
56
50
2
18
3
96
58
14
48
6
32
45
40
21
20
6
7
4
41
5
38
27
35
4
97
14
18
12
16
14
57
3
37
62
35
12
39
16
64
1
104
43
121
37
37
42
18
21
42
12
13
66
32
18
48
14
76
55
36
19
107
27
8
7
22
24
91
59
7
50
13
18
4
33
25
37
102
44
42
5
63
47
80
1
63
20
15
15
12
16
2
44
44
22
1
27
53
34
2
48
9
10
44
59
9
20
51
59
29
30
3
3
30
67
69
12
49
52
0
22
20
22
36
54
9
63
27
32
11
25
80
45
50
17
36
26
57
3
21
25
5
9
28
11
2
35
45
81
7
17
7
7
37
7
43
39
42
26
35
22
66
35
24
10
37
2
5
43
43
17
15
76
0
63
12
35
29
10
27
46
4
39
52
81
57
20
74
39
44
1
11
49
18
18
15
7
22
22
19
16
5
38
0
17
23
38
17
36
40
80
25
8
114
42
95
16
41
10
79
7
0
33
24
19
34
46
20
23
2
40
36
17
19
12
11
22
8
45
30
4
41
37
34
40
13
47
93
37
26
60
94
3
22
65
11
47
70
84
24
13
14
61
9
11
36
41
28
36
21
65
41
55
2
7
13
11
35
21
3
53
17
43
39
70
47
27
6
8
20
5
24
9
33
43
6
1
7
64
25
75
19
16
15
3
48
56
43
16
80
59
33
47
14
49
13
36
1
21
56
8
15
8
23
47
107
2
8
23
45
27
23
8
33
43
66
6
8
18
21
22
7
74
30
23
4
29
53
22
20
18
28
4
11
74
19
20
41
7
15
44
12
31
47
42
10
11
14
56
56
23
1
5
50
6
19
65
68
57
32
35
42
10
0
56
34
80
20
8
8
16
68
8
2
51
53
13
8
21
22
14
36
12
70
4
44
7
16
15
27
2
17
10
67
0
16
70
56
9
39
100
22
52
9
6
63
50
34
44
41
8
15
2
65
56
97
20
37
80
13
42
14
20
58
15
12
37
21
61
41
14
8
5
50
25
1
5
57
56
41
8
8
23
10
45
7
13
26
7
25
26
17
39
28
59
5
14
22
29
17
2
36
32
28
17
43
66
8
9
21
30
41
29
16
9
24
7
63
62
38
1
60
15
77
87
21
22
14
19
9
33
6
50
25
11
6
23
25
37
59
7
6
57
5
25
23
22
36
55
73
50
15
31
45
4
11
40
72
7
25
34
39
2
35
25
5
10
30
19
7
11
40
30
9
2
53
13
10
3
53
37
23
77
18
7
23
10
3
54
54
45
25
19
9
50
16
50
18
66
11
21
57
75
42
49
0
59
5
5
10
39
38
5
11
60
6
51
22
4
15
16
19
73
13
50
25
33
10
3
52
44
42
54
6
54
4
3
31
31
9
22
47
87
4
16
68
61
46
20
8
27
59
4
19
3
10
25
6
42
33
40
9
7
23
38
11
33
44
14
3
50
20
15
5
67
15
20
7
4
26
65
1
7
17
27
34
3
7
32
51
71
6
23
31
30
12
16
36
73
9
27
65
7
32
34
22
72
9
14
38
45
25
6
19
26
13
1
25
20
74
49
20
12
56
11
39
22
9
15
50
3
2
28
7
25
21
1
13
15
29
9
1
17
39
33
22
38
43
18
25
37
48
31
32
9
33
25
5
41
2
36
64
10
66
71
24
4
7
14
31
2
41
29
48
23
17
17
8
5
35
41
74
68
22
9
36
33
44
10
24
52
40
4
55
36
11
0
27
5
11
15
29
11
55
18
12
15
24
51
52
70
25
7
19
12
24
36
79
7
5
59
27
35
46
1
38
13
23
82
21
19
6
33
57
26
0
3
37
43
17
3
3
8
30
0
30
39
61
2
15
34
1
24
0
5
10
28
47
49
19
37
10
4
43
40
20
30
10
48
3
0
21
21
32
48
12
6
50
3
28
4
13
11
30
1
23
0
24
41
45
65
29
1
67
14
5
22
29
55
33
1
36
28
18
18
35
6
22
54
32
8
13
12
4
12
0
9
14
12
20
9
32
62
13
7
47
31
39
14
62
60
4
13
64
34
117
3
20
21
26
13
44
3
38
2
35
8
19
21
4
20
12
36
39
29
8
12
6
10
14
37
42
4
32
3
23
51
29
18
50
28
10
10
20
15
45
13
7
4
28
6
12
46
29
73
37
15
15
36
31
8
27
49
18
54
14
5
41
6
3
11
14
39
27
40
11
28
15
29
5
31
40
4
8
41
37
10
17
69
12
24
3
18
10
8
10
17
0
10
1
17
54
18
11
12
7
9
5
46
18
5
42
42
34
45
37
21
19
39
0
67
22
29
5
6
30
7
38
29
49
1
14
10
5
41
39
12
3
1
16
20
32
36
12
9
72
0
26
16
22
26
32
1
8
48
62
22
28
5
33
28
5
12
32
38
15
25
67
28
13
2
20
10
56
14
18
14
16
2
10
24
0
38
25
17
90
42
20
18
40
21
19
2
14
4
10
10
24
14
11
49
14
2
26
14
21
3
9
16
3
42
53
69
15
17
49
10
37
7
6
13
22
0
13
31
2
21
5
18
4
9
24
11
9
5
22
27
3
22
68
9
11
20
28
0
10
20
35
0
35
17
21
33
8
17
10
2
2
20
8
13
20
3
20
22
7
28
5
28
0
17
75
8
20
44
56
2
30
1
16
62
54
32
22
8
17
9
31
14
31
90
13
22
3
42
8
19
23
7
30
0
0
44
10
9
0
22
10
23
4
1
59
14
25
0
6
20
7
32
43
35
29
16
33
25
2
10
12
16
40
22
22
11
11
26
34
11
7
16
37
1
8
7
39
52
18
20
52
64
32
23
23
14
7
14
18
12
1
7
12
3
12
14
20
32
20
38
6
9
15
19
24
48
43
23
11
5
37
59
22
5
2
27
19
7
13
52
1
7
40
28
8
38
1
2
46
2
10
57
1
19
20
22
28
22
12
16
41
41
21
23
6
22
38
17
24
8
4
5
5
17
1
20
45
33
2
21
13
3
25
19
14
26
23
0
17
14
34
26
10
0
10
10
7
34
2
45
1
20
39
35
22
17
8
31
17
2
9
13
13
6
22
2
19
40
66
3
21
15
12
9
24
5
28
41
10
14
15
2
53
17
7
26
16
28
18
4
11
32
10
20
23
19
34
6
26
7
10
16
10
19
5
35
10
6
20
20
16
33
15
24
44
18
25
33
9
14
6
34
25
26
3
7
15
8
15
1
7
19
22
25
17
4
16
42
22
20
14
7
42
1
29
2
21
26
6
15
3
11
36
2
1
10
0
18
12
4
3
25
13
9
35
4
18
15
2
2
7
10
14
5
42
8
24
14
10
34
42
15
22
3
20
5
17
9
12
7
3
2
7
19
28
18
2
4
25
16
19
20
7
2
8
22
9
13
16
23
1
20
4
4
27
19
10
1
7
36
34
13
21
21
21
2
13
22
14
5
27
10
5
2
27
6
41
9
21
33
2
27
12
10
34
17
2
35
4
11
6
13
7
10
7
15
6
7
5
39
44
10
58
27
8
8
37
4
7
19
15
17
7
28
6
19
10
26
1
4
15
7
15
17
8
13
6
18
30
5
6
4
3
9
16
25
5
13
14
16
10
5
16
11
1
19
1
14
11
7
15
11
1
30
14
0
49
19
3
20
15
7
11
15
15
44
11
10
20
7
7
5
2
1
22
12
2
4
15
6
2
14
2
15
7
12
6
9
11
3
10
12
20
24
8
6
15
8
27
7
6
0
16
13
15
26
24
42
0
3
15
1
8
1
1
8
16
8
11
3
11
9
7
1
16
11
11
1
7
5
14
6
21
16
19
15
9
11
1
26
22
21
8
2
11
10
11
1
6
26
12
8
2
17
4
0
5
11
13
19
11
15
15
0
4
5
1
6
7
13
3
14
20
14
18
1
4
8
2
9
33
17
8
17
3
1
3
4
7
10
17
34
0
14
8
19
2
1
7
3
11
0
1
5
1
12
0
7
13
11
9
4
3
14
7
7
10
4
16
7
10
12
7
1
10
13
19
14
2
32
2
14
16
29
11
0
4
16
7
21
11
8
5
14
18
3
9
4
8
19
11
11
4
1
4
1
12
12
2
13
13
11
5
4
28
1
0
5
5
5
5
10
1
3
5
12
2
12
7
6
4
4
10
7
0
2
5
1
17
3
1
4
12
10
1
1
14
7
9
5
3
7
3
5
11
4
4
0
8
9
4
0
1
4
2
3
6
0
4
1
4
0
8
0
2
2
7
2
2
1
1
1
1
3
1
1
1
0
