56
34
18
43
7
2
26
24
11
0
24
49
10
25
88
3
102
44
88
2
38
52
5
15
6
21
109
49
5
27
9
6
15
12
29
29
58
11
55
47
24
22
13
77
37
21
36
22
38
20
55
37
47
64
72
54
9
15
16
48
13
43
49
52
25
93
15
21
62
17
22
24
23
37
74
52
62
5
27
1
5
51
14
33
100
6
95
42
28
65
10
141
76
15
4
18
50
36
70
42
45
5
55
77
0
7
68
30
26
69
9
60
13
70
26
44
54
2
35
8
28
39
68
33
37
18
4
18
61
38
81
87
117
49
55
4
95
66
1
55
78
118
59
12
47
2
26
105
63
90
161
85
8
33
2
68
56
104
20
9
2
58
8
14
94
62
13
96
45
33
121
71
3
15
9
33
14
32
88
108
70
57
31
10
45
64
78
74
43
11
14
13
59
44
12
44
21
29
35
12
63
37
36
13
53
18
39
18
47
41
68
97
64
17
73
87
59
86
33
22
64
84
62
18
3
22
28
13
48
17
34
48
22
60
32
32
7
28
24
65
5
69
20
44
17
54
41
36
23
113
164
41
5
74
17
60
18
50
12
19
45
12
3
35
30
50
72
29
44
45
62
23
27
17
27
6
56
39
18
43
9
89
27
40
46
47
1
1
9
21
102
67
85
65
24
12
77
27
26
98
50
68
89
43
33
24
41
27
41
10
34
25
111
9
22
7
81
17
110
97
76
44
69
62
35
52
83
23
153
27
38
37
8
74
41
4
64
11
28
80
19
48
47
23
62
9
88
6
12
69
15
38
35
82
3
56
48
25
9
43
82
26
11
15
46
33
25
64
52
57
24
10
93
2
27
27
86
168
44
37
80
9
49
58
46
104
61
23
30
29
34
77
11
65
25
50
0
57
120
18
13
4
67
3
75
58
15
32
25
57
67
48
57
14
16
21
32
31
33
67
114
84
24
53
34
90
33
71
52
80
56
6
37
75
4
75
4
67
64
100
61
9
17
22
17
38
105
70
34
56
35
45
64
8
8
26
72
16
42
33
4
3
67
48
15
6
53
7
29
14
14
13
18
13
26
116
68
75
0
2
37
64
65
30
14
13
25
16
2
109
23
57
33
81
5
3
52
27
69
84
9
28
69
21
65
76
31
93
67
3
90
24
5
10
89
7
58
41
31
12
48
26
21
6
12
9
73
4
36
15
17
30
16
22
20
42
84
49
103
45
78
3
71
45
18
31
66
102
9
7
90
15
21
23
14
26
3
4
38
102
25
29
1
19
43
49
67
18
9
93
79
35
0
51
42
19
43
19
128
93
15
42
10
44
41
29
89
25
10
38
95
11
37
45
7
68
38
13
57
36
98
56
57
39
28
43
53
48
13
13
44
39
5
7
10
3
37
47
9
59
19
45
44
34
88
28
82
19
17
2
51
110
95
42
18
17
1
66
53
13
84
8
96
56
30
16
27
45
10
81
11
30
19
16
11
4
4
28
60
114
5
79
16
155
64
37
116
13
64
33
84
48
16
10
5
54
21
9
71
69
17
4
12
78
5
41
19
94
31
28
43
45
70
11
96
38
61
3
34
21
50
86
16
27
9
43
86
17
37
62
24
66
20
62
8
20
65
24
23
39
41
54
41
35
27
55
15
45
98
20
28
22
71
19
12
25
23
25
12
38
72
55
32
59
24
30
77
46
32
29
67
14
45
2
0
32
4
9
62
55
50
22
23
50
30
4
147
64
81
45
14
33
25
92
43
139
13
13
34
109
59
55
5
21
50
64
39
73
37
11
48
80
22
5
51
39
46
34
108
28
28
25
13
21
12
16
69
95
1
7
21
19
17
28
47
40
37
106
26
45
43
35
40
98
44
58
31
64
82
102
10
40
27
20
3
2
36
31
47
13
6
53
41
9
25
9
63
9
5
107
18
64
44
67
13
50
57
9
31
1
46
69
40
56
29
20
2
47
1
50
41
73
26
13
16
5
29
1
52
26
69
7
33
22
16
23
9
49
53
38
14
62
75
27
13
48
14
51
35
49
12
14
27
9
12
32
114
33
11
43
3
11
39
37
24
1
12
21
39
27
6
33
141
10
23
46
43
45
35
37
15
27
37
8
8
14
21
34
38
18
10
13
43
31
40
14
121
63
31
12
15
95
35
71
10
62
41
29
4
89
36
40
8
2
4
71
107
12
66
12
35
39
100
20
41
18
35
46
60
1
53
1
51
24
16
77
33
31
49
21
51
8
48
4
16
4
53
63
72
86
12
20
55
74
29
3
16
88
39
75
18
2
60
9
1
51
28
7
24
22
62
6
130
24
51
37
33
115
32
14
1
1
51
37
14
19
81
24
1
13
7
35
25
1
28
14
19
49
16
3
26
74
58
26
53
7
35
21
40
36
68
10
25
30
5
80
50
21
22
1
15
57
9
19
36
80
73
17
57
106
78
25
40
30
16
80
35
37
42
12
14
21
10
35
69
25
19
62
44
28
26
5
16
5
14
60
11
7
17
35
25
69
81
15
57
14
52
52
19
66
45
107
1
14
62
13
50
2
13
24
24
6
51
36
20
12
19
18
43
8
67
137
18
32
37
76
7
59
26
15
13
0
35
45
6
75
3
8
45
14
6
58
6
28
33
76
9
9
45
33
37
78
2
8
3
7
32
34
64
45
76
14
23
80
31
24
10
37
9
1
54
39
31
65
28
28
29
22
48
26
4
35
37
63
32
11
18
15
62
13
78
72
52
29
46
3
17
54
43
18
32
27
21
45
21
9
69
49
15
19
59
69
12
48
1
20
46
13
49
35
10
33
4
27
32
34
32
110
19
5
9
25
5
79
37
8
25
17
21
5
75
66
15
12
32
7
37
20
36
32
23
44
14
32
10
47
18
76
43
119
25
18
17
55
5
85
1
7
27
79
17
21
30
40
19
26
122
19
38
27
3
27
10
37
79
29
6
40
59
36
43
44
1
11
4
64
0
3
10
13
30
57
39
5
5
36
11
25
41
27
12
12
7
21
56
5
101
7
51
10
17
50
33
29
24
47
12
23
27
50
70
4
46
49
82
9
21
140
7
9
9
53
74
77
12
17
5
5
24
89
60
4
2
8
17
37
16
81
53
20
12
48
21
18
16
19
20
51
30
72
17
31
61
14
31
21
46
0
50
40
50
20
38
20
24
5
32
13
81
14
28
5
1
41
11
72
67
39
110
5
56
37
37
36
48
44
0
34
13
4
44
48
59
33
41
94
30
92
19
57
52
35
7
44
36
59
62
42
17
0
2
6
0
91
45
37
60
27
12
4
19
12
65
10
13
8
1
40
7
77
77
113
52
56
42
32
26
18
49
41
29
20
54
2
54
44
12
32
94
4
66
29
32
59
6
96
32
32
51
88
29
2
12
25
18
14
55
14
14
6
33
1
22
45
9
34
28
2
23
41
2
20
1
28
28
74
76
83
96
19
32
42
52
12
44
24
57
28
12
40
53
1
52
25
44
59
12
21
6
42
94
38
27
28
48
11
1
75
13
3
1
2
31
46
37
28
32
2
7
44
41
70
15
40
66
7
37
6
32
109
13
41
8
39
31
73
4
52
39
3
58
11
16
62
75
10
53
67
3
52
35
25
68
31
19
9
3
69
74
73
9
14
50
43
6
1
4
8
31
26
4
3
61
100
4
77
34
20
30
40
19
23
10
31
9
2
44
30
33
39
117
24
65
27
38
81
40
15
37
20
67
5
40
20
14
25
5
52
50
7
40
130
50
9
14
5
29
72
39
35
35
99
13
17
71
0
40
29
53
48
33
3
67
45
7
29
13
48
6
15
46
5
5
13
32
2
10
31
9
28
67
80
36
42
26
17
8
9
29
12
103
54
19
37
6
22
71
2
60
23
67
23
19
60
9
18
9
13
30
0
38
9
31
23
72
70
76
48
28
16
31
49
30
52
63
26
89
69
24
36
27
1
1
30
30
41
18
80
0
16
6
39
20
52
40
39
70
2
40
44
61
25
25
49
24
34
28
92
16
14
1
63
52
3
50
28
35
30
36
41
17
59
7
49
30
19
16
46
22
34
24
52
27
4
25
16
43
42
3
9
17
58
51
54
13
20
7
21
21
59
19
38
52
4
32
63
64
2
45
47
42
5
13
2
67
20
26
14
16
10
26
30
1
5
41
18
9
1
32
19
24
10
43
87
27
2
37
56
1
51
23
29
60
52
20
21
20
8
12
29
21
14
38
9
66
2
44
22
1
8
8
1
4
29
24
35
21
25
68
14
27
40
40
31
47
58
26
39
44
32
0
73
8
6
7
0
87
0
17
10
12
27
15
23
35
57
31
25
21
30
27
8
60
34
29
63
20
9
27
17
2
54
39
23
26
33
49
4
12
2
24
20
79
32
9
5
77
45
72
26
12
27
35
2
20
57
28
62
28
41
16
61
42
67
13
32
26
37
54
15
57
1
29
6
21
71
56
8
19
15
35
32
24
0
39
4
4
15
25
48
29
31
19
13
15
47
10
22
10
44
77
3
31
7
14
4
54
37
4
37
19
14
47
37
40
36
26
7
13
64
4
27
35
0
10
44
73
20
42
30
42
8
48
16
29
69
1
1
9
36
75
6
36
33
8
30
9
11
6
37
11
0
24
42
30
41
67
27
9
26
19
21
19
52
16
3
10
22
18
24
17
26
35
30
37
29
9
42
5
3
75
64
41
34
14
27
2
27
17
15
15
11
36
65
68
13
15
4
18
21
21
28
7
33
10
17
53
42
40
18
15
17
6
7
48
51
31
10
21
4
16
36
12
1
41
12
8
67
3
39
36
30
18
21
5
18
31
78
38
13
32
0
104
8
18
13
28
28
15
30
32
59
60
3
12
35
7
6
18
26
64
18
18
10
22
22
22
8
31
23
30
69
18
3
29
11
13
52
48
1
15
12
49
12
29
35
53
66
26
20
13
21
54
6
46
33
11
14
8
39
19
1
50
22
7
37
2
15
17
60
51
67
28
41
12
19
29
5
20
9
68
56
5
18
71
9
30
34
4
18
13
17
46
9
4
34
12
18
34
14
11
8
14
6
26
2
35
25
47
5
9
38
24
13
31
15
33
0
36
16
20
35
49
10
26
2
13
48
32
48
21
8
28
13
1
40
7
25
4
12
3
17
3
23
19
7
21
28
5
16
3
25
24
31
42
71
14
21
29
41
50
3
5
17
43
36
0
69
37
2
20
42
43
18
40
7
23
9
9
39
36
25
10
51
32
42
60
37
30
14
8
6
12
2
10
3
35
20
18
24
41
20
16
9
15
5
61
13
4
2
20
18
25
57
4
38
43
34
16
52
46
42
46
4
36
28
16
30
41
44
21
10
8
25
9
13
8
7
21
26
9
9
37
8
10
10
37
5
10
3
9
10
2
30
28
31
86
53
3
5
15
3
14
8
8
36
4
8
31
30
39
28
12
18
5
26
10
38
45
7
32
17
56
6
10
38
8
24
18
14
34
14
49
18
8
39
0
4
60
1
32
14
6
41
16
25
11
39
14
28
25
6
48
29
4
2
34
19
6
29
27
31
6
4
48
20
23
30
23
49
11
4
18
2
30
2
4
38
12
6
20
16
45
22
32
6
3
0
19
27
17
1
14
41
62
13
17
7
16
40
10
18
15
19
3
58
3
39
4
4
21
8
13
50
16
21
2
12
19
17
28
1
29
52
31
3
29
9
32
3
28
21
13
16
62
33
1
26
21
8
17
1
65
11
10
25
22
26
3
6
15
13
22
7
14
11
16
16
19
26
7
9
38
17
69
16
0
20
28
12
32
24
16
20
17
7
36
20
9
16
9
16
6
11
13
41
4
58
22
10
17
41
12
7
16
34
2
9
1
35
19
39
6
46
21
48
3
8
4
24
28
2
9
1
37
16
23
25
1
34
4
22
16
16
4
4
9
20
10
18
0
10
16
49
21
17
16
41
37
22
17
9
10
7
1
8
41
32
2
8
20
26
33
14
32
28
8
25
3
15
32
19
1
3
4
3
12
2
26
19
26
0
18
39
9
17
8
37
13
15
24
9
1
17
28
11
15
48
41
0
3
5
13
16
20
19
19
22
12
30
20
1
9
22
45
42
26
19
14
14
50
14
3
11
11
42
15
35
6
11
25
5
53
20
13
17
32
30
16
8
24
13
7
34
15
8
23
39
4
37
26
4
35
13
26
5
5
19
13
22
9
13
4
4
31
15
3
15
4
3
43
8
21
14
28
3
1
36
28
36
12
1
30
13
4
20
2
13
3
33
13
11
9
14
21
5
1
3
0
34
6
23
10
31
5
7
2
4
13
22
7
14
30
41
6
12
1
14
1
12
12
11
23
14
1
9
37
9
5
15
29
34
32
8
1
2
10
13
10
10
7
28
12
13
2
10
21
11
26
11
11
8
14
9
9
21
16
1
10
10
9
4
30
0
3
13
13
18
3
5
16
3
21
10
10
16
23
1
12
6
10
6
5
14
10
28
4
15
1
19
0
9
37
16
6
33
16
6
11
1
5
15
23
22
2
9
3
15
10
1
8
0
21
26
13
0
12
10
1
6
6
16
10
20
5
16
9
4
8
9
4
5
4
3
16
23
14
13
6
7
5
1
15
6
25
9
18
7
27
7
3
0
7
21
9
6
25
5
23
9
12
18
16
11
13
8
1
19
2
16
16
22
12
2
25
8
10
22
8
9
5
27
5
6
2
11
6
4
25
1
6
0
8
22
1
2
4
4
25
1
0
3
8
21
7
29
9
1
6
1
10
8
7
1
16
10
7
10
1
2
3
9
15
7
26
4
16
12
5
14
1
4
12
11
4
1
18
5
2
15
7
13
7
4
5
19
6
6
5
3
5
3
3
4
2
7
9
3
9
3
4
7
4
2
6
8
9
2
9
2
19
4
5
10
5
8
0
7
4
6
6
13
10
3
4
6
2
1
5
8
0
5
11
1
5
8
18
3
1
1
8
3
3
8
3
6
4
8
7
7
2
2
4
7
5
2
8
2
4
7
5
0
3
5
2
3
3
7
1
2
1
1
3
1
1
1
2
0
1
1
