7
45
0
9
1
19
95
16
35
1
3
62
3
94
108
64
10
3
44
50
37
11
22
54
8
11
40
24
1
9
105
20
82
43
53
1
4
48
64
9
75
43
40
7
19
44
48
70
1
14
5
9
6
50
39
30
109
31
25
3
31
12
34
45
60
20
77
31
36
47
69
15
127
36
37
24
59
11
35
122
62
2
38
19
6
43
56
54
13
11
26
21
11
19
55
54
75
2
29
22
59
33
74
37
92
40
47
39
2
78
95
97
53
6
14
10
26
15
99
85
52
28
49
60
84
54
21
1
46
38
68
39
75
36
52
93
31
25
35
16
44
67
22
5
91
8
57
41
12
40
11
6
57
33
87
11
105
105
54
41
42
11
125
109
40
14
99
128
32
0
74
22
30
3
29
6
29
37
98
2
37
120
78
8
112
61
48
32
34
17
50
13
1
15
64
16
42
41
67
77
73
28
5
80
6
25
25
45
96
27
42
9
79
81
143
53
0
23
14
24
68
36
44
31
37
38
1
43
103
8
9
74
42
94
52
106
86
26
23
47
22
12
8
15
11
58
38
60
126
92
67
65
92
101
7
88
93
34
71
3
33
11
8
45
33
8
7
44
35
108
44
83
28
139
28
62
30
42
21
3
114
8
18
37
14
28
38
42
16
64
6
50
103
68
95
28
45
27
80
32
38
43
21
108
69
23
20
38
44
0
68
87
48
42
65
25
146
24
89
16
35
40
98
57
16
34
21
52
45
71
15
37
10
55
2
55
110
11
35
101
99
20
24
3
20
30
69
117
74
23
70
112
62
43
21
16
11
199
33
25
24
3
17
84
39
17
33
34
20
77
14
1
14
119
10
63
32
55
67
69
5
30
53
32
77
7
16
4
37
76
37
42
52
111
44
99
14
20
32
6
52
8
55
132
64
43
61
95
39
24
18
46
15
75
27
114
50
1
38
22
101
17
19
3
5
20
21
97
11
35
21
12
45
4
24
20
2
15
25
102
97
10
66
17
4
66
83
38
87
12
72
28
31
82
12
43
6
58
171
108
106
29
35
4
5
29
23
15
7
6
8
30
26
45
18
48
100
54
60
73
26
30
54
51
90
61
108
15
8
29
13
18
36
68
45
25
56
13
34
16
11
6
47
122
40
26
24
100
92
48
34
15
33
30
33
45
42
64
31
31
119
34
16
39
84
8
57
15
57
29
10
105
26
72
54
37
30
21
21
7
40
27
25
77
64
64
51
93
43
100
26
12
59
40
27
1
8
36
29
50
69
89
6
83
57
69
25
51
87
17
92
63
61
39
23
26
19
81
106
20
96
90
28
63
1
42
31
34
18
10
12
7
77
9
2
26
17
26
25
22
47
42
20
28
8
32
22
56
30
39
68
112
18
22
33
66
83
45
42
33
54
102
66
7
17
79
16
26
24
104
144
16
19
33
20
4
88
72
65
164
96
48
22
28
42
1
74
57
8
48
73
48
20
21
32
2
53
22
84
28
53
31
73
81
12
45
61
38
9
29
25
15
9
39
55
50
6
42
43
24
84
46
13
125
23
49
38
22
5
15
26
42
91
39
27
108
77
1
26
26
32
28
82
9
86
3
47
32
21
9
75
18
88
54
103
40
21
29
38
57
59
40
29
69
13
47
100
18
43
11
33
62
31
15
79
5
24
22
16
58
47
18
60
46
27
10
0
31
87
15
10
74
11
119
91
71
39
67
36
54
21
19
40
5
6
123
67
33
21
46
16
14
44
8
8
52
36
15
17
73
61
36
76
64
1
83
30
38
50
15
6
100
22
41
25
62
34
6
30
23
95
23
59
53
6
4
28
29
31
17
10
3
11
26
61
89
84
98
44
39
66
34
1
19
17
28
6
24
68
24
116
29
30
4
18
57
21
38
121
46
68
83
7
37
62
36
115
16
10
34
51
57
18
5
5
9
9
25
47
32
9
17
27
34
58
40
118
20
36
104
30
15
0
85
38
53
41
11
48
61
34
55
24
64
146
54
32
41
90
44
47
34
7
17
70
51
4
76
67
22
81
20
18
27
30
58
3
10
28
134
41
42
33
11
1
109
66
19
37
52
4
25
1
49
15
113
32
29
1
8
55
1
12
24
14
93
65
11
65
49
38
14
25
54
1
38
6
43
48
22
31
19
0
60
20
94
22
22
28
95
49
30
44
22
7
20
134
50
25
31
2
32
7
53
13
14
1
11
36
8
30
50
31
29
24
31
28
27
7
29
52
6
22
86
27
3
45
3
3
19
33
52
31
41
8
29
18
5
76
1
1
4
45
15
30
147
54
15
7
28
82
24
11
22
2
56
11
23
0
17
58
78
11
47
57
0
54
32
19
45
91
38
16
20
47
9
92
46
0
45
15
34
47
6
48
17
4
16
59
124
7
35
1
12
55
17
51
43
48
4
36
7
23
24
51
4
72
76
39
5
9
15
42
6
21
16
18
50
2
29
28
7
11
29
30
39
41
67
36
4
17
2
75
10
7
45
53
32
21
19
48
12
27
7
8
1
107
5
89
43
58
10
5
56
36
37
14
5
81
39
15
2
49
13
27
28
66
21
2
32
47
33
12
5
29
9
5
27
14
79
58
87
52
20
32
45
28
9
60
68
34
40
6
43
29
23
75
12
32
1
49
8
28
3
7
71
17
9
103
44
5
43
14
56
13
36
4
40
8
0
38
19
35
6
51
37
55
24
7
5
32
16
47
17
94
6
81
26
13
9
26
34
10
5
22
27
10
16
22
18
52
85
46
18
8
72
11
58
18
8
14
41
20
29
56
28
21
27
61
21
31
32
25
53
1
41
9
7
83
15
11
73
27
119
40
50
3
32
70
61
24
70
56
32
35
11
75
25
33
10
19
68
23
44
10
45
6
49
4
63
13
102
69
38
15
29
60
29
23
2
38
44
82
19
19
30
31
14
62
48
33
100
21
10
33
38
75
22
4
8
22
33
68
47
14
13
55
23
3
26
72
41
59
12
4
18
8
35
37
8
61
53
24
30
32
12
22
79
9
28
9
59
4
24
7
6
68
49
71
53
57
25
102
1
18
51
46
0
61
6
17
77
11
6
11
36
8
12
57
75
85
49
18
58
11
57
72
22
30
29
32
35
16
32
21
22
36
17
26
54
27
25
56
0
26
34
29
58
17
82
21
6
7
73
58
8
53
122
42
28
28
49
12
34
50
65
3
34
57
60
17
89
64
56
76
55
32
19
96
79
22
122
45
102
8
46
0
21
4
29
28
46
7
31
92
18
11
14
11
93
23
65
0
50
3
1
120
69
66
15
13
22
22
15
86
8
33
49
22
56
35
41
79
2
73
64
19
32
36
28
26
41
6
16
50
20
63
59
35
25
18
14
41
2
30
23
15
31
48
29
9
16
18
4
46
25
13
66
12
4
71
29
0
24
12
24
24
28
20
22
29
54
35
54
18
9
39
29
55
10
61
16
38
34
7
5
18
20
10
1
57
14
28
23
24
16
126
21
20
11
7
28
48
16
33
23
2
36
13
25
56
40
4
32
23
22
91
66
19
25
46
62
10
39
98
39
23
15
34
26
17
32
2
33
14
35
17
1
36
53
1
20
68
3
10
36
40
47
61
48
10
29
38
12
19
5
4
22
37
45
14
59
45
18
22
4
37
75
2
30
9
17
27
18
33
86
4
46
22
11
23
56
23
47
1
16
27
69
4
61
23
68
37
50
30
17
68
73
4
6
29
24
30
2
29
1
2
17
50
6
32
20
36
86
24
37
34
46
8
16
4
9
13
43
6
38
19
65
32
8
16
10
21
0
58
46
87
39
2
57
79
16
11
32
40
17
9
26
9
49
6
34
26
59
2
60
12
23
76
9
53
16
43
29
5
19
4
18
61
40
25
17
49
35
15
6
83
17
56
42
22
19
33
7
33
8
1
8
48
8
12
3
29
28
4
8
53
20
3
72
44
1
14
40
6
58
35
29
23
4
26
37
21
41
31
20
61
37
23
52
4
30
8
17
36
59
19
21
4
2
68
37
93
30
58
60
32
11
11
7
58
44
29
1
34
25
24
8
11
90
12
12
14
6
20
25
13
39
13
7
2
19
66
6
50
1
86
16
45
13
9
29
61
17
2
89
13
4
3
26
55
63
54
27
26
21
47
37
64
63
15
19
43
34
0
25
62
64
17
31
67
10
52
15
27
38
41
34
15
16
39
33
4
3
7
14
26
20
33
8
41
32
4
6
5
66
7
24
73
28
43
1
64
58
26
51
14
28
2
19
2
18
29
4
23
59
59
76
11
78
25
12
38
54
52
30
16
10
4
69
56
9
12
75
38
31
10
13
22
76
38
7
22
8
25
7
2
34
22
31
9
7
27
43
72
1
17
34
27
8
18
25
11
17
12
30
23
2
11
38
32
39
57
16
26
18
12
15
71
15
77
33
45
69
35
1
5
10
2
35
29
3
56
46
16
8
28
11
6
2
22
38
41
49
54
10
2
54
17
21
54
5
1
0
19
40
34
37
44
28
22
39
45
48
4
7
54
22
5
66
51
33
36
18
31
19
7
58
6
37
23
29
27
19
61
16
6
5
35
47
4
12
8
8
10
27
57
1
30
21
10
43
27
54
97
37
30
1
37
29
49
18
42
2
77
16
23
0
13
7
7
3
30
9
24
43
40
28
62
31
83
16
4
20
32
5
7
34
64
38
42
94
26
2
20
28
33
2
3
9
16
31
15
7
35
32
61
45
25
16
35
21
81
55
15
2
18
5
6
92
20
16
33
9
24
48
17
1
13
37
21
24
56
27
16
8
67
7
4
57
18
4
14
1
38
33
18
7
62
2
69
47
17
68
15
44
45
24
17
6
16
41
13
37
3
28
18
36
12
4
44
52
31
11
17
23
7
18
7
43
89
64
4
13
20
15
21
13
32
6
11
11
65
55
11
9
34
42
45
27
18
29
21
13
17
16
29
13
51
6
7
51
18
4
6
9
7
20
6
25
30
7
0
77
23
2
10
42
20
3
17
25
36
34
24
51
7
12
1
28
11
40
17
6
52
21
16
46
2
15
52
1
11
10
11
17
70
28
4
42
8
3
11
21
3
12
4
22
46
2
10
47
56
40
43
2
32
1
6
23
15
41
27
49
5
10
13
5
12
9
7
0
16
60
9
27
4
31
2
4
13
66
18
31
1
17
36
46
14
5
5
54
32
1
59
9
6
28
39
3
50
32
15
1
50
35
5
10
3
80
13
2
7
26
2
23
33
7
0
56
5
51
32
24
2
22
30
17
5
2
3
35
15
22
24
1
7
24
3
39
65
50
9
15
34
10
16
13
4
1
7
26
45
25
8
31
11
27
1
37
7
40
20
9
0
30
3
47
22
11
35
9
11
31
38
4
44
7
9
45
13
4
47
7
13
28
5
12
15
37
4
16
46
6
5
16
9
5
59
1
26
5
8
27
14
79
7
15
40
3
9
23
11
4
31
16
31
14
24
33
20
1
13
4
2
11
61
6
14
48
4
34
12
2
32
15
3
35
2
0
21
47
18
27
36
20
0
2
3
6
2
47
1
17
22
16
30
42
11
31
13
2
19
44
1
24
2
0
34
7
20
14
5
17
11
88
3
31
4
10
11
6
44
3
12
11
37
0
30
11
33
10
19
29
19
19
20
43
0
8
31
3
8
2
11
13
3
8
14
3
2
28
12
5
22
0
28
23
9
19
83
4
25
1
28
6
5
48
21
17
35
2
36
28
8
39
25
36
18
11
29
45
15
27
19
5
7
18
28
1
18
25
5
19
19
28
6
7
31
22
4
6
3
6
26
22
38
22
3
27
9
18
12
32
7
12
6
11
20
12
29
51
1
1
7
2
8
1
9
24
30
38
38
15
23
15
4
1
15
17
1
7
17
0
6
33
11
29
15
9
12
29
27
5
15
12
23
11
13
18
13
59
19
7
18
4
10
3
26
27
15
8
6
1
25
17
25
12
33
14
47
13
30
11
29
1
32
4
15
21
32
7
22
16
12
0
3
15
13
12
3
16
49
28
44
3
1
18
18
9
24
14
7
16
10
1
8
39
28
22
37
33
22
5
46
18
3
13
33
18
15
33
3
27
15
34
15
16
27
7
2
2
8
12
19
11
22
16
27
19
17
9
16
8
22
6
9
17
10
12
8
33
2
10
9
7
45
12
1
23
20
34
3
11
17
21
6
19
5
12
21
0
8
10
6
19
14
1
10
38
13
19
30
2
9
10
10
10
21
25
8
29
22
1
12
13
9
27
0
5
21
1
16
7
0
30
15
8
37
1
28
1
23
6
11
45
19
8
11
3
5
7
14
3
19
3
3
14
6
2
19
16
48
7
5
5
15
10
12
30
37
57
1
37
20
13
9
3
2
17
1
10
4
4
11
1
18
16
1
8
5
21
23
30
22
6
12
4
15
2
5
6
12
13
8
6
6
10
10
18
3
19
8
23
2
9
18
6
1
17
12
4
13
14
21
43
5
5
4
21
14
17
10
3
19
3
3
11
17
11
1
16
1
34
7
11
0
17
11
3
10
22
13
14
6
31
26
36
0
17
7
7
11
18
8
2
12
2
26
22
10
16
9
0
12
4
15
13
29
4
6
21
9
28
8
29
16
3
13
11
1
16
6
24
2
18
1
25
10
21
34
14
1
8
19
26
23
3
7
3
15
3
15
14
6
5
7
12
4
13
4
11
4
8
2
11
14
1
5
17
1
14
12
17
8
16
25
3
8
1
8
2
9
6
12
26
5
10
22
4
13
30
9
0
19
4
11
10
8
3
12
7
11
16
4
1
10
2
4
15
15
12
17
24
9
17
5
25
2
8
2
6
4
6
5
11
4
0
5
1
9
3
8
1
3
17
14
6
13
4
8
1
4
12
10
1
9
11
5
2
10
10
3
9
6
17
11
6
2
10
12
3
4
3
12
8
7
9
0
8
12
0
2
6
10
14
5
3
0
4
1
1
25
3
1
20
5
2
11
1
3
1
5
6
8
1
4
3
3
1
2
2
1
7
5
1
2
2
5
2
3
7
0
2
0
3
0
3
3
0
3
0
1
1
1
1
1
1
0
0
