14
23
44
80
1
2
12
9
39
1
8
11
20
13
5
19
20
34
7
2
17
76
5
59
18
15
12
12
3
20
29
78
29
46
46
12
1
15
16
18
34
37
31
20
1
21
1
21
29
41
5
43
53
16
42
62
15
44
7
8
29
28
0
35
52
25
2
11
27
132
78
75
14
122
98
27
41
7
28
62
60
3
48
2
53
23
26
0
50
0
2
71
75
49
1
82
5
70
126
67
19
25
58
64
41
79
48
78
88
79
6
40
2
14
60
103
95
64
48
1
79
47
50
24
33
14
7
16
105
48
27
65
23
30
75
47
45
23
26
157
60
30
7
0
26
45
33
39
24
15
48
25
20
6
66
80
34
1
20
30
72
27
90
32
19
58
77
90
123
46
77
22
16
7
1
15
108
57
64
10
82
101
12
8
23
41
55
45
34
21
37
45
18
86
47
102
71
0
13
41
21
80
51
49
39
33
77
7
66
8
8
50
84
8
31
79
66
27
42
83
52
91
12
11
45
58
34
38
139
17
124
31
3
24
27
132
33
50
86
34
144
22
23
128
29
92
22
3
23
37
49
3
61
98
99
28
73
21
100
33
111
15
160
105
9
23
29
37
64
9
28
40
80
35
35
55
7
150
62
13
69
13
25
77
34
34
40
2
30
66
60
83
33
23
66
2
43
77
16
75
30
6
46
76
53
24
20
13
7
96
0
82
23
84
13
18
8
37
45
55
21
74
10
36
34
30
8
28
5
47
31
52
39
42
22
66
35
24
51
47
173
44
5
72
33
91
71
3
3
44
14
45
35
53
71
78
66
21
59
110
22
15
95
21
24
62
3
89
6
57
61
82
124
21
47
50
13
3
22
51
33
108
57
10
21
1
2
80
16
73
42
16
48
106
73
43
44
9
16
4
28
7
13
81
2
13
41
50
22
75
4
53
39
28
40
31
25
21
33
14
17
51
47
13
73
94
15
67
16
61
44
102
23
63
10
23
2
75
4
61
20
130
30
51
24
79
47
23
81
75
107
32
24
17
64
20
125
37
35
0
54
63
16
27
22
17
93
80
11
106
89
0
11
69
2
55
4
32
7
18
51
14
69
39
18
56
5
22
134
12
10
4
39
98
32
46
40
42
3
56
8
95
55
43
31
17
38
84
13
30
29
8
6
14
52
47
50
54
20
1
28
28
47
8
20
35
3
13
60
140
114
15
21
45
51
58
2
0
1
61
32
49
60
112
19
28
10
8
43
14
41
8
17
24
53
5
124
16
22
49
35
55
8
44
15
6
19
33
59
117
13
19
67
46
6
125
35
53
44
56
10
74
21
26
39
35
1
18
43
5
79
26
62
61
40
71
9
81
12
35
72
67
3
93
37
2
20
92
7
15
94
32
40
97
56
17
4
35
79
36
29
8
20
6
14
12
14
2
3
35
38
16
56
66
18
28
20
9
32
80
42
23
21
28
14
41
11
70
37
26
0
8
3
79
19
105
59
79
16
61
4
103
43
15
50
32
50
63
53
115
68
62
26
1
32
51
40
2
99
14
11
22
31
18
36
24
2
23
7
149
2
41
53
21
29
23
41
8
109
55
46
48
19
58
26
38
135
41
62
9
17
53
0
28
0
78
54
109
7
87
69
83
28
45
30
16
15
3
45
69
1
36
34
57
6
108
49
25
86
51
29
46
44
66
60
108
39
93
17
29
24
2
56
98
32
63
76
23
9
20
11
116
36
83
74
78
4
33
26
36
14
69
1
55
53
40
71
33
38
9
25
71
10
6
65
46
39
86
12
8
31
41
79
26
2
115
14
10
80
19
92
6
58
62
81
11
5
92
6
1
77
28
55
55
35
21
3
102
66
3
24
80
95
8
49
62
1
33
63
11
13
31
13
10
66
11
85
27
19
96
65
51
40
39
45
34
65
78
39
7
57
9
9
37
12
1
53
65
14
11
8
6
4
21
6
30
75
30
44
7
28
10
34
52
0
60
41
53
33
29
9
48
5
28
43
9
20
34
35
69
27
80
80
80
5
22
41
61
1
8
24
39
2
13
8
135
22
41
69
35
7
22
32
21
35
63
82
57
28
5
90
1
31
54
58
47
45
37
17
46
7
16
17
32
20
8
27
5
109
75
67
28
35
41
54
112
33
42
30
63
28
34
21
60
8
73
5
19
45
17
57
1
36
6
14
83
1
12
43
68
29
35
31
123
35
51
13
61
35
22
41
12
77
72
101
7
32
19
22
54
18
69
64
58
25
120
37
9
41
140
67
49
69
5
42
61
9
131
120
71
23
69
83
10
31
49
26
35
34
6
69
30
23
28
54
38
14
5
48
8
0
4
44
35
95
8
51
17
82
61
59
9
41
38
24
41
107
54
6
55
54
51
3
67
71
6
19
55
50
10
49
59
45
11
1
7
22
26
29
33
44
40
63
31
2
13
60
78
16
1
12
50
17
43
39
8
33
1
5
32
57
12
25
14
65
48
17
15
47
50
64
43
17
39
31
44
114
83
31
6
78
17
16
79
33
23
101
35
6
30
9
30
51
74
40
5
16
62
9
72
42
61
26
11
33
50
43
51
37
23
15
43
8
37
39
13
56
2
9
7
36
49
11
7
15
3
23
47
12
36
13
5
44
47
52
29
7
27
30
7
16
80
45
5
13
64
2
6
21
14
25
34
21
19
31
42
2
104
34
4
30
20
19
51
73
62
27
50
9
38
37
8
33
47
22
41
49
44
52
31
31
33
30
65
0
24
42
25
1
63
28
60
32
27
31
43
76
115
26
35
49
103
6
52
15
87
11
8
19
44
34
33
21
14
18
60
8
14
5
23
60
74
28
12
23
21
14
27
57
40
28
50
5
69
56
143
45
53
56
53
52
19
24
46
5
19
81
45
24
1
28
68
4
33
16
19
12
16
20
53
23
107
37
29
34
44
23
36
101
11
25
75
24
35
59
4
11
28
28
50
7
18
78
14
0
6
38
28
5
44
25
111
43
29
27
57
43
43
100
86
23
42
24
46
76
35
31
13
11
38
21
21
66
46
15
7
115
55
8
19
6
67
21
22
12
32
17
20
56
11
78
43
1
22
30
63
11
25
32
28
39
1
63
54
12
69
5
4
35
33
51
28
54
33
43
32
81
74
13
56
78
41
37
12
4
12
16
29
10
21
21
19
6
43
100
76
48
43
64
44
19
1
82
9
9
42
6
10
23
21
36
27
32
17
38
12
7
38
63
5
27
2
11
8
1
88
34
63
45
94
30
59
38
7
12
9
39
39
18
67
25
22
28
7
5
3
26
42
6
70
15
81
9
12
58
9
29
57
29
14
56
22
68
26
32
71
16
1
23
32
12
66
0
8
8
22
51
13
31
25
12
80
2
4
10
55
3
31
33
1
10
5
7
13
1
15
19
30
39
14
45
48
15
71
16
70
19
5
25
47
36
45
22
16
10
4
17
47
53
50
18
16
44
3
7
52
46
29
15
21
59
50
12
26
22
101
51
34
54
30
36
13
109
15
25
30
22
47
51
16
121
4
30
54
2
8
10
42
23
29
67
34
0
18
3
37
7
28
11
65
20
22
46
28
9
24
2
7
4
24
9
28
15
39
24
37
36
22
17
41
33
19
4
11
14
16
24
13
21
52
59
42
4
37
38
46
15
58
48
17
66
14
1
4
10
17
4
20
13
36
72
36
36
13
33
37
55
23
25
46
14
15
10
23
29
16
10
2
96
9
64
39
14
54
33
27
55
6
50
38
0
3
37
95
39
15
52
50
35
12
8
14
28
77
0
59
23
32
30
10
20
71
50
40
47
3
16
19
52
54
66
43
35
78
48
20
3
20
43
25
22
25
23
48
56
18
57
18
2
87
62
56
17
8
2
53
32
49
41
43
81
32
24
12
23
31
43
2
24
36
11
18
47
3
35
76
65
6
17
1
3
22
64
19
39
11
23
11
6
6
20
39
60
69
34
44
75
53
22
54
25
90
124
38
18
18
22
41
18
7
5
28
5
34
64
30
48
49
9
15
84
36
36
26
8
10
57
38
42
21
24
2
2
12
38
66
23
52
5
10
89
6
69
18
22
27
21
17
40
46
5
31
38
18
77
43
19
39
17
55
17
8
31
12
47
16
22
57
30
68
34
73
13
45
0
33
36
25
66
46
6
16
17
27
19
32
57
31
46
85
17
4
4
15
4
33
3
61
64
15
24
7
40
40
59
37
33
49
48
22
39
12
32
28
9
36
16
93
2
3
8
19
17
31
4
21
51
54
23
21
30
41
19
12
31
29
29
4
19
12
14
37
25
27
11
9
20
17
41
11
9
80
1
17
66
14
23
4
21
7
46
25
3
32
28
8
45
27
17
60
55
24
81
11
24
19
49
5
18
29
45
19
39
36
20
6
21
12
0
48
3
1
44
40
54
21
86
5
42
33
37
47
22
31
37
38
8
34
11
27
20
6
20
62
46
12
2
4
4
9
35
25
10
47
53
10
17
42
17
46
12
4
7
14
10
30
10
9
6
1
14
48
75
40
10
26
23
5
12
6
43
50
60
24
24
56
39
9
50
55
1
40
5
16
27
29
10
17
4
68
4
3
5
28
39
29
0
23
8
7
4
32
29
3
33
35
33
3
7
31
50
17
10
6
20
33
26
12
18
53
31
24
34
21
45
13
1
1
63
13
25
48
17
40
24
12
9
35
11
1
1
32
49
7
14
16
28
57
55
5
2
8
86
45
10
44
49
28
61
9
25
2
10
46
18
33
14
34
11
90
39
4
10
4
11
22
7
41
59
13
4
6
12
2
4
16
10
37
20
33
43
6
3
15
29
10
6
21
23
15
15
41
14
33
42
13
11
0
10
30
16
25
9
11
55
2
33
0
48
8
61
43
48
13
15
7
26
21
37
19
37
12
11
8
63
12
23
26
26
52
6
5
8
4
10
14
17
50
51
11
30
6
6
28
29
0
10
5
13
36
17
6
10
6
18
25
3
2
24
36
17
2
26
40
44
47
13
1
16
1
6
30
21
13
5
22
11
5
18
2
14
35
28
0
12
24
17
28
31
64
10
15
1
50
1
22
3
32
13
5
26
43
10
13
0
41
12
16
30
34
12
31
1
11
32
31
4
14
9
3
15
6
8
27
12
24
13
7
24
25
32
17
6
31
26
28
23
54
7
39
11
1
13
11
64
28
64
43
7
16
12
51
4
27
21
27
9
56
58
2
4
27
25
18
67
13
17
7
3
7
35
43
11
3
2
28
23
40
23
13
22
7
25
6
63
48
18
23
5
47
65
13
34
31
32
9
31
13
49
12
54
57
48
18
4
26
27
25
10
35
16
5
28
46
18
27
18
28
14
9
21
17
17
54
3
26
3
64
9
7
30
46
27
2
27
69
38
52
29
37
1
21
45
28
15
22
34
21
53
19
1
22
12
16
56
2
10
59
24
4
25
19
9
15
39
22
15
24
23
7
5
21
7
4
40
33
39
23
23
13
24
16
23
32
15
33
10
1
27
19
12
16
9
21
29
1
10
31
0
9
16
30
1
14
49
71
31
20
22
32
3
26
13
55
74
38
14
1
28
17
10
5
27
16
0
19
5
10
17
59
11
7
5
25
41
38
12
3
29
5
20
29
13
39
1
27
8
4
17
16
21
33
18
4
8
24
3
8
29
27
38
0
10
3
4
28
17
22
26
46
13
11
30
6
28
30
16
8
0
29
24
17
27
31
9
50
50
1
12
9
43
14
18
19
19
3
33
28
17
19
42
11
6
14
36
6
39
47
38
13
7
1
15
4
23
63
0
16
19
10
25
19
1
22
7
26
1
20
10
6
47
8
36
16
10
5
16
21
3
21
17
3
23
26
48
41
24
27
20
16
18
25
26
22
50
33
21
2
43
4
13
23
37
14
18
13
24
11
1
7
2
25
26
7
8
32
9
24
19
57
29
75
9
26
34
24
17
15
54
4
42
2
19
29
23
8
25
26
6
7
20
42
19
13
33
7
34
13
20
36
15
6
13
6
35
7
11
12
41
11
35
22
13
8
14
44
18
14
29
20
2
20
14
19
34
23
10
11
18
12
20
32
18
1
43
15
39
15
25
43
17
13
11
0
28
7
10
26
20
9
3
14
8
31
31
11
1
3
29
15
20
10
20
17
47
41
33
9
52
5
30
10
44
5
12
16
11
37
9
0
28
18
28
2
3
31
4
20
4
15
2
20
25
34
19
20
26
2
7
13
3
3
8
17
2
22
14
6
28
13
13
24
17
13
19
9
5
4
1
46
11
7
0
34
7
7
22
36
35
4
0
9
9
27
25
7
4
1
5
21
15
15
4
2
7
30
12
17
10
23
41
7
5
30
12
6
31
22
1
5
3
4
3
29
38
13
13
11
18
1
19
14
4
20
12
32
24
8
17
12
16
11
2
2
4
20
47
26
6
3
7
20
19
27
5
3
30
51
24
19
10
35
23
9
28
4
13
4
22
26
33
22
6
3
3
11
5
35
28
5
18
7
48
18
6
4
19
4
15
21
5
11
17
31
5
1
3
28
9
12
17
27
5
3
13
31
0
17
7
14
9
4
33
8
2
23
12
1
8
5
9
7
13
5
13
14
1
7
5
11
3
10
15
23
21
8
14
2
25
9
2
38
10
12
4
1
11
12
28
6
6
0
16
1
8
14
14
1
16
16
11
11
2
10
5
17
5
6
2
43
6
11
5
8
7
3
14
2
3
1
26
17
19
4
11
1
11
4
1
5
5
6
1
19
13
22
4
8
10
27
1
1
22
8
20
2
6
3
2
16
14
4
17
4
0
7
3
11
2
7
29
2
4
15
8
3
10
2
11
8
9
4
1
10
17
1
9
9
19
18
10
4
4
10
2
7
3
3
1
4
2
8
12
2
13
5
22
5
14
4
8
5
3
7
10
7
9
7
4
9
6
10
3
6
5
9
22
3
7
3
7
2
2
7
7
10
10
2
0
12
3
2
5
1
13
2
5
5
12
5
1
5
2
4
13
7
3
1
10
6
3
7
7
3
3
0
2
5
6
7
10
6
3
1
4
4
6
3
3
7
1
0
9
5
1
1
5
0
5
0
2
1
0
4
2
1
3
2
0
0
