9
1
6
20
36
1
108
41
13
81
26
24
7
6
39
81
30
7
17
23
10
21
8
22
9
30
20
24
35
94
63
16
57
27
0
35
20
79
75
15
19
22
31
43
37
38
42
21
3
0
14
3
26
57
17
24
20
25
15
16
74
3
5
22
21
37
0
96
40
25
50
13
54
35
57
62
1
52
51
82
58
21
134
15
72
29
60
40
16
10
4
18
13
37
74
28
35
30
22
60
29
49
71
74
139
77
30
45
37
58
107
38
25
9
143
41
9
25
44
22
95
1
72
57
87
56
63
11
22
20
73
52
41
76
15
4
41
55
1
26
20
61
39
3
22
12
58
50
13
38
26
51
27
2
14
30
68
42
0
47
90
40
9
65
54
126
79
66
24
9
14
54
25
64
48
60
23
116
4
79
52
78
8
14
28
6
45
51
5
40
33
35
44
29
78
45
44
88
51
6
57
61
4
44
62
98
18
14
18
32
24
11
18
9
38
107
62
16
11
33
15
64
52
9
106
160
30
13
54
125
3
54
0
78
90
19
10
80
51
85
27
54
34
54
112
16
17
75
6
19
59
40
96
53
41
57
10
23
108
49
8
66
74
8
5
14
11
32
15
51
14
70
2
21
29
93
40
61
43
31
99
32
27
61
0
30
2
43
101
9
4
17
55
63
46
5
57
122
33
1
30
44
82
23
39
26
87
68
4
110
3
19
36
24
77
16
33
116
46
61
95
126
107
93
9
24
24
52
113
43
9
4
0
27
26
43
31
46
42
20
36
30
16
78
30
22
4
48
22
39
50
24
71
4
3
91
28
61
119
43
167
25
38
8
71
79
80
44
21
8
0
37
1
55
43
56
31
5
91
78
28
74
19
55
61
101
51
78
27
17
28
15
1
27
14
70
136
18
70
40
54
22
86
27
23
8
16
26
23
75
137
65
10
82
49
23
51
12
43
35
29
48
48
74
37
21
25
1
32
21
60
40
23
4
36
36
82
68
5
124
52
62
48
21
21
7
144
80
63
4
36
41
68
57
125
26
36
44
43
16
38
102
52
7
21
24
15
3
134
67
4
29
3
145
42
41
47
5
66
51
19
55
79
112
31
30
14
7
30
6
19
24
30
15
21
77
19
54
82
54
64
76
5
5
11
46
19
52
84
72
3
67
40
22
40
61
15
57
2
13
26
81
74
79
24
4
2
28
37
81
34
86
52
7
27
21
34
71
24
60
23
4
62
2
69
6
1
72
20
105
16
27
23
53
13
67
30
37
72
40
58
57
41
26
27
55
35
30
36
4
90
57
57
2
101
50
16
44
38
54
64
2
24
7
4
67
19
12
25
51
18
47
49
6
82
5
52
90
29
42
7
105
80
24
62
55
14
84
30
15
63
64
43
8
109
26
29
78
33
39
62
16
10
3
90
1
51
18
37
102
48
6
83
1
68
70
35
71
15
41
97
2
27
4
2
41
10
21
25
53
9
30
36
76
12
6
0
41
41
15
78
16
23
91
15
86
12
40
56
23
73
12
3
38
18
33
6
41
56
48
36
21
67
17
6
30
95
76
16
8
22
44
38
30
10
30
103
34
38
78
5
37
4
23
75
78
44
43
51
91
60
29
23
99
27
96
13
51
45
37
86
45
82
27
2
22
17
62
77
68
9
22
58
81
17
25
69
10
1
45
65
7
78
23
22
23
23
15
29
21
46
38
173
65
1
11
14
56
42
23
100
50
2
89
8
50
22
52
22
84
23
13
32
2
0
16
87
40
0
37
15
40
106
21
78
37
11
2
77
55
12
54
57
56
54
2
103
28
23
51
24
4
15
154
23
19
32
50
5
67
75
46
45
60
29
42
59
39
60
55
28
47
52
24
91
6
14
8
30
18
21
39
135
49
82
4
6
92
28
6
10
7
14
7
13
21
15
18
63
26
62
43
53
46
10
50
30
30
51
65
80
58
29
92
11
33
25
71
36
63
4
87
55
22
20
29
3
18
91
56
8
28
69
11
123
1
3
36
26
72
10
85
117
0
103
19
29
31
27
62
42
5
43
102
12
51
51
17
74
31
50
23
75
50
8
28
59
40
14
10
22
37
53
65
6
6
66
87
12
48
34
11
43
19
10
33
75
56
13
32
61
35
5
114
20
8
28
47
9
13
0
136
31
16
44
27
8
8
77
38
63
63
10
8
61
27
53
50
26
59
69
6
36
47
48
16
4
23
3
38
24
9
4
40
14
32
33
54
55
16
58
7
3
78
21
4
16
45
30
37
40
38
57
35
96
53
27
31
21
32
10
39
78
20
69
45
14
37
0
9
29
55
36
34
4
2
60
59
25
51
23
20
87
75
3
14
67
52
23
44
12
45
178
29
133
0
45
1
74
52
112
52
19
37
28
50
21
23
36
33
30
48
19
16
11
1
2
21
6
42
1
2
57
12
70
19
59
10
11
9
2
48
7
27
9
86
28
40
109
51
38
40
45
68
24
71
97
18
19
71
37
7
37
71
14
15
7
0
64
58
164
74
28
9
16
47
9
45
22
28
25
34
14
10
3
26
64
62
28
5
24
29
51
28
38
22
7
82
12
103
62
7
41
52
32
139
37
31
6
92
7
2
30
3
37
37
32
18
11
41
19
73
64
52
16
12
35
37
11
75
81
48
34
59
45
27
24
19
35
35
21
31
24
15
10
24
22
50
79
43
58
37
25
9
32
53
11
64
44
34
3
104
5
50
31
60
15
34
2
27
23
51
10
23
42
58
50
3
5
21
14
39
113
8
21
55
21
19
19
18
9
119
58
47
2
28
32
21
37
83
62
42
9
88
7
20
19
5
23
31
57
77
18
5
115
92
37
16
38
43
22
4
12
17
81
67
16
13
11
34
19
16
77
18
15
51
11
31
48
15
99
16
80
34
68
0
13
7
31
53
99
22
2
64
43
7
34
21
22
61
0
15
37
27
6
75
67
35
47
8
55
68
24
36
8
31
18
118
78
7
32
62
22
28
10
105
16
18
2
18
33
50
6
0
56
31
20
20
74
2
55
18
26
10
32
16
23
26
53
25
24
60
21
21
17
42
37
5
47
5
45
69
4
24
43
67
16
71
4
74
6
85
67
26
12
7
30
7
30
54
3
21
13
15
19
14
12
20
14
15
29
75
7
91
6
17
14
70
40
9
83
17
40
76
32
10
18
42
38
17
31
17
72
47
53
93
17
28
75
44
30
26
80
38
55
14
20
18
47
15
32
27
15
100
7
24
5
41
18
2
59
44
13
14
64
24
6
12
24
27
25
5
1
61
33
41
17
38
45
29
11
70
3
72
48
5
105
10
12
14
91
31
35
28
20
10
14
54
62
2
2
24
36
8
9
93
12
39
22
21
21
19
49
34
76
61
33
72
25
10
3
3
71
6
31
11
12
57
52
33
5
90
61
63
67
2
14
17
40
36
19
12
20
7
18
24
73
10
57
19
13
6
25
5
8
71
44
28
24
35
42
70
46
3
33
13
24
51
120
3
16
17
23
49
17
4
70
6
13
38
1
14
21
2
50
65
91
49
48
65
18
7
53
29
55
47
4
41
25
36
56
96
35
39
34
64
6
13
54
57
4
4
3
54
17
71
6
23
14
84
1
22
17
12
9
33
18
4
75
14
69
29
6
15
10
8
27
31
3
22
11
63
10
17
68
26
5
17
50
0
14
14
34
12
28
2
82
32
38
12
8
45
43
30
77
18
13
3
81
20
38
36
47
87
2
6
30
1
6
24
43
6
39
9
15
57
12
29
34
20
77
11
47
21
46
36
14
53
7
29
58
13
24
66
6
5
21
9
10
44
28
61
8
11
2
20
59
42
59
42
56
8
20
33
51
68
10
118
5
5
2
15
64
58
8
46
31
33
44
12
25
17
17
13
0
91
103
17
11
46
49
45
50
1
38
2
8
25
59
14
18
37
46
69
27
22
60
17
11
21
41
21
57
26
43
40
25
53
65
30
42
2
55
2
67
69
11
32
56
15
47
50
29
21
33
25
54
32
33
26
55
37
19
27
15
17
38
55
46
51
18
100
19
49
4
28
2
9
1
27
15
5
9
43
38
25
55
54
64
34
38
7
3
70
13
16
22
4
16
73
3
44
62
46
62
46
24
48
7
43
19
2
35
38
74
66
62
19
31
85
33
55
64
25
3
53
59
27
26
75
47
18
4
18
13
64
15
24
30
16
47
2
34
27
81
12
7
53
36
15
6
81
2
53
23
40
16
19
59
13
35
14
10
67
47
60
19
3
25
13
10
2
30
14
17
38
52
19
13
63
18
16
5
22
4
35
7
37
21
57
7
7
10
46
44
3
4
7
16
16
6
43
24
52
24
32
15
36
66
20
36
49
5
30
3
41
18
27
13
30
21
77
6
15
32
90
11
26
59
12
15
1
22
42
44
24
97
31
12
17
22
27
30
64
35
21
79
128
17
21
31
12
9
20
19
61
16
27
44
25
24
48
33
9
47
39
4
9
6
27
3
19
0
22
12
52
19
38
25
76
2
14
23
2
48
14
33
30
3
62
13
10
16
13
20
31
66
47
20
17
8
58
17
5
26
16
54
57
35
18
3
37
64
66
45
3
42
77
33
19
21
10
1
24
0
9
19
9
41
41
7
5
42
27
5
58
25
37
50
68
61
1
12
21
14
52
52
35
9
6
6
68
42
11
37
38
28
9
10
13
5
15
41
35
67
2
44
28
15
3
25
16
16
10
30
12
27
55
24
70
33
4
47
4
24
33
63
24
19
16
70
50
12
4
18
20
0
34
2
7
1
23
20
19
47
20
25
76
22
86
30
3
23
54
42
44
0
0
47
14
26
36
17
14
83
75
7
37
14
59
22
16
24
24
33
7
42
19
25
15
11
18
3
84
18
3
35
10
14
28
58
18
1
56
15
31
22
14
14
9
5
34
42
12
25
40
22
46
3
20
12
33
46
3
18
45
56
13
7
11
18
34
42
50
52
70
17
5
11
8
12
21
13
28
9
9
22
34
13
11
28
65
22
2
4
12
39
14
42
49
42
64
2
7
9
53
10
63
32
35
59
27
7
36
33
13
8
5
37
56
34
1
38
8
18
11
1
20
16
21
3
32
0
16
6
26
6
48
19
9
19
31
12
19
15
45
24
34
11
62
35
30
4
14
37
9
26
40
16
16
62
10
59
11
1
31
26
12
41
0
10
4
26
2
2
5
23
6
17
19
6
8
41
8
16
17
70
1
24
11
42
18
26
22
17
1
32
52
13
6
16
9
12
16
20
17
77
1
19
79
57
24
39
30
47
2
2
20
2
23
11
44
14
22
0
49
31
24
35
27
14
39
2
31
11
32
32
42
25
51
15
34
7
15
3
11
25
1
8
13
26
61
11
2
28
25
4
28
21
58
14
8
10
18
5
8
0
8
29
15
7
36
6
31
36
42
26
9
8
63
38
6
0
47
18
63
32
14
5
20
38
42
18
26
20
11
2
26
2
8
29
43
38
44
1
28
10
22
2
26
14
0
14
20
41
12
31
24
5
11
31
22
3
1
22
36
11
18
9
16
3
38
26
41
101
16
74
13
12
18
15
21
45
10
16
4
6
9
24
42
2
56
63
3
25
27
36
25
26
5
24
15
31
3
2
3
21
24
1
1
18
7
22
39
56
43
29
20
1
40
10
31
52
20
13
10
13
5
5
4
1
26
36
10
35
12
15
33
13
5
42
28
37
5
30
7
3
25
1
20
13
15
27
33
13
9
20
52
18
11
13
24
21
40
27
19
31
14
26
43
28
6
9
56
56
29
15
6
11
8
20
21
22
28
34
34
32
35
7
4
15
35
30
32
17
19
6
14
3
35
28
26
43
9
11
8
18
19
27
30
12
3
15
31
3
9
24
18
44
12
15
9
44
39
28
39
15
13
48
19
20
7
25
4
11
19
4
49
18
18
16
8
35
9
4
9
25
44
5
33
2
7
3
23
20
13
14
6
1
9
0
24
16
0
10
1
14
16
33
12
14
41
5
20
27
26
3
32
13
6
36
12
19
22
9
8
16
5
7
1
6
6
10
6
16
3
12
1
6
15
13
31
8
10
32
39
6
13
41
13
5
30
7
3
30
26
28
14
9
9
14
5
5
20
9
7
9
14
2
7
21
24
7
1
23
21
39
22
8
28
17
17
33
51
1
22
12
8
27
2
2
13
1
24
7
9
1
15
21
11
24
10
12
4
33
37
4
7
5
5
27
34
18
33
12
7
7
12
32
4
16
1
0
15
16
19
2
29
11
27
22
20
16
2
13
22
13
20
6
19
15
18
1
28
3
17
19
18
36
8
10
19
14
18
9
9
17
3
40
4
1
31
29
10
18
19
3
8
11
1
0
49
7
24
29
7
1
34
15
12
6
4
34
3
8
5
1
9
16
6
9
16
12
2
0
14
3
8
22
11
22
13
7
2
11
18
6
15
13
14
22
13
28
11
35
24
14
15
24
14
7
5
6
5
2
6
1
5
13
17
1
17
20
53
3
18
3
12
6
8
2
33
8
0
22
39
16
4
12
5
8
1
17
34
18
18
5
12
5
15
9
4
1
8
6
6
27
23
4
28
1
19
23
9
3
7
5
6
11
22
1
7
10
26
0
18
12
0
1
13
12
14
12
1
38
15
16
19
3
3
11
26
3
17
10
16
4
21
14
2
3
26
3
24
4
11
12
7
4
3
25
33
22
4
16
34
9
19
25
19
2
25
13
8
4
6
1
5
23
23
17
5
9
13
31
6
15
13
3
2
10
26
13
15
13
28
2
7
24
10
22
6
18
20
2
9
6
3
17
13
1
24
5
8
15
1
12
16
1
22
9
12
19
5
32
1
22
7
9
1
17
8
3
7
3
8
0
18
4
24
6
9
1
11
12
3
1
12
6
2
12
11
12
3
2
3
15
13
9
6
0
6
0
2
9
14
9
4
7
12
1
1
6
8
5
7
2
7
13
3
3
4
2
10
8
11
2
1
2
5
3
7
7
9
2
1
1
8
7
3
3
6
2
18
8
6
5
3
5
5
1
2
3
4
4
1
8
0
2
13
4
1
6
3
5
2
1
1
1
6
3
10
5
3
2
1
5
1
1
1
3
2
2
1
4
3
1
2
2
0
