32
17
102
20
3
11
5
54
4
1
43
17
34
1
48
13
6
9
34
65
16
16
7
42
62
1
37
17
11
12
26
28
140
5
5
58
19
3
95
30
35
20
33
56
2
31
64
16
9
44
25
1
26
101
10
12
2
11
24
46
93
1
43
16
25
6
29
3
57
97
18
44
45
25
100
32
50
77
20
2
55
64
6
96
7
50
6
52
76
16
45
71
23
23
88
12
6
8
61
9
70
22
44
9
42
6
62
48
23
18
61
3
41
0
74
34
16
41
31
2
28
18
43
38
32
43
24
30
82
20
61
1
7
37
28
84
25
12
31
106
58
6
8
155
8
23
9
29
21
21
39
17
58
60
3
22
101
70
17
39
68
25
19
19
40
93
111
36
48
12
70
81
53
60
37
101
16
3
6
40
24
6
31
63
37
80
48
9
53
11
30
86
64
127
46
24
1
31
80
59
18
11
35
5
40
38
55
84
2
80
37
51
10
112
109
35
138
63
22
83
65
38
56
58
28
74
11
13
53
29
64
76
2
15
4
96
19
36
26
13
24
145
13
77
100
103
65
115
23
4
32
2
100
21
74
61
65
35
32
24
97
10
67
34
17
42
40
68
83
33
3
37
111
41
35
16
71
147
80
13
7
8
43
23
21
1
79
16
3
69
10
3
43
71
40
71
12
4
6
6
15
70
33
71
7
37
30
32
146
40
1
44
119
78
56
13
11
2
103
22
50
112
34
52
22
15
40
32
86
11
34
19
8
20
47
107
24
65
72
4
7
5
80
5
15
28
48
31
58
69
24
60
51
111
13
83
24
6
5
29
81
21
28
51
27
14
5
1
21
10
134
25
33
2
81
30
27
9
12
42
8
7
114
98
33
7
4
57
55
63
31
8
86
69
32
6
69
38
14
22
8
18
29
30
47
8
64
8
19
23
3
79
44
15
96
6
42
5
94
75
51
72
44
7
95
28
27
100
43
72
15
109
31
111
4
26
9
30
33
63
65
41
81
4
55
25
42
10
8
41
35
87
21
41
23
30
28
77
10
94
3
50
81
31
15
117
6
21
27
37
62
76
8
2
51
82
29
16
13
21
42
94
1
23
111
26
37
11
12
36
1
55
5
31
65
85
60
66
101
95
3
88
55
1
76
13
56
58
62
57
70
43
44
72
28
82
21
82
14
16
30
52
21
16
32
71
108
45
8
32
61
35
18
14
29
36
23
103
7
24
15
52
34
48
46
19
13
32
22
59
41
77
10
16
90
99
40
46
63
19
32
31
43
119
59
68
37
46
20
52
99
7
19
5
38
30
16
1
55
5
6
20
66
70
26
29
64
159
41
43
1
156
91
45
42
43
29
29
4
21
25
36
51
19
52
13
110
6
89
68
67
11
38
14
47
66
3
13
27
21
68
82
37
61
63
8
22
48
70
5
53
49
24
82
23
25
43
28
38
14
68
2
60
24
17
39
54
25
61
72
10
68
41
13
50
8
64
14
26
47
9
22
44
31
22
17
11
11
27
41
24
32
55
5
104
68
49
35
13
61
28
32
101
28
40
1
37
68
40
35
46
94
34
35
59
50
39
47
35
32
29
39
13
34
13
41
83
15
92
44
1
31
81
70
41
20
95
33
42
33
30
49
108
27
78
55
16
76
29
44
74
10
31
23
42
17
84
4
56
124
1
28
4
57
36
84
54
28
31
76
10
50
31
25
2
7
36
97
74
10
23
13
8
82
64
22
49
82
157
95
4
20
34
96
54
11
15
72
64
47
0
8
63
53
2
23
53
47
81
158
37
26
39
34
112
11
51
39
41
31
26
17
2
11
6
24
31
29
13
12
38
21
10
52
65
38
28
21
36
80
36
54
24
30
15
19
29
30
10
14
11
7
19
40
14
30
80
15
37
10
36
70
58
62
32
29
29
60
54
34
43
22
8
13
42
14
65
58
4
0
8
5
12
129
20
17
62
32
25
72
12
7
8
64
6
64
26
44
72
12
10
36
27
20
8
110
17
35
11
18
1
17
62
51
48
41
23
74
26
24
53
50
5
12
110
7
21
61
29
34
8
107
20
25
13
37
35
6
65
36
59
1
8
82
12
15
32
41
42
1
26
70
37
62
43
38
12
52
60
15
114
66
4
25
50
95
12
35
23
39
52
39
29
74
31
122
16
40
1
120
77
5
12
28
77
34
17
80
41
80
26
51
58
22
56
29
63
44
14
7
4
35
5
34
16
95
11
16
65
102
6
31
75
4
35
2
61
26
53
7
35
14
76
25
45
63
43
12
28
40
22
14
20
132
13
1
55
9
45
61
97
23
45
32
95
23
35
71
66
56
52
29
56
10
40
2
24
70
4
26
24
31
40
44
45
57
12
106
10
21
4
31
41
54
18
44
32
24
34
7
68
30
12
71
22
114
12
44
7
28
47
32
22
26
39
49
29
0
39
59
18
71
24
24
38
45
10
1
36
60
31
20
43
2
38
22
22
95
29
63
14
15
2
15
53
50
40
14
18
23
13
15
54
40
128
5
31
43
21
15
45
10
19
58
12
36
105
26
16
6
21
23
60
88
40
9
55
53
85
33
3
31
73
35
1
32
48
59
6
53
66
32
27
61
12
88
5
43
29
25
57
39
21
47
2
75
7
4
89
1
55
13
17
3
17
46
56
50
15
6
70
48
99
16
41
9
15
58
97
62
72
15
52
78
40
31
32
71
7
2
55
12
3
23
23
28
18
0
30
53
19
53
64
25
25
65
8
85
12
0
151
31
36
45
41
43
6
38
44
26
19
23
13
28
65
17
8
7
34
49
46
6
118
45
8
1
43
35
45
53
32
115
21
5
32
11
11
98
29
35
39
5
62
66
6
6
6
33
83
46
17
62
25
10
97
2
25
51
18
51
105
10
7
32
36
19
21
6
41
13
49
7
58
52
22
94
64
43
18
12
63
72
44
15
21
15
21
22
27
87
27
2
39
18
45
26
65
81
15
13
10
16
97
23
5
20
0
19
50
33
18
22
18
59
31
17
26
3
87
32
16
8
30
1
27
2
97
65
51
16
9
156
9
61
50
8
20
35
42
32
8
100
40
58
65
11
28
0
7
12
0
9
49
58
10
73
55
43
9
14
42
26
103
52
33
54
26
18
20
20
40
93
57
114
52
6
26
44
19
16
32
16
70
11
35
9
32
49
56
33
9
25
65
104
4
31
54
31
7
7
40
26
48
39
47
20
20
45
70
35
40
9
52
35
28
1
64
40
74
68
26
13
15
37
21
57
7
24
68
100
22
18
7
25
47
0
38
33
21
14
50
9
79
30
39
87
68
6
17
36
29
17
18
26
71
1
13
62
42
50
55
2
61
11
68
29
47
37
31
15
4
44
76
51
68
43
60
39
50
86
33
58
10
22
13
8
3
30
79
40
93
0
16
11
8
71
15
30
37
76
35
6
65
23
18
102
25
0
30
41
0
3
56
74
20
17
26
38
62
50
65
20
16
48
52
32
20
68
8
47
9
9
22
17
46
14
77
60
49
10
13
79
85
51
61
16
52
11
16
8
9
19
4
16
30
41
34
11
15
16
43
49
3
25
34
41
4
32
42
46
39
30
48
10
41
12
5
9
75
3
5
31
97
35
12
37
54
43
73
0
0
32
16
24
58
69
63
44
18
74
11
54
42
12
13
39
15
46
39
18
8
3
16
48
22
70
9
18
11
24
43
42
16
62
2
76
43
10
13
4
6
1
19
13
10
61
10
56
60
3
56
48
38
13
93
45
46
18
30
28
98
38
21
14
38
21
19
3
7
59
16
7
30
12
19
21
5
13
52
63
33
52
12
39
34
2
20
14
29
29
70
36
24
26
47
29
38
52
16
50
26
74
18
29
39
53
33
14
46
2
30
97
50
106
11
39
20
94
46
10
28
24
7
20
27
34
13
33
28
82
27
2
44
35
18
16
13
13
23
5
54
31
34
31
10
24
62
30
56
42
56
13
5
27
14
11
12
4
2
42
23
2
2
24
72
30
7
24
24
129
5
89
67
20
28
3
39
56
56
34
61
76
58
2
23
33
82
15
9
75
20
8
2
33
8
21
22
26
30
11
14
19
50
19
80
27
52
36
27
20
28
56
27
46
29
18
11
7
87
7
27
41
21
18
11
12
4
19
39
34
57
28
43
41
32
5
74
12
21
55
64
14
26
45
2
45
36
25
53
29
54
20
27
0
23
4
22
63
49
44
45
59
18
56
21
32
10
16
11
11
6
24
63
4
29
25
32
62
31
18
64
42
23
23
29
24
83
51
67
98
3
43
56
31
20
16
59
79
8
45
27
11
0
29
20
17
60
15
20
6
25
24
31
27
16
50
66
42
33
23
11
28
52
2
3
9
21
16
29
25
4
15
3
27
16
13
8
46
56
12
62
24
26
14
11
4
69
7
17
9
17
8
24
11
53
24
40
55
5
33
61
14
17
74
61
29
63
7
42
15
4
34
27
55
54
14
31
63
58
23
31
17
18
59
32
30
24
5
16
41
32
11
11
9
74
22
1
59
27
32
63
13
11
2
9
9
69
12
8
84
1
21
26
30
3
17
7
22
40
30
5
36
15
70
25
11
2
9
70
51
11
38
1
59
64
10
2
65
33
19
13
36
6
51
39
22
13
39
4
11
50
16
39
75
11
52
31
8
5
65
22
25
22
20
58
14
41
90
20
34
43
41
12
14
52
9
5
12
59
7
16
31
78
39
32
6
19
18
41
9
16
65
4
7
18
44
8
36
43
21
48
47
17
39
40
104
52
45
39
18
41
27
11
16
41
16
46
38
72
30
12
15
38
29
25
28
6
18
18
72
1
7
38
32
12
12
41
6
64
16
60
0
20
8
26
28
34
26
31
24
24
18
41
23
41
1
16
65
4
52
45
2
5
73
50
11
16
5
60
35
46
22
29
54
17
80
26
43
33
2
60
18
4
14
23
11
22
2
26
39
6
39
104
17
4
20
6
6
7
16
13
60
7
16
12
24
47
41
20
32
15
42
0
38
29
37
54
31
66
28
34
35
14
36
53
18
16
8
17
18
24
14
53
30
66
64
3
50
28
24
20
8
16
25
2
28
5
11
25
13
19
6
55
15
33
15
19
8
26
65
6
8
38
4
37
10
64
3
11
20
28
33
0
30
40
5
29
9
19
8
21
67
15
24
2
24
7
37
4
6
16
17
30
16
32
8
11
37
54
15
64
37
13
30
10
17
29
1
15
20
57
63
12
34
22
4
33
86
18
29
34
8
1
43
37
16
0
49
23
53
20
0
30
18
7
18
46
13
10
14
53
21
39
34
5
3
3
30
30
68
10
39
70
6
8
11
42
11
7
48
12
3
19
16
10
8
18
76
10
6
41
36
38
29
37
22
24
8
21
27
9
7
3
23
56
9
6
42
33
57
74
23
3
15
14
9
34
36
54
29
4
38
15
8
70
38
6
46
38
0
11
20
13
30
8
16
16
12
62
2
21
59
32
47
66
6
40
12
27
16
1
30
35
5
8
40
18
32
16
3
13
17
8
7
21
10
76
4
32
39
26
7
18
28
30
2
10
9
13
12
17
2
2
9
15
4
27
7
26
32
27
9
34
26
1
33
56
26
22
23
1
4
22
5
21
35
7
27
16
2
41
26
10
35
26
15
50
72
13
29
5
75
31
7
30
34
21
24
13
6
12
37
33
15
25
9
2
16
2
1
24
35
47
13
15
4
34
30
15
22
39
12
30
16
27
15
31
9
21
2
12
29
13
10
55
4
23
5
17
15
29
21
17
13
22
28
18
32
17
4
17
37
37
53
22
5
30
1
12
10
3
3
46
39
4
28
4
6
8
8
21
13
23
2
7
24
28
1
9
5
10
9
49
8
67
13
34
15
44
24
8
30
47
6
37
22
11
5
5
6
7
7
22
6
11
1
22
7
11
19
17
7
23
3
14
26
33
17
22
13
6
32
35
12
16
20
25
3
9
7
22
15
10
4
16
20
38
25
9
14
18
18
26
36
1
19
2
67
16
13
1
58
32
15
9
22
2
19
18
23
35
8
6
20
13
8
31
5
20
3
32
2
16
36
14
10
17
29
3
10
0
10
21
29
16
32
15
17
2
18
8
14
0
8
16
31
2
14
23
36
18
17
0
8
17
5
12
13
22
33
21
44
24
54
18
6
34
3
15
6
5
28
8
4
20
4
27
19
30
2
14
24
6
10
0
14
17
6
6
24
30
13
27
18
20
34
45
1
3
21
6
4
23
16
18
5
15
41
23
16
22
40
29
12
18
12
26
28
10
7
23
19
8
25
34
18
5
14
7
4
58
22
20
9
22
17
4
1
1
7
6
20
26
6
21
15
12
24
33
13
11
2
7
19
35
4
12
0
2
4
13
1
3
5
10
15
6
20
21
3
8
6
7
19
1
11
0
13
6
20
9
5
10
13
21
27
19
4
7
16
21
18
2
10
37
10
14
23
16
3
19
10
22
7
18
17
8
10
15
8
12
31
7
16
10
12
0
11
5
6
28
21
15
30
17
1
8
14
5
20
14
3
8
22
25
14
20
6
5
22
36
5
10
21
6
6
26
32
10
3
32
0
16
5
24
8
6
0
23
14
6
53
9
17
13
11
16
7
2
28
5
4
3
12
9
11
2
11
16
24
7
0
25
29
21
33
7
9
7
2
1
8
23
8
17
15
20
5
19
21
9
8
18
5
6
3
23
7
19
17
6
8
1
17
24
22
28
5
7
16
20
6
18
9
5
8
25
3
3
23
4
33
6
28
18
12
18
9
17
15
5
21
9
13
5
9
14
1
9
8
5
2
8
8
3
8
8
14
16
1
1
15
15
19
2
1
13
17
3
17
4
1
8
6
9
7
7
5
5
16
7
4
8
8
0
7
5
9
6
0
5
12
5
2
16
5
2
12
8
3
12
4
3
7
1
9
3
0
24
4
6
18
16
2
13
7
23
2
1
10
3
13
4
8
11
0
5
9
13
3
14
19
6
4
10
8
16
4
4
5
7
7
12
2
1
4
9
4
19
3
0
8
1
5
14
3
2
14
12
3
3
0
5
1
4
5
1
1
9
5
3
3
8
4
2
1
0
2
0
0
4
10
4
1
4
5
5
2
5
2
2
4
7
2
1
1
1
3
0
0
