23
27
44
106
29
74
75
66
7
11
7
16
12
5
16
11
5
36
5
10
34
15
4
53
152
20
24
41
23
20
113
28
32
72
30
78
29
48
17
33
36
85
17
57
22
31
17
13
13
110
47
106
28
49
35
19
2
55
7
36
21
29
18
88
20
36
76
26
50
38
95
69
9
38
48
59
11
55
41
153
6
30
22
35
14
75
1
2
57
28
58
25
50
45
19
26
27
75
38
30
26
54
46
69
4
1
42
16
31
76
33
30
60
112
21
47
28
78
7
82
77
29
28
66
41
21
27
11
18
15
58
19
92
37
21
73
33
2
60
19
128
86
104
15
85
63
31
49
26
21
53
84
38
33
25
55
46
34
83
46
33
75
52
36
14
10
67
43
16
9
133
11
20
31
5
14
25
4
48
33
37
52
72
49
113
98
32
37
49
27
29
1
38
51
27
45
30
119
35
14
64
22
38
4
23
1
99
16
40
48
80
74
16
5
83
4
83
1
32
39
6
14
48
63
56
42
42
68
60
32
38
68
1
52
37
11
49
8
67
83
93
20
20
63
97
26
69
38
18
72
82
1
23
39
58
2
58
87
21
4
40
32
29
39
62
26
66
74
6
60
32
42
84
26
1
23
42
8
6
2
21
6
35
17
35
84
43
66
37
8
12
31
17
19
124
11
93
148
43
71
106
73
70
36
3
129
40
41
74
61
10
14
97
88
25
33
39
34
5
33
16
16
20
4
88
10
30
16
31
56
19
32
20
1
51
38
99
84
30
37
31
43
86
55
50
76
40
43
65
107
34
109
6
25
39
17
62
39
47
18
111
4
13
53
63
28
110
2
46
38
46
21
27
108
12
17
16
38
24
16
140
92
9
26
23
109
20
79
24
90
27
40
16
61
17
8
66
3
5
33
60
21
34
43
68
72
33
14
16
2
31
74
26
46
17
11
41
38
9
26
96
2
15
19
79
46
43
46
29
7
0
13
12
139
30
27
62
41
5
61
36
31
148
42
51
45
63
35
46
72
20
12
127
92
97
6
13
32
1
77
37
32
37
59
2
17
14
101
14
65
51
6
67
126
1
13
2
50
9
91
13
95
9
22
88
44
88
47
30
5
62
10
67
10
5
11
44
70
51
88
4
57
44
7
53
24
15
7
55
16
24
82
5
82
88
38
30
63
3
3
79
36
49
51
16
2
43
19
35
1
66
5
72
5
79
67
43
18
69
89
23
127
11
21
52
34
4
33
16
75
88
18
3
69
52
118
45
51
11
15
44
12
66
20
9
65
0
61
9
64
6
63
64
61
61
40
18
49
4
10
121
62
37
9
43
25
25
1
37
48
75
67
23
21
22
12
49
19
8
75
52
53
37
73
3
8
4
9
40
16
73
6
42
13
30
67
62
32
19
44
22
16
39
33
27
36
84
26
5
67
38
17
15
6
38
78
1
71
2
47
19
29
24
28
33
20
17
16
42
14
1
48
43
67
98
70
29
39
90
81
37
28
34
8
5
62
26
83
4
17
14
17
62
58
65
57
0
0
46
59
46
37
24
10
103
71
36
27
39
98
10
13
22
21
58
114
13
92
4
1
9
26
15
53
77
11
1
8
46
30
53
10
45
33
11
42
8
55
15
5
40
8
84
30
18
39
47
86
15
7
19
104
66
30
27
12
18
33
17
29
18
24
14
30
82
21
53
50
23
65
104
28
15
17
3
52
37
27
89
17
71
12
56
13
19
53
61
72
40
22
89
34
58
20
87
8
79
8
68
80
39
19
0
67
12
57
54
55
23
4
32
47
83
3
52
81
54
37
19
4
9
12
13
31
63
72
60
69
73
59
10
102
92
8
34
56
43
27
41
15
26
15
67
22
32
37
2
54
23
2
1
20
28
16
37
25
22
28
16
130
32
39
31
15
19
33
26
73
19
1
72
93
7
34
12
14
65
14
83
78
45
23
0
0
65
14
37
12
31
85
84
10
24
3
14
27
44
23
74
77
48
2
9
34
0
38
25
12
19
4
9
1
69
5
37
11
42
44
36
25
20
24
107
23
4
89
50
32
59
1
119
14
51
63
2
63
43
68
75
67
48
5
36
95
36
22
83
12
84
12
23
4
16
55
33
63
156
15
66
75
50
48
56
9
5
3
18
16
30
64
42
3
37
71
84
122
19
48
30
65
3
25
31
20
50
1
49
17
41
62
52
76
39
34
58
24
36
15
55
2
76
56
28
28
64
20
96
0
43
16
16
72
60
52
10
52
15
88
104
27
55
7
72
3
16
81
60
32
38
5
24
29
15
69
26
35
55
23
27
40
2
22
20
7
19
59
35
56
5
27
29
156
55
67
38
21
45
27
11
39
45
38
23
7
18
38
5
39
54
4
20
35
5
20
24
78
77
13
33
7
90
62
43
35
11
11
49
7
18
72
16
9
7
40
12
4
53
10
21
43
63
21
61
23
23
54
30
19
11
54
45
25
61
63
5
56
5
33
72
3
6
83
34
52
43
94
46
70
30
59
56
13
59
43
51
110
37
32
1
23
42
76
18
13
21
13
28
48
95
32
5
41
33
30
76
106
25
20
18
20
13
110
47
35
17
55
55
22
4
14
77
56
33
60
19
27
57
7
70
90
0
29
36
27
27
54
23
36
19
97
54
21
50
18
28
35
67
64
31
51
13
67
65
50
26
53
5
1
13
71
39
4
25
14
15
22
37
14
77
51
34
23
93
69
16
64
38
62
5
21
48
112
18
67
5
13
43
41
22
55
12
9
13
58
6
88
15
4
75
33
56
27
17
35
32
47
22
5
8
59
73
1
49
10
2
9
17
2
42
12
47
79
34
3
28
45
45
36
9
94
106
22
14
7
79
8
32
38
28
30
15
55
36
23
69
1
42
68
16
38
10
14
24
44
49
0
25
4
14
63
33
60
28
65
20
46
25
20
10
24
25
19
96
5
25
7
38
42
23
10
10
48
52
4
16
23
55
70
32
17
42
26
35
16
45
73
8
43
7
11
14
37
44
5
40
25
20
28
25
35
68
48
30
6
8
28
57
1
30
27
26
71
1
27
68
13
6
14
37
12
47
48
55
52
49
10
14
15
20
49
33
15
6
4
17
62
15
62
9
35
49
36
11
2
26
31
54
27
36
10
64
44
4
26
7
12
60
13
2
53
63
7
7
80
8
1
19
49
22
45
35
73
55
10
70
8
22
14
26
42
6
29
8
19
15
7
22
6
6
16
28
33
12
22
65
18
4
70
22
50
6
5
35
47
29
26
59
69
21
9
41
23
50
56
13
24
57
16
35
36
5
36
57
59
94
36
14
47
6
25
6
86
67
45
50
3
16
9
60
2
31
32
49
21
37
15
39
53
15
32
24
48
27
103
42
14
4
42
9
42
28
16
31
17
40
54
35
4
26
36
2
6
9
38
50
32
89
37
30
34
58
79
70
64
72
38
31
17
36
15
34
18
12
3
12
30
7
79
14
145
11
43
41
36
2
30
31
4
41
1
5
27
19
34
2
47
48
3
35
9
12
3
12
42
33
38
24
0
9
32
32
24
85
12
24
20
10
17
35
28
35
25
2
49
55
12
41
13
62
12
58
28
1
28
71
14
35
27
120
21
93
13
96
30
50
12
28
11
4
1
10
71
42
10
44
91
11
14
100
12
36
11
42
26
42
47
44
88
13
69
54
19
53
98
9
59
31
11
28
3
14
11
5
18
44
46
8
78
86
4
41
16
30
26
88
44
33
4
44
17
73
10
41
35
17
7
71
2
7
22
32
16
71
21
30
7
30
9
19
30
6
23
17
36
28
11
9
9
47
16
53
55
15
42
14
3
6
30
69
17
43
10
1
4
4
4
79
16
16
5
48
38
15
0
3
7
18
39
2
9
80
38
10
8
58
93
13
48
19
15
31
38
25
28
16
20
16
47
4
27
24
10
13
13
84
23
0
26
62
86
9
89
97
30
37
23
4
12
26
21
35
44
28
35
15
39
29
9
18
50
47
1
32
34
51
6
44
24
16
9
13
18
98
3
11
9
45
28
40
21
115
51
11
1
10
38
7
4
53
34
26
21
48
7
17
25
6
116
41
51
1
5
36
42
12
15
46
15
18
8
22
3
14
58
26
32
21
2
7
54
15
20
23
40
37
99
7
15
8
25
17
25
5
11
97
32
29
14
62
86
38
33
75
17
86
40
12
32
44
33
62
20
24
8
2
36
32
24
70
13
22
33
19
7
41
45
11
58
15
19
22
53
11
26
45
20
51
21
3
7
13
7
15
25
3
36
2
23
6
13
37
32
30
47
2
43
39
1
12
28
48
38
39
35
61
9
27
27
14
14
8
88
19
47
18
8
8
16
51
13
3
31
13
1
47
33
69
29
26
0
20
22
4
64
45
63
52
20
8
90
26
56
26
32
49
26
5
43
29
67
55
19
19
1
21
6
13
42
21
39
34
35
3
29
2
62
11
13
1
8
6
15
25
17
85
13
17
43
14
16
8
36
38
15
29
64
17
6
18
44
55
44
56
50
8
1
13
19
47
14
24
35
13
30
65
12
26
18
66
2
50
46
16
38
50
3
34
54
47
35
22
30
39
15
20
36
15
37
41
1
30
18
28
26
20
11
62
49
9
63
18
10
3
21
31
43
20
39
77
37
66
40
29
3
9
36
5
25
57
4
23
26
9
5
65
26
4
13
41
21
64
11
9
14
26
54
36
67
14
35
46
5
30
9
24
2
41
15
24
39
14
31
32
31
15
22
36
10
53
62
13
40
43
27
1
35
3
52
82
42
8
10
53
5
22
26
74
11
31
6
6
62
26
30
26
52
29
22
50
45
14
12
46
48
14
25
48
60
5
4
29
4
16
4
23
14
36
30
2
15
4
4
8
58
12
52
62
23
10
46
61
11
27
20
6
11
15
61
40
30
13
29
20
52
51
37
61
6
9
14
8
21
13
8
8
12
24
28
22
26
11
44
44
49
33
38
43
4
24
22
64
5
33
9
16
8
20
17
23
10
26
17
18
1
11
14
60
3
30
8
34
46
6
54
11
8
61
16
44
19
32
27
9
19
59
25
2
25
7
0
14
38
19
6
56
40
21
2
10
0
5
29
22
35
7
35
13
21
12
2
86
29
6
57
27
13
13
25
22
20
12
21
9
2
30
8
67
33
21
7
29
41
9
22
42
29
3
28
46
9
48
79
16
23
17
20
13
32
4
4
7
58
23
2
20
27
0
66
20
43
14
2
32
31
2
7
5
4
32
11
1
1
22
28
43
50
32
9
12
22
62
33
21
38
1
6
5
35
36
22
2
52
25
4
26
23
32
33
28
6
17
18
25
1
6
27
47
32
19
14
11
1
6
2
12
25
43
26
71
7
16
82
33
49
70
13
6
11
14
12
38
80
5
46
35
28
28
2
13
42
7
31
37
33
34
22
48
40
32
10
39
1
3
5
0
11
27
9
15
2
4
4
62
19
21
24
4
22
33
47
21
11
24
21
1
18
51
33
20
66
3
47
2
12
53
35
9
1
17
15
1
1
45
14
30
19
8
0
52
31
30
34
21
14
5
15
7
4
45
16
3
1
4
5
43
12
25
54
3
31
24
15
3
10
20
4
13
13
2
31
17
47
23
28
32
17
30
37
17
41
6
11
27
12
37
18
33
19
5
0
42
19
9
13
4
29
19
9
12
21
33
68
22
21
3
11
21
6
23
11
8
2
11
4
10
38
53
20
27
39
16
44
31
5
15
9
12
4
17
30
0
26
8
30
18
73
10
14
28
11
5
48
0
14
13
17
38
35
52
27
4
26
40
27
10
17
25
26
3
11
11
18
21
44
4
21
5
8
35
1
4
2
38
35
30
20
24
16
0
41
5
13
21
7
6
19
11
40
4
41
10
7
53
6
7
22
0
41
6
3
11
34
3
6
25
51
16
46
27
18
22
27
7
0
2
10
12
60
4
44
6
3
2
13
6
2
26
50
26
14
12
30
0
11
29
2
37
22
2
9
19
12
1
6
13
23
0
20
16
8
31
59
26
13
4
7
4
2
19
6
20
12
17
51
6
9
50
8
19
1
64
4
1
22
32
3
42
17
49
39
42
8
13
36
27
0
22
11
14
8
2
2
31
11
4
3
5
35
13
3
17
32
17
3
1
5
10
29
17
33
2
33
5
10
5
30
10
0
19
20
36
14
15
37
4
24
13
5
5
15
5
31
15
15
39
15
2
5
14
24
14
21
10
23
14
66
10
4
30
28
39
2
9
54
16
14
10
18
27
55
44
32
11
27
0
38
11
18
29
12
3
16
12
28
16
6
6
2
38
7
32
13
14
24
8
15
2
4
8
3
23
24
27
28
38
14
33
24
3
1
0
9
31
1
13
31
18
2
8
21
23
18
13
12
8
5
11
18
15
30
6
1
1
10
2
22
8
10
17
2
12
14
10
12
7
39
7
9
6
0
13
1
20
16
14
16
17
5
31
19
42
15
23
19
15
26
8
26
1
25
17
7
20
2
13
27
6
39
18
2
16
35
18
9
11
20
4
15
5
7
2
16
14
13
28
19
9
13
1
1
10
23
23
31
11
23
20
10
22
12
1
8
0
15
19
4
17
10
14
24
2
8
17
42
4
12
25
5
23
8
1
32
24
14
2
12
16
21
17
18
5
20
2
6
21
13
20
1
33
38
21
3
16
15
19
27
16
9
29
6
10
6
20
22
0
4
23
31
20
9
15
29
16
14
12
6
1
9
5
1
17
8
12
6
10
4
7
15
2
11
14
1
13
19
9
11
12
27
7
11
5
21
28
19
8
4
4
12
4
18
11
2
3
6
10
22
24
1
4
6
9
6
11
6
6
5
21
4
7
1
1
21
12
9
8
8
2
5
14
19
5
12
2
13
8
3
16
2
9
11
15
10
5
2
12
9
9
23
5
9
3
0
15
4
8
11
1
20
4
0
0
17
12
5
0
4
2
22
3
8
0
2
8
10
1
10
5
2
31
3
3
3
6
13
12
4
10
11
4
1
4
2
10
11
5
2
4
18
1
8
16
0
10
14
1
0
11
1
0
22
10
17
3
3
8
8
3
1
7
0
2
7
3
0
7
2
2
6
4
1
6
1
2
4
8
2
2
4
2
2
3
6
2
4
9
1
1
5
5
1
0
2
3
2
2
1
0
0
0
0
