1
5
43
8
0
2
9
2
26
72
65
33
18
5
6
5
21
1
10
30
27
31
70
43
5
1
3
14
10
26
6
30
84
17
7
33
7
11
26
38
54
1
9
18
32
29
7
9
3
80
37
19
43
26
54
9
25
1
55
46
11
35
20
9
4
8
53
18
5
112
97
57
24
11
47
57
76
63
10
23
59
59
9
14
22
61
67
1
24
44
65
19
22
37
1
22
37
12
36
45
88
18
55
31
87
52
14
10
26
9
10
4
12
24
12
83
36
67
40
39
77
56
13
18
56
40
28
29
23
94
8
3
59
66
45
36
6
68
23
114
26
27
6
44
62
55
23
2
14
33
71
15
9
3
31
15
116
50
44
55
59
20
28
32
12
5
29
25
5
39
52
41
21
46
32
28
20
7
26
15
8
32
114
31
17
61
9
38
14
64
79
69
7
80
99
21
42
18
59
90
47
72
42
139
40
19
85
52
21
53
7
21
109
38
35
182
24
8
21
11
6
6
11
27
57
47
98
4
9
40
41
3
53
8
61
16
12
100
34
29
66
124
31
15
12
41
3
14
89
67
9
48
17
116
12
37
71
31
29
6
53
46
2
50
44
83
15
38
0
96
31
36
99
10
108
47
40
39
11
25
32
53
3
71
148
28
102
11
22
13
90
26
34
21
80
9
51
81
30
46
141
9
82
48
34
31
5
39
125
142
9
22
32
27
36
20
13
113
135
16
23
2
62
24
68
17
103
35
13
33
37
48
41
3
40
14
36
16
61
55
68
74
23
31
5
40
56
65
56
19
23
43
18
2
25
97
4
13
106
126
13
37
53
82
38
56
41
10
9
36
68
39
102
32
57
101
37
21
103
21
25
50
4
36
87
18
93
67
19
12
4
122
20
31
77
0
20
16
59
20
39
9
53
3
44
67
42
71
35
47
7
24
38
24
25
58
45
37
100
23
8
15
58
51
39
14
23
20
14
42
55
81
36
67
13
18
94
74
0
1
25
112
65
75
37
20
104
36
59
70
24
73
5
43
43
34
78
15
49
36
88
62
22
73
64
30
90
9
106
78
31
37
54
90
81
19
35
40
12
33
25
7
91
13
17
6
45
68
24
34
13
25
62
73
40
13
52
65
6
38
127
42
27
0
11
120
32
61
79
40
83
7
90
27
34
81
5
60
17
71
41
6
86
45
14
39
10
71
52
59
31
9
18
46
74
33
84
68
64
24
96
6
33
29
30
58
35
15
8
8
41
53
0
33
21
11
94
79
35
33
70
15
20
20
87
4
98
34
40
49
82
25
38
21
9
73
62
26
72
21
94
8
43
61
22
46
110
42
47
41
42
16
47
26
24
95
125
5
1
51
79
30
53
74
18
108
3
37
84
46
85
71
17
36
17
28
122
48
58
6
42
36
15
47
37
22
22
16
15
1
15
7
32
116
75
43
51
11
111
19
98
32
112
5
100
44
13
15
13
53
8
39
93
11
103
52
92
63
63
32
76
73
13
51
47
118
52
32
8
46
86
25
12
90
95
61
7
10
15
19
3
70
1
21
63
4
75
30
7
8
107
25
5
77
88
81
56
56
31
34
78
59
106
58
33
12
47
21
37
65
54
54
6
10
32
60
43
97
50
89
101
65
21
63
90
8
73
73
65
4
43
13
8
87
6
7
51
5
25
17
51
60
28
8
37
59
66
53
22
77
84
10
36
26
8
4
68
1
40
30
14
10
19
13
9
7
47
38
68
64
63
91
23
42
16
85
58
51
39
2
12
24
35
97
8
55
40
8
78
9
33
5
5
40
49
80
79
58
75
22
24
69
9
27
67
20
21
41
56
50
1
56
101
5
102
41
24
1
3
62
31
44
38
21
74
21
19
5
27
42
46
5
26
39
3
83
27
1
3
27
38
36
24
43
41
51
39
48
26
82
13
33
24
67
33
57
89
149
51
9
47
20
43
16
79
67
23
48
43
24
4
149
54
20
71
27
34
19
62
40
11
52
8
22
88
18
34
6
40
88
17
22
7
51
50
26
32
17
29
36
90
88
21
13
25
51
49
46
26
66
34
19
17
27
81
47
76
53
10
55
115
32
63
27
31
13
58
30
1
80
56
19
11
10
12
18
15
57
11
51
78
35
38
36
43
9
32
66
0
21
68
14
53
64
60
33
32
33
19
69
3
39
29
44
37
7
147
9
68
20
29
7
6
54
49
4
49
17
72
13
43
13
15
29
28
22
8
24
3
14
62
6
4
10
45
36
22
114
5
3
11
20
72
5
67
6
37
24
28
62
26
69
2
20
18
135
29
25
59
7
10
17
1
13
30
12
28
43
29
51
6
21
28
16
28
21
7
90
80
47
76
8
16
8
56
13
57
6
66
59
61
4
7
49
6
12
47
41
11
15
41
71
60
54
112
10
8
42
10
14
58
1
34
11
23
26
13
21
44
3
119
60
16
37
47
41
19
67
3
44
2
4
7
37
69
19
41
60
60
38
5
34
43
24
36
9
129
14
135
32
34
13
31
23
74
51
86
36
42
34
30
106
16
23
51
7
14
6
14
107
15
14
58
14
128
53
61
104
87
37
36
53
48
64
103
56
100
28
23
26
89
17
70
70
33
74
18
92
34
30
5
22
21
32
12
13
43
8
4
89
29
72
6
24
6
2
22
70
38
36
9
25
53
31
9
15
23
19
19
79
5
85
52
11
48
44
24
58
43
13
11
17
67
41
36
63
13
56
72
23
43
32
19
31
34
31
6
3
41
22
4
16
5
62
11
64
80
5
93
48
52
5
41
19
86
31
42
1
8
34
31
2
46
29
35
11
44
19
72
30
43
72
31
31
7
53
29
105
106
10
26
13
34
30
2
12
2
0
80
10
67
14
71
41
20
36
15
69
30
72
78
3
23
43
32
12
39
37
35
6
20
44
97
55
55
95
3
52
77
33
4
96
27
73
27
22
11
70
57
64
40
51
5
9
31
28
25
40
62
4
19
13
60
24
35
25
16
5
66
11
16
50
34
37
27
8
60
4
46
37
12
12
90
31
79
59
16
40
60
46
6
57
19
3
33
65
37
19
18
22
47
7
38
23
55
21
72
61
23
36
4
7
32
88
40
23
27
12
95
31
3
13
18
47
78
6
62
3
40
1
19
19
19
49
4
40
43
28
41
29
7
16
20
24
77
32
37
8
16
10
2
48
5
45
12
52
21
21
81
24
46
36
58
0
57
5
20
87
8
93
22
71
35
54
25
81
40
12
8
17
48
23
47
1
9
53
24
0
34
15
9
112
84
37
41
46
55
42
99
31
70
27
63
50
40
39
44
18
37
5
25
62
32
70
26
21
28
68
51
41
12
5
22
12
9
1
77
10
33
68
4
12
20
4
2
20
39
10
55
39
67
37
49
22
23
76
48
49
87
59
32
46
10
78
4
9
50
66
13
47
51
2
1
55
35
1
4
16
13
8
53
19
48
10
43
26
8
32
55
1
16
33
79
2
35
12
57
13
20
35
22
80
6
14
11
42
14
54
11
1
2
34
7
21
15
9
16
3
23
28
35
30
96
12
66
1
18
37
46
44
50
54
65
8
77
17
24
15
36
50
17
25
53
32
23
40
4
19
66
9
2
33
86
29
40
36
70
7
15
67
22
18
31
51
25
35
17
115
41
10
7
10
32
6
42
23
32
22
39
69
22
20
60
14
86
28
70
51
70
11
31
31
55
43
33
29
4
26
36
40
5
29
53
7
42
15
123
11
44
33
87
8
25
50
11
104
48
59
48
62
34
14
76
26
43
13
70
24
40
62
31
12
49
7
25
70
41
24
16
46
21
25
36
17
28
42
15
51
11
12
44
97
11
17
5
27
41
11
23
27
9
17
33
21
4
3
19
42
11
49
20
15
52
30
65
39
65
47
22
34
16
10
78
30
9
5
20
38
24
104
11
8
12
14
9
40
73
13
3
66
23
13
7
95
29
16
32
21
5
15
18
47
10
19
40
32
50
13
28
54
28
25
21
46
8
15
56
19
23
16
13
58
29
17
25
20
39
48
3
28
2
19
54
102
25
18
7
43
4
18
35
19
10
4
88
2
26
21
19
21
37
19
58
39
33
14
40
7
24
37
23
30
36
39
2
12
29
44
9
35
15
29
62
5
35
92
17
14
24
6
12
7
42
20
43
48
50
62
35
77
12
6
16
3
33
65
69
34
100
19
6
88
28
58
25
31
51
7
62
77
5
67
1
47
56
34
39
22
11
15
18
36
53
24
40
6
51
36
44
9
88
42
7
33
28
41
14
4
31
14
13
2
84
27
12
7
42
42
33
14
33
50
24
34
33
44
17
48
51
5
13
10
6
17
44
86
54
6
47
98
16
45
41
28
24
10
2
7
33
56
44
35
70
43
52
41
20
5
56
21
0
9
50
47
3
54
20
58
47
26
9
64
5
20
56
21
13
13
6
101
30
7
54
21
2
48
57
46
38
81
1
33
9
44
26
3
40
31
14
87
19
30
40
55
2
50
28
4
6
41
8
38
61
26
2
22
8
20
5
42
20
18
31
21
16
32
21
20
6
17
24
43
33
16
25
4
9
5
3
29
16
9
34
28
14
12
3
60
19
51
52
37
9
25
31
28
6
54
93
11
31
26
54
3
23
40
16
15
38
4
1
33
9
30
37
63
25
18
0
23
30
8
17
8
77
2
39
46
37
12
36
5
29
16
15
18
41
1
29
38
55
37
109
31
19
8
2
91
24
19
30
45
0
16
22
32
63
23
13
15
25
30
1
3
19
13
18
41
22
8
11
11
24
40
4
17
13
26
28
18
1
40
27
21
21
17
7
7
34
23
23
48
33
58
18
21
53
17
11
57
12
31
38
75
11
2
47
27
36
10
53
60
29
30
14
36
20
12
29
1
58
19
5
3
22
27
51
35
6
30
3
4
49
47
23
44
13
62
10
9
23
83
13
33
6
35
15
18
32
28
52
24
7
11
7
33
19
27
34
11
5
34
44
47
18
8
50
11
8
21
12
15
50
53
2
49
62
50
30
10
32
15
22
11
4
21
12
57
15
30
50
23
15
41
39
16
39
17
20
30
47
35
9
26
65
51
16
63
37
11
38
17
15
41
3
6
12
55
17
59
53
0
35
42
6
5
10
36
36
34
5
48
74
6
11
10
25
0
53
26
21
10
46
43
28
34
20
21
14
27
17
4
23
4
49
44
37
8
26
79
0
46
12
4
72
42
28
6
2
13
56
13
41
31
32
12
21
24
28
20
5
38
22
31
39
17
15
34
30
9
1
1
3
12
53
23
0
14
27
22
14
11
7
7
30
23
18
76
23
47
29
74
4
6
32
6
31
4
31
5
26
66
22
18
47
25
4
81
25
12
10
2
20
46
4
37
46
29
5
6
5
1
9
28
12
34
17
71
27
13
10
1
2
3
24
38
1
22
68
3
10
5
35
26
4
26
6
14
7
5
26
6
3
84
16
5
25
15
10
28
11
33
27
5
7
37
39
20
4
55
42
13
10
20
18
31
12
41
49
14
19
24
43
8
25
2
6
1
19
22
14
6
15
26
2
46
4
31
26
25
25
10
13
37
3
60
24
19
25
24
23
3
34
19
4
2
1
22
30
19
3
0
44
23
54
12
6
36
12
18
6
2
10
26
55
14
14
23
23
6
24
15
39
14
11
2
35
44
24
15
17
61
57
18
34
24
16
5
35
37
0
17
32
21
2
1
67
17
37
5
10
18
3
15
23
21
18
33
31
38
17
6
11
27
21
52
16
19
10
16
14
2
43
2
26
12
4
15
6
0
3
15
17
26
3
34
18
7
49
22
6
17
15
23
11
3
39
35
16
52
33
13
30
13
21
36
4
24
14
40
47
15
25
20
4
5
13
8
29
8
24
12
12
2
33
21
37
23
29
42
3
7
3
38
14
8
22
25
7
38
21
13
55
43
10
5
16
25
5
35
54
45
4
35
33
24
20
33
23
20
8
12
39
19
6
8
11
7
9
9
57
29
16
13
5
37
17
13
16
1
18
16
18
7
18
7
15
15
36
25
7
2
32
8
27
5
15
13
14
22
6
12
5
23
53
15
11
9
5
46
18
11
30
5
5
12
18
26
12
44
10
46
23
27
28
15
15
5
36
11
25
40
7
36
13
13
3
6
17
10
48
36
25
6
55
4
1
29
3
30
0
5
8
9
2
13
18
48
19
1
9
25
9
25
49
21
13
27
45
13
2
1
4
19
7
25
3
3
12
36
21
46
22
13
9
21
3
4
4
29
29
38
6
0
16
10
23
34
16
24
35
13
33
10
2
21
10
20
0
4
0
19
6
12
2
18
4
36
6
6
8
26
1
12
7
7
19
26
39
45
16
6
11
6
13
22
24
4
35
37
39
3
20
8
3
1
7
1
1
7
14
27
15
10
64
0
47
12
32
12
27
4
20
11
14
1
6
13
28
35
3
35
10
19
13
17
17
8
6
10
28
4
14
3
14
6
12
7
24
12
9
25
7
3
19
1
11
15
37
3
11
4
30
20
0
24
6
6
0
10
13
3
19
7
5
16
28
14
23
3
23
27
1
8
16
0
30
10
6
19
15
22
8
24
7
9
30
1
2
10
7
13
14
3
11
27
1
15
5
28
5
7
7
8
28
10
19
12
6
1
13
2
5
3
14
23
25
7
29
39
2
7
3
8
6
12
26
3
18
8
8
30
6
3
5
12
16
29
6
17
11
7
7
21
20
12
7
7
14
7
21
16
11
20
22
2
13
3
3
2
20
1
10
17
14
13
7
2
23
21
7
6
28
24
4
0
1
9
3
21
8
20
2
8
11
8
15
13
9
6
5
28
7
6
2
1
14
8
25
1
21
1
3
31
10
3
20
17
12
3
12
5
9
9
25
1
9
4
15
2
8
10
7
11
14
6
16
9
14
3
5
22
9
6
9
0
7
12
12
6
3
5
12
3
18
3
5
7
5
2
5
6
8
1
8
18
1
6
6
21
2
5
9
2
5
23
0
7
7
5
14
4
3
10
12
7
9
5
6
0
5
6
12
9
4
7
5
10
8
13
7
2
14
3
0
0
5
19
10
6
8
2
2
8
5
2
1
9
6
9
1
10
8
1
5
2
5
5
4
1
10
5
8
8
9
12
3
6
4
2
4
1
7
4
1
7
0
5
7
2
0
3
1
2
5
1
2
1
1
0
