8
24
13
17
1
3
3
4
7
20
3
11
5
5
30
11
2
11
4
7
3
14
12
10
3
7
29
13
15
5
19
12
2
9
17
13
20
8
11
29
14
5
0
32
9
8
7
6
2
20
4
40
24
10
33
24
2
10
30
7
35
30
24
1
0
19
14
7
3
26
9
6
13
35
23
13
17
21
20
13
30
9
14
0
5
12
6
10
18
12
4
34
25
10
13
4
11
8
26
20
15
13
24
10
4
5
0
9
26
7
36
2
5
5
12
13
4
6
14
8
24
6
8
6
0
3
17
10
5
8
13
5
6
14
14
7
11
1
2
2
8
7
11
12
8
15
13
2
3
1
19
26
6
12
15
20
8
6
4
27
2
7
25
7
8
1
11
6
25
12
4
8
4
6
6
4
18
2
6
10
19
24
16
14
15
3
16
3
2
10
8
8
9
2
16
3
13
7
4
11
9
16
12
7
4
3
15
8
10
11
7
1
8
7
5
8
6
7
2
6
15
14
11
6
9
0
1
4
7
3
2
5
2
4
3
15
5
3
8
8
14
5
1
5
5
0
1
5
18
5
1
0
3
5
1
3
3
12
0
8
6
5
0
2
0
5
7
1
2
3
5
14
7
1
11
4
5
11
2
2
4
1
5
5
11
2
2
0
3
2
4
2
2
1
3
4
2
1
5
3
0
0
0
1
3
2
1
2
3
1
4
4
2
0
0
1
1
5
1
1
