17
12
16
6
26
43
34
46
23
7
88
4
5
44
6
30
7
13
1
30
90
49
1
7
2
119
23
3
53
14
61
46
4
30
20
4
47
68
36
6
5
18
70
23
39
111
9
41
19
18
37
10
66
61
24
78
9
51
22
32
48
23
11
9
4
55
28
31
62
37
1
10
16
36
8
103
70
77
105
10
42
48
18
33
84
23
85
8
42
22
36
54
15
51
43
30
3
24
123
65
56
43
33
49
92
51
54
82
7
41
84
26
50
27
15
23
4
49
43
50
5
20
20
50
61
109
88
45
117
22
6
26
9
38
66
38
36
24
44
50
40
66
27
24
4
14
131
31
28
11
54
38
72
97
99
51
48
54
40
83
11
57
77
6
52
57
35
77
13
27
67
37
76
22
71
40
17
140
55
12
53
12
24
74
59
32
38
70
56
13
30
50
1
63
39
28
17
6
35
7
46
4
7
5
29
17
25
183
93
81
20
11
13
52
33
31
124
53
47
66
77
15
89
44
94
17
1
58
95
42
91
26
40
7
15
41
50
129
42
92
63
31
7
14
15
33
114
123
68
12
23
25
78
15
24
1
24
39
84
16
1
20
16
41
9
63
95
24
18
63
1
36
99
34
10
1
24
93
172
16
33
30
32
5
32
2
106
28
33
18
44
63
29
123
39
13
7
53
42
10
17
36
137
91
99
20
117
5
48
43
96
52
45
23
56
74
85
66
59
25
39
59
43
1
22
18
22
22
54
45
80
44
16
18
12
75
18
13
7
18
68
8
74
0
48
47
26
41
10
98
18
58
60
0
34
47
57
62
6
14
25
20
47
59
65
22
31
5
21
5
14
30
23
3
45
64
12
14
75
37
49
51
70
44
2
8
89
117
27
53
29
7
25
49
66
60
6
105
53
80
15
46
92
7
34
78
35
2
82
40
40
45
43
23
138
33
16
37
10
5
18
12
120
56
36
122
58
9
24
89
40
75
11
69
80
46
8
14
92
2
59
17
12
58
14
11
67
61
8
111
40
53
1
22
57
116
27
46
28
50
27
79
29
99
99
20
106
29
43
64
63
29
28
67
29
12
98
59
6
44
40
24
37
16
11
19
8
26
67
30
27
17
46
18
34
24
34
29
77
78
96
75
38
4
19
24
29
17
99
21
2
15
32
73
112
3
82
1
16
50
33
11
95
2
11
126
37
53
35
22
89
66
22
72
12
73
46
1
11
62
25
46
1
24
12
63
2
10
131
72
52
59
95
32
35
92
8
52
45
45
70
39
86
15
140
48
2
73
76
12
77
2
2
12
7
37
4
95
16
5
37
50
17
49
111
39
83
40
91
189
58
171
87
77
12
7
14
4
13
102
18
86
25
35
2
60
59
47
26
82
13
11
19
40
29
1
21
59
68
80
15
8
31
45
6
82
35
54
28
10
18
10
40
43
22
48
60
21
7
19
52
67
64
84
8
4
71
73
69
33
84
36
90
38
15
1
29
76
54
76
24
44
47
90
2
13
34
17
23
27
30
38
4
6
89
11
13
15
53
56
46
4
13
19
43
25
53
11
1
61
54
34
17
9
35
101
28
30
52
89
49
52
17
9
14
68
68
33
4
58
28
61
24
14
54
42
23
64
17
15
17
31
72
43
78
11
21
34
50
47
19
28
48
19
29
66
23
27
49
66
43
25
5
75
13
41
16
8
51
13
7
14
81
25
8
77
101
1
57
54
6
8
96
55
43
5
58
43
39
22
22
22
12
12
46
50
3
31
19
64
26
35
44
113
79
117
63
46
16
47
32
51
3
48
51
25
19
46
108
61
5
2
80
39
14
30
32
36
37
7
37
81
80
56
69
119
23
8
22
5
104
33
74
25
5
48
94
11
46
19
23
19
1
58
17
12
3
10
78
7
23
22
57
6
40
32
96
10
45
109
15
51
36
104
28
16
67
36
55
99
13
116
18
64
12
35
55
48
7
42
0
6
39
76
35
3
31
37
83
10
46
19
21
7
10
9
20
104
38
54
10
63
45
37
53
70
71
84
50
11
32
26
5
72
0
59
69
26
3
102
33
11
33
1
92
75
24
50
20
93
25
47
67
95
1
4
48
32
70
42
27
3
45
20
40
14
23
7
46
13
22
3
23
35
8
27
41
10
20
14
49
15
88
80
14
36
97
109
42
40
10
11
32
80
41
65
8
7
10
6
38
5
96
87
57
36
3
5
122
27
29
58
51
98
15
12
21
34
49
49
5
3
38
52
12
30
50
18
12
75
72
34
121
8
30
54
27
15
62
3
29
35
57
33
34
46
28
54
27
33
0
17
37
31
33
2
99
71
1
40
28
63
51
15
46
55
19
13
14
38
70
52
39
19
13
49
55
38
8
32
57
24
46
47
57
14
37
59
45
27
9
84
20
52
18
47
52
39
10
29
51
37
19
26
19
63
27
11
26
20
58
45
13
23
3
11
103
14
17
63
12
5
47
3
51
81
29
6
6
24
54
4
68
102
40
24
43
6
32
18
102
32
14
48
10
19
17
35
9
76
81
7
106
39
64
36
43
55
19
52
0
112
23
81
94
86
43
108
6
44
4
48
24
32
68
23
40
68
9
4
34
49
6
10
8
17
34
40
40
39
91
1
74
22
16
35
15
60
31
29
3
13
23
23
89
45
101
52
66
44
9
33
32
33
40
6
67
5
33
58
3
41
44
33
5
43
32
7
56
55
65
27
0
75
18
41
28
2
52
2
18
68
45
51
57
8
21
0
51
34
46
2
47
19
36
44
1
73
69
63
12
72
71
61
46
28
28
43
5
79
47
57
50
4
8
68
7
43
64
62
40
17
27
34
18
24
32
54
23
32
54
6
130
98
22
5
40
7
14
11
21
74
32
23
6
48
26
50
15
4
69
38
52
3
7
86
7
59
34
49
28
45
13
70
38
54
83
2
80
31
52
40
55
23
17
8
33
41
6
16
20
27
37
47
15
26
40
39
10
57
11
20
15
28
10
9
48
6
11
13
15
54
77
15
49
31
77
46
59
58
73
27
22
65
10
36
13
8
68
22
83
18
42
21
34
3
23
48
63
52
20
9
37
35
14
41
11
13
16
70
4
41
28
34
12
14
16
37
4
48
67
28
47
66
9
30
34
44
5
1
79
124
26
20
47
14
24
32
21
54
5
5
83
64
84
2
15
18
16
68
74
84
99
16
13
39
66
72
16
39
9
80
15
66
57
35
44
28
20
14
4
21
4
8
3
48
42
16
18
72
43
25
26
39
31
79
11
40
11
23
5
34
50
87
31
13
17
57
62
53
40
0
11
17
1
40
13
2
28
24
33
20
8
75
84
95
38
19
32
93
87
17
60
90
43
35
14
42
58
14
78
22
2
41
62
16
14
40
24
63
1
39
102
53
16
49
0
10
3
60
9
40
22
78
38
17
62
14
12
24
52
32
25
18
38
81
33
19
2
20
52
16
28
0
10
19
27
40
19
111
80
36
81
5
7
16
56
26
10
42
4
27
48
3
57
9
64
29
44
31
18
4
37
13
41
43
7
4
14
1
37
20
26
59
19
53
9
59
64
56
37
29
18
3
39
68
92
51
19
5
55
20
49
36
70
9
5
2
28
38
6
22
27
16
12
33
12
14
34
43
17
48
62
16
62
20
42
21
79
32
31
12
12
39
69
11
1
39
6
11
14
58
89
46
37
43
2
20
30
18
59
95
59
56
43
22
15
35
5
19
59
54
28
28
51
40
35
3
2
47
2
53
15
29
25
20
19
21
88
56
20
39
17
38
5
47
43
56
17
87
44
6
22
29
14
42
10
22
40
8
2
4
25
35
82
4
20
18
78
94
19
30
1
5
6
19
4
99
18
27
74
29
13
30
11
42
2
54
11
15
22
39
66
39
37
53
28
27
18
80
49
33
80
18
5
42
4
25
14
73
14
21
2
45
24
98
41
12
3
26
17
31
17
57
24
20
63
38
71
74
29
18
9
18
29
28
19
3
3
25
16
7
64
24
2
9
19
31
12
26
51
13
50
3
12
16
41
72
52
20
49
37
7
10
2
5
46
26
35
1
7
25
40
6
47
52
71
71
70
35
27
45
21
100
41
59
14
123
7
45
140
15
74
15
69
67
37
7
41
1
18
11
33
19
32
54
14
12
7
17
15
0
21
27
7
58
35
1
9
31
3
25
18
39
11
44
11
54
0
42
17
26
72
50
10
12
62
34
3
52
10
24
12
58
5
51
41
6
66
58
16
46
15
21
55
17
11
20
2
20
4
6
70
9
0
17
4
46
16
7
13
3
37
55
32
37
45
1
30
48
46
5
12
8
8
21
59
79
59
55
22
48
46
8
10
1
24
72
2
11
38
28
36
38
9
6
62
94
50
14
7
60
38
64
24
36
0
33
52
40
40
60
17
24
7
28
20
8
25
5
1
21
34
9
32
57
48
8
13
33
77
11
18
8
8
27
9
19
83
14
57
36
3
34
99
16
23
7
37
2
75
13
47
12
20
32
28
52
79
5
60
9
38
13
17
60
31
37
41
46
15
42
84
54
33
63
4
30
6
0
24
32
4
7
13
21
23
17
55
32
34
4
46
45
20
63
54
4
4
9
17
56
10
5
43
2
49
21
59
20
43
16
37
28
19
19
11
46
52
41
6
40
0
50
22
18
11
25
40
19
2
58
43
92
54
42
35
2
88
22
96
25
19
47
12
60
17
7
7
81
44
35
28
37
8
19
44
15
14
5
19
60
32
44
13
8
40
8
32
11
35
29
56
40
24
64
6
46
21
13
29
2
37
34
15
4
17
49
26
6
42
26
46
8
39
15
18
52
52
7
4
5
27
46
19
18
1
14
50
23
8
24
94
37
3
22
48
30
9
19
28
68
20
32
7
3
22
63
11
32
15
5
2
21
50
16
5
31
68
31
22
12
30
26
20
71
10
10
4
24
15
27
32
31
67
12
18
23
41
41
15
17
1
32
50
1
20
36
3
38
13
8
5
14
16
8
4
61
38
16
5
5
30
20
17
9
73
38
21
46
2
8
60
17
9
40
9
23
6
29
4
3
26
43
11
3
9
5
3
22
30
26
38
10
20
49
0
36
18
29
19
13
16
19
33
49
5
27
1
23
6
14
0
37
36
53
17
54
12
34
27
8
35
19
1
20
5
50
18
22
22
7
22
29
39
34
51
17
10
4
27
8
5
21
28
47
20
21
55
17
33
9
55
14
52
10
23
14
36
58
20
4
16
64
8
41
3
29
14
4
10
30
39
33
11
17
2
5
8
24
44
6
51
1
8
25
10
16
12
3
36
7
82
30
3
42
11
75
8
72
11
10
51
2
25
3
7
24
6
21
15
13
31
31
55
1
51
13
57
13
12
1
0
20
9
24
8
28
56
30
24
9
60
24
15
16
34
20
45
6
28
5
59
38
59
8
5
21
62
7
57
46
5
11
2
25
19
14
46
78
63
66
33
42
4
12
20
31
53
37
54
43
47
3
6
25
13
49
11
17
19
15
44
17
1
15
47
26
10
31
28
57
10
38
46
48
15
20
11
5
65
11
21
1
11
9
33
8
21
2
6
13
29
19
45
6
42
18
10
28
32
29
17
13
37
8
21
2
16
7
61
19
4
69
55
70
2
18
4
32
28
22
27
1
74
17
12
1
8
19
9
18
11
53
45
8
36
3
9
29
7
9
1
11
17
20
3
30
35
3
18
22
10
8
2
11
1
43
47
23
13
21
6
29
7
40
27
17
45
0
35
10
35
13
50
11
23
3
25
48
13
55
15
26
14
27
17
14
1
26
15
23
4
4
9
51
0
22
6
28
10
19
22
25
9
11
2
5
32
47
51
35
18
12
1
23
41
22
27
9
6
39
12
6
18
53
29
21
16
6
1
61
14
36
1
6
8
2
5
8
3
19
26
14
54
24
42
12
2
9
18
19
1
47
12
12
24
34
6
11
25
4
51
9
18
58
8
6
4
33
34
17
10
38
3
4
11
31
0
25
9
10
1
29
21
12
37
10
12
43
15
5
43
47
11
1
22
10
53
16
7
50
47
23
18
40
11
6
1
1
6
25
28
21
33
2
12
3
3
29
20
8
40
0
20
18
12
12
30
8
3
24
7
8
1
49
37
5
29
10
10
10
7
37
10
15
15
19
24
11
2
15
6
0
35
6
16
54
6
1
8
9
17
2
45
23
28
8
19
9
7
12
25
17
22
4
20
5
14
32
20
0
3
26
11
8
4
1
8
20
7
25
7
11
21
32
22
28
24
9
34
3
10
9
2
2
24
4
32
15
13
6
27
31
0
6
1
7
38
18
18
5
5
39
11
13
35
12
0
23
27
15
20
36
9
4
1
11
47
23
20
5
0
0
29
8
5
20
8
0
21
6
11
21
7
3
34
31
8
40
9
32
3
3
31
7
9
11
31
5
0
31
5
33
15
39
10
7
15
15
2
14
11
22
8
1
32
4
3
34
13
10
23
25
14
9
4
12
8
24
3
9
15
34
14
26
5
1
19
4
9
6
0
11
18
51
6
27
19
8
22
4
28
1
3
23
17
22
4
11
25
24
2
0
33
37
8
17
19
9
14
20
13
13
28
5
1
11
13
24
8
0
7
0
23
22
9
5
11
11
14
22
13
19
12
27
2
14
5
28
18
7
15
13
12
21
2
39
2
14
6
10
10
18
21
18
9
3
5
22
7
11
8
9
3
6
9
11
27
2
8
16
5
5
10
5
6
14
29
15
6
6
3
9
9
8
11
3
14
13
0
25
10
5
11
5
0
28
13
2
4
3
9
4
2
13
6
2
18
12
0
12
11
1
1
13
13
8
29
16
3
1
2
7
9
10
1
11
12
10
4
1
4
14
6
2
3
11
30
13
9
23
15
3
6
2
24
15
4
5
19
0
3
11
9
2
7
8
12
12
4
13
6
4
2
12
25
9
8
7
9
20
1
7
15
6
11
16
4
4
3
15
10
0
6
10
13
0
0
11
0
7
3
25
9
16
10
9
19
1
3
9
1
1
10
11
4
10
16
14
1
6
5
0
5
8
17
3
3
1
8
4
5
9
6
13
5
19
5
6
12
6
10
7
7
1
12
6
0
5
9
10
3
4
4
16
6
10
2
5
0
4
4
0
6
3
11
14
14
1
1
1
1
4
1
2
9
3
0
2
4
3
2
4
2
3
4
2
5
3
3
0
1
3
0
1
1
2
0
0
