48
23
24
2
58
15
0
22
7
14
37
29
71
1
5
23
16
98
10
7
10
30
18
36
45
8
10
25
21
26
90
13
21
24
15
47
6
37
57
31
30
39
49
18
11
87
34
17
21
99
49
20
69
28
47
20
18
7
49
18
135
40
25
7
61
8
109
24
54
8
27
5
14
26
9
55
3
2
47
152
34
30
8
35
16
63
84
6
49
76
6
26
11
43
14
65
80
131
6
28
6
9
64
36
93
8
13
9
34
71
33
39
11
60
5
1
53
84
20
6
13
15
36
70
92
10
24
40
68
71
96
7
87
11
101
4
9
9
46
16
47
97
14
2
18
14
90
59
72
4
12
16
92
75
86
8
71
62
6
23
29
32
41
105
1
3
29
5
11
19
28
40
23
68
9
7
26
52
93
87
74
127
48
2
23
89
29
98
76
126
14
1
18
3
69
101
42
83
25
56
21
43
73
1
48
34
12
18
103
81
103
26
34
19
53
13
23
141
8
5
69
12
27
41
33
15
75
36
98
18
17
87
15
19
33
20
61
90
5
16
81
33
56
17
70
37
69
12
50
8
24
43
19
8
20
18
116
20
106
43
40
15
10
57
65
20
36
12
3
57
29
56
33
86
3
38
13
88
66
13
75
10
13
59
71
55
10
39
35
103
72
15
139
71
60
3
7
22
58
6
94
87
32
21
44
40
26
57
65
21
59
2
77
44
31
8
36
31
62
57
36
56
19
48
9
99
58
10
54
17
33
93
73
45
17
127
82
44
44
48
30
63
26
26
102
52
50
8
87
93
8
93
65
45
50
18
63
95
9
37
26
162
39
51
43
1
44
34
48
8
89
24
96
11
49
3
38
40
42
20
5
112
4
67
14
127
7
34
57
96
86
54
73
17
77
41
39
67
10
4
79
8
56
29
2
77
37
72
18
69
43
11
13
17
71
55
52
16
30
31
2
45
60
3
3
38
7
10
78
38
37
30
6
29
50
40
3
3
9
86
53
28
12
28
16
43
67
32
65
39
8
2
52
81
79
25
25
41
40
74
26
15
32
51
30
75
25
51
85
45
33
125
3
61
2
50
29
28
11
21
39
21
23
29
14
22
15
37
37
73
33
33
73
37
4
21
85
12
15
6
10
52
70
48
7
32
29
8
110
18
55
38
58
26
12
46
81
100
95
25
3
125
26
13
30
59
13
5
29
47
89
26
63
33
111
0
133
26
46
157
123
32
35
6
54
5
5
49
20
38
34
13
5
24
22
46
30
49
35
39
71
22
18
63
0
63
76
15
88
10
121
11
51
78
48
64
14
8
35
62
4
6
10
51
34
27
47
34
100
41
48
34
70
2
33
10
66
10
24
93
40
74
9
107
9
109
50
40
42
38
43
9
3
8
3
70
71
51
0
52
8
6
20
19
59
2
20
31
4
48
21
12
60
26
45
80
20
49
66
29
4
41
43
46
41
74
52
101
95
77
119
62
45
25
63
41
1
41
45
5
14
40
11
2
27
10
31
20
108
101
13
10
48
148
9
32
24
18
49
31
59
45
59
105
15
0
90
38
17
142
36
53
100
39
17
83
26
66
74
11
30
4
31
9
11
54
98
28
28
15
34
36
3
11
2
32
34
77
48
47
22
9
143
10
48
3
72
27
49
54
94
24
66
66
5
14
24
33
27
22
27
32
10
45
36
0
62
71
8
33
40
54
12
30
37
17
12
3
21
13
70
40
174
32
42
40
38
59
20
43
4
35
82
11
68
24
116
57
60
24
27
6
4
10
33
0
59
8
54
89
40
50
35
63
65
17
46
40
24
78
23
14
13
38
2
76
6
111
39
16
52
71
25
18
85
37
7
16
52
28
12
12
8
99
40
29
55
43
22
114
1
42
6
52
57
0
0
18
77
13
32
28
32
33
47
59
34
40
4
29
64
4
36
19
18
91
73
6
19
49
11
1
51
46
30
10
16
39
20
93
57
28
15
56
9
12
24
39
4
5
67
15
41
6
42
39
7
1
37
101
8
1
67
47
33
95
56
47
3
24
49
86
89
23
45
107
11
5
29
4
57
15
38
55
158
57
37
49
51
54
41
39
37
22
15
94
15
15
25
27
2
10
61
63
1
52
19
92
96
79
47
5
35
3
64
21
77
10
59
51
40
50
75
42
68
1
45
19
21
17
54
8
29
52
67
10
7
61
26
35
29
6
5
16
59
17
13
51
59
35
26
33
50
114
27
14
22
139
51
58
60
2
40
24
8
44
76
13
15
107
62
23
67
13
117
4
29
33
103
27
5
43
128
55
29
10
47
31
0
27
9
2
14
43
90
51
56
10
71
9
46
28
56
75
50
51
49
56
106
61
38
6
9
50
14
57
52
18
39
52
7
60
10
51
37
11
25
46
13
68
19
9
2
14
8
61
21
69
38
0
65
17
14
25
36
54
21
25
54
4
28
34
42
15
3
86
2
22
31
6
39
12
35
46
21
39
32
15
40
5
18
14
13
7
139
10
14
94
58
43
51
31
3
41
104
62
42
56
92
2
14
44
20
66
57
50
71
26
53
4
70
41
25
27
1
8
20
71
69
12
10
9
22
27
13
56
9
2
92
81
13
8
9
31
10
37
20
98
28
44
28
31
17
58
38
17
52
22
8
40
17
30
13
18
101
9
75
56
15
63
18
9
13
25
63
30
40
10
32
19
21
67
82
20
10
43
83
79
23
32
16
44
34
57
8
29
83
8
3
31
46
1
16
4
14
42
51
9
84
47
27
18
22
25
33
61
4
38
9
8
1
36
66
53
20
88
15
54
44
35
55
17
7
69
50
39
16
65
13
32
83
13
44
1
1
13
52
67
3
23
60
23
3
78
107
24
73
17
43
14
30
1
33
105
8
5
5
81
42
12
17
83
28
42
9
40
52
44
11
1
110
17
35
24
67
82
6
71
90
52
37
2
77
80
69
43
101
28
35
12
4
17
25
1
4
19
7
2
28
42
35
28
35
29
17
55
116
81
96
6
18
0
22
4
19
32
2
7
53
9
70
54
26
32
1
28
70
15
56
57
72
25
22
56
1
2
51
21
60
26
55
5
24
39
5
27
18
5
4
10
28
70
18
26
2
21
16
64
45
29
2
68
42
0
9
18
2
3
6
106
21
94
42
28
48
3
47
75
35
64
1
16
8
37
0
58
61
103
33
21
47
33
42
28
33
50
23
41
22
6
25
7
46
27
35
12
103
73
38
52
17
36
45
19
12
14
11
5
22
27
4
36
16
39
25
8
45
43
20
43
12
84
59
18
65
18
32
30
2
25
19
13
9
11
81
11
46
13
33
64
19
100
50
53
41
53
79
105
6
60
17
15
25
28
2
14
3
35
29
15
12
27
61
64
94
12
29
9
37
37
30
4
8
15
48
41
8
24
28
16
23
18
50
43
11
128
16
75
16
39
24
5
25
17
33
2
18
10
95
18
20
56
17
71
20
76
1
28
38
109
40
12
70
4
74
62
11
34
15
3
10
23
9
11
20
31
5
8
20
38
39
13
12
6
44
47
40
43
64
26
73
17
13
53
43
45
49
32
9
53
39
68
16
22
7
50
83
8
13
30
17
10
9
22
57
21
6
36
26
21
84
7
34
36
42
4
64
17
15
23
20
57
6
8
17
52
61
75
34
34
20
18
58
11
14
47
71
50
7
21
59
2
10
14
11
37
11
48
68
2
18
28
17
32
4
49
38
5
26
18
11
21
66
51
13
28
52
6
20
41
5
59
40
20
22
10
33
21
37
1
72
0
69
0
8
10
14
18
66
69
78
6
14
55
67
27
11
19
24
32
16
55
1
78
40
3
14
41
38
74
6
25
14
51
28
31
29
8
1
10
66
19
11
55
35
23
7
14
63
30
61
55
11
109
22
18
21
2
37
52
25
44
8
94
55
24
36
9
17
21
92
28
61
9
39
2
55
30
8
27
35
26
70
31
87
4
46
41
8
3
29
99
20
10
37
51
32
77
19
6
45
8
5
23
35
18
43
28
10
18
22
27
38
71
11
7
41
46
29
17
14
17
22
32
15
39
35
17
42
6
20
32
19
68
67
15
15
30
55
4
13
85
73
24
15
28
2
19
24
33
46
15
8
49
24
61
30
4
44
26
4
34
30
47
34
14
19
33
12
38
38
6
87
24
30
3
34
18
26
43
32
30
27
23
38
77
43
2
18
30
50
34
19
19
10
23
18
21
1
45
5
38
15
12
21
19
12
70
40
21
6
75
12
44
33
40
13
24
60
79
10
74
1
25
8
47
52
50
39
21
89
56
9
1
11
27
24
1
19
32
52
8
0
16
40
15
33
4
4
21
61
7
26
13
14
0
33
24
2
43
23
47
27
23
50
12
49
29
32
62
34
9
41
12
19
55
14
12
1
28
51
8
99
38
25
32
105
20
25
15
38
10
18
5
18
10
26
15
23
31
18
40
56
22
30
66
23
37
45
14
56
18
12
5
22
11
1
11
38
37
51
32
19
23
24
6
14
17
34
30
48
32
10
21
7
32
25
80
28
41
49
8
15
27
43
38
40
20
51
29
65
28
21
8
90
18
5
8
11
45
8
33
28
56
68
22
28
8
13
7
0
13
37
12
14
16
8
30
46
23
56
20
5
68
12
33
79
5
38
14
6
8
44
16
51
11
31
35
64
7
36
51
10
32
50
4
8
19
40
35
10
72
4
31
50
24
6
26
3
8
27
7
19
83
48
64
21
22
33
4
29
29
49
9
51
67
29
24
49
27
9
12
25
8
29
45
12
50
3
3
30
65
4
28
7
15
46
39
47
21
37
3
32
57
29
40
27
63
52
16
18
42
19
4
46
25
22
38
29
37
1
18
14
38
26
19
4
35
4
26
13
20
35
38
32
26
59
16
24
29
16
27
10
35
28
26
20
65
8
33
17
16
2
26
3
24
4
23
21
16
26
31
32
16
12
17
43
2
50
28
55
17
49
13
6
6
47
26
24
15
7
12
31
34
48
31
12
13
5
50
62
1
3
30
25
23
62
31
3
6
17
5
23
44
27
1
22
76
31
12
14
12
2
15
41
52
58
9
24
9
31
32
15
17
11
22
18
7
1
5
35
30
21
40
16
71
45
9
17
9
25
19
12
9
59
15
56
28
17
40
34
15
3
4
9
12
0
30
51
3
11
34
45
28
0
36
24
49
30
28
2
35
39
25
50
44
9
20
22
88
46
2
12
22
40
4
6
10
18
2
14
11
9
34
6
38
22
15
20
21
31
25
4
12
7
39
32
28
15
12
37
14
5
45
16
65
33
8
16
5
27
35
12
6
50
17
10
24
5
2
34
27
87
20
24
4
19
5
2
17
12
3
39
61
1
45
1
3
25
28
2
10
16
6
8
3
14
10
2
28
4
20
2
10
22
1
18
40
15
37
7
34
26
35
2
25
39
78
3
40
30
16
3
67
11
16
1
15
0
35
12
7
25
4
3
28
4
0
4
6
84
9
45
22
10
25
15
8
23
38
1
8
20
24
11
31
39
16
36
35
13
8
56
3
10
10
14
8
66
25
13
27
14
19
12
8
24
26
28
26
16
6
31
14
9
6
7
61
4
11
9
31
10
8
7
26
37
61
22
51
17
71
38
38
12
4
7
19
11
27
6
55
2
36
46
39
11
10
7
11
9
31
21
8
5
25
30
1
10
1
9
29
30
31
8
42
0
6
3
25
24
11
5
3
32
21
14
11
45
3
30
58
2
9
65
15
34
34
39
14
14
4
14
4
23
41
27
2
9
17
9
5
60
34
19
19
30
5
3
10
8
16
9
29
8
0
15
13
1
30
37
23
10
46
14
4
0
19
8
20
37
3
1
8
29
5
37
34
13
25
37
16
19
35
4
32
5
66
5
5
26
37
7
3
25
20
28
24
11
6
20
60
33
13
1
2
5
66
9
9
23
1
18
7
19
23
8
12
3
21
10
4
38
9
28
20
1
4
2
3
42
8
14
22
10
9
4
1
21
9
1
21
13
20
35
37
10
36
20
9
8
15
16
12
1
21
41
21
13
8
19
18
9
33
0
36
15
2
45
26
42
40
39
19
28
13
54
2
5
42
24
8
32
2
18
29
8
38
38
42
20
4
23
23
18
18
7
12
18
18
5
44
22
11
30
15
15
1
15
15
21
19
23
16
15
17
32
3
22
0
14
3
22
10
17
2
18
17
24
12
0
34
39
23
13
23
9
23
0
14
40
6
2
21
15
2
21
19
24
21
18
15
33
67
15
18
14
13
10
10
10
16
20
22
7
19
12
11
7
2
11
29
17
24
47
7
11
6
3
26
16
27
44
5
9
25
12
20
2
27
16
25
13
9
2
32
27
24
5
48
14
10
18
13
14
4
7
22
13
21
21
14
21
37
10
21
3
8
6
21
14
23
14
6
22
21
7
31
1
1
2
0
1
11
13
8
21
5
29
6
19
20
4
29
5
23
31
12
7
12
26
14
18
3
6
16
34
10
4
14
5
12
19
13
18
2
8
5
6
17
5
8
21
5
13
6
23
3
12
13
24
13
18
7
32
18
19
1
5
0
33
8
30
9
3
10
44
11
6
39
13
23
2
7
5
10
35
39
3
11
4
27
30
13
7
14
7
20
20
1
27
34
12
8
9
3
10
8
1
18
13
1
20
16
42
8
12
2
24
2
16
20
2
6
13
1
25
15
23
2
0
16
7
15
6
24
5
4
4
25
6
3
7
2
11
7
7
15
0
7
0
19
6
11
7
16
14
2
15
7
8
12
12
9
2
10
6
4
15
24
10
11
3
12
1
10
2
24
11
11
4
24
10
1
2
20
10
12
21
8
10
12
3
11
17
13
15
6
22
19
20
23
14
16
2
8
10
19
7
10
2
10
13
4
7
13
2
15
12
9
16
19
28
25
1
22
23
8
1
16
21
26
2
7
19
6
3
21
1
12
2
10
19
1
1
3
5
13
11
7
7
29
13
10
8
0
2
1
8
7
17
9
9
14
32
13
3
3
17
1
10
0
9
3
8
8
14
5
4
12
5
8
17
1
8
6
9
1
12
8
7
7
5
7
1
6
19
2
7
3
10
11
10
2
5
10
2
15
2
15
2
3
5
0
3
11
13
1
1
1
3
3
4
4
3
0
12
5
8
5
1
11
5
3
1
4
5
4
10
2
0
4
3
3
2
2
2
2
1
7
2
1
1
2
6
0
4
2
1
3
1
7
4
2
1
1
2
1
1
0
