14
10
51
41
86
1
31
54
5
17
25
25
1
8
6
85
8
30
20
23
44
9
3
18
59
18
16
12
28
4
74
8
5
27
12
74
19
96
17
1
98
13
40
55
22
37
28
44
10
37
5
42
40
24
18
35
11
6
6
16
44
15
5
13
8
43
78
3
50
8
32
23
38
34
22
12
19
34
28
87
11
37
33
43
59
6
27
33
36
5
1
82
27
39
32
74
52
38
18
4
5
35
31
18
44
29
43
106
20
4
44
19
2
44
86
76
35
60
25
2
86
8
70
50
30
45
70
16
16
61
7
10
26
76
60
7
127
76
37
108
42
13
43
12
11
15
68
115
1
10
1
57
55
80
71
28
91
1
43
92
37
60
84
41
3
2
12
12
8
88
69
32
15
8
46
5
11
3
13
12
16
40
11
29
57
13
45
44
38
49
27
6
18
43
24
31
32
14
103
11
3
8
18
5
58
74
17
33
3
67
57
59
66
68
21
22
61
129
7
51
44
74
3
169
17
27
23
84
133
52
15
43
97
84
57
40
119
32
40
120
36
17
54
10
18
26
15
58
58
87
36
28
127
101
31
56
11
7
98
4
1
2
30
44
32
43
49
33
32
15
13
54
7
9
73
60
52
31
101
11
22
137
38
67
83
12
1
1
65
19
122
41
17
66
24
66
90
37
23
25
57
12
30
55
31
103
64
126
64
17
72
55
82
8
152
66
33
101
9
157
10
18
1
76
34
19
33
141
45
63
24
9
22
20
17
78
56
43
140
8
6
22
7
27
11
47
7
77
39
95
13
29
4
15
56
36
66
32
16
168
57
77
26
49
52
7
4
48
94
15
8
2
35
14
18
82
52
88
108
55
16
42
32
6
42
54
51
21
12
129
17
48
12
37
49
0
75
21
24
20
59
8
40
10
52
62
4
46
22
38
19
43
100
38
86
23
51
94
7
36
63
83
79
124
43
43
100
72
26
13
10
6
35
72
14
75
56
130
53
43
21
33
82
68
66
44
15
53
39
51
47
85
25
7
68
18
82
16
68
53
0
31
26
58
37
41
19
32
164
26
28
22
3
109
42
12
18
3
14
16
44
43
23
8
10
30
45
2
7
26
3
17
60
10
12
69
106
13
50
50
44
80
33
37
47
29
8
88
30
59
46
79
40
19
31
4
71
69
90
26
76
16
21
71
35
46
6
92
4
10
56
84
4
141
1
82
40
113
116
15
10
46
105
53
9
77
20
52
31
12
68
46
58
85
41
30
27
16
34
120
2
9
69
65
4
1
37
6
8
29
94
34
75
82
73
34
50
14
13
58
1
33
2
21
46
43
56
78
5
104
67
14
122
19
44
12
65
8
52
12
6
94
55
15
58
48
36
30
63
40
66
32
107
29
112
90
7
62
55
24
74
27
31
16
8
57
11
28
24
16
10
27
54
56
62
10
136
36
58
7
16
50
6
6
31
109
17
11
23
8
50
114
12
24
29
27
24
8
89
39
4
34
18
43
2
59
7
70
32
97
48
50
111
5
81
51
44
45
21
38
86
6
19
13
113
38
8
10
19
77
62
12
7
59
31
9
15
79
32
64
11
13
127
4
70
54
6
35
44
35
6
14
28
57
10
82
15
23
4
60
8
25
7
28
18
99
29
38
18
12
17
86
23
57
24
14
7
36
71
1
24
49
15
41
6
11
61
42
68
10
12
100
18
8
61
67
96
8
11
3
85
37
52
61
7
52
33
18
0
33
41
25
1
65
42
7
37
35
18
31
7
117
4
3
8
3
96
6
7
31
4
40
39
55
36
48
9
6
12
10
29
5
51
36
69
63
34
14
27
2
32
16
25
34
20
21
22
79
41
12
40
37
23
48
34
29
8
19
4
15
127
9
6
17
89
34
10
32
25
87
30
39
68
8
81
48
55
38
46
73
71
4
13
14
21
27
15
43
18
50
3
22
37
44
60
12
19
41
59
60
10
1
25
22
13
8
24
9
61
45
105
38
62
58
28
15
2
54
88
40
15
54
19
19
23
17
8
1
76
6
40
11
74
80
21
39
8
47
15
25
29
104
10
21
155
22
19
43
29
60
10
10
61
19
42
64
64
29
23
38
18
69
53
53
21
15
58
21
61
6
36
5
10
28
40
24
82
18
82
11
75
36
61
19
25
40
77
37
82
3
9
44
3
61
57
64
8
24
26
5
37
10
19
42
68
47
58
7
144
32
18
54
45
82
33
30
11
14
36
53
71
84
10
9
31
18
7
29
7
26
4
55
103
36
43
43
22
104
45
9
81
33
4
46
94
13
18
2
43
18
24
38
90
43
109
42
20
80
46
68
43
10
30
29
42
76
0
82
50
1
85
9
49
6
35
2
63
24
31
9
18
5
7
1
44
8
13
43
22
10
129
56
1
130
69
47
32
61
37
61
58
1
3
15
89
15
19
22
23
87
30
61
88
17
0
34
4
75
36
3
141
41
62
29
105
10
18
91
8
16
14
6
25
125
13
79
68
1
15
41
44
18
16
16
43
51
44
5
53
4
0
5
18
26
3
96
8
20
99
53
43
79
31
35
53
8
62
22
35
12
4
40
5
28
6
4
37
4
29
4
99
62
5
39
24
20
11
55
16
70
138
3
4
109
70
87
34
6
8
38
15
45
93
50
92
44
4
1
26
23
85
33
60
20
21
47
25
56
4
50
45
17
7
5
90
34
21
28
59
21
9
36
11
85
64
92
60
17
9
33
14
10
6
16
20
36
30
67
19
32
31
59
16
21
20
29
10
32
26
18
80
87
26
7
8
1
47
40
1
50
78
67
62
55
30
63
15
22
42
18
28
36
98
79
7
9
17
22
11
37
36
13
1
29
3
18
11
55
38
34
29
78
0
6
59
76
17
21
9
19
47
4
24
42
22
40
33
103
7
39
11
34
18
38
82
45
10
75
61
5
60
26
65
26
3
23
9
5
4
3
19
47
36
61
65
38
46
7
99
67
95
3
65
14
34
66
29
73
1
58
7
5
7
22
39
50
1
20
18
34
19
48
12
51
44
98
12
28
7
81
30
35
43
59
23
9
14
61
22
83
37
17
74
9
50
48
38
47
10
1
18
36
10
2
57
29
10
31
35
17
5
42
55
0
62
54
36
18
36
72
17
10
29
0
12
5
44
84
29
52
12
68
0
29
52
4
38
72
1
48
5
71
14
18
2
10
71
62
1
47
35
17
5
58
43
87
32
20
36
13
39
1
3
0
71
11
40
1
52
10
38
108
22
20
18
18
29
75
6
21
0
0
40
63
31
14
41
29
40
80
19
34
27
41
65
43
33
71
11
10
35
27
8
20
3
91
16
28
67
17
35
48
74
69
37
13
46
35
11
24
2
33
44
0
8
20
10
3
6
20
19
6
11
0
94
35
103
4
34
33
37
30
2
40
40
55
45
49
27
75
36
51
5
9
23
25
11
1
48
65
69
44
28
16
22
17
27
41
55
27
18
28
91
23
110
14
23
25
15
31
32
68
53
33
52
12
12
103
39
35
109
2
30
75
57
17
11
10
77
42
20
78
37
14
27
40
14
30
12
105
46
16
7
32
61
21
12
67
5
21
44
25
67
67
36
48
29
47
88
21
18
12
25
9
68
75
38
24
33
46
36
22
38
32
1
11
55
39
45
12
43
30
41
27
29
4
9
11
44
26
43
51
63
48
12
4
11
35
3
46
47
2
18
23
4
61
75
22
7
7
57
53
64
74
40
23
33
32
19
6
52
7
84
35
61
29
14
67
6
12
21
12
57
9
8
23
35
27
15
53
74
41
29
13
30
39
20
53
46
22
11
22
11
35
56
58
2
9
83
21
18
25
27
69
21
54
42
57
2
12
34
8
25
33
5
23
50
15
13
26
18
19
26
80
2
35
27
43
5
31
22
58
20
18
14
54
22
4
62
32
13
14
18
9
65
84
16
12
40
33
9
6
25
36
40
55
9
54
12
21
15
112
15
2
28
34
39
28
1
43
2
94
37
51
45
24
2
24
16
37
37
39
108
39
33
6
2
53
39
10
12
35
50
12
13
32
55
1
22
9
32
4
17
31
31
77
11
20
26
1
53
44
3
24
30
118
2
58
31
41
34
17
9
8
11
28
43
58
16
52
6
26
7
27
8
54
59
44
61
7
17
41
79
51
49
93
17
17
16
25
52
52
38
6
12
6
46
65
12
14
29
93
38
5
16
3
25
54
19
15
20
38
54
35
54
6
24
21
18
36
33
31
61
6
13
3
44
22
22
27
33
48
13
21
2
27
10
19
54
19
3
2
54
67
53
4
74
15
60
28
19
28
4
13
54
87
3
11
24
21
16
54
83
6
17
59
47
25
7
13
16
47
7
2
14
29
60
3
35
14
4
33
38
33
25
16
71
49
93
16
2
5
30
3
41
2
27
22
26
10
49
26
17
9
6
6
33
69
8
83
46
43
29
18
42
53
29
22
69
19
59
40
31
11
57
25
50
7
72
27
36
33
17
24
16
43
4
11
34
14
46
30
21
38
30
42
29
0
6
4
7
0
39
16
15
9
9
13
25
47
2
12
21
57
5
33
6
6
1
19
40
18
43
21
67
12
4
32
46
88
25
16
37
18
45
44
1
18
40
61
18
16
34
23
65
47
12
45
8
37
47
6
15
58
18
34
26
4
51
27
21
18
35
18
91
24
42
14
7
25
105
54
35
66
93
53
30
4
2
19
8
71
30
29
5
39
0
17
70
4
6
13
29
3
8
13
28
48
104
50
48
24
3
41
33
18
8
28
24
17
40
47
24
47
6
18
38
69
22
27
29
45
55
8
8
20
26
2
36
46
9
16
17
6
25
39
38
62
0
15
21
48
71
13
41
40
38
23
53
48
7
9
16
43
37
63
38
35
17
44
19
48
7
16
3
12
54
47
45
24
40
56
51
24
5
47
36
33
27
3
17
29
11
11
1
12
7
57
6
24
56
1
11
50
73
5
10
1
9
7
20
14
28
15
31
43
20
3
6
1
9
33
44
28
7
2
30
5
36
68
3
25
39
34
1
4
27
9
24
18
12
93
17
39
39
5
20
25
0
11
46
52
10
6
58
12
22
27
9
43
21
57
6
17
26
12
47
9
24
27
9
2
36
5
15
76
31
7
15
20
51
60
19
47
33
83
45
41
14
10
15
50
55
1
6
9
12
3
18
21
13
4
20
24
35
20
21
21
4
14
50
2
3
0
47
39
61
18
20
53
37
56
31
17
0
31
5
22
65
15
9
11
6
22
26
6
36
5
0
29
11
35
9
10
8
0
32
11
5
16
27
39
3
4
10
18
32
4
1
72
67
33
17
26
20
2
3
47
18
5
7
14
26
21
33
2
57
27
12
20
26
46
12
1
44
14
11
16
17
20
2
24
3
6
75
15
12
27
12
2
57
3
0
55
7
22
29
7
46
16
26
45
31
26
5
35
25
5
43
35
24
7
4
45
25
68
27
18
30
11
4
9
4
39
11
3
9
7
1
23
7
6
23
9
47
56
8
13
16
3
29
14
28
23
48
7
5
40
23
8
13
48
23
82
14
14
18
21
26
3
13
20
16
32
45
12
6
1
40
7
4
13
2
1
64
34
17
10
1
30
15
20
37
2
39
20
8
13
19
24
6
11
0
2
20
58
31
11
9
2
36
62
20
1
56
15
24
19
12
42
36
10
41
3
11
9
37
16
32
6
22
2
27
21
13
12
32
9
6
33
1
14
19
7
3
19
15
1
1
40
18
25
54
11
10
33
19
35
20
5
11
3
35
3
1
24
37
22
17
2
17
37
18
5
10
77
51
25
26
27
12
1
13
12
27
15
9
12
27
10
7
34
13
6
34
32
17
23
11
37
9
21
42
31
42
19
25
24
12
1
16
60
9
19
21
26
4
15
35
13
10
28
8
15
23
50
4
11
18
9
32
83
13
8
17
16
7
30
10
34
27
18
32
1
2
5
37
38
26
23
8
17
15
29
15
5
38
24
5
4
30
49
4
14
7
0
9
3
26
34
7
37
4
44
31
52
20
30
0
48
2
1
19
29
22
24
17
17
4
29
34
2
41
6
6
16
28
16
12
18
0
31
7
1
27
10
20
26
12
3
34
5
10
6
22
2
30
30
7
26
14
48
1
26
12
36
35
13
1
18
12
8
11
28
20
16
0
4
40
1
31
14
31
16
7
13
26
0
13
7
45
2
8
3
17
32
3
18
2
9
32
9
4
33
20
28
13
24
21
28
10
14
5
8
39
27
6
18
4
13
6
17
17
29
22
25
22
15
41
22
12
1
12
1
7
19
40
19
15
18
18
3
3
13
5
28
36
19
12
6
28
11
28
2
2
6
14
41
2
34
5
6
10
3
3
12
9
9
21
23
8
68
13
32
16
25
15
13
1
7
3
23
2
18
16
3
29
5
7
6
57
33
25
47
1
24
33
12
4
3
14
11
28
35
1
36
19
13
2
2
1
16
1
10
16
6
19
2
33
30
12
7
4
24
29
26
11
33
3
42
19
34
51
11
2
21
18
32
8
31
6
25
20
8
20
7
29
13
32
5
32
3
8
11
4
4
29
18
3
26
17
44
4
0
7
17
21
2
6
59
3
15
21
6
16
38
47
19
23
1
34
7
5
6
16
13
7
23
9
10
2
17
25
2
7
25
7
9
15
23
19
3
1
23
7
3
1
16
13
11
16
40
3
29
24
21
14
31
0
3
13
5
2
14
11
1
5
16
1
4
30
6
1
1
15
7
5
18
10
8
28
16
56
7
23
28
10
25
4
3
14
12
1
8
14
28
10
1
14
15
15
12
19
3
9
33
35
28
14
11
7
5
7
3
23
7
19
15
5
18
29
22
3
1
7
1
8
7
14
5
21
12
5
22
1
1
8
7
6
10
14
1
13
4
7
2
1
24
9
5
20
5
3
5
4
22
3
11
1
2
12
1
13
11
2
3
9
2
10
3
16
10
8
8
21
10
4
2
5
9
2
18
0
3
17
14
7
0
4
2
8
17
8
19
2
11
19
30
8
2
2
18
15
17
15
29
4
1
12
2
16
14
6
8
2
9
13
13
9
11
1
2
6
9
2
14
1
5
15
7
11
10
6
2
4
7
1
2
10
1
6
2
7
12
11
0
17
6
4
12
3
1
2
1
3
3
10
5
7
6
7
2
8
7
2
4
6
3
1
6
2
11
5
2
2
2
1
4
8
1
1
2
2
9
8
3
4
3
3
0
3
6
1
5
3
0
2
1
0
0
