61
32
5
18
79
11
5
31
33
10
29
71
12
16
2
36
12
38
10
35
55
12
51
20
20
89
16
14
64
5
28
5
30
55
33
29
18
13
7
14
35
4
19
52
49
5
84
32
57
38
35
15
66
39
32
10
12
21
13
29
9
24
17
7
22
1
81
96
35
7
23
41
24
20
57
12
1
66
51
70
30
65
37
24
52
86
27
77
71
43
84
39
8
33
10
44
24
104
50
45
62
27
40
71
55
42
82
58
105
32
13
37
41
29
18
45
16
55
37
61
63
3
7
29
26
20
63
10
108
3
17
178
7
18
129
14
2
31
58
38
20
32
31
115
12
24
19
56
65
32
27
166
26
13
46
20
23
13
59
117
125
60
35
2
11
14
8
95
14
58
30
42
55
6
19
59
57
16
24
13
88
22
21
81
21
1
48
1
30
3
39
101
15
41
15
67
41
78
34
23
9
45
17
3
90
6
20
27
119
22
53
94
1
91
19
1
9
31
24
7
70
34
14
31
60
35
34
58
11
14
34
43
102
85
35
13
63
61
32
77
25
6
14
94
56
87
38
14
24
21
28
13
35
19
96
36
39
75
24
14
62
93
39
42
32
71
106
3
48
42
10
32
31
0
7
24
26
47
7
26
17
93
67
9
27
50
46
20
0
62
9
60
77
28
78
4
7
115
88
60
24
8
24
58
19
63
123
58
47
11
24
59
46
74
34
68
41
5
22
82
41
62
11
79
116
67
36
1
110
47
28
1
91
8
61
28
1
33
7
123
65
64
3
4
140
31
50
95
62
4
32
47
83
40
39
37
55
129
48
53
25
88
4
5
24
82
14
24
16
4
19
20
94
21
69
44
26
50
12
19
119
63
94
15
76
33
65
15
29
33
30
33
54
20
48
2
50
2
97
45
26
82
21
37
82
62
16
106
37
7
66
82
50
1
39
73
13
40
18
4
17
43
11
65
60
81
55
27
28
3
10
27
11
47
5
1
95
6
47
94
7
30
11
2
51
28
17
15
44
2
11
45
43
86
47
76
54
33
44
90
2
94
64
90
4
17
38
49
35
38
15
67
5
79
13
80
51
8
51
46
24
4
89
13
0
77
36
54
66
59
30
16
76
34
14
45
21
22
38
21
9
7
75
59
32
12
67
159
12
45
75
3
38
63
3
108
112
20
13
23
60
11
92
12
51
43
28
11
22
1
73
90
45
28
76
46
15
122
66
5
46
53
9
22
1
56
46
88
30
90
4
44
20
41
63
54
104
3
20
8
40
96
59
107
8
5
23
8
16
8
6
17
24
70
4
12
25
30
63
66
56
22
69
14
34
8
107
50
31
10
67
17
34
72
31
12
20
68
32
17
47
54
15
11
36
71
2
124
50
36
82
131
74
16
57
92
57
37
79
98
12
19
8
35
60
27
1
3
63
16
14
42
60
42
51
70
72
118
52
68
7
38
31
12
33
44
30
32
69
8
60
37
83
36
9
64
34
37
36
23
12
58
10
28
15
56
5
21
56
2
28
39
11
26
36
70
3
42
20
67
32
47
81
27
54
48
80
6
7
9
28
104
5
100
84
41
43
28
38
4
20
78
51
39
21
17
2
33
97
59
22
2
14
14
32
60
38
6
12
43
11
39
48
23
28
7
48
80
19
92
21
50
61
16
66
33
126
8
10
24
66
28
72
93
41
70
10
1
6
18
1
82
12
48
99
33
55
19
120
9
25
62
76
49
39
26
29
38
3
28
29
65
24
61
67
19
4
3
35
28
21
15
46
67
45
46
82
88
2
67
50
83
29
56
19
51
25
40
22
74
21
17
68
95
62
1
11
70
115
15
58
54
101
12
16
4
68
15
60
11
37
16
13
55
33
101
18
27
44
17
44
17
59
14
57
35
95
64
38
47
18
68
64
26
86
11
51
7
18
58
39
62
7
130
5
4
104
9
76
72
47
1
38
24
9
85
50
101
25
24
44
39
144
32
4
11
49
112
11
1
67
71
40
36
27
55
125
53
71
71
26
4
30
49
8
100
18
45
6
27
1
7
80
6
43
9
56
24
25
63
2
7
24
71
151
13
12
21
72
2
71
33
48
13
39
57
95
2
49
39
49
3
29
39
102
27
51
30
7
2
13
59
21
6
2
21
2
16
27
114
63
31
21
25
83
2
4
8
19
44
52
10
99
25
32
12
78
18
43
23
26
58
15
17
11
23
2
3
46
4
4
39
44
3
12
35
14
15
31
5
7
83
85
14
105
96
88
39
19
80
33
40
7
5
53
44
1
45
5
28
57
52
43
78
48
0
9
12
63
96
92
20
13
59
73
15
27
27
12
68
34
0
23
10
58
21
32
94
112
93
37
60
15
17
59
17
17
4
2
13
4
27
41
55
21
49
0
64
20
37
21
31
20
6
10
45
123
14
32
20
44
26
18
39
75
4
28
7
87
59
31
49
6
32
66
54
36
6
3
77
22
44
31
12
18
30
67
38
12
3
21
4
20
31
25
18
55
49
55
14
11
31
68
5
13
72
7
67
64
88
14
57
23
48
6
6
6
97
29
25
15
5
86
20
65
37
13
11
57
25
70
11
9
15
56
11
55
12
8
3
12
9
9
38
88
17
10
18
51
18
32
65
2
11
17
5
17
27
74
87
97
42
40
0
73
52
29
18
7
42
1
23
99
12
67
41
36
10
14
34
48
1
38
0
25
14
37
31
30
59
25
15
19
55
53
9
51
9
55
37
26
29
19
88
18
91
56
18
37
25
31
54
19
7
36
67
50
35
28
13
34
115
52
74
3
10
11
67
45
95
11
44
27
53
62
39
32
27
60
18
64
1
29
42
15
21
48
13
4
85
35
13
0
3
21
32
7
9
71
8
13
52
6
0
24
68
3
6
84
31
30
9
26
8
84
36
83
22
26
41
26
14
88
91
12
94
51
7
43
13
48
12
34
31
85
36
13
63
27
23
7
23
28
9
12
18
47
3
24
39
45
19
50
15
43
44
67
38
75
10
55
114
9
68
47
10
15
6
52
88
36
117
86
22
8
16
4
84
48
20
26
72
62
11
46
19
57
20
58
40
3
50
9
45
7
42
25
52
4
42
22
12
45
55
28
6
10
60
0
86
7
32
22
8
36
54
109
99
100
5
7
14
38
68
33
40
22
11
70
69
81
61
32
38
22
55
36
5
69
35
21
10
8
90
58
27
39
33
55
1
5
19
10
65
45
65
28
32
31
97
13
30
40
33
13
17
103
18
15
58
35
5
12
48
34
21
16
4
66
36
7
45
7
61
40
22
10
45
47
5
105
23
33
54
64
4
17
86
72
47
29
84
29
58
71
8
12
21
15
30
4
75
99
4
88
42
23
42
52
21
8
22
22
56
16
65
42
25
6
46
94
46
93
16
59
34
45
37
24
7
25
4
11
15
4
71
36
42
46
34
72
47
10
39
43
25
37
34
106
1
56
62
22
26
14
29
39
13
13
8
106
5
43
17
21
52
42
19
34
51
4
53
19
25
59
58
71
75
11
78
17
49
43
64
6
46
29
12
5
47
29
50
38
65
50
26
23
25
53
90
13
60
34
31
74
13
10
53
73
44
10
15
10
28
11
14
87
9
17
36
3
7
24
41
3
37
19
17
9
58
23
11
35
25
72
12
43
26
3
69
70
110
71
53
16
68
40
53
16
16
48
47
53
48
39
64
15
15
31
28
40
13
33
66
79
32
23
46
22
60
1
32
49
35
34
3
60
5
66
4
12
18
28
27
36
57
45
4
13
40
37
33
60
29
57
10
12
33
73
7
4
20
25
30
37
29
1
36
62
43
40
12
51
2
21
65
6
55
24
39
47
25
8
116
22
37
6
16
19
22
17
19
12
49
75
21
18
3
12
26
29
19
5
1
12
26
29
31
50
21
18
59
18
40
62
19
38
18
32
21
58
51
69
56
33
6
21
6
64
7
5
24
19
19
26
46
33
28
11
2
1
58
27
67
20
9
44
1
29
1
54
16
26
1
94
16
38
24
11
68
20
4
28
33
51
27
4
20
73
52
22
30
64
40
29
14
43
92
75
16
6
21
26
8
8
26
8
24
55
28
27
23
55
33
6
12
32
54
27
19
34
49
18
6
6
32
43
7
15
29
53
8
4
0
26
29
40
2
17
12
20
23
16
13
66
52
21
4
79
47
39
27
24
22
30
7
47
15
18
47
1
97
50
14
59
13
21
12
2
25
17
38
18
41
40
13
63
87
33
19
43
14
56
41
34
7
69
40
38
52
34
0
55
8
7
21
35
33
21
0
32
21
61
55
12
5
9
0
3
25
60
34
11
45
17
18
72
35
32
25
30
21
21
17
59
29
55
47
53
57
64
6
19
5
25
26
35
20
85
83
15
41
49
22
58
4
7
27
40
68
12
17
54
46
42
73
19
22
34
17
58
25
33
12
65
34
11
16
64
21
10
9
28
68
52
10
11
27
43
18
7
11
37
8
21
31
17
40
19
43
22
18
9
33
49
20
29
39
18
33
11
96
0
59
32
19
7
54
15
8
54
0
8
30
26
25
9
45
4
41
10
64
15
5
43
8
59
5
55
13
22
57
11
1
18
40
22
13
4
11
13
6
35
25
30
40
57
63
1
30
3
60
26
27
54
16
41
19
28
5
33
15
11
3
19
67
7
0
16
4
5
0
16
8
9
27
16
33
9
16
3
26
1
37
104
94
25
1
18
26
59
52
35
26
3
13
6
4
37
21
10
13
32
7
14
5
1
60
14
111
52
28
5
56
60
17
4
5
26
50
22
51
39
21
15
4
24
3
58
1
8
33
14
50
34
63
1
41
25
9
14
37
40
16
28
31
6
0
15
14
24
22
14
8
23
34
31
8
23
6
20
16
73
6
33
40
23
78
45
15
18
13
24
3
1
76
11
43
71
38
59
13
8
25
29
49
12
4
6
29
11
5
12
11
38
38
23
14
11
1
29
2
16
8
38
7
1
9
57
94
41
4
16
20
30
12
24
0
25
9
35
8
41
20
22
32
4
52
13
27
44
18
9
19
2
22
32
15
16
1
6
34
6
8
4
39
46
23
22
9
31
26
11
23
30
20
4
50
14
22
40
26
41
7
2
0
4
8
1
14
8
18
11
30
26
28
10
23
0
35
31
12
30
56
53
46
10
7
10
4
23
44
19
22
1
45
20
53
7
0
12
8
47
6
22
38
53
2
13
1
8
15
35
23
2
13
39
0
18
55
49
30
21
1
41
2
18
4
43
5
36
25
12
18
13
2
6
33
75
11
21
59
20
11
40
2
13
17
23
20
61
9
30
8
8
1
30
7
16
5
31
20
18
15
13
24
14
11
19
13
13
18
11
53
11
55
41
4
14
42
30
23
15
2
31
45
11
6
1
20
24
7
9
29
56
15
3
8
43
21
33
20
4
7
28
7
23
9
40
10
18
32
20
24
10
24
18
6
7
46
13
22
27
39
0
2
35
6
40
2
58
13
38
48
31
49
31
15
35
30
46
4
13
29
30
2
38
45
0
0
15
61
14
28
61
33
23
17
22
9
26
14
4
22
19
9
34
37
0
27
84
25
21
29
46
21
16
18
21
5
16
11
11
18
18
8
12
7
44
24
20
2
42
36
18
13
43
11
5
11
12
46
5
17
45
14
0
53
1
7
11
20
6
4
12
25
45
3
13
8
18
2
11
40
0
62
23
10
2
4
16
10
50
7
54
49
22
2
51
3
29
22
25
21
66
19
19
9
0
10
54
69
5
9
51
0
20
26
15
9
10
9
18
12
23
21
37
39
29
32
10
24
27
26
36
13
46
10
47
7
9
31
5
7
6
11
33
11
48
16
25
7
8
44
23
4
8
18
19
4
33
14
6
38
2
22
9
9
22
17
29
18
33
8
48
65
39
21
13
44
39
36
15
34
13
35
3
15
19
15
12
25
14
30
16
41
29
7
16
1
36
9
23
4
9
5
20
19
38
18
40
0
28
31
17
7
16
28
11
2
10
12
49
29
5
17
5
14
4
1
18
18
19
30
46
2
18
12
1
8
24
55
34
28
48
12
11
8
27
5
11
33
18
16
16
13
11
26
15
14
4
33
8
13
11
13
25
0
10
30
16
5
14
14
0
4
14
25
6
19
35
25
45
5
21
16
38
22
36
1
30
34
15
33
9
5
21
16
15
12
4
7
13
0
2
12
46
2
26
14
36
10
3
23
17
35
25
6
15
3
14
19
4
15
12
17
19
13
5
13
14
8
12
15
24
37
1
37
13
6
2
22
7
14
13
13
18
4
5
7
34
12
5
11
13
6
3
3
24
22
33
4
31
5
14
35
25
1
13
17
29
20
3
10
8
30
20
20
16
48
22
4
8
14
23
11
26
16
21
19
16
3
3
6
18
3
16
2
19
21
34
28
2
20
17
11
9
59
10
32
9
10
1
19
6
15
12
28
15
3
28
29
10
3
40
8
6
13
14
15
3
9
11
4
3
7
1
12
8
12
33
11
18
8
32
9
1
11
5
39
12
10
5
31
41
11
13
3
15
20
1
4
12
8
14
27
17
37
25
1
8
17
5
22
4
19
23
22
5
10
20
14
10
4
16
1
9
26
13
30
5
1
11
13
31
13
9
29
10
1
18
1
13
2
3
2
12
18
11
9
23
4
5
22
4
19
0
8
26
11
2
15
1
2
33
14
12
15
8
5
18
7
8
5
5
4
17
0
18
10
16
20
15
0
4
13
17
6
2
5
5
0
20
15
8
11
11
7
1
12
2
8
19
4
11
13
8
2
3
23
7
5
4
4
19
15
9
28
12
6
3
26
6
11
14
3
3
22
10
18
7
4
4
1
10
4
9
3
3
5
1
15
14
23
6
28
20
29
29
1
1
8
7
1
1
13
10
19
1
11
5
10
18
11
20
12
3
3
17
3
10
10
22
8
5
13
20
13
4
12
22
19
15
23
13
1
12
9
20
14
5
8
15
2
15
12
6
4
10
7
3
14
3
4
15
5
2
6
10
12
10
6
2
1
3
13
3
1
9
3
0
8
7
15
2
11
1
8
19
13
10
0
8
8
11
4
7
7
15
8
6
3
5
21
9
13
2
14
14
5
10
6
0
2
2
2
5
8
8
1
3
6
5
4
2
3
6
3
4
1
1
6
1
9
5
5
5
6
0
4
3
12
8
4
4
9
1
7
3
8
4
6
2
9
5
0
4
8
0
1
1
5
6
1
3
8
0
3
3
7
5
8
7
3
0
4
7
5
1
1
1
3
1
1
3
0
0
3
0
0
