1
13
26
9
41
43
18
3
5
0
143
20
67
37
7
8
24
43
35
93
7
1
64
12
37
22
121
73
24
21
22
6
137
33
31
13
34
31
6
33
17
15
124
19
39
10
12
29
34
17
4
44
127
31
52
112
94
41
7
14
21
42
7
5
41
29
33
26
30
5
10
39
26
12
11
26
39
129
46
36
57
51
72
109
13
18
37
11
29
74
5
22
36
41
35
26
25
51
23
44
75
24
6
87
11
76
102
151
21
92
59
21
105
36
25
79
15
28
44
38
6
77
7
17
41
36
57
69
6
73
39
2
84
45
8
19
29
27
46
79
67
64
78
39
25
1
10
21
45
19
23
74
16
63
3
22
41
55
116
48
119
59
41
67
44
58
44
134
78
94
31
62
37
131
51
7
46
106
40
30
8
23
156
42
57
87
0
25
137
26
25
73
5
20
117
32
44
64
117
22
29
83
21
42
33
127
33
16
93
62
55
49
106
29
19
39
74
52
18
54
48
36
96
29
70
13
78
56
68
57
40
87
50
32
62
6
40
63
13
69
8
16
15
44
41
21
66
63
22
40
39
53
61
71
76
1
52
30
99
16
25
14
153
9
12
94
39
20
49
52
11
20
5
75
11
17
12
23
83
41
57
37
18
90
8
49
36
94
22
58
22
84
44
56
8
106
1
75
49
37
86
22
44
0
80
17
66
75
11
91
65
83
82
50
36
55
27
7
65
61
111
44
88
21
49
76
52
39
30
10
62
98
25
85
85
27
76
5
57
30
49
61
80
45
44
8
52
33
16
94
6
42
12
20
16
88
57
100
76
140
70
62
87
84
113
59
11
16
27
8
36
44
22
80
23
15
31
54
24
8
6
75
8
17
89
47
19
9
35
55
74
52
46
58
5
58
34
66
58
64
64
9
7
35
52
32
9
10
105
33
82
81
24
59
99
46
6
42
82
3
18
37
65
128
22
62
2
8
38
103
80
2
27
13
6
27
44
8
45
53
14
24
63
49
115
24
14
102
42
10
94
30
49
66
1
7
4
5
68
74
29
25
67
19
73
37
59
26
26
46
44
20
31
6
49
7
62
52
3
48
24
14
132
52
27
52
19
43
30
18
86
5
15
56
44
84
26
2
47
5
16
21
57
35
20
3
28
13
2
56
7
35
19
16
0
23
30
19
16
21
93
46
23
76
15
37
34
20
0
44
21
88
113
107
49
49
42
6
2
26
28
60
42
10
5
2
26
56
43
8
111
13
55
69
32
49
73
1
38
38
62
19
81
136
57
27
29
67
18
12
2
16
98
12
64
17
115
36
5
31
26
119
6
14
65
22
44
25
5
9
27
21
25
35
39
44
8
39
7
81
42
42
28
54
38
16
24
75
1
11
82
7
82
112
36
13
9
42
57
19
27
84
70
37
16
15
1
44
59
52
24
90
12
13
25
64
94
99
119
58
72
123
39
60
91
40
73
36
54
26
73
35
24
19
48
72
40
1
20
24
10
46
50
32
17
71
0
26
6
43
35
43
82
8
23
23
44
9
30
1
36
27
9
28
65
22
15
31
24
122
13
0
48
26
79
79
21
103
17
6
33
68
30
51
34
15
32
54
68
0
3
7
104
76
75
136
86
29
32
31
109
37
3
31
36
7
81
57
100
23
106
49
12
76
6
9
81
68
3
15
2
52
28
100
38
16
62
39
56
6
101
188
4
43
1
124
36
11
21
44
20
60
117
55
43
33
10
2
78
99
26
76
112
34
43
24
35
98
21
4
96
2
95
76
17
25
8
18
17
4
18
58
3
45
65
73
13
50
49
69
66
0
25
121
38
65
105
19
7
3
24
16
67
44
33
25
21
2
14
38
23
90
55
60
74
14
109
36
17
23
20
121
73
141
7
13
42
11
3
52
56
58
19
65
47
14
56
7
95
107
97
34
3
20
6
55
2
78
76
79
29
28
57
9
3
4
53
28
8
4
88
4
42
31
52
18
49
63
53
51
15
26
84
121
99
45
50
5
30
31
65
1
29
30
86
20
13
11
22
56
47
15
26
45
54
85
19
7
14
58
86
55
57
51
76
51
2
81
19
13
74
38
70
30
86
83
18
58
19
55
86
58
66
52
31
14
4
66
21
6
32
47
69
83
2
52
10
14
7
7
58
38
10
2
58
5
0
77
1
57
17
18
46
8
63
11
12
46
60
38
58
7
11
23
56
48
88
54
15
30
44
24
17
72
87
2
29
118
0
13
49
86
24
10
62
14
21
57
22
32
36
33
2
9
14
32
22
42
7
17
31
64
46
84
5
12
58
3
46
65
2
14
58
2
20
13
37
19
25
49
35
6
11
50
16
39
29
10
89
94
70
96
55
8
62
60
124
64
1
20
87
55
87
49
21
101
55
51
15
73
29
21
26
21
2
48
18
36
77
46
38
33
63
21
104
27
28
23
16
8
4
2
33
9
7
66
126
42
81
36
27
76
67
97
33
25
54
35
31
42
12
19
25
38
32
13
6
37
40
103
39
48
2
140
8
51
49
19
35
4
25
31
20
38
24
38
48
46
12
70
61
45
3
32
38
3
37
70
78
108
14
13
62
22
20
59
57
24
1
45
26
5
22
1
39
62
24
13
30
87
22
48
103
0
4
26
48
91
41
81
39
1
29
15
29
41
11
16
44
39
1
21
110
25
68
52
16
58
79
3
17
10
27
57
38
66
21
78
24
7
24
12
25
12
115
21
74
3
20
24
9
15
47
106
19
60
26
0
42
6
59
200
27
29
58
5
60
30
30
68
34
25
49
51
34
16
79
41
35
61
25
64
13
7
30
4
16
37
14
41
7
46
27
32
39
33
18
60
18
16
16
16
50
42
102
56
62
5
5
39
36
27
3
62
51
53
7
49
36
109
57
53
17
4
46
18
0
99
17
27
0
40
66
12
3
25
14
56
30
9
86
6
11
55
3
40
21
3
3
27
34
35
9
41
18
49
50
15
2
23
56
3
13
67
93
16
30
88
27
19
9
37
54
33
66
8
82
8
23
18
32
14
35
8
29
56
36
20
15
3
72
60
50
26
119
39
33
73
43
25
43
9
29
14
23
25
36
29
3
19
30
18
117
26
41
35
12
59
19
61
5
44
66
12
23
47
19
22
20
26
37
4
39
4
52
4
36
28
41
35
45
23
42
75
82
20
20
82
25
17
4
10
37
51
28
3
39
71
7
39
4
75
21
68
17
47
17
10
10
6
19
48
13
19
34
42
27
10
32
84
31
17
14
16
31
12
10
90
13
15
6
43
31
44
73
26
53
16
35
21
86
44
11
12
14
45
51
69
13
38
56
62
40
52
8
1
24
70
51
13
39
21
6
79
22
36
32
45
4
3
24
79
8
55
5
47
39
31
66
41
105
32
35
31
19
3
53
44
21
53
47
4
27
34
5
50
14
77
18
1
27
70
2
46
26
35
39
19
33
28
26
43
92
28
12
25
19
13
40
18
50
30
26
46
1
51
66
62
30
12
19
10
74
8
38
3
7
70
5
41
7
21
119
57
29
11
29
5
24
23
1
2
100
56
60
17
72
3
10
13
64
43
111
24
8
31
73
10
9
14
62
75
7
90
29
46
22
66
71
20
6
4
12
13
51
4
55
78
41
56
29
41
1
2
21
32
6
4
15
32
34
3
8
46
46
11
19
29
72
30
28
62
5
68
8
6
24
41
64
44
54
29
5
68
22
42
21
8
49
9
66
32
44
18
21
51
25
12
45
23
14
50
24
14
4
14
38
35
67
12
6
67
32
1
7
56
39
22
25
53
60
38
13
27
16
82
54
3
54
8
14
0
18
32
14
12
79
37
60
60
21
51
7
48
15
15
27
22
35
21
3
28
37
3
36
3
31
19
4
43
42
91
26
42
4
1
28
48
36
6
68
51
38
28
6
25
25
19
3
1
36
53
42
13
39
34
27
131
1
22
9
79
7
7
51
67
42
7
34
4
9
39
11
59
38
18
30
34
16
13
34
27
44
47
57
89
15
34
15
16
16
11
16
46
102
32
16
8
44
18
11
66
20
35
24
22
37
29
58
51
22
33
22
4
31
31
19
39
27
52
62
27
2
59
26
64
7
83
19
6
13
26
30
22
27
39
68
24
27
69
1
65
2
43
57
31
49
4
19
33
13
33
6
34
17
56
38
39
9
6
39
37
4
7
50
11
41
26
7
69
0
16
20
12
76
24
3
46
38
84
12
47
44
5
53
11
4
51
8
11
29
56
53
10
45
31
5
27
22
2
41
49
40
18
3
48
28
83
10
80
39
43
33
7
3
16
50
68
7
27
6
18
11
11
31
43
49
56
47
57
11
39
30
35
16
44
46
24
38
58
35
39
7
7
61
13
10
18
14
72
41
13
8
25
41
12
5
30
13
20
38
46
7
36
5
42
14
20
41
17
48
2
31
15
11
15
18
60
32
13
14
14
11
1
115
19
19
13
18
28
34
61
35
26
20
30
61
60
51
59
23
12
68
36
95
39
35
4
43
12
19
39
42
33
17
7
29
19
7
3
22
11
25
21
2
15
29
49
33
28
5
50
32
3
86
3
20
41
16
4
28
29
19
2
40
20
59
40
21
3
23
74
2
22
39
21
18
6
37
30
52
1
42
13
9
41
4
51
31
39
28
22
52
19
38
17
10
12
3
46
1
33
23
19
6
25
15
42
38
17
42
10
8
42
0
7
38
3
21
49
5
24
20
35
21
32
5
4
80
2
43
11
32
8
25
62
6
20
72
23
57
26
52
38
20
27
63
9
11
34
37
29
46
21
39
9
1
59
11
4
15
17
33
56
34
16
55
50
7
85
35
35
62
20
30
35
12
27
30
13
11
10
31
40
11
51
13
19
24
5
15
37
7
3
17
62
30
37
33
29
1
7
20
24
9
29
20
0
46
15
20
22
30
2
20
10
15
17
27
10
24
10
36
2
99
22
24
61
8
17
2
41
17
14
45
8
13
6
14
21
34
3
45
23
24
2
23
3
15
87
13
5
25
14
8
37
1
19
2
46
34
39
48
9
7
46
17
26
15
20
9
22
27
36
1
21
75
21
43
15
34
22
1
1
62
5
21
16
3
38
9
6
16
2
27
25
26
41
25
19
18
61
34
55
26
50
45
64
33
21
4
7
14
12
29
15
33
4
27
24
4
13
20
2
19
57
13
17
13
59
22
32
40
1
49
55
87
48
19
27
54
49
2
6
11
30
2
11
50
10
31
20
25
7
50
13
49
17
8
3
43
12
7
6
4
27
12
3
40
7
51
3
10
16
47
14
32
36
49
45
26
13
4
48
20
32
1
7
41
2
23
67
61
25
28
30
3
22
10
21
10
0
2
8
45
29
3
23
29
16
5
31
19
4
13
19
2
71
4
12
11
0
7
13
2
41
36
5
31
20
28
7
27
55
13
23
1
21
10
6
24
40
4
18
4
16
8
68
29
2
25
10
17
14
25
22
1
40
18
28
18
18
28
20
20
21
40
4
12
1
58
60
1
4
38
20
9
14
32
8
24
15
25
53
45
25
29
43
17
24
11
41
40
19
9
7
67
3
22
35
16
1
2
7
5
5
2
47
26
4
42
18
27
7
36
11
28
3
1
27
9
1
26
51
18
2
15
3
37
20
27
9
58
29
22
3
72
76
49
14
17
8
28
12
23
10
21
8
24
11
18
14
11
36
3
63
3
5
10
34
37
17
9
20
29
4
15
1
50
71
35
13
63
18
8
33
4
4
46
34
23
35
50
24
36
10
23
13
16
46
56
43
17
5
16
3
35
33
22
1
11
16
26
26
14
58
10
12
6
12
23
18
41
27
20
1
31
18
34
24
8
35
43
3
23
19
31
45
5
25
9
42
7
10
21
7
9
1
46
24
41
24
21
26
71
5
9
6
6
2
5
5
56
29
10
32
33
0
4
15
25
21
9
14
16
30
8
19
18
12
40
4
11
33
10
44
3
55
12
14
23
3
44
22
32
13
20
24
5
5
11
16
16
23
29
15
28
46
6
40
40
24
61
1
24
13
36
11
8
8
13
1
54
17
35
27
3
0
1
10
18
4
9
24
4
1
4
6
14
8
1
8
20
6
12
44
29
4
14
22
2
41
16
1
24
9
8
10
33
40
18
15
7
20
4
14
12
60
24
3
12
10
27
6
21
9
9
5
19
8
48
9
7
18
14
24
36
21
24
18
27
22
48
3
25
21
19
7
26
17
20
15
22
26
1
48
8
4
25
16
9
17
24
11
8
8
18
31
18
1
17
12
8
3
18
22
11
21
39
34
11
10
39
3
10
19
19
29
28
17
31
10
8
4
21
17
15
1
11
6
7
32
1
22
29
18
26
12
16
17
11
9
3
31
0
38
6
22
33
21
7
33
10
23
5
39
26
24
25
16
22
3
36
7
31
0
2
21
10
8
22
2
25
2
15
38
4
25
1
18
19
5
4
19
10
18
20
2
4
29
9
4
9
0
9
11
13
7
48
3
3
9
20
23
4
28
7
11
15
30
7
4
8
29
7
13
25
7
1
8
6
4
24
23
14
6
14
8
12
9
14
6
27
20
14
9
24
12
17
19
8
0
13
7
12
14
12
22
15
12
23
6
22
9
28
15
5
5
3
23
17
15
17
26
4
0
12
1
30
23
1
12
8
8
28
19
13
4
35
22
1
3
35
15
6
10
6
17
21
2
2
1
11
2
20
14
14
12
26
29
32
5
6
17
5
22
13
4
33
4
13
11
19
16
1
1
1
4
12
7
5
2
6
15
24
8
17
3
7
8
9
16
14
21
27
14
2
12
19
14
4
1
2
3
6
7
6
30
7
10
5
6
4
8
9
35
18
6
4
21
3
24
7
7
7
7
2
35
6
9
4
12
7
14
20
5
0
3
18
2
12
16
2
8
4
1
7
24
15
31
26
5
3
24
13
6
9
23
2
9
18
2
4
23
18
38
8
2
16
12
18
20
23
9
1
0
6
7
3
17
17
3
26
11
16
14
7
21
18
20
11
5
3
1
8
1
11
2
6
16
3
3
1
12
6
18
6
7
7
2
5
4
14
23
1
7
12
19
9
6
3
2
9
2
9
1
3
13
1
9
14
6
2
12
4
7
10
19
5
2
10
6
2
11
7
4
10
2
6
1
3
11
6
4
1
16
1
5
10
0
4
1
13
3
10
4
2
5
8
3
9
2
9
8
3
8
4
1
7
7
2
10
12
2
6
0
8
3
20
1
2
2
13
4
1
12
9
3
0
0
3
6
8
7
2
4
2
5
1
4
1
1
1
0
1
1
1
1
0
0
