27
50
5
32
64
3
6
7
0
40
32
72
18
75
4
45
36
13
2
5
49
75
77
51
6
25
51
66
31
28
9
22
1
30
37
57
30
15
79
2
89
13
49
10
18
33
35
44
29
23
33
19
9
30
13
11
106
44
29
25
15
35
6
115
100
17
32
6
87
16
99
24
1
52
69
11
0
39
33
31
34
16
74
36
59
44
34
48
14
11
33
43
40
60
18
51
17
0
58
37
42
23
56
37
79
34
79
42
53
94
74
47
96
41
59
44
26
85
26
1
63
57
11
69
14
35
18
22
58
76
11
15
31
3
6
88
38
59
34
9
34
60
42
22
17
2
9
66
17
133
21
29
58
6
113
21
26
4
49
82
15
39
96
2
14
71
21
54
8
82
17
25
5
20
67
36
33
12
101
48
39
13
47
14
18
40
14
47
62
62
55
111
83
38
99
21
107
46
31
79
43
63
104
12
10
41
11
44
29
67
14
13
97
102
44
38
41
13
30
54
82
69
39
11
2
70
50
13
22
41
86
120
42
41
10
21
26
4
6
35
37
57
43
23
6
44
143
67
33
32
44
18
17
93
18
26
19
64
72
39
40
39
8
0
1
18
14
18
56
8
15
85
91
25
59
4
51
43
38
30
41
41
1
99
63
1
18
56
3
17
33
26
3
26
66
57
16
86
65
40
50
13
47
84
12
62
21
0
26
49
28
27
6
16
10
97
13
70
43
115
41
100
36
30
36
5
39
85
92
78
89
50
6
98
59
22
69
17
13
21
75
10
64
28
48
10
33
44
46
23
22
27
113
16
31
35
68
18
53
51
24
75
51
51
97
44
2
26
22
28
60
74
27
49
25
76
23
90
54
28
7
4
77
82
17
53
77
104
41
1
82
50
48
51
26
43
62
107
12
64
41
65
45
70
52
85
49
47
70
14
42
40
1
15
38
11
56
77
44
108
62
48
85
84
6
55
11
31
36
4
19
11
28
35
61
68
48
23
5
50
56
61
34
6
96
44
156
14
102
69
76
33
86
37
15
17
3
9
96
24
33
11
9
86
73
23
52
50
28
25
68
92
26
26
2
58
78
6
86
12
10
82
8
22
27
90
12
20
2
53
78
4
15
64
56
31
62
13
15
31
28
13
60
57
7
21
13
8
108
106
2
32
75
46
6
86
9
11
16
48
31
46
28
23
31
67
5
5
15
23
58
59
23
61
5
54
43
4
27
8
29
11
39
54
62
23
15
67
2
22
22
35
64
13
14
24
77
22
44
23
38
38
20
51
31
18
81
43
119
4
57
6
54
17
4
33
107
28
1
21
51
85
37
10
87
16
20
77
43
104
46
54
102
2
10
42
11
13
97
52
50
26
32
14
11
27
24
10
59
4
10
96
64
25
18
29
4
7
14
34
64
4
13
14
39
45
23
29
6
90
35
31
47
69
8
6
95
60
1
33
4
47
3
50
33
71
13
14
2
71
58
25
114
24
11
75
44
18
39
66
8
33
170
54
7
51
6
43
45
7
67
72
63
48
56
54
14
55
42
44
123
62
45
58
31
24
31
39
33
3
36
2
57
19
54
26
120
29
17
51
16
78
20
43
40
54
18
3
35
77
28
0
18
1
42
57
22
28
16
41
35
8
16
5
29
29
14
22
38
11
44
36
23
34
22
94
24
11
3
41
39
22
101
10
21
65
2
32
38
71
56
85
45
19
23
52
13
18
32
11
66
70
108
34
7
22
8
21
54
43
22
35
57
42
6
50
1
28
37
40
30
19
70
15
0
85
25
5
24
4
3
18
29
98
24
67
13
21
40
15
13
31
73
1
8
68
54
20
117
35
15
22
100
51
31
17
18
11
21
64
39
18
80
24
0
25
55
36
66
78
35
30
4
58
17
64
82
33
4
24
137
31
37
21
36
11
70
50
49
36
103
73
52
92
47
7
24
1
35
70
8
67
18
40
44
30
32
75
7
84
32
44
13
119
34
44
3
13
33
42
47
32
29
67
54
11
19
54
42
18
86
22
21
2
55
11
40
12
9
17
32
43
92
55
55
48
30
8
128
31
1
45
134
29
88
29
87
28
19
68
68
57
6
3
15
71
1
85
124
24
35
21
72
37
11
125
80
48
19
5
53
104
20
17
29
19
32
16
35
29
20
59
4
3
66
100
16
26
42
11
20
61
11
12
62
16
5
79
22
37
67
14
14
9
31
12
71
44
26
98
19
34
13
20
25
46
10
33
22
15
76
46
18
76
31
6
39
120
60
64
159
28
34
51
11
7
13
18
41
81
23
69
21
70
19
16
5
4
64
93
42
79
101
22
16
43
29
43
73
39
25
9
18
20
57
18
13
15
46
12
79
0
80
7
0
65
42
14
36
57
43
21
12
29
0
21
45
19
26
16
26
12
92
11
22
60
5
39
50
97
50
31
93
14
5
0
9
100
25
16
52
4
31
2
47
85
1
29
29
19
61
21
13
36
1
34
35
96
15
57
18
41
26
34
55
66
8
59
12
25
11
38
20
50
16
25
79
90
46
20
41
12
129
44
50
43
0
0
52
64
29
22
76
22
30
0
70
68
30
15
51
5
20
29
3
4
25
28
32
11
35
18
97
23
34
77
28
12
64
49
12
64
40
27
35
1
68
6
30
62
26
6
17
26
22
39
80
23
21
1
21
37
3
9
47
42
4
34
17
21
40
72
11
55
16
22
39
39
35
19
14
89
32
25
21
79
27
7
6
2
27
0
28
30
9
83
29
74
4
13
37
0
2
36
45
46
18
81
66
17
6
1
14
78
5
42
21
4
33
11
7
27
23
6
7
22
37
60
44
36
16
32
58
11
48
41
75
2
29
33
20
66
33
86
0
29
85
29
87
71
56
89
64
39
83
35
39
17
5
35
18
33
46
63
23
36
91
10
91
3
36
38
16
7
23
43
23
2
49
41
18
27
37
20
29
30
25
41
92
2
92
8
7
8
102
9
61
44
14
47
5
34
27
30
23
46
119
3
50
53
60
18
30
12
17
23
22
31
50
48
5
51
51
88
15
54
28
62
4
33
50
19
32
67
11
1
38
33
16
70
20
61
1
18
30
24
85
3
31
172
1
28
41
80
55
28
19
68
87
18
24
3
16
61
10
82
27
37
35
28
83
79
54
39
63
5
13
61
23
13
34
34
19
13
40
21
6
9
17
49
3
35
7
62
42
0
59
48
33
31
6
32
78
18
23
0
4
31
55
1
66
23
46
0
7
27
32
11
13
39
25
22
39
76
5
7
23
7
7
6
44
25
16
18
12
29
38
18
34
28
14
85
36
13
27
54
16
4
2
31
49
10
12
6
20
18
4
15
12
17
43
45
35
5
8
55
74
65
24
30
11
6
42
17
34
18
58
70
37
89
28
4
49
61
26
20
20
2
14
18
4
16
4
5
9
16
17
36
25
17
28
6
5
21
10
33
12
78
21
3
45
48
25
12
17
35
24
81
30
18
51
10
35
3
15
32
60
84
26
17
23
66
13
42
25
81
9
29
74
35
23
15
18
16
22
62
21
63
47
32
20
24
48
32
0
30
63
8
15
28
42
11
11
3
93
73
2
14
1
25
24
19
10
25
9
2
37
53
67
22
7
34
47
48
34
85
4
45
40
28
12
40
2
4
3
10
55
57
41
29
96
47
8
67
0
41
38
49
16
12
2
30
51
90
21
36
7
41
25
31
40
51
26
68
38
2
42
12
50
49
59
1
13
8
51
29
35
12
35
79
56
5
28
3
2
39
20
14
17
61
42
52
0
30
2
12
34
4
61
54
34
69
5
45
57
12
4
16
18
42
37
51
97
34
47
41
56
20
2
23
10
26
0
45
47
14
1
43
19
8
69
33
66
34
30
1
33
18
22
6
8
6
13
58
0
103
54
33
3
37
56
21
23
62
25
1
69
12
31
37
27
67
56
62
1
52
24
77
44
42
51
55
32
7
12
60
37
39
21
31
15
32
20
22
21
3
16
49
37
57
51
12
7
27
48
9
51
46
19
16
44
24
48
30
49
55
24
9
20
1
29
56
60
22
43
22
4
32
1
25
18
37
17
54
50
28
59
59
19
6
20
39
104
26
71
82
9
66
14
32
17
63
3
102
11
28
43
46
72
17
50
25
23
24
7
35
92
34
6
8
2
9
23
23
53
11
6
5
45
76
36
36
24
42
14
5
47
18
114
10
14
17
0
1
42
23
35
4
25
35
39
12
36
61
29
3
22
23
0
12
47
83
80
48
9
7
49
27
94
15
42
3
10
8
8
36
8
36
8
18
16
4
2
8
19
99
76
18
17
87
34
5
35
47
35
3
1
4
4
1
62
14
43
33
74
14
14
62
20
8
34
46
34
14
9
14
5
16
6
22
61
3
63
1
3
5
29
11
60
19
20
25
37
25
11
23
23
11
3
2
9
42
63
46
54
74
30
48
39
26
45
31
15
49
9
2
21
69
10
10
35
42
2
9
44
65
84
8
26
57
19
15
14
30
13
1
32
41
20
11
15
25
8
11
28
40
47
14
17
2
11
36
10
14
7
49
64
16
48
29
66
8
64
29
31
2
12
43
13
67
7
44
67
3
34
4
7
30
1
22
23
52
21
57
35
54
62
80
13
6
31
58
40
16
60
4
20
33
74
12
2
13
8
23
4
16
10
51
43
15
20
14
4
31
14
48
51
15
34
98
37
61
25
4
50
4
14
86
26
45
17
40
15
38
13
5
53
38
6
27
15
42
0
55
41
31
23
10
2
15
37
80
32
45
49
27
0
3
21
37
55
3
98
70
14
34
23
25
41
117
35
44
8
22
6
34
1
31
22
9
7
47
1
65
8
19
13
56
23
21
0
25
31
9
55
26
47
8
12
61
55
28
43
77
87
25
53
4
18
8
38
1
50
25
37
38
1
26
21
23
48
16
1
3
40
25
2
6
43
57
8
9
4
59
27
5
40
17
30
17
7
4
7
1
35
27
48
42
7
3
57
34
38
4
15
89
9
39
9
53
39
3
30
2
9
0
47
23
2
51
45
44
8
37
9
27
42
24
32
11
18
87
7
21
28
34
27
29
26
19
53
1
1
31
17
5
33
23
10
1
38
6
53
7
18
25
1
6
29
1
41
20
25
10
37
42
11
18
16
4
39
37
53
9
3
19
48
14
22
35
22
3
7
36
8
5
78
12
30
30
8
18
24
61
26
67
20
7
29
16
45
56
6
36
30
48
31
10
13
2
10
2
50
36
39
21
15
30
22
0
20
15
43
8
21
8
7
1
45
11
74
1
20
7
53
49
58
35
2
30
50
52
3
36
30
4
0
17
25
37
21
30
15
18
6
4
18
35
3
66
29
51
17
15
3
10
3
10
20
15
28
45
7
38
30
19
25
8
28
23
23
26
2
1
8
27
5
56
24
2
49
6
23
13
33
27
55
10
24
16
5
16
59
38
27
54
17
2
42
39
8
58
32
1
18
10
37
18
12
41
16
12
34
22
13
25
21
29
6
16
1
30
8
47
42
72
17
29
1
11
26
26
33
28
14
35
8
12
35
29
29
27
3
1
12
13
7
31
31
15
4
18
14
7
18
69
10
33
2
41
21
25
18
0
15
5
52
33
21
66
26
2
17
34
8
22
1
34
10
14
30
3
7
8
22
9
23
35
28
14
27
45
14
59
52
43
29
66
6
7
38
21
15
10
1
10
17
11
24
10
27
13
27
11
39
48
14
17
1
25
10
29
5
8
17
21
17
6
27
15
17
9
10
59
39
35
7
42
30
13
3
29
14
31
73
25
22
14
39
10
14
25
1
14
26
34
13
20
7
5
16
4
55
18
1
31
6
5
46
21
21
13
39
15
18
89
13
4
30
24
7
45
37
43
8
10
37
21
19
13
7
6
25
5
22
11
18
5
40
4
40
15
8
32
7
30
18
4
4
1
11
52
24
41
4
5
15
51
14
37
15
21
10
5
3
32
44
17
18
20
15
6
11
10
0
47
3
11
11
23
21
16
4
20
7
24
33
25
46
59
10
6
1
16
7
3
17
14
19
31
29
30
33
5
41
11
25
2
28
16
1
29
0
6
18
21
1
22
40
20
9
0
47
53
17
8
8
24
13
24
40
3
8
10
7
21
16
10
43
46
3
6
34
1
38
19
20
15
6
45
52
12
8
13
19
21
1
13
26
16
6
9
5
30
30
3
5
17
39
44
20
7
20
24
23
4
35
28
32
33
0
43
8
41
9
13
21
30
2
30
19
10
36
5
8
8
25
33
12
3
41
2
9
12
1
10
19
16
1
7
42
34
11
9
32
1
33
19
11
15
20
1
18
15
27
5
1
4
9
16
2
42
36
6
3
9
19
17
2
45
15
15
36
6
11
50
2
39
5
43
15
2
7
5
17
27
21
39
3
13
10
31
49
14
5
17
13
13
21
27
19
26
9
11
17
12
10
25
1
19
7
1
11
0
4
9
5
23
18
15
13
9
20
6
18
20
10
30
22
1
10
40
20
1
3
13
2
20
3
11
14
26
9
3
20
6
1
12
22
13
13
16
7
16
1
2
20
11
7
13
6
8
13
3
31
16
23
6
6
25
16
16
7
4
2
7
30
35
11
23
3
7
16
9
15
1
25
29
25
36
12
6
37
13
12
2
28
16
7
27
6
1
69
9
7
12
4
12
13
11
7
10
16
5
24
1
1
24
18
15
15
6
4
9
31
5
2
15
6
22
25
6
2
19
11
9
16
9
19
0
7
8
11
34
7
2
10
21
3
1
30
4
7
9
13
15
26
2
2
1
9
18
2
7
12
1
18
6
3
8
17
33
14
1
4
10
1
23
12
26
4
15
5
15
12
22
31
7
1
1
9
10
18
17
5
2
4
6
14
7
13
15
9
3
33
2
23
2
4
4
15
3
5
1
27
13
5
10
1
3
2
5
2
16
1
11
7
3
3
15
9
2
14
4
19
19
15
9
18
8
6
9
2
0
5
8
4
1
2
11
6
12
22
4
9
17
10
4
4
10
8
13
5
16
29
5
7
1
13
8
10
13
7
14
8
11
11
7
7
15
2
8
7
7
29
0
7
1
4
18
1
1
4
17
0
4
13
8
4
2
6
17
2
5
11
10
7
3
9
12
13
11
9
2
16
6
4
6
14
1
7
7
5
4
11
5
10
13
9
1
2
7
2
2
9
2
10
21
9
7
8
17
3
4
0
8
3
5
9
17
7
3
3
8
6
1
6
5
17
0
2
7
8
0
13
0
2
6
1
7
1
4
2
0
1
3
1
2
0
3
8
3
5
3
1
9
1
6
2
2
1
1
2
0
2
1
1
0
0
0
