37
118
17
70
63
10
34
114
5
22
0
3
1
9
28
10
98
48
9
19
2
29
11
17
8
18
48
43
27
12
5
10
8
47
15
5
19
24
61
119
38
34
14
1
25
21
34
43
35
36
15
15
26
22
39
75
33
14
10
25
6
115
93
31
19
49
2
33
52
65
11
24
68
33
11
21
102
15
26
31
60
41
53
22
47
44
27
26
21
2
18
31
6
36
6
42
93
45
48
60
52
63
7
8
75
79
98
9
29
17
23
29
88
6
61
9
15
108
16
20
127
75
109
6
26
72
70
34
51
45
5
12
43
72
17
59
85
14
30
68
6
33
28
40
127
22
82
20
54
91
27
42
12
0
5
17
90
47
33
25
35
53
62
51
7
68
75
49
43
24
65
86
72
36
39
47
34
17
122
17
54
40
26
58
52
59
107
33
73
24
25
18
44
89
37
7
16
59
32
33
84
38
15
75
14
135
17
31
7
50
20
30
16
2
78
4
48
5
74
25
50
23
18
2
43
61
26
9
81
10
35
22
1
50
38
13
15
66
46
58
55
35
60
16
11
82
38
43
42
88
64
22
15
6
55
8
25
68
55
141
48
32
6
16
65
20
75
13
26
57
66
34
12
53
14
89
2
60
29
30
53
3
18
12
94
7
32
62
39
29
13
21
65
20
5
52
38
62
26
21
131
50
1
47
78
32
5
18
33
36
49
24
82
26
20
17
38
6
1
89
4
11
33
9
33
30
26
42
62
90
146
42
50
83
28
11
44
15
29
48
135
6
60
58
25
103
44
100
80
24
12
30
36
25
56
41
116
95
51
40
95
109
37
28
21
78
92
5
91
33
1
21
30
3
12
14
8
0
20
26
37
37
113
29
84
71
38
66
105
14
4
2
11
29
150
32
8
9
28
84
22
52
42
72
21
41
53
33
104
31
44
32
38
14
20
47
120
73
95
12
22
8
31
0
56
60
6
3
2
29
24
97
59
77
11
97
8
45
48
19
25
38
6
30
37
18
83
50
11
97
46
66
28
27
61
19
102
69
113
2
4
22
110
38
13
87
28
38
38
58
1
48
13
30
60
100
37
28
8
58
150
0
49
5
23
3
4
35
5
23
76
13
97
28
16
6
80
55
92
64
13
32
5
90
27
69
11
0
43
32
37
31
10
67
13
55
32
8
21
35
125
3
1
82
1
33
74
11
105
47
89
16
5
23
11
36
16
12
28
19
6
43
31
47
48
41
38
109
5
26
7
52
37
29
7
3
20
49
40
92
30
16
145
2
14
53
34
82
9
26
73
23
9
36
48
4
2
37
77
10
46
50
18
14
41
102
48
32
1
56
59
16
7
6
11
25
18
24
35
7
9
29
135
21
80
41
26
47
88
8
28
53
62
86
3
53
0
34
22
16
65
26
21
38
74
90
64
89
51
17
88
49
38
65
100
62
6
63
50
125
38
28
12
50
1
78
10
13
4
45
35
66
38
36
55
23
6
62
30
41
39
10
5
43
30
39
65
40
27
4
60
71
5
8
35
46
1
69
65
7
32
181
1
42
19
67
42
64
55
18
13
95
35
95
28
19
123
15
74
8
12
62
23
22
46
46
46
13
68
12
52
28
12
71
14
68
46
2
39
27
34
16
37
33
68
1
3
65
26
53
24
89
64
12
21
3
97
4
10
53
52
78
2
84
43
14
51
26
29
8
97
41
69
30
46
35
49
34
9
23
123
33
42
23
25
58
55
104
40
93
78
4
101
97
100
62
79
111
8
8
9
101
31
45
28
36
14
29
58
31
21
38
23
24
72
63
14
51
18
33
21
20
4
25
51
35
31
77
45
49
35
8
27
37
23
1
16
82
86
9
8
35
30
11
36
104
62
31
3
76
15
32
71
14
72
59
89
29
4
74
57
19
9
17
3
21
8
54
1
28
2
45
34
79
31
46
17
89
35
9
7
23
88
26
46
58
44
85
59
4
32
76
71
48
62
45
32
34
0
15
48
62
34
17
53
31
11
85
27
114
0
10
9
56
46
30
69
26
0
22
20
9
31
93
20
3
100
7
29
74
72
51
108
33
20
24
81
18
50
13
40
24
59
13
55
68
15
7
22
57
28
5
15
41
58
36
71
20
33
28
29
31
23
12
72
18
2
27
57
103
21
64
88
23
12
6
38
41
29
22
4
3
43
41
128
23
51
13
15
31
29
62
121
37
115
14
37
41
66
25
85
15
25
31
33
82
8
151
81
4
15
78
6
113
65
7
12
28
25
9
5
26
43
2
19
17
11
63
24
32
46
30
9
26
29
62
53
56
27
7
27
36
63
13
12
26
45
48
2
5
60
2
5
33
77
64
62
106
10
32
60
4
23
19
12
48
8
3
59
30
13
36
72
5
45
46
11
46
116
15
54
23
21
66
39
0
90
61
35
25
22
7
15
81
25
35
10
78
36
2
6
21
12
52
90
50
23
7
53
19
0
66
4
38
48
91
56
53
50
14
43
40
55
8
43
8
24
54
36
47
7
1
19
110
36
55
30
48
3
51
16
56
23
61
36
57
4
14
50
54
19
12
4
8
8
19
60
31
49
34
23
26
58
68
68
8
40
73
21
124
11
6
44
62
39
34
73
63
14
86
89
0
51
41
48
36
7
3
37
46
14
51
10
42
32
47
57
43
40
21
30
65
16
135
8
29
15
27
20
71
58
15
59
26
41
10
42
0
23
132
39
1
63
65
76
70
62
72
38
10
37
60
31
15
18
9
23
70
28
39
1
42
6
20
29
60
25
94
34
51
14
62
105
22
65
2
42
4
31
97
37
25
5
38
47
57
50
30
21
13
42
38
26
13
67
86
103
117
5
45
1
59
37
4
58
9
48
58
14
90
67
23
44
11
83
23
46
17
16
23
16
2
21
2
14
5
31
56
0
29
5
9
36
19
90
2
101
55
41
49
42
15
27
54
13
5
6
9
22
58
58
25
41
44
7
13
66
60
4
13
92
6
13
10
11
9
23
38
17
13
29
6
8
54
9
53
18
7
9
31
17
3
15
21
12
46
74
27
29
28
5
75
85
25
77
25
123
18
2
7
34
56
10
66
1
77
85
32
2
135
63
22
14
11
9
24
102
5
33
46
34
37
46
34
53
6
36
21
13
49
56
13
34
33
14
95
22
19
37
7
29
25
6
8
19
5
1
0
7
48
2
21
74
6
29
70
63
39
24
16
39
15
23
1
22
6
38
17
15
24
68
58
50
1
59
25
4
30
20
25
45
5
21
4
53
32
48
78
39
73
44
20
9
4
5
0
24
10
34
29
5
5
45
17
75
68
18
47
31
44
0
30
17
64
24
30
57
7
24
12
4
65
10
59
34
10
17
19
35
8
40
53
4
24
16
43
65
71
16
11
8
18
35
17
9
43
5
80
47
4
15
21
12
28
15
34
39
44
44
3
10
0
69
120
24
39
9
16
2
14
23
5
111
27
6
59
92
38
3
12
2
29
16
28
27
33
5
66
39
17
3
33
36
24
11
18
3
7
57
57
52
88
18
44
33
24
60
28
6
10
0
69
20
39
32
6
23
24
8
27
6
27
26
14
6
47
19
2
12
9
86
28
7
36
65
63
50
15
71
4
66
29
57
45
17
62
6
34
11
0
3
3
6
26
22
12
28
6
25
45
24
49
3
83
62
8
4
47
48
56
5
79
22
1
10
40
76
1
21
21
5
24
50
15
42
31
98
52
37
2
7
31
40
26
63
18
6
20
2
42
93
13
29
9
7
18
4
6
72
40
14
10
30
80
37
90
74
80
15
92
27
33
51
75
52
14
18
47
64
19
3
108
2
15
70
41
41
57
20
27
31
46
22
3
52
63
53
42
30
11
1
48
1
87
29
26
28
13
23
3
33
8
26
44
120
2
44
31
45
2
21
9
30
0
30
3
33
22
60
16
46
2
12
20
47
3
16
47
23
8
31
55
47
63
9
43
10
81
30
39
35
10
50
89
17
25
9
6
8
45
63
21
28
58
19
21
28
11
8
44
6
16
13
11
23
6
71
4
60
68
43
12
31
42
4
13
23
24
42
33
22
12
18
82
59
4
19
13
36
6
32
6
36
9
34
42
14
9
8
46
26
26
82
28
19
48
55
95
36
5
13
18
42
4
25
14
9
26
53
21
12
80
59
7
46
8
7
48
7
44
9
7
31
28
8
24
12
28
32
84
85
7
3
7
81
11
28
5
23
39
36
5
3
15
14
30
23
20
37
5
5
66
11
36
7
25
16
22
7
18
35
32
16
77
32
59
82
116
54
32
5
6
68
32
64
16
10
39
8
12
37
19
27
21
24
2
29
12
72
41
34
60
9
53
76
35
22
1
4
49
32
109
65
58
23
2
29
45
27
29
22
29
19
42
45
5
64
51
12
8
9
16
15
25
55
14
13
3
8
10
20
58
22
58
8
32
2
9
19
68
22
62
56
10
1
22
50
15
6
59
16
17
5
59
70
30
59
45
22
7
16
10
9
26
14
33
1
64
7
15
35
13
0
32
25
25
33
50
32
6
7
15
38
61
2
14
65
6
25
1
26
49
4
40
14
81
1
10
29
35
0
8
8
8
15
18
12
1
68
43
18
55
35
1
27
33
39
12
4
40
0
8
10
39
54
12
22
50
15
55
9
38
72
18
8
9
11
49
34
25
27
12
21
9
43
3
8
11
72
21
1
5
9
62
26
10
25
55
37
12
43
18
57
72
12
40
28
7
2
45
13
36
8
5
20
42
18
66
39
29
16
6
70
15
37
17
23
70
73
20
60
46
19
6
48
73
4
8
14
14
27
7
11
24
11
25
50
17
9
12
22
8
37
5
31
17
55
16
36
27
24
39
1
17
40
16
6
73
2
54
6
26
58
41
0
45
29
40
25
55
42
31
11
63
25
20
24
1
11
54
10
9
1
8
25
48
13
21
37
43
0
28
45
24
50
37
52
23
36
12
32
27
14
5
19
14
28
10
16
3
52
39
30
20
12
6
14
50
18
2
43
40
30
1
9
45
57
38
10
41
1
26
49
30
11
6
45
4
35
1
14
9
7
57
5
26
50
29
21
30
36
19
36
18
11
52
54
17
31
4
41
52
11
74
64
50
44
12
21
1
4
22
40
7
30
54
30
24
4
77
5
17
38
2
33
27
8
27
17
12
43
46
35
3
8
39
37
14
12
3
25
17
21
29
14
6
48
1
68
14
17
44
22
39
31
18
1
3
10
28
13
9
4
12
1
16
13
24
48
5
25
13
26
5
47
30
42
45
19
8
24
10
40
7
9
47
17
38
46
28
4
20
32
10
12
6
52
21
86
3
20
22
5
15
39
1
7
4
2
9
13
72
0
32
16
7
15
23
9
7
35
1
29
6
11
10
64
2
19
25
12
3
7
24
22
2
48
16
28
10
27
5
17
19
3
16
4
86
56
19
3
32
24
15
6
25
8
3
10
48
28
14
31
15
1
33
7
24
10
32
0
2
58
37
28
34
11
40
18
64
36
11
32
29
53
2
19
18
37
26
30
9
40
12
20
18
16
2
4
14
30
22
4
36
2
56
12
20
15
38
25
13
15
24
42
26
2
21
18
3
9
7
33
43
16
3
36
18
42
33
18
2
25
7
6
48
41
28
35
5
12
20
6
20
6
3
3
4
47
4
19
34
11
18
14
62
47
8
1
18
9
30
16
3
45
18
10
35
21
4
2
28
1
3
27
6
22
12
0
47
46
0
12
69
5
28
12
3
0
3
22
27
14
46
36
28
31
17
16
17
3
8
9
31
18
18
36
11
32
17
6
25
13
38
40
15
26
32
16
2
38
15
2
32
26
20
20
53
3
15
23
21
17
11
7
42
27
28
30
4
3
48
30
23
26
0
74
10
13
21
1
13
18
3
7
2
28
6
8
42
52
42
47
3
17
32
3
20
20
8
40
42
40
5
25
52
8
21
5
12
4
5
18
7
22
4
38
16
3
51
7
49
18
11
15
20
2
30
1
8
9
42
63
7
19
34
1
52
16
17
17
0
9
18
32
15
1
3
16
63
11
12
3
13
28
7
17
7
16
27
14
36
28
4
16
4
25
29
38
57
18
12
26
31
25
7
33
8
26
21
24
19
35
16
9
6
50
54
13
13
16
36
27
10
18
23
9
16
64
11
20
6
24
21
28
47
14
20
3
32
40
11
3
19
43
44
7
21
5
2
39
12
17
19
36
9
8
3
44
15
0
22
24
8
53
1
35
0
16
4
0
13
23
15
10
40
19
1
34
35
25
10
77
2
7
12
40
19
9
30
9
44
46
18
38
23
11
12
4
37
24
6
41
1
10
30
13
21
13
24
4
13
33
35
26
2
21
21
15
20
4
10
3
2
31
4
12
17
15
29
22
0
54
17
20
14
14
5
2
19
11
13
1
20
37
17
24
47
2
17
23
9
32
3
7
11
3
15
28
6
8
0
5
30
14
6
3
21
11
61
11
18
4
14
33
4
20
0
29
22
6
8
1
27
21
13
4
42
15
5
15
25
16
8
30
28
4
7
1
65
14
5
2
10
9
39
4
28
44
31
1
2
4
1
34
32
22
12
27
29
20
3
3
3
27
4
17
5
3
11
4
17
15
34
26
1
1
7
1
11
23
21
1
9
25
30
25
9
1
2
16
5
7
1
5
28
14
7
18
14
28
39
11
11
28
10
1
2
26
15
2
0
18
5
17
40
18
24
45
3
2
6
21
19
9
18
1
9
10
1
4
0
11
14
7
16
19
2
1
10
17
16
14
33
24
20
1
1
12
14
9
2
24
1
14
7
10
0
11
17
31
10
10
9
19
7
11
19
6
8
12
18
7
5
24
11
7
33
25
16
22
6
1
7
1
18
2
13
7
5
8
7
1
1
24
22
27
1
18
2
29
7
4
3
1
12
19
5
7
0
6
7
6
17
9
6
5
2
4
16
2
10
15
3
2
10
10
17
29
16
5
7
5
5
4
4
9
6
14
7
18
4
10
9
23
5
16
7
24
8
6
6
13
11
5
8
23
13
5
10
0
13
4
8
21
10
9
11
6
1
19
31
8
12
19
11
10
7
1
10
3
1
19
6
13
14
13
8
12
2
2
12
9
9
7
8
2
7
11
18
4
5
12
9
6
13
4
2
3
12
10
2
4
7
5
8
1
3
8
1
16
6
6
7
16
1
5
4
5
9
16
10
5
9
23
10
4
10
3
5
11
19
2
14
8
5
7
2
6
9
7
3
1
2
2
5
8
1
11
10
11
5
1
0
7
1
4
1
1
10
5
1
2
4
6
0
3
3
1
3
6
1
1
5
1
2
2
0
1
1
1
3
4
1
0
0
3
0
1
1
