15
20
2
34
28
26
4
13
4
45
15
64
18
13
77
31
8
2
4
15
9
52
74
90
83
19
24
40
12
23
7
46
15
67
9
2
20
28
7
186
89
39
98
23
30
4
37
17
33
71
34
7
97
31
11
54
8
29
61
62
46
0
35
1
13
47
42
48
33
12
58
68
33
44
40
6
66
107
65
49
143
42
2
47
43
2
48
91
2
93
27
59
54
83
37
43
2
42
1
10
46
94
31
19
4
100
65
34
72
24
55
19
40
45
4
22
74
35
51
55
42
39
83
60
2
7
32
23
12
41
29
33
72
59
1
25
32
34
35
69
81
76
57
90
102
34
44
9
5
102
15
65
2
14
82
32
74
81
39
34
47
62
3
26
75
33
47
10
42
31
4
26
21
4
48
66
90
82
34
85
41
88
46
52
40
83
64
67
20
35
108
40
89
21
19
54
17
80
55
14
76
10
7
17
42
82
13
6
27
98
131
56
18
21
10
49
64
28
38
23
22
51
33
80
65
64
2
41
65
117
92
83
3
13
25
5
81
35
66
21
93
68
42
48
6
12
29
31
57
61
15
37
62
7
75
72
37
22
59
3
17
50
58
32
32
8
86
28
17
26
27
88
11
61
28
70
29
10
10
7
54
18
73
32
42
133
17
84
124
31
42
7
22
10
85
11
25
41
4
2
19
9
16
51
133
11
7
50
36
49
43
48
32
79
53
7
72
20
7
37
114
47
106
92
105
7
22
44
32
49
40
39
105
28
33
105
6
9
48
80
16
51
8
2
38
9
5
9
82
45
26
74
31
77
3
90
44
52
8
144
8
45
80
12
36
11
35
12
36
22
0
71
11
40
0
34
54
12
75
6
45
84
8
87
147
32
71
50
87
58
10
68
43
65
17
68
32
17
13
16
2
51
72
15
20
9
3
4
106
1
19
22
19
32
51
43
19
30
54
66
10
1
17
2
85
82
64
116
73
24
14
33
37
73
47
28
17
27
29
46
17
72
69
79
4
7
63
50
52
24
84
65
112
13
6
4
38
67
50
10
14
25
12
16
41
45
98
52
31
52
50
44
50
30
75
42
7
9
34
25
39
23
11
49
58
26
102
20
45
128
23
36
96
77
10
8
37
44
19
24
15
25
94
67
91
102
36
5
24
52
27
79
54
26
32
27
93
21
40
73
25
23
5
78
34
23
18
48
77
49
132
0
13
21
73
0
38
60
15
10
19
52
10
51
31
86
90
39
31
23
88
0
6
60
14
6
73
27
11
49
74
64
7
63
59
113
48
13
23
53
25
103
11
48
85
28
28
8
41
8
14
19
20
5
65
7
15
6
5
35
25
24
86
30
2
52
59
16
62
39
27
110
2
47
75
15
0
31
7
101
36
54
48
94
86
82
0
27
60
45
23
9
12
67
10
4
44
67
78
46
10
101
21
61
54
57
90
7
100
34
104
13
24
71
7
41
66
6
41
67
93
137
32
18
3
76
31
73
19
38
2
79
24
24
75
59
40
28
1
6
16
103
39
22
8
28
44
23
33
30
68
11
6
84
57
87
117
2
40
28
27
20
94
116
23
15
23
89
40
46
119
19
6
22
25
69
38
14
22
64
42
28
15
11
73
24
1
48
31
54
70
85
80
10
11
10
34
10
72
77
31
59
31
90
88
1
48
12
91
23
17
62
24
21
37
16
12
10
138
45
67
46
5
33
11
19
13
34
13
9
55
56
65
21
87
44
68
26
36
65
17
95
24
7
58
47
2
64
7
39
6
10
35
16
18
2
30
60
18
22
23
19
39
47
44
20
17
38
2
7
26
33
47
5
11
41
30
2
51
106
18
57
12
17
25
38
26
65
45
31
19
4
59
47
8
18
49
7
23
16
100
41
50
73
54
39
44
86
130
5
17
91
4
77
16
3
38
22
15
106
21
1
38
4
10
56
27
18
37
36
48
18
17
3
29
63
12
2
63
15
24
55
127
1
36
58
1
16
30
6
77
44
12
91
58
52
42
36
63
64
95
51
43
57
8
130
28
76
7
46
39
16
33
0
27
1
38
64
1
51
55
44
50
12
52
83
25
4
4
43
64
3
36
26
25
50
53
39
21
48
11
15
19
40
44
40
54
25
80
41
18
48
6
9
3
39
59
43
5
24
31
11
40
16
33
59
52
2
69
5
31
5
45
63
80
11
58
75
59
6
32
22
14
77
18
8
24
39
28
14
15
36
80
38
29
95
22
69
12
2
2
3
24
55
7
45
8
22
37
12
22
29
3
7
34
58
89
5
37
57
26
84
2
115
37
67
49
37
36
9
82
55
21
63
13
54
57
32
30
17
3
46
9
56
14
30
27
78
102
10
94
57
50
9
24
42
43
6
6
34
38
42
22
8
3
58
22
21
2
37
6
76
29
7
48
39
53
40
4
31
79
14
34
137
43
54
55
8
60
12
59
66
27
14
45
25
9
58
15
23
19
80
21
84
4
12
72
100
17
92
34
27
23
94
63
5
7
52
65
110
26
24
124
152
39
7
55
85
12
35
6
32
19
61
2
75
76
5
23
13
53
38
14
86
90
60
16
21
12
6
36
31
8
24
131
81
78
3
21
38
49
10
32
73
71
38
33
1
3
76
73
7
98
15
41
5
44
43
30
131
53
19
59
5
11
29
57
49
0
24
84
36
7
2
45
11
30
44
31
32
9
56
12
60
33
10
13
32
32
63
50
42
21
3
53
19
14
51
104
27
87
81
74
9
25
34
2
47
12
27
99
24
31
35
28
41
47
27
41
25
68
11
20
20
140
18
33
22
17
45
59
77
9
67
6
48
44
96
10
48
18
9
18
5
14
27
48
32
18
31
59
48
20
40
52
15
7
6
25
57
31
53
41
29
4
9
38
5
25
7
31
70
15
22
20
16
79
20
74
52
9
56
45
34
15
22
0
26
34
58
23
3
34
47
37
1
11
44
61
26
18
6
10
39
2
44
51
30
7
70
63
9
80
41
22
14
18
72
24
41
36
67
73
44
59
1
24
58
40
68
11
12
31
8
18
109
3
19
8
42
32
61
111
8
6
64
18
24
0
57
37
76
42
0
49
10
22
50
8
34
2
4
37
14
32
24
8
51
34
36
9
27
42
16
46
17
58
25
22
48
112
22
30
26
55
26
3
63
12
19
36
7
20
29
10
55
35
76
87
26
70
54
18
12
42
28
31
71
74
79
11
25
43
53
5
26
61
23
62
33
6
39
51
7
11
34
91
47
6
0
25
35
60
25
44
82
19
7
72
16
62
13
1
28
84
70
62
9
33
14
57
65
51
11
14
31
74
12
35
31
40
12
42
24
32
6
16
11
7
3
94
63
24
22
65
67
60
15
46
47
6
39
69
73
44
38
29
24
21
5
39
53
9
89
61
123
36
30
13
55
58
25
29
58
39
53
27
6
41
23
31
3
73
22
59
35
15
44
57
29
22
39
46
21
3
36
8
15
29
67
2
2
60
18
18
58
89
34
35
38
22
22
18
44
28
17
23
84
11
6
3
14
15
0
9
20
18
17
12
66
6
15
27
90
20
7
69
32
37
42
64
57
139
54
11
8
18
46
85
54
86
7
77
19
36
36
56
48
6
70
35
24
54
71
7
72
20
41
22
19
81
69
4
29
29
5
15
3
5
114
20
25
15
13
23
67
59
22
76
25
21
42
8
86
93
17
51
14
34
36
12
7
13
59
46
26
29
47
14
17
62
5
17
36
46
5
17
4
1
0
7
41
14
43
19
4
63
1
49
19
46
49
41
15
9
11
44
41
7
5
39
47
53
39
28
24
5
3
18
35
8
13
11
41
14
104
5
4
29
12
5
17
2
76
29
13
10
47
12
60
13
34
32
58
14
1
32
107
24
30
5
51
21
15
26
15
5
25
11
82
41
52
18
7
2
35
19
5
67
31
81
36
78
71
6
8
16
48
39
3
31
4
45
31
39
21
29
29
1
39
3
4
66
46
0
9
7
9
27
14
35
6
35
19
48
6
24
54
45
0
9
14
16
72
22
55
80
10
35
62
13
16
12
22
33
46
1
16
15
31
40
45
46
30
22
14
44
10
12
48
17
17
43
62
12
38
41
1
8
87
65
18
32
69
14
20
9
9
6
51
53
11
33
5
18
47
51
47
33
51
3
55
12
14
64
34
29
140
19
32
9
67
51
17
46
43
21
4
26
70
4
42
23
10
25
27
4
8
6
11
64
24
30
31
14
63
33
78
47
11
25
54
87
5
59
22
5
7
39
55
9
24
36
9
18
16
18
6
43
36
19
26
30
37
55
36
39
36
10
51
66
14
18
16
7
67
7
6
44
18
11
47
9
37
6
57
24
26
44
28
22
59
12
58
1
13
36
20
4
44
1
31
49
7
30
19
47
19
32
6
54
22
78
41
24
22
4
8
12
15
42
48
38
21
8
2
30
25
24
5
47
15
5
8
47
10
22
5
25
2
25
1
8
0
23
49
61
38
1
83
14
28
46
53
41
34
6
49
12
16
16
43
23
25
20
6
23
6
28
9
52
1
11
36
43
7
45
9
48
20
21
11
47
62
73
30
71
29
22
47
27
18
22
25
14
29
22
47
18
81
25
11
17
47
67
14
80
6
101
3
30
14
10
56
11
10
52
63
70
24
13
32
70
13
2
27
13
0
37
1
34
8
32
22
14
75
22
5
45
22
29
54
19
3
7
32
31
13
33
1
28
16
83
24
17
4
14
1
25
20
11
14
69
28
4
91
25
27
42
7
23
8
42
1
5
3
91
8
8
13
14
14
44
17
4
4
27
33
19
60
13
27
77
39
15
22
73
13
25
3
24
5
17
13
49
30
2
10
6
9
79
37
49
26
19
10
21
42
18
9
42
5
24
19
13
26
5
15
31
35
41
13
9
9
4
15
35
2
2
5
24
43
17
13
33
8
16
54
46
6
37
69
11
50
2
2
18
31
47
11
6
7
2
41
28
20
23
13
3
54
39
55
48
46
8
36
44
48
1
44
70
34
59
54
39
11
5
13
45
8
25
19
16
15
36
12
18
19
57
36
71
9
4
7
23
23
19
40
18
25
59
9
37
20
10
18
2
50
23
1
65
21
36
9
10
11
18
48
29
59
58
32
52
5
61
52
21
24
46
45
6
20
3
3
76
59
2
25
19
25
14
45
20
36
23
18
17
11
9
52
54
4
43
7
11
11
11
16
6
28
8
13
23
37
44
10
15
15
66
36
3
15
55
23
2
28
12
3
8
37
84
32
8
37
62
33
13
15
17
7
11
7
1
14
43
12
20
38
10
88
17
17
33
21
2
34
27
54
42
17
13
22
25
4
14
34
21
30
26
9
2
29
1
16
6
4
33
68
16
32
5
34
22
13
7
0
6
32
4
78
42
11
28
10
4
39
6
10
35
4
39
37
16
11
6
17
20
39
5
33
58
25
43
20
11
50
8
36
51
9
19
26
2
19
16
7
44
60
5
1
41
10
27
27
21
11
5
17
22
26
11
4
53
55
15
36
33
5
29
71
15
8
12
10
37
11
62
39
17
10
6
45
38
13
25
38
4
5
20
57
13
7
9
15
0
7
75
5
49
6
16
9
33
21
43
55
27
7
12
54
7
4
20
8
13
4
9
24
42
26
2
15
54
19
48
13
73
23
1
26
26
17
1
19
34
30
13
21
25
26
17
15
52
15
44
32
27
19
16
19
35
0
35
4
46
9
3
84
22
20
7
5
12
2
42
46
16
31
64
26
33
26
26
6
41
8
59
15
34
5
7
9
42
18
103
51
55
34
45
35
53
22
15
26
16
41
5
12
28
24
56
23
16
39
14
7
15
38
6
8
39
32
3
24
21
20
20
11
42
31
28
7
41
2
31
25
22
35
20
36
70
18
27
7
14
5
2
15
8
15
9
3
26
42
28
41
1
48
19
22
28
15
12
5
3
16
26
17
9
17
20
38
64
30
44
7
60
50
28
30
8
10
2
10
21
2
17
4
41
77
33
37
22
32
7
31
31
11
19
32
11
18
27
6
13
21
26
13
23
9
31
17
42
15
9
18
14
49
32
12
7
17
6
39
30
49
39
3
35
11
44
28
9
52
0
2
36
19
36
28
12
20
23
21
50
13
11
17
49
4
30
2
3
9
8
43
8
19
12
12
16
28
5
8
39
8
18
48
26
23
28
7
13
58
31
24
9
16
9
30
3
21
2
14
29
8
23
10
7
15
9
25
10
2
15
1
9
29
16
9
14
11
27
64
27
9
5
16
25
2
22
23
13
5
8
2
13
18
39
23
3
21
14
4
13
20
5
1
1
9
31
19
2
5
27
9
26
40
28
2
9
9
7
17
6
16
0
12
40
10
28
27
26
16
2
1
7
11
51
57
2
8
19
12
9
25
12
20
2
29
44
10
12
1
3
35
21
21
16
5
6
17
7
7
48
7
21
4
9
41
1
11
7
1
25
17
14
3
22
5
21
4
35
3
24
16
9
11
13
18
34
18
22
9
4
4
7
5
25
12
21
19
21
3
13
23
39
4
11
9
27
2
15
25
1
22
28
16
8
3
11
4
2
0
8
9
22
22
20
16
37
1
26
11
5
12
9
38
4
18
7
6
16
3
12
16
6
6
32
3
7
15
3
36
12
1
7
15
18
0
7
40
9
25
13
1
28
4
21
14
8
20
20
11
8
7
6
17
28
14
30
6
16
2
7
15
17
20
23
28
17
5
22
6
6
5
22
20
14
10
3
22
0
6
9
12
1
3
4
25
6
15
31
8
7
3
9
2
17
1
10
7
2
24
29
10
0
26
8
21
8
1
9
22
3
8
3
10
27
14
1
3
22
6
4
7
4
13
11
5
7
18
23
13
14
5
7
6
2
1
8
10
10
16
13
19
21
27
9
7
5
28
2
23
26
14
3
15
11
10
1
4
4
15
15
1
11
4
27
2
5
10
18
1
12
12
16
9
4
6
12
17
3
1
18
5
40
7
5
1
3
25
4
5
24
2
3
13
3
13
3
8
3
27
15
14
2
8
16
10
14
11
11
2
1
7
5
25
11
1
1
14
8
3
2
8
14
1
7
3
5
25
6
17
19
8
6
5
5
0
6
5
1
7
13
7
3
2
13
12
17
15
8
6
4
10
9
0
10
8
11
7
12
1
9
2
4
3
0
9
2
11
3
17
3
3
3
0
1
1
6
2
6
2
7
5
17
12
13
1
3
7
5
3
10
3
15
16
9
10
12
14
8
8
2
1
6
9
0
4
4
1
8
8
9
9
3
0
4
4
19
4
4
2
17
3
4
11
3
6
1
4
1
5
2
4
2
11
1
1
1
1
4
7
1
9
1
2
1
1
2
7
4
1
1
0
5
1
1
0
