2
10
63
17
10
53
67
2
10
67
41
4
54
80
80
21
7
10
35
3
12
3
21
29
21
4
7
45
83
12
15
54
32
7
1
6
53
17
19
63
154
103
8
1
14
23
17
35
5
65
59
19
60
114
91
45
135
11
50
1
50
6
25
29
49
61
43
27
70
28
147
3
12
31
15
63
45
50
18
20
45
34
26
44
78
63
58
17
2
12
92
8
38
58
13
26
64
20
9
32
50
88
60
73
44
92
16
58
79
102
9
18
55
73
2
17
20
23
70
30
14
6
169
82
2
87
25
72
18
104
66
22
23
13
13
12
61
21
60
75
70
62
81
11
52
33
39
79
16
61
63
8
15
91
59
75
7
18
55
93
82
82
47
45
8
59
76
8
21
41
50
30
93
38
28
18
43
15
17
11
124
57
7
50
113
15
15
82
15
37
60
11
35
66
40
23
11
32
129
71
3
3
36
22
6
7
115
65
6
30
107
76
86
30
37
64
62
16
63
73
16
18
58
12
38
23
50
14
40
5
14
99
23
38
3
60
115
56
33
33
57
20
81
11
14
103
30
67
74
12
51
24
1
143
54
1
18
35
75
4
23
23
85
78
56
75
24
20
84
68
52
3
46
6
15
0
27
108
28
31
28
21
98
38
14
70
106
59
48
48
2
46
43
29
25
10
23
11
72
1
91
23
43
80
24
105
60
2
97
55
3
38
1
155
53
17
50
54
9
90
43
9
64
45
13
68
80
10
39
26
43
7
58
71
52
25
34
82
36
67
48
12
11
11
0
22
7
54
12
54
16
6
23
15
155
30
13
93
23
19
62
4
22
37
5
47
6
38
69
75
8
61
57
36
2
6
26
13
51
37
43
14
31
54
65
38
90
105
10
5
40
35
76
24
63
75
4
94
47
29
42
40
33
55
29
26
55
18
61
1
97
16
40
3
1
38
22
30
47
34
27
15
15
63
26
9
15
13
203
34
28
64
42
53
37
4
41
39
2
49
11
5
89
27
10
51
90
42
5
31
35
16
5
36
62
35
24
61
43
17
105
12
22
50
118
110
84
15
32
31
3
88
12
48
41
22
17
76
3
127
32
57
122
4
63
9
24
124
14
54
91
7
36
32
17
51
116
24
99
40
3
18
24
1
64
74
45
24
40
19
11
24
29
65
0
40
21
35
25
26
31
39
67
48
47
15
40
54
97
51
66
59
8
0
81
19
2
51
8
4
8
12
34
37
88
74
147
55
82
49
11
52
78
17
19
21
52
12
126
36
1
19
57
14
2
21
19
126
26
102
43
49
64
23
68
43
100
5
36
30
19
73
29
12
37
76
88
0
68
17
45
27
23
66
123
15
40
39
65
55
59
71
34
91
19
13
74
54
32
52
50
79
10
22
74
41
32
30
8
43
18
20
80
11
29
39
2
86
100
40
37
37
58
37
55
68
119
32
61
20
7
14
24
35
21
75
43
38
33
25
34
10
32
31
68
45
10
64
47
7
12
32
62
80
78
14
51
10
157
42
107
35
2
52
114
7
39
14
37
6
49
45
48
93
21
31
79
22
9
31
2
13
6
42
4
17
53
39
1
21
25
33
6
70
60
40
84
21
89
15
7
62
26
5
75
70
29
15
41
52
118
36
95
44
15
2
17
14
9
46
48
35
81
22
28
16
93
50
7
169
20
65
14
33
65
66
20
40
7
31
62
11
7
136
10
77
51
70
16
13
65
54
15
69
16
13
1
66
18
23
54
74
45
125
45
46
107
67
128
77
23
49
13
53
75
15
56
9
1
31
27
5
82
18
76
21
7
13
12
0
8
87
49
51
69
63
1
29
25
27
19
66
65
76
81
21
27
73
64
65
13
10
20
41
28
5
102
78
6
94
51
90
5
5
39
12
38
76
17
39
2
37
7
3
26
64
74
42
15
56
38
49
11
4
6
18
96
72
36
77
92
71
9
24
7
93
6
2
18
7
37
100
52
20
31
35
75
11
41
0
5
23
60
57
30
55
5
26
71
91
84
93
42
33
70
44
1
0
65
26
94
28
58
7
47
11
16
193
38
22
41
0
36
36
27
16
35
103
73
15
53
41
19
98
65
90
12
52
46
29
39
48
45
21
7
37
70
44
100
37
62
6
33
4
24
67
74
94
24
17
92
25
30
2
48
57
38
50
13
63
49
37
49
41
80
118
81
30
67
68
13
21
5
31
62
56
126
31
5
87
10
64
69
39
6
42
31
9
73
74
7
1
31
41
31
51
21
19
29
6
58
102
88
0
43
40
1
52
7
81
40
57
29
1
27
31
59
69
85
72
60
2
37
1
70
95
7
8
77
19
26
49
40
64
81
22
17
17
14
51
20
37
2
25
58
17
51
23
19
52
42
69
59
97
14
23
94
12
26
67
47
28
13
41
32
30
7
16
30
7
16
45
39
40
10
32
46
67
78
26
103
16
30
69
45
31
23
13
18
10
8
53
93
50
9
24
54
31
23
0
16
48
28
49
11
22
26
136
23
38
19
23
25
3
59
1
45
19
56
1
28
37
41
57
21
2
22
66
42
106
29
86
24
32
46
10
31
86
83
98
7
22
7
5
72
33
0
52
3
12
33
25
38
34
12
30
13
33
21
82
28
46
7
34
74
24
15
85
29
31
36
180
71
106
1
3
22
32
22
80
16
29
39
81
7
24
15
65
31
16
40
31
10
31
68
38
54
11
77
15
60
47
22
24
24
31
59
25
78
35
28
15
48
47
2
57
23
51
51
22
19
4
62
70
56
36
25
4
37
16
37
33
34
9
105
11
37
16
43
21
26
43
38
53
15
32
37
42
14
51
53
3
35
21
7
128
96
6
18
19
27
72
51
86
78
58
10
99
19
13
15
23
14
53
7
42
82
10
63
126
18
43
12
5
2
157
42
84
96
27
11
29
10
66
40
11
4
35
27
44
43
3
40
5
23
41
0
14
63
4
13
12
71
2
44
29
25
4
44
35
70
35
44
6
26
83
4
9
57
1
48
30
22
19
45
6
81
18
10
6
17
123
7
93
66
10
55
10
9
19
13
62
30
38
1
56
44
1
114
66
5
16
61
48
34
8
19
20
37
61
22
2
36
78
84
8
10
51
38
79
0
34
32
19
46
11
14
16
1
40
15
16
47
28
1
23
15
120
84
39
93
15
50
45
61
44
37
130
24
24
17
35
17
80
8
15
19
47
29
47
26
20
2
40
115
1
6
18
9
18
26
26
14
11
35
105
16
14
5
80
34
11
18
47
42
44
40
14
51
7
19
13
16
3
50
11
55
52
49
17
72
6
21
35
52
52
26
67
10
7
44
23
7
19
14
41
21
8
24
17
20
5
26
49
11
48
33
48
20
37
10
8
32
42
43
18
37
7
3
47
7
31
4
36
17
14
16
26
61
11
25
4
37
28
19
23
23
38
66
1
31
29
9
31
3
31
56
58
18
1
23
1
32
30
63
10
7
12
5
35
49
40
12
38
55
25
34
15
25
28
66
4
7
22
46
2
77
21
12
50
70
18
0
62
9
32
14
50
10
42
58
39
20
1
21
18
45
9
1
74
0
33
4
12
21
6
39
62
8
66
43
12
25
49
35
54
72
79
42
101
16
59
19
19
43
29
3
3
14
17
21
56
13
38
24
55
72
30
20
71
25
17
24
57
15
1
61
15
7
5
15
63
22
82
3
33
28
13
25
49
22
101
54
48
42
40
40
10
47
1
7
32
32
8
10
6
46
7
26
8
13
83
3
1
13
42
8
9
3
3
20
19
36
32
93
87
44
3
71
3
8
74
17
8
25
16
1
46
16
66
3
8
50
25
138
13
18
29
8
38
48
74
33
50
21
26
17
37
22
28
60
16
24
65
43
4
15
61
86
53
6
8
1
4
7
65
63
35
4
15
13
15
22
62
18
3
24
15
16
47
1
8
1
8
16
29
20
17
45
116
93
107
45
37
106
82
53
64
8
2
26
35
6
16
17
16
16
49
70
46
32
31
75
20
55
2
93
27
13
6
58
41
6
78
26
64
17
29
6
92
31
62
3
4
25
72
10
37
47
18
23
11
18
20
25
31
17
46
17
33
42
3
47
42
8
18
11
37
17
74
86
18
9
29
26
16
26
65
15
15
67
24
20
58
29
39
20
16
1
15
53
42
8
32
58
1
9
21
30
20
26
20
28
9
63
6
14
29
45
8
57
26
17
28
46
35
46
17
36
77
30
75
12
15
63
39
20
32
1
71
11
16
33
10
28
45
33
24
20
33
42
30
50
34
5
39
39
12
26
27
6
36
31
5
14
37
18
29
10
23
48
26
19
49
2
32
11
36
23
75
32
21
29
41
13
24
45
2
48
6
9
85
9
38
64
36
70
85
0
3
19
2
2
15
49
25
73
55
36
17
19
73
5
25
22
30
81
6
45
58
12
17
24
36
6
23
67
64
19
4
63
12
80
25
57
15
34
40
23
62
51
24
64
29
10
20
6
42
12
7
26
12
3
22
40
35
34
17
8
2
33
32
25
14
16
49
33
57
19
28
28
40
9
55
40
48
61
3
32
30
29
8
61
55
20
95
5
19
57
26
32
16
69
2
27
17
42
8
41
61
28
1
86
32
15
46
71
8
48
26
49
26
5
13
18
26
10
54
49
57
34
31
55
35
26
11
45
21
20
18
23
67
1
2
15
7
34
41
35
18
10
25
20
30
47
12
27
18
31
36
30
53
15
16
11
28
3
11
3
40
68
17
51
31
18
40
36
20
16
21
12
31
43
55
46
9
8
20
53
5
60
94
28
56
2
21
19
27
16
26
28
16
29
17
60
34
39
2
14
52
1
24
41
3
23
11
43
14
27
7
18
8
8
35
37
8
46
42
22
30
35
18
66
40
36
36
9
15
4
7
32
71
1
68
22
26
26
21
30
9
14
37
26
33
1
34
37
9
23
60
50
48
29
19
53
22
14
7
28
18
8
23
4
27
53
54
24
53
24
13
23
31
19
70
46
45
30
8
11
10
16
40
50
35
58
20
53
70
24
19
4
32
11
6
37
0
31
4
10
36
6
47
5
31
32
23
99
70
41
1
65
38
43
15
17
50
24
15
3
19
24
4
15
24
26
3
15
3
17
52
4
2
82
19
23
2
45
56
17
32
24
10
2
43
64
44
72
30
88
7
47
11
24
37
12
51
5
31
33
6
7
61
24
61
49
7
53
16
10
11
35
2
20
49
6
47
23
37
15
6
33
48
8
1
6
11
5
72
42
10
30
24
15
33
58
8
27
12
16
20
0
14
13
1
2
45
47
54
32
14
27
31
25
21
33
29
22
47
45
18
8
66
4
75
21
17
72
29
52
1
55
21
54
44
22
0
9
23
43
8
44
2
17
32
12
47
30
30
16
23
26
1
10
4
11
17
5
7
0
4
6
10
7
29
10
17
20
0
47
27
24
14
20
56
23
14
30
28
72
40
27
35
47
42
51
31
37
13
19
8
12
18
17
10
14
16
13
29
11
37
10
14
32
13
22
14
7
24
10
12
18
3
19
12
40
32
2
7
31
13
24
30
10
12
46
12
38
10
24
34
3
22
37
31
8
24
50
29
38
11
20
30
15
1
7
13
24
44
23
19
31
32
11
8
13
34
39
11
19
43
5
9
22
15
32
27
5
15
19
29
3
14
13
63
6
33
4
0
26
45
13
38
18
15
33
38
26
3
32
32
16
14
9
20
32
20
20
6
13
21
45
2
1
15
10
15
27
3
29
12
3
3
3
0
16
33
45
2
51
39
21
12
28
12
26
3
33
15
46
36
9
12
2
12
13
17
32
5
65
58
25
49
14
10
5
16
40
38
15
9
24
27
63
1
8
17
44
41
2
4
35
10
26
6
37
31
41
32
24
23
16
20
46
21
15
6
17
2
47
28
34
59
13
29
20
40
24
10
12
9
13
4
33
18
24
19
23
12
40
14
18
52
42
36
0
39
34
23
51
25
5
28
16
19
35
25
41
17
3
18
38
35
44
52
2
25
3
25
11
13
8
25
33
31
17
6
8
1
3
7
56
33
9
19
2
71
1
33
13
30
29
11
2
36
20
11
15
26
32
32
57
11
42
15
4
1
32
32
62
23
14
36
23
4
7
30
15
14
9
1
11
25
28
38
11
25
49
6
45
1
19
36
10
54
24
10
2
14
1
23
18
19
20
22
12
41
5
27
22
29
5
3
12
40
10
24
3
8
4
3
19
18
29
11
2
21
3
4
17
18
20
16
11
15
5
29
0
21
3
21
8
20
20
23
11
27
34
2
22
8
4
23
11
13
2
11
15
2
12
40
22
6
4
10
5
31
39
30
27
1
28
6
21
39
65
16
32
21
46
4
24
4
15
45
6
7
42
14
21
10
15
8
16
4
6
21
2
23
4
18
3
31
18
10
12
36
19
35
10
6
1
34
33
21
28
8
21
1
17
34
5
0
27
17
19
10
0
5
10
33
20
8
1
19
15
2
5
13
50
1
1
12
4
7
20
13
13
41
25
8
4
14
45
23
3
26
3
13
41
12
14
23
7
19
12
11
14
19
1
40
37
29
1
5
10
15
11
21
21
3
18
4
10
22
10
19
23
60
28
12
4
16
10
19
14
16
4
16
43
36
9
24
24
13
9
1
16
10
5
2
4
18
12
40
12
10
1
8
13
20
14
3
8
3
33
4
23
17
22
4
41
3
49
1
7
39
15
28
2
20
1
20
4
4
15
21
8
26
7
5
1
9
9
3
23
5
7
1
10
5
18
1
16
2
41
19
30
22
16
0
33
5
5
27
24
7
40
2
10
9
3
10
7
6
4
31
1
6
37
6
2
10
20
12
20
25
25
12
7
3
3
7
1
3
6
15
21
5
9
19
6
8
5
0
6
29
2
11
13
14
14
20
8
12
6
24
3
6
13
14
7
3
8
7
12
2
9
22
22
8
31
1
31
36
8
6
24
9
24
9
8
7
1
1
3
27
18
8
3
3
12
6
5
7
10
2
11
12
18
37
4
2
5
2
7
7
12
6
7
13
7
5
18
3
27
15
8
4
2
6
8
2
9
17
16
15
1
13
2
7
13
8
5
2
5
8
2
28
6
3
10
3
12
24
1
13
13
2
20
3
13
0
5
14
1
3
26
2
2
4
2
12
13
3
17
5
14
19
7
7
1
7
12
1
4
4
10
10
0
13
25
1
13
6
11
6
1
10
7
7
7
3
2
3
20
5
3
1
9
2
7
7
1
1
5
1
4
8
14
12
1
6
2
5
0
10
14
3
3
4
6
8
2
11
19
6
4
0
9
10
3
3
4
4
0
3
1
21
7
2
15
1
1
5
0
4
6
7
3
4
2
1
8
0
8
8
5
9
1
3
1
3
5
1
1
3
1
2
2
1
