69
10
5
1
43
5
12
8
71
0
14
3
29
1
8
13
14
4
14
67
6
5
21
81
10
2
21
0
9
59
20
103
3
83
31
13
101
44
8
53
53
1
12
18
15
32
124
9
12
75
12
7
37
4
56
16
12
43
23
14
65
16
45
12
84
3
72
3
18
67
1
92
35
62
41
118
11
21
49
7
21
50
37
17
121
22
11
44
33
99
75
31
7
11
68
103
15
6
38
32
6
35
71
58
86
29
39
54
18
6
59
58
21
49
57
35
64
3
57
40
101
79
59
28
15
13
20
14
34
73
98
83
25
81
60
51
7
54
42
34
78
21
62
4
1
37
98
42
59
11
1
73
12
30
31
106
23
27
20
18
4
22
30
77
9
7
64
100
18
48
6
0
28
36
43
31
79
19
33
28
77
63
3
36
56
86
45
45
19
37
37
24
52
78
77
108
8
67
23
57
74
27
15
183
35
91
45
22
57
48
13
37
117
9
68
47
77
51
52
9
5
70
13
55
13
59
51
59
13
25
6
82
10
49
63
34
44
29
15
6
42
73
88
49
46
33
85
20
14
18
37
48
141
26
38
68
36
62
2
45
69
9
22
17
56
49
37
109
93
7
40
119
55
51
74
76
54
27
9
76
78
69
64
36
24
137
31
38
21
77
12
46
88
69
73
50
75
54
44
68
13
29
66
59
45
36
26
24
37
12
50
60
37
77
118
34
14
29
33
123
20
15
59
4
71
3
11
69
17
22
148
93
57
32
14
46
20
78
79
58
51
35
93
1
22
58
24
52
23
77
24
46
39
13
11
14
18
112
24
13
71
2
121
89
41
8
21
16
24
187
24
51
7
55
80
8
78
74
32
19
49
71
28
83
72
12
130
81
55
11
64
84
57
25
62
92
49
30
10
17
47
46
50
52
54
43
5
21
44
23
2
19
11
112
1
47
21
15
2
42
21
47
31
33
25
65
57
52
14
20
72
158
25
17
113
50
97
49
27
55
34
41
25
0
19
36
8
38
8
96
14
118
56
19
38
21
23
13
74
66
68
145
50
51
20
6
57
46
60
106
27
11
48
108
77
13
32
21
6
27
56
16
12
12
23
35
82
48
129
48
65
18
14
11
72
7
39
50
55
50
55
84
8
148
85
4
37
11
2
63
45
2
76
31
29
16
42
2
18
91
40
33
54
46
31
9
76
14
47
5
5
21
95
53
87
187
52
58
19
93
49
34
31
34
59
93
52
12
126
19
8
62
35
58
3
9
28
30
47
21
14
40
20
81
75
27
18
49
6
70
40
44
1
44
21
82
6
32
61
3
14
30
21
23
44
74
24
54
2
40
11
56
89
119
10
90
43
37
14
34
108
19
33
4
57
2
84
37
38
26
14
19
58
86
101
16
38
27
0
41
115
4
96
63
8
25
33
9
56
60
41
92
33
64
11
56
17
10
16
31
77
11
33
64
36
10
4
125
55
55
46
40
136
57
23
17
106
9
65
18
7
18
86
8
48
68
14
15
40
21
51
3
72
15
20
49
47
61
22
16
70
157
23
4
58
17
23
25
39
17
42
40
9
71
127
76
73
28
25
14
30
7
42
89
13
56
81
33
38
14
41
5
12
67
33
5
2
29
71
128
87
15
85
57
60
55
49
48
33
8
4
12
47
32
39
57
17
17
82
79
64
35
50
25
51
47
32
36
46
8
119
4
6
14
44
18
28
49
13
53
79
121
85
23
91
36
12
11
53
54
7
22
35
104
83
61
43
10
27
9
76
29
34
49
18
26
122
88
7
20
24
13
10
11
14
6
33
45
34
34
9
21
44
37
13
46
63
1
67
28
18
8
16
40
31
4
32
45
11
22
1
56
46
31
39
36
24
45
49
19
42
71
54
24
34
23
90
52
39
44
31
26
17
48
48
37
52
57
30
65
15
24
8
14
23
21
32
10
34
83
77
18
33
8
90
15
72
49
45
3
27
22
22
38
91
45
33
17
81
67
60
8
21
52
34
9
46
63
57
36
16
7
1
20
60
25
134
20
8
1
120
49
89
135
74
20
13
79
115
67
6
15
89
81
70
26
23
29
28
32
29
40
38
28
45
26
138
6
23
15
80
21
2
1
108
5
35
15
36
34
24
14
35
41
48
32
30
68
19
85
5
17
5
30
18
34
27
22
99
37
11
20
21
1
132
22
21
5
29
76
43
8
16
69
4
6
46
56
30
27
11
28
51
6
37
35
6
21
41
52
79
79
31
2
4
23
30
38
1
33
72
3
7
88
36
66
81
49
39
50
10
13
85
81
90
10
96
10
4
18
25
29
35
60
49
23
18
4
53
26
19
84
34
51
7
72
31
41
66
63
82
50
2
58
2
89
29
6
12
54
39
80
65
23
26
19
63
113
11
5
12
53
6
70
2
74
63
9
18
68
25
65
16
93
23
50
26
2
25
20
82
33
33
17
88
66
22
6
54
26
38
48
80
19
29
56
29
24
44
24
69
52
14
61
31
77
3
101
18
14
49
19
34
41
65
22
36
32
34
103
41
45
52
12
39
27
42
28
2
17
67
24
19
10
95
29
62
10
14
1
78
26
32
4
57
68
30
55
21
37
56
9
32
98
24
26
80
26
22
27
53
2
31
0
23
83
36
49
20
95
69
37
32
18
67
41
1
61
22
44
38
61
81
31
27
0
36
91
1
37
37
46
41
98
36
33
52
59
42
22
54
30
35
70
1
111
4
11
70
81
60
61
5
32
72
21
111
18
30
46
34
26
65
33
69
48
72
60
3
64
21
18
67
57
15
8
25
10
33
0
6
91
16
31
18
43
26
5
58
17
25
60
19
36
96
25
3
6
10
44
60
29
70
35
4
9
92
62
9
113
39
84
20
20
5
15
28
27
19
6
4
37
7
84
8
50
28
53
8
58
76
11
35
10
16
1
12
29
3
73
6
16
11
50
1
84
25
37
31
13
27
46
101
58
45
34
5
51
12
30
96
64
13
23
19
18
56
2
0
22
2
3
33
12
25
115
17
13
0
66
66
94
9
53
61
58
94
7
40
8
15
100
29
71
33
19
65
85
41
38
10
30
44
13
10
1
90
1
10
12
3
99
67
50
45
45
14
18
9
2
22
20
32
65
10
73
32
3
85
63
29
43
57
7
23
40
20
34
131
36
20
61
34
38
103
12
91
27
2
2
9
55
20
32
46
15
31
19
9
77
16
7
5
63
54
19
51
67
2
46
47
26
23
14
2
6
33
2
23
52
32
57
31
87
35
66
25
14
18
22
48
25
29
29
106
33
3
27
112
66
108
1
33
7
12
10
21
81
29
31
36
98
2
8
14
18
15
10
6
54
55
22
24
14
47
20
43
14
8
28
2
71
71
9
30
25
2
26
9
22
15
33
78
57
50
14
93
6
70
29
47
20
100
68
4
25
27
62
4
10
37
17
59
13
14
31
7
56
25
22
10
21
12
88
18
6
61
53
20
24
51
7
14
21
33
44
34
18
2
19
42
52
30
8
44
19
26
62
34
17
101
22
73
55
6
71
54
78
46
8
3
39
4
8
31
28
50
26
10
38
52
4
70
34
71
1
5
41
9
53
38
18
59
39
33
5
0
60
31
27
18
6
43
76
11
21
34
45
26
3
1
64
27
18
6
14
31
4
83
53
14
23
48
45
38
54
28
23
15
17
35
23
38
21
11
59
26
1
51
23
29
86
21
50
8
4
10
17
64
24
21
21
30
16
80
80
35
87
5
1
33
66
61
87
16
8
43
43
37
65
18
69
6
36
32
21
35
8
45
40
19
8
33
4
25
18
0
17
2
12
50
12
85
63
17
11
16
21
30
34
76
14
30
25
18
90
10
24
13
50
2
29
48
53
16
3
60
36
15
11
46
48
19
17
50
125
43
26
11
8
33
11
35
28
3
8
28
53
39
37
11
17
25
14
6
19
14
20
48
35
22
8
45
20
76
48
28
64
4
4
18
36
25
66
17
36
18
93
19
2
8
15
85
12
61
31
4
11
55
21
83
8
36
2
0
17
13
44
21
23
29
25
57
125
1
66
75
32
94
25
4
44
32
2
25
51
8
7
76
27
58
24
8
43
23
123
3
9
43
9
18
25
10
87
78
80
15
25
12
6
22
8
42
18
13
52
46
36
47
66
48
8
20
26
86
34
68
28
0
41
56
64
13
30
1
36
29
62
14
36
4
17
52
60
11
47
23
8
11
68
26
2
13
48
88
6
40
23
22
72
48
14
54
3
28
14
82
36
9
1
14
2
92
49
24
46
10
26
2
7
24
18
14
0
27
11
3
33
61
25
15
10
15
26
4
57
74
26
5
0
43
40
31
61
49
9
7
58
17
63
0
11
24
65
25
11
16
8
51
18
8
27
10
26
5
5
17
54
47
51
61
7
39
6
13
71
27
19
39
12
12
5
6
24
40
52
59
41
4
7
35
17
55
25
5
15
33
33
32
42
15
11
5
17
20
4
17
7
33
7
39
21
32
44
72
51
26
19
20
9
32
70
4
40
41
12
1
8
80
23
46
12
2
1
40
6
22
48
7
45
76
8
48
5
35
38
21
25
42
64
48
6
57
1
46
5
0
21
42
37
60
22
24
44
5
21
2
1
15
19
29
9
17
15
52
29
33
26
40
28
13
40
17
4
43
4
52
15
29
134
30
43
43
28
54
3
37
14
7
38
43
27
5
20
53
8
2
38
1
10
79
62
28
18
41
44
54
23
48
21
22
8
10
42
47
43
26
34
41
14
30
21
6
52
50
23
3
9
8
22
39
58
18
31
34
31
33
2
0
13
9
41
3
39
23
69
54
26
4
9
85
6
10
10
97
34
48
4
32
22
14
27
11
48
68
13
50
75
27
39
60
13
42
68
10
23
16
43
25
67
49
3
13
13
23
27
16
6
34
20
5
8
65
19
8
39
41
4
55
33
47
27
10
38
32
49
63
4
12
24
34
17
15
36
30
28
3
19
35
39
15
33
9
46
27
34
4
29
34
26
37
5
5
21
6
10
25
29
0
22
37
6
13
17
24
29
3
32
2
24
39
30
13
35
25
9
7
86
10
18
57
17
19
42
8
20
42
29
5
45
47
36
28
14
17
69
18
20
6
12
13
18
19
18
8
2
51
35
4
6
2
35
30
10
11
49
12
87
37
17
13
11
23
13
7
25
12
18
1
34
39
12
42
15
27
24
52
11
32
15
36
13
4
4
28
12
11
0
7
18
15
21
74
15
6
24
20
16
8
41
37
1
36
41
24
12
53
7
18
6
22
37
11
38
10
5
29
6
24
2
45
37
26
31
29
14
29
70
3
39
27
1
41
23
9
38
36
4
41
32
31
21
4
34
55
3
48
18
28
31
14
31
31
61
18
34
2
37
9
32
25
8
9
36
17
19
6
43
34
69
16
14
50
36
11
44
19
27
21
29
22
7
21
13
8
17
19
20
36
42
6
30
75
78
36
21
46
40
15
26
26
21
8
16
29
49
29
10
23
43
20
24
57
5
70
22
24
17
7
18
0
27
22
9
19
2
10
6
30
88
12
10
14
11
22
29
33
25
60
10
1
6
41
21
38
22
5
19
43
10
18
12
25
14
11
31
1
33
13
15
11
28
2
48
8
7
18
3
30
19
11
6
43
21
29
11
44
4
25
23
12
37
21
3
9
49
26
24
26
1
35
13
17
53
33
17
4
31
7
23
1
5
28
28
22
43
4
12
53
34
3
23
25
26
7
14
16
11
43
51
44
18
37
2
9
2
10
30
13
18
6
23
33
21
55
11
4
39
16
15
18
27
11
24
28
39
27
48
33
14
2
1
3
2
16
10
13
2
16
27
4
21
11
0
14
22
6
29
41
8
36
29
30
12
87
21
7
20
48
39
8
5
12
66
5
22
27
28
13
9
15
20
25
45
52
45
3
5
32
9
12
3
12
25
0
43
3
6
24
2
23
54
68
39
25
22
6
42
3
10
11
3
0
26
14
28
2
36
22
25
22
15
28
42
39
4
36
32
3
4
3
57
6
2
3
11
17
8
7
7
27
24
22
36
17
3
12
24
38
33
27
14
0
12
16
3
41
14
8
9
51
1
13
15
3
26
19
43
13
5
37
2
63
32
26
34
1
20
2
8
52
8
19
0
45
9
30
7
4
1
9
13
47
26
9
2
6
48
19
26
23
15
9
5
3
49
22
10
16
4
46
20
58
46
42
13
27
11
36
42
18
16
0
54
4
5
18
9
58
15
3
16
37
30
34
8
12
30
17
43
33
14
11
69
2
3
5
13
8
13
24
31
58
10
21
2
0
7
11
12
10
49
13
24
12
11
6
24
24
59
8
29
16
43
7
27
29
12
14
4
37
3
3
3
23
8
18
4
21
29
4
25
29
35
7
30
22
18
43
48
7
22
6
19
14
7
12
11
14
5
19
26
15
11
11
10
14
48
5
20
14
6
6
17
29
5
9
8
17
31
36
49
19
7
14
4
10
31
5
11
6
10
17
40
6
2
2
33
12
4
58
12
1
11
13
34
18
9
3
3
28
7
7
10
22
29
17
12
16
12
20
17
13
26
5
20
35
2
20
26
2
23
20
13
36
14
4
10
1
5
16
5
16
11
21
12
24
32
19
3
14
25
21
18
35
34
13
7
20
43
14
9
2
21
33
20
11
26
5
10
19
24
3
7
1
20
14
2
6
3
12
28
2
46
16
1
4
7
1
7
4
2
19
10
3
19
38
36
10
7
25
7
29
11
5
22
22
8
3
15
31
13
31
9
5
20
5
6
8
17
19
5
10
5
21
13
22
10
21
13
19
1
8
19
31
26
11
20
8
4
5
12
6
30
22
7
7
9
28
7
0
9
3
11
7
7
12
14
4
8
11
16
15
10
2
4
29
3
10
14
7
4
14
8
18
5
17
9
13
7
2
5
0
11
15
0
11
13
17
10
14
17
5
13
7
0
6
9
9
1
16
19
6
3
1
20
10
7
15
8
9
9
14
6
3
20
10
21
3
10
7
6
2
8
12
11
24
8
18
7
12
3
12
10
8
7
4
8
6
18
26
2
5
13
21
24
13
1
12
12
5
1
7
10
13
6
3
24
15
10
2
3
5
15
8
8
8
34
13
15
16
20
4
17
19
5
12
9
21
9
12
10
9
5
2
0
19
0
13
12
8
12
9
9
5
15
0
10
4
9
5
9
3
1
7
7
14
17
5
5
6
3
9
7
1
15
7
10
6
15
6
10
4
2
7
4
4
12
0
2
14
12
3
10
1
5
2
4
10
4
4
9
21
4
2
15
1
10
6
14
1
1
12
2
4
4
0
0
16
3
7
0
4
14
3
6
8
1
7
4
2
2
8
3
3
9
4
7
4
10
4
2
4
2
2
5
2
2
1
4
11
2
0
2
3
1
3
2
2
1
