1
1
17
1
4
11
27
3
3
13
5
19
3
10
10
7
10
4
7
8
7
9
7
16
10
19
8
7
5
2
16
8
12
1
17
1
19
4
15
11
8
1
3
6
1
8
17
12
7
11
22
1
13
1
13
4
22
1
5
19
19
15
13
35
28
1
6
15
9
0
12
9
15
3
1
33
10
8
21
18
6
2
2
36
0
19
34
25
0
18
3
15
24
13
15
6
7
10
2
5
5
20
16
1
7
16
16
7
21
2
19
1
25
9
15
10
8
6
3
6
5
30
5
3
17
6
10
3
3
14
9
17
14
1
13
3
16
9
7
15
20
23
9
8
15
16
10
24
10
3
6
26
12
20
8
8
8
8
14
11
7
5
17
1
14
2
24
40
13
13
5
12
6
15
6
5
24
2
14
22
17
0
11
14
0
6
1
8
14
3
3
3
17
17
9
3
14
9
4
17
1
4
13
13
7
9
5
2
0
21
14
5
5
1
1
12
4
11
3
15
7
14
8
14
7
2
7
2
2
7
0
3
8
0
3
14
16
1
3
5
2
3
24
7
2
13
14
7
18
24
7
0
13
0
4
16
8
10
2
4
1
6
17
6
8
10
2
5
3
8
1
3
2
2
7
7
8
4
11
8
5
2
2
5
4
8
0
1
12
6
6
1
1
1
3
3
2
7
1
1
3
6
5
0
3
4
0
4
6
1
5
1
4
4
2
2
2
2
0
4
0
2
1
1
1
2
0
3
0
0
