5
16
14
3
41
35
70
11
6
39
12
21
8
12
3
24
48
36
13
9
6
72
10
16
14
11
57
6
52
15
16
81
4
14
28
21
2
59
11
76
27
45
114
18
20
37
41
24
36
0
41
30
8
87
56
14
157
21
9
2
12
64
89
59
13
33
22
66
5
59
19
30
35
49
175
16
73
25
54
40
7
46
8
75
3
76
71
29
34
14
74
38
27
64
91
25
11
77
70
44
65
73
39
5
4
2
47
12
49
86
42
56
90
23
32
32
12
98
52
7
28
75
39
46
15
31
5
117
66
4
16
89
47
9
32
97
89
100
34
65
117
22
43
46
106
54
25
97
63
3
82
17
10
110
33
125
33
21
28
122
44
33
112
46
5
45
4
40
20
32
27
59
5
67
56
40
59
38
13
35
13
43
24
62
6
7
4
47
7
76
45
71
16
19
10
8
42
48
42
30
148
30
79
79
1
22
51
38
129
39
54
61
10
102
16
16
23
1
38
79
107
11
30
37
23
92
121
8
52
11
57
52
21
89
119
35
61
36
35
20
139
1
82
51
53
107
19
28
10
2
35
73
18
19
41
23
37
2
68
5
28
106
74
36
3
21
100
39
2
73
37
9
55
94
133
41
23
91
42
111
55
9
47
18
58
27
43
4
46
0
6
71
25
3
7
75
14
21
1
69
22
79
118
28
58
33
12
7
80
41
5
88
46
1
10
17
9
78
97
50
5
65
30
9
83
62
18
34
35
43
9
18
8
85
3
20
17
30
9
83
54
76
24
74
16
102
25
76
63
97
14
74
93
50
14
4
26
2
16
14
31
35
59
28
17
90
31
97
100
39
37
60
29
50
25
96
12
68
52
6
57
19
28
59
164
8
5
8
44
68
25
31
86
15
10
8
28
45
11
22
8
2
41
47
53
64
49
34
25
30
107
22
92
62
112
24
15
85
58
43
63
61
39
51
10
50
64
29
12
37
30
18
115
36
39
63
17
48
34
26
95
16
34
36
18
20
5
29
20
29
104
57
104
56
5
49
102
14
59
35
12
13
97
32
82
60
3
122
12
7
26
60
45
22
90
83
21
29
3
2
13
29
29
81
55
36
110
5
72
40
92
5
35
61
75
174
38
13
46
5
20
45
66
15
15
61
16
84
17
76
43
71
80
63
33
52
69
9
11
4
75
51
34
111
89
19
16
12
23
42
6
31
45
46
16
2
4
37
70
33
26
4
3
7
33
32
9
44
3
35
34
112
61
15
11
83
63
105
26
41
27
2
41
109
53
46
7
19
20
33
0
137
18
13
25
137
42
36
26
19
17
24
159
44
59
26
51
75
90
33
74
36
6
17
95
4
68
24
46
25
19
18
72
42
66
104
45
28
7
33
56
7
4
12
39
90
10
64
37
14
40
102
1
45
61
49
21
10
30
27
24
30
24
16
118
6
70
11
8
24
91
34
107
27
29
39
47
60
20
56
77
2
35
59
45
7
1
90
22
29
8
11
42
16
12
53
80
74
28
27
27
30
40
26
87
51
5
74
26
29
46
138
35
52
16
39
94
126
10
6
4
12
10
52
82
42
41
5
18
81
13
10
13
38
13
14
31
52
19
3
43
52
20
3
14
6
97
30
79
69
38
4
22
27
86
145
7
47
114
14
22
26
8
70
30
40
7
70
81
15
31
36
56
7
24
68
134
33
9
30
64
62
52
139
26
60
15
75
32
3
31
25
61
55
93
75
52
79
24
9
52
21
48
6
55
21
16
15
44
31
25
53
13
53
9
3
75
21
46
32
55
48
34
12
10
32
101
8
1
26
54
3
72
19
4
4
50
61
70
44
89
26
9
49
72
13
15
95
52
16
25
17
54
7
50
35
69
45
51
21
61
36
69
107
51
20
19
31
2
37
28
11
82
20
52
53
54
36
95
77
83
31
25
29
57
21
10
9
14
54
32
16
31
60
14
63
50
27
21
5
54
32
78
20
49
105
59
20
4
4
93
12
7
85
139
26
19
0
44
13
20
42
27
104
63
5
11
26
0
27
64
87
54
18
20
42
2
38
83
5
9
74
68
48
2
21
71
32
9
36
17
42
7
8
19
84
17
47
18
56
70
30
2
25
91
47
95
95
57
9
128
38
16
23
26
1
40
7
34
56
9
45
46
120
2
16
18
46
52
17
30
14
90
112
40
42
56
33
37
59
24
22
6
147
24
128
101
44
24
36
110
128
39
125
28
9
26
65
35
25
26
15
20
39
33
18
45
43
59
21
83
72
43
64
1
13
9
8
19
46
109
0
1
29
19
8
25
52
45
46
95
61
44
78
72
17
64
57
7
23
49
46
40
17
22
95
11
21
42
22
54
46
23
27
76
62
9
28
13
2
20
102
1
15
46
47
97
7
4
9
59
5
23
34
29
27
22
41
42
30
3
0
64
6
20
106
16
18
72
17
49
47
39
62
60
41
50
18
19
53
13
8
12
126
64
30
15
25
14
38
47
10
54
52
20
58
41
83
99
78
65
74
34
27
18
39
17
51
21
58
37
12
17
12
24
85
20
40
95
32
32
16
58
13
7
51
47
16
28
13
94
42
24
94
27
2
19
80
25
35
11
5
84
58
11
81
49
52
7
0
46
48
34
30
39
32
53
27
30
53
101
29
20
27
7
83
42
3
24
61
53
59
0
34
32
6
51
16
19
74
5
37
43
21
60
64
36
10
46
37
73
31
1
12
17
82
20
29
61
23
24
3
8
49
78
75
40
12
56
21
32
25
19
49
80
41
5
51
59
141
45
28
9
3
31
117
6
51
17
56
26
19
78
94
33
68
71
38
36
0
12
28
13
28
2
23
54
44
7
2
10
45
15
5
56
81
39
20
41
16
33
23
23
45
37
1
31
6
71
44
1
31
12
68
7
32
68
10
99
32
12
50
88
27
21
61
37
33
12
65
27
102
4
57
12
33
16
47
2
59
44
31
23
17
47
27
5
16
46
38
23
29
22
1
31
26
36
75
1
47
16
29
19
4
110
78
12
57
30
20
33
9
27
59
32
10
20
46
29
24
107
84
0
25
14
10
88
18
51
36
30
26
3
29
20
1
35
25
11
38
69
14
0
37
80
75
52
6
60
12
27
16
51
15
23
43
10
40
2
30
32
74
10
7
11
32
52
30
24
0
12
58
27
23
26
27
36
2
4
1
21
30
7
4
14
34
125
4
19
21
10
52
79
17
89
2
20
42
14
10
4
13
9
59
47
12
48
67
12
23
21
77
12
7
16
20
16
17
78
34
36
20
27
67
51
19
25
71
52
40
54
47
70
107
53
22
10
27
16
14
57
80
27
65
13
31
32
13
17
18
4
4
0
63
50
15
6
9
26
60
32
4
14
23
22
20
61
1
4
91
11
51
90
50
36
48
58
83
48
39
55
52
4
49
40
9
3
62
6
10
22
4
37
28
15
32
75
10
18
62
10
39
11
93
16
44
73
77
46
16
39
103
17
12
51
79
39
22
59
44
6
61
20
18
1
80
9
28
26
23
17
35
9
115
35
43
1
6
80
50
19
60
6
24
6
26
1
32
75
7
62
39
11
63
10
20
5
24
31
40
57
64
55
106
64
34
53
86
128
14
17
41
81
10
19
23
38
65
1
66
34
53
25
21
51
63
24
48
21
88
13
33
7
15
18
45
9
36
23
1
5
33
50
33
61
27
34
15
28
9
3
9
39
11
40
71
8
43
32
6
32
11
0
21
51
14
90
12
30
51
36
5
50
69
7
10
6
40
40
5
34
17
44
36
31
22
28
42
15
34
87
36
5
27
16
26
9
2
9
22
25
20
8
40
2
38
75
11
79
39
21
12
18
11
45
22
33
28
76
7
34
8
12
19
22
70
45
26
60
16
3
6
15
16
17
3
83
24
3
34
27
51
14
35
0
7
20
11
2
7
18
71
17
82
28
36
69
79
3
20
30
55
5
25
68
10
4
81
12
3
38
21
38
13
35
64
4
7
38
60
13
22
35
10
22
64
40
22
17
21
87
75
25
41
10
36
32
3
22
64
41
1
8
29
50
49
20
38
25
46
27
70
0
0
8
37
29
28
54
16
24
40
8
38
38
72
20
32
13
30
65
24
35
50
40
35
29
66
94
16
42
9
3
49
12
3
30
41
28
28
40
13
9
26
6
55
17
37
29
15
18
10
44
5
3
1
23
40
21
24
25
69
48
32
55
35
24
8
58
78
26
16
65
2
0
10
28
25
93
32
39
7
34
24
83
6
7
68
30
76
72
41
23
43
51
22
26
21
17
9
33
9
9
0
8
43
3
41
6
42
53
14
29
16
28
49
37
19
24
1
31
24
16
2
14
71
21
12
61
5
45
13
26
46
37
10
18
24
11
56
6
24
8
39
42
7
11
12
25
59
51
11
8
27
22
12
55
137
23
31
37
59
5
36
22
37
32
1
3
68
16
2
41
46
15
111
20
6
67
17
20
7
25
5
24
15
2
115
25
28
50
59
55
1
10
24
41
29
64
29
23
36
50
41
57
10
39
18
10
40
58
9
24
45
8
6
4
11
38
5
11
20
62
75
37
7
8
15
27
57
18
18
11
33
18
24
17
10
45
30
55
61
50
42
34
10
43
42
1
16
24
39
41
20
35
0
31
20
21
25
8
44
1
59
73
58
46
38
51
23
32
39
46
49
32
76
16
8
48
26
10
101
31
21
4
2
8
26
65
5
14
34
15
20
13
38
8
1
35
32
3
35
45
64
5
4
23
34
31
54
46
29
58
88
43
15
22
42
2
28
1
19
38
5
29
11
6
17
25
6
25
9
65
16
4
8
16
24
7
67
39
7
34
1
80
9
29
12
20
1
15
38
12
16
39
14
15
9
15
18
38
21
23
4
47
5
21
39
8
12
29
31
80
64
1
64
18
16
10
56
28
55
21
94
39
39
62
15
30
15
0
19
35
9
2
18
10
49
18
57
22
12
7
41
12
19
33
54
21
45
28
16
3
22
20
36
16
64
32
44
27
12
7
26
39
21
20
16
14
8
23
53
20
26
4
77
17
6
38
11
17
54
34
2
14
58
10
21
4
17
2
11
47
57
19
72
76
12
25
6
4
44
9
42
4
5
24
32
24
9
50
79
3
7
34
4
9
4
23
31
21
9
20
44
59
13
8
4
45
17
68
9
2
40
28
49
9
30
32
33
40
19
5
7
30
4
1
14
20
21
8
29
29
1
10
10
0
44
27
51
23
18
65
54
38
11
12
4
10
22
14
28
53
16
2
0
17
15
5
35
51
26
46
22
2
23
17
1
21
3
29
38
70
36
46
44
15
3
0
36
47
5
0
16
14
18
18
41
14
39
6
8
0
33
19
37
11
10
44
9
30
13
26
32
19
10
28
5
7
70
53
10
12
20
37
16
72
1
47
42
49
8
3
17
19
29
33
20
9
9
15
26
20
6
40
56
10
16
16
39
39
35
45
18
20
17
31
93
7
29
6
5
23
4
9
7
28
44
42
8
10
51
44
10
34
6
45
56
28
28
12
37
38
13
11
36
37
23
3
13
12
43
65
3
18
28
50
15
15
50
20
40
9
39
5
36
44
12
29
16
33
24
17
12
0
15
19
14
9
2
13
31
31
59
44
43
21
21
12
1
8
30
8
49
42
35
10
14
48
15
43
26
10
5
18
58
42
0
31
5
9
6
19
7
18
24
24
12
8
5
40
58
27
7
18
2
5
28
22
11
9
30
2
2
36
23
9
1
44
28
11
8
55
32
39
9
38
32
17
7
34
6
30
30
13
9
20
25
19
54
28
65
24
8
7
60
7
8
7
17
22
34
43
18
16
31
0
30
27
15
10
9
7
14
36
2
26
62
24
7
3
11
18
9
41
33
9
31
31
4
22
41
34
7
12
18
15
39
40
9
17
8
23
2
80
46
18
2
13
22
8
42
14
19
39
19
6
1
37
20
23
35
1
12
33
15
43
20
47
16
41
7
50
11
5
28
16
39
8
10
33
37
30
8
10
37
24
56
21
6
36
11
18
23
4
13
2
86
30
11
11
28
29
3
3
42
21
0
32
9
6
6
31
16
22
3
2
16
14
1
21
5
11
7
12
32
9
50
0
29
11
7
37
4
11
30
19
3
10
31
6
20
13
52
20
22
4
21
6
4
6
25
8
12
23
4
4
54
34
16
50
42
18
14
13
23
4
4
3
5
12
29
33
12
1
3
9
10
3
7
13
2
23
27
0
13
28
11
6
34
7
11
22
35
28
11
71
35
19
6
4
2
17
23
12
25
1
1
19
20
6
6
39
50
3
39
25
27
17
6
7
0
14
20
28
12
8
15
13
7
21
11
0
35
32
2
22
49
12
8
5
7
3
3
13
12
15
13
3
25
30
30
2
6
3
17
15
7
15
1
2
17
26
11
3
19
4
33
26
3
11
22
3
3
8
26
7
6
1
26
25
15
10
4
28
1
4
2
17
25
25
7
11
23
9
26
15
19
12
12
7
19
0
4
39
13
22
28
10
8
21
20
2
1
17
22
22
25
42
24
20
12
3
13
20
19
13
22
9
36
8
8
19
13
9
27
2
11
16
6
39
7
23
16
15
15
1
7
16
4
18
10
4
29
48
8
21
7
22
7
21
15
5
22
19
29
11
10
18
10
8
1
23
15
5
17
7
32
3
5
49
3
10
28
7
5
13
10
3
17
28
2
7
2
12
20
2
15
4
12
16
30
5
14
4
4
16
36
12
19
24
33
2
11
9
11
50
35
12
19
3
37
7
56
5
20
49
12
31
3
14
28
8
3
12
27
15
0
12
1
2
16
15
11
1
2
33
14
12
15
26
15
38
4
34
28
29
16
23
11
24
5
18
2
9
12
16
11
35
18
0
8
3
4
12
32
11
18
23
2
24
7
18
16
16
26
15
13
16
5
3
12
32
4
2
3
11
9
4
6
8
10
6
11
3
6
17
10
26
13
20
14
2
1
5
9
2
4
29
22
4
8
2
9
17
28
2
12
9
4
13
4
6
18
15
16
5
1
18
14
4
7
14
29
4
18
4
18
18
10
4
5
12
4
12
10
12
8
7
2
11
16
2
11
24
10
21
3
11
5
1
13
3
3
21
15
10
12
11
6
6
18
20
0
3
8
8
11
6
2
10
16
9
15
21
5
12
11
8
31
5
18
5
7
5
5
4
19
14
6
5
6
10
9
22
16
4
4
4
14
4
10
1
7
7
2
5
2
0
10
2
13
2
17
3
10
1
17
0
5
0
18
7
13
2
2
4
6
19
13
5
0
0
4
6
9
3
4
12
1
7
7
7
3
1
18
0
2
9
4
16
1
8
11
1
13
3
1
4
2
2
10
3
13
8
3
3
10
2
2
6
0
1
4
4
0
4
1
2
0
6
4
1
1
6
3
4
1
6
2
2
8
5
4
1
2
1
1
1
3
