10
46
122
19
25
48
31
0
43
6
34
28
62
84
51
56
62
41
16
26
2
22
46
2
24
5
17
39
6
5
31
60
20
28
21
2
69
21
52
22
115
1
11
37
6
11
37
10
33
35
9
30
112
20
33
5
48
52
18
0
28
61
34
17
45
13
62
18
67
79
19
9
71
3
48
8
1
17
55
25
108
77
45
73
38
81
59
8
24
42
21
80
79
23
23
16
47
142
26
3
14
6
67
12
125
42
24
35
28
88
15
41
80
31
39
19
5
35
5
20
14
71
15
93
24
8
50
69
5
36
11
28
96
19
13
43
5
45
40
40
62
31
106
36
60
27
92
1
45
37
54
6
29
22
0
59
41
8
15
30
2
7
5
77
5
72
40
6
67
57
42
73
70
44
29
96
24
31
44
9
35
40
13
23
62
65
6
20
45
57
3
90
1
13
59
21
46
87
32
53
15
95
90
10
40
17
8
25
37
22
63
7
104
41
32
125
35
79
8
75
26
51
82
22
71
12
3
18
55
49
44
18
8
31
28
66
37
48
33
34
23
1
65
33
28
107
85
84
84
6
53
14
66
81
94
25
41
38
38
2
42
66
45
82
26
7
23
86
117
15
12
88
47
5
55
18
49
18
37
82
69
25
55
33
8
23
18
75
53
96
24
4
49
17
98
44
5
45
76
56
19
13
24
67
32
119
0
123
29
54
56
25
65
34
3
48
47
47
57
81
59
61
23
64
23
85
78
19
34
20
46
10
8
0
144
151
13
65
18
80
39
44
65
27
20
22
13
42
23
6
40
53
30
17
76
110
37
94
97
1
47
48
5
59
53
14
18
53
38
38
2
56
67
31
1
141
33
19
50
3
9
44
37
5
54
27
107
26
76
18
72
14
28
47
8
42
89
35
43
99
19
53
72
85
46
18
51
69
35
12
24
57
14
7
79
29
20
86
41
23
52
83
102
92
46
11
32
83
48
30
77
20
37
50
7
92
161
88
73
31
32
85
3
28
33
48
96
93
45
24
34
35
34
76
54
25
80
40
23
10
69
7
52
2
63
14
6
59
37
22
35
25
37
6
44
7
20
73
50
11
97
36
39
20
13
20
33
36
22
19
23
33
99
13
19
27
29
5
65
46
44
6
27
39
33
56
106
59
48
20
125
11
30
8
23
28
23
67
63
150
10
7
93
67
44
57
76
15
12
30
21
22
9
15
46
21
58
85
15
78
87
23
17
35
43
119
44
36
1
75
18
80
76
26
56
10
29
3
42
5
15
30
7
81
20
34
22
27
66
70
32
36
2
48
2
32
28
24
26
48
50
96
16
3
64
53
92
14
25
5
23
45
15
66
40
62
34
35
7
50
122
5
39
3
7
48
20
24
67
11
51
38
51
32
27
5
13
48
84
109
63
55
114
23
63
11
50
14
61
11
41
17
4
67
26
28
65
55
13
46
2
109
5
60
10
39
88
59
5
80
18
60
45
4
45
102
12
83
8
36
19
11
47
83
13
49
14
59
67
30
78
36
92
2
42
42
20
96
34
51
85
61
22
40
19
21
58
30
59
24
72
24
30
48
16
37
74
16
44
73
39
54
29
34
11
27
21
25
16
66
63
100
25
8
16
50
5
28
63
65
64
61
56
3
72
55
29
13
23
4
111
6
9
37
14
21
74
89
44
21
54
21
58
55
48
44
19
28
75
19
28
48
78
30
29
14
7
66
49
65
22
12
47
53
21
32
104
47
3
11
39
34
22
17
49
13
10
29
17
12
85
91
14
95
55
0
21
21
35
87
11
32
11
2
23
19
19
89
44
36
38
67
19
32
68
14
4
34
25
9
70
48
30
12
46
28
13
1
55
5
73
62
36
30
13
69
18
38
76
40
18
11
4
31
15
85
43
77
15
65
6
100
10
2
31
17
9
42
48
63
2
5
71
9
23
75
4
8
28
59
142
70
12
30
17
21
8
4
41
63
53
29
57
88
26
35
75
26
27
66
41
59
14
64
40
22
9
95
90
45
2
87
6
46
6
4
85
30
27
3
54
35
75
13
43
22
62
84
26
33
3
55
35
98
27
38
1
13
47
41
66
74
35
18
35
25
41
18
27
82
87
56
41
34
79
97
64
9
13
82
40
69
5
11
28
4
6
41
13
52
66
27
19
45
75
14
50
11
6
7
24
48
104
53
6
17
86
63
11
72
23
3
69
54
22
11
54
38
2
7
10
43
15
4
41
41
27
22
17
6
17
23
81
57
5
29
37
71
13
21
54
58
42
41
18
110
36
4
15
46
53
0
70
45
100
37
32
9
107
100
3
46
70
5
84
20
79
38
73
22
14
36
28
32
22
54
0
120
82
33
21
16
42
49
1
59
55
26
9
11
58
43
39
0
20
20
6
1
60
100
18
16
43
7
9
27
31
43
4
67
1
34
78
105
37
49
18
3
39
14
1
35
24
36
36
54
24
71
40
7
23
27
26
48
4
44
21
78
58
8
70
18
29
20
17
11
10
29
11
0
41
25
75
64
16
87
39
31
16
25
80
23
19
93
27
32
47
40
24
51
58
1
1
48
27
106
34
15
11
33
26
5
43
67
111
17
28
30
66
56
4
56
12
63
54
26
28
3
35
54
72
23
28
46
32
62
23
67
52
30
21
32
98
9
4
22
9
40
5
30
54
41
39
71
42
30
18
43
12
56
16
13
51
2
0
48
36
14
11
53
7
36
5
74
5
51
3
3
137
24
54
42
1
145
148
63
49
38
73
84
99
3
10
103
38
27
34
4
44
167
10
73
52
49
1
25
32
35
11
52
4
70
52
108
61
53
60
22
38
26
11
52
17
12
25
27
37
25
16
51
16
11
17
25
82
16
42
156
19
16
31
14
33
29
13
132
59
24
77
14
7
44
44
87
74
6
123
20
29
58
1
1
12
84
52
44
11
35
38
25
46
53
55
6
8
30
55
49
8
38
33
100
42
14
23
69
11
9
11
27
47
25
79
46
22
53
46
3
14
47
67
7
31
27
55
17
12
5
29
73
24
31
60
66
80
15
19
5
14
16
124
68
21
36
14
8
33
29
76
13
6
22
68
30
7
25
8
17
9
28
14
26
28
51
48
57
51
28
1
13
16
13
55
63
4
94
18
34
63
68
4
49
1
98
65
8
22
22
50
84
27
19
42
90
23
22
35
61
64
16
41
18
13
6
29
31
13
5
38
64
45
21
13
7
29
53
28
49
62
23
16
14
42
69
2
37
5
4
18
11
2
13
30
132
8
29
38
23
35
31
33
16
9
27
15
34
29
42
45
37
59
20
38
10
27
56
9
21
49
18
14
32
5
68
37
26
30
9
54
71
70
112
24
9
22
22
4
27
10
1
26
8
22
35
33
40
49
56
3
33
44
37
35
14
33
30
5
2
33
0
3
28
6
10
49
48
30
13
26
28
68
33
30
17
7
63
7
9
35
50
57
16
8
1
40
6
16
32
38
29
57
24
30
96
22
3
17
21
32
19
14
38
10
12
24
26
26
1
22
1
60
31
13
32
38
40
1
14
13
44
4
29
29
36
62
67
14
44
8
52
23
30
36
3
52
0
28
51
91
45
32
52
32
37
17
34
2
77
46
42
25
1
31
3
35
21
22
1
32
4
1
25
25
54
5
42
33
34
26
27
19
36
18
8
49
31
60
32
19
43
91
49
22
58
28
8
53
5
49
6
20
50
5
31
21
46
21
50
15
39
5
84
92
5
47
2
15
7
6
30
92
65
3
41
45
37
34
32
24
43
43
19
34
2
5
117
8
9
27
2
8
25
29
66
15
54
44
46
72
13
42
9
4
27
55
62
40
4
69
31
63
87
21
29
47
36
32
20
134
3
5
17
17
6
37
22
41
27
48
47
40
6
71
62
13
1
40
61
48
22
52
21
33
56
25
18
12
3
39
14
71
96
32
4
52
0
51
43
26
3
59
50
27
22
7
52
58
49
75
12
57
47
20
60
10
47
1
16
40
6
1
53
2
77
60
80
4
2
53
66
25
38
18
25
10
23
36
12
40
73
69
15
20
97
16
24
37
23
43
17
14
20
15
53
28
138
2
8
123
27
16
67
35
119
4
24
8
0
2
34
20
88
25
34
33
57
53
87
33
45
21
29
3
90
18
7
51
32
81
83
47
22
17
6
46
36
39
28
6
46
53
54
62
51
13
117
17
49
80
62
35
31
14
1
86
22
2
24
41
3
14
9
4
4
13
40
63
56
32
65
22
9
42
42
34
61
23
23
8
9
47
46
10
23
54
27
8
8
43
37
17
25
31
22
66
5
11
8
4
35
26
2
47
12
33
23
72
13
9
3
29
94
30
41
27
39
3
21
20
33
15
61
27
36
39
21
3
6
18
32
42
27
66
13
33
8
67
53
62
22
17
27
17
27
43
2
10
17
8
4
6
68
27
23
49
13
40
14
8
43
18
73
24
31
0
26
15
16
8
50
13
71
17
27
52
49
43
4
24
39
56
31
34
46
52
43
2
3
27
82
25
4
74
129
7
18
11
22
1
12
47
9
35
14
19
36
45
19
54
43
17
33
8
26
7
76
7
66
2
66
11
43
42
40
45
15
12
53
17
17
30
15
21
72
31
8
0
17
45
22
5
88
14
51
13
32
14
8
7
20
44
36
9
56
58
53
15
49
68
8
35
25
29
15
1
30
37
12
0
19
23
41
14
37
52
9
2
21
32
10
12
12
4
13
2
22
25
46
37
32
6
10
33
55
30
25
94
15
24
26
23
1
26
28
49
15
1
7
25
59
27
31
11
68
26
43
3
49
21
70
3
30
14
2
5
11
38
21
7
20
34
32
28
43
7
3
5
5
22
19
10
0
1
19
2
26
18
53
9
6
12
36
33
64
6
38
40
60
13
3
0
7
25
13
1
13
17
21
24
6
23
3
37
25
1
2
4
40
11
23
45
67
29
33
4
33
25
12
30
5
9
17
5
44
16
3
78
13
15
14
33
50
1
18
34
2
18
12
53
27
7
25
26
2
23
13
8
48
13
27
3
26
36
43
31
56
16
23
15
1
96
13
53
42
33
1
18
8
11
19
7
21
49
13
9
19
25
23
20
35
27
20
36
94
25
35
50
17
7
21
12
20
12
19
42
53
21
67
21
23
14
39
1
35
35
52
19
18
9
0
52
25
4
0
29
45
34
2
12
41
41
28
12
42
41
15
59
8
48
14
21
24
24
11
5
46
1
37
82
31
14
4
5
40
17
45
23
22
53
25
37
9
2
21
26
23
66
18
28
53
11
12
47
3
3
5
13
8
35
21
40
7
44
27
43
29
66
12
10
29
3
14
7
29
10
13
27
46
36
10
1
7
34
16
1
43
76
1
22
38
47
4
5
32
43
28
9
4
19
5
34
12
20
39
14
10
6
43
20
31
1
15
17
33
43
10
48
26
46
0
26
3
13
17
6
24
73
27
25
31
6
26
25
61
2
9
45
50
46
17
19
41
7
48
28
0
82
48
28
0
22
38
67
6
15
7
48
20
27
15
11
7
1
6
13
1
4
47
3
11
30
7
28
40
15
43
36
60
17
17
42
44
3
16
1
24
44
46
0
37
10
1
50
21
2
9
39
25
42
25
46
26
35
18
17
7
31
8
9
7
26
5
28
0
41
22
5
12
26
64
10
11
21
23
24
6
6
41
25
14
18
29
60
25
30
18
10
15
18
23
19
13
23
6
15
4
49
40
19
26
10
13
12
8
4
3
7
19
1
11
27
10
12
29
21
10
13
38
10
30
31
16
1
17
21
8
37
46
16
5
16
34
32
3
7
37
5
4
37
23
1
9
16
4
6
34
27
19
14
11
19
44
55
70
21
22
13
13
47
37
43
9
4
41
57
43
18
66
15
4
40
9
18
35
11
23
9
16
6
9
26
22
14
88
27
6
1
31
5
53
49
9
4
19
57
3
25
2
24
23
15
7
15
6
19
35
24
9
22
15
8
50
1
26
53
7
1
36
1
10
5
3
35
34
4
14
0
32
27
1
18
24
5
1
9
39
12
1
30
33
31
3
23
42
20
4
20
40
65
71
2
16
27
27
24
9
25
30
16
3
16
7
2
29
17
12
17
23
3
22
5
38
26
20
15
61
2
20
33
11
16
37
26
38
11
3
1
5
4
12
14
24
34
34
44
31
4
17
35
40
1
30
3
3
3
20
23
26
14
31
25
9
40
43
24
45
30
16
10
50
0
5
36
37
41
2
11
15
18
16
20
13
10
9
33
1
19
42
35
13
1
7
8
10
13
11
5
30
45
37
44
32
24
8
20
23
45
6
12
6
20
18
24
5
18
13
25
28
38
22
2
42
23
24
12
9
34
7
24
20
18
9
3
12
4
9
5
31
20
25
39
15
23
16
19
8
20
36
9
20
17
14
25
1
8
6
6
46
14
16
9
15
20
37
0
2
15
10
15
36
20
8
34
25
25
5
17
23
14
4
8
37
9
8
3
1
8
21
33
18
17
8
11
7
4
15
28
5
3
14
18
12
17
6
17
25
17
29
5
12
14
54
11
9
1
10
36
43
12
6
6
1
4
13
36
13
3
8
20
5
13
10
4
10
18
2
4
15
9
3
0
29
9
4
51
33
2
2
29
38
1
10
5
23
4
23
17
3
27
23
33
17
3
1
0
3
17
11
4
23
34
25
3
13
10
6
23
51
16
8
15
4
8
16
9
34
5
9
5
10
10
18
5
19
31
28
30
42
11
12
10
12
21
2
46
22
3
1
6
29
9
4
2
2
0
17
28
9
13
13
0
8
23
7
9
0
10
1
4
11
8
10
11
32
18
4
7
16
17
4
30
10
25
3
8
48
2
48
18
7
22
4
9
7
17
7
1
23
20
4
1
3
16
13
16
10
10
20
9
15
3
17
3
1
25
4
22
40
14
1
10
19
33
6
2
17
10
4
3
14
7
1
32
12
2
26
22
24
0
8
18
8
8
14
30
0
22
5
7
7
11
19
5
11
19
4
8
3
12
4
10
4
3
15
13
4
20
0
26
7
6
27
12
18
15
8
4
24
1
27
5
4
6
27
13
17
1
6
12
8
17
4
14
11
2
29
14
7
26
1
9
22
16
23
4
10
1
23
5
8
2
26
18
3
9
16
7
3
26
0
23
4
1
10
0
14
15
1
6
2
28
4
12
8
17
30
7
1
5
7
18
9
15
2
11
6
8
14
5
9
3
9
9
22
9
11
2
22
38
3
12
2
13
3
3
9
2
11
4
0
2
19
6
2
13
25
0
7
4
2
15
1
3
10
1
0
2
10
3
0
10
5
10
3
6
2
3
4
4
1
4
9
2
4
1
9
2
1
1
14
3
2
9
3
4
4
4
5
1
4
3
5
2
2
2
8
1
1
1
7
0
6
2
2
2
6
6
1
3
0
7
6
4
3
5
1
6
4
0
2
0
1
7
4
0
0
3
2
2
1
