19
7
2
25
3
38
11
13
17
21
1
3
9
36
42
27
20
5
34
8
47
72
16
11
36
34
3
3
41
47
25
55
22
10
13
33
71
31
19
9
0
9
28
28
57
7
71
43
149
4
39
13
21
55
65
2
25
30
48
2
31
4
54
35
29
32
32
26
96
42
31
53
31
11
54
29
32
83
70
74
54
46
4
31
20
40
81
131
59
5
39
84
55
68
49
7
15
23
3
63
87
13
55
11
88
8
18
49
37
10
26
45
33
36
12
10
101
55
114
46
7
12
7
113
61
25
4
48
105
19
126
25
40
51
14
11
21
99
33
24
44
0
2
93
6
27
35
92
33
131
9
76
75
9
20
45
23
77
46
69
116
48
36
28
48
125
54
84
5
14
121
24
45
35
35
21
67
17
24
78
121
11
45
5
53
59
90
94
14
66
32
19
11
72
20
4
10
50
28
77
68
147
53
33
36
133
40
23
12
39
25
60
50
151
46
52
34
4
28
33
71
30
102
15
1
20
39
18
10
52
47
18
147
163
82
23
31
14
25
50
25
34
162
83
48
29
77
28
18
20
8
75
6
24
32
55
19
116
56
76
10
55
20
42
24
32
70
87
75
9
2
129
6
80
95
43
56
46
29
40
3
35
33
4
23
12
26
51
77
14
11
56
28
18
26
14
55
3
60
35
99
76
51
48
2
36
12
129
104
59
29
11
26
89
60
27
24
10
15
20
80
40
52
28
28
17
52
56
24
40
5
47
29
80
36
22
19
15
17
43
37
81
28
54
13
43
87
42
109
7
27
43
2
87
32
25
20
10
1
47
48
68
49
68
38
63
70
36
114
7
29
76
21
54
65
58
70
32
14
12
14
32
80
66
64
95
78
59
123
35
19
10
107
38
64
3
38
18
9
70
35
37
27
85
26
18
25
44
13
39
23
79
47
69
18
46
58
71
8
36
10
22
11
7
46
88
41
3
23
69
5
10
27
42
13
46
47
35
17
20
27
28
57
53
94
28
50
5
6
39
46
63
21
88
46
40
45
26
4
30
42
2
69
34
50
92
28
17
10
104
37
27
75
2
29
9
56
50
106
23
2
35
98
30
49
86
29
41
41
52
8
43
40
56
34
26
22
88
48
124
7
33
46
22
19
13
94
3
22
56
1
33
47
46
38
27
66
20
90
36
14
4
45
92
68
18
6
13
17
3
83
55
5
62
10
21
6
52
47
110
34
62
57
40
14
79
50
23
6
85
112
71
39
15
77
34
113
20
63
90
41
14
30
18
23
78
106
34
121
47
6
54
70
23
2
22
107
38
17
48
46
3
47
18
30
34
34
17
4
8
85
37
84
44
28
59
35
87
23
25
7
57
54
73
1
18
115
44
1
27
31
9
24
47
35
41
74
50
14
1
86
38
21
72
33
8
9
48
100
34
118
23
38
80
25
32
39
8
62
56
42
14
4
31
57
10
43
57
45
48
32
39
4
47
64
86
44
46
28
52
100
16
49
39
12
21
56
16
42
107
37
91
33
18
17
54
2
147
42
29
42
0
5
4
40
12
20
19
41
45
2
7
25
84
56
1
92
36
18
83
40
14
45
58
1
47
12
48
104
27
101
14
72
72
16
30
20
39
6
23
140
12
6
55
38
45
55
23
36
75
61
42
54
121
15
26
5
30
14
69
53
23
37
14
80
42
15
33
13
17
100
32
146
42
51
26
54
4
24
29
79
62
19
15
37
42
50
23
23
45
12
26
36
25
8
29
31
51
40
56
82
22
1
66
20
132
2
2
53
24
16
126
16
18
55
57
25
88
72
18
49
41
19
45
10
84
14
29
34
70
16
12
32
24
104
15
54
15
28
6
0
40
43
66
33
62
25
37
24
34
21
28
33
40
15
4
56
100
23
67
2
64
2
44
76
41
24
86
1
51
23
82
56
36
20
20
39
15
49
102
16
74
19
40
20
20
3
36
26
11
44
41
118
68
3
36
26
32
2
45
30
127
24
66
13
5
0
42
20
60
22
45
34
50
17
71
43
1
68
74
65
3
3
61
97
108
77
63
88
44
13
29
47
32
48
37
26
21
27
0
65
1
20
40
20
0
60
4
37
11
3
7
100
32
125
100
52
3
105
26
23
53
15
79
77
89
83
31
57
119
27
85
59
90
10
5
20
34
10
75
33
7
30
104
23
79
15
5
72
48
33
10
47
51
27
38
45
60
6
0
33
66
3
12
16
102
4
31
74
59
15
37
114
71
37
20
87
14
31
26
2
73
130
57
52
55
46
96
53
53
36
14
49
14
72
46
11
63
15
19
0
82
102
9
66
0
17
23
102
3
62
41
20
27
19
40
20
52
4
50
30
14
16
47
4
9
18
10
25
9
34
15
15
17
41
61
38
47
0
17
21
27
9
41
86
58
42
55
29
4
45
79
10
4
27
70
5
7
98
0
63
15
52
15
74
95
40
12
47
29
56
114
70
33
17
53
14
5
5
15
54
11
28
105
21
35
1
14
5
2
37
27
30
50
65
13
37
72
67
78
51
42
72
20
83
42
65
6
11
64
29
72
54
17
11
59
21
17
6
34
40
18
5
68
54
36
47
18
91
39
39
25
18
81
8
51
37
23
16
9
50
84
54
78
15
31
75
40
58
3
39
39
48
6
49
9
51
18
18
4
80
59
17
35
48
8
5
26
74
21
39
12
73
29
25
2
4
11
46
43
54
35
10
82
44
27
16
36
8
24
61
80
22
31
21
31
3
86
29
41
81
40
92
19
43
41
24
1
43
43
43
38
31
116
3
60
82
28
37
9
30
11
40
102
57
80
91
2
51
34
13
51
34
32
59
59
32
2
50
32
47
12
22
17
8
24
61
11
40
7
26
16
4
48
50
74
33
26
17
98
1
12
51
55
34
9
9
20
50
37
51
13
77
27
25
81
105
39
4
41
2
20
20
22
87
67
14
71
66
13
36
101
19
1
9
33
26
29
16
72
4
24
21
12
8
29
91
17
10
40
47
5
25
104
77
12
6
20
32
1
59
42
78
20
120
11
7
52
95
30
26
34
48
6
10
66
28
20
28
8
60
14
63
57
2
110
67
3
18
54
60
39
15
12
23
12
24
4
0
16
4
39
24
3
35
3
98
19
15
29
28
88
26
11
59
71
4
1
69
33
26
64
9
64
7
43
8
52
19
7
21
31
5
15
42
32
71
22
97
14
12
6
32
11
21
43
35
81
25
82
8
27
21
19
5
39
65
1
43
8
22
13
48
27
7
87
55
61
7
33
24
60
24
13
19
42
38
31
21
50
8
51
17
13
32
39
30
85
26
45
15
14
107
13
51
29
27
3
53
11
65
24
80
12
44
8
31
43
13
54
29
10
14
11
12
36
90
81
75
49
2
46
3
7
61
11
70
35
52
18
12
48
20
55
5
28
16
42
35
52
17
16
51
32
0
25
37
41
2
60
8
24
35
0
48
4
23
14
46
115
4
63
8
4
1
48
16
6
18
32
1
4
66
35
25
10
50
13
22
5
32
7
7
86
35
14
9
24
47
49
12
2
17
10
3
51
11
62
43
17
22
25
38
66
12
6
33
52
12
28
48
90
28
53
35
21
2
0
58
15
35
13
2
6
66
23
60
38
34
6
70
12
27
20
84
1
26
16
120
78
14
71
27
17
76
69
18
41
43
17
25
33
25
18
63
3
21
14
13
26
46
30
16
16
11
8
26
14
12
66
19
27
4
6
33
3
6
7
36
84
30
19
43
84
45
24
53
42
27
22
61
86
28
35
64
3
10
22
1
26
37
76
7
33
10
2
5
61
15
29
73
66
19
26
40
28
111
28
31
35
7
69
31
64
41
36
86
3
2
47
2
32
19
25
14
90
16
18
29
35
44
4
43
49
41
6
23
39
11
47
51
13
28
48
14
14
40
3
32
15
35
25
51
63
15
19
51
70
7
13
68
1
7
51
50
2
8
67
43
70
38
22
18
68
1
3
25
64
31
5
68
2
14
33
24
16
25
25
9
63
70
39
39
5
54
11
9
86
20
7
25
18
65
79
9
37
37
54
10
45
87
6
9
25
58
7
34
11
51
30
37
5
18
3
43
54
83
15
14
15
78
44
24
47
10
2
4
26
15
13
40
71
4
69
34
81
65
11
15
40
24
17
18
18
25
4
62
4
39
3
18
30
1
10
43
3
15
10
74
14
25
63
21
41
75
10
5
48
30
84
57
55
92
6
37
3
39
3
30
1
23
6
43
6
57
5
45
42
22
39
8
35
51
29
89
28
5
35
4
13
8
45
45
13
16
35
32
77
22
9
5
4
19
64
23
44
41
41
14
25
25
85
9
38
18
71
7
2
6
26
10
18
20
18
13
37
22
5
49
28
4
21
8
34
12
18
34
12
39
4
25
41
24
0
20
23
5
57
62
26
35
7
2
8
12
34
9
1
62
66
12
87
35
57
4
17
21
32
10
53
36
12
56
69
36
12
47
41
22
5
16
26
34
29
3
18
7
68
23
73
69
70
8
76
87
85
19
40
22
9
47
48
33
28
9
73
5
63
23
5
39
25
29
10
22
21
29
52
6
10
25
22
7
16
44
34
43
10
10
34
10
1
78
78
32
2
28
49
76
34
33
50
26
52
62
11
48
43
38
25
3
82
15
60
22
20
20
30
80
14
9
9
59
35
32
7
10
18
4
5
9
21
51
16
14
9
11
24
0
60
19
26
36
6
18
44
30
17
4
10
27
65
2
19
46
36
31
15
10
49
46
8
6
11
2
22
9
73
33
15
3
67
7
19
11
27
16
28
74
6
34
2
47
33
87
5
21
8
0
14
45
5
18
23
63
9
25
28
56
10
89
52
24
11
35
64
44
40
11
7
41
12
43
31
15
27
8
45
3
16
49
5
23
53
13
68
64
11
39
18
17
44
21
6
21
1
19
6
7
20
50
3
10
32
50
49
3
13
34
34
9
19
32
43
33
33
35
39
33
2
38
27
9
15
6
47
79
1
13
5
36
64
68
14
42
63
30
12
47
39
50
48
3
26
18
8
14
59
88
83
35
27
47
15
9
75
50
4
32
15
20
29
39
1
22
6
20
51
47
13
4
47
8
25
41
16
25
34
26
9
17
13
12
10
55
31
3
22
4
23
23
52
54
45
13
3
17
33
33
44
23
9
22
52
13
48
8
53
1
37
8
23
23
11
19
11
20
44
31
4
17
20
8
10
5
18
64
2
19
6
27
19
12
58
34
16
14
66
50
15
32
4
15
22
5
28
17
12
4
21
23
24
4
5
15
25
3
25
17
23
14
21
25
3
13
2
42
54
16
7
12
8
32
45
33
14
5
22
27
14
65
30
40
12
29
59
16
7
3
47
20
27
43
9
29
29
30
24
20
1
9
4
55
2
12
20
57
52
42
26
21
25
35
7
38
58
21
14
23
0
34
1
64
23
25
21
54
5
27
2
11
40
2
11
48
20
34
3
34
1
47
7
4
14
32
52
6
2
24
28
22
12
19
17
40
14
13
1
29
39
25
13
24
67
15
27
17
9
32
21
19
9
10
36
31
4
60
4
21
26
5
16
34
13
67
1
22
19
1
13
48
36
25
41
37
8
36
21
16
7
7
26
11
1
53
32
19
29
12
43
15
1
46
19
5
45
49
15
7
5
42
60
34
51
2
3
16
21
1
6
16
23
6
2
19
27
15
4
25
38
23
11
14
4
45
14
22
4
7
18
10
21
33
11
10
53
49
45
26
4
6
2
34
10
25
51
17
17
12
17
21
4
11
22
4
11
22
20
38
15
4
8
1
32
19
20
14
3
18
32
3
19
0
24
40
13
51
14
22
6
4
24
23
6
33
18
24
45
43
15
40
21
14
1
3
31
28
12
32
11
16
2
9
20
55
8
15
32
28
9
3
27
3
32
28
52
69
7
31
11
22
42
7
30
31
37
15
5
20
8
8
4
38
12
6
15
2
13
13
34
13
7
40
27
33
53
18
2
2
30
14
0
36
20
32
29
25
11
20
12
65
3
10
9
21
25
9
2
24
14
30
10
23
39
3
0
13
4
5
38
97
50
10
4
28
11
5
21
28
40
15
28
43
13
8
78
1
22
20
6
6
14
5
7
7
5
18
4
9
1
45
19
18
64
2
3
10
8
18
6
18
7
43
14
2
9
5
45
22
35
29
26
41
57
76
8
21
2
7
24
13
13
20
20
16
16
3
15
23
7
5
44
48
1
30
22
28
9
15
29
14
15
28
9
8
6
29
0
48
16
1
22
35
31
33
0
38
46
20
21
12
1
6
28
12
6
48
47
44
14
12
17
34
10
43
35
35
16
12
1
22
54
34
3
1
14
17
33
27
43
40
8
15
26
5
7
22
35
2
20
33
25
21
18
8
38
1
15
13
16
12
11
18
2
32
25
0
4
19
22
12
1
38
16
12
2
3
18
37
14
25
14
31
29
16
3
5
14
7
22
18
17
5
25
30
11
15
2
14
15
31
31
16
52
5
11
14
20
15
8
25
22
24
35
11
17
39
9
3
27
12
7
13
3
12
9
24
20
23
4
1
28
33
29
8
5
14
3
16
46
11
2
6
15
1
7
6
14
3
7
16
10
15
9
32
5
37
34
4
4
27
31
9
15
19
16
2
12
16
22
0
4
5
8
30
7
7
18
12
7
21
4
16
1
23
15
13
7
14
8
13
20
19
36
5
18
14
19
24
16
14
19
9
15
11
25
19
3
32
11
11
2
7
24
29
19
8
12
0
13
24
18
10
44
8
6
15
10
1
6
29
9
1
18
10
1
3
11
8
7
10
2
8
15
17
39
11
25
9
7
14
9
2
21
7
8
20
5
10
21
11
6
3
10
19
7
2
22
19
49
38
11
5
11
7
3
18
4
35
11
19
6
22
3
7
5
16
8
22
1
32
6
0
8
15
2
1
28
5
16
5
5
12
12
17
4
14
1
8
5
16
13
9
3
3
19
15
23
1
6
12
9
6
0
6
10
26
25
6
10
22
19
8
4
27
18
17
4
5
21
11
14
7
13
6
6
3
11
21
35
6
11
11
1
8
7
16
6
22
8
3
3
4
32
3
11
26
2
21
10
25
6
2
6
1
10
8
2
6
37
6
10
11
19
2
7
1
6
14
1
22
10
3
4
16
1
0
8
6
9
15
6
0
3
21
8
8
13
2
8
1
0
4
1
5
14
17
2
6
8
10
18
1
5
4
17
3
11
7
7
1
2
16
11
2
2
10
6
4
1
18
6
9
18
3
8
2
4
1
8
5
4
0
5
5
16
23
11
2
9
2
15
8
8
3
2
11
3
4
13
14
15
2
7
6
10
3
11
11
4
1
4
8
4
6
16
3
17
8
3
12
9
5
3
2
0
5
3
7
1
5
12
1
10
6
6
5
1
4
7
3
3
5
3
5
7
3
13
2
4
2
5
4
2
1
8
2
6
3
0
2
1
3
6
3
2
2
1
1
1
