33
4
1
1
3
56
6
75
9
15
29
12
3
32
73
51
9
3
93
12
2
114
92
70
16
15
46
5
37
27
27
20
91
5
5
7
15
7
35
8
49
10
70
0
58
10
42
20
134
3
37
25
1
11
56
28
122
19
46
24
44
12
16
53
15
50
35
27
7
26
0
37
20
19
24
86
21
13
58
45
74
2
82
65
63
15
0
28
72
53
69
33
70
12
30
8
22
12
30
18
102
55
93
5
48
21
7
88
78
31
121
70
75
64
34
17
72
55
56
59
14
30
18
75
27
80
83
18
18
60
72
57
10
28
53
79
14
17
19
4
0
39
64
26
13
46
6
21
20
30
25
76
8
26
18
85
64
104
145
51
41
77
4
56
7
43
98
30
78
31
29
100
53
22
8
26
51
81
48
66
51
55
34
120
196
56
9
83
7
51
113
30
29
39
1
86
62
83
53
115
18
16
63
54
122
20
41
70
55
3
98
70
1
54
81
60
95
95
96
16
86
32
74
50
59
112
56
29
0
135
46
4
65
41
70
52
188
54
34
36
52
47
32
91
48
67
16
99
17
37
37
54
11
1
15
48
33
119
3
9
64
67
90
30
49
8
76
119
49
39
65
13
12
24
30
55
75
48
44
26
23
5
60
32
60
6
12
61
134
20
42
44
38
14
4
0
24
9
15
28
1
5
23
13
51
24
28
30
71
66
86
34
38
90
32
82
31
35
21
91
17
11
50
1
7
7
33
68
67
36
8
30
15
31
106
113
20
4
16
70
22
31
40
54
17
3
33
40
80
78
174
51
61
4
64
29
7
7
25
23
63
40
100
75
37
28
55
23
28
58
93
2
103
26
45
7
1
85
151
68
138
34
15
117
84
19
67
72
5
125
74
32
39
14
8
6
53
42
2
85
77
127
11
33
30
55
9
34
49
10
61
0
30
18
54
11
50
9
25
1
42
123
37
12
49
56
30
56
48
98
43
65
44
17
28
41
12
0
66
145
59
79
13
46
35
26
1
30
56
51
32
30
27
29
22
85
28
8
44
54
102
94
28
41
37
15
77
7
14
25
7
12
19
5
28
16
81
48
40
42
84
2
110
75
23
55
16
18
11
144
39
24
40
32
24
62
84
28
5
3
0
14
43
54
22
71
4
73
23
71
23
5
59
0
28
27
44
43
24
61
40
27
5
69
28
10
21
8
73
34
4
16
34
16
2
38
26
45
1
45
25
64
28
60
32
72
6
4
39
11
47
71
34
54
46
43
32
28
8
79
13
5
28
56
58
14
7
16
65
59
45
37
32
43
41
0
1
54
15
57
39
50
14
69
104
24
5
55
24
31
6
10
8
17
38
44
27
86
61
38
45
56
0
61
81
8
28
18
26
63
6
18
23
59
56
11
108
29
81
1
30
62
83
19
34
31
86
60
61
47
3
78
36
34
5
26
42
36
80
70
36
7
7
19
4
73
46
8
61
5
30
12
1
86
20
55
63
79
41
15
65
40
5
22
51
30
29
11
79
16
19
3
12
70
100
119
56
23
29
25
44
15
12
21
71
10
23
47
14
75
37
19
9
26
88
22
97
28
67
22
54
11
138
10
23
56
43
77
65
30
10
59
82
13
101
33
18
42
47
62
18
25
74
37
45
28
79
64
54
4
108
32
16
69
38
9
28
26
39
6
22
58
43
78
75
48
16
100
44
5
17
7
76
48
61
144
22
20
35
37
4
5
21
50
105
65
42
164
20
29
34
57
98
7
45
54
27
18
83
33
55
97
51
46
5
19
18
60
28
86
7
100
57
65
4
44
8
11
44
88
3
1
60
18
92
48
61
101
18
67
63
15
40
55
4
4
7
0
77
52
12
20
72
16
48
49
20
37
19
50
14
57
31
26
40
19
14
3
54
17
30
68
71
39
69
74
55
11
35
41
41
64
9
24
40
40
61
21
25
89
50
2
67
59
66
13
29
115
79
24
72
23
7
2
14
50
15
24
47
59
105
23
36
130
31
35
7
50
39
62
26
68
12
15
2
26
7
21
0
48
9
2
78
29
19
6
25
13
64
11
4
41
1
28
74
68
48
58
11
1
95
44
53
77
19
42
35
28
7
16
64
32
39
5
26
18
61
31
19
27
38
88
87
68
18
7
42
61
22
38
50
91
68
13
32
6
17
16
25
13
63
16
54
106
38
36
44
82
93
15
19
40
12
17
60
20
40
50
15
20
2
17
26
39
32
51
50
62
37
16
24
15
120
10
72
61
22
17
6
53
67
32
36
45
57
16
82
0
35
5
52
8
30
37
9
7
41
30
9
40
70
27
1
5
21
34
30
55
14
4
43
40
40
1
82
15
93
18
45
67
16
11
21
31
37
35
15
38
4
11
10
43
12
13
35
24
6
31
19
6
42
15
21
72
49
21
35
23
0
18
48
17
35
53
72
40
95
75
1
35
55
29
12
101
8
117
12
32
20
75
12
13
48
11
3
3
17
80
73
10
4
26
52
24
59
49
22
42
2
25
12
84
43
61
15
16
29
6
87
24
18
27
53
27
19
28
18
8
6
41
27
24
77
12
28
24
78
49
45
9
15
106
49
59
61
75
21
11
3
16
13
34
67
44
6
35
47
4
24
54
50
61
3
2
3
33
6
24
27
27
0
25
1
28
41
17
10
19
1
20
28
13
12
93
60
5
40
40
32
42
11
52
39
24
66
12
16
32
89
1
7
14
19
35
58
27
24
78
41
50
10
25
48
5
3
22
36
2
2
70
19
45
45
47
8
11
86
10
21
26
15
41
154
11
12
50
30
48
50
82
88
7
2
67
1
29
4
44
23
47
10
16
34
15
50
47
29
4
3
1
19
57
34
43
7
74
124
10
37
3
15
2
14
39
51
51
113
96
22
25
76
93
19
6
38
34
6
66
10
54
57
12
30
23
10
11
25
6
23
24
17
11
7
84
5
11
33
29
21
33
68
76
69
24
67
33
15
4
86
5
95
56
11
15
15
61
70
34
31
15
24
27
2
55
14
25
17
5
17
22
62
10
61
23
8
53
30
35
90
44
117
93
8
24
33
2
60
53
33
41
80
7
12
36
21
44
28
5
4
24
24
64
34
32
20
33
28
2
9
16
66
44
17
29
11
70
89
61
4
22
57
57
30
15
39
19
15
86
28
33
7
34
11
42
33
13
66
10
48
29
38
34
10
7
79
14
33
13
59
23
47
30
4
7
93
31
52
8
26
26
22
56
58
58
17
18
33
6
46
33
103
79
93
9
11
93
47
51
55
8
8
34
12
6
26
86
28
36
19
2
0
32
12
86
28
0
30
57
66
46
30
14
67
6
20
26
3
44
28
36
6
26
14
18
21
101
49
1
31
31
42
53
16
14
19
19
72
26
3
5
46
24
8
59
16
37
9
44
53
56
20
23
7
16
5
12
6
83
37
61
18
24
29
67
72
59
10
21
66
12
72
6
105
7
75
24
44
16
39
110
49
37
42
73
29
75
28
39
36
66
81
36
29
10
72
3
60
20
30
29
6
56
46
26
4
33
1
4
37
13
31
40
2
82
94
16
3
42
89
32
20
56
9
4
13
26
1
17
55
3
26
1
37
110
29
38
13
59
43
25
18
2
33
19
17
40
7
17
58
14
41
7
54
44
26
21
50
77
23
0
5
28
41
51
20
41
7
7
34
26
29
30
49
58
7
13
17
27
6
24
71
4
63
30
18
39
38
11
34
15
22
41
10
89
12
31
18
20
11
20
25
85
10
73
14
43
12
15
18
25
29
35
9
16
70
82
9
3
66
46
73
71
33
4
38
11
3
58
49
28
28
24
12
8
69
19
28
67
60
24
13
42
62
35
35
21
41
0
38
21
49
63
69
9
60
5
16
3
10
65
29
69
49
33
28
15
53
19
12
14
5
38
43
4
74
60
6
14
71
12
27
70
77
4
10
25
48
1
27
50
18
4
36
23
5
69
5
16
63
3
41
51
65
37
4
39
65
37
3
36
16
10
6
34
49
48
44
45
66
14
48
17
53
22
6
17
13
10
34
6
56
29
25
16
92
4
2
25
32
33
22
40
1
16
19
33
0
19
28
76
28
119
57
21
25
21
60
12
15
7
22
25
62
9
31
61
10
13
11
65
17
122
34
18
103
25
13
53
85
28
34
14
3
45
7
53
77
14
14
33
41
101
4
20
26
18
12
58
45
0
7
5
15
44
9
1
12
48
87
34
30
70
62
39
56
70
19
6
49
44
55
31
104
30
14
14
11
22
13
60
47
4
20
27
86
2
7
39
23
29
10
38
16
39
33
24
28
5
36
3
38
36
17
26
93
51
24
65
7
47
7
7
45
3
28
81
47
38
23
14
34
27
3
47
3
1
14
28
30
28
7
22
4
11
37
13
34
21
26
9
0
68
17
56
10
39
15
23
5
62
47
26
55
46
1
9
8
43
8
20
22
10
0
42
35
24
6
19
66
23
5
7
19
14
13
25
40
66
37
3
18
29
14
29
37
31
28
13
8
8
38
36
19
0
19
20
7
4
14
68
31
31
53
8
2
51
11
22
51
2
39
60
6
27
10
58
28
4
23
34
28
2
20
56
54
40
22
53
30
33
5
41
40
70
12
20
30
14
1
26
57
29
8
21
74
2
21
39
11
34
45
57
29
23
28
64
4
37
14
14
1
9
37
22
85
11
13
1
35
28
26
13
112
45
0
18
29
31
40
110
17
30
7
21
48
28
82
34
28
2
35
44
25
17
12
30
6
7
18
21
55
30
21
40
8
8
68
31
26
20
21
4
24
15
19
22
48
25
36
33
30
52
23
25
12
38
51
3
25
29
29
63
8
11
57
11
47
43
19
28
1
19
33
30
3
6
43
5
14
11
43
28
20
28
33
17
23
17
24
31
20
4
36
54
2
39
58
27
41
6
31
25
23
59
5
4
18
36
28
21
13
4
19
37
28
26
35
6
19
17
48
37
20
25
33
4
10
19
44
37
22
24
14
52
30
23
32
7
16
10
14
1
49
24
24
60
12
15
33
4
44
9
19
12
69
44
23
10
19
32
46
43
59
28
3
24
47
15
9
6
32
14
15
10
4
22
17
4
8
40
22
5
82
12
48
1
17
14
23
27
15
4
50
7
27
16
9
45
41
25
71
15
8
6
25
2
35
4
8
19
4
19
32
5
13
31
12
7
10
21
4
23
58
67
23
13
29
50
27
36
3
9
2
27
3
17
14
17
11
2
14
22
4
18
9
49
31
59
18
45
26
8
20
26
12
3
39
55
73
15
2
26
25
2
20
24
10
44
25
21
9
3
27
30
4
15
31
25
27
38
9
51
3
7
35
13
66
16
4
40
12
5
25
70
32
14
3
40
27
19
30
13
19
67
31
34
21
15
11
28
0
20
42
22
30
11
30
38
13
44
14
8
28
54
8
43
26
15
57
65
39
87
8
50
0
29
8
49
19
8
0
45
19
7
30
7
9
14
33
27
49
31
60
58
5
22
53
49
5
27
24
5
14
52
4
22
40
22
30
6
37
22
20
9
12
24
28
57
37
29
42
1
35
16
9
28
47
20
16
21
25
4
19
35
9
2
40
19
15
10
30
30
23
9
7
27
48
43
27
33
24
40
30
25
19
16
8
17
27
1
8
25
21
16
10
4
42
29
2
11
32
36
31
16
29
44
30
2
50
60
30
7
10
20
25
15
56
56
9
47
45
22
47
11
2
11
19
21
2
1
14
2
7
39
28
25
11
26
14
17
16
44
1
22
23
14
43
71
3
26
34
6
17
18
24
20
16
4
0
5
21
15
3
8
14
51
49
3
31
27
29
26
45
19
26
12
13
29
20
43
0
16
12
10
31
23
9
25
65
55
24
1
4
40
20
12
12
6
48
13
21
6
23
8
2
37
18
3
34
6
9
28
58
37
33
11
1
15
9
33
38
26
29
3
19
6
3
39
7
39
20
40
4
8
6
8
12
8
28
33
20
1
8
2
7
9
12
26
29
13
26
49
25
40
11
12
0
46
23
0
15
36
17
21
1
2
41
10
6
14
24
29
51
88
17
11
6
9
27
49
7
12
4
12
5
16
12
9
50
40
35
12
34
32
14
20
11
27
26
7
10
31
14
22
37
12
33
7
18
4
8
19
9
8
4
6
21
9
17
21
16
6
29
12
4
5
30
11
26
7
6
12
16
1
7
15
18
16
19
7
25
33
64
29
35
46
30
10
36
11
9
7
3
4
23
26
19
14
20
22
9
31
8
1
9
18
15
0
21
8
25
25
4
23
27
12
34
20
7
27
50
15
2
15
28
2
6
29
26
3
12
52
21
0
3
13
30
41
12
18
27
68
3
15
17
51
3
31
18
2
49
56
18
10
22
1
15
6
21
6
21
17
6
12
43
4
6
32
24
22
11
2
8
15
20
10
20
28
38
34
9
26
2
9
7
8
38
25
30
19
42
18
19
44
12
9
14
31
3
3
25
19
32
6
46
7
25
8
5
34
17
25
12
16
27
21
17
33
28
2
4
49
28
1
69
30
4
4
2
17
2
5
16
4
13
25
26
6
4
36
19
3
4
11
34
24
32
2
1
22
31
12
0
27
10
13
17
0
18
10
10
5
1
8
3
1
30
14
3
18
15
38
37
8
21
8
35
5
72
9
6
2
4
4
8
4
6
7
50
13
21
36
9
2
10
32
4
39
27
22
26
11
32
19
32
17
21
21
10
8
32
20
3
5
15
18
34
12
4
1
8
9
1
1
38
31
12
24
21
10
15
2
15
25
9
16
29
7
32
29
5
25
27
23
16
8
5
6
8
0
14
1
39
20
6
32
10
4
12
4
4
4
22
14
15
13
5
25
2
10
7
15
27
12
42
23
22
17
9
24
33
8
6
10
9
2
17
1
14
7
7
17
15
26
13
23
11
4
30
9
20
6
27
12
14
5
14
11
1
18
1
22
5
42
9
5
14
1
12
9
7
7
16
19
12
6
15
16
14
6
18
7
3
23
9
14
8
2
12
9
19
4
9
21
21
5
15
15
20
14
25
7
21
3
22
7
30
4
24
7
11
7
17
17
10
20
23
9
11
9
9
9
25
22
4
8
3
11
1
10
2
22
10
20
20
5
8
4
10
6
2
7
4
7
13
2
0
10
6
3
22
10
11
4
21
15
4
12
0
25
5
2
0
11
9
10
0
1
12
26
8
20
5
3
8
18
13
30
29
5
3
17
3
9
3
1
2
28
17
10
7
4
12
3
4
8
6
6
4
0
3
0
5
12
0
0
21
2
3
3
10
3
12
6
7
3
2
5
24
7
3
5
9
5
14
4
10
4
2
9
3
7
5
2
11
1
4
12
5
14
10
3
1
11
6
12
7
0
1
6
4
5
4
11
4
4
16
11
7
3
2
16
10
3
1
2
3
3
2
6
9
0
6
1
4
2
0
2
4
4
6
1
2
5
7
2
4
10
1
2
9
1
5
0
9
7
2
1
3
0
1
3
2
3
0
2
1
2
0
0
