14
46
2
0
42
2
4
25
25
10
4
10
12
4
35
5
87
43
88
64
18
76
19
70
80
31
39
102
51
43
85
4
55
69
33
18
69
2
13
8
10
58
34
14
21
97
116
29
29
4
30
17
62
25
14
43
45
22
43
174
55
53
17
21
24
21
19
10
26
55
16
19
2
81
6
32
26
70
5
8
66
42
56
14
75
4
9
28
25
89
74
39
24
47
57
13
78
46
92
7
44
17
18
37
74
92
79
79
79
57
43
37
31
50
18
26
37
9
57
83
72
43
30
23
12
8
15
70
107
59
51
29
35
30
58
3
2
1
19
64
78
34
8
41
16
10
66
85
17
42
94
93
61
67
77
22
33
47
61
34
15
61
4
36
8
45
45
93
70
147
15
27
66
109
27
79
29
12
50
69
26
5
61
34
59
84
73
18
27
152
19
15
83
138
75
85
2
39
87
31
46
3
60
76
25
35
51
30
69
42
27
75
55
57
139
78
21
50
110
89
5
2
49
9
75
1
16
166
80
34
34
22
16
68
20
53
43
35
74
119
20
30
110
45
37
20
28
167
150
46
49
4
25
24
28
54
35
11
0
104
18
61
59
67
51
22
39
36
48
14
44
46
20
20
1
9
42
4
6
39
39
32
43
75
64
49
3
40
46
2
1
111
31
53
49
30
51
9
37
14
23
16
17
181
0
60
36
82
82
79
20
48
10
65
3
19
37
23
26
21
22
96
40
67
76
47
50
85
8
57
22
5
4
21
38
85
18
1
3
0
7
31
89
54
7
68
114
50
20
42
5
22
145
29
25
13
27
54
19
95
67
3
36
31
43
4
14
86
47
50
1
18
16
32
119
91
45
77
8
22
41
44
116
37
9
70
2
46
55
1
23
18
43
11
76
71
39
10
52
123
63
1
13
44
47
83
15
96
48
16
29
19
20
19
68
71
7
22
33
32
75
8
33
47
13
71
43
70
0
3
83
46
77
1
41
3
92
23
19
66
38
9
18
61
78
42
80
17
12
78
54
18
78
31
59
9
63
58
23
12
52
53
112
28
51
55
60
44
50
46
3
102
5
89
15
27
10
36
39
76
19
37
39
65
40
59
18
43
9
9
43
22
2
35
78
6
44
48
12
7
12
28
48
100
59
18
35
1
1
26
21
27
77
51
49
48
18
28
30
89
22
44
39
14
73
24
78
82
0
22
5
44
13
49
39
49
104
21
32
54
68
52
18
69
39
74
72
25
1
88
18
15
125
97
13
1
3
63
2
7
4
119
86
50
9
125
3
17
33
86
11
25
43
28
21
49
9
62
8
33
64
96
10
5
57
33
43
11
74
56
142
19
118
3
7
18
57
15
67
123
92
1
49
15
104
6
8
87
37
69
64
32
63
33
57
34
11
20
11
15
22
31
79
86
8
26
80
6
5
75
42
25
14
33
45
114
24
25
110
3
82
55
25
40
15
10
3
10
10
12
59
89
50
55
87
34
88
32
27
24
6
87
31
35
4
78
7
18
17
89
3
79
10
43
4
57
35
59
72
26
58
6
32
29
20
22
16
97
10
131
24
84
65
31
25
5
60
29
39
2
20
71
31
61
88
16
15
4
28
17
43
117
86
13
1
20
43
79
7
43
100
115
36
47
10
10
34
46
40
23
67
64
36
15
40
44
6
27
36
39
35
8
58
12
31
98
57
2
27
21
24
12
44
33
36
62
15
19
13
15
14
32
104
28
37
37
40
60
30
8
22
94
57
39
6
44
47
30
11
40
38
9
23
48
1
68
95
30
89
81
64
51
63
42
51
81
13
36
11
45
0
17
2
134
28
29
56
37
66
5
30
12
68
0
50
31
14
28
48
95
93
55
6
28
69
69
79
85
19
22
23
9
6
36
14
7
55
43
5
24
21
105
73
22
47
33
109
14
11
39
12
100
41
84
69
24
16
32
31
75
95
39
51
8
91
51
26
59
12
81
11
11
82
23
23
152
41
73
67
111
72
59
13
68
45
39
4
35
68
16
103
4
32
59
10
8
83
47
23
32
1
119
34
44
65
76
80
49
31
44
35
101
28
72
54
4
20
89
32
48
14
61
39
52
98
76
1
91
8
134
28
70
22
47
58
10
29
50
30
21
60
40
7
119
32
47
45
28
15
22
14
94
69
14
31
1
39
74
4
16
11
5
44
43
23
56
36
82
60
33
18
43
35
20
35
36
39
8
111
67
28
24
26
11
46
26
18
53
6
31
42
5
3
15
105
140
74
91
14
56
66
63
32
71
31
57
104
5
46
71
36
66
12
28
58
0
40
33
2
25
3
64
9
58
14
28
68
40
15
5
5
17
37
7
31
2
11
8
14
34
7
5
100
50
45
31
69
44
14
54
67
32
54
71
67
6
29
0
23
54
35
78
15
42
45
48
9
109
11
7
7
72
42
12
21
60
6
61
19
51
70
3
119
40
24
101
26
45
37
41
18
107
44
4
39
45
22
133
7
34
47
21
24
8
57
12
102
68
4
31
17
57
26
17
63
64
46
19
16
76
101
24
20
6
6
6
44
15
70
2
43
16
7
17
21
9
22
92
22
12
51
32
105
51
4
16
99
46
81
10
111
20
0
15
48
51
66
30
30
4
60
90
55
83
96
44
0
3
47
5
21
41
29
19
33
29
107
22
63
59
22
18
2
83
9
53
45
31
23
27
53
22
60
40
5
34
27
67
26
83
53
59
16
11
47
85
64
12
5
4
119
61
13
5
40
23
33
23
53
3
37
31
25
70
43
37
24
47
75
50
14
35
42
2
8
57
91
47
71
2
58
39
5
76
13
45
100
50
13
45
1
8
22
10
63
43
35
35
24
23
83
21
7
97
40
67
8
57
6
20
63
43
23
50
3
21
28
9
22
20
15
42
9
2
64
49
9
89
46
11
23
3
38
108
5
19
39
5
66
13
20
84
2
46
26
33
63
75
53
16
79
30
9
42
1
24
10
57
55
5
36
66
49
96
56
26
20
55
19
24
3
28
30
28
92
28
35
20
20
41
75
25
59
20
57
35
71
25
27
35
19
23
44
19
51
72
50
3
56
79
44
11
26
39
57
21
42
9
1
27
25
60
31
34
35
74
103
32
68
42
10
16
42
15
3
8
5
39
0
84
38
19
9
6
88
18
56
44
21
19
85
75
55
11
11
21
66
40
23
14
10
32
14
20
22
40
71
60
25
17
23
11
47
29
40
29
32
38
76
17
8
69
84
3
64
13
8
51
15
37
23
40
42
13
106
67
12
84
50
48
33
56
33
49
9
26
18
2
75
29
77
19
32
66
61
34
25
51
57
79
26
15
6
38
23
0
51
10
47
31
85
44
52
27
45
28
82
15
27
27
33
70
32
19
27
35
23
38
8
59
76
23
32
1
5
33
64
17
0
18
7
3
62
40
95
27
5
33
72
65
5
76
7
13
31
22
20
26
58
14
35
42
59
67
79
30
41
41
21
66
18
44
40
51
8
28
20
2
80
14
21
26
8
66
4
65
17
12
84
7
55
63
19
4
15
108
95
49
36
49
29
34
48
7
51
70
19
7
38
38
25
6
75
27
15
4
11
41
55
0
8
1
41
8
45
31
15
75
14
30
7
1
48
29
44
22
2
35
20
42
16
23
32
51
7
15
76
27
12
19
51
93
26
10
48
7
5
8
14
23
26
114
31
11
65
35
74
1
45
45
19
45
14
11
74
5
52
26
35
118
35
36
42
80
59
37
9
23
12
33
91
5
16
25
67
39
39
48
19
5
60
9
85
68
54
24
35
25
9
24
57
1
3
60
42
20
5
10
20
10
24
6
55
12
18
12
17
68
29
49
17
23
1
92
18
24
31
5
86
26
20
8
17
13
25
74
112
59
7
40
20
3
40
62
57
7
15
79
32
69
8
14
40
12
9
82
20
134
20
33
52
2
12
20
16
37
11
19
1
41
27
58
22
35
31
15
43
67
57
30
14
12
39
13
54
60
19
45
32
38
26
29
36
18
17
2
27
20
40
63
88
20
11
5
0
2
11
19
19
25
14
11
62
41
49
25
6
25
105
11
91
20
7
20
25
12
13
49
74
23
57
19
22
34
70
25
57
30
98
13
16
101
45
17
10
71
11
22
74
40
14
70
18
9
38
56
58
24
40
17
73
38
6
3
11
1
1
26
21
14
31
6
17
26
26
21
17
4
110
54
49
6
31
34
94
39
14
8
70
82
15
13
46
36
3
18
31
18
61
32
19
38
20
8
21
3
22
9
40
23
49
34
21
33
56
44
26
42
28
34
12
36
19
5
46
10
0
73
25
18
78
25
23
78
22
16
26
5
110
48
72
33
8
59
40
21
2
6
2
27
36
14
14
39
5
18
7
15
2
8
53
48
27
34
11
30
39
2
12
59
57
31
42
5
67
15
26
22
52
23
69
87
30
48
29
41
67
4
45
35
17
27
9
16
10
12
34
36
57
19
42
7
2
20
17
2
25
14
63
16
7
68
6
28
56
23
34
38
23
24
8
13
35
25
20
28
21
12
22
41
10
15
4
32
114
39
22
18
10
28
4
1
19
83
1
24
23
32
38
47
18
11
0
29
23
58
5
3
1
5
31
47
10
13
44
25
29
2
41
24
14
36
52
7
21
29
4
63
16
4
6
49
75
61
16
110
13
2
14
11
22
9
15
10
55
3
13
0
19
4
2
54
19
62
14
39
53
16
8
8
23
63
52
26
20
36
52
32
19
17
63
88
1
12
48
18
22
37
33
17
15
10
48
6
46
54
21
74
28
73
49
34
31
38
38
25
2
46
16
70
11
1
23
15
31
19
30
53
33
1
29
6
46
1
9
22
66
1
8
6
28
8
64
31
21
62
77
52
26
65
52
13
0
6
50
38
27
16
34
1
7
15
66
37
28
25
22
50
48
30
1
5
24
41
82
11
28
5
7
36
7
10
45
0
84
96
32
12
7
27
18
41
20
2
53
20
15
10
43
22
42
23
19
0
20
24
24
42
7
4
30
41
4
9
48
21
40
3
7
65
22
56
44
67
58
6
8
26
31
20
34
4
35
28
53
38
1
8
87
39
16
27
18
64
17
2
2
23
10
14
7
25
10
49
18
24
32
6
58
74
28
14
72
8
31
6
8
44
43
46
24
61
20
31
2
58
9
47
20
46
26
4
32
3
15
17
21
3
2
6
3
52
48
12
35
49
1
6
33
19
6
49
11
8
35
14
27
17
54
12
65
35
12
17
7
15
54
35
5
2
31
7
12
10
15
9
14
26
21
7
18
33
6
52
2
14
14
10
51
2
18
31
1
57
30
33
4
8
10
39
42
0
15
25
5
18
20
10
8
24
25
41
8
5
2
20
13
11
7
23
29
3
3
1
22
15
27
20
42
34
41
6
4
14
4
26
27
8
27
74
13
45
28
22
16
35
41
15
32
8
6
7
15
25
32
29
13
24
4
46
76
7
11
8
8
14
0
23
10
16
4
12
6
41
3
14
42
29
14
38
49
24
7
40
32
31
11
61
27
15
75
50
9
3
24
22
28
9
107
54
24
1
20
23
10
36
15
26
57
11
40
84
17
8
43
6
15
25
15
21
8
20
6
24
63
9
55
10
9
41
30
15
12
22
27
8
9
27
31
21
15
38
12
101
1
6
6
8
27
56
6
12
3
21
38
17
24
6
23
51
7
44
21
16
3
36
25
10
18
4
28
33
50
43
16
7
13
8
10
24
38
19
34
17
26
22
11
14
21
43
18
33
36
53
11
31
6
38
13
15
32
30
24
21
39
12
29
18
25
9
7
26
16
19
13
34
48
4
42
26
8
35
40
23
14
19
60
57
24
15
33
53
25
11
17
23
13
42
22
65
50
21
43
49
57
15
25
36
6
33
18
32
21
43
18
16
48
17
42
6
16
27
4
15
81
15
24
65
23
29
51
16
6
50
34
2
44
4
58
32
41
3
30
4
14
8
71
41
59
48
15
16
15
12
33
26
3
12
8
34
5
42
41
33
1
37
34
18
14
0
62
3
15
43
34
78
49
20
5
17
2
17
11
21
35
16
7
16
40
19
9
18
3
20
16
18
6
11
35
39
0
12
4
33
20
14
12
22
32
31
3
4
53
25
17
2
0
6
5
17
24
46
12
29
0
61
33
6
26
10
54
8
45
12
1
6
48
30
25
9
30
13
8
6
22
20
19
1
1
3
28
4
32
20
40
13
44
17
7
10
57
35
5
22
8
22
0
14
3
11
53
42
11
14
32
3
16
29
10
18
31
18
8
21
18
36
44
12
43
20
9
28
15
2
6
16
4
8
28
3
36
24
22
9
12
51
9
4
32
13
19
13
26
19
11
17
12
16
36
25
16
28
18
10
19
26
13
11
6
25
7
13
22
25
9
6
10
19
1
27
30
21
28
46
27
4
11
0
3
10
7
39
14
41
28
8
14
8
6
34
33
13
51
8
4
24
4
15
9
15
26
4
12
10
12
25
18
3
17
24
35
20
10
2
8
10
50
6
12
13
11
6
19
15
18
22
11
23
29
9
12
25
49
4
14
34
41
2
27
22
10
31
28
8
16
14
40
23
7
3
29
2
11
29
20
23
15
25
4
22
0
0
18
11
5
29
27
7
1
34
1
5
4
2
18
13
12
2
21
26
3
41
14
6
21
10
28
14
2
1
19
11
30
9
11
1
11
3
17
12
4
2
5
24
2
3
1
18
9
10
10
10
13
24
12
5
25
8
0
33
4
11
17
15
10
13
9
14
30
4
31
9
2
19
13
23
13
26
9
11
9
19
26
25
7
3
13
21
1
13
21
8
8
17
22
38
22
16
7
5
15
21
7
7
27
1
8
21
26
19
16
13
15
10
2
8
27
2
1
17
27
14
20
2
5
19
31
7
2
23
2
6
12
20
15
9
17
3
21
11
1
0
4
15
9
28
17
8
11
15
18
8
5
2
16
10
0
19
19
35
22
19
39
36
10
2
18
1
13
16
10
0
7
6
14
6
27
7
19
17
5
6
16
35
23
28
16
3
3
11
16
7
0
10
1
10
1
8
18
27
9
17
12
3
22
10
1
5
12
10
2
5
13
9
14
14
30
21
11
9
1
1
6
10
2
5
5
16
25
16
2
7
5
3
17
13
13
6
1
1
5
1
5
0
8
15
10
3
14
6
5
1
6
14
15
9
5
4
5
18
11
9
13
11
1
16
7
9
21
1
13
1
1
8
5
13
2
23
26
8
14
8
0
10
1
8
2
3
13
13
2
11
14
1
11
5
12
6
12
10
9
6
6
15
18
8
4
0
9
21
2
2
14
11
29
14
1
6
1
8
12
4
3
3
20
1
10
9
8
1
9
17
2
6
4
5
1
16
12
4
7
1
5
11
12
5
3
2
17
12
9
3
1
12
8
9
4
6
1
2
5
8
1
17
2
18
6
12
6
1
5
13
12
9
1
7
1
10
0
12
9
5
3
2
2
5
4
6
4
1
4
10
1
4
1
5
7
1
6
1
1
2
2
2
2
1
3
2
0
2
