12
40
28
55
2
2
16
6
8
7
21
17
14
11
20
77
59
19
19
35
33
67
1
38
23
39
31
12
24
21
16
24
3
2
47
45
8
20
49
20
30
27
2
16
26
20
37
67
10
7
117
8
85
32
52
34
17
39
7
14
64
29
47
76
4
10
61
9
48
19
8
44
72
22
23
55
31
28
19
33
11
42
68
1
32
9
23
10
40
23
46
9
9
71
38
113
85
6
61
2
33
69
55
71
24
55
37
18
87
82
77
13
36
142
5
46
36
35
56
14
7
84
65
40
1
125
53
99
82
7
56
47
81
5
47
21
50
8
33
47
36
62
22
77
4
3
16
12
61
22
81
41
109
17
21
21
28
46
34
9
14
68
54
46
93
28
25
57
38
3
13
78
14
78
72
15
23
54
29
67
5
111
7
18
10
103
42
30
12
32
10
69
93
72
6
70
19
31
80
30
101
30
130
64
50
54
6
9
6
80
47
42
30
78
10
60
69
64
20
89
5
3
90
25
62
34
29
96
17
28
8
8
13
4
7
18
35
11
40
83
70
38
25
13
10
68
73
53
52
46
13
9
126
46
38
20
23
22
14
13
141
9
8
40
23
39
62
34
24
1
23
34
40
11
74
6
2
18
55
42
3
5
52
37
73
17
10
73
93
26
0
21
42
36
71
46
9
76
56
26
23
69
114
43
61
13
9
4
19
57
98
59
59
31
18
84
129
81
9
2
62
81
58
57
70
56
66
44
23
36
4
38
104
54
109
28
38
41
42
0
43
162
43
9
94
68
17
29
64
30
56
45
3
6
19
6
18
108
76
35
26
59
73
74
2
34
50
7
32
107
40
18
35
59
4
35
31
19
98
36
89
9
65
2
28
11
52
73
93
21
71
66
105
51
57
78
40
49
54
22
11
55
68
1
19
67
45
10
71
46
50
68
88
20
8
7
21
33
24
31
38
23
129
9
1
58
99
21
25
42
48
108
31
75
59
42
15
15
58
20
51
26
82
24
54
60
17
20
37
8
32
60
1
2
48
51
56
50
32
102
3
14
32
24
15
14
18
6
33
29
49
31
84
37
50
116
14
34
2
70
19
7
19
35
67
7
24
137
124
61
24
11
64
32
8
21
2
34
24
112
15
52
18
27
0
39
6
63
103
82
32
43
46
3
18
2
29
33
1
13
29
36
21
30
21
43
5
11
64
40
76
20
49
7
12
40
32
93
66
76
131
45
65
17
23
35
37
7
53
54
13
23
118
24
10
145
22
19
55
24
33
28
25
31
45
57
31
16
2
2
3
1
84
115
43
46
49
56
73
114
51
3
49
41
28
61
25
54
18
24
79
37
64
45
50
21
45
28
17
37
169
97
79
44
24
90
54
19
72
5
62
70
20
28
106
21
22
21
76
32
65
118
27
146
41
46
51
64
9
19
4
13
30
79
20
36
14
31
81
27
46
31
12
43
25
67
83
85
80
24
5
49
65
22
27
21
45
21
96
77
39
8
23
63
29
25
61
85
7
110
77
8
41
41
7
67
2
63
131
2
31
46
53
40
18
65
45
29
27
20
76
11
61
11
52
72
50
19
75
20
68
19
4
113
53
18
16
102
3
41
25
26
2
8
54
21
128
40
13
121
35
57
78
5
145
36
71
58
76
41
7
48
6
56
10
97
79
15
50
36
43
53
80
2
63
4
45
97
22
65
17
92
60
10
4
23
12
43
38
78
26
47
1
2
33
37
36
46
43
38
28
1
64
77
13
1
48
88
29
35
76
57
26
45
8
11
19
68
18
21
19
44
7
12
49
33
10
46
99
27
110
69
27
37
48
98
31
39
25
79
17
65
47
208
30
3
18
58
56
11
2
39
27
42
23
51
67
37
30
92
19
51
3
54
57
63
3
160
17
70
36
64
82
32
23
68
15
18
12
15
22
34
43
24
39
72
31
4
17
39
37
60
114
61
4
20
5
15
13
105
45
53
1
71
26
11
39
27
44
1
12
114
66
64
33
33
26
84
36
70
1
55
17
92
44
13
33
52
32
87
12
2
1
29
101
1
5
52
54
34
25
69
2
27
99
8
17
46
61
35
34
2
116
25
97
32
9
2
66
39
61
42
57
50
7
19
5
5
36
50
13
57
46
6
21
24
20
9
22
29
11
71
52
15
25
89
100
17
3
80
66
0
32
24
16
58
16
15
32
22
35
1
12
33
4
58
12
55
58
125
70
110
57
58
50
16
24
51
37
35
14
77
35
65
13
38
35
31
13
11
37
56
10
6
29
121
46
31
41
6
83
61
18
6
34
22
53
36
28
1
62
88
6
90
8
9
0
11
23
61
41
32
111
4
5
81
36
35
53
21
77
25
23
36
30
52
29
105
52
21
17
68
11
21
31
25
13
49
26
5
18
69
34
23
51
5
11
51
5
47
13
26
26
34
46
33
46
61
54
22
21
67
47
36
39
21
71
1
111
40
63
56
85
38
6
76
7
14
9
67
13
13
17
1
90
13
4
8
33
64
44
35
24
55
66
6
11
35
10
3
50
16
54
16
63
91
16
81
38
58
20
51
80
6
13
16
25
73
4
19
1
116
9
16
33
50
84
35
59
56
95
33
47
2
48
54
8
20
25
13
64
64
7
12
57
23
60
11
33
9
23
35
14
49
32
50
47
4
3
11
99
73
69
47
44
101
12
87
33
90
66
61
52
12
100
8
4
15
33
3
13
12
88
32
19
4
57
11
49
7
38
22
67
31
57
71
64
32
27
57
39
85
27
25
45
58
39
55
20
31
23
17
49
17
11
57
136
33
7
71
2
41
5
28
33
7
8
21
27
22
11
32
17
56
16
38
94
37
22
22
1
27
15
1
43
1
19
47
58
50
26
74
17
55
59
32
2
48
19
23
10
59
30
51
5
28
44
17
63
41
71
7
9
28
77
44
64
24
73
41
8
0
34
60
64
38
72
51
0
16
14
44
13
93
21
63
36
127
14
8
57
80
5
88
30
3
60
21
38
166
1
47
14
10
31
40
22
50
18
45
42
54
51
36
3
19
1
5
87
60
104
48
14
53
78
18
18
39
25
28
22
50
90
34
59
2
77
18
18
35
13
140
13
15
11
24
37
9
27
25
24
17
6
7
37
12
6
30
71
27
74
32
15
38
52
22
0
35
51
84
25
49
21
69
11
26
15
62
16
0
2
41
17
6
15
15
38
45
23
77
66
35
58
21
4
7
43
2
2
7
27
60
36
21
6
46
8
92
99
25
4
97
73
58
31
44
63
5
18
8
97
4
24
34
6
5
62
24
41
55
4
51
8
44
30
14
8
40
3
18
12
7
33
18
7
1
83
53
38
13
17
62
42
45
36
48
5
42
35
5
17
3
49
74
57
41
21
78
10
5
5
29
8
38
27
12
42
53
23
50
3
1
29
23
1
21
85
12
0
21
23
19
15
81
26
36
2
18
4
58
59
31
43
31
22
0
17
26
28
65
79
18
4
9
25
3
15
26
56
22
25
33
46
26
14
19
93
78
14
3
34
58
15
62
45
14
55
95
46
7
26
19
20
61
9
56
18
25
15
37
23
42
82
27
33
14
52
6
10
12
8
13
38
13
3
12
19
15
10
43
51
44
29
69
40
22
63
37
21
30
3
46
82
30
21
40
58
51
12
17
65
56
31
17
9
37
30
32
82
8
36
46
23
35
16
11
10
11
55
39
21
32
39
84
3
34
24
31
10
63
30
37
2
30
37
59
44
29
2
3
30
55
16
29
68
43
0
35
3
17
19
103
44
29
125
4
27
16
24
14
8
1
63
3
44
1
18
9
10
21
99
16
37
28
7
54
1
45
25
8
1
6
18
98
44
8
39
22
1
11
15
108
21
37
92
64
15
54
39
28
10
62
49
42
19
42
42
10
16
71
47
32
11
34
76
17
30
87
27
21
21
23
1
31
29
61
75
13
26
65
20
27
1
23
5
3
17
4
70
1
14
24
11
82
15
31
21
36
18
29
42
16
21
47
36
77
10
21
51
20
2
20
22
39
23
3
38
50
62
45
47
19
1
60
49
0
1
46
29
99
16
5
16
39
42
16
3
1
28
19
17
19
10
31
30
32
80
46
7
65
19
27
17
84
35
12
15
13
5
54
51
113
54
98
31
13
80
11
73
88
50
10
42
53
0
11
0
0
33
7
18
23
33
35
23
17
33
21
77
102
1
12
76
4
4
24
34
126
49
34
1
32
54
56
13
83
67
41
10
64
38
52
9
30
5
31
20
66
38
25
6
24
20
16
11
1
51
27
29
67
34
23
20
17
0
8
44
8
11
78
13
31
50
6
19
42
34
62
46
8
90
13
50
30
10
24
47
39
36
6
18
65
9
19
93
52
61
16
36
48
22
65
84
16
87
36
43
1
15
23
1
9
38
21
14
13
55
30
11
42
29
39
46
35
54
28
2
30
13
39
33
26
44
42
7
4
47
22
13
8
24
51
12
13
52
65
2
57
42
18
2
3
48
54
26
10
30
21
25
23
55
47
4
26
2
30
4
16
30
55
17
75
26
22
34
86
22
7
4
6
16
26
39
13
7
16
5
6
24
30
7
47
24
8
7
13
24
17
56
6
20
10
13
4
1
120
0
47
6
12
26
6
34
2
31
27
12
52
3
44
37
17
19
11
27
43
9
29
39
21
1
39
32
10
8
64
23
0
13
10
17
32
15
73
26
14
14
29
26
70
42
18
14
11
24
28
33
41
51
80
21
22
32
19
9
91
1
56
8
20
68
14
55
9
38
76
36
20
18
58
20
26
2
35
5
23
34
21
24
28
32
38
7
12
81
20
57
6
51
43
7
43
47
12
10
17
66
14
16
32
18
16
10
3
6
61
44
46
31
125
14
17
21
36
5
51
16
17
36
36
19
25
52
3
32
52
54
62
9
30
1
23
10
19
29
14
17
34
58
80
11
57
57
27
4
33
64
8
22
33
41
34
10
38
10
12
2
31
82
21
9
35
17
33
39
32
6
31
33
15
24
10
49
34
28
34
21
7
30
5
21
42
35
15
27
70
13
17
6
32
3
12
28
4
44
9
13
14
3
69
39
25
15
27
21
12
14
36
14
5
30
25
4
15
6
14
41
29
15
33
12
23
23
48
0
9
66
35
9
21
15
25
2
33
51
28
18
10
1
4
7
35
24
12
5
33
41
14
25
29
60
7
1
8
6
24
15
1
12
46
14
27
5
9
14
8
14
48
4
10
21
28
19
1
8
36
11
40
9
6
5
20
5
41
15
1
9
20
40
32
19
2
13
74
83
39
2
69
55
3
41
21
23
14
66
54
17
23
13
12
6
1
15
6
8
9
35
63
15
1
30
7
22
9
22
7
34
11
20
17
24
13
48
38
3
10
3
93
13
36
11
11
71
12
4
23
63
35
56
33
40
11
39
9
29
8
20
1
3
20
12
18
68
21
8
30
11
69
23
20
44
6
12
0
14
9
2
54
28
15
41
39
67
13
11
12
20
13
21
25
72
44
18
63
4
40
39
28
48
10
19
9
15
20
33
49
3
13
25
7
27
1
26
28
84
7
23
16
3
20
39
31
19
47
17
0
31
5
37
59
21
4
16
10
42
11
0
18
12
14
61
3
1
20
3
9
17
3
13
30
35
11
65
25
22
33
31
5
28
19
24
43
52
47
5
66
61
41
8
4
4
60
30
39
16
47
31
16
24
2
3
10
14
9
21
18
28
22
27
25
8
16
9
49
28
40
26
35
49
9
4
28
10
0
9
19
34
3
35
2
27
31
1
20
43
26
5
16
23
15
75
15
22
6
41
30
8
19
9
30
15
34
70
26
24
41
45
12
22
14
5
16
16
13
6
24
5
41
28
26
31
16
6
53
26
5
2
34
10
7
33
22
1
26
15
1
14
4
28
7
28
9
9
0
13
17
20
46
71
6
8
7
18
7
14
1
42
69
6
12
15
36
11
40
5
35
33
11
23
9
68
14
8
20
28
14
10
11
1
3
56
34
6
17
45
9
34
13
49
2
26
47
0
12
37
47
0
17
15
29
10
20
56
36
27
67
7
16
3
34
17
1
2
2
54
18
22
10
29
35
14
1
35
12
37
30
18
25
8
12
67
13
26
29
36
26
17
12
36
3
9
25
18
13
5
23
6
20
37
48
9
23
59
10
1
23
1
22
4
23
15
22
11
17
14
13
22
5
9
9
47
68
8
16
25
0
9
15
14
10
27
51
5
22
2
6
12
6
0
19
4
20
27
2
13
15
4
8
8
48
1
17
11
12
8
29
58
11
8
7
11
3
8
21
4
39
7
2
29
37
43
6
10
14
5
3
49
24
28
32
2
18
57
27
8
2
26
7
35
13
15
3
44
33
34
8
26
23
23
20
23
13
16
19
23
20
19
3
8
19
17
11
5
36
19
5
8
21
37
21
11
10
15
6
22
10
40
14
58
14
9
3
41
31
63
21
16
43
23
49
24
3
17
15
19
5
1
15
22
23
20
44
2
44
21
2
48
15
1
41
22
20
11
8
3
0
30
14
14
18
19
8
4
17
13
6
31
28
26
31
48
10
13
8
14
8
29
19
11
13
30
17
2
20
11
34
11
19
14
11
20
11
36
6
2
2
14
4
50
1
11
0
16
17
14
29
34
23
2
4
4
1
35
32
17
1
16
5
11
12
29
26
11
15
41
13
1
10
8
26
21
8
36
7
16
31
33
22
6
43
9
14
11
3
6
15
22
30
27
5
5
14
4
14
9
36
15
0
0
17
19
9
22
9
17
4
20
25
1
11
11
28
15
25
28
10
24
15
0
4
10
12
47
16
1
14
22
16
37
16
24
20
3
42
10
22
33
11
22
1
24
12
21
9
16
30
32
12
11
12
9
10
3
8
33
9
14
39
2
6
10
9
11
27
13
13
19
9
6
20
16
5
11
11
14
4
14
9
1
24
20
9
11
16
6
5
5
4
8
8
5
15
12
12
8
1
4
1
11
25
6
16
24
15
6
6
24
12
20
9
21
2
20
3
13
12
8
5
11
19
25
19
1
3
6
23
33
13
39
10
3
16
11
27
10
1
7
2
4
9
1
5
13
1
9
13
8
0
26
6
39
6
3
28
2
9
29
20
19
9
15
10
3
10
14
13
4
1
7
0
5
3
15
1
21
5
5
7
1
3
6
9
19
6
9
13
4
20
20
11
0
8
11
16
2
7
1
7
3
14
22
9
10
13
3
2
7
0
2
25
16
1
15
22
0
11
5
12
7
5
2
9
1
3
13
3
7
12
11
27
9
5
1
1
12
7
2
1
2
4
7
8
5
2
16
16
7
8
3
2
2
2
8
4
2
7
0
7
8
24
12
0
5
9
0
6
15
7
2
11
7
2
7
2
4
4
11
10
1
11
2
4
9
11
8
2
2
7
2
5
0
2
3
2
5
5
2
9
6
2
4
3
5
2
8
6
7
5
5
0
0
3
3
4
3
7
19
3
3
0
4
3
2
5
1
1
4
2
9
2
2
4
1
3
0
0
7
3
2
0
2
3
1
1
3
3
1
0
1
3
