7
19
22
3
2
74
7
7
66
4
71
16
38
23
50
13
9
7
14
4
160
0
27
17
30
52
7
18
2
33
33
47
29
10
5
9
25
95
30
26
18
5
42
2
9
43
27
9
77
12
58
29
40
16
2
56
113
32
8
26
28
17
39
12
75
7
5
19
68
22
22
25
1
36
40
20
18
76
21
48
11
58
27
24
23
40
27
16
71
29
0
32
22
54
76
19
58
54
1
89
58
56
151
6
56
43
46
7
29
57
93
51
82
45
7
108
1
78
20
88
21
54
45
84
34
54
71
34
112
29
88
73
52
93
30
84
17
24
16
80
23
29
4
27
20
43
0
18
65
67
25
4
63
118
20
49
54
70
33
54
15
18
9
71
29
90
14
47
24
54
20
52
23
3
58
58
0
67
95
91
30
1
54
2
28
45
3
128
16
14
55
71
57
15
46
13
66
25
72
26
69
37
127
27
62
6
57
51
10
52
27
15
17
8
105
45
27
19
32
90
11
53
28
90
7
52
9
22
22
37
29
109
12
9
57
46
56
50
42
83
57
32
78
4
70
38
112
1
27
33
9
14
36
26
22
78
54
37
71
27
96
5
77
11
16
65
32
58
3
3
25
8
50
4
113
1
33
40
37
94
23
9
26
1
20
74
21
63
8
35
62
9
45
27
65
82
21
103
10
44
13
105
120
34
26
38
72
13
40
46
21
107
82
10
31
37
5
15
17
5
50
3
7
26
67
9
12
21
37
25
68
26
19
43
16
11
51
5
2
12
22
38
15
95
19
3
62
38
97
37
22
1
11
118
28
16
34
15
23
2
28
49
55
37
0
36
102
114
45
36
71
24
95
4
39
65
40
46
55
2
90
53
16
39
62
18
31
40
27
5
63
24
17
53
20
102
120
52
25
12
114
67
27
35
92
8
52
11
29
17
21
7
38
79
6
84
17
6
85
41
36
41
74
50
19
57
37
29
2
76
9
26
9
6
74
7
61
25
72
9
10
120
34
36
74
29
20
73
102
3
57
49
15
149
5
47
42
129
17
2
24
6
38
32
29
54
41
5
38
101
26
26
89
33
34
33
29
20
14
43
31
19
3
8
37
86
21
53
28
58
5
53
39
0
41
51
5
43
63
16
22
72
37
59
26
5
77
5
13
35
113
15
37
25
10
28
51
86
70
102
40
93
57
11
92
31
23
18
57
0
69
26
20
33
9
8
39
54
0
56
29
10
34
5
14
3
59
51
58
10
36
5
52
40
43
128
19
24
49
73
81
64
143
31
23
29
36
47
10
79
18
6
44
22
135
51
46
17
67
29
12
145
58
2
14
96
7
46
24
26
121
140
67
21
77
56
73
34
5
17
10
48
40
14
22
74
43
57
70
13
17
66
59
5
33
29
2
63
44
16
34
94
15
34
147
87
42
72
39
35
50
49
55
7
21
26
27
36
32
37
32
40
114
20
42
1
6
19
33
65
22
61
39
17
2
31
13
76
8
94
27
35
3
5
100
46
27
69
15
61
52
84
30
41
106
75
117
20
22
59
50
58
8
42
71
51
50
132
80
1
24
32
21
24
65
15
13
52
59
2
3
27
91
51
33
70
24
15
1
24
14
7
1
38
35
31
11
11
1
76
31
11
14
75
20
2
82
29
115
28
33
47
157
57
30
97
31
90
12
77
51
70
47
59
15
55
26
14
47
72
23
42
66
14
20
26
40
25
13
29
60
3
2
16
70
50
46
14
20
31
81
5
100
79
43
12
114
117
57
38
84
19
83
31
15
50
5
37
22
18
23
13
20
14
42
67
33
62
55
51
60
145
47
58
66
89
17
42
59
109
5
81
6
10
43
31
1
33
45
27
25
36
13
6
44
25
5
38
29
32
36
47
41
3
9
48
34
21
68
81
7
17
71
1
12
64
10
61
78
12
22
42
11
43
28
81
39
33
116
7
18
60
29
28
42
26
51
36
18
58
57
11
19
33
5
24
37
94
25
25
24
8
77
32
13
108
14
49
45
15
12
23
62
38
15
29
43
73
95
12
12
33
27
19
27
45
13
22
48
12
2
50
61
0
21
9
32
131
14
26
10
22
8
29
118
41
46
13
8
28
35
24
30
39
20
11
39
96
57
11
35
9
60
45
48
7
49
24
100
39
46
26
28
22
73
56
37
3
6
42
9
73
16
77
41
17
59
31
83
73
13
20
46
98
54
26
2
42
38
4
38
5
70
20
31
27
94
2
77
45
19
38
47
64
15
14
25
38
68
36
12
7
103
62
0
42
30
37
23
45
74
64
23
64
24
15
29
63
3
82
144
33
106
118
27
100
19
7
64
19
44
90
63
10
47
22
68
53
12
7
58
3
22
18
36
25
80
40
3
35
8
37
8
54
5
18
89
36
34
4
132
47
3
41
39
19
4
40
46
6
3
30
66
20
57
34
46
24
11
23
37
9
21
3
27
6
105
115
18
43
4
4
20
85
44
19
81
80
21
43
4
27
13
20
9
34
42
41
78
24
31
36
30
39
12
46
33
7
18
73
29
91
91
36
9
4
8
36
114
36
2
14
1
20
9
10
72
40
23
5
3
21
39
18
76
45
42
60
9
3
56
13
25
75
105
61
46
17
67
8
2
79
33
47
20
66
22
111
89
49
3
41
22
28
47
57
11
11
18
24
66
27
70
36
50
29
48
15
18
22
22
8
3
26
14
13
27
61
42
87
25
9
6
6
39
4
11
33
4
33
52
67
8
13
8
80
45
13
5
2
63
20
37
5
20
31
29
60
66
26
4
29
53
38
82
9
21
21
74
56
30
49
55
39
1
23
60
79
28
32
15
22
15
26
30
17
20
12
59
52
13
11
49
9
12
23
18
74
11
3
42
6
1
42
6
43
43
12
65
19
54
33
3
37
53
80
51
13
5
22
11
107
53
21
96
36
67
22
48
3
7
2
93
12
13
39
57
46
55
30
65
24
38
59
17
48
8
8
33
68
56
32
11
55
18
39
71
64
10
58
17
40
27
5
55
1
46
81
13
9
2
18
43
3
89
70
27
7
44
41
21
55
31
12
40
37
32
7
22
32
68
40
43
76
12
14
92
70
46
57
54
5
59
44
51
19
34
52
38
10
1
79
36
55
7
19
76
30
2
29
35
82
43
47
40
25
17
12
99
52
14
13
76
19
33
6
1
64
12
48
9
59
30
43
41
92
23
15
86
70
58
61
10
22
47
55
91
2
70
6
100
60
18
59
1
70
52
33
71
2
70
82
39
56
12
17
101
14
5
3
19
3
45
52
11
12
110
72
28
28
33
12
94
72
28
54
9
19
68
54
51
3
66
25
27
34
20
1
10
71
8
43
20
2
25
41
11
14
60
26
7
1
24
63
45
2
75
5
2
14
5
18
3
37
1
11
8
20
3
29
116
59
69
1
33
22
14
46
10
13
2
65
10
8
45
59
22
19
26
36
13
65
36
26
14
71
40
60
12
70
22
32
6
45
1
30
1
14
26
31
69
77
68
13
5
2
23
32
5
35
4
90
10
2
7
20
15
25
34
7
10
44
26
31
46
24
129
10
12
2
2
26
4
21
14
46
1
37
13
38
32
8
11
18
50
59
27
53
23
60
1
34
16
52
57
53
6
74
7
30
20
25
4
18
30
9
57
5
29
125
60
80
16
47
29
21
35
15
72
19
26
29
35
53
4
40
48
44
9
62
8
21
53
130
48
38
14
49
15
39
19
60
80
47
20
18
43
40
44
47
6
0
61
31
40
42
26
15
40
29
4
44
67
36
29
8
3
5
25
67
9
65
24
41
18
44
65
22
9
13
5
48
1
11
7
17
23
1
41
22
51
24
26
17
48
22
72
3
25
9
34
1
33
23
20
75
25
0
55
24
49
57
29
3
24
57
2
45
2
8
45
3
19
11
15
9
38
67
12
114
13
60
58
29
9
31
39
4
6
30
34
26
18
46
6
19
34
13
36
30
20
44
66
14
23
12
15
13
2
76
55
38
25
42
60
46
20
10
44
40
4
16
9
15
15
22
23
88
29
4
3
39
61
38
32
6
21
33
60
48
12
26
40
32
10
10
2
68
50
3
10
43
30
5
53
3
28
14
35
47
40
17
14
27
16
49
28
70
87
61
31
20
60
31
22
22
40
34
11
21
24
12
13
8
52
13
13
40
32
3
26
36
16
64
16
52
14
9
5
62
60
25
46
9
41
20
7
47
27
20
5
55
37
49
27
16
80
48
32
69
7
0
39
11
32
47
3
55
26
4
21
8
10
54
4
63
59
40
5
21
43
75
9
38
26
53
20
19
26
32
124
45
19
1
40
19
37
84
40
76
36
27
15
19
27
25
3
60
77
92
3
67
47
36
28
30
3
2
10
20
17
33
40
2
13
18
51
24
20
14
3
33
15
4
17
6
30
71
38
8
46
23
33
3
40
29
39
23
34
23
62
10
10
56
10
35
14
36
65
54
27
6
38
31
29
21
22
21
26
59
13
41
17
34
11
4
55
7
53
14
60
41
14
66
26
68
9
7
16
10
12
12
40
5
49
22
27
23
15
9
41
37
63
22
54
45
12
30
2
56
14
6
42
41
19
23
5
35
21
15
10
22
29
4
53
19
5
30
41
3
5
8
41
63
39
1
10
41
83
19
26
20
26
5
39
18
17
58
41
21
18
46
10
6
33
60
78
40
17
29
45
38
5
31
14
2
19
1
12
11
29
14
21
29
54
6
34
12
54
34
4
27
71
10
7
3
32
1
54
25
5
19
72
17
15
1
31
6
11
64
4
3
0
72
44
13
14
44
27
16
35
40
5
24
33
4
0
17
15
64
29
52
1
18
10
24
13
1
59
22
42
11
23
11
45
4
34
11
12
17
28
17
52
3
60
71
16
36
13
10
44
8
6
12
13
30
24
47
48
30
6
74
32
60
2
8
18
10
56
27
27
11
9
8
22
37
16
3
4
39
19
22
6
30
18
40
23
16
3
33
54
27
20
2
5
15
5
28
22
5
17
15
25
23
46
42
62
29
0
22
1
32
12
71
11
10
14
19
39
0
15
14
66
30
41
48
8
7
42
1
16
28
33
36
37
12
2
47
20
40
37
41
27
22
36
30
12
54
70
8
10
4
4
27
59
6
41
13
7
61
1
24
23
4
41
28
3
5
17
22
19
35
7
29
22
15
43
35
49
30
14
28
5
37
22
29
32
42
56
2
10
24
10
32
4
3
1
29
38
25
23
10
32
27
12
17
70
23
44
10
33
44
37
1
15
27
37
29
16
9
24
18
19
10
3
26
46
44
1
27
29
68
19
55
17
62
28
13
31
32
43
19
28
52
16
59
10
6
42
4
85
25
48
31
60
26
18
76
34
12
12
2
18
45
12
11
40
59
45
6
20
40
22
4
43
34
44
7
17
21
14
1
73
37
18
11
46
91
31
11
26
13
20
28
38
10
6
23
0
15
65
28
16
7
37
23
34
16
7
42
73
11
19
12
46
23
43
43
14
12
9
64
4
4
9
2
22
48
2
40
23
13
30
10
11
47
21
60
51
25
1
20
21
19
62
44
84
13
45
44
11
7
6
42
0
20
6
14
21
3
29
44
10
18
22
19
17
3
27
7
1
6
1
54
8
8
29
6
42
63
12
39
31
8
45
4
30
15
8
21
15
21
9
59
22
28
31
39
19
9
18
7
4
4
18
31
21
14
21
30
12
25
57
11
31
12
41
13
36
23
32
9
13
12
30
46
12
17
2
2
26
9
4
8
37
35
19
22
0
7
7
31
26
50
4
30
18
11
30
2
15
7
29
20
35
6
24
4
15
2
6
27
25
11
15
3
66
10
61
37
23
24
1
7
29
12
9
17
37
29
9
15
32
8
1
21
18
20
10
13
56
21
1
23
68
16
1
18
12
71
22
11
8
24
5
3
12
23
13
64
52
18
30
21
12
42
29
19
13
19
27
20
46
58
10
12
21
18
10
6
45
11
11
32
18
7
1
18
10
26
1
22
18
7
35
15
31
53
7
32
44
5
15
0
2
4
2
24
10
34
28
4
2
9
18
14
53
9
23
27
11
21
24
24
11
8
7
7
23
39
40
29
55
47
9
41
31
23
17
4
1
9
31
34
20
36
25
36
32
10
13
38
4
7
23
25
0
8
3
65
15
13
4
59
36
20
0
56
32
8
21
19
47
28
1
19
36
30
12
13
16
2
25
3
6
13
20
52
6
19
27
29
7
39
1
23
20
13
45
6
30
10
40
9
2
20
9
19
19
9
40
33
21
18
18
5
6
30
13
12
3
2
1
14
21
34
18
11
14
50
12
4
11
9
17
7
24
18
23
13
4
37
29
3
17
27
22
27
15
8
1
47
23
57
1
8
8
20
2
21
45
20
25
3
30
25
11
14
54
17
12
5
3
19
7
41
1
13
7
17
15
4
12
25
6
7
11
35
0
16
22
7
12
21
5
50
16
6
1
7
19
10
11
7
2
71
26
0
2
14
7
11
19
2
16
37
8
22
11
9
37
17
3
4
25
18
17
19
27
16
10
15
22
30
15
14
23
27
15
3
22
10
2
4
12
26
19
26
14
1
15
9
17
20
23
23
14
13
4
13
3
5
25
21
25
6
18
41
7
8
6
16
4
8
16
19
16
36
3
11
26
11
2
60
7
1
9
8
1
9
16
6
7
17
5
12
15
20
31
16
14
48
26
0
16
9
4
25
23
21
5
8
24
12
20
7
37
1
9
4
16
19
44
6
24
34
25
15
24
36
5
34
27
38
13
22
39
4
16
21
55
6
30
4
18
0
9
32
7
2
26
33
14
31
22
28
32
13
33
19
12
20
5
43
0
38
18
4
10
5
9
7
13
51
5
2
18
5
8
14
23
31
20
2
9
29
23
10
26
9
1
23
4
4
13
3
14
8
52
12
24
18
12
5
7
19
0
5
10
19
10
6
36
14
1
12
3
8
2
9
1
20
1
8
16
41
7
23
2
12
8
9
19
17
10
4
6
11
26
7
1
6
13
7
26
2
12
11
7
5
3
11
2
4
27
16
16
10
21
19
15
11
3
11
18
3
10
2
34
24
6
16
11
31
15
15
3
3
1
10
8
5
9
1
27
10
11
20
8
11
7
27
19
10
9
1
10
14
18
2
18
9
39
27
1
8
1
8
18
0
3
1
12
5
5
17
0
3
0
1
10
6
0
8
1
8
11
1
5
1
11
9
12
1
12
4
5
6
4
18
4
3
18
10
9
2
20
1
13
8
21
6
2
1
19
8
2
11
1
10
18
16
4
10
12
7
15
0
3
24
9
21
10
3
15
5
21
13
9
4
2
2
17
27
1
4
10
4
14
7
4
16
11
3
4
11
2
21
10
12
5
7
17
3
11
8
3
8
4
7
15
3
2
12
8
2
4
5
5
14
24
10
1
3
3
0
10
5
4
0
11
3
5
2
7
4
6
5
8
5
4
12
5
5
13
4
3
7
3
1
2
16
6
8
2
1
2
2
2
5
5
2
0
6
3
6
6
1
7
1
0
1
1
5
2
2
4
3
1
4
3
2
0
2
2
0
2
1
1
0
