31
26
9
35
31
15
81
12
5
27
2
14
9
4
25
54
32
2
17
1
2
56
10
38
26
64
36
13
20
24
28
12
21
17
27
25
35
46
58
27
95
35
10
13
41
8
120
16
49
0
10
42
29
27
13
55
112
45
22
25
51
76
38
46
51
36
10
34
64
108
19
4
32
56
21
155
1
49
14
34
79
27
8
62
115
67
0
7
42
75
31
28
44
38
66
51
19
24
48
56
30
29
55
58
52
52
19
19
70
67
12
11
6
76
3
69
34
66
43
79
84
63
48
11
33
106
16
46
3
65
1
17
25
1
53
51
4
10
56
40
85
8
6
70
0
69
81
22
24
62
28
45
26
11
62
50
83
67
14
6
85
45
131
109
36
15
43
66
11
109
92
103
3
24
51
58
36
55
121
52
22
76
78
13
64
7
14
1
15
63
72
55
29
8
41
10
46
92
14
102
73
122
69
36
65
42
9
12
17
50
34
16
53
42
61
12
75
36
2
68
114
41
14
21
81
19
52
20
25
118
44
22
27
84
12
25
30
75
58
19
1
57
9
50
15
4
25
134
94
27
48
186
149
36
89
15
118
66
46
3
10
47
17
15
64
12
43
59
29
95
22
17
9
4
51
103
50
13
23
4
33
18
13
39
42
68
37
23
51
15
67
19
99
17
39
52
18
55
64
3
86
63
43
9
18
15
26
79
12
27
23
7
75
81
56
14
60
33
26
110
102
4
84
141
12
43
65
29
60
139
11
15
27
22
1
40
96
34
19
24
31
53
36
39
13
38
174
60
11
39
100
98
11
1
16
31
71
54
62
79
10
94
59
59
21
10
1
6
37
25
17
80
23
1
35
16
28
15
11
94
0
2
98
29
85
45
86
18
64
13
0
27
13
66
50
74
54
32
12
53
8
65
127
30
6
6
73
28
24
51
30
31
69
65
41
8
27
66
79
57
60
17
25
2
94
1
118
48
82
44
9
34
40
73
38
1
59
24
45
135
39
21
27
64
10
49
35
33
12
83
101
56
11
0
70
35
32
52
42
53
47
30
31
53
48
48
94
19
30
54
19
110
10
83
27
1
76
44
58
39
17
24
1
42
17
82
27
41
58
21
6
2
54
24
20
19
9
89
28
1
59
46
48
75
27
10
27
30
3
36
83
49
14
0
49
9
0
98
79
34
37
6
39
40
28
14
22
61
32
81
3
27
34
31
12
90
29
39
69
5
37
18
50
8
40
74
57
89
131
77
10
63
22
25
46
24
43
15
32
40
11
72
5
88
9
40
12
68
10
98
31
47
19
38
89
4
33
7
14
38
18
4
2
79
128
23
20
37
37
13
70
8
3
52
32
21
101
40
132
52
38
10
18
43
140
26
28
57
46
19
32
17
65
28
59
85
8
45
12
19
13
2
111
91
31
15
27
32
9
65
20
63
5
95
42
23
67
55
43
31
61
75
5
19
48
10
113
25
61
60
7
76
73
44
48
39
5
25
91
14
55
47
23
7
43
29
80
2
23
20
72
92
6
52
0
25
24
11
29
45
49
47
8
0
8
70
57
56
48
86
103
47
88
13
78
25
39
26
13
36
4
84
16
32
60
48
21
53
21
68
7
79
90
1
6
68
20
1
9
61
22
40
12
65
41
54
58
16
35
29
70
18
84
120
21
36
60
1
42
61
44
26
47
5
12
70
23
26
26
3
66
20
2
20
68
10
46
85
20
54
37
7
78
23
2
11
101
61
29
17
12
50
50
109
4
58
57
26
1
22
33
68
61
9
70
23
60
85
75
4
91
8
17
31
7
8
122
36
4
69
38
35
4
49
98
61
51
40
3
60
40
7
6
72
50
26
23
53
52
82
64
91
49
6
13
96
34
5
98
5
1
45
57
7
57
9
13
22
7
19
1
27
24
18
19
48
43
28
4
39
19
30
58
86
69
74
61
30
58
69
24
30
20
59
43
50
1
76
41
73
13
44
34
19
61
55
46
25
43
35
20
31
58
19
72
92
9
20
15
16
91
16
7
5
17
47
89
46
24
62
20
55
17
21
29
4
47
7
55
53
31
21
23
10
37
73
88
49
7
72
21
47
30
23
70
5
15
136
33
2
29
4
99
32
53
87
71
51
55
61
33
44
48
4
31
9
58
13
34
27
13
6
86
33
64
93
52
16
0
42
43
106
7
7
7
75
6
0
11
60
66
23
2
17
24
6
45
80
51
23
75
111
38
6
35
77
37
25
28
5
45
48
66
10
20
1
10
70
20
48
48
63
53
40
16
29
17
9
113
80
13
6
5
17
16
40
88
6
19
17
53
5
76
127
79
25
20
18
13
34
12
51
37
6
105
29
20
22
6
36
48
12
78
10
20
62
8
40
20
28
96
34
27
76
59
27
46
44
14
50
12
7
0
43
81
23
48
66
34
10
4
34
2
38
20
15
11
38
32
44
2
1
33
39
23
31
22
102
3
31
4
15
41
6
44
69
9
85
32
45
4
6
50
115
10
69
2
39
24
38
63
28
2
74
43
56
43
65
76
64
1
16
79
42
88
22
73
1
28
13
12
5
10
2
61
20
29
10
3
29
25
36
56
3
12
27
40
9
66
1
25
7
97
119
13
34
66
56
74
42
67
128
17
29
52
41
34
18
107
45
8
51
9
76
27
14
109
0
25
12
29
66
39
10
23
35
45
21
31
115
54
38
21
39
3
38
14
5
47
11
31
33
77
33
61
23
56
89
61
43
25
19
9
83
75
25
4
8
37
59
33
4
1
15
16
0
21
47
2
53
38
46
27
124
102
11
74
27
20
5
43
31
6
22
12
3
42
34
62
91
52
24
13
90
13
28
2
33
32
75
69
46
57
59
21
80
29
28
7
73
57
35
1
32
5
55
16
82
25
45
28
2
32
11
4
85
82
6
9
27
24
34
46
22
31
17
80
31
47
38
26
63
12
4
5
15
111
7
56
25
9
11
38
68
1
29
5
47
7
1
15
42
111
0
32
65
27
46
43
17
50
55
29
17
38
68
23
32
27
48
34
26
41
45
52
83
59
21
9
88
49
9
0
32
35
6
10
106
17
56
32
18
15
56
31
14
68
7
72
33
15
46
90
19
15
16
36
5
24
48
104
32
26
33
13
9
44
70
69
57
33
19
6
87
43
51
60
30
9
52
47
14
9
15
47
71
4
114
129
61
44
49
52
1
30
17
17
8
42
37
36
46
17
17
19
52
0
48
8
28
21
139
22
46
39
45
35
16
15
6
40
84
84
23
61
76
27
47
29
10
15
9
30
24
52
15
29
63
31
35
5
40
14
5
38
23
24
2
37
17
72
53
79
12
9
13
4
25
9
72
56
38
104
79
6
87
82
26
39
48
9
31
23
104
10
13
37
10
52
12
3
72
9
56
7
55
39
50
24
116
61
87
2
69
14
41
70
1
1
56
40
9
11
41
20
41
30
89
7
5
32
49
33
10
8
14
49
29
75
2
52
10
35
46
15
57
48
23
10
7
8
23
56
37
59
27
13
56
13
62
15
85
23
27
73
36
74
37
3
103
79
88
23
21
5
23
11
22
57
23
27
30
33
41
4
18
26
49
74
43
132
15
29
22
13
9
46
13
49
23
21
25
17
48
1
9
60
24
17
6
39
19
36
4
50
106
28
10
3
39
16
13
75
7
58
79
9
27
50
61
7
83
22
1
64
54
16
97
20
46
11
15
32
0
36
19
39
8
8
21
24
97
7
42
6
4
6
16
97
52
14
32
61
4
69
0
33
71
35
10
9
57
19
28
5
41
19
31
25
11
8
18
44
0
10
39
66
25
2
16
24
26
4
6
4
24
23
19
2
15
64
42
0
72
77
8
53
67
32
26
11
36
16
67
15
47
61
7
13
20
1
25
52
17
55
48
14
7
2
40
24
50
49
57
41
15
29
22
55
11
13
49
25
17
67
36
5
21
35
45
14
7
0
39
41
18
108
52
63
18
18
4
2
20
14
5
6
9
15
54
14
34
75
51
25
40
50
76
22
37
55
18
21
3
29
24
54
3
63
1
42
90
56
42
30
11
47
10
12
41
34
60
73
45
93
60
35
11
17
24
68
12
16
95
17
23
20
28
4
39
100
56
23
16
6
14
24
17
46
12
52
30
1
24
29
71
56
1
72
87
90
95
0
58
7
57
17
6
21
3
103
5
44
52
35
43
45
35
21
3
33
63
50
56
2
52
46
3
44
16
5
17
11
52
1
33
10
4
46
2
25
77
30
23
35
19
10
62
17
74
40
24
11
34
5
41
48
22
45
111
50
6
60
7
12
23
7
33
15
10
42
2
17
27
40
60
25
33
47
29
35
10
27
30
13
25
39
9
69
54
6
27
2
11
34
11
69
0
52
17
60
23
21
14
72
51
5
10
3
32
28
38
13
39
12
17
32
50
56
5
1
71
23
6
8
12
13
59
58
28
12
54
5
14
20
18
23
9
23
23
37
22
57
36
69
26
54
45
59
2
5
58
8
12
48
20
16
24
12
89
29
49
32
18
51
56
17
15
11
25
3
7
4
72
16
23
17
57
26
39
4
19
5
49
14
12
49
35
23
19
50
13
97
4
14
58
27
53
62
37
41
9
23
54
9
5
5
20
60
11
54
60
39
8
27
24
66
29
9
37
8
55
45
17
14
67
31
44
12
13
28
28
54
14
27
42
61
6
32
5
56
2
33
24
56
12
37
25
11
31
2
34
27
14
58
32
18
12
8
6
39
24
11
31
48
21
41
39
54
19
61
48
41
20
35
26
36
47
0
5
34
12
58
8
25
62
18
27
22
25
12
65
3
39
3
6
67
91
5
37
6
32
14
26
12
33
15
29
29
34
2
15
61
9
1
14
35
9
7
11
14
31
17
9
52
70
14
0
5
22
5
28
2
23
26
13
19
50
33
2
30
78
36
79
24
10
28
9
28
26
26
10
30
12
2
79
51
27
21
17
9
63
2
0
55
12
38
20
10
11
4
24
28
69
38
2
21
4
12
13
13
4
20
8
40
31
19
1
44
21
30
37
43
29
48
50
38
87
39
49
2
10
13
7
87
18
8
63
37
0
38
60
40
50
31
49
30
26
19
20
7
34
8
2
2
5
18
26
21
25
20
4
1
25
13
27
37
19
0
36
11
26
14
21
8
21
35
20
31
55
6
6
46
28
15
60
43
20
12
17
103
21
21
24
3
11
33
5
14
29
10
45
79
20
2
1
25
17
30
1
35
6
57
2
1
16
23
2
20
17
69
17
28
4
35
15
22
81
5
6
4
12
67
20
29
15
20
54
20
35
21
46
14
60
5
13
67
18
12
9
6
1
12
32
42
46
9
10
8
18
16
36
30
9
13
3
36
10
11
11
16
0
35
36
43
49
11
17
16
57
25
16
24
5
7
10
5
28
28
1
2
14
23
51
4
40
10
14
40
35
25
19
4
16
11
15
22
5
7
1
11
41
36
60
35
40
43
22
3
34
3
12
59
40
3
11
61
20
66
11
2
9
25
17
28
18
36
13
15
35
31
19
30
22
35
24
12
20
5
48
13
21
41
68
13
28
3
28
30
12
29
86
36
15
22
21
12
3
49
18
0
26
2
23
22
9
20
28
28
16
28
21
4
39
16
24
12
11
22
9
13
29
1
18
12
0
17
17
37
64
11
57
56
7
26
0
31
6
72
10
6
11
72
10
56
43
36
7
27
4
30
15
4
56
43
7
8
39
34
2
44
12
17
26
26
50
6
10
4
10
28
26
48
51
27
17
2
22
44
11
15
20
23
2
10
34
15
53
15
6
18
32
33
18
24
1
2
29
11
13
2
18
74
11
41
40
36
11
24
40
30
1
22
14
15
30
47
10
42
52
31
5
16
13
33
34
11
25
38
2
6
41
20
56
13
26
8
13
10
1
1
26
10
15
12
2
43
26
5
7
12
21
1
63
11
16
21
13
31
42
11
7
41
17
18
18
1
3
15
8
2
33
3
8
2
16
11
18
22
27
22
48
25
19
10
30
12
17
6
10
77
1
6
8
17
24
29
13
41
31
24
23
51
37
17
7
2
10
39
24
22
31
41
7
21
20
18
12
22
8
18
31
30
6
9
3
66
34
2
2
16
29
13
15
29
51
51
12
10
30
2
31
6
51
3
2
67
3
11
34
15
25
9
29
33
7
27
13
26
11
4
26
33
10
33
6
34
1
7
32
81
58
4
36
11
17
32
10
39
56
29
31
11
37
20
17
31
4
49
0
21
17
11
16
12
16
0
33
28
42
40
31
24
24
21
51
39
27
56
22
18
3
14
29
47
3
5
31
18
16
4
1
34
4
9
5
0
0
27
13
22
26
21
5
9
6
46
2
25
16
30
55
27
1
13
46
25
20
47
15
9
19
3
46
14
27
9
1
7
3
17
30
16
27
4
18
3
26
16
27
16
51
22
14
8
28
3
2
20
1
60
27
16
27
1
21
19
25
7
45
55
22
18
4
7
23
22
2
10
17
8
1
1
4
41
4
25
28
32
13
5
14
37
28
5
15
22
25
7
41
4
1
48
49
24
14
6
17
5
25
28
26
3
27
23
9
48
23
16
11
10
24
10
22
15
8
1
14
8
6
10
5
44
13
1
19
6
24
20
14
33
8
13
25
4
25
9
36
30
23
12
8
5
2
3
32
2
13
15
18
53
30
17
41
2
10
20
10
16
20
12
10
19
2
16
15
22
10
4
14
18
25
5
12
25
32
6
8
0
37
10
28
9
9
9
5
28
4
13
30
37
27
37
4
15
16
47
2
5
13
6
4
6
4
17
14
4
13
6
13
10
34
20
3
20
2
2
12
34
36
11
5
10
2
33
27
32
27
22
10
17
2
7
29
12
26
6
0
14
11
7
26
19
5
24
9
5
7
14
0
15
14
8
10
6
11
16
5
2
6
8
22
11
17
22
14
7
4
22
2
7
16
3
17
7
7
12
22
25
10
23
8
4
5
10
11
15
17
5
22
15
11
15
23
3
3
11
13
2
35
27
3
11
9
2
8
12
17
32
13
11
4
19
10
15
6
1
3
10
24
8
29
7
9
1
15
10
5
1
34
12
5
0
9
0
4
4
18
13
13
4
8
4
2
29
12
31
3
18
9
2
17
9
6
17
1
22
0
23
1
22
20
4
2
5
6
8
20
6
15
6
1
17
19
12
14
4
18
14
12
21
28
21
8
15
8
6
11
9
8
14
9
2
11
20
29
5
12
2
4
9
16
12
15
13
23
23
13
6
12
13
6
24
16
5
8
10
7
6
6
4
18
4
13
16
10
9
27
6
4
3
1
1
18
9
2
7
4
6
14
6
30
13
5
3
11
4
7
2
19
4
15
0
4
12
15
13
12
17
2
2
3
5
5
16
22
7
11
3
18
1
6
10
24
0
4
4
17
8
11
2
18
9
5
12
15
1
7
7
4
1
7
3
13
18
9
4
5
15
4
7
3
13
2
8
0
2
2
11
14
0
12
7
3
1
2
12
4
2
8
6
4
4
17
13
7
5
6
1
9
2
9
8
2
5
0
6
0
2
5
6
1
6
2
0
0
2
4
1
5
3
1
3
4
1
3
5
1
2
0
