6
49
23
32
1
3
28
7
80
12
19
7
5
38
32
29
24
4
7
40
8
27
64
32
51
77
14
29
14
26
17
31
4
32
46
25
35
69
1
8
31
20
107
69
16
4
64
34
63
78
11
19
20
42
28
23
38
42
47
36
42
40
5
26
34
45
44
1
63
50
54
38
40
21
5
73
123
64
59
44
33
22
80
4
21
7
32
68
9
73
6
44
98
69
67
20
23
2
40
58
70
19
61
42
16
28
53
24
48
19
20
68
44
61
40
8
71
13
53
21
6
28
72
32
117
87
4
19
36
67
107
77
34
87
5
90
2
15
29
5
20
41
46
22
22
22
59
31
61
15
18
109
51
79
90
70
10
24
32
2
10
166
108
12
19
36
90
37
65
67
34
5
55
36
6
7
30
30
15
55
11
60
3
12
59
31
2
60
43
36
27
116
50
24
135
104
29
13
23
18
8
3
55
92
27
62
34
46
26
4
9
121
61
35
29
65
108
13
161
8
58
29
96
28
65
25
6
12
17
19
23
98
33
13
29
46
24
53
93
110
12
1
26
32
15
1
64
18
40
49
53
16
94
38
52
82
48
56
2
5
51
51
19
26
15
51
26
81
8
27
3
167
22
42
23
9
2
23
37
2
17
1
44
29
61
36
75
22
22
18
81
67
68
65
36
23
29
45
140
42
74
216
63
85
16
67
30
15
4
54
61
64
86
51
6
23
61
31
56
46
30
99
40
11
3
42
20
13
65
10
14
105
20
17
17
21
19
52
5
29
12
38
18
8
51
9
16
81
163
14
51
50
39
51
85
37
10
33
162
16
73
15
25
136
25
69
74
46
63
10
25
56
74
29
113
39
60
5
30
1
23
78
9
70
1
36
5
37
47
82
20
3
57
46
25
8
73
95
181
15
60
14
8
50
46
2
45
33
51
28
16
0
60
17
49
35
49
12
29
38
4
66
59
16
72
43
0
68
28
24
10
2
141
38
58
36
27
19
90
59
92
69
13
26
61
105
2
138
50
63
68
8
39
36
67
84
28
72
58
11
44
9
39
115
18
11
60
80
34
41
67
82
18
18
16
49
64
43
36
71
51
84
59
32
21
11
27
46
7
24
2
8
44
68
32
5
30
37
25
31
24
32
3
61
113
25
87
77
23
56
86
4
90
40
5
70
30
1
4
16
53
13
33
91
18
48
72
15
53
23
14
67
63
21
50
74
102
75
70
7
76
52
68
29
27
104
52
9
14
52
17
72
59
60
61
6
26
20
30
45
59
42
67
103
48
87
20
10
15
64
30
107
102
27
107
40
145
15
27
34
24
28
23
20
41
117
49
36
40
5
79
10
29
108
52
20
18
17
29
57
32
68
46
43
38
22
3
54
34
24
46
28
6
24
47
41
91
15
21
48
59
63
167
29
102
49
14
5
44
1
30
1
55
46
28
47
70
45
111
26
4
48
16
44
53
4
51
23
16
78
74
12
21
19
3
48
86
81
14
58
30
37
66
10
20
73
28
47
82
56
45
40
25
15
22
13
53
27
80
34
36
6
18
36
65
40
96
35
2
52
17
8
39
52
107
35
25
91
28
34
4
2
49
44
82
63
26
50
58
50
25
26
58
44
59
46
13
12
42
4
77
75
29
39
19
30
58
54
46
84
16
3
11
48
44
26
8
41
101
60
48
76
51
3
10
22
28
9
31
62
1
19
42
5
21
15
13
2
1
51
35
29
31
34
78
40
88
2
186
27
98
73
13
20
46
13
69
13
25
12
4
10
30
32
43
48
113
27
50
13
34
22
48
50
15
31
61
79
15
0
53
9
4
11
58
58
17
1
67
16
91
43
100
3
20
93
9
38
79
42
30
48
86
2
147
74
22
20
44
59
11
51
32
35
56
48
66
82
47
73
8
11
6
32
124
32
78
9
13
35
20
1
61
34
5
27
51
35
27
24
78
3
4
100
16
16
3
22
34
16
21
59
31
55
46
20
25
65
13
48
1
12
42
22
11
10
37
97
14
47
24
27
14
9
15
73
124
44
35
49
43
21
42
21
75
68
5
42
11
66
55
3
40
3
48
29
70
15
47
69
22
4
25
68
20
82
32
1
22
33
47
33
14
24
86
30
40
22
21
0
11
3
79
17
11
78
81
40
34
44
5
51
18
59
67
65
82
17
65
24
29
29
25
46
26
12
36
19
7
16
41
8
47
7
93
53
8
14
26
25
55
10
4
59
15
4
91
13
18
25
7
65
19
4
9
11
40
57
18
45
48
28
6
22
11
8
85
34
75
45
84
16
64
11
16
44
106
15
51
27
13
2
31
133
10
29
6
28
3
20
7
65
1
13
62
60
29
100
33
50
22
70
92
63
45
17
88
34
68
17
34
24
30
2
7
56
67
35
19
54
13
25
7
3
21
7
26
30
58
75
18
45
4
61
33
74
26
15
6
124
25
31
68
4
14
12
22
107
2
31
73
2
47
26
27
6
46
49
15
5
2
24
85
27
120
40
20
40
1
31
127
21
47
1
130
52
36
119
20
36
64
19
4
88
50
4
34
20
65
72
60
8
89
42
47
20
38
37
5
58
29
6
15
59
41
3
19
30
21
2
4
29
44
11
1
13
15
8
63
1
72
51
84
59
84
12
118
5
85
33
16
47
1
20
57
47
76
71
80
36
5
50
21
16
58
3
27
3
9
14
49
25
26
94
3
51
45
19
70
8
8
18
57
6
8
60
9
137
25
38
95
38
8
1
38
34
66
39
42
1
32
16
30
0
52
13
27
13
87
40
108
108
5
38
0
31
28
50
28
41
29
41
40
63
7
78
76
18
39
27
41
4
2
26
2
7
21
10
28
18
24
2
37
20
58
13
40
13
11
31
26
29
22
96
46
72
75
49
41
13
19
64
49
13
23
33
13
17
17
35
80
20
21
19
62
25
20
20
60
30
28
31
4
13
27
3
4
19
76
0
21
18
15
28
27
28
4
72
44
33
23
28
41
31
25
19
1
1
44
38
22
30
2
65
44
22
38
54
59
81
31
46
2
30
14
37
97
44
41
41
66
62
63
28
6
4
10
102
36
38
60
86
13
9
41
12
42
32
12
3
56
58
35
36
40
7
43
71
17
19
13
5
71
38
48
10
18
23
12
2
3
3
9
30
48
28
21
40
59
11
24
130
40
7
2
39
61
57
52
19
70
61
19
46
35
62
85
50
9
54
1
44
67
20
14
68
0
3
57
23
3
18
14
23
1
89
6
4
4
1
57
21
118
39
102
1
18
82
63
5
25
33
78
9
103
20
22
7
13
20
39
62
30
53
2
24
51
16
46
57
38
74
84
15
19
90
53
30
18
42
88
65
35
12
122
17
10
3
49
66
36
21
6
6
42
17
1
61
12
4
63
33
21
24
30
9
44
115
73
58
64
66
2
27
14
38
20
4
19
47
29
110
6
12
5
19
32
58
6
41
27
5
17
75
19
19
11
74
77
102
11
2
52
17
36
8
37
13
23
31
74
34
14
25
5
24
35
16
8
36
4
6
74
37
11
19
19
34
36
21
27
66
28
4
13
77
11
44
43
39
10
4
51
22
65
18
41
102
7
48
70
51
24
63
69
31
104
8
0
22
51
25
40
2
46
6
65
19
15
1
78
39
16
27
75
37
112
71
26
48
9
4
6
21
10
70
12
14
86
17
40
9
76
10
51
65
21
2
7
23
21
6
33
91
42
3
35
46
18
40
12
28
53
16
19
1
4
4
85
7
59
79
9
68
1
6
16
13
19
62
63
25
11
36
0
25
29
9
6
48
91
26
57
63
52
6
28
101
10
4
67
77
66
67
38
1
38
1
53
49
23
23
19
4
24
29
16
8
31
28
38
15
60
7
34
23
14
13
37
14
3
31
3
59
9
18
15
51
67
35
34
2
37
23
43
42
9
33
3
23
39
9
38
22
38
34
1
12
28
3
18
11
3
10
86
33
21
29
41
24
14
64
44
52
52
10
0
14
111
16
19
73
49
0
23
49
16
74
83
48
110
39
1
11
30
43
25
51
10
27
8
1
79
69
46
7
5
28
14
107
4
34
57
47
41
75
35
15
3
8
7
20
34
13
5
28
62
2
20
23
41
51
24
22
51
118
18
32
7
20
19
24
22
10
83
52
4
36
18
27
34
97
0
8
31
2
17
13
62
54
36
61
26
96
40
45
20
22
71
5
24
44
9
37
31
7
27
19
18
4
50
62
35
13
58
59
17
40
85
63
17
63
11
35
17
67
56
14
37
2
9
8
35
29
12
11
19
32
13
10
24
27
34
57
9
8
36
7
19
54
4
59
32
12
48
21
49
36
33
0
12
43
94
17
36
25
55
35
56
8
32
15
31
21
5
16
67
11
1
24
51
124
33
15
60
14
50
21
49
14
3
23
33
41
67
40
59
21
35
67
56
30
14
9
9
35
8
21
70
17
43
6
49
31
36
18
6
2
5
10
64
79
5
25
46
16
28
46
13
51
29
24
60
3
23
7
14
25
6
43
24
21
21
37
5
19
1
20
73
3
22
34
5
33
11
17
35
1
49
48
5
47
52
48
6
14
58
18
32
29
11
15
40
10
0
90
5
61
29
66
84
15
6
12
32
55
15
7
11
41
53
2
17
5
45
34
24
36
5
21
88
3
4
43
2
4
5
20
78
8
28
21
57
37
12
47
3
41
45
51
40
11
7
25
45
6
82
30
41
57
62
18
55
21
65
37
53
34
31
7
16
12
34
1
29
18
30
45
26
13
32
23
14
8
41
18
13
26
39
69
16
19
11
22
41
38
1
10
28
42
50
16
32
21
13
40
53
36
31
42
12
82
63
36
24
14
36
28
36
4
6
32
13
21
12
5
32
37
27
21
2
29
46
9
12
43
30
3
6
3
17
36
87
18
71
6
57
26
29
85
53
34
27
21
25
51
3
28
4
29
23
8
16
43
25
25
47
56
44
13
3
56
65
10
7
12
4
10
17
29
2
33
17
11
49
5
15
55
34
5
22
53
32
9
22
22
65
23
33
19
34
68
9
18
26
20
20
30
51
4
55
28
9
21
14
5
2
55
27
33
27
2
14
11
28
46
25
80
21
25
30
17
62
10
19
3
29
37
14
23
23
2
2
57
7
29
0
71
47
58
37
23
14
38
21
49
58
26
61
24
4
19
5
9
6
37
11
1
7
24
4
18
13
0
31
5
15
21
23
44
1
40
2
3
17
2
4
11
24
28
40
82
40
34
32
72
55
19
69
5
19
4
6
39
49
29
8
3
26
51
1
8
21
7
68
12
17
11
3
22
13
4
15
40
17
33
2
38
13
27
22
34
31
26
20
19
16
49
6
30
9
19
26
61
29
0
27
43
13
41
20
11
6
6
32
59
38
19
8
2
6
22
26
17
10
8
38
49
21
85
43
73
26
4
19
3
38
64
0
23
49
68
28
2
44
12
1
3
20
7
8
8
13
12
17
4
13
68
34
43
41
4
3
4
29
61
5
26
65
49
39
23
4
30
52
4
47
22
8
10
32
21
74
6
22
10
9
37
36
23
3
61
37
10
16
11
11
14
8
3
49
19
22
30
42
39
12
43
55
17
29
4
49
41
2
2
6
3
20
11
1
16
25
32
13
45
1
28
41
11
41
37
4
33
4
8
17
3
65
23
5
20
44
1
20
13
31
13
5
25
28
12
37
3
12
0
33
16
45
7
44
6
5
22
16
30
12
4
11
44
51
12
36
22
27
26
45
5
46
14
10
9
34
25
9
2
22
28
6
44
19
10
44
50
11
28
3
9
22
45
0
13
72
24
38
61
22
65
3
23
37
4
37
21
37
13
14
20
8
28
8
25
19
3
19
27
46
10
33
30
39
23
2
7
93
32
14
28
1
20
13
23
9
41
20
11
11
33
19
22
11
11
9
18
9
5
25
44
20
27
54
67
10
34
18
40
16
18
5
1
23
27
5
7
7
44
2
41
17
3
40
23
10
16
25
31
31
19
2
55
11
16
19
2
2
20
6
23
8
1
42
12
54
20
1
45
30
23
5
66
26
17
26
27
3
27
29
6
33
4
12
20
12
14
52
10
5
36
6
1
23
2
7
12
21
37
36
17
26
35
15
24
14
47
20
7
9
10
32
9
40
14
1
20
22
6
29
10
25
14
8
28
35
19
38
26
4
21
26
9
60
17
15
25
3
14
10
8
36
6
51
13
39
24
5
27
11
9
53
18
42
24
13
16
8
18
10
16
20
4
10
31
9
4
20
31
15
3
11
11
10
45
7
44
2
23
23
25
54
2
40
19
13
15
42
4
23
67
6
9
23
4
31
17
19
39
11
19
14
11
27
15
31
23
22
22
22
2
17
16
8
2
10
25
10
14
10
6
14
18
12
14
9
9
10
3
7
1
25
40
14
10
40
6
19
47
3
56
18
28
24
0
7
23
7
48
30
8
5
2
34
24
12
32
4
7
4
4
54
17
3
17
9
20
5
14
11
22
2
6
40
7
20
2
1
29
62
11
13
3
31
22
14
39
14
49
33
1
1
19
9
1
4
11
20
1
38
35
15
39
29
4
35
1
1
19
29
18
1
10
42
10
32
20
51
9
16
14
27
6
4
8
12
8
22
9
64
18
1
32
7
13
5
6
6
24
7
7
21
11
14
1
6
24
15
25
51
3
2
28
22
5
7
5
44
2
7
12
17
45
0
25
36
12
22
9
13
4
15
11
3
24
2
18
3
31
0
11
14
59
15
18
36
5
3
12
4
32
3
11
15
34
30
25
5
8
8
20
17
9
31
31
20
7
8
21
8
14
14
2
17
5
20
0
30
26
37
8
30
10
13
2
0
8
3
8
25
38
4
17
29
9
5
12
24
26
19
11
2
2
20
18
8
7
1
4
41
8
28
21
20
9
27
52
7
20
17
22
32
7
58
7
14
8
16
13
12
3
22
3
8
15
9
1
16
25
1
14
8
17
4
17
0
26
3
11
0
2
9
12
23
2
16
12
8
3
16
19
1
45
13
2
8
18
16
36
23
3
5
19
38
24
26
0
8
20
1
17
0
15
14
8
11
16
10
7
7
18
9
3
9
11
8
18
6
2
11
12
5
7
17
2
17
11
12
2
15
3
18
22
8
4
0
0
22
19
7
12
17
11
20
16
5
2
0
16
22
5
2
2
19
0
1
8
6
4
1
3
6
15
3
4
13
9
12
8
8
5
10
8
30
33
19
2
7
10
10
8
15
4
1
11
6
3
23
11
2
7
4
0
6
11
6
12
20
14
8
15
0
4
0
11
3
20
9
18
1
3
5
9
2
4
11
6
17
1
5
5
12
8
4
4
26
14
8
1
6
3
5
17
17
5
5
18
5
7
7
20
16
6
9
0
4
9
9
14
3
5
4
8
6
22
8
12
1
4
8
17
13
10
1
24
9
5
6
11
1
4
6
3
8
8
22
21
12
23
0
2
6
11
0
15
7
8
7
1
5
0
5
14
2
1
10
7
3
5
1
2
0
9
2
6
8
1
11
9
3
1
7
1
3
14
7
4
9
7
0
6
3
1
1
5
5
3
1
13
7
3
0
10
1
4
3
1
0
1
7
3
8
3
3
2
4
1
1
1
5
0
0
0
