8
1
95
92
1
54
5
84
44
46
27
1
29
21
14
6
23
117
18
2
9
17
29
8
53
0
31
24
15
29
21
24
16
164
68
41
13
8
22
24
29
115
2
1
30
21
28
34
56
23
83
4
4
64
36
22
5
88
48
40
33
26
0
4
14
10
106
29
4
18
14
48
6
111
42
85
6
119
112
51
13
37
6
19
38
69
6
25
62
21
34
5
72
12
88
30
30
7
54
109
69
32
20
63
11
2
33
13
1
55
68
62
41
42
18
42
22
1
77
27
90
93
37
187
45
95
45
6
29
59
30
70
8
111
52
22
28
84
40
41
13
50
16
13
21
94
31
58
65
84
40
16
86
10
7
76
95
47
3
48
74
38
12
44
75
36
38
31
3
1
127
78
69
75
66
38
17
33
16
65
42
65
68
15
36
42
68
50
64
96
76
6
67
52
45
38
3
34
19
7
2
26
23
24
22
70
17
4
60
23
47
50
81
112
1
75
29
47
0
36
68
83
30
13
43
36
38
11
49
63
124
0
105
8
72
52
36
34
15
1
113
2
42
29
23
17
49
128
72
40
108
9
15
12
15
109
11
17
84
12
66
40
14
17
52
114
25
33
33
132
41
75
53
0
3
24
69
52
49
0
56
57
36
123
58
56
0
9
6
27
26
61
82
122
21
20
7
71
1
33
9
18
54
14
18
11
3
60
45
43
2
70
51
31
57
36
11
16
54
38
38
8
18
2
2
43
52
0
41
70
37
75
16
43
34
27
111
38
1
5
17
36
1
77
90
29
73
40
46
146
10
50
3
21
58
37
16
18
7
3
9
46
48
10
58
75
20
3
27
3
62
38
65
88
84
55
86
58
42
39
69
45
80
21
29
115
37
34
5
32
112
84
102
95
73
5
138
103
5
6
67
141
97
75
41
68
92
108
3
53
12
82
13
82
0
25
37
82
15
37
59
8
13
26
46
54
12
5
20
99
14
136
85
3
64
56
40
35
47
18
86
24
46
41
94
18
34
70
2
76
19
41
7
93
18
34
19
51
73
5
101
36
138
40
23
62
106
9
79
36
58
1
29
21
28
47
69
89
39
28
48
7
18
41
71
101
31
26
10
76
25
13
44
44
10
53
6
26
18
31
52
57
49
9
30
49
46
11
31
5
41
15
91
7
90
40
33
52
119
28
88
45
8
21
89
55
99
9
11
63
45
1
9
2
98
54
26
23
115
43
11
31
26
10
108
31
61
46
41
11
4
79
6
17
174
45
114
83
23
40
10
17
79
15
22
16
3
17
16
8
29
16
13
45
68
31
17
49
25
70
21
112
20
34
80
26
104
10
16
70
63
49
81
107
18
40
68
110
55
62
109
73
28
12
107
15
32
28
25
72
89
32
18
117
15
54
60
49
30
66
40
26
22
27
29
46
16
87
29
131
40
39
1
32
25
38
15
139
81
6
76
44
3
86
5
21
19
141
41
3
52
40
92
43
65
133
22
21
43
45
24
114
40
114
13
38
10
51
30
65
32
43
10
68
134
36
91
23
29
22
1
58
38
55
29
58
36
14
16
42
32
8
133
92
123
14
29
5
125
29
84
4
7
84
53
54
42
30
32
61
45
43
4
13
27
90
30
37
79
44
26
92
31
2
12
21
37
5
53
45
41
18
35
89
12
28
73
77
52
2
65
6
52
2
20
75
15
7
2
20
73
22
27
54
3
4
21
46
31
18
46
22
20
81
38
16
43
55
24
50
55
83
23
42
93
58
37
51
31
24
8
25
45
9
129
44
46
79
78
27
57
64
34
9
75
54
69
42
42
93
12
10
16
3
3
80
42
103
42
70
46
20
87
48
34
18
5
0
6
28
24
23
55
16
29
32
58
75
23
17
48
27
44
46
2
49
46
59
83
40
52
2
4
1
4
19
11
39
11
38
32
57
8
41
61
13
40
11
12
42
19
9
0
2
9
6
47
23
59
6
127
70
8
1
63
24
64
20
13
46
18
50
24
12
35
49
23
7
47
59
49
110
38
43
28
1
22
101
13
30
70
67
0
93
48
5
36
47
4
5
56
9
142
31
53
7
33
42
20
57
16
16
29
46
66
22
52
82
40
41
24
7
41
72
53
28
20
9
65
73
32
97
15
43
23
15
15
4
10
71
62
119
52
37
76
4
40
13
3
69
53
45
88
19
19
79
64
16
140
13
61
14
30
47
25
11
61
108
49
16
48
90
1
37
84
31
6
60
74
42
3
41
44
40
20
30
36
78
32
95
8
12
11
114
46
88
32
28
38
49
58
2
24
22
8
9
84
95
16
42
15
21
89
164
14
26
28
40
17
52
15
37
70
12
5
13
65
86
36
116
56
19
71
44
45
41
54
6
3
24
49
8
10
4
24
104
133
82
23
20
29
18
5
56
12
61
33
30
24
79
15
5
113
88
40
8
59
56
18
91
87
65
73
27
19
50
67
29
65
46
30
18
6
13
84
22
11
34
95
46
52
98
26
31
20
36
145
15
32
1
19
44
10
49
96
39
114
15
64
66
50
58
32
71
47
37
100
36
1
89
27
18
45
4
8
51
3
53
30
97
68
12
45
49
12
17
16
13
44
26
12
45
49
48
34
44
16
64
47
50
73
14
44
6
43
10
17
71
39
4
2
20
57
16
21
8
51
47
3
6
30
25
87
42
4
31
26
55
24
59
71
50
39
15
23
2
60
26
116
49
29
57
41
3
30
42
10
34
50
5
31
43
9
9
63
31
5
4
31
43
11
19
15
25
15
39
37
9
13
10
13
21
11
55
104
69
93
7
34
29
11
64
14
68
35
13
62
45
55
18
18
1
32
89
5
15
28
76
38
7
88
8
12
88
7
26
28
34
59
4
39
47
27
11
10
62
40
42
48
75
25
32
63
96
22
86
24
60
15
11
56
2
16
12
40
0
45
62
28
23
86
79
33
64
43
79
46
20
33
74
27
105
36
54
50
16
14
19
59
5
4
73
10
72
31
39
19
29
46
1
102
11
38
27
15
3
62
9
59
73
60
79
15
9
24
30
0
54
8
45
12
88
30
50
23
98
2
60
50
6
4
2
27
40
87
48
15
6
78
9
1
26
16
84
45
52
27
11
53
17
27
96
32
40
42
20
13
56
25
106
64
0
3
40
12
26
50
10
4
41
96
101
9
31
70
30
34
67
27
20
65
21
36
39
93
72
23
24
60
15
44
29
37
24
6
10
12
35
63
2
5
115
29
11
80
96
92
90
13
71
13
11
25
40
100
37
8
41
20
3
34
114
42
31
35
6
9
17
74
94
36
24
15
40
96
33
2
67
11
12
55
11
36
14
54
44
29
23
69
34
22
68
24
14
26
87
7
16
46
13
26
25
37
38
4
88
29
11
20
74
44
22
29
68
44
22
15
53
7
23
22
0
13
34
23
58
10
37
21
49
54
83
34
18
62
22
32
23
2
20
3
14
54
33
9
5
73
1
46
8
55
20
28
21
102
32
5
55
59
21
2
6
45
38
30
85
13
85
51
8
39
15
35
47
3
20
8
51
33
21
31
51
38
56
32
67
4
31
66
6
52
6
37
33
46
30
85
63
37
42
85
3
9
5
47
2
89
5
46
11
35
38
26
48
77
12
42
8
12
2
10
39
24
59
7
26
31
63
56
40
33
9
27
20
65
49
67
0
73
4
53
48
35
55
18
1
30
0
25
43
1
59
39
19
22
31
25
42
22
13
44
44
29
23
3
60
7
76
83
45
48
5
49
54
16
7
44
51
103
39
40
19
8
30
4
16
7
61
33
25
18
13
31
3
13
30
61
22
48
19
60
1
5
93
20
7
35
19
7
37
29
85
11
22
5
32
29
12
23
27
14
86
6
45
23
8
27
38
34
41
53
93
98
63
74
38
1
1
14
46
49
10
42
3
17
34
14
84
1
27
16
84
11
25
45
46
1
12
1
130
37
62
0
41
3
26
49
7
37
35
26
16
62
75
20
70
109
64
3
3
4
28
134
44
11
13
90
27
45
20
48
70
59
17
19
7
94
45
51
69
15
49
16
12
54
22
47
15
3
32
11
11
74
43
58
15
52
23
40
33
3
2
29
10
6
45
53
39
20
68
6
8
4
13
44
18
2
44
19
85
32
65
16
84
43
8
19
24
77
51
3
25
30
24
10
26
19
52
9
15
102
29
50
7
16
49
42
61
9
68
32
57
37
5
40
38
73
52
51
21
37
62
10
10
2
18
32
27
42
32
17
35
3
24
5
28
23
73
9
5
38
39
41
2
38
11
10
15
16
54
12
121
31
4
49
21
2
67
63
26
15
30
4
37
36
41
64
44
13
22
1
6
15
8
25
21
50
71
28
95
50
23
23
13
22
13
25
3
27
19
4
16
6
19
29
37
20
45
38
35
7
21
74
52
45
15
9
38
31
8
88
30
46
0
23
40
22
31
9
31
26
26
32
20
4
122
7
24
39
17
5
2
38
54
16
21
26
35
45
47
45
1
25
12
71
8
28
12
21
37
17
70
57
29
11
2
5
3
28
40
14
45
57
11
41
2
2
12
12
8
30
36
28
2
35
6
46
16
87
27
30
4
4
13
24
26
14
47
55
18
45
56
56
3
28
72
1
57
63
7
38
26
18
31
20
17
25
1
37
5
47
7
28
24
13
72
2
15
5
26
40
39
7
40
51
19
48
59
25
6
39
6
27
50
32
41
43
34
8
3
3
11
45
47
49
4
12
8
24
22
14
18
8
20
6
17
44
38
36
28
34
16
12
12
20
27
2
50
20
47
3
35
38
5
28
24
21
27
91
27
39
19
16
8
1
0
71
71
58
34
53
25
94
9
2
25
29
16
22
43
27
6
74
29
5
9
20
10
13
17
17
0
23
54
23
14
19
20
13
6
25
6
42
87
5
15
2
37
13
26
20
46
21
26
20
17
53
26
49
55
62
11
80
21
56
33
8
19
58
67
2
9
32
63
11
16
36
13
40
37
20
10
25
28
31
31
8
48
47
25
2
15
64
5
8
10
19
4
55
5
11
19
10
53
9
10
26
38
15
10
52
44
70
14
10
64
41
8
52
62
24
2
31
67
27
7
11
22
15
10
41
28
1
32
32
37
16
3
45
11
2
33
25
24
32
8
17
54
14
9
29
44
12
10
105
74
55
26
11
49
55
61
34
22
20
8
22
17
26
12
23
25
12
19
19
7
2
1
19
34
20
39
10
22
36
27
17
31
31
43
52
2
26
26
57
47
6
7
12
24
34
16
26
26
29
26
15
6
34
36
6
20
73
28
2
5
32
53
90
4
35
29
8
35
25
77
36
64
39
14
43
51
26
6
75
26
47
3
41
75
37
12
30
25
13
9
9
49
13
26
15
12
57
36
16
35
31
17
22
17
13
56
16
10
14
0
22
37
44
20
49
22
17
66
20
49
8
7
4
26
20
25
14
14
74
77
11
36
25
18
32
11
40
12
4
26
30
20
10
31
66
45
39
5
16
10
11
32
48
10
37
1
26
49
18
11
18
1
7
7
24
8
15
19
60
10
21
10
22
5
33
30
20
3
35
43
52
4
7
52
7
40
39
2
72
19
37
47
27
16
10
4
24
5
0
4
16
5
32
32
37
17
11
35
7
30
47
51
13
18
6
60
29
36
25
29
19
39
29
0
33
8
41
13
10
17
36
34
16
4
55
14
28
57
3
9
46
34
40
13
6
34
49
36
24
18
22
18
8
16
35
4
14
2
15
15
20
16
22
37
15
9
28
45
39
49
1
18
50
1
16
2
13
41
1
12
18
12
28
44
17
5
24
38
20
8
12
15
46
20
32
3
18
50
37
5
1
27
17
18
2
6
21
26
8
39
15
53
25
61
90
32
26
6
30
16
15
17
3
13
34
10
17
18
4
43
26
31
15
67
26
4
34
12
4
2
15
25
7
6
11
23
4
14
26
13
23
1
19
28
5
25
53
31
18
64
16
1
24
6
38
20
4
35
34
2
40
4
52
8
23
14
33
59
1
83
51
13
10
7
31
16
17
41
24
18
7
34
21
34
3
13
3
10
24
60
5
13
26
16
41
6
1
53
30
50
32
20
16
36
16
27
12
15
1
17
57
5
12
32
40
19
36
7
36
18
1
1
14
4
10
18
11
6
23
18
63
9
18
23
3
39
3
7
27
50
39
27
13
18
7
47
7
16
7
2
14
35
29
15
13
13
7
4
17
24
6
1
4
27
14
32
2
3
15
3
1
35
32
30
17
16
8
29
46
3
20
37
13
2
12
9
4
41
4
16
14
16
6
13
55
10
13
26
5
5
25
1
6
16
25
13
29
25
38
22
54
1
11
15
21
2
5
6
30
3
10
34
41
51
2
36
11
0
41
14
10
19
6
19
35
1
19
20
15
32
63
1
5
20
24
17
44
14
4
23
59
56
15
9
5
3
17
16
18
27
39
7
18
18
30
37
29
11
4
19
15
1
20
2
9
33
35
1
11
13
16
21
42
32
36
13
7
39
38
12
8
18
29
12
29
63
13
3
8
13
29
15
32
50
24
25
21
12
9
22
9
14
26
7
10
22
25
9
18
9
15
8
13
59
24
7
25
25
12
17
5
17
29
39
8
51
21
27
5
29
14
14
29
7
3
6
5
37
16
26
1
0
15
9
23
33
20
14
8
22
1
53
18
18
16
12
9
11
16
7
14
3
25
13
11
19
15
5
3
4
7
19
25
25
15
4
31
10
0
29
25
46
23
35
9
9
7
23
24
3
7
11
14
22
31
30
5
14
38
4
5
37
13
18
26
23
14
19
7
13
3
21
26
44
10
16
36
9
8
9
19
41
15
14
45
9
29
27
16
5
29
26
14
11
19
17
11
40
3
8
38
12
23
13
22
24
23
7
5
0
13
37
16
7
37
4
20
18
3
11
41
24
11
29
15
6
21
15
35
15
4
19
9
23
7
33
19
12
9
7
4
7
24
19
8
18
45
12
6
6
9
21
15
13
3
2
4
11
1
41
17
21
1
2
12
41
21
6
18
7
1
3
10
5
9
19
7
1
18
12
1
4
10
13
6
10
28
23
5
5
15
8
11
6
1
39
8
5
2
7
3
4
1
23
4
12
33
7
1
22
12
7
0
28
25
1
31
6
22
9
15
6
7
2
15
8
4
1
14
3
5
12
13
7
14
22
8
26
4
18
6
5
12
10
6
36
17
2
28
12
2
27
7
9
4
11
38
11
16
19
16
6
13
7
3
6
12
5
16
13
1
2
8
6
8
15
21
19
27
21
14
16
19
8
2
6
28
2
1
8
2
3
3
7
12
10
13
32
15
3
20
3
1
15
14
11
29
5
15
5
0
22
10
0
1
8
1
9
7
13
17
2
6
7
3
23
18
7
7
6
13
32
8
16
3
10
0
1
5
5
10
6
15
22
18
8
15
8
8
7
24
12
7
1
2
17
10
1
17
3
6
10
8
2
3
11
2
7
9
10
6
1
3
16
11
2
2
11
2
0
2
10
1
11
2
4
2
10
1
20
5
1
1
9
7
0
11
1
8
6
5
0
4
3
0
2
6
2
3
10
2
1
2
0
5
3
1
8
4
5
3
1
6
2
2
2
4
0
4
0
2
2
1
3
0
1
1
3
1
1
1
2
0
4
