7
2
38
3
4
0
2
8
0
0
9
43
13
3
3
3
32
0
9
7
24
13
10
24
2
12
0
4
44
6
1
29
8
3
14
21
17
24
1
27
2
13
26
22
21
6
10
13
7
21
21
4
21
14
21
12
7
2
20
23
2
14
12
10
12
8
9
3
17
0
19
25
4
8
29
3
14
30
15
4
20
2
21
4
38
10
6
5
3
15
38
14
16
1
18
9
8
1
36
7
1
8
11
13
7
9
7
2
4
14
7
27
15
6
22
12
1
7
0
1
18
17
30
14
2
14
7
3
3
17
1
6
5
1
9
9
6
5
3
22
17
10
18
7
9
18
28
1
14
28
12
0
8
11
4
1
19
12
24
8
7
32
10
23
5
13
17
20
3
9
25
1
5
5
2
33
21
7
9
6
15
5
3
8
4
4
3
3
6
2
10
12
7
37
5
10
12
31
8
6
13
9
12
14
6
5
2
9
6
3
14
19
2
2
17
21
15
1
16
4
5
14
2
16
3
2
4
8
0
11
11
12
15
2
5
9
12
28
19
6
3
5
9
7
12
2
8
22
5
0
6
6
2
19
13
22
14
9
6
7
16
1
1
21
1
5
3
12
10
0
4
5
6
1
1
16
8
6
6
8
0
7
21
1
11
4
12
8
9
4
4
1
1
14
7
5
12
3
2
6
1
12
2
1
7
1
3
13
2
4
11
5
0
10
6
2
2
2
7
2
1
5
4
1
4
5
5
4
4
2
1
6
2
0
2
2
1
1
2
0
