53
1
61
1
3
21
32
73
51
10
7
7
12
100
48
32
14
10
30
32
88
10
32
26
17
27
15
15
49
71
51
34
24
16
12
41
8
65
26
6
57
19
10
51
28
1
9
95
36
36
57
41
40
17
9
27
4
52
43
7
45
36
46
24
30
38
16
79
32
26
19
25
83
5
3
50
35
43
71
25
37
57
24
94
67
10
125
49
59
16
69
30
1
62
7
89
6
18
77
59
91
56
32
11
48
31
86
38
14
48
9
101
21
22
80
73
10
23
75
34
6
6
131
48
59
6
39
92
72
72
105
108
44
119
22
37
18
39
30
43
21
86
18
7
26
67
16
10
15
66
23
55
54
33
21
11
28
9
110
8
131
32
45
24
46
16
12
92
17
102
3
26
16
4
33
44
16
21
97
31
21
74
105
30
15
56
33
64
78
31
58
49
144
64
38
18
9
2
71
25
62
15
83
94
1
53
78
7
43
9
14
14
7
4
62
24
42
106
96
11
0
17
67
57
42
61
47
83
102
143
62
2
89
3
28
44
27
74
11
39
80
7
77
2
0
55
8
2
67
74
70
4
0
33
52
33
35
49
2
22
13
162
1
25
34
86
104
58
25
40
37
91
5
32
52
8
4
27
89
47
30
165
86
13
11
42
83
22
17
7
64
64
32
9
52
11
26
7
90
38
47
73
23
49
29
41
81
74
12
6
19
14
66
62
35
12
85
78
37
45
86
27
22
86
29
54
14
102
14
75
9
71
51
27
46
83
38
2
61
48
53
116
70
16
12
39
43
1
31
84
49
52
18
5
66
52
55
49
37
43
83
48
38
2
141
27
151
90
124
51
86
112
61
19
2
8
103
67
13
73
52
5
3
19
79
41
8
185
39
25
15
8
51
105
33
40
28
13
42
31
23
35
103
107
34
49
39
46
65
28
12
15
35
90
60
116
14
27
42
13
29
112
91
113
18
80
65
35
57
32
90
124
7
17
0
1
15
22
80
38
83
29
48
5
4
65
41
97
17
65
22
34
33
3
7
1
12
3
116
3
47
20
80
80
103
24
93
52
67
43
78
4
109
29
2
43
25
13
51
73
21
75
26
100
20
50
18
85
6
18
44
25
23
54
0
71
18
4
17
52
65
10
17
15
142
27
39
21
41
2
15
27
32
91
31
128
110
30
5
61
30
116
114
83
13
34
53
13
44
50
30
5
77
105
26
66
54
38
8
41
2
66
43
62
60
21
63
167
42
84
33
5
67
28
92
3
54
106
49
20
40
33
61
50
23
11
2
1
2
34
84
11
19
72
92
73
150
43
0
52
26
24
116
106
79
9
64
48
91
27
70
80
5
52
8
7
75
24
83
16
56
24
30
26
35
70
37
105
13
4
85
13
20
50
48
42
1
102
5
26
2
13
43
19
59
9
21
17
17
21
27
17
48
83
46
95
34
3
52
143
16
44
2
10
116
60
33
35
50
29
54
17
35
35
5
80
4
30
22
88
42
31
101
8
33
5
33
29
61
106
36
2
80
27
17
17
71
36
17
26
56
3
13
33
54
33
95
20
56
24
20
76
63
101
66
33
7
146
109
73
70
50
0
39
11
37
29
39
34
50
13
35
41
35
22
5
85
118
40
31
92
6
28
18
37
94
29
19
86
67
44
73
24
1
83
42
31
62
31
110
113
30
4
0
38
41
102
2
23
32
89
14
56
27
55
8
20
85
57
33
38
7
9
36
26
40
22
46
31
6
87
74
23
40
10
78
46
95
9
32
56
22
44
19
7
19
52
10
37
15
45
51
53
103
35
26
14
1
43
90
30
12
141
43
100
5
26
88
2
78
29
62
9
56
41
56
2
16
78
13
61
1
24
21
76
2
49
55
6
11
38
74
56
40
109
44
47
1
38
32
38
25
25
46
42
8
57
30
45
70
68
73
28
91
4
40
73
26
12
148
82
53
12
35
57
18
19
2
41
9
43
97
87
22
38
12
48
30
24
36
34
29
33
39
22
31
13
20
36
12
26
73
172
19
84
13
30
35
97
27
132
46
65
44
15
22
48
19
2
53
47
59
16
67
48
8
51
44
15
57
40
14
26
4
42
41
26
22
7
53
30
0
103
72
12
10
19
25
68
52
71
53
17
2
14
6
7
56
54
51
58
14
14
8
45
24
5
11
11
54
22
3
13
45
9
54
64
31
19
36
42
81
62
76
10
55
74
29
11
13
54
77
46
39
49
51
23
10
33
33
9
16
28
37
16
66
8
45
13
40
63
30
52
38
3
2
37
36
50
17
77
71
40
4
56
25
81
21
33
5
75
30
123
6
85
11
79
33
84
28
10
22
22
91
100
14
50
9
22
125
25
136
43
24
122
52
49
22
23
12
2
24
92
33
18
32
47
36
20
4
114
21
22
1
11
81
92
4
13
33
68
90
20
37
6
40
55
30
29
37
62
66
47
3
85
20
40
13
48
30
107
54
55
48
28
13
85
37
2
25
21
28
58
24
12
76
68
31
76
75
28
28
108
57
12
38
12
61
5
60
21
41
17
17
8
25
21
38
47
7
5
68
41
76
58
23
183
39
8
38
23
53
31
14
62
51
57
44
11
33
13
0
103
10
83
1
44
26
5
28
11
107
29
44
41
44
38
4
62
14
43
19
0
15
25
34
67
2
111
59
13
70
22
106
61
37
53
24
36
99
37
63
99
70
1
81
27
81
68
74
32
100
48
55
14
16
44
64
76
91
20
17
74
56
18
0
36
35
100
46
8
7
80
11
5
48
12
43
28
19
14
12
10
62
67
30
17
23
65
84
109
44
11
39
58
9
38
15
101
22
15
11
25
4
56
5
16
56
50
39
65
18
39
2
90
23
88
50
24
23
30
3
4
33
1
72
45
29
42
58
24
27
52
107
15
60
50
6
58
35
48
27
76
5
35
32
16
112
51
67
13
47
91
53
11
72
64
7
18
107
61
4
14
87
3
5
22
16
22
22
27
75
63
1
3
45
29
86
30
8
32
27
45
66
44
24
37
50
8
27
0
14
40
41
91
60
14
5
63
5
31
40
67
70
52
24
20
42
23
2
134
22
57
22
32
8
57
5
40
54
3
38
64
45
44
14
63
25
28
36
5
43
13
39
7
3
41
88
10
39
46
3
80
3
55
20
27
31
3
22
61
25
35
6
34
8
2
54
8
45
36
31
38
71
131
64
82
34
9
54
67
3
36
11
21
8
62
68
112
12
23
41
47
23
17
5
16
16
24
43
109
9
54
13
48
33
17
76
76
57
19
25
4
15
59
47
26
21
0
34
29
10
51
31
37
3
39
43
48
106
17
2
13
22
20
20
46
34
13
71
17
74
26
39
7
38
26
22
5
47
26
40
4
26
88
17
32
16
72
54
4
44
75
31
29
16
3
41
31
111
51
11
10
1
11
45
53
50
3
11
13
22
41
6
11
41
36
10
1
12
53
55
31
13
39
3
30
51
58
23
16
5
2
91
7
27
4
52
24
34
40
9
33
79
68
6
30
46
11
94
3
8
2
31
24
53
27
14
3
85
61
31
52
11
6
27
65
27
19
59
44
75
57
12
23
62
12
49
19
9
58
55
43
35
32
66
44
54
24
94
11
102
12
22
13
48
21
38
115
0
22
55
24
36
30
14
29
4
69
54
59
46
12
55
19
34
15
68
122
17
42
53
78
38
28
22
44
37
33
49
51
62
55
32
7
29
29
28
72
6
22
35
96
56
31
12
4
8
1
12
36
21
54
13
35
50
53
33
27
8
12
14
50
43
15
69
6
50
35
32
18
70
45
4
28
35
8
24
7
29
49
17
96
9
43
26
56
41
11
6
69
31
19
32
62
19
23
3
80
76
81
10
51
7
54
25
21
85
8
62
10
40
6
24
51
17
44
47
58
70
66
25
89
0
3
67
83
23
72
22
39
49
10
43
36
23
17
7
33
8
76
73
47
28
13
10
1
18
35
1
53
18
0
95
67
35
17
2
52
85
62
21
17
2
17
9
20
47
2
10
54
47
13
47
46
50
17
11
29
7
0
19
46
29
11
52
9
9
55
84
23
33
58
19
11
52
17
57
74
4
41
17
38
28
36
40
85
6
31
22
47
5
44
22
86
7
37
41
74
41
10
17
72
12
33
17
8
2
24
4
20
28
75
10
32
44
51
6
75
36
4
3
41
45
22
38
42
8
3
55
4
11
92
22
9
56
39
8
20
54
28
35
12
44
21
79
34
43
1
13
0
33
3
8
10
41
2
70
81
48
52
15
12
36
28
70
15
47
65
21
78
25
2
12
14
68
7
2
0
27
65
23
6
38
23
6
0
14
3
50
23
19
22
12
22
43
28
46
34
63
27
48
46
21
2
36
49
41
48
14
36
84
15
72
53
14
55
34
46
35
55
44
13
82
16
31
34
72
6
35
4
3
15
3
19
10
24
41
78
55
15
24
72
8
7
22
27
6
53
60
83
25
40
27
59
24
5
37
55
59
75
7
40
34
14
17
24
54
4
32
18
66
36
4
17
32
13
11
11
31
4
83
50
8
44
27
7
31
43
78
3
8
81
34
8
77
8
16
46
49
4
28
7
18
15
17
19
16
53
93
19
11
33
7
26
78
63
29
14
17
35
22
24
6
41
42
14
20
14
55
24
5
67
30
6
22
59
10
43
6
50
44
3
28
15
36
24
40
20
1
80
21
44
9
110
31
22
59
52
27
22
29
18
48
1
64
99
7
30
17
7
81
2
7
14
26
16
36
9
69
42
79
18
70
73
52
11
36
35
2
3
35
9
33
5
9
26
2
40
49
9
26
8
10
50
39
9
29
33
9
8
9
65
22
18
9
33
5
15
13
13
29
23
18
45
29
25
6
44
4
5
17
56
62
50
35
26
6
72
16
68
14
19
3
53
11
4
41
40
6
20
19
6
36
4
25
4
62
35
16
3
12
15
14
36
20
30
6
3
6
36
27
34
14
55
43
22
9
39
17
21
17
26
26
19
11
16
24
7
33
53
26
2
12
28
91
4
15
27
58
0
23
18
10
25
6
21
48
27
42
32
35
50
8
13
41
23
19
38
25
6
37
8
32
18
4
5
14
52
6
47
3
17
30
10
15
24
53
6
24
36
8
24
31
30
25
18
31
62
59
19
30
45
6
17
26
5
46
54
72
64
44
50
16
16
25
7
78
8
86
17
26
0
48
26
4
11
10
10
21
36
28
28
19
1
10
8
49
3
9
29
27
33
1
13
32
12
24
1
8
4
8
24
11
57
27
2
2
14
8
10
29
24
8
3
4
64
17
5
11
17
15
38
24
35
57
28
4
23
39
20
13
8
14
42
20
7
48
43
2
53
7
10
45
47
0
13
37
20
15
25
8
41
28
15
22
14
32
28
21
25
39
33
36
9
9
2
37
24
4
13
22
38
36
23
39
23
30
47
53
34
3
2
18
1
27
47
24
26
15
6
1
19
27
33
21
23
26
30
27
5
41
54
23
88
24
19
6
46
27
35
3
53
19
37
1
13
27
51
49
2
19
33
7
71
54
32
21
48
4
51
12
21
2
10
9
2
3
53
2
71
17
43
5
22
73
2
67
40
33
2
26
5
26
8
12
9
40
5
38
25
49
12
10
31
26
17
13
3
49
12
30
9
13
16
27
55
12
20
14
7
18
64
15
45
13
17
14
6
19
75
17
8
37
10
43
32
11
36
101
21
40
19
7
8
27
1
20
30
16
50
11
1
13
9
12
42
28
30
8
33
2
63
15
53
19
26
15
13
54
6
3
39
26
24
20
30
21
18
22
52
2
25
12
41
2
19
7
71
14
24
18
18
19
18
33
9
12
1
16
23
18
14
38
19
9
63
13
22
60
6
62
45
5
7
11
25
80
42
28
18
27
23
23
9
11
23
15
56
8
41
0
51
21
8
13
46
31
1
25
11
15
24
35
1
53
22
4
62
0
0
3
18
1
25
22
49
46
45
16
19
0
7
23
37
13
4
47
33
21
29
13
9
3
16
21
36
14
15
22
0
1
43
15
31
26
33
43
9
19
23
20
41
7
0
20
7
59
33
23
40
8
7
36
19
2
16
33
36
23
23
8
17
5
22
1
24
17
3
14
7
33
12
25
11
27
22
7
11
9
19
26
24
10
19
7
1
14
17
0
16
13
39
17
38
2
17
30
4
17
21
20
6
9
13
53
28
44
16
29
6
2
41
5
16
19
21
17
26
6
23
4
11
15
2
30
16
13
7
34
13
16
17
3
47
10
0
14
22
13
14
22
14
26
15
3
1
7
28
27
35
1
15
20
18
20
10
2
17
3
56
22
27
34
31
15
18
10
27
8
6
30
40
32
4
7
41
12
2
7
33
23
20
17
6
9
20
5
27
10
7
21
15
14
2
17
22
3
30
26
11
2
10
12
20
12
45
44
21
7
9
45
8
42
36
11
61
10
4
40
10
13
23
20
8
27
22
10
24
38
7
5
48
14
13
3
18
28
4
51
13
11
4
2
22
27
7
26
19
27
12
20
34
15
28
30
25
4
12
19
2
27
19
3
8
21
16
20
47
14
5
38
31
3
17
0
30
24
29
16
40
28
18
9
3
16
8
17
2
37
2
12
50
58
19
17
14
42
3
31
9
21
6
22
20
9
1
0
19
0
4
12
12
16
14
17
5
27
3
16
28
21
3
0
2
32
8
25
8
29
24
29
32
6
7
2
5
20
4
35
25
9
26
7
15
1
14
4
8
4
3
18
7
31
3
15
6
6
40
2
11
6
17
24
16
10
16
9
30
1
15
34
2
1
15
11
7
7
45
12
14
31
5
13
3
8
7
16
7
32
17
1
15
9
5
2
12
19
14
8
0
6
14
10
1
21
33
3
3
19
30
5
5
22
16
14
12
23
13
21
3
6
4
9
0
0
6
6
13
8
8
16
13
5
15
8
14
9
20
23
20
13
9
9
26
7
37
11
19
4
4
28
20
11
33
14
10
12
16
8
5
0
9
19
2
17
1
10
9
12
14
12
4
2
20
25
9
3
36
7
7
13
4
3
4
10
37
14
25
0
15
0
3
4
2
21
20
41
1
16
8
19
15
0
7
4
7
40
4
5
8
21
25
15
7
9
9
11
12
7
5
4
29
3
4
16
8
5
20
15
8
12
34
2
24
14
21
17
13
1
13
6
1
9
26
6
0
16
5
39
3
22
10
9
21
1
20
2
3
9
22
13
20
3
9
20
16
6
16
4
4
6
6
3
14
24
12
6
17
19
4
14
5
14
1
8
3
13
3
21
2
5
12
14
11
14
21
16
9
5
10
18
11
6
22
9
1
4
14
1
9
39
1
8
12
27
0
11
0
13
6
13
7
6
11
13
7
15
3
5
8
8
12
12
3
8
7
7
15
7
10
9
6
6
3
5
9
11
20
3
7
6
13
1
7
6
8
11
5
1
9
3
6
8
8
6
10
0
3
6
9
9
3
8
1
9
13
1
21
7
11
6
8
1
4
17
9
2
4
2
7
2
11
3
4
0
8
27
4
1
6
9
6
12
1
15
2
10
1
4
1
7
13
12
5
5
1
5
8
2
0
6
2
6
4
2
4
11
14
2
5
2
13
1
4
3
0
3
1
0
6
2
2
4
3
11
4
2
5
1
1
4
0
3
3
5
2
1
1
0
