17
51
55
2
1
92
63
15
30
14
79
10
10
32
35
12
64
25
6
14
15
12
63
16
8
35
6
16
20
11
15
32
59
21
3
23
19
33
13
29
6
67
36
34
30
65
48
1
44
49
21
52
48
3
1
33
5
71
20
50
12
33
36
12
61
9
5
55
38
3
42
81
54
42
7
10
63
76
71
2
21
62
41
86
34
60
13
120
92
78
11
72
41
81
22
56
64
21
62
76
1
34
38
56
42
33
6
70
21
14
105
16
22
8
71
47
23
5
43
26
22
34
9
39
170
19
40
83
57
17
37
13
16
68
49
33
66
38
40
63
9
0
31
45
3
40
44
48
11
12
37
30
76
57
35
35
80
25
127
1
10
57
35
19
55
29
32
65
51
21
35
35
76
137
56
45
47
10
82
96
73
10
26
18
57
85
23
1
39
13
68
25
8
58
40
33
32
15
26
6
18
53
76
60
17
65
85
80
87
59
39
13
27
24
18
19
32
0
136
36
29
107
30
21
44
37
38
1
38
9
96
34
60
2
56
16
3
119
4
33
61
16
85
119
3
11
90
7
35
1
59
62
96
43
50
12
17
27
85
7
153
37
82
19
68
54
63
21
30
47
76
49
16
44
60
76
14
10
5
7
13
29
32
14
64
62
25
48
41
58
15
16
15
40
47
21
91
17
22
29
3
2
49
50
36
1
12
141
16
14
29
9
34
52
5
10
8
58
41
74
23
18
23
15
94
49
147
12
35
20
39
115
5
19
22
16
5
37
49
59
29
16
8
2
65
29
31
40
63
92
37
55
2
11
1
51
4
24
67
37
22
90
16
49
9
38
27
22
47
77
35
71
25
72
89
58
52
35
31
45
15
8
50
87
43
82
123
32
20
44
24
8
8
28
67
33
5
14
28
31
28
61
13
32
152
83
41
97
4
66
8
12
45
55
22
49
34
46
18
86
37
43
56
14
53
58
32
66
48
12
51
56
48
81
44
47
2
51
31
52
68
71
22
63
22
10
22
53
1
58
49
41
46
44
14
1
122
3
63
41
84
18
62
47
62
6
13
22
38
42
31
97
41
75
13
41
44
106
88
50
7
5
36
10
10
37
52
157
40
72
18
48
66
26
7
29
6
136
17
16
82
6
58
45
45
85
4
40
97
6
50
21
24
76
25
33
14
49
14
54
32
47
71
1
7
44
9
6
52
12
61
34
43
17
15
12
28
39
25
72
62
46
6
0
24
56
19
47
82
24
94
6
47
78
3
71
104
172
65
6
6
54
29
26
87
53
70
36
84
27
30
100
72
31
4
67
51
18
34
16
88
28
47
66
3
51
24
58
47
17
0
69
7
20
22
9
29
10
43
75
50
34
8
8
6
13
5
14
47
65
4
40
79
21
28
70
6
132
44
57
111
38
29
43
45
14
46
81
21
41
50
41
58
15
22
15
25
53
29
14
79
24
2
69
21
53
58
6
9
19
0
45
18
29
30
68
10
14
116
7
61
27
25
27
90
40
7
35
91
61
25
12
54
43
77
56
11
23
51
2
16
13
7
36
60
18
19
24
59
46
9
6
64
62
16
24
2
17
19
92
42
32
6
60
21
2
40
7
9
27
170
9
37
38
29
10
45
151
14
10
8
32
30
18
10
87
47
60
1
41
49
61
116
44
30
45
67
28
35
44
69
10
22
57
1
30
40
83
4
34
10
16
59
3
24
46
57
47
13
66
12
37
49
3
44
19
28
14
34
45
66
58
71
1
84
64
77
55
44
7
56
1
8
41
14
38
8
55
124
9
10
73
59
14
104
49
64
30
36
22
43
25
74
8
30
36
1
48
25
8
38
53
3
49
119
105
34
2
59
78
97
68
85
24
22
29
43
34
59
73
20
79
94
40
6
35
76
92
51
36
101
91
36
62
13
7
72
41
19
60
38
59
28
30
53
16
108
81
23
83
27
87
17
24
66
6
81
13
35
32
52
15
105
6
51
9
17
53
107
89
28
38
66
57
39
53
25
40
48
1
11
103
61
88
45
2
25
59
7
131
34
29
39
21
8
108
86
42
33
18
41
32
27
28
50
15
12
63
52
41
16
29
87
35
17
51
10
5
7
65
53
5
14
77
20
15
1
86
27
85
83
76
4
28
93
5
42
16
14
5
62
57
86
29
32
29
43
33
21
43
65
17
35
9
23
96
37
58
12
50
25
25
58
10
15
23
19
99
20
48
69
16
57
7
21
7
14
60
17
88
41
18
31
23
20
79
117
102
76
44
11
11
55
16
41
58
86
63
99
39
18
7
45
18
6
109
3
48
43
15
14
55
50
60
32
17
58
26
84
75
20
10
29
93
19
43
26
38
47
23
29
34
55
50
31
6
54
22
2
30
9
17
68
27
14
47
23
22
53
64
59
52
5
83
35
51
32
53
46
2
51
76
19
72
27
52
40
47
11
37
18
57
18
97
56
11
30
3
6
1
47
52
66
64
36
14
17
32
57
200
34
25
21
101
50
58
102
70
14
6
78
30
17
40
69
17
40
18
7
24
16
28
45
79
39
73
39
19
37
14
63
30
22
35
29
75
19
23
93
25
22
149
28
44
63
66
15
67
45
12
73
46
18
8
49
27
34
24
52
73
50
26
11
15
36
13
17
17
113
16
49
12
27
26
28
13
10
17
13
38
48
4
38
23
48
35
44
91
60
66
60
51
88
23
16
45
17
22
23
46
11
94
60
35
2
65
37
68
14
35
31
18
17
15
25
44
53
59
77
10
6
25
68
37
12
13
8
9
40
50
25
55
55
101
20
0
50
38
63
88
24
44
67
72
63
17
57
16
4
5
8
43
37
63
11
11
25
56
68
2
4
89
19
62
10
110
6
29
28
36
3
10
72
24
82
29
52
30
28
33
109
18
20
6
49
32
34
55
70
15
8
64
51
68
70
19
44
97
5
32
49
18
4
17
1
63
24
36
3
60
50
4
12
49
18
27
19
10
28
25
55
84
39
1
33
2
38
73
42
56
144
6
45
65
7
13
26
45
61
42
72
46
25
42
9
39
5
39
64
23
24
33
67
34
38
44
64
5
20
12
18
40
44
3
56
20
27
28
50
82
3
58
9
31
70
46
38
73
33
55
74
30
45
59
40
46
19
37
76
12
36
5
33
34
21
3
13
61
35
24
57
46
0
6
24
2
49
25
61
8
15
21
7
25
26
66
19
26
31
85
32
11
57
47
32
36
18
36
44
47
54
32
76
19
74
7
33
62
7
26
25
2
40
3
65
10
32
25
18
15
47
133
47
43
20
32
11
41
22
0
27
40
36
6
18
9
14
20
48
93
33
8
43
32
66
13
14
40
1
10
9
0
10
40
4
16
101
71
3
37
31
23
26
24
30
34
49
49
8
34
19
2
2
18
28
38
53
23
10
14
25
103
39
38
41
11
9
51
35
26
62
54
20
56
76
11
66
9
6
24
4
28
84
66
27
46
29
26
27
9
83
8
56
27
61
51
43
112
22
20
28
42
33
22
20
56
28
45
2
49
87
16
32
16
18
36
17
47
11
39
73
2
34
7
37
22
4
33
34
23
41
12
37
33
30
44
59
51
46
9
30
126
33
2
30
17
13
45
81
36
8
40
37
24
37
29
22
12
12
56
4
14
33
34
12
53
26
14
42
48
24
35
138
51
40
12
0
118
6
8
64
63
54
47
53
27
29
8
62
64
0
50
39
6
13
6
31
43
47
3
20
12
0
25
66
23
52
9
41
130
26
37
33
49
28
17
13
14
155
21
43
64
5
40
19
27
2
29
54
9
74
23
11
27
8
26
36
36
88
21
26
29
23
23
25
36
35
24
44
81
39
17
91
20
4
30
77
22
24
51
13
6
26
16
13
73
11
45
18
6
31
41
24
22
88
25
27
32
35
15
0
63
24
7
63
45
40
64
29
35
9
19
105
1
50
76
74
31
17
49
43
6
26
15
18
21
38
13
13
15
36
18
38
65
149
43
51
71
9
21
9
19
31
9
45
38
40
58
45
32
29
6
48
10
26
30
58
16
21
25
8
26
41
8
33
7
36
34
8
13
34
30
40
34
52
18
25
28
17
13
1
16
10
5
15
62
56
8
11
9
16
29
22
77
10
12
21
25
12
39
13
5
88
7
50
36
51
16
1
15
106
41
25
3
5
0
41
46
12
9
41
22
49
58
6
10
24
2
6
8
30
20
37
21
62
42
38
12
29
41
55
12
13
4
51
19
10
8
44
30
94
70
6
8
23
30
9
11
10
13
33
54
11
88
20
76
32
34
23
40
29
80
38
53
1
68
20
18
11
90
40
42
21
18
10
44
19
21
26
1
14
22
48
47
8
24
14
25
4
5
49
24
12
29
40
13
50
17
76
62
4
71
17
87
34
32
16
27
16
35
52
62
17
23
17
101
48
4
17
48
30
122
10
7
36
20
3
10
51
74
32
48
12
38
44
55
49
11
36
11
39
66
3
32
4
52
53
8
50
75
4
10
34
4
22
38
4
29
23
48
31
33
25
5
1
5
17
42
32
42
6
11
7
41
68
39
85
8
27
11
55
28
31
2
17
38
2
80
14
57
51
49
36
4
14
9
88
36
28
17
17
37
85
50
38
28
61
26
8
45
8
52
20
41
19
22
41
4
79
39
9
6
26
57
51
82
16
87
15
11
11
9
100
0
22
51
52
12
6
5
12
19
11
6
7
20
7
20
93
47
39
6
31
25
4
62
14
21
24
16
52
41
29
8
14
38
26
6
36
63
52
19
15
33
0
52
98
21
8
34
12
52
6
17
13
15
15
21
7
30
51
10
24
14
15
23
49
17
51
10
11
19
39
24
56
11
8
8
44
10
80
18
95
51
56
34
88
6
49
17
35
9
14
15
17
25
16
26
28
37
9
30
5
18
57
31
64
12
5
9
5
77
30
20
13
39
33
8
16
61
22
9
22
60
8
61
37
20
25
27
8
23
28
51
24
11
21
15
16
27
46
12
28
22
69
30
31
38
54
58
23
1
9
19
6
14
26
25
21
63
43
6
31
24
89
16
2
18
12
49
42
28
33
2
26
7
41
61
20
0
23
39
83
40
15
34
30
63
22
19
45
24
3
53
59
30
53
21
36
20
5
23
49
30
9
14
3
8
24
61
17
14
23
1
49
14
18
16
59
15
11
29
14
7
19
29
20
26
32
51
29
21
45
17
6
21
35
26
16
18
4
15
13
53
29
0
2
10
16
35
15
25
11
16
15
18
11
32
34
39
70
0
10
5
2
22
42
16
26
35
4
40
3
21
36
11
40
4
64
85
27
60
21
37
22
3
58
6
3
34
2
20
43
93
47
16
32
25
8
9
46
13
54
12
5
29
41
5
1
37
20
18
34
24
36
39
21
2
21
51
19
17
22
2
7
20
1
12
12
4
28
4
18
26
0
22
8
10
15
45
16
30
32
29
12
34
41
26
12
29
25
53
3
34
41
37
25
5
20
34
19
2
56
19
4
28
34
32
23
39
58
20
57
11
18
49
8
22
32
14
32
23
39
0
52
15
22
11
15
1
19
70
32
41
39
40
16
25
13
32
2
7
24
11
3
41
1
32
22
13
9
34
76
32
2
4
50
11
13
62
28
9
33
2
22
18
58
17
8
16
64
7
11
10
22
28
19
24
41
25
7
51
81
34
11
7
11
6
1
80
8
32
18
36
22
7
30
28
43
57
33
6
8
13
11
14
26
45
20
37
15
10
1
27
9
22
29
25
4
46
20
45
29
10
15
56
13
8
8
9
31
13
1
26
10
1
14
17
42
31
15
14
7
10
32
26
69
32
5
21
11
26
38
30
5
23
2
16
69
16
3
23
32
16
23
8
14
3
20
71
16
34
68
1
24
56
18
19
19
13
2
30
1
41
3
11
22
19
38
61
12
29
55
39
32
1
50
2
16
47
33
32
26
36
4
10
46
25
17
0
4
26
13
5
9
6
21
6
43
29
4
14
19
31
36
8
7
15
15
19
52
52
4
1
12
9
50
25
25
4
15
11
15
3
34
8
16
58
47
11
44
5
8
31
5
59
63
6
54
31
19
32
20
4
40
1
39
4
10
16
25
26
5
37
6
31
6
13
25
37
6
22
2
41
7
5
11
10
27
12
18
20
5
4
39
3
38
21
19
3
37
32
27
42
65
32
30
40
27
0
2
37
5
17
26
44
17
1
31
54
30
22
31
29
15
9
25
27
30
16
15
54
20
38
1
8
41
22
59
22
6
10
20
43
6
25
19
26
34
32
57
25
33
44
4
50
26
18
26
27
20
9
17
32
20
37
43
2
4
7
45
23
40
37
4
72
10
13
18
6
0
39
26
42
2
28
13
6
8
2
23
33
16
5
9
32
32
26
9
3
0
27
34
44
12
15
34
2
61
9
51
5
57
22
13
27
33
12
14
14
19
35
9
6
3
18
11
11
13
6
11
29
24
33
4
3
18
7
16
14
1
39
6
1
33
17
4
11
15
42
23
17
2
7
1
6
3
31
13
8
44
29
19
5
7
14
1
31
16
26
43
57
29
42
14
11
9
5
8
20
23
16
7
5
8
26
12
5
40
17
54
46
14
53
24
24
0
3
26
22
8
31
50
35
26
0
1
45
33
23
25
2
39
24
1
28
4
18
40
17
27
5
32
28
7
25
14
16
12
15
19
2
22
33
2
20
11
10
55
2
19
1
14
41
7
1
18
31
5
2
7
18
30
30
25
10
22
25
14
20
8
1
18
25
5
13
55
7
5
8
22
4
18
3
3
29
23
46
21
12
14
16
3
8
15
10
15
9
15
28
12
15
13
31
13
11
13
3
12
2
20
14
27
14
26
2
2
27
8
20
17
1
29
10
4
29
5
5
56
0
22
10
9
31
4
28
9
0
14
9
4
6
15
27
27
17
0
22
5
0
3
15
26
28
4
12
16
3
7
18
18
18
9
11
1
13
2
26
1
14
19
2
12
7
10
16
2
16
16
9
2
5
7
20
17
2
28
4
22
13
26
29
13
9
24
5
6
9
7
14
16
7
46
1
9
4
27
32
10
5
3
14
13
30
2
18
20
4
22
4
40
0
32
12
7
15
3
5
9
37
33
14
14
5
7
2
25
11
28
3
18
14
8
28
17
40
22
1
20
2
6
24
14
2
10
4
7
16
9
9
5
11
32
11
45
34
8
11
8
2
12
11
8
4
21
9
21
3
16
32
6
17
3
26
15
16
5
6
18
6
28
16
5
1
20
5
6
8
10
5
12
4
27
12
9
2
14
8
15
0
3
15
20
5
9
6
26
12
12
3
1
5
5
9
28
2
1
14
12
3
2
7
26
23
15
0
5
10
4
4
4
8
14
7
18
5
8
5
12
3
19
13
13
9
12
18
11
1
7
11
7
4
10
0
20
11
11
8
7
16
6
3
1
5
9
5
1
1
1
9
6
10
9
6
10
0
4
4
1
8
16
9
7
3
2
0
2
8
10
2
11
12
6
9
4
3
2
2
15
1
9
6
14
2
0
12
6
2
16
3
2
0
2
18
3
18
7
7
1
6
0
2
7
4
5
12
4
9
2
8
2
5
4
2
9
3
2
5
3
6
6
6
3
6
10
6
6
9
2
2
3
4
10
9
11
6
5
1
1
1
12
9
4
4
2
4
4
4
4
2
2
4
2
5
1
2
0
0
0
0
