36
42
24
14
18
14
10
26
0
15
27
0
83
5
31
5
54
29
16
94
15
82
74
77
19
62
21
4
39
62
33
31
3
26
18
69
27
19
24
38
11
73
76
22
14
48
44
47
6
66
7
21
21
58
38
57
1
21
8
50
50
8
36
24
17
17
25
25
68
94
1
7
68
53
42
16
140
50
41
0
55
84
33
3
89
2
31
11
63
18
16
10
32
43
84
33
25
44
13
106
88
44
79
15
116
84
14
25
18
74
95
98
68
14
17
71
37
77
80
33
9
17
46
56
72
41
62
124
93
7
16
33
35
98
15
13
130
12
56
66
51
14
40
68
55
87
51
27
87
84
122
16
107
32
15
32
21
123
98
111
18
56
85
49
58
19
100
71
2
67
37
5
111
105
2
40
21
77
32
6
18
65
63
26
18
49
35
19
12
28
11
33
0
30
86
0
59
36
44
42
49
83
12
48
22
34
56
14
39
49
76
75
1
51
20
63
57
74
72
95
29
2
6
67
13
101
26
3
66
78
32
6
10
68
6
55
7
90
31
8
45
32
70
25
36
15
3
13
30
62
42
19
25
63
79
38
10
47
7
37
19
68
91
26
29
22
62
2
5
127
81
127
5
1
24
14
34
137
4
33
51
5
15
22
26
32
41
32
17
37
2
28
3
90
24
5
19
167
1
89
10
9
85
66
95
48
28
16
95
83
62
40
60
52
50
65
98
107
43
3
10
10
31
22
15
33
23
46
5
69
70
20
7
46
79
3
62
83
29
18
36
3
87
1
88
28
76
10
73
46
23
32
30
98
32
1
50
49
82
79
44
81
28
11
120
40
20
58
20
70
4
26
29
38
75
13
83
110
44
39
4
11
35
27
48
42
27
32
86
30
70
89
14
17
54
55
29
2
74
57
57
30
82
90
76
12
109
27
60
57
59
15
33
32
9
65
27
49
11
11
14
68
94
78
36
85
57
138
17
88
49
78
5
86
1
85
5
28
86
7
24
56
23
68
91
121
40
70
125
28
106
46
22
133
18
35
28
10
15
95
100
68
18
45
24
10
75
15
147
22
22
8
10
81
111
89
83
35
66
5
1
66
12
15
15
6
33
12
37
54
39
12
14
79
47
18
102
21
20
109
123
47
24
87
48
64
99
104
47
82
39
11
46
70
48
13
38
34
89
42
54
115
0
57
21
202
121
125
22
67
64
51
25
84
27
40
31
5
28
15
19
67
51
11
40
87
33
70
34
20
12
90
29
24
24
9
16
53
73
51
43
9
6
61
7
38
29
74
70
55
28
99
28
52
93
15
23
38
47
11
42
52
1
0
48
0
74
1
45
26
86
30
21
26
7
62
48
101
68
24
91
11
108
46
101
68
38
33
85
6
34
50
3
32
6
66
27
30
19
15
109
4
76
79
40
6
3
122
2
80
6
25
51
15
123
97
22
41
38
13
129
128
29
46
11
67
112
100
36
7
1
14
25
37
33
46
97
8
41
22
9
25
29
61
32
24
13
23
20
4
7
44
39
15
23
48
16
11
145
25
5
45
132
34
22
93
95
9
112
7
55
9
20
42
28
68
53
54
4
11
19
19
17
27
62
9
58
85
28
3
77
13
42
35
20
80
45
120
98
60
21
22
2
16
34
79
74
48
32
56
2
103
40
17
20
32
4
13
70
5
16
8
4
91
55
32
57
35
30
2
60
14
7
20
29
121
109
37
63
28
5
12
97
48
83
15
14
9
28
7
27
3
31
134
19
23
95
36
7
29
70
50
132
62
10
84
32
75
54
115
7
87
4
19
72
78
12
4
59
46
54
78
66
25
67
28
127
37
103
15
19
45
81
75
106
67
4
13
14
10
26
6
42
34
28
50
66
59
4
30
5
38
1
55
94
63
94
69
43
32
4
19
35
10
82
69
64
25
58
38
8
43
5
74
46
30
75
21
44
42
62
17
95
82
40
79
64
61
51
50
31
13
11
38
18
78
31
20
44
2
0
55
19
32
69
9
95
38
46
1
20
5
44
25
8
0
12
30
46
21
12
82
74
2
99
36
15
35
68
56
72
19
29
96
73
72
16
96
33
78
6
63
47
32
42
2
23
72
19
11
80
0
45
62
59
6
27
72
64
2
0
24
26
40
41
28
4
41
12
50
36
55
102
32
44
38
133
32
45
21
10
26
8
39
21
2
87
112
10
80
1
93
19
32
28
16
25
79
3
31
55
33
26
116
110
9
25
8
52
28
20
78
66
19
79
80
57
5
1
24
28
11
6
21
19
45
42
22
29
47
6
23
65
19
29
4
59
5
3
19
62
5
5
22
79
26
67
35
26
21
23
113
0
26
96
2
16
7
33
19
88
59
11
93
61
5
25
150
51
21
11
32
8
7
89
60
38
30
42
57
92
37
2
38
14
43
17
3
72
73
25
40
30
5
36
42
63
53
13
17
21
28
34
88
50
28
39
46
52
28
6
10
9
1
75
60
23
6
58
27
18
9
49
29
23
27
4
22
18
44
9
46
60
20
8
8
50
28
12
47
73
5
67
45
18
23
78
4
40
23
77
29
41
2
67
27
24
102
14
45
72
77
43
23
2
40
42
0
71
45
68
31
24
42
11
88
44
57
82
5
74
98
93
55
67
29
12
38
61
36
40
54
50
35
1
15
79
10
39
3
19
4
1
46
104
35
75
52
9
38
133
49
43
20
24
35
59
19
39
54
11
18
55
34
44
19
40
15
28
95
78
153
45
7
42
8
118
51
97
20
46
3
29
19
61
16
43
27
17
38
11
33
36
71
9
2
2
46
17
33
62
61
40
40
6
104
70
20
31
80
3
58
21
1
39
8
50
83
9
24
60
5
4
19
87
2
40
9
51
75
7
18
24
24
21
46
27
45
35
8
15
42
55
68
6
6
47
11
13
62
62
133
80
19
37
37
39
23
29
31
30
65
2
39
70
9
98
3
2
34
39
30
31
25
20
31
1
8
49
27
40
43
13
27
65
7
51
25
47
24
86
110
30
32
6
75
50
88
50
6
29
58
31
25
62
18
22
55
22
2
11
106
30
38
75
38
20
2
21
74
34
59
45
38
65
57
14
21
91
50
108
15
32
43
7
15
20
19
19
49
23
17
19
76
103
59
13
90
48
86
30
36
8
9
45
15
11
15
34
25
58
2
67
11
39
25
41
53
62
46
17
37
17
30
90
4
55
64
45
1
33
21
27
31
37
65
48
8
56
81
13
17
23
43
29
93
14
11
25
23
19
59
46
24
49
15
57
10
66
73
24
7
14
19
48
84
4
12
20
28
19
46
94
61
25
3
57
45
31
44
18
45
46
19
23
23
23
21
47
7
72
3
85
63
13
39
22
14
65
81
97
12
77
17
44
38
5
8
1
4
76
73
21
76
30
65
41
54
2
7
59
1
25
100
25
7
79
37
1
17
24
130
40
50
34
92
55
1
12
47
51
33
5
37
51
14
8
6
23
17
31
11
54
46
31
34
52
30
75
4
9
65
19
15
69
4
14
3
16
31
13
11
69
10
50
36
11
10
8
33
7
28
6
33
41
39
25
35
25
24
45
89
33
18
1
7
64
30
0
57
70
49
8
40
13
13
40
61
40
69
31
17
99
56
78
40
7
16
21
54
16
24
85
92
23
11
24
34
46
5
12
1
17
39
38
43
5
29
70
31
26
21
13
85
10
6
17
44
117
28
101
13
104
38
37
36
30
60
37
112
70
15
37
35
7
7
63
56
28
41
49
80
90
102
15
1
32
30
60
70
50
16
45
13
32
16
11
15
1
32
55
6
63
13
19
32
29
9
16
6
18
11
20
26
35
98
50
18
4
22
26
36
27
27
84
22
31
59
25
7
7
66
14
20
10
45
45
33
26
75
5
46
42
50
81
94
11
58
20
19
31
0
21
92
44
7
84
62
52
15
86
19
28
29
6
44
6
15
59
42
1
31
45
80
5
47
70
22
56
42
80
15
41
24
14
59
13
31
3
26
63
3
23
31
40
11
49
8
60
56
50
31
13
8
20
1
60
30
43
4
10
13
23
42
40
12
66
53
26
41
8
5
46
67
38
11
38
12
61
47
28
16
2
46
51
77
25
8
33
6
5
29
6
55
23
54
20
85
27
8
13
39
53
62
23
30
63
5
16
25
97
17
52
47
7
51
26
59
6
33
7
77
17
65
32
21
19
57
77
32
44
25
9
1
23
47
66
5
7
16
10
25
9
24
35
27
49
54
10
34
75
47
58
10
7
74
19
14
49
37
23
72
24
41
80
30
20
14
15
43
31
8
30
43
39
2
1
26
48
51
14
30
27
84
8
41
50
13
32
30
7
11
19
29
9
80
24
67
41
32
8
3
15
45
77
27
37
27
10
22
11
5
8
21
91
3
22
2
46
40
92
49
33
32
70
21
6
53
23
59
40
17
11
49
45
51
43
57
65
36
69
22
51
33
56
20
4
41
5
25
34
1
7
31
26
32
10
26
14
1
9
4
33
3
22
14
15
20
31
31
21
35
73
12
42
12
53
50
110
6
26
14
33
24
53
45
74
10
20
32
21
29
24
22
1
52
25
56
25
42
65
12
22
11
21
28
8
8
11
47
32
13
37
12
30
36
62
0
4
1
10
2
21
27
6
15
11
0
2
33
40
75
3
72
11
24
62
51
36
5
4
42
35
5
9
13
44
19
17
20
46
46
76
27
11
13
35
45
17
15
15
10
7
24
36
27
10
32
13
102
54
15
9
21
20
2
68
39
78
66
1
8
60
22
1
24
18
15
5
9
5
52
35
8
36
29
32
33
36
24
35
52
11
46
22
28
49
7
26
2
2
18
15
44
10
0
22
77
31
41
34
42
40
2
4
6
74
34
4
59
16
3
26
21
36
89
30
70
21
6
25
38
24
14
25
49
9
20
18
1
10
21
68
36
18
12
17
44
7
7
19
39
3
56
54
28
15
2
47
22
14
2
8
13
4
5
7
69
30
87
25
5
14
25
2
26
32
12
9
43
13
0
7
16
47
10
29
31
18
5
22
25
41
31
63
37
18
17
42
6
42
12
7
48
40
40
9
3
9
8
36
23
22
36
4
13
39
66
40
3
9
71
30
46
2
43
3
27
25
44
30
7
36
23
9
15
29
27
18
4
3
5
23
47
19
57
38
8
64
19
29
11
50
25
16
3
1
6
16
35
16
32
11
19
16
44
43
2
66
36
17
35
25
13
54
10
8
1
64
29
32
6
21
14
8
19
59
14
47
18
1
1
40
7
27
18
19
19
67
24
5
17
31
44
10
22
12
7
39
11
21
52
16
2
16
20
7
0
15
47
54
2
1
27
34
14
5
15
2
17
59
31
55
4
20
63
10
42
2
57
75
30
50
2
23
64
47
59
26
40
76
2
14
27
43
6
3
11
30
65
12
15
23
11
20
17
6
19
23
39
15
28
43
33
91
30
51
21
4
55
57
21
12
14
33
28
14
4
13
16
59
13
19
22
22
8
47
28
4
5
76
6
8
10
17
2
62
18
42
32
3
53
2
14
26
13
51
7
28
7
30
111
41
83
6
6
5
35
55
9
19
67
20
15
8
54
13
1
9
22
57
10
1
34
11
81
29
47
16
23
33
12
5
26
79
20
17
17
23
9
24
6
9
14
12
68
69
3
22
13
27
8
20
22
35
21
32
1
12
14
2
5
23
12
30
37
41
41
25
9
64
12
7
39
72
4
37
9
33
33
30
17
2
18
35
34
46
51
9
49
53
53
13
26
8
23
15
28
58
26
91
6
14
21
16
7
27
23
1
28
5
7
21
13
59
14
14
35
15
9
4
39
64
44
30
30
8
52
2
29
36
35
8
6
42
10
15
5
39
52
26
3
19
8
22
21
1
41
43
9
60
41
22
2
19
38
5
0
3
28
14
9
14
2
37
15
7
14
0
12
40
0
43
20
13
3
12
43
49
43
31
7
20
42
21
9
31
44
61
1
18
13
6
20
45
47
29
17
5
29
18
0
19
23
22
5
34
14
45
32
41
23
32
18
37
3
46
53
29
34
54
33
13
26
44
20
16
3
42
13
37
24
16
17
25
33
10
22
34
20
3
45
51
6
8
21
23
30
57
8
12
40
23
30
7
9
22
24
11
29
4
2
3
88
6
59
67
7
19
6
9
87
16
7
11
6
6
45
33
57
38
19
10
30
5
34
15
35
20
34
6
18
5
21
47
3
35
31
4
3
25
15
26
31
9
32
47
1
19
2
2
10
29
23
5
6
29
18
8
28
22
15
27
24
28
29
24
4
5
34
10
2
29
9
17
16
32
31
2
43
18
3
27
13
25
13
13
21
14
48
11
3
17
23
3
71
48
37
14
2
5
1
8
39
20
1
6
32
47
6
24
15
13
39
16
14
12
13
6
4
37
7
9
18
21
38
5
67
72
18
8
5
3
5
14
2
59
6
45
47
6
24
14
26
13
25
15
14
16
22
36
4
22
9
10
5
60
20
39
19
7
18
55
68
4
39
7
34
16
15
3
22
49
55
6
6
20
2
8
3
8
8
41
10
2
34
18
20
19
18
19
33
14
2
21
15
2
14
11
0
8
16
5
3
45
2
61
24
21
5
16
7
7
11
6
44
15
45
4
27
1
18
16
38
10
18
36
26
4
7
4
11
24
15
9
8
48
32
26
29
11
0
29
15
20
18
4
12
21
9
13
6
8
2
5
29
12
10
43
29
22
28
8
2
12
15
17
6
42
2
38
15
3
15
17
5
12
11
13
23
2
43
39
2
15
9
0
10
7
16
38
2
13
19
11
5
2
15
26
27
22
5
8
14
4
4
10
20
5
2
29
4
7
24
26
28
18
8
14
1
28
6
9
26
6
1
22
15
14
2
26
6
30
21
18
35
10
12
40
1
36
21
9
20
4
23
7
26
13
4
21
1
21
9
44
19
9
2
26
13
1
20
4
12
1
10
6
3
6
9
25
4
14
13
5
1
13
32
7
29
12
14
8
6
27
26
7
7
17
26
9
13
9
6
25
25
32
6
10
32
15
26
10
6
15
18
1
19
12
8
8
27
5
16
5
13
34
23
2
20
19
12
16
33
3
10
23
19
18
29
5
7
10
1
3
18
24
7
13
16
6
3
28
0
5
19
4
6
35
9
23
9
12
8
15
1
24
5
22
7
1
14
9
27
2
50
8
22
20
1
8
16
7
9
15
8
19
2
5
7
4
0
12
3
21
8
11
4
3
1
10
14
21
8
4
8
26
1
10
20
8
17
7
7
5
6
13
23
25
2
2
1
7
18
12
23
12
16
1
20
1
1
0
16
2
1
10
2
14
5
0
5
7
27
9
7
4
22
24
10
1
20
15
7
0
10
14
24
1
4
1
5
25
5
1
18
24
7
12
3
15
16
7
11
12
11
4
19
2
9
3
19
12
8
5
25
11
14
10
3
7
6
11
30
2
13
3
2
16
2
14
3
14
2
7
12
0
0
13
17
2
9
3
10
10
25
1
5
13
8
7
8
4
1
8
9
5
15
17
4
16
2
12
14
4
11
14
1
2
7
3
6
22
15
5
10
15
8
5
16
11
10
7
5
8
5
2
10
7
15
4
9
9
4
6
8
3
1
2
3
0
4
1
5
11
1
1
4
1
8
1
1
6
2
0
1
3
5
3
1
8
5
3
3
1
1
1
8
4
0
5
1
4
1
3
2
0
0
0
0
