64
7
33
76
120
110
15
3
3
87
26
1
29
11
24
83
73
55
77
6
109
104
5
53
24
25
11
46
5
28
24
20
30
30
32
49
22
38
17
19
59
15
4
59
15
4
36
71
46
19
15
35
5
28
1
15
61
86
55
49
17
35
0
24
19
36
22
95
111
82
36
2
84
1
67
21
10
66
75
50
48
55
65
64
17
76
6
69
47
42
14
20
79
22
61
73
35
53
56
87
63
93
20
6
17
12
76
76
27
29
103
1
47
25
50
86
51
103
78
8
28
36
81
32
64
18
49
4
96
46
43
16
90
81
46
49
99
23
37
48
20
93
62
43
47
117
59
116
18
61
5
2
47
14
71
93
16
51
34
111
10
68
57
68
3
34
88
1
25
13
40
38
14
19
41
31
1
43
122
59
1
39
16
3
58
44
12
92
79
4
58
15
76
34
22
13
3
57
113
89
0
20
31
90
39
25
115
75
105
119
99
49
66
11
28
78
24
6
28
56
26
103
33
100
12
56
9
22
33
33
4
43
32
12
43
37
21
29
17
47
21
63
27
15
47
126
28
98
2
35
22
1
74
42
33
132
9
1
17
5
53
19
93
65
44
12
30
16
116
93
32
1
3
1
30
4
13
15
46
80
5
49
7
70
11
46
62
20
12
25
26
63
10
146
115
11
85
46
17
7
32
2
37
98
110
24
72
10
36
50
47
71
39
5
55
22
25
21
53
3
53
9
17
6
40
5
35
23
8
4
3
88
62
25
97
84
26
55
4
51
72
16
23
42
4
39
11
44
42
1
1
5
5
75
119
25
25
3
74
68
78
42
0
73
25
13
55
31
17
48
41
59
79
40
30
3
63
3
7
91
88
32
20
85
51
89
25
188
9
74
58
54
31
49
21
72
33
86
87
6
42
6
45
56
79
22
46
40
9
115
10
11
70
50
11
94
60
36
52
24
52
30
83
38
49
15
64
54
36
23
60
10
8
82
43
59
83
80
22
11
14
8
82
10
34
26
49
35
54
48
22
40
81
26
1
65
52
14
24
38
2
5
74
1
40
47
30
8
142
11
93
14
39
61
73
92
26
36
59
126
3
80
102
65
30
4
55
75
57
45
24
59
109
7
10
11
100
111
105
1
80
93
35
24
18
68
60
29
20
53
1
37
95
88
4
16
9
20
40
3
32
29
21
2
48
38
61
43
68
34
41
28
14
27
10
14
2
20
62
55
18
27
22
20
55
6
50
9
102
70
94
48
26
37
78
61
21
17
5
19
54
55
24
33
14
3
114
80
55
11
26
22
47
49
23
115
50
36
75
62
41
9
94
2
45
28
44
55
10
17
91
78
27
49
9
45
73
48
105
47
2
5
28
57
30
33
123
20
53
66
141
4
39
23
3
27
6
26
42
12
37
67
87
59
43
5
53
38
24
102
57
4
84
24
35
53
41
12
46
39
111
36
32
19
75
4
14
66
9
21
9
21
59
10
70
16
40
9
7
127
27
20
77
118
6
28
111
88
3
21
8
35
132
65
15
126
64
68
97
29
18
27
53
47
34
67
11
8
52
27
22
58
6
38
47
84
13
3
14
5
36
17
45
19
61
61
21
15
89
1
7
27
13
6
71
124
52
18
62
46
67
22
62
56
31
46
74
6
27
32
46
52
38
63
0
34
26
23
8
17
73
13
43
23
12
19
98
42
85
3
10
7
64
24
134
34
8
74
9
19
54
38
6
32
73
12
4
52
66
62
30
40
15
57
16
13
6
8
36
5
65
26
30
69
149
44
13
60
38
14
2
24
48
13
11
23
3
22
47
66
2
55
127
115
87
14
66
31
35
104
8
26
86
63
43
16
44
5
29
13
40
29
26
15
65
102
29
3
31
92
82
60
6
157
59
47
6
1
64
38
27
17
1
23
10
14
37
37
2
26
56
0
4
18
45
6
47
63
4
46
97
40
35
120
6
14
31
6
42
59
44
17
77
21
21
121
59
46
107
16
67
91
13
14
3
7
26
2
30
64
63
54
23
7
67
43
56
41
2
71
19
74
65
23
21
57
39
79
35
3
23
32
48
22
82
24
24
0
40
98
1
21
13
89
36
6
15
3
93
15
26
18
16
32
16
29
5
46
30
5
32
97
52
29
10
35
8
30
82
75
35
134
14
96
35
10
0
15
83
91
35
31
57
12
12
31
17
80
36
40
7
14
2
45
20
2
11
40
67
72
64
1
41
57
15
21
40
65
78
37
107
13
63
15
31
12
31
13
109
6
5
30
14
26
31
56
51
40
46
12
91
30
72
12
89
66
36
38
59
27
62
7
44
30
13
34
68
14
30
11
48
62
5
43
29
56
65
46
50
36
75
125
55
4
14
109
3
32
25
1
38
11
81
2
33
81
23
25
28
49
38
61
5
51
43
9
26
32
34
7
58
6
51
45
4
73
26
104
18
38
56
97
36
36
75
42
39
23
12
10
129
1
21
18
34
0
9
21
31
42
20
32
53
73
39
33
76
71
56
35
24
17
3
21
49
73
20
33
5
30
6
1
102
30
32
77
12
65
21
31
121
10
34
40
28
11
73
6
16
0
8
46
54
79
27
54
25
31
7
2
38
28
9
43
21
116
29
90
16
22
2
19
22
2
56
61
12
24
38
25
51
11
10
26
14
9
4
20
5
7
10
8
40
72
35
29
14
52
53
121
46
52
109
24
24
12
22
70
12
31
34
56
70
27
58
53
2
38
10
4
80
11
28
59
49
4
37
8
10
14
49
62
6
16
31
24
22
30
24
26
56
47
9
87
89
111
24
60
32
56
3
59
32
76
50
37
41
2
70
58
0
27
55
58
27
20
47
55
8
74
25
12
18
47
32
34
10
34
10
27
49
30
11
59
10
21
31
7
15
60
53
5
17
41
42
13
48
72
54
10
26
26
46
4
10
57
45
64
73
63
27
6
67
65
11
91
29
72
58
97
3
1
71
79
125
15
12
62
92
73
52
54
34
18
3
25
50
58
1
17
33
12
26
3
98
2
17
33
94
40
9
26
37
17
21
12
6
88
58
24
52
60
40
5
23
126
104
66
70
35
86
59
41
45
42
23
35
61
10
5
47
20
8
11
16
5
15
5
16
35
53
53
38
91
31
77
77
8
77
7
27
46
8
46
1
14
30
24
43
64
16
122
16
11
7
14
16
14
1
57
56
0
30
26
13
7
122
76
41
85
40
24
31
38
40
32
3
29
28
19
116
9
4
34
75
23
11
43
73
8
14
9
12
8
20
61
8
4
43
11
46
10
63
38
16
69
73
27
7
14
3
40
5
49
13
25
9
1
34
38
126
46
54
60
14
3
39
33
26
32
25
3
46
47
10
47
13
5
7
51
28
17
34
12
15
42
34
87
94
5
64
22
53
38
12
20
62
10
21
33
49
72
44
18
0
17
27
68
17
82
111
18
54
13
47
111
55
7
42
40
61
72
11
13
0
10
17
15
14
26
57
43
98
13
23
34
64
15
17
41
115
7
69
4
44
55
17
75
27
24
12
19
38
5
13
30
6
34
14
1
8
22
20
48
0
19
10
20
31
67
8
36
37
20
31
3
78
131
30
25
19
11
13
12
34
68
47
76
12
90
42
21
2
14
4
55
7
40
16
3
3
8
12
20
29
40
79
11
58
32
18
41
41
6
2
10
4
14
67
16
70
1
5
11
56
44
43
17
58
23
52
19
58
18
6
32
9
32
19
37
24
20
51
0
28
91
13
49
10
13
6
38
111
22
16
20
69
44
95
18
44
54
32
45
58
64
20
38
8
42
16
48
9
11
3
30
5
6
39
49
22
33
26
5
44
61
37
114
74
10
21
0
46
1
29
21
13
21
43
35
44
23
9
88
36
5
64
43
2
62
7
15
29
25
2
54
16
84
72
18
18
108
33
34
59
33
22
6
33
49
5
24
3
46
37
8
18
64
33
9
17
42
22
37
20
40
5
4
29
17
69
45
21
8
51
29
36
11
7
30
63
9
10
14
48
35
29
14
5
28
35
73
3
18
14
4
23
38
8
19
9
25
14
58
32
72
14
34
21
7
45
93
35
79
29
48
9
16
39
17
60
13
15
21
24
2
64
19
33
6
49
0
69
92
28
1
52
44
10
60
10
18
82
59
50
21
17
2
21
5
37
21
45
10
53
28
60
41
69
21
9
16
44
16
46
25
7
25
2
1
5
39
12
57
60
17
7
5
52
4
10
27
30
2
12
29
23
0
7
36
0
5
39
1
34
21
36
105
15
4
40
41
80
22
42
49
15
22
16
42
62
6
19
9
25
13
4
19
45
55
46
22
17
42
48
1
15
7
69
73
23
69
52
12
63
57
17
26
0
24
54
18
42
9
70
0
13
12
2
5
45
40
19
51
2
30
40
14
5
46
49
12
14
45
4
9
4
6
38
19
22
6
25
87
69
20
17
54
7
31
25
9
43
46
27
33
17
19
31
24
8
40
14
10
12
66
34
69
34
22
38
19
18
45
20
14
33
33
22
61
11
24
96
33
33
23
13
61
64
7
13
20
5
26
8
36
34
60
59
33
50
11
23
15
22
61
8
5
15
15
11
42
16
51
8
23
13
72
13
16
42
36
8
33
75
18
16
25
65
32
41
61
2
43
23
62
14
28
7
12
23
49
19
61
62
41
36
10
15
6
4
30
32
1
110
23
21
66
36
42
11
8
20
26
13
25
44
60
29
3
8
15
1
51
24
31
15
62
10
4
20
14
35
32
62
75
16
9
8
10
32
74
13
6
56
40
29
21
47
3
17
17
12
54
39
26
47
22
100
20
17
37
71
2
6
2
6
2
50
29
14
15
19
16
1
27
23
20
60
66
18
15
12
44
15
37
10
46
49
34
4
11
9
30
84
34
54
10
34
6
36
46
20
19
50
28
47
10
0
30
34
6
41
10
35
6
15
3
28
45
22
33
40
14
29
13
0
4
12
37
10
53
53
14
1
24
6
24
34
39
75
16
7
65
6
64
31
5
31
10
39
15
46
51
52
20
9
25
34
2
26
22
45
95
7
22
13
12
43
41
27
2
54
32
16
2
29
58
30
23
32
21
92
26
17
33
16
3
6
99
18
34
16
13
27
15
22
4
47
8
31
46
7
10
70
9
25
35
16
31
62
66
26
5
14
12
33
29
27
42
3
53
62
70
61
44
27
73
31
2
8
2
9
10
14
18
16
7
14
25
25
5
21
4
33
49
14
49
31
2
29
32
14
25
25
21
19
41
9
8
15
41
32
3
19
5
6
39
9
18
24
0
55
32
23
5
14
31
5
30
74
57
15
28
19
30
32
45
34
6
27
13
3
9
32
38
17
5
4
37
22
20
17
47
6
24
5
45
53
50
25
61
30
53
0
19
23
8
20
27
6
3
29
3
6
7
5
36
36
0
23
19
33
17
127
25
4
61
38
30
7
43
1
8
32
59
2
32
9
23
12
4
41
8
10
14
17
20
60
3
18
54
9
2
96
10
59
16
12
18
37
15
86
57
32
2
6
3
16
9
37
30
54
27
3
23
3
64
7
62
32
32
45
0
16
5
6
7
47
36
25
52
10
7
19
26
24
9
3
41
83
24
12
56
80
1
28
29
51
6
29
13
10
3
26
9
7
28
53
36
22
28
14
32
22
27
29
8
2
31
31
16
15
20
3
27
27
19
20
47
9
37
13
32
14
2
12
25
60
37
45
76
14
8
62
19
3
36
19
35
32
45
51
14
33
41
13
80
14
17
13
6
40
50
7
7
10
8
45
56
10
6
9
46
8
5
3
14
2
6
25
30
42
49
9
16
21
7
34
45
24
11
3
5
34
34
22
26
39
14
20
2
10
25
14
55
31
16
42
13
48
4
18
44
12
5
30
21
36
12
25
51
3
1
3
7
26
30
10
32
19
4
20
14
18
26
20
4
1
6
5
28
20
57
0
4
18
24
3
3
1
43
18
39
6
24
14
53
1
36
24
18
9
23
9
37
1
12
10
36
19
1
6
4
33
65
23
10
19
36
63
27
5
27
19
9
40
23
2
9
16
15
10
8
6
4
3
21
49
31
2
15
7
47
52
9
20
23
46
26
29
22
8
25
10
16
35
25
31
25
8
29
2
12
49
55
41
31
11
6
72
68
39
24
15
2
0
4
9
5
12
5
6
57
23
31
16
32
21
19
18
18
3
18
5
10
23
14
4
19
21
29
9
38
1
5
44
40
18
5
18
13
75
1
61
15
18
4
2
14
1
46
10
16
26
30
20
5
23
0
13
12
31
20
11
9
6
28
1
24
14
33
7
20
4
18
55
35
34
8
11
2
68
12
41
21
5
7
6
39
32
1
1
9
7
40
40
23
2
11
24
9
16
15
37
40
2
2
27
30
1
4
46
24
15
47
52
71
8
11
17
10
28
62
26
9
15
0
8
15
4
12
1
16
18
12
20
5
6
40
17
22
27
47
41
1
7
34
31
9
11
29
28
32
1
8
2
19
48
38
18
12
14
31
17
18
4
26
17
9
20
23
5
1
8
12
5
34
30
25
13
9
18
64
4
10
21
25
19
52
9
25
15
7
35
20
18
46
23
20
9
3
46
2
8
18
15
19
22
7
2
24
23
19
14
24
11
5
15
10
15
55
38
19
24
0
16
35
3
5
17
19
12
38
16
18
13
8
20
39
6
5
17
11
7
10
6
0
7
16
3
1
23
8
29
17
13
6
4
14
48
19
12
31
8
12
0
0
8
33
10
6
6
16
30
5
11
9
12
3
4
31
20
2
19
25
10
4
2
8
11
23
37
18
34
32
1
33
9
6
19
12
31
5
0
16
14
8
6
8
31
5
40
25
12
8
23
1
25
12
16
7
22
14
11
22
9
7
6
14
2
14
7
3
15
17
17
10
3
13
3
16
11
12
10
3
21
9
34
3
26
13
10
2
8
21
4
11
5
26
23
8
25
23
5
1
8
12
7
19
8
1
8
16
1
17
32
6
13
48
6
0
30
17
14
9
1
13
12
26
16
18
3
12
30
2
5
2
3
15
26
2
0
10
9
14
16
10
3
21
4
34
16
4
19
1
12
19
10
29
10
4
18
7
10
2
8
4
22
7
12
11
25
20
17
10
3
2
9
22
18
14
4
1
12
2
7
5
7
30
25
30
7
11
2
18
13
19
0
1
6
21
8
6
2
2
8
2
13
1
1
39
18
24
28
29
25
29
10
6
31
8
0
3
7
7
1
3
25
4
5
18
27
1
22
9
12
17
33
2
4
23
31
4
13
23
14
2
5
6
0
2
13
1
16
13
33
26
13
20
20
3
2
2
13
17
8
2
6
14
7
7
23
6
28
13
6
11
2
3
11
25
7
15
8
13
7
2
2
17
19
2
12
8
10
10
1
2
10
4
13
3
8
4
9
24
18
21
4
7
7
9
7
17
4
18
7
12
4
2
15
5
0
8
1
25
8
14
2
2
5
9
6
18
10
8
25
5
9
0
5
10
6
9
4
10
9
2
3
21
2
1
2
10
4
7
5
1
16
5
9
15
3
10
4
2
4
1
10
12
5
0
7
11
6
8
3
4
13
3
8
7
2
10
2
14
7
7
3
7
2
2
3
11
17
5
4
16
11
12
3
6
16
1
2
13
3
9
4
3
1
10
4
5
9
11
4
12
4
9
2
4
1
2
0
10
7
3
1
1
6
1
5
9
0
4
1
0
5
1
7
0
4
2
0
2
0
8
0
0
