13
31
52
4
16
9
2
10
28
1
2
76
78
2
8
14
3
25
15
25
3
29
69
60
29
9
26
49
22
37
7
1
40
8
25
47
102
16
9
31
9
89
14
32
9
19
10
31
29
25
71
100
12
53
52
60
13
61
53
14
12
110
19
51
46
110
27
4
10
42
97
13
12
106
0
24
107
123
3
53
41
24
14
31
17
26
70
11
39
4
65
25
46
85
68
2
41
26
76
5
6
9
23
14
47
50
11
2
39
121
14
31
44
25
51
16
37
75
1
17
76
13
61
11
5
10
47
18
73
81
90
29
22
13
96
32
50
66
1
17
75
11
80
42
27
65
65
40
115
23
13
47
44
82
60
52
2
16
113
73
34
50
4
57
74
57
87
40
35
56
57
43
23
3
80
146
45
16
31
20
25
13
19
26
25
62
22
63
0
36
47
87
29
25
51
17
1
53
36
5
60
94
44
26
46
21
28
105
2
4
58
24
28
4
106
17
23
27
8
9
59
61
30
41
37
10
17
18
43
30
39
12
96
20
2
39
5
44
98
75
51
17
121
143
94
36
30
26
102
54
17
71
45
49
65
86
108
54
56
11
23
50
39
23
1
88
57
3
39
39
94
14
16
63
19
93
26
155
37
81
19
19
10
17
17
40
20
102
17
26
65
49
4
81
6
114
11
24
21
107
22
37
53
76
35
42
59
92
24
29
12
33
112
84
27
19
0
69
4
49
7
6
47
47
42
31
75
55
18
26
5
1
41
58
77
78
45
47
45
21
31
1
103
96
3
9
79
51
19
27
2
42
70
22
53
97
7
14
19
67
1
5
62
33
6
15
48
50
49
16
103
24
44
42
27
13
90
0
22
50
35
3
8
47
22
53
5
21
25
31
66
58
10
104
23
26
46
153
34
62
36
75
45
31
8
46
41
13
52
24
106
9
23
82
30
23
66
71
43
98
2
16
112
75
14
40
46
11
15
10
111
25
89
51
69
32
52
74
96
52
31
37
52
6
35
24
124
46
13
77
21
48
87
52
86
8
139
70
3
15
35
10
4
50
37
19
36
113
61
11
14
4
40
16
41
11
33
49
127
20
11
72
32
59
14
54
14
9
59
85
47
14
84
68
22
6
43
26
8
5
72
78
38
20
32
122
33
1
18
51
42
102
59
61
19
101
31
10
80
49
15
84
66
4
12
15
67
48
80
28
75
92
113
34
16
59
21
96
25
42
53
87
25
0
58
1
37
42
61
90
9
89
60
53
22
35
2
85
37
47
79
37
2
33
33
36
18
127
40
135
15
44
50
34
40
91
24
26
64
30
55
29
5
31
28
61
48
42
20
8
69
17
13
58
16
58
18
1
32
35
50
5
94
26
34
49
114
70
24
10
23
41
50
44
95
8
65
58
32
53
91
6
30
65
2
52
9
83
138
35
41
4
63
68
12
2
46
29
14
20
46
33
24
11
31
12
15
25
28
0
74
40
82
62
29
51
33
35
22
99
61
18
25
21
5
5
6
2
86
25
30
23
31
62
23
54
79
10
23
27
9
2
97
5
69
101
39
6
68
33
5
29
11
32
4
45
6
3
30
36
22
50
24
15
65
4
17
23
3
11
31
77
12
19
10
47
109
45
6
3
97
40
94
17
14
46
50
53
44
15
53
21
76
52
58
20
56
34
41
14
46
74
62
57
26
91
39
54
62
41
21
67
13
113
40
9
50
10
9
4
56
48
24
12
78
6
35
48
82
24
56
29
37
81
59
96
77
95
51
19
6
24
92
40
19
72
29
14
32
59
12
45
134
58
61
88
59
81
31
38
19
1
9
0
131
57
57
8
18
73
80
94
19
36
35
3
59
87
31
10
24
126
52
66
1
28
76
58
14
66
10
24
41
59
80
42
25
49
68
42
1
45
35
49
47
58
48
79
66
40
46
29
18
21
59
28
54
107
43
3
34
63
13
1
19
76
89
32
37
13
49
27
7
40
22
63
6
79
19
38
49
35
2
59
65
15
39
45
104
76
11
52
32
33
7
22
34
56
10
117
15
28
81
12
24
86
2
2
15
51
0
61
34
44
7
77
2
87
6
17
21
93
77
75
86
25
33
12
17
30
105
6
36
19
20
92
48
6
18
71
44
24
75
51
10
23
11
70
28
21
37
92
29
52
9
79
49
13
17
61
5
39
5
2
14
9
39
27
23
74
3
46
21
79
11
39
42
71
12
46
120
2
23
25
49
7
24
106
44
80
32
24
3
16
28
24
36
15
46
30
51
37
21
33
0
4
61
91
59
29
32
42
75
43
66
18
62
28
16
147
41
107
64
54
23
1
1
85
32
14
77
105
11
17
50
49
5
8
12
10
23
33
54
36
65
81
15
32
45
49
51
121
44
6
78
62
26
45
102
22
41
108
5
50
35
24
38
60
13
1
5
13
12
17
21
36
17
11
10
35
40
8
43
56
22
74
52
11
6
23
84
29
27
177
64
67
12
11
44
6
15
27
13
22
47
67
77
20
36
61
27
5
75
41
26
28
70
77
20
9
29
41
1
12
24
4
8
19
36
4
13
25
78
43
4
2
34
54
12
47
41
36
110
28
57
48
175
12
60
87
5
13
37
22
72
33
9
33
56
3
18
44
39
10
75
94
3
6
59
47
27
68
4
80
40
33
11
127
24
12
28
117
7
29
80
46
45
44
39
80
16
72
79
16
4
29
29
6
41
6
48
2
20
10
23
40
53
8
54
21
82
7
42
16
7
9
41
104
26
19
2
68
13
65
5
30
6
13
3
18
57
3
82
38
79
131
46
21
23
20
60
57
70
60
41
33
12
3
6
28
80
5
34
32
44
18
78
33
6
38
5
20
6
35
52
81
63
13
27
99
50
21
49
9
44
6
29
14
46
7
4
18
86
98
23
75
25
50
45
17
90
120
41
56
34
58
35
7
95
84
83
94
35
47
39
1
7
41
129
7
34
9
79
96
30
36
32
68
34
19
46
21
34
2
31
59
3
31
27
30
67
2
5
5
5
18
25
20
99
68
45
24
67
11
65
51
20
39
55
15
38
76
53
11
2
45
72
17
53
12
2
16
74
80
29
43
46
48
56
126
3
41
5
33
30
43
3
47
37
7
11
6
12
36
53
76
6
9
32
26
134
6
11
33
70
16
22
15
2
33
18
48
12
37
51
9
1
14
93
61
33
49
42
37
8
2
47
88
2
48
22
19
51
37
30
41
16
15
35
16
14
30
24
32
77
5
45
8
49
13
15
42
29
10
43
11
8
8
20
37
87
0
65
22
52
92
69
51
19
8
41
32
126
30
89
15
8
67
35
9
32
12
20
70
1
40
4
21
7
42
9
101
54
26
27
33
63
12
51
71
6
36
45
27
35
18
70
25
19
53
18
11
71
3
26
23
18
16
39
34
53
13
4
81
52
109
54
14
39
7
79
11
74
11
48
31
63
12
5
32
56
12
24
41
65
24
40
20
6
17
2
57
10
36
40
85
5
51
2
73
36
42
45
64
56
7
69
13
9
30
30
21
49
54
31
1
3
26
19
29
11
4
7
41
87
18
34
31
35
16
35
23
56
67
53
3
2
18
17
44
56
12
4
55
22
50
49
3
99
27
9
33
47
3
5
20
22
0
50
27
2
38
77
46
51
7
24
52
58
65
58
37
3
62
22
6
24
9
11
0
9
51
31
55
0
39
51
51
6
62
38
23
59
3
21
101
19
89
42
28
136
3
1
6
23
4
0
4
54
25
28
1
9
3
44
24
36
32
42
66
76
8
22
18
66
60
24
5
22
85
34
8
10
2
35
55
6
31
21
46
36
10
35
2
19
52
30
25
5
27
60
10
5
21
84
50
4
21
24
41
13
50
19
15
15
2
10
35
48
75
14
12
9
8
13
0
22
54
30
56
1
16
63
63
7
34
18
56
25
5
5
24
30
103
7
70
35
27
63
8
54
19
73
111
71
43
35
24
25
31
30
45
41
10
22
27
23
11
45
45
49
29
67
19
34
60
12
36
29
30
9
22
58
33
18
9
20
18
13
50
34
43
12
13
44
38
11
37
19
110
20
16
28
22
41
14
33
29
13
34
38
5
15
37
4
77
14
27
50
4
12
18
4
23
16
43
2
60
38
45
8
24
68
21
35
88
44
68
20
10
27
24
55
7
73
2
14
16
86
12
6
25
1
1
21
78
14
19
7
47
30
56
53
16
40
102
4
50
11
18
9
13
41
24
33
34
41
68
15
4
9
9
20
7
3
14
55
8
30
30
1
62
23
5
36
12
25
104
16
102
26
16
16
59
57
35
26
4
30
26
19
43
18
26
19
1
20
11
45
15
5
59
10
59
5
11
52
16
82
41
8
36
70
25
20
33
8
14
61
38
32
16
4
44
92
4
32
51
8
29
38
58
3
30
44
14
15
27
41
28
59
34
50
13
2
40
7
115
53
26
22
24
36
14
7
20
24
40
16
48
15
34
0
3
31
52
16
9
64
4
90
40
21
51
0
34
11
39
22
10
62
44
54
53
13
6
2
47
44
20
32
38
29
1
11
18
51
17
0
27
50
2
16
35
44
9
26
53
5
39
55
20
33
58
13
48
6
1
59
9
23
61
1
21
16
8
18
53
44
65
34
28
45
23
28
28
12
49
95
19
24
8
6
9
34
9
35
17
7
3
1
73
23
30
67
14
38
22
46
85
38
58
27
44
22
60
7
12
22
30
68
56
19
16
37
1
26
69
1
13
13
16
39
23
61
20
82
17
73
27
5
6
1
35
27
1
10
7
11
1
12
25
8
35
11
6
21
13
0
17
2
29
46
43
21
54
17
0
21
11
69
55
31
14
53
47
57
4
62
53
44
18
14
1
16
6
8
31
2
30
15
10
7
40
48
44
59
28
22
18
2
6
28
5
27
68
13
18
68
19
35
25
89
25
80
23
7
60
13
9
5
77
33
26
52
46
15
31
15
19
48
5
57
10
73
0
35
10
64
27
41
9
28
0
13
24
17
5
84
10
25
46
33
63
38
10
7
21
29
34
39
21
17
1
22
54
22
63
55
21
26
67
38
20
6
17
32
16
24
24
20
58
28
9
20
16
24
50
89
3
45
8
58
26
1
46
50
24
30
5
9
26
30
12
27
27
55
90
59
48
1
27
46
4
44
10
2
1
17
5
14
28
23
6
4
69
10
1
3
4
66
9
24
1
19
7
29
5
28
37
74
10
29
47
6
9
17
47
18
6
9
7
6
22
4
8
15
61
21
20
20
8
86
51
40
3
14
32
5
9
22
13
11
50
19
27
39
29
31
4
49
17
27
2
35
21
1
13
41
12
5
16
46
74
26
7
20
6
66
25
35
9
20
54
52
28
3
18
41
35
50
7
15
31
14
54
11
35
5
24
48
73
41
9
18
14
40
22
20
51
6
9
26
35
19
93
88
17
32
5
5
38
3
35
27
12
4
4
27
5
12
22
13
83
43
0
44
20
64
38
1
5
31
59
72
25
49
20
76
72
19
45
9
11
48
11
3
47
30
11
55
26
28
63
11
4
45
16
26
19
9
4
28
60
9
10
1
4
16
23
39
3
17
1
4
44
14
16
31
63
12
1
23
64
48
14
1
35
12
8
27
49
10
17
15
34
0
14
14
70
42
35
2
4
17
55
18
63
5
15
7
35
59
23
6
16
19
42
27
15
11
26
1
22
13
10
47
2
21
25
0
59
6
71
33
48
43
20
5
29
14
12
9
4
25
5
14
20
20
17
14
9
69
29
20
5
50
37
2
12
9
28
9
51
41
28
34
6
9
33
15
15
28
11
26
27
30
1
14
22
17
11
80
4
3
77
6
8
47
4
15
32
20
57
9
41
78
45
33
20
35
38
6
34
13
6
53
29
20
23
5
53
20
68
42
16
3
3
25
5
23
7
87
17
8
13
28
19
18
67
32
9
34
9
9
5
2
11
38
22
43
34
17
25
1
3
10
12
10
27
23
40
19
21
25
46
1
18
28
18
13
14
1
75
13
13
59
3
3
28
10
3
7
81
6
6
27
31
7
20
23
20
8
19
17
3
20
11
35
14
13
2
25
6
50
1
24
27
6
27
48
11
18
15
3
3
23
2
2
4
17
51
40
28
30
28
3
35
5
20
14
28
20
42
9
38
9
9
24
31
11
28
16
34
50
11
22
24
38
31
11
30
2
23
54
50
4
1
15
21
18
30
21
3
13
14
21
61
46
40
30
12
51
26
6
0
9
22
46
45
3
39
25
1
3
16
12
3
2
4
13
44
56
7
58
30
8
10
22
1
11
5
2
38
41
14
31
15
2
8
19
14
9
2
43
11
37
28
6
14
29
25
27
16
14
12
9
0
6
9
45
9
33
25
18
12
12
35
7
25
7
20
42
14
35
47
5
14
14
62
10
23
14
8
9
20
5
3
28
27
14
43
27
44
4
21
12
11
23
19
11
16
36
37
6
7
34
25
5
20
48
14
5
13
29
5
15
18
15
9
29
44
22
8
30
0
13
25
17
59
52
17
3
6
61
5
32
13
9
19
6
28
19
24
13
45
4
10
42
2
42
8
3
7
19
15
0
16
22
9
42
30
40
1
26
13
4
30
9
32
17
9
11
14
8
1
2
43
36
15
2
18
49
12
18
19
1
6
13
6
4
7
19
7
2
23
17
6
14
40
17
6
21
17
5
0
28
6
40
1
17
4
13
15
10
7
20
30
11
28
0
2
24
14
17
35
1
19
2
11
24
7
13
29
28
7
11
21
6
2
51
20
9
59
23
10
36
29
5
14
29
1
21
32
3
34
8
0
9
1
10
10
36
15
12
3
8
24
9
3
6
5
36
18
13
16
7
23
5
47
7
28
17
30
11
3
11
0
8
19
25
19
5
37
13
11
33
4
0
21
16
17
8
13
1
15
20
0
4
13
7
10
11
2
2
8
33
7
22
4
18
10
0
20
9
33
12
2
26
23
4
3
0
3
7
10
8
18
13
0
12
25
0
14
4
15
10
0
7
14
31
8
6
16
20
10
3
4
4
3
9
20
5
7
11
15
5
11
0
19
19
16
14
1
25
12
11
13
14
19
12
4
40
1
11
1
4
22
29
10
18
2
3
10
20
7
19
13
14
11
6
3
15
24
1
0
5
7
11
13
6
17
24
37
7
21
25
2
15
5
2
3
21
25
33
27
8
7
7
14
19
21
3
21
1
16
2
18
8
0
24
15
11
20
7
5
4
12
23
26
26
25
39
8
20
10
16
4
14
27
2
8
8
13
2
14
11
0
21
12
1
4
4
4
1
29
22
9
15
9
0
2
22
33
6
19
4
10
3
2
19
4
8
14
20
10
16
0
16
18
1
1
6
5
2
13
6
13
3
12
9
22
15
9
18
5
12
14
3
12
29
22
2
6
14
23
3
9
6
10
6
2
4
6
1
3
16
12
3
26
18
5
0
6
18
12
17
4
2
6
20
2
9
8
2
11
16
10
1
6
7
20
3
9
2
9
3
4
0
12
14
5
17
4
2
15
9
13
8
7
0
2
5
5
6
10
3
14
15
4
14
13
0
2
6
10
6
15
3
5
3
1
15
5
5
17
0
11
1
13
3
9
2
0
17
0
5
1
13
7
1
15
12
2
3
4
0
13
20
8
6
3
11
5
5
2
12
5
5
7
10
18
4
2
9
4
4
1
4
2
6
4
2
8
5
2
0
10
1
1
4
6
1
7
6
3
3
2
1
3
1
3
6
5
1
1
1
4
1
1
