33
18
2
19
7
8
0
16
17
19
8
36
38
4
15
23
4
31
40
21
0
40
119
8
23
16
23
38
14
13
0
42
89
26
10
25
1
73
6
39
19
26
53
47
5
108
38
4
58
21
49
49
8
106
82
28
4
29
60
4
60
15
57
20
44
24
16
26
11
68
36
35
8
2
60
109
2
94
37
2
12
27
21
46
22
70
12
15
3
36
7
10
47
18
13
74
37
75
29
27
31
84
85
76
99
11
43
84
82
15
30
40
55
73
58
40
28
17
50
60
29
1
23
84
58
52
12
31
33
17
12
9
23
17
29
58
60
103
1
15
83
49
26
56
32
72
102
89
34
80
92
21
13
26
2
47
0
29
67
75
9
57
74
56
6
22
19
27
43
9
86
42
99
69
37
35
53
15
80
28
95
8
34
16
13
30
93
30
26
6
56
71
4
19
30
133
61
82
72
16
63
23
119
5
61
16
63
45
14
49
27
36
120
21
16
10
50
22
13
27
107
45
1
91
19
58
2
0
17
34
72
37
27
69
54
62
56
120
29
52
27
63
36
39
44
64
5
51
59
49
41
31
14
73
65
5
29
9
5
30
97
34
1
17
15
51
6
63
13
18
44
68
31
159
99
91
14
40
120
49
76
100
41
50
73
19
54
24
22
15
14
74
124
58
10
43
16
1
16
5
17
26
58
33
85
80
0
1
33
31
33
10
17
63
40
103
62
61
73
118
76
23
49
24
1
37
25
29
102
65
30
9
58
40
15
29
31
76
15
13
6
73
126
36
55
73
98
94
42
8
43
4
43
85
32
42
32
19
31
157
94
22
9
62
63
37
8
36
13
42
35
123
2
28
2
43
7
15
73
55
43
33
74
97
51
10
4
69
76
69
94
151
77
51
77
15
46
71
79
54
34
123
42
32
25
100
0
26
111
73
113
154
12
126
103
8
42
14
4
36
12
65
24
73
63
144
108
19
82
45
12
54
22
70
35
18
9
69
36
20
131
29
26
49
8
12
66
104
45
40
11
74
12
27
54
32
73
5
79
71
99
65
40
58
77
30
54
3
47
72
96
54
113
49
65
23
28
41
35
35
33
31
109
22
13
66
7
84
45
9
19
12
82
1
34
12
20
6
6
84
96
81
27
99
101
39
105
79
27
102
86
64
1
67
91
6
9
53
8
72
83
57
32
64
25
160
44
54
22
7
42
24
0
91
56
86
14
10
46
72
40
49
15
63
1
44
17
106
33
11
84
24
30
41
11
69
84
92
40
96
40
40
4
32
20
114
48
107
14
16
66
80
34
9
123
73
94
41
63
48
1
58
41
118
49
0
39
29
59
90
17
29
16
37
19
20
8
18
52
26
26
100
51
37
29
17
37
24
56
121
17
1
9
19
37
120
12
93
53
11
146
45
55
62
17
3
30
49
70
62
64
34
113
14
86
12
11
67
32
15
31
1
43
51
24
75
15
87
12
84
38
97
61
19
45
38
13
71
9
2
79
44
41
8
38
17
48
127
33
14
8
20
12
25
141
8
64
4
0
49
51
113
13
64
26
26
66
42
40
96
16
24
5
93
92
16
5
47
63
54
102
15
39
45
4
45
17
15
56
29
14
48
44
75
53
63
57
8
57
55
62
75
67
23
87
19
4
72
7
14
7
37
86
3
84
27
29
12
11
49
17
15
98
6
93
27
4
14
27
21
134
101
59
37
42
67
21
92
34
40
38
45
21
32
37
84
36
50
36
94
63
76
61
33
52
28
38
61
20
15
57
3
13
83
55
45
62
84
19
39
23
68
84
57
14
40
64
64
7
66
41
20
48
15
65
11
46
23
36
9
77
26
2
23
63
34
7
5
7
70
11
16
5
1
38
46
9
27
48
81
22
14
61
39
10
48
15
2
43
83
17
85
44
10
68
1
72
59
33
17
149
73
11
56
23
92
29
32
5
19
70
37
69
27
11
22
7
13
76
34
51
22
19
26
32
54
49
68
33
11
29
34
19
83
30
67
22
31
68
58
22
24
13
35
47
2
33
70
85
44
69
22
45
62
64
1
83
11
25
95
10
47
1
50
34
24
14
23
2
31
60
51
7
11
4
28
52
64
11
78
102
73
36
72
14
36
20
66
104
3
33
55
19
8
68
6
62
7
10
41
68
25
22
44
33
3
37
67
9
36
4
25
59
82
47
5
44
138
7
16
31
10
40
5
4
3
83
31
77
24
20
44
35
3
6
33
60
73
26
48
127
18
51
74
22
73
17
89
54
56
69
33
76
49
45
51
87
67
97
76
4
24
45
86
122
76
49
34
5
46
36
21
4
16
30
39
70
67
16
47
50
2
137
25
19
101
2
80
83
128
27
103
47
7
68
4
36
12
71
17
44
10
27
5
50
4
23
29
55
46
38
111
60
7
44
46
5
34
46
30
18
73
91
97
4
0
22
1
38
21
47
54
94
5
89
4
74
46
23
17
43
6
20
43
42
8
19
67
6
37
100
25
81
8
2
15
45
3
77
42
51
2
72
69
41
86
92
14
23
38
23
90
10
20
98
37
12
11
75
68
33
47
47
122
26
26
144
8
35
76
50
66
12
21
91
7
6
48
18
15
56
26
26
44
31
36
19
73
35
79
4
78
3
5
20
59
36
42
8
23
1
4
33
17
56
5
18
17
151
7
43
53
22
30
49
61
80
46
14
25
3
2
4
28
30
53
22
34
129
28
45
56
34
14
113
107
33
8
61
16
18
62
14
46
1
94
16
12
37
27
113
24
5
51
20
110
5
15
48
13
88
7
44
13
43
85
16
13
13
48
16
50
68
8
59
48
3
21
17
48
34
16
82
86
45
30
108
37
12
21
24
21
28
44
17
11
48
6
45
28
12
7
33
46
57
62
2
24
18
19
65
18
82
24
1
56
18
44
59
39
18
88
13
85
32
11
86
40
27
12
21
73
29
67
26
30
17
70
19
11
20
9
20
16
10
33
35
71
7
54
4
79
46
26
9
76
40
19
20
9
31
27
31
21
39
86
67
63
38
51
30
17
8
0
13
45
42
47
35
31
31
16
83
41
23
42
19
3
57
27
16
62
116
21
63
10
44
4
2
47
1
63
93
1
48
13
35
25
11
47
29
28
42
75
13
47
34
89
29
30
57
10
38
37
12
40
70
7
32
74
8
35
36
65
25
65
22
3
16
13
4
13
54
95
36
30
25
16
10
32
84
26
4
51
40
28
37
42
19
62
9
53
49
54
12
54
9
12
73
62
65
62
11
45
20
4
64
9
24
0
30
34
39
4
28
53
49
46
3
27
23
16
2
98
16
23
73
140
41
2
23
44
73
155
3
38
28
34
73
21
79
37
69
1
30
21
32
39
36
5
44
68
1
49
42
38
48
39
15
24
47
47
10
1
42
93
21
67
50
37
14
48
16
12
2
22
54
2
53
29
47
36
23
27
73
6
51
21
10
31
101
52
73
77
138
1
38
40
24
54
60
36
32
14
83
0
35
27
16
36
99
40
76
4
2
40
39
45
11
4
33
9
8
25
9
5
28
24
38
3
75
62
33
16
34
3
52
57
14
8
89
60
19
15
109
3
66
62
27
67
26
29
68
42
50
41
75
29
1
14
33
74
0
48
28
108
133
2
16
102
79
37
47
34
54
41
81
76
21
31
19
2
14
45
3
13
11
20
6
47
61
10
29
16
28
78
65
34
59
53
87
1
46
76
37
34
71
32
68
34
8
28
12
77
28
16
82
42
54
47
51
78
33
51
41
51
3
33
78
118
25
32
39
90
11
83
19
49
8
2
96
34
1
77
29
26
38
21
63
36
44
3
39
16
4
7
1
10
68
12
51
83
45
33
24
23
40
20
20
48
12
57
47
40
36
5
21
7
14
15
65
32
58
72
5
29
48
3
4
7
34
13
80
19
27
18
29
25
11
37
26
25
8
6
64
4
92
50
78
6
83
27
8
110
61
16
82
73
84
24
10
33
13
21
46
24
3
71
24
97
78
8
32
38
15
6
24
48
53
21
24
2
18
60
8
11
16
20
42
1
31
11
15
6
27
25
9
42
61
57
32
29
66
28
6
9
4
26
7
61
89
25
79
30
10
53
71
47
5
51
32
5
11
37
10
28
19
42
22
36
24
22
29
30
37
17
14
55
73
16
0
24
72
41
45
54
32
1
75
28
21
38
6
27
36
44
26
38
47
32
47
33
13
24
33
62
34
19
24
54
4
1
43
22
48
19
36
84
41
19
7
39
39
21
92
99
6
33
3
48
66
52
40
25
15
7
50
19
10
7
5
66
55
36
47
29
19
77
59
8
19
41
30
3
41
22
55
13
37
10
18
25
25
20
9
19
35
77
46
62
62
35
13
36
34
3
5
9
11
38
37
32
8
52
4
13
11
13
20
18
122
27
13
2
50
13
7
2
33
23
22
17
19
22
24
20
12
14
12
56
6
37
12
60
3
18
61
25
46
15
5
4
71
17
38
48
4
9
22
81
64
19
9
26
27
4
129
9
65
31
17
31
47
30
10
22
30
21
7
20
22
5
10
130
24
43
4
6
49
57
22
12
1
10
6
22
23
16
59
31
4
38
1
9
47
36
38
28
8
24
39
14
46
46
65
65
50
52
22
1
19
38
12
48
15
22
42
13
23
19
48
32
46
41
68
44
25
39
39
3
0
26
64
51
6
68
14
15
43
29
55
67
48
60
36
17
20
11
7
33
15
40
31
36
72
22
48
52
44
16
6
55
12
10
29
47
5
43
30
8
57
44
4
32
1
37
30
22
18
1
3
69
7
57
40
40
7
36
18
26
71
23
20
51
35
38
36
20
42
29
72
44
23
15
17
19
35
33
47
2
48
0
9
13
9
14
6
26
7
30
23
19
23
20
6
24
26
14
13
40
13
7
50
56
17
7
64
18
44
25
38
27
4
17
26
1
44
15
18
33
29
4
10
22
4
25
19
37
1
24
48
41
39
10
3
33
3
75
50
21
36
32
0
10
17
39
82
3
19
9
4
42
42
20
17
41
7
8
12
33
25
15
20
46
13
48
9
14
73
34
10
47
6
20
13
37
12
48
24
4
49
3
7
54
6
7
25
21
59
12
36
44
95
5
6
40
16
35
57
3
55
31
19
8
29
26
35
2
52
33
48
3
18
31
8
30
10
66
49
30
42
14
7
63
28
27
9
30
24
55
10
32
46
32
57
13
0
94
16
72
15
40
11
7
21
98
11
22
71
58
23
27
1
35
13
6
8
22
39
1
1
9
22
53
47
49
19
11
4
35
2
12
33
26
46
4
27
5
11
14
6
46
19
40
3
10
2
41
14
7
52
57
12
20
27
36
21
0
63
15
34
3
7
50
3
25
27
34
15
19
32
35
54
51
22
25
1
11
9
19
4
39
54
40
1
24
16
33
19
0
4
47
33
1
6
58
19
5
14
11
26
60
97
7
44
10
5
35
3
31
8
31
3
44
1
49
15
11
6
74
19
25
18
36
29
24
40
62
0
47
0
21
1
7
37
20
35
47
10
19
7
42
25
70
31
10
31
79
31
59
23
25
62
35
23
11
6
3
8
14
23
21
43
5
30
14
26
20
42
37
10
42
50
57
7
34
62
19
22
17
25
16
7
5
17
42
14
8
3
26
20
19
11
42
25
41
45
3
24
99
2
21
24
84
19
4
16
26
22
12
1
100
54
49
25
2
44
34
31
6
13
17
25
34
40
10
2
17
29
9
6
10
59
4
37
3
46
19
32
20
13
1
1
1
12
43
26
24
21
2
30
48
17
41
39
12
8
28
25
70
44
6
24
23
1
13
16
48
34
28
31
24
26
0
29
5
15
53
26
25
4
6
42
17
54
21
42
32
24
7
58
43
10
25
4
12
7
32
20
9
13
7
35
72
36
22
48
19
14
8
10
2
81
12
37
0
27
7
14
40
36
30
8
27
38
33
17
8
43
22
33
68
20
16
19
20
55
63
17
2
35
16
6
37
28
16
20
55
6
3
19
19
19
26
20
3
33
26
2
14
1
17
29
6
25
0
44
11
14
23
12
33
21
0
3
7
6
26
34
22
50
12
38
16
14
13
14
15
50
25
6
1
3
15
13
9
35
20
15
12
21
17
3
11
23
31
37
60
36
24
5
27
23
17
20
39
21
29
36
7
2
4
6
4
58
32
20
6
17
13
7
34
34
32
31
13
34
12
19
13
29
1
3
1
1
6
15
2
12
15
20
42
4
29
30
20
24
49
4
23
17
32
13
13
23
18
25
38
28
17
24
24
8
6
16
4
35
1
51
2
8
28
14
7
25
30
35
26
14
2
17
28
1
8
16
39
4
9
48
32
11
7
10
39
4
7
4
34
18
24
4
8
8
27
5
12
24
2
33
5
22
45
16
18
1
21
23
38
0
34
15
0
6
36
20
10
26
75
41
23
49
11
25
11
19
49
21
25
4
50
45
27
21
44
1
12
27
19
7
33
63
26
12
10
8
11
48
42
7
30
12
22
12
12
3
29
29
41
1
20
18
13
25
22
32
1
6
13
26
8
21
24
5
30
22
18
4
27
4
17
7
64
54
33
40
22
10
6
18
21
2
4
21
22
4
2
30
2
15
11
18
18
31
2
6
1
1
8
9
29
16
32
29
27
31
13
20
18
11
33
14
21
22
38
0
6
15
15
2
9
19
5
24
31
30
4
37
40
13
29
17
29
8
15
21
14
11
10
5
27
3
36
27
26
45
44
29
11
3
6
2
47
23
13
16
9
18
2
14
37
8
57
22
6
14
14
12
2
32
12
3
60
19
12
18
28
12
1
5
31
19
7
11
11
5
11
5
29
5
3
18
6
50
24
12
11
16
35
28
13
18
7
15
33
9
27
8
27
4
6
50
40
8
6
23
25
14
18
26
4
8
18
20
10
31
26
21
26
6
10
8
10
23
21
4
10
37
1
9
41
13
10
7
11
20
36
13
6
1
38
4
8
4
3
8
35
26
4
13
4
3
8
2
23
1
2
6
5
18
17
1
18
20
15
33
16
1
1
10
0
4
4
15
17
12
26
12
4
30
31
5
19
34
10
1
8
40
31
4
29
30
27
8
23
5
10
17
27
6
15
7
7
6
6
21
14
31
4
4
33
44
1
19
7
12
13
27
4
1
2
10
8
24
12
19
10
25
32
22
39
3
1
1
16
2
19
17
12
7
2
12
10
20
20
10
10
16
11
10
9
9
12
28
8
6
2
14
18
7
7
3
16
7
16
6
23
38
11
14
5
2
27
6
10
1
4
10
31
6
3
9
4
19
14
10
1
26
28
2
2
10
24
11
14
8
3
3
6
21
5
1
4
22
15
3
6
17
9
2
13
13
26
17
10
8
2
7
4
29
5
0
4
9
11
14
16
14
19
1
28
9
3
6
11
0
19
20
9
1
7
7
3
0
17
11
14
19
17
12
6
5
3
5
8
6
20
20
36
6
8
31
9
13
45
2
12
2
17
5
13
18
3
6
5
7
17
7
6
16
26
6
9
9
6
9
11
1
3
9
20
4
14
0
6
14
7
2
18
3
1
5
2
15
9
7
21
7
1
27
18
15
2
9
3
16
8
10
16
2
13
16
3
3
13
0
4
12
5
17
0
7
4
7
5
7
10
13
6
2
5
4
3
9
8
4
5
6
7
16
8
8
8
0
0
8
9
5
20
2
12
5
2
2
5
1
1
2
2
1
0
2
0
1
2
0
2
6
1
0
6
2
0
1
5
0
5
7
2
1
3
0
2
1
1
2
4
1
1
1
1
