19
65
2
14
33
23
49
8
4
48
38
76
85
10
39
4
6
8
20
100
25
7
18
46
6
43
77
19
33
26
48
57
57
31
37
45
10
53
18
3
10
20
78
91
73
1
26
37
24
2
1
75
51
27
50
30
27
6
53
25
40
20
12
70
27
65
60
15
117
60
53
23
53
29
31
20
46
61
47
19
27
42
49
85
2
45
51
23
13
51
20
55
27
86
64
84
137
70
14
74
47
24
44
71
28
32
31
7
95
13
5
143
20
85
22
36
46
50
19
16
47
10
2
5
46
24
67
38
20
21
84
70
78
50
30
25
0
44
40
53
11
42
76
41
31
24
41
42
26
82
5
118
31
29
92
99
15
81
87
7
103
45
34
6
28
69
56
6
84
90
121
54
26
64
35
27
38
94
137
16
9
14
5
46
13
8
20
34
43
48
48
85
118
66
32
4
6
8
22
1
20
39
59
32
65
61
18
13
6
0
7
36
46
52
9
11
30
47
32
25
27
40
35
1
131
71
18
28
61
13
63
72
76
39
103
32
25
13
76
47
12
47
67
47
58
124
25
74
86
34
25
35
13
34
23
41
47
6
92
39
41
75
42
31
4
87
98
73
60
35
42
70
60
21
12
22
2
13
78
40
108
3
46
27
65
47
4
19
78
69
63
11
38
34
28
17
20
16
73
28
44
49
0
54
63
24
99
35
73
2
11
6
44
40
7
85
56
74
5
79
43
102
30
171
21
134
25
68
34
37
60
9
24
51
39
61
88
60
85
69
43
17
100
32
61
88
20
71
20
136
71
66
93
88
36
64
17
22
78
7
58
44
29
91
21
34
109
79
13
49
9
46
21
3
25
36
9
110
66
18
80
23
5
42
19
38
26
1
31
21
33
70
15
19
35
18
7
40
7
51
74
116
17
50
39
29
15
20
93
93
64
17
37
26
76
88
14
87
44
96
19
39
17
3
65
61
40
5
96
23
30
19
6
22
34
84
56
56
26
61
37
7
7
66
29
92
92
55
8
24
8
27
32
23
40
40
14
57
42
24
28
9
3
73
56
17
19
60
26
22
26
124
21
6
88
4
40
60
15
28
4
72
5
43
0
26
14
70
33
97
83
22
13
67
5
23
16
25
70
48
1
44
50
48
26
45
28
21
77
62
45
36
15
126
22
9
45
4
30
6
84
25
14
75
96
66
56
46
82
113
29
8
55
15
10
23
6
27
46
17
19
10
0
53
15
21
13
16
66
25
79
48
3
4
17
93
55
22
17
36
85
63
65
77
0
20
27
2
81
106
26
9
39
10
71
10
19
1
50
122
54
61
42
2
62
40
9
75
45
28
33
18
50
8
27
13
90
74
93
24
16
20
48
78
10
19
14
120
46
3
37
58
24
51
64
43
63
4
113
12
12
10
33
40
15
10
84
17
78
91
115
69
62
55
29
0
22
47
27
60
19
93
47
7
8
45
114
95
16
29
8
19
4
65
52
17
59
54
37
33
33
31
28
17
31
25
8
14
9
40
2
41
49
12
62
15
54
26
78
3
39
1
25
21
23
75
31
4
57
59
71
7
27
39
27
2
48
3
32
50
22
58
27
55
5
32
0
89
31
16
97
40
24
30
19
12
58
19
126
51
20
53
2
97
8
52
3
54
71
14
46
19
12
16
47
11
10
100
46
35
7
124
19
10
86
44
61
29
34
64
54
38
34
68
27
53
86
51
41
7
30
4
53
35
32
33
20
88
3
10
15
43
67
50
105
130
35
8
39
15
36
20
9
12
15
20
47
76
5
51
16
24
24
35
40
28
36
25
36
72
143
8
88
22
64
49
47
19
8
49
14
15
30
62
87
23
36
28
2
44
15
30
32
50
23
65
113
15
1
111
59
38
124
70
47
17
9
19
45
2
36
12
40
54
4
73
89
16
62
38
16
48
10
47
41
32
38
54
57
65
21
68
21
47
18
68
8
25
27
8
2
136
34
3
40
26
21
2
78
59
14
128
32
40
113
107
27
64
93
14
29
81
63
9
15
31
39
6
75
28
36
79
0
23
74
31
6
17
12
28
18
46
102
94
127
1
63
4
45
68
98
25
55
24
64
47
49
20
3
3
16
16
180
97
16
87
12
39
102
97
35
12
23
73
99
11
1
51
22
101
103
7
14
90
40
6
5
49
33
15
32
9
6
75
98
23
84
61
64
106
40
6
87
17
43
95
10
10
19
6
18
95
3
42
11
9
19
27
5
35
49
22
20
52
110
5
5
66
16
4
40
43
3
70
111
88
22
84
7
1
51
37
48
91
13
32
157
29
17
69
1
12
51
17
14
2
87
54
21
5
22
56
25
17
48
112
40
80
102
9
86
22
22
60
2
76
75
91
21
23
2
47
13
65
36
64
2
58
17
62
86
78
33
44
29
20
30
38
36
15
20
66
70
18
27
39
19
84
18
23
38
73
26
52
22
51
12
42
103
31
79
85
13
67
80
30
38
23
59
32
29
40
13
15
35
71
0
30
57
3
16
86
29
46
36
38
8
6
10
22
53
137
13
23
34
46
89
71
69
30
66
55
68
23
33
15
147
51
46
29
3
44
5
45
71
12
24
81
93
32
70
21
20
19
6
32
99
23
17
60
10
45
27
37
19
4
4
38
27
53
6
22
15
108
10
107
8
49
14
34
21
39
27
10
56
25
9
25
55
40
98
48
40
29
36
3
31
42
20
20
33
41
36
24
31
22
60
48
8
14
100
17
26
35
6
89
62
27
67
58
21
18
95
6
44
68
78
42
84
12
2
32
13
70
50
2
0
71
18
44
58
56
15
54
20
20
1
45
27
45
16
93
41
58
14
14
28
11
13
3
31
8
32
27
25
51
59
18
18
5
16
38
0
8
40
31
1
42
28
77
41
22
21
44
2
1
7
18
52
35
42
8
40
13
23
28
52
32
25
46
24
70
86
36
46
42
2
34
53
8
54
49
52
17
52
64
4
3
6
1
11
5
55
58
76
60
1
39
48
1
4
36
17
86
64
28
46
26
1
52
88
8
38
35
27
42
72
59
12
35
83
24
30
65
54
1
47
0
73
26
70
8
20
47
23
35
29
28
22
91
41
4
22
21
9
38
44
77
103
81
49
29
8
6
50
68
35
1
55
43
69
90
90
14
11
50
5
35
25
43
49
46
39
90
5
13
10
11
70
26
5
20
53
45
36
48
73
30
48
21
22
48
7
21
14
41
18
11
42
4
72
96
8
40
37
14
22
34
49
38
13
22
57
31
52
66
61
17
40
29
29
11
80
16
32
23
52
11
10
25
37
75
88
107
53
11
39
98
34
12
39
25
43
8
39
43
67
17
10
43
26
42
8
10
33
119
68
13
24
7
35
66
57
76
51
28
97
46
3
27
105
10
72
45
74
19
22
17
39
57
1
19
36
12
24
43
90
6
17
42
69
13
6
10
21
5
15
17
86
68
16
79
25
48
13
43
39
57
46
83
8
39
13
68
31
6
90
44
14
66
61
28
12
33
10
62
45
38
5
32
12
30
51
5
7
100
10
77
40
14
17
78
34
10
70
48
24
16
18
18
10
8
32
59
1
45
88
53
23
94
13
38
36
70
52
34
80
25
73
7
82
6
31
37
2
37
58
48
51
42
73
28
16
10
32
69
14
78
66
47
14
65
56
56
29
23
24
87
106
20
63
66
25
12
35
15
42
21
50
12
25
14
61
67
47
57
20
26
21
33
36
53
40
60
14
30
5
15
9
12
60
9
52
32
33
41
25
52
61
100
32
34
10
42
74
58
7
0
2
23
45
24
18
21
11
58
14
36
26
8
3
1
32
23
69
39
64
33
42
39
46
83
10
34
79
12
3
11
19
25
2
28
13
67
22
20
12
22
31
42
77
61
14
57
13
16
183
33
48
55
111
39
57
8
64
56
19
26
20
18
39
19
35
37
10
0
12
15
6
5
24
0
79
12
25
12
32
20
25
34
5
7
32
32
8
14
57
42
22
79
1
21
74
66
10
43
19
3
97
22
5
23
36
32
42
33
68
12
34
14
65
52
0
21
7
26
9
11
16
30
34
40
29
44
26
87
66
18
19
13
22
23
25
5
4
30
18
3
71
22
93
99
36
23
26
14
60
29
75
69
23
45
3
9
31
1
7
15
46
24
13
39
9
1
62
15
35
3
8
13
69
20
33
36
76
23
48
73
6
59
95
14
34
30
37
77
44
61
18
10
12
6
3
12
19
79
8
24
13
67
11
43
48
100
71
41
29
13
44
49
115
14
5
44
9
12
11
31
82
19
51
23
56
98
24
6
32
16
55
90
2
5
49
34
22
7
1
83
4
33
1
44
8
41
38
28
35
48
34
30
41
41
65
60
46
32
34
16
68
6
27
2
31
48
46
79
10
1
52
10
26
41
35
42
14
33
25
10
23
15
23
74
17
35
35
38
4
22
4
40
20
33
38
48
33
3
17
3
42
3
30
36
33
26
3
8
6
43
32
29
6
32
26
8
9
24
50
5
24
58
29
64
29
17
13
10
32
10
58
15
19
39
0
13
79
33
9
18
49
11
7
57
13
26
13
2
6
12
12
45
30
21
38
27
33
33
36
66
26
4
12
8
38
99
13
3
41
48
7
18
52
1
1
9
32
41
11
26
22
18
25
93
8
25
23
47
22
45
10
30
40
10
44
17
27
36
44
26
58
20
50
35
39
32
5
48
11
31
69
31
9
77
7
11
20
61
27
6
54
78
60
5
10
2
15
21
43
36
0
25
3
18
93
31
86
18
60
1
127
21
27
44
45
3
14
31
3
51
22
28
30
43
23
13
37
26
4
34
44
50
8
18
68
30
26
35
3
74
73
22
11
39
7
29
58
6
76
29
13
8
16
5
8
16
5
28
18
49
43
33
39
16
54
12
104
23
30
1
57
16
27
11
41
61
5
23
1
24
56
12
18
16
24
3
11
11
79
13
38
22
8
39
32
30
18
2
25
3
40
2
40
4
42
78
11
27
3
20
71
25
48
1
8
41
27
46
23
1
1
15
17
73
15
6
3
59
16
8
18
48
16
77
19
7
13
12
19
29
49
56
24
42
1
12
1
12
14
44
22
7
45
18
64
83
20
8
3
60
10
7
28
56
24
10
28
10
41
53
14
34
3
10
1
17
46
19
22
27
46
56
45
84
49
75
22
34
21
9
11
9
10
6
3
21
28
28
9
52
10
12
2
35
13
25
0
6
18
24
29
32
0
48
41
27
53
66
19
23
26
26
60
3
20
55
23
16
30
33
22
24
11
3
20
2
13
3
6
9
6
18
31
28
22
17
25
54
16
26
69
22
74
53
9
31
35
28
8
24
13
30
12
81
20
24
14
37
41
28
62
1
9
8
3
12
43
11
25
22
14
20
14
10
50
2
38
35
114
14
5
0
38
83
16
54
38
19
29
20
59
50
0
21
34
2
16
46
9
17
10
13
56
47
2
60
68
12
10
2
21
14
35
25
42
4
12
37
29
48
6
31
22
52
27
39
37
37
3
17
64
2
14
25
31
12
54
78
25
20
46
12
40
42
10
8
11
6
27
1
8
22
7
33
68
0
15
42
18
28
30
25
26
2
20
13
39
9
1
1
21
11
10
57
34
40
71
1
1
18
48
53
23
18
12
73
18
17
3
2
16
8
12
2
2
33
9
28
28
18
10
36
13
83
17
11
6
33
24
16
28
32
20
7
18
21
27
36
16
19
7
14
9
24
21
27
2
20
11
20
18
45
9
25
91
55
53
4
25
10
22
30
32
29
35
18
45
37
35
4
15
7
33
50
4
6
40
22
35
26
17
18
44
8
6
1
2
21
50
13
18
69
5
2
63
3
25
23
64
9
44
22
22
42
27
7
6
10
19
21
25
13
11
51
42
7
21
5
14
1
21
10
17
30
1
37
10
6
22
28
28
7
54
3
20
8
2
14
20
32
15
52
55
6
4
16
19
32
10
10
17
28
17
25
29
20
2
14
9
35
8
13
11
25
5
25
25
7
26
13
29
49
6
25
21
56
0
30
17
9
20
23
23
19
14
1
28
14
15
24
44
2
16
38
43
0
15
49
18
33
34
69
13
18
18
6
21
8
31
13
32
9
5
61
27
6
9
54
35
2
34
27
30
21
7
17
56
21
5
42
20
15
3
14
18
21
19
13
9
39
14
69
4
7
41
12
5
8
31
21
32
36
1
34
45
4
5
14
35
16
48
22
14
33
6
2
1
14
29
20
43
22
32
23
5
13
31
3
11
7
18
8
14
20
32
25
5
30
6
5
16
4
15
20
46
14
51
23
4
6
0
0
26
1
8
15
2
16
2
43
5
47
38
26
0
18
45
25
1
33
32
23
11
23
7
22
14
21
39
14
8
4
13
45
2
14
0
18
15
25
82
11
20
3
29
26
11
7
7
24
21
9
0
35
28
2
7
48
36
9
9
3
24
11
60
24
9
55
22
32
50
5
7
23
40
7
52
6
36
36
4
21
5
20
2
26
5
30
32
4
15
21
5
36
9
1
5
46
39
4
38
13
30
8
34
5
28
15
24
22
3
16
9
31
77
17
23
37
5
12
21
33
43
4
38
0
20
39
44
16
22
21
16
24
25
7
6
5
42
10
36
5
31
21
18
13
37
5
15
31
33
19
5
15
54
1
6
18
34
16
3
10
27
23
25
24
5
19
27
38
7
10
19
2
19
6
18
31
18
12
4
2
5
38
18
14
1
13
0
11
16
38
27
18
4
2
31
37
41
1
34
25
12
26
15
23
13
0
5
6
0
3
11
1
1
6
26
10
26
12
26
1
4
37
17
3
1
3
38
13
6
8
3
4
20
11
4
19
24
1
36
36
22
6
8
10
22
3
31
29
18
18
9
6
9
21
4
4
12
5
30
2
5
39
22
8
21
9
3
5
6
15
21
12
6
26
31
5
9
31
12
22
25
11
19
46
10
34
3
15
18
2
5
18
17
4
12
15
19
1
3
38
21
12
7
16
2
7
36
9
11
22
3
38
13
13
11
3
12
24
37
33
6
22
12
22
38
4
29
27
16
12
34
26
4
29
25
3
1
29
2
16
1
11
18
16
29
3
8
14
31
7
30
23
29
7
3
3
34
4
2
39
8
50
9
19
4
1
12
9
1
43
1
3
0
26
24
8
6
13
15
23
28
18
15
1
3
20
11
2
15
7
1
14
13
13
5
3
8
28
16
5
5
10
31
10
1
17
13
8
2
28
4
10
5
10
25
29
10
4
18
10
25
10
13
5
1
22
9
3
13
13
1
3
4
1
15
8
14
21
10
9
15
3
4
16
4
12
33
11
22
6
28
0
14
12
26
4
18
11
28
8
5
7
42
11
2
9
5
2
15
34
14
1
14
9
14
14
3
14
0
3
5
17
7
29
15
15
7
14
5
16
9
1
7
1
3
7
19
10
8
4
12
7
14
12
6
15
6
15
1
21
5
7
16
4
10
7
5
25
8
7
9
2
9
9
4
6
4
10
5
2
6
2
2
15
2
2
17
14
5
15
17
16
3
13
16
1
3
0
14
9
11
17
6
12
2
1
21
2
14
21
10
2
4
9
17
0
13
2
4
5
18
15
2
0
15
8
1
2
14
6
3
2
2
22
6
9
8
16
1
5
8
2
13
11
3
8
3
2
9
3
2
11
9
6
5
5
5
17
1
16
4
13
2
2
1
7
5
5
5
9
2
1
5
11
4
5
7
11
1
0
5
1
6
3
3
9
2
0
1
1
5
5
1
10
9
2
3
5
3
5
2
4
2
2
2
5
1
1
1
1
