16
70
2
89
13
5
5
26
48
3
3
8
15
13
14
14
29
52
52
5
28
13
4
15
134
12
88
12
14
26
9
23
0
29
14
21
51
16
8
42
37
60
73
36
24
36
16
55
19
14
66
80
60
23
52
49
29
38
9
9
55
14
25
58
41
15
0
52
43
2
11
20
7
30
15
42
7
5
8
31
20
9
23
5
59
50
23
79
56
24
9
3
1
49
116
70
44
43
5
39
64
68
85
47
25
75
75
3
5
87
20
11
15
19
61
19
69
36
27
13
53
40
37
29
83
30
31
184
4
47
32
23
75
51
66
10
96
5
19
5
153
106
69
38
70
53
6
69
35
96
9
14
26
29
18
94
39
11
30
94
53
5
42
79
37
57
20
25
22
39
110
22
86
34
116
76
15
90
42
22
45
97
6
60
17
8
53
12
70
41
30
40
81
45
12
49
64
23
134
148
10
95
68
62
57
27
69
10
97
59
130
30
52
36
10
79
90
54
11
92
24
133
3
14
6
37
12
6
20
27
102
6
53
39
23
46
74
1
8
87
120
4
16
72
39
26
43
66
1
51
56
20
43
27
4
33
48
77
147
18
116
97
25
29
9
29
20
82
14
14
63
56
26
16
53
58
41
43
38
11
11
58
23
59
55
19
52
44
60
17
29
10
29
41
95
82
34
127
86
77
79
22
67
76
26
58
43
46
20
5
7
24
56
53
40
44
38
41
4
104
60
97
56
5
67
69
59
19
93
59
91
20
9
79
10
34
39
43
18
5
27
10
58
5
8
96
55
60
5
50
127
42
19
46
51
43
13
47
109
66
58
3
5
37
35
57
35
42
27
19
54
66
34
24
85
96
14
21
55
37
41
8
18
41
51
60
37
12
62
56
44
98
107
18
30
34
4
59
70
54
90
42
65
31
27
35
4
115
74
27
21
28
16
61
30
16
51
23
103
61
34
60
48
6
69
31
97
4
9
39
69
14
64
52
17
35
22
55
26
55
88
56
29
6
2
34
64
27
81
137
40
48
44
60
52
27
46
30
17
28
52
75
47
91
1
2
39
51
18
129
9
16
37
9
26
20
26
34
15
17
56
23
45
45
24
59
54
48
29
4
6
22
9
46
6
108
24
58
16
35
76
23
13
61
50
4
76
142
64
57
106
91
14
61
42
62
28
41
72
116
25
35
1
39
5
89
28
41
62
72
67
11
5
16
23
38
10
2
30
2
8
17
9
173
87
14
25
13
44
76
117
14
49
62
42
56
70
7
48
22
30
22
22
75
11
34
16
55
63
38
53
64
83
20
11
17
1
17
44
51
28
41
6
20
61
28
43
8
53
51
29
4
60
24
50
4
35
13
20
74
15
12
69
87
25
5
39
91
34
132
22
24
54
134
34
19
26
37
16
13
55
70
17
90
52
13
27
18
16
4
2
41
20
51
13
2
13
77
3
56
29
7
22
71
16
25
5
30
11
8
59
81
9
140
45
16
28
32
7
29
113
41
25
48
7
44
42
64
32
2
8
54
79
24
3
15
49
85
5
90
135
49
85
38
21
39
4
29
70
37
9
41
64
124
26
42
44
19
12
52
31
16
37
7
41
43
50
33
15
8
106
21
98
5
74
57
50
13
0
55
112
72
0
55
22
13
47
68
47
95
19
51
1
65
19
90
0
51
47
38
51
13
40
42
25
25
3
40
23
43
5
24
83
111
22
21
64
0
46
76
82
48
23
69
35
41
8
4
133
135
33
79
86
73
22
31
3
11
14
56
18
24
83
0
30
142
55
20
44
11
31
11
40
4
4
27
23
62
95
19
48
71
30
2
41
31
25
84
44
67
11
19
92
58
37
31
10
6
37
19
94
34
87
0
38
34
95
79
78
13
56
41
34
72
20
28
41
58
14
27
21
54
5
14
45
6
6
89
12
22
22
62
59
32
34
53
48
28
31
49
146
57
18
84
30
12
47
45
6
22
37
17
22
5
88
15
12
30
9
40
68
78
33
92
14
46
77
122
37
76
175
59
25
7
4
49
22
29
104
18
32
28
33
28
56
17
24
54
20
10
66
55
26
77
22
8
21
74
27
21
41
32
17
7
12
2
33
51
31
33
64
75
8
2
20
175
5
8
34
37
3
99
59
40
12
29
41
90
22
62
49
0
20
51
70
45
3
38
59
49
32
68
4
20
67
12
8
15
35
1
3
32
12
88
30
3
22
16
27
7
63
82
36
63
13
38
20
20
54
106
24
67
1
26
33
31
93
49
33
59
85
49
45
15
62
3
7
38
53
54
61
62
16
7
52
29
70
62
20
40
5
76
13
43
48
30
62
41
73
10
68
19
47
33
47
80
12
4
23
4
38
7
3
22
23
36
10
39
1
85
28
54
10
61
37
4
26
107
77
45
2
33
73
33
71
37
42
18
8
2
40
55
103
4
64
10
66
2
103
36
7
102
13
9
52
22
12
54
12
9
70
19
121
33
82
28
42
45
38
16
44
67
31
23
27
48
49
8
9
64
43
1
22
40
29
42
2
92
11
10
68
58
75
59
35
69
33
39
75
93
50
91
16
27
6
9
66
4
14
26
13
4
31
31
44
35
9
110
64
18
28
21
32
6
6
6
155
42
27
1
10
7
13
42
6
46
104
11
9
3
6
3
9
43
32
62
73
8
15
11
34
6
46
41
41
60
14
14
26
6
58
51
29
58
42
75
24
36
5
11
4
3
13
63
13
10
2
7
69
63
49
18
37
23
82
44
30
57
16
42
20
29
72
102
15
34
92
16
2
34
80
37
81
55
31
133
54
43
31
20
77
2
55
61
14
56
53
34
44
11
35
36
20
57
11
21
19
45
14
30
41
6
11
27
58
47
14
90
41
55
28
62
44
25
39
91
46
18
65
38
23
17
4
21
5
76
27
53
17
4
13
20
28
46
33
24
40
74
67
107
17
25
0
21
66
107
28
21
62
42
19
27
27
22
14
71
38
21
92
50
21
46
26
19
13
72
18
39
35
17
16
9
14
4
2
9
6
39
13
85
19
32
27
24
21
39
29
4
3
21
19
4
81
49
14
59
62
2
28
1
55
18
22
40
47
13
4
31
61
16
81
1
88
53
19
6
12
104
49
6
135
16
9
0
27
90
28
120
68
35
96
14
68
29
44
40
16
41
15
69
18
4
68
82
30
60
28
22
37
34
32
46
54
64
58
5
1
29
3
24
31
27
22
2
15
15
22
3
9
24
114
18
26
62
18
45
17
83
4
43
41
38
123
39
36
31
0
53
47
60
69
34
46
103
22
68
27
10
74
40
68
52
91
10
79
4
22
4
27
8
15
56
74
42
30
27
35
15
70
32
23
11
58
30
31
4
24
91
53
42
66
106
67
28
0
2
60
20
63
45
6
53
24
37
81
98
10
23
11
21
23
11
11
29
52
52
85
27
54
20
104
32
60
37
10
66
14
76
97
28
32
20
109
59
51
0
44
4
88
6
12
16
36
31
26
69
38
56
50
71
43
123
11
29
40
13
27
12
53
42
85
14
31
70
26
15
18
89
22
23
5
44
35
16
17
3
27
43
62
15
64
10
19
21
3
40
60
34
8
11
52
20
16
24
32
42
44
52
19
13
54
43
14
19
56
34
25
2
22
43
55
1
1
77
37
30
12
16
72
38
50
92
55
21
58
23
74
0
80
24
62
44
51
5
40
99
37
16
10
4
21
7
38
16
68
21
30
29
75
58
18
42
30
2
11
37
53
21
47
26
40
55
9
2
35
42
59
25
12
18
31
18
19
26
30
8
14
45
9
36
50
48
43
32
5
47
10
61
4
17
66
48
22
5
56
75
72
21
37
8
1
20
39
20
68
17
56
34
5
64
2
25
29
17
40
69
26
20
1
124
29
55
28
53
13
30
62
3
8
3
72
54
47
94
6
34
59
4
15
81
66
19
29
2
34
54
18
30
14
2
11
8
34
55
55
66
19
9
31
12
49
72
46
8
61
63
22
29
47
36
2
6
62
0
33
69
31
81
77
33
74
35
38
25
27
5
98
17
75
9
66
0
6
53
24
43
1
77
55
37
103
49
9
25
37
17
35
24
45
26
57
68
24
4
3
5
85
34
23
20
9
22
10
42
37
25
63
25
36
44
41
37
31
71
60
58
8
76
72
60
12
41
75
42
48
67
27
1
25
17
7
36
49
38
22
4
74
27
11
75
92
48
0
25
26
52
79
53
22
45
6
45
30
36
4
4
8
17
13
10
28
8
12
12
2
40
64
26
57
36
19
30
5
46
43
23
73
57
34
24
51
26
26
29
4
1
12
5
21
21
80
11
11
17
38
34
39
26
45
27
40
45
27
17
27
10
19
17
42
8
4
4
9
35
18
23
23
18
18
46
35
45
15
10
4
111
6
70
12
31
8
10
69
45
1
40
40
63
4
28
4
20
2
5
29
23
28
42
21
57
59
13
1
2
8
80
82
41
16
46
9
57
68
29
86
18
35
10
9
11
42
6
54
45
2
49
32
18
16
34
7
51
73
21
46
43
6
33
41
33
9
20
39
16
49
28
14
26
7
45
13
17
12
52
63
49
6
8
27
7
25
48
47
21
44
28
64
15
9
23
65
0
3
23
16
32
76
19
52
26
7
3
24
14
39
28
43
4
65
68
10
59
3
25
22
59
29
23
60
47
41
76
1
9
5
24
77
36
25
1
12
24
57
12
85
23
31
20
39
1
22
5
72
28
41
36
18
16
4
34
9
21
38
47
0
13
9
21
46
6
76
57
2
30
90
21
37
29
33
15
57
0
55
66
15
16
25
53
15
24
32
5
27
62
4
63
9
48
6
38
20
35
39
59
25
20
8
18
8
24
38
19
46
10
12
35
1
33
9
25
24
24
23
10
7
4
46
7
28
41
28
4
34
24
2
65
83
17
10
21
58
26
10
19
15
23
35
98
26
41
2
11
37
38
9
16
18
40
30
8
48
19
3
24
34
4
25
11
16
73
1
2
29
14
73
19
9
31
55
24
33
28
44
3
18
50
66
12
6
29
37
14
6
21
7
18
4
38
20
9
24
73
9
1
8
5
0
33
38
16
16
2
16
25
4
1
16
65
25
52
34
58
48
7
34
22
19
34
31
24
51
42
1
11
7
10
1
38
21
53
48
20
18
14
24
5
22
22
46
15
63
79
37
11
13
50
7
74
33
15
42
13
10
34
13
18
43
72
42
26
5
16
52
26
19
12
40
21
27
71
71
53
31
29
72
13
3
61
23
50
1
11
16
27
8
9
27
12
14
18
10
42
53
8
5
56
8
77
7
13
10
20
8
6
6
43
10
19
1
5
25
32
62
21
46
10
4
22
27
4
47
15
5
15
55
73
20
5
33
8
3
61
48
12
21
51
16
6
45
74
33
28
57
4
14
42
19
15
6
62
55
19
10
7
35
11
26
39
18
9
44
33
41
7
1
46
23
51
4
16
47
12
26
34
4
17
47
42
3
8
23
4
71
64
7
38
9
56
8
37
16
57
43
72
1
27
8
41
30
22
16
11
0
33
21
5
6
17
7
36
78
29
5
22
31
40
8
51
32
22
14
56
34
66
23
32
19
10
4
53
5
9
23
21
36
53
8
74
8
75
9
8
39
29
54
4
9
63
4
30
7
12
2
24
3
2
15
16
10
47
21
5
55
1
3
37
72
25
48
23
8
29
12
13
18
37
6
70
71
8
32
12
8
8
9
43
30
5
61
6
11
13
2
51
17
12
11
1
31
9
25
28
44
40
28
48
31
23
12
18
19
13
18
32
31
18
16
53
48
39
1
6
39
20
15
14
43
15
18
57
8
31
19
5
17
5
31
13
39
5
17
6
1
15
48
86
10
8
31
16
6
12
38
7
33
32
38
27
38
9
23
15
22
2
7
42
23
13
20
21
6
40
0
50
42
6
2
10
4
25
13
14
38
24
29
15
10
16
16
27
13
33
7
1
27
30
64
44
72
20
18
13
75
3
18
3
31
6
2
12
58
19
2
15
18
42
36
19
13
2
30
25
11
1
94
37
48
18
10
17
39
23
24
58
56
7
13
1
20
30
23
16
43
6
4
14
38
12
6
10
18
22
18
43
23
24
41
13
15
20
1
6
13
8
11
39
39
20
32
4
35
25
22
40
10
27
25
6
14
38
18
15
11
13
1
68
61
7
9
22
18
25
47
8
5
26
18
32
3
17
1
35
21
10
47
2
28
19
32
10
46
18
10
61
30
48
7
36
70
48
34
7
35
1
12
44
8
17
42
19
15
21
7
24
39
30
20
7
2
11
32
48
15
8
18
8
3
50
44
4
9
33
9
30
16
11
25
51
26
32
14
2
54
15
26
45
35
1
26
66
8
29
17
52
7
12
4
17
5
23
23
23
7
9
11
3
1
16
12
12
37
27
11
18
6
16
3
23
37
11
51
31
28
43
11
9
43
2
9
29
43
8
13
24
8
9
5
19
85
7
27
11
2
10
19
12
18
23
24
22
34
8
3
8
2
21
28
5
31
16
31
55
62
4
13
4
28
10
61
15
21
11
11
75
28
15
6
16
2
15
2
5
17
5
10
4
12
39
23
24
9
12
14
2
6
27
9
50
7
23
4
4
21
21
3
36
26
0
25
30
8
10
4
26
10
9
12
32
6
19
3
6
30
14
10
15
20
21
2
20
14
69
2
11
24
18
18
33
3
1
17
4
18
22
25
15
29
15
34
29
16
3
25
31
2
19
19
12
3
29
17
20
37
36
0
15
7
0
12
18
6
13
21
25
54
20
52
35
63
48
1
4
19
15
22
31
12
14
13
16
23
3
7
0
38
15
16
26
5
10
28
10
13
11
10
44
10
2
43
23
7
9
1
13
6
7
12
14
1
36
13
5
17
33
12
18
19
2
26
20
6
44
14
13
3
29
7
7
7
35
8
3
21
21
22
10
6
50
12
9
5
28
11
26
7
13
16
13
8
30
12
4
28
7
8
33
19
17
19
10
10
6
3
2
12
10
0
24
11
11
2
30
28
8
23
2
33
0
8
24
2
40
7
11
6
13
23
0
30
13
20
44
21
0
14
1
27
22
1
8
2
10
18
10
14
33
21
15
3
11
6
1
29
47
9
11
9
19
14
8
9
9
5
28
49
19
12
18
34
38
10
0
14
18
10
1
3
0
8
17
12
3
9
15
27
15
30
6
18
7
7
3
13
10
5
8
34
3
6
9
3
9
20
21
31
33
22
27
13
19
9
8
19
7
1
3
10
10
13
10
2
40
15
24
5
3
11
10
23
15
9
27
9
18
15
3
11
47
8
12
1
9
2
36
22
22
18
1
12
4
5
7
20
4
19
8
3
3
16
3
6
18
9
1
24
1
15
15
8
8
17
4
22
5
41
4
8
3
13
10
2
9
19
20
1
10
16
2
32
7
4
14
1
5
14
3
6
6
1
1
5
11
3
15
15
14
10
3
16
1
5
0
0
15
16
8
25
8
3
9
6
11
5
10
3
19
4
6
33
4
4
6
17
1
3
16
11
1
15
3
5
3
8
14
2
8
3
7
4
10
2
13
5
1
13
4
14
12
2
9
3
9
7
18
8
1
7
34
6
7
12
0
5
9
10
6
1
1
13
2
12
4
10
6
1
1
7
8
15
2
18
0
12
17
18
5
8
5
0
5
3
4
11
4
6
10
10
2
4
9
4
4
10
4
10
0
2
4
16
9
4
3
3
4
2
7
15
7
2
4
1
4
4
4
11
1
5
5
3
0
6
0
7
3
0
2
8
4
3
1
3
1
2
5
1
2
0
0
1
2
0
3
0
0
2
1
1
0
0
0
