34
13
21
4
40
20
5
7
8
37
91
63
10
9
6
9
43
7
31
26
12
22
17
24
26
30
69
53
120
31
64
155
137
35
58
97
16
153
31
22
117
13
11
41
20
15
68
12
35
38
32
72
6
8
23
42
5
8
31
58
24
25
65
1
59
1
48
117
137
13
17
96
30
74
17
36
0
110
0
83
50
226
57
11
26
22
33
16
56
2
80
79
9
30
61
25
17
38
8
58
71
64
72
3
34
70
68
81
105
61
8
90
72
85
1
17
48
21
51
104
111
7
0
34
45
25
107
7
1
48
30
101
63
9
31
88
33
133
72
51
23
1
60
56
60
36
9
53
150
138
29
2
56
5
25
62
5
13
22
47
75
16
3
88
39
86
4
24
22
13
47
2
39
56
65
6
103
54
12
71
27
1
14
125
65
37
49
60
72
48
14
41
93
5
59
55
103
17
30
7
3
55
71
85
53
66
102
11
38
32
68
82
86
24
109
2
4
68
19
47
24
12
20
77
20
29
35
44
51
4
38
46
59
25
9
24
27
12
47
51
80
84
12
74
28
51
11
76
0
1
12
96
16
23
69
3
16
3
38
16
13
60
20
27
5
46
40
63
78
72
18
8
60
119
42
97
61
57
85
32
59
46
18
103
26
34
15
22
19
33
28
14
12
28
85
23
30
100
14
4
182
12
28
151
92
65
25
22
74
6
112
49
18
20
47
32
115
96
21
64
32
104
55
21
44
39
29
14
21
34
63
61
51
55
150
13
112
8
44
47
58
27
19
143
24
169
10
12
64
6
15
16
59
41
60
57
50
61
34
56
114
64
135
40
72
18
28
4
53
124
68
62
8
39
7
70
59
42
17
13
79
11
28
7
28
29
36
64
46
32
18
10
7
23
115
60
46
3
19
41
32
28
51
28
4
68
32
81
31
62
32
64
58
87
88
62
27
65
3
52
56
2
13
95
71
5
8
50
77
84
50
40
12
5
58
7
52
44
4
17
30
55
56
21
48
115
15
0
42
1
26
47
63
1
101
93
50
62
28
53
91
32
48
91
4
60
6
80
22
43
33
14
81
42
33
78
123
12
42
12
51
123
142
14
26
37
59
38
171
22
95
84
42
3
78
49
2
98
17
2
7
119
39
22
11
72
30
87
129
39
108
24
50
5
9
25
47
16
75
82
18
55
39
10
28
57
31
58
2
42
2
58
24
55
39
46
61
83
8
63
11
21
15
2
72
25
46
77
59
10
167
45
65
38
37
33
22
25
25
55
15
45
6
13
44
80
67
94
16
0
26
48
14
1
129
37
77
3
29
107
80
57
37
53
16
62
46
88
53
8
26
40
45
2
15
9
9
58
61
14
11
4
43
1
45
31
67
86
61
67
24
45
12
10
43
42
18
10
83
4
45
58
54
6
28
82
5
39
63
41
12
41
153
23
1
74
59
14
10
25
117
2
6
34
14
3
27
9
11
32
17
64
52
47
29
33
49
8
25
148
2
66
32
1
7
89
14
100
42
64
28
64
14
67
19
52
29
10
95
108
79
4
26
23
5
67
2
10
14
45
113
37
10
1
31
43
18
33
79
9
50
41
56
7
38
71
21
81
1
5
57
86
51
5
26
13
93
62
9
4
4
78
23
53
3
1
82
28
16
61
28
10
28
89
103
103
25
0
1
17
32
13
29
103
2
102
10
1
90
157
15
96
3
30
18
5
41
6
67
16
41
25
45
37
15
34
5
13
28
98
58
11
12
45
102
16
72
30
87
31
29
38
4
61
18
74
70
11
56
48
84
32
67
59
0
56
10
5
27
79
31
6
49
39
131
55
15
7
13
74
66
31
44
53
58
25
71
127
61
39
10
24
33
26
39
13
9
67
1
65
11
35
65
17
17
2
107
78
48
34
4
26
29
19
82
68
76
27
86
13
21
40
52
0
65
77
40
4
18
71
55
94
69
50
64
21
83
93
87
45
103
39
47
44
36
71
25
61
94
16
41
11
20
49
20
76
44
44
42
10
13
23
59
92
25
13
64
56
72
107
43
10
20
8
37
31
8
26
77
13
101
93
35
78
4
30
16
40
6
26
46
31
115
68
56
49
46
44
91
106
42
25
25
9
48
81
58
48
9
81
28
39
67
27
51
61
44
70
19
44
17
8
21
1
15
45
76
6
30
44
51
69
56
6
20
0
36
40
78
100
22
129
47
31
18
105
124
34
67
35
6
6
95
60
21
45
34
4
35
31
23
44
42
15
28
18
14
34
71
61
63
54
62
57
34
43
53
31
88
78
89
74
26
15
89
142
70
8
4
85
9
12
33
6
9
38
32
40
19
6
63
32
36
52
61
23
6
21
61
38
32
43
11
46
38
56
12
8
13
22
69
47
67
78
33
54
19
39
31
9
20
31
21
73
47
39
78
4
20
1
45
76
29
0
18
51
67
98
8
48
72
2
40
38
26
12
37
63
93
7
4
44
130
2
22
48
44
10
41
15
21
27
138
59
80
22
64
48
10
7
20
46
18
5
38
64
12
59
56
9
19
81
15
69
1
89
42
64
22
45
52
11
139
27
0
16
35
21
39
17
46
3
2
30
39
33
6
15
17
79
1
2
63
9
37
9
25
12
92
20
40
5
2
35
81
2
78
26
57
10
82
87
43
46
20
13
8
59
86
113
30
57
21
27
10
115
54
64
23
47
110
12
12
21
57
2
115
16
50
14
68
38
26
17
71
93
6
39
13
23
3
19
16
24
19
14
13
11
58
36
7
13
22
1
15
32
61
50
65
56
64
3
28
20
28
21
31
48
47
47
58
89
56
43
28
47
37
78
107
25
105
52
62
17
28
32
41
26
83
45
95
60
7
39
18
24
79
49
7
6
32
1
17
78
15
33
25
42
33
33
4
59
11
40
67
38
31
31
31
8
10
37
24
95
40
78
8
46
20
67
32
35
70
36
29
8
46
10
5
19
49
51
33
65
35
45
6
19
4
14
47
54
27
1
25
2
36
86
25
9
35
27
23
4
67
34
43
5
6
4
85
21
1
43
33
57
81
25
22
58
28
22
6
37
0
7
19
30
34
53
54
3
55
25
13
31
73
118
7
29
62
28
13
69
60
4
38
7
15
5
24
48
86
36
35
35
51
60
57
17
22
34
3
4
54
21
14
124
12
28
92
49
79
30
3
90
16
13
17
28
62
51
32
50
17
39
12
96
7
40
17
5
67
6
6
3
21
1
28
27
15
10
14
50
6
17
7
69
21
63
36
22
24
13
35
19
13
70
34
11
70
42
50
43
9
27
2
13
56
51
68
14
47
64
29
45
43
0
19
18
27
18
35
28
15
10
35
34
22
56
112
3
68
28
87
36
18
14
8
20
15
78
60
69
33
8
2
56
145
9
23
11
44
38
26
34
86
35
31
16
25
32
56
34
27
17
80
36
20
88
2
41
39
66
25
27
66
25
51
0
52
9
2
2
16
16
9
17
107
24
36
7
51
69
49
46
33
28
27
5
2
13
51
73
5
51
33
32
46
33
64
27
2
55
28
12
42
5
82
28
7
22
44
52
86
41
39
51
24
22
4
4
73
27
51
66
1
22
8
1
51
67
7
18
1
37
35
3
37
10
56
85
21
36
4
99
9
16
9
39
36
16
35
55
77
19
61
36
30
9
70
38
14
37
67
41
70
61
62
16
15
17
6
12
5
4
31
37
12
35
57
67
12
41
11
24
3
89
4
44
10
14
79
57
9
35
19
48
54
57
1
37
78
56
52
78
6
89
15
9
62
29
53
6
70
11
18
15
14
8
10
25
7
81
15
31
9
21
32
26
82
16
14
71
48
10
1
14
25
94
24
17
67
51
11
37
32
48
73
6
0
10
12
115
119
19
34
15
1
82
63
57
5
38
45
6
46
29
5
96
88
37
7
10
10
54
8
9
51
17
5
9
44
13
18
24
3
75
9
9
17
49
23
2
22
43
27
46
81
26
47
12
9
49
16
19
41
42
53
48
63
23
6
26
33
20
39
17
37
31
21
22
10
6
58
20
5
9
18
6
7
33
40
47
37
41
58
37
21
90
59
34
38
50
46
15
22
1
12
5
8
1
36
48
83
52
38
38
62
8
9
63
8
32
3
2
48
5
34
18
19
34
27
14
23
1
49
17
93
6
58
1
26
8
65
2
9
77
78
14
9
13
38
69
23
58
12
58
41
13
15
23
27
3
54
6
40
29
64
36
76
13
30
3
27
34
0
89
20
21
2
12
33
1
28
13
25
32
51
76
116
8
14
109
28
0
50
30
9
11
62
5
14
11
24
50
38
28
32
35
1
2
9
61
41
14
29
5
78
18
21
1
34
4
33
11
21
23
15
31
14
3
13
16
40
82
22
34
67
58
47
6
72
50
50
42
13
11
63
18
3
69
22
30
28
51
10
29
72
107
18
53
3
26
15
97
33
56
14
16
6
19
3
83
49
1
50
20
46
46
11
2
31
46
14
37
22
14
4
41
2
58
24
55
33
1
17
19
31
13
47
36
9
1
9
55
45
37
35
19
23
4
26
44
18
12
38
7
23
39
36
55
9
5
51
77
45
18
42
44
15
21
26
0
6
38
6
12
3
3
77
115
44
71
6
29
31
26
31
10
6
33
11
53
11
6
1
42
15
40
12
27
8
36
61
88
12
12
4
1
48
52
48
7
17
14
30
24
9
16
8
42
27
29
26
9
43
21
21
9
8
28
34
6
2
6
55
2
13
38
30
10
34
18
16
44
115
50
3
34
4
114
29
51
30
16
12
21
40
47
22
91
30
9
15
44
12
7
17
12
27
4
35
40
27
31
53
21
16
49
16
73
27
36
9
45
31
47
77
1
13
7
32
40
21
95
33
15
48
27
6
6
14
19
21
32
70
24
12
4
56
46
33
59
42
45
24
10
65
32
3
16
42
9
11
14
40
1
64
10
32
56
11
33
4
34
5
60
36
40
19
5
32
14
6
27
56
3
78
22
23
29
47
30
28
6
24
12
25
6
28
59
59
22
20
19
8
12
47
23
51
19
30
25
49
7
20
2
27
14
72
30
19
29
78
4
87
22
75
52
12
46
10
48
15
27
10
6
0
52
29
39
59
11
41
24
17
20
14
6
16
47
2
12
44
25
5
9
23
45
1
10
15
1
6
58
26
23
8
54
39
26
14
46
2
58
24
4
25
64
12
54
9
8
2
17
15
21
54
31
5
7
3
14
17
26
40
3
11
11
28
25
6
14
5
31
13
50
10
53
59
65
26
31
10
16
50
39
9
14
14
69
41
55
10
9
14
39
26
3
17
60
27
43
86
30
18
12
15
9
30
15
56
36
40
10
67
18
59
9
10
10
69
25
19
33
7
26
27
11
26
9
18
27
18
36
16
17
70
1
55
0
8
36
63
24
15
63
20
43
13
45
11
9
7
10
8
42
28
13
2
17
19
6
13
23
37
9
22
20
15
9
10
38
65
32
10
9
46
5
5
11
17
76
57
18
44
61
1
60
11
0
41
1
51
17
30
23
25
40
22
15
0
55
14
1
36
29
10
10
53
29
13
12
27
5
11
24
36
55
11
7
10
8
29
25
43
12
34
23
2
34
52
2
17
14
16
8
25
9
60
14
53
2
12
50
67
13
42
5
29
13
41
30
50
37
1
25
39
22
27
15
68
16
47
19
14
10
40
24
37
11
51
6
24
0
15
12
21
16
31
15
22
11
18
25
43
17
1
8
40
15
61
25
25
54
17
32
22
21
29
18
26
28
54
41
11
35
16
29
12
24
26
24
15
11
34
56
3
7
47
59
10
24
39
11
41
13
13
35
56
28
23
20
32
28
5
49
7
38
12
24
24
18
17
16
36
1
9
2
6
5
10
31
18
31
17
20
56
19
5
24
12
58
31
5
22
30
30
21
16
29
76
38
22
53
60
2
9
29
21
36
6
15
5
16
15
49
17
46
34
18
0
33
2
7
3
10
39
20
45
20
2
69
45
65
23
26
1
6
0
30
63
52
8
3
30
6
54
7
16
11
11
19
25
10
5
33
5
16
8
8
16
38
30
3
2
22
5
34
49
11
44
3
24
2
15
12
57
8
23
15
50
3
10
0
30
26
0
4
27
32
83
45
33
4
41
13
49
17
22
41
7
22
23
47
33
21
3
54
2
4
20
30
11
25
10
17
41
10
11
7
14
3
5
3
44
17
2
31
44
17
17
33
30
2
12
40
37
13
23
31
39
35
3
5
23
8
27
17
38
5
25
9
13
37
2
29
26
7
77
23
17
4
7
7
3
60
5
56
6
8
43
27
11
15
6
20
22
39
19
13
20
7
19
9
36
1
34
31
46
8
7
1
20
8
5
8
45
28
3
21
14
16
6
7
7
6
2
58
6
16
9
8
10
19
20
6
10
29
8
14
32
17
12
33
40
1
10
22
23
1
10
12
41
1
59
4
35
7
8
22
3
17
13
1
23
21
39
32
16
18
22
33
10
23
3
26
8
26
24
35
8
14
9
2
49
24
46
8
7
32
7
3
13
46
15
5
17
37
45
29
7
19
46
15
34
11
9
38
2
6
21
37
24
20
34
25
11
62
53
7
19
47
24
29
12
24
32
10
22
39
45
25
20
10
26
24
2
18
24
4
14
29
30
60
30
38
5
22
15
2
1
20
3
31
25
12
12
10
8
8
43
31
16
6
27
23
5
2
18
32
30
9
48
5
32
1
17
55
14
8
27
17
16
0
7
13
25
27
14
36
21
27
19
11
9
30
1
0
17
20
27
8
10
4
28
11
37
15
18
7
14
3
11
27
5
0
3
13
23
4
1
8
2
13
41
36
45
11
15
15
19
14
26
21
10
0
28
10
1
13
23
27
11
7
7
3
21
42
5
13
2
5
1
26
3
27
1
27
21
25
4
3
6
15
10
16
33
7
2
3
24
42
13
7
8
5
28
7
1
16
30
4
6
0
39
19
6
11
15
3
15
30
6
0
35
14
34
11
3
8
1
27
49
18
1
5
18
18
1
3
14
21
15
44
3
10
2
28
31
0
43
11
3
18
2
12
1
60
3
6
10
20
30
1
19
2
30
6
38
3
9
13
2
7
3
10
24
33
9
43
34
7
1
1
8
15
16
19
19
4
12
27
20
2
7
3
20
3
22
28
13
2
16
2
0
16
13
5
11
1
12
2
21
1
8
7
26
17
3
12
16
11
2
9
25
32
15
1
12
0
10
4
15
6
7
20
3
15
18
10
27
4
14
13
2
8
21
33
14
26
4
6
2
13
6
14
13
2
7
17
11
2
14
14
19
7
2
33
4
1
24
10
17
15
13
8
14
12
34
1
23
21
8
22
46
12
4
4
12
4
9
6
6
1
7
12
1
12
13
24
13
12
17
17
25
26
6
23
0
24
22
12
25
8
4
1
10
13
22
11
6
7
2
8
20
3
1
26
20
12
4
0
7
14
9
3
4
21
15
14
5
7
3
7
8
12
8
37
1
7
10
27
9
3
8
15
8
21
7
3
19
2
19
8
7
4
1
8
8
6
2
21
11
6
3
29
11
3
8
6
3
10
2
4
12
3
16
14
8
23
8
8
2
1
0
6
8
0
4
1
26
16
6
0
8
1
1
6
9
14
1
18
2
8
4
1
2
10
2
6
9
11
8
0
14
3
11
15
7
0
4
0
13
1
7
1
9
4
1
15
12
14
10
4
7
4
2
3
2
2
8
9
9
13
5
1
3
8
4
9
1
4
3
7
3
3
9
5
4
3
1
8
10
0
2
6
1
2
8
1
10
7
7
3
0
4
3
1
4
2
5
4
1
0
0
4
8
1
2
2
0
0
2
0
2
0
1
1
