10
37
30
53
40
58
2
59
7
44
10
41
104
37
26
13
75
117
25
8
11
14
48
20
1
21
49
7
19
28
16
47
9
66
1
33
25
1
10
13
43
108
80
45
38
16
16
10
29
32
20
49
35
4
70
4
44
39
24
88
43
25
15
42
30
44
113
51
47
5
88
13
30
51
3
20
54
49
45
74
5
30
3
30
30
61
90
15
54
63
45
70
19
32
48
68
39
59
27
7
58
76
34
23
39
10
92
24
55
11
9
72
25
35
50
46
103
36
42
36
61
82
11
67
38
3
41
38
61
39
103
4
94
32
42
82
42
53
21
32
112
37
45
29
47
5
59
21
9
62
9
91
59
16
8
2
36
9
28
42
71
1
43
102
117
20
27
28
32
64
5
3
64
41
56
60
38
48
31
22
84
60
112
9
33
27
50
31
61
66
1
49
20
27
28
11
42
54
10
22
85
83
57
100
10
25
89
30
98
12
31
40
16
32
10
16
27
6
38
56
25
83
52
87
42
36
43
40
84
18
156
37
59
31
28
85
30
18
109
40
128
45
0
5
46
60
89
2
45
42
26
41
12
1
57
51
13
5
84
117
7
73
6
44
26
15
126
128
18
81
9
102
9
11
19
18
47
62
59
72
86
81
84
33
150
49
70
62
54
17
2
1
60
11
67
55
36
43
0
53
21
47
65
53
5
47
18
8
50
20
34
79
42
6
25
50
77
66
38
65
17
47
78
18
28
23
26
0
15
90
5
36
62
120
7
77
92
94
2
33
27
160
11
60
63
65
29
70
75
57
11
13
24
75
42
47
118
18
28
29
14
60
2
84
38
55
17
70
9
32
21
84
41
3
31
6
8
26
51
56
16
110
48
28
31
53
53
21
73
88
130
113
11
11
64
66
70
75
35
85
82
56
56
24
47
106
9
9
41
44
13
17
54
25
69
26
54
32
19
37
1
83
13
22
19
39
4
28
5
90
59
31
47
7
56
43
27
10
105
102
63
3
47
25
10
64
34
56
50
39
42
10
14
11
29
53
41
60
34
79
124
104
56
21
16
13
49
59
54
58
158
33
100
103
38
3
11
10
5
89
86
69
3
128
97
53
10
11
19
71
44
32
100
19
80
11
3
76
63
62
99
34
52
25
21
24
41
60
34
6
108
65
3
26
9
102
0
42
10
28
51
61
22
36
87
70
7
19
2
96
173
49
5
60
76
46
42
27
44
21
104
3
10
72
60
9
11
32
19
109
52
34
63
67
61
42
0
52
15
45
36
41
75
10
108
21
61
82
13
67
39
24
60
83
14
91
55
3
53
18
10
13
37
25
39
46
15
4
106
70
94
19
37
44
46
47
85
1
87
59
33
12
10
39
1
18
16
17
23
74
33
20
35
21
7
62
22
52
39
44
45
94
86
1
24
19
16
132
64
13
23
12
19
79
26
35
31
64
23
101
10
9
25
47
30
67
22
17
22
3
63
43
48
33
102
1
97
39
23
127
2
17
47
39
8
15
42
54
27
15
25
25
162
18
19
23
113
17
21
53
1
25
14
66
3
44
25
136
72
50
5
16
22
6
10
30
60
26
102
72
27
132
22
141
36
25
52
4
26
138
10
27
19
101
27
44
11
30
42
40
43
24
6
14
9
17
58
65
55
108
33
21
45
11
48
1
3
63
57
11
49
23
38
68
80
62
58
12
5
6
18
3
0
19
19
69
40
75
72
68
43
1
32
81
77
42
77
94
4
51
44
16
7
60
6
11
5
19
30
4
65
0
4
58
59
51
0
30
67
9
18
84
41
27
25
22
75
46
6
23
69
82
9
22
58
31
62
2
20
29
9
12
34
54
42
44
4
127
45
90
53
76
30
4
9
88
16
57
10
23
1
8
35
7
35
32
14
46
53
103
27
35
63
55
70
3
22
25
16
11
13
2
73
25
6
35
6
50
12
12
99
127
50
68
77
25
120
58
11
98
3
32
4
42
113
85
1
49
3
38
15
37
16
22
82
34
43
59
18
43
15
63
76
58
12
9
20
23
49
1
68
79
18
46
32
61
25
37
15
18
21
36
26
21
76
4
32
46
1
27
58
11
67
22
37
45
58
23
45
64
29
16
36
112
29
29
68
53
72
55
7
6
65
8
53
12
36
9
2
28
53
72
73
99
57
21
34
12
18
74
61
31
10
69
106
12
55
7
25
32
61
68
2
55
105
27
15
22
15
61
18
2
24
44
41
20
11
99
60
38
101
20
69
67
61
71
59
24
19
14
77
47
68
146
33
39
29
22
17
17
24
39
4
34
19
113
55
65
6
50
1
25
45
46
15
117
16
11
58
45
65
14
24
11
70
19
22
62
112
44
3
38
22
16
113
62
67
59
7
26
9
53
17
38
62
77
12
69
40
13
38
47
43
25
37
16
3
133
83
19
115
90
24
54
19
69
27
44
42
49
19
103
78
51
40
36
6
3
31
63
12
20
54
27
45
34
35
35
32
62
43
52
49
34
4
3
3
12
25
59
19
24
60
10
94
35
20
45
49
81
69
41
46
33
45
55
1
15
42
6
28
17
108
11
134
72
8
3
68
59
7
56
25
28
71
9
98
58
80
39
31
7
39
56
46
90
3
1
43
32
17
43
54
3
1
24
21
25
74
117
70
31
99
9
32
52
11
45
9
24
28
28
116
35
26
35
76
8
48
53
9
15
54
10
9
50
37
19
51
52
30
50
11
9
88
55
58
14
22
104
36
34
73
42
24
10
37
21
99
49
14
78
11
101
49
16
104
43
27
40
22
91
58
21
11
45
47
40
78
88
27
27
8
6
2
50
24
38
24
39
33
22
0
16
49
54
1
42
85
48
34
5
11
77
8
19
44
48
10
42
27
90
27
28
1
20
44
72
74
73
98
53
9
48
44
4
27
105
98
41
2
103
29
72
8
51
92
32
10
20
31
29
15
26
28
31
10
14
27
11
79
47
7
44
16
18
48
37
82
14
66
44
83
23
42
28
52
10
54
4
24
44
12
15
58
21
34
22
91
77
2
35
26
40
100
51
25
59
10
11
99
30
12
150
25
25
48
35
11
101
91
20
10
26
81
63
105
44
25
18
17
4
14
47
14
12
61
73
15
40
83
69
34
94
6
26
13
32
59
47
43
14
6
30
37
27
15
6
71
49
35
92
8
19
24
15
33
14
4
47
33
7
3
39
1
32
120
15
21
21
22
5
16
57
5
11
13
87
26
29
6
17
31
56
2
28
9
20
43
6
22
36
97
18
23
11
10
91
25
41
53
25
1
153
88
107
10
0
28
7
63
103
4
17
85
1
16
64
19
16
43
34
40
32
52
24
59
58
13
8
25
29
86
98
24
22
6
28
39
21
58
13
67
32
101
0
26
27
48
9
41
11
23
15
2
12
32
10
49
39
19
34
56
24
66
24
16
3
34
41
41
66
20
4
32
42
54
71
0
42
89
92
49
66
31
26
61
7
28
57
40
60
31
133
70
24
38
37
52
16
33
63
3
10
37
61
26
11
46
1
40
43
37
25
48
64
32
13
31
1
15
34
25
6
5
34
39
12
38
52
59
50
125
27
98
42
43
9
55
29
7
40
40
28
17
21
6
4
4
70
59
28
26
14
11
11
27
111
0
66
8
15
49
41
21
0
65
72
68
6
67
35
10
20
24
74
10
33
84
80
20
2
96
26
24
3
14
24
10
52
54
5
2
68
32
51
54
17
150
24
19
6
14
3
69
33
35
37
5
11
30
2
11
33
10
83
69
25
3
46
2
58
63
18
16
28
15
39
93
7
34
4
11
118
60
44
49
82
48
22
50
41
69
82
45
21
8
11
11
14
43
8
30
80
5
53
14
10
41
13
23
33
17
51
80
30
10
19
26
13
10
36
16
14
19
134
15
18
38
36
23
15
31
23
54
19
44
107
56
36
61
14
8
33
60
23
36
81
38
65
25
36
15
75
15
19
52
35
56
14
17
24
2
63
1
24
18
64
17
9
11
9
30
29
53
40
24
60
42
75
53
19
50
25
19
102
67
6
57
35
6
15
38
30
32
25
18
25
12
35
0
22
7
7
10
8
7
36
14
85
22
34
62
70
33
2
75
8
7
10
35
31
98
41
69
9
31
73
25
42
13
44
14
32
61
1
77
5
35
30
18
2
58
23
9
81
48
9
10
9
71
15
40
28
79
64
6
1
13
112
12
50
12
12
27
13
6
48
9
30
29
66
56
40
13
10
28
10
18
18
13
55
34
68
24
6
68
15
25
21
38
33
13
23
25
46
58
11
71
25
73
10
5
11
3
26
33
5
37
102
20
35
91
36
26
29
13
5
20
56
75
9
12
14
43
45
3
6
92
40
82
7
3
75
19
56
52
20
26
14
47
15
18
14
2
36
19
0
16
29
11
11
91
37
11
37
24
47
22
32
80
44
59
11
2
17
84
42
62
6
60
0
16
25
32
3
17
19
4
4
42
35
3
69
71
19
28
7
15
70
23
15
47
1
7
30
41
49
1
18
11
60
5
15
39
4
67
21
33
32
31
52
7
19
52
20
24
49
36
19
36
26
1
73
46
37
91
69
13
13
23
14
60
58
37
93
14
1
40
8
30
41
39
68
69
7
47
33
37
2
17
7
28
4
53
71
25
19
9
51
45
33
35
59
34
3
21
17
7
32
27
1
3
62
74
46
74
9
41
13
32
20
48
6
20
59
10
54
77
5
30
45
31
42
62
83
33
8
56
3
49
37
18
24
10
5
51
29
42
3
36
2
13
17
49
42
25
34
2
32
33
33
19
58
73
20
61
12
97
45
25
2
74
1
35
9
83
47
15
24
56
7
57
35
49
1
81
14
12
50
4
22
14
26
23
9
9
44
48
17
20
55
45
11
21
3
31
49
25
36
118
81
35
18
16
25
38
41
1
55
54
14
37
62
14
19
3
21
17
57
29
38
6
5
19
33
11
66
31
1
13
12
8
41
19
29
47
3
56
55
58
94
30
10
42
31
5
25
31
20
21
10
28
10
2
45
4
19
12
39
94
1
47
25
50
11
37
65
29
37
21
49
13
27
76
44
36
7
12
51
7
9
4
42
66
38
14
0
9
7
43
41
25
33
13
42
1
60
23
57
76
8
61
53
12
36
47
41
73
59
43
43
50
48
22
29
5
31
74
75
5
10
41
24
14
59
81
22
11
52
33
12
8
16
17
24
35
28
37
35
79
26
15
32
30
62
40
14
46
59
32
41
63
47
6
63
43
5
47
51
102
47
40
65
24
36
27
61
10
4
15
2
5
9
24
28
7
34
2
9
34
31
20
11
56
5
7
14
10
35
17
2
50
60
28
10
14
10
17
8
55
35
47
18
16
3
35
16
11
0
6
34
24
34
1
14
21
21
1
36
18
12
45
7
90
22
1
52
4
31
10
15
21
32
5
29
10
40
10
17
2
53
48
34
30
39
11
1
30
39
25
64
11
43
46
17
37
32
18
7
84
27
69
46
27
56
15
6
17
38
21
72
2
56
31
43
39
51
10
14
5
11
7
31
53
14
41
23
25
7
13
20
48
13
7
9
13
39
44
2
41
3
52
46
43
11
18
38
12
43
9
27
24
16
52
48
45
23
6
27
15
49
42
18
36
47
3
19
11
16
46
40
7
2
2
16
34
33
8
59
2
63
13
9
39
46
55
22
4
23
7
11
48
39
32
13
3
38
28
12
38
6
25
32
25
13
9
8
20
24
4
13
8
30
9
48
43
27
28
15
25
86
22
16
35
3
1
3
0
49
6
52
36
6
48
36
0
6
40
12
21
27
17
1
30
4
4
26
14
55
10
14
35
24
34
16
40
12
8
39
12
20
12
11
27
21
34
17
49
4
17
16
32
54
38
19
29
64
1
16
38
1
14
29
23
7
59
56
12
52
20
33
22
41
29
28
2
4
23
17
15
8
6
31
1
15
17
28
9
45
43
39
55
13
17
37
9
40
96
12
7
11
11
15
69
22
22
11
21
26
9
14
47
8
22
33
4
1
22
19
26
5
23
19
18
23
40
14
28
29
4
21
77
52
4
26
19
12
16
19
3
60
15
18
5
26
41
37
3
32
5
43
27
38
16
14
13
33
4
44
4
6
15
13
10
48
16
14
4
3
23
28
1
7
51
31
16
7
18
41
15
5
7
7
10
2
12
28
6
26
34
15
15
48
26
38
15
18
9
17
52
23
19
15
2
9
13
7
3
49
79
16
5
7
10
55
24
2
24
30
2
20
10
31
3
34
0
48
18
31
9
40
1
25
3
42
19
7
13
10
2
28
8
13
12
18
24
24
39
3
18
23
20
25
13
55
8
4
21
23
24
0
6
20
47
6
16
70
22
33
9
7
7
7
28
40
9
6
20
17
25
36
17
40
8
43
11
0
5
16
14
24
3
36
13
4
16
49
33
1
1
3
43
50
16
58
28
4
48
60
21
11
21
34
12
9
6
21
9
25
37
0
5
35
16
11
39
50
21
5
34
22
16
20
8
5
23
51
28
24
9
37
55
4
26
26
41
3
14
26
2
39
1
10
12
26
8
1
4
8
28
1
31
38
23
17
11
4
24
26
33
36
18
5
2
8
46
16
50
29
44
29
1
11
14
4
10
26
38
2
15
10
44
13
6
32
11
26
12
4
15
17
19
9
14
26
8
3
25
11
32
12
58
18
29
9
76
0
38
45
8
3
20
46
24
25
8
33
12
22
20
12
59
4
26
26
22
14
9
23
8
6
4
32
7
7
19
8
18
1
29
12
12
8
47
46
7
16
4
1
21
3
12
4
20
20
0
8
1
17
7
27
47
20
8
35
12
4
0
8
12
13
32
2
13
31
5
3
41
17
11
23
3
34
29
2
40
27
41
9
11
3
22
16
31
6
11
14
1
14
15
33
19
2
54
9
2
15
5
33
44
25
19
23
9
18
2
14
4
3
10
8
8
27
12
23
18
32
8
16
26
1
38
53
23
17
8
13
65
4
7
2
5
10
8
9
6
12
36
14
2
14
21
26
5
18
24
18
30
4
42
9
7
1
13
19
28
8
9
20
28
12
4
11
17
34
9
16
18
7
2
10
11
17
5
24
10
45
42
4
0
17
5
3
12
8
8
0
14
5
24
2
13
8
12
17
8
22
27
12
0
14
7
8
7
3
31
1
6
7
19
10
21
10
13
10
32
21
28
2
10
23
9
16
4
12
19
7
23
7
23
9
9
12
13
28
7
5
3
10
30
15
18
12
8
30
14
23
6
13
12
12
5
27
5
26
12
11
6
41
4
11
20
5
15
23
5
34
37
14
15
25
18
8
20
3
41
11
2
10
7
12
16
39
1
8
30
20
14
15
4
4
8
22
18
11
7
17
20
7
11
5
5
22
7
19
15
0
1
20
11
24
10
22
13
5
46
1
31
13
16
17
14
19
15
2
4
10
2
12
10
0
1
20
14
7
21
7
13
20
16
1
19
8
26
1
1
4
14
8
20
7
16
6
12
14
18
2
4
4
8
20
17
9
0
12
4
6
5
11
10
4
14
17
8
31
18
0
13
4
9
14
32
24
15
9
3
3
10
8
2
17
14
8
7
2
4
19
4
1
21
10
7
2
2
14
13
18
3
5
14
6
8
0
4
12
4
6
5
5
5
8
1
5
2
8
2
12
1
7
9
1
8
5
6
6
14
6
17
8
3
10
10
4
1
11
7
5
13
5
11
7
14
3
5
25
7
9
1
13
4
10
7
9
0
6
6
1
3
8
6
9
1
1
7
3
6
2
4
7
3
6
2
5
3
6
1
3
0
7
10
2
0
1
4
0
5
2
2
8
3
8
5
1
3
0
2
4
2
1
3
1
3
4
2
1
4
2
0
0
