15
8
0
0
10
5
0
3
8
21
10
4
7
1
6
14
7
6
44
44
5
8
15
16
0
7
10
2
9
37
18
10
15
26
12
6
26
21
20
5
10
2
16
10
13
4
4
19
4
23
23
4
2
7
28
21
22
20
1
12
1
26
6
25
4
19
2
35
47
29
19
9
27
12
7
15
16
8
22
5
23
8
27
12
3
25
13
39
9
11
4
2
25
23
2
30
5
5
45
6
12
24
9
20
0
30
21
0
19
11
12
2
19
22
3
21
21
3
10
3
11
15
2
7
4
13
13
6
31
6
16
9
14
14
32
41
5
14
4
5
7
12
5
10
19
13
12
12
10
11
4
0
3
7
11
9
6
12
20
11
5
0
12
6
10
19
3
11
3
11
7
1
19
6
2
23
3
11
5
28
9
13
10
8
13
2
24
7
2
16
8
9
10
9
8
14
13
25
5
5
15
36
18
11
24
0
5
4
21
1
21
5
16
6
2
20
6
0
5
1
17
6
23
2
9
3
3
11
4
1
18
7
8
12
5
0
17
12
5
5
14
0
6
1
20
8
14
3
1
16
8
24
7
8
2
8
2
11
3
2
6
5
11
13
4
2
2
16
2
8
11
2
3
16
12
4
6
5
2
10
9
3
13
5
6
3
12
0
8
6
1
2
7
8
3
7
10
1
2
4
11
3
6
9
3
6
14
14
5
4
1
9
3
1
8
1
0
0
1
9
0
1
1
5
0
1
2
0
1
4
1
1
1
1
1
3
4
1
6
0
3
2
0
2
4
1
1
0
0
0
