44
58
69
17
27
27
9
4
45
80
13
7
46
78
79
24
19
13
58
10
8
51
15
34
3
38
51
11
79
7
64
7
41
17
50
10
14
18
11
37
35
73
23
35
34
81
46
77
1
112
66
51
41
49
41
56
55
17
4
22
18
0
74
9
50
13
63
43
110
13
95
20
55
62
26
77
76
31
44
1
37
4
37
55
25
25
27
59
30
68
43
17
26
26
10
36
86
100
30
93
12
31
2
29
33
44
15
38
71
68
11
12
84
26
81
20
91
51
28
31
37
16
45
11
27
90
36
23
49
9
23
105
8
64
8
89
27
128
3
36
42
30
27
4
88
48
67
51
11
157
7
76
49
66
117
7
55
27
14
49
54
18
59
8
106
38
73
45
94
42
45
17
26
0
30
15
57
9
2
27
94
165
13
14
1
18
89
125
46
122
120
9
71
128
20
102
3
12
22
135
32
24
131
45
69
73
20
57
29
25
98
47
24
8
75
35
40
25
33
62
16
3
105
23
34
4
9
37
149
27
26
50
14
8
33
16
5
3
72
51
28
36
28
115
88
10
38
77
36
25
46
3
31
35
11
38
38
19
70
68
60
32
55
22
36
58
44
20
76
60
79
5
62
107
66
86
89
59
57
7
12
51
88
55
28
54
33
43
197
73
1
72
35
12
10
53
15
28
18
6
73
41
16
6
66
107
61
53
47
74
103
68
25
51
60
28
76
38
47
60
18
19
47
35
25
7
47
27
70
75
48
75
1
47
13
2
31
34
115
41
28
44
82
28
65
78
5
25
53
4
53
42
70
2
10
31
67
70
44
3
103
114
61
11
27
51
64
3
7
66
36
53
82
14
155
95
26
23
21
123
73
55
37
131
59
30
9
21
19
54
77
61
91
74
12
15
49
48
42
3
12
7
46
141
22
41
46
26
44
160
47
63
41
24
139
60
44
21
26
72
8
59
40
37
19
66
25
85
38
53
5
9
82
137
59
64
37
84
20
39
11
5
63
24
12
0
62
30
19
124
75
49
54
28
15
11
42
46
47
9
4
50
29
32
43
88
22
1
10
30
10
68
1
55
9
42
0
28
23
51
15
8
70
13
6
64
27
34
44
48
56
1
65
135
47
23
66
65
78
62
67
99
25
115
67
10
83
17
30
31
21
27
24
58
35
118
68
29
21
36
62
84
21
78
45
54
65
53
134
91
36
20
63
46
15
15
58
33
20
46
58
34
19
8
18
61
37
105
48
62
2
32
72
1
113
4
6
12
59
26
62
115
22
50
54
49
74
14
35
17
7
75
173
15
8
17
4
15
31
89
56
5
61
63
71
17
21
46
62
34
68
105
4
84
27
39
63
10
64
91
26
30
51
42
56
64
4
17
44
58
12
5
70
20
106
24
101
40
14
85
43
11
8
45
49
48
61
18
47
34
33
14
43
52
3
20
52
23
26
108
108
91
0
4
47
122
38
33
7
40
31
38
27
26
94
17
30
12
67
64
18
134
8
41
31
16
31
16
61
13
77
72
60
67
26
58
25
74
34
35
76
37
15
25
5
51
25
34
22
51
8
39
51
111
81
19
96
27
24
41
15
1
46
79
61
40
39
48
83
2
61
82
41
46
13
46
11
49
2
6
73
77
62
11
28
43
53
43
80
42
60
25
23
14
30
63
10
1
52
19
47
49
9
17
63
56
47
4
33
119
146
29
2
43
75
71
15
71
64
23
28
34
31
43
25
78
13
4
29
47
54
2
68
19
89
58
2
43
33
36
18
46
43
55
59
65
79
30
108
52
40
31
28
109
111
90
65
22
15
6
57
13
60
48
14
45
57
35
59
4
24
81
32
118
44
73
113
32
48
27
17
25
97
46
66
38
96
12
25
31
36
22
5
89
1
3
60
44
30
66
2
31
30
18
1
46
28
30
17
26
18
82
4
38
23
43
38
23
37
11
118
51
65
10
15
59
64
4
27
30
1
119
70
28
74
11
22
57
61
34
102
22
30
73
48
32
42
6
32
55
8
8
49
76
66
46
38
19
126
14
38
2
32
46
7
19
61
1
52
0
8
7
40
92
45
81
69
37
11
27
13
29
90
8
11
49
104
59
29
76
30
1
52
78
50
8
33
62
13
33
17
14
26
25
92
86
13
11
1
13
14
36
53
66
119
70
68
14
32
43
38
24
1
47
13
15
25
78
130
64
56
28
51
11
8
65
130
26
2
31
68
51
1
47
56
9
12
24
18
1
79
18
31
29
22
66
30
16
53
59
8
81
19
78
34
9
45
42
1
74
57
37
14
15
2
54
10
2
75
11
41
41
34
79
87
1
29
52
36
20
44
17
40
27
25
35
1
58
75
22
3
17
33
54
57
5
56
27
20
75
3
55
99
58
45
36
29
51
1
20
79
27
15
70
17
64
48
15
12
41
66
114
43
3
43
21
13
11
34
11
55
39
11
42
3
15
0
43
55
31
35
59
55
26
12
12
20
8
80
48
6
82
37
26
9
46
21
68
69
23
69
10
34
67
55
24
62
36
47
5
47
5
77
127
9
46
104
22
94
58
29
39
82
49
39
28
6
15
13
10
36
7
92
2
35
8
30
55
21
35
18
20
8
8
12
7
44
109
18
112
57
33
15
66
27
53
24
7
4
33
58
2
88
51
12
63
29
4
40
47
24
63
25
50
32
27
45
12
18
3
40
10
38
16
19
95
23
38
26
2
6
18
47
28
58
76
83
20
19
40
29
6
24
31
0
39
54
46
82
61
13
36
33
6
77
121
6
4
52
55
35
53
21
86
1
37
23
44
74
25
11
6
39
78
82
31
65
40
23
84
10
7
16
43
11
113
0
77
81
72
149
65
34
10
28
2
46
25
31
23
49
79
69
117
30
61
23
2
0
57
72
1
94
15
16
17
42
22
36
0
18
14
2
12
53
1
26
16
37
58
25
6
87
1
2
40
31
14
15
11
102
39
52
45
0
53
73
37
21
15
7
72
27
50
16
41
10
33
7
57
122
48
5
47
38
26
45
49
44
49
22
8
30
5
53
6
24
102
16
10
12
82
28
71
46
3
47
59
68
47
26
87
45
2
34
80
3
12
38
52
45
0
45
53
39
36
47
62
76
12
5
78
40
100
26
70
58
38
84
79
13
37
28
40
32
38
86
35
8
42
17
7
68
32
81
66
44
11
23
3
11
32
24
165
62
41
43
73
55
36
7
27
62
84
5
69
39
54
47
34
38
25
10
55
32
21
44
36
57
66
21
46
29
62
2
43
12
2
64
28
20
18
27
80
3
2
52
114
11
82
76
25
17
20
23
9
24
12
44
22
33
23
47
82
7
51
53
31
14
18
22
76
22
33
7
11
74
56
43
22
3
9
35
12
85
35
26
53
20
34
34
104
47
27
58
4
71
106
12
12
7
12
33
0
60
65
6
24
60
41
102
35
20
38
29
2
36
147
40
14
18
10
31
57
54
8
74
34
9
36
37
9
23
103
26
59
108
8
59
40
61
25
17
19
27
86
47
17
25
50
8
37
11
57
101
19
1
12
1
41
93
25
28
100
16
78
29
26
84
15
34
44
25
52
13
9
48
11
96
64
53
6
94
50
40
77
11
32
84
12
22
1
34
9
14
16
10
15
27
10
4
33
19
18
72
17
12
35
5
18
25
39
78
10
9
109
42
30
40
7
39
18
2
12
3
49
52
46
72
59
18
90
25
28
23
7
56
15
32
14
39
11
51
8
65
26
44
34
119
32
30
57
12
29
6
39
42
23
10
27
19
45
18
27
6
116
57
28
50
24
16
6
17
6
70
75
1
8
57
105
70
43
43
54
15
16
49
52
27
16
36
20
89
56
20
29
34
18
100
13
13
5
1
38
62
2
17
55
18
26
64
38
17
17
58
65
36
23
93
47
0
30
25
59
49
13
23
8
30
13
39
17
39
35
81
1
11
88
54
34
34
7
64
56
34
22
0
16
45
22
48
41
20
4
13
55
66
55
41
42
10
57
13
1
36
9
13
76
46
1
15
90
6
14
22
2
26
24
45
28
16
33
4
5
10
6
71
33
51
66
21
31
5
3
62
25
71
11
15
20
35
103
88
61
28
50
6
21
6
29
20
30
49
4
25
70
73
5
14
16
61
38
65
2
2
30
16
10
3
38
48
37
18
32
9
10
37
68
26
78
32
8
14
33
57
15
86
11
44
21
41
33
19
48
120
20
3
10
22
15
9
13
20
4
54
31
11
30
32
40
46
32
14
11
51
6
2
38
62
55
28
12
55
39
49
35
40
50
18
35
5
75
16
49
59
33
2
52
35
3
30
21
2
20
9
7
82
15
16
14
70
0
3
16
7
11
1
51
52
48
3
25
53
4
45
32
27
38
34
2
5
13
70
54
27
50
112
8
18
12
37
7
15
9
47
31
39
73
3
11
33
45
52
57
11
14
23
7
3
49
13
35
19
33
8
45
8
22
15
24
8
29
3
25
21
8
13
7
14
40
92
22
17
32
19
5
32
17
10
42
54
5
32
49
28
13
12
28
1
96
19
11
77
4
28
60
37
23
26
17
29
6
41
33
13
58
5
19
71
33
19
5
27
5
61
42
10
9
77
3
19
26
26
75
20
15
68
20
16
8
38
9
62
4
18
18
9
28
88
43
30
42
38
65
17
58
33
50
17
7
8
28
2
34
5
56
53
32
30
75
13
34
24
3
5
7
15
32
25
18
36
46
9
2
99
32
6
11
14
35
47
52
32
41
36
55
12
6
27
21
12
8
25
30
47
17
64
76
38
8
47
9
3
13
47
1
60
25
31
27
26
70
19
71
14
68
5
55
24
26
4
7
44
19
12
25
13
2
35
19
4
90
7
57
20
18
47
19
3
2
31
27
36
21
17
31
77
9
9
19
10
44
70
9
8
54
60
46
15
41
103
2
23
44
43
44
13
32
4
59
20
6
23
21
30
23
2
11
19
29
60
42
14
49
14
71
20
5
66
41
11
31
37
38
8
47
19
35
26
34
12
45
3
38
37
59
19
16
36
34
16
15
43
58
4
57
3
71
2
44
2
72
1
2
10
34
53
47
21
59
50
52
7
31
23
64
9
18
45
38
44
71
28
5
0
33
49
2
27
30
35
59
1
11
18
20
10
12
45
22
8
39
4
15
1
8
77
52
8
25
11
9
10
3
2
37
93
8
72
31
9
40
32
43
54
7
69
34
33
48
7
5
37
35
22
34
7
30
36
29
48
1
47
4
53
2
5
2
61
42
23
29
36
32
33
87
59
13
9
13
30
17
102
10
36
34
35
10
48
46
19
16
17
13
40
11
18
44
16
16
48
7
53
29
12
61
25
61
50
32
14
11
6
22
38
27
23
16
9
34
39
26
18
0
46
19
30
34
16
3
33
18
29
62
55
16
25
18
41
43
8
29
12
27
5
46
16
73
46
42
19
8
15
85
40
35
3
11
14
29
11
15
15
44
10
36
8
42
3
31
14
37
28
41
37
42
30
62
52
1
53
22
9
23
28
81
18
23
37
8
33
46
22
18
8
45
13
58
13
19
72
8
10
34
11
20
20
9
11
23
39
55
3
25
47
14
18
1
32
2
68
23
60
17
19
2
2
21
41
18
32
61
15
69
1
24
31
9
25
40
12
17
17
30
12
18
5
20
71
32
10
12
7
15
32
19
30
61
20
73
3
9
10
6
16
53
10
17
32
9
47
36
73
35
43
2
14
13
11
25
22
10
18
12
87
17
32
69
5
36
48
23
29
5
50
20
49
1
11
21
35
40
10
52
39
2
51
24
11
8
58
2
15
57
82
35
3
42
24
3
49
23
39
13
34
4
2
62
9
13
6
32
22
28
27
2
28
28
53
5
11
86
17
24
2
56
28
33
42
38
5
12
6
0
15
6
45
34
32
13
11
24
23
53
17
13
28
19
45
50
10
23
45
19
59
2
6
2
56
27
4
7
43
43
34
30
27
21
8
5
10
4
17
13
32
66
23
7
10
32
10
42
35
31
49
27
15
8
78
11
5
31
1
6
31
36
12
29
40
17
27
2
63
14
43
16
42
84
64
18
11
15
35
22
7
11
24
15
29
13
1
13
9
7
37
33
53
7
13
65
2
7
10
1
11
27
18
17
42
56
46
12
3
12
8
5
2
10
32
7
1
19
7
28
2
18
8
47
57
13
15
8
60
18
23
65
1
1
31
18
16
7
35
11
24
66
26
13
44
1
21
38
13
13
37
17
3
24
59
19
46
15
22
2
17
44
11
7
20
11
17
41
29
26
38
23
3
14
32
15
17
11
7
18
46
41
3
11
6
6
39
50
23
15
28
47
20
24
20
21
5
2
40
48
23
12
20
6
6
11
30
14
22
6
14
11
42
50
5
39
4
9
4
4
4
27
43
36
41
9
34
10
4
1
3
11
21
10
5
8
1
56
38
0
3
10
1
18
16
10
37
11
42
44
33
33
8
18
2
10
31
11
13
4
8
1
18
4
21
35
2
34
28
15
34
2
5
16
64
26
4
6
28
28
8
74
15
72
3
13
11
15
4
38
23
46
11
13
33
43
18
14
4
1
14
4
31
29
38
27
7
8
9
20
14
10
6
40
18
7
46
22
4
40
0
14
7
41
33
16
10
13
34
1
31
22
7
5
15
9
9
57
15
4
28
37
6
12
14
5
12
31
18
33
8
41
44
20
0
5
7
11
19
13
11
22
10
0
29
15
2
24
65
10
40
28
5
34
11
1
24
33
21
32
15
30
4
21
22
1
17
15
8
14
1
35
4
15
20
21
27
1
33
46
1
20
8
21
34
27
55
7
21
2
29
2
9
7
0
23
19
17
39
22
3
29
32
32
12
21
8
16
9
24
15
14
3
14
20
9
17
23
25
9
8
4
14
21
31
18
13
18
6
18
19
15
36
34
4
10
7
32
20
12
24
12
9
6
12
8
31
7
1
8
6
1
32
29
8
47
19
7
14
3
24
28
1
15
7
7
35
7
2
19
6
33
2
6
13
6
2
8
21
20
7
3
9
26
9
2
5
7
34
47
16
25
27
5
13
9
4
5
7
9
9
5
15
1
9
23
26
10
5
13
5
17
9
29
3
3
13
9
8
22
19
47
13
24
20
13
41
7
18
14
3
6
4
4
11
3
5
23
10
20
14
19
8
31
14
7
25
3
27
12
1
18
7
24
2
32
1
1
5
10
36
12
22
24
16
1
14
3
11
7
24
35
18
9
11
26
7
5
0
8
15
2
23
14
3
18
45
18
12
10
8
2
10
5
22
3
3
34
20
1
14
17
3
6
13
34
11
26
18
16
1
17
1
6
6
0
21
31
20
12
8
25
12
13
16
22
5
23
0
0
14
3
5
9
12
19
21
4
28
31
10
4
14
12
1
1
14
12
15
14
3
1
10
30
7
6
6
15
7
8
5
4
8
5
27
21
10
1
13
16
4
11
8
4
1
12
3
0
24
8
19
1
2
6
41
29
4
4
18
41
18
13
8
3
1
20
30
9
6
5
2
11
5
8
4
20
14
6
15
3
25
6
10
6
16
3
11
5
2
9
11
17
6
0
8
1
7
16
25
8
20
18
5
2
19
10
3
3
11
20
7
16
8
14
11
26
5
1
12
5
1
5
4
15
2
28
8
1
4
17
13
5
16
2
5
4
9
14
6
6
10
16
16
16
7
8
0
5
7
5
15
3
12
0
6
6
0
12
19
14
15
2
24
2
12
11
2
2
2
19
23
7
0
10
7
5
2
4
7
17
2
4
3
3
6
3
1
11
4
4
4
1
2
7
12
4
12
3
9
2
3
4
13
4
8
10
1
3
6
5
1
1
1
8
6
0
8
6
6
4
1
5
4
6
2
0
2
1
2
2
3
4
1
4
2
1
