64
24
11
6
25
62
3
36
4
1
4
6
15
29
10
55
34
1
100
20
20
15
84
35
14
20
11
62
37
19
58
10
13
63
20
68
5
23
33
83
7
11
56
41
25
2
41
37
15
12
22
17
8
82
53
17
33
6
72
18
76
35
50
96
85
31
16
10
18
18
18
118
41
38
20
68
49
42
50
59
48
7
20
61
3
69
48
73
19
49
2
46
68
12
28
85
59
2
20
8
64
6
56
6
6
52
105
58
15
54
59
87
37
8
61
30
145
34
44
144
0
46
82
57
15
23
70
122
35
67
74
100
1
38
97
6
56
13
59
133
54
40
23
29
1
77
2
62
86
27
50
61
141
79
7
14
30
18
6
43
14
85
1
59
47
9
67
14
38
45
22
56
33
15
16
55
117
5
67
71
62
39
18
1
30
8
7
66
26
80
17
75
119
45
24
10
45
39
14
25
81
61
21
16
1
163
29
12
40
30
87
66
33
55
72
56
32
56
5
100
5
31
73
31
24
5
30
9
42
12
27
32
43
50
103
12
42
30
13
43
0
43
87
38
28
62
49
51
5
19
9
24
8
100
12
128
10
53
34
92
3
26
96
108
24
98
42
99
48
68
20
9
140
33
96
20
47
96
40
6
16
45
74
57
56
141
49
79
46
79
27
14
101
106
33
55
75
31
5
41
22
58
45
74
7
35
69
53
17
30
34
17
3
62
12
3
26
109
111
133
28
18
14
83
40
21
18
11
45
40
56
77
23
24
5
15
71
60
23
10
1
30
132
49
2
53
50
64
24
136
73
14
13
32
83
75
6
26
23
69
61
11
61
4
36
72
92
6
45
128
126
86
37
21
71
14
51
92
10
27
47
23
82
70
70
55
63
42
56
11
14
34
61
10
30
51
9
23
35
78
5
19
47
38
60
73
22
100
85
19
19
52
0
70
45
56
20
18
33
53
13
6
43
39
22
5
5
8
134
28
111
96
33
63
16
21
28
1
10
51
44
70
117
13
38
115
35
54
49
37
25
71
18
26
15
3
67
14
11
10
34
11
15
2
35
55
51
6
50
166
36
27
91
61
116
82
22
81
62
92
51
25
102
0
68
57
20
64
28
2
52
37
22
188
62
14
79
42
45
68
74
65
13
5
6
68
18
46
154
11
5
69
32
46
19
12
142
2
50
53
70
8
17
3
11
35
1
68
33
46
11
51
32
59
14
34
49
35
85
38
23
43
39
27
12
24
80
2
8
4
49
36
60
54
10
68
77
5
22
75
86
43
74
4
6
122
2
36
89
36
68
88
19
35
62
67
12
18
33
29
40
28
35
84
14
38
25
23
52
93
6
24
88
141
1
30
76
175
62
21
6
18
64
9
35
23
6
14
23
66
3
139
36
30
12
18
22
14
35
90
10
36
18
5
53
66
40
72
27
94
16
29
23
96
16
19
106
65
6
66
3
30
85
6
168
21
44
83
3
19
63
1
4
107
65
30
55
69
96
19
109
39
119
21
45
63
3
45
81
7
28
117
13
82
47
33
8
30
18
27
35
18
53
56
66
53
22
33
12
57
28
54
1
45
112
38
8
46
6
26
52
22
66
124
35
34
9
41
31
132
18
144
2
47
30
10
16
47
53
8
92
60
31
82
49
2
10
15
81
5
37
46
70
4
17
30
18
48
80
54
66
39
27
86
22
29
112
0
29
67
64
27
16
4
14
4
55
4
64
79
34
13
13
80
50
33
10
66
27
21
44
67
41
12
71
4
35
45
20
70
9
40
36
54
12
10
19
0
4
65
16
96
1
110
52
141
7
38
63
8
100
0
1
31
10
36
44
16
11
39
22
2
35
5
13
11
9
7
2
45
4
29
39
60
24
20
52
31
36
85
79
100
15
16
62
108
16
7
43
73
26
1
26
1
23
19
2
32
66
14
29
102
1
3
9
25
80
58
36
52
57
43
34
26
20
79
21
28
22
22
56
132
47
3
35
1
40
18
27
6
26
19
118
23
12
8
14
52
27
6
128
26
41
50
86
78
6
13
79
26
2
51
10
66
59
55
12
50
34
4
5
82
5
61
43
18
6
65
24
110
5
37
36
22
54
20
6
42
20
11
37
10
34
28
107
60
14
42
50
107
6
5
26
27
9
114
41
3
7
131
120
69
68
61
32
123
63
114
11
90
61
26
30
17
5
16
50
43
14
2
18
42
38
50
68
38
32
45
56
51
51
25
44
32
28
58
16
3
40
12
19
45
0
42
55
25
3
21
19
18
38
46
2
95
17
41
32
80
7
69
80
39
55
13
39
44
50
3
7
54
26
25
42
31
11
70
3
37
21
5
39
6
27
5
8
40
4
107
41
8
71
35
57
13
5
56
17
8
17
28
70
21
65
70
3
54
8
39
36
54
41
11
41
10
10
60
22
18
23
6
38
20
40
92
13
67
21
15
81
7
41
12
66
5
57
47
19
14
49
64
1
39
15
9
106
30
51
81
35
41
67
42
21
3
36
11
44
31
49
81
6
18
36
9
38
40
75
11
74
10
22
63
4
3
98
74
20
27
75
26
1
50
49
47
15
30
103
55
30
30
56
143
52
34
5
10
18
65
53
41
67
1
100
56
93
47
0
56
72
99
50
45
48
55
82
31
15
99
41
6
19
16
44
74
2
34
43
56
6
13
62
45
57
104
10
14
40
34
72
15
36
72
16
50
23
22
81
73
3
24
7
29
33
41
10
44
146
11
25
33
10
108
9
27
9
12
31
72
19
37
23
2
34
33
46
18
49
29
31
106
2
24
21
34
55
70
45
13
20
77
4
111
82
29
86
26
8
22
20
103
80
58
30
8
70
8
73
7
7
18
38
62
52
31
16
25
3
37
7
19
91
5
90
70
17
5
2
30
5
21
21
16
67
106
55
51
2
56
3
38
49
6
5
5
41
38
18
64
12
22
62
38
58
29
108
3
50
1
6
37
20
62
78
5
11
35
5
24
10
40
56
54
12
7
10
89
11
30
19
56
14
69
21
102
87
38
22
37
42
22
78
29
52
26
144
4
47
8
75
34
33
29
9
84
66
62
8
22
42
12
80
27
24
18
38
5
96
21
23
95
32
30
47
49
10
35
84
89
58
2
76
17
28
155
92
28
78
20
45
57
18
95
5
31
52
32
60
107
45
48
53
122
71
39
8
27
2
10
107
40
85
12
37
47
49
49
36
35
7
4
12
17
24
28
59
28
53
24
133
3
17
48
106
63
121
68
68
31
71
12
35
43
43
8
52
16
37
44
9
1
57
43
79
5
77
10
3
9
13
28
18
6
54
5
30
12
9
31
58
12
23
24
56
19
7
43
39
30
65
21
49
37
64
6
63
32
24
1
58
35
90
82
64
52
40
37
44
12
11
12
38
11
1
60
31
80
32
91
47
59
40
9
1
48
15
12
53
20
51
17
46
54
72
41
27
53
9
80
9
21
47
26
7
53
8
68
14
54
17
33
15
19
62
14
21
7
56
52
45
59
24
36
37
19
59
14
13
43
16
29
1
35
1
9
40
19
32
21
24
58
17
9
36
86
76
30
54
17
45
24
36
48
33
19
2
29
68
58
119
16
24
62
98
69
6
47
48
34
86
32
9
25
44
12
53
19
6
16
5
68
15
21
7
12
21
114
10
25
21
36
83
50
24
5
13
9
16
13
30
64
35
46
10
75
30
54
79
26
47
27
26
20
72
6
65
59
14
25
51
8
49
86
9
18
4
3
9
40
26
11
22
35
56
85
39
5
68
88
9
26
14
64
37
5
19
78
14
9
60
6
14
55
6
21
48
7
53
4
26
9
7
71
11
11
7
12
128
47
24
10
52
31
10
8
2
54
22
11
21
4
3
34
40
0
35
52
30
6
10
55
102
92
47
18
63
2
63
15
59
37
35
31
52
45
34
40
69
13
96
49
30
10
11
4
20
33
29
102
67
15
25
3
36
80
14
6
16
8
15
39
30
24
1
42
16
16
7
41
54
50
24
68
12
6
3
39
6
31
12
16
17
38
95
28
21
46
19
14
18
11
34
69
44
34
15
30
31
1
92
28
3
43
76
70
20
36
25
35
46
39
20
7
13
38
29
29
30
24
23
2
14
98
20
50
23
20
50
15
11
41
32
15
25
21
2
44
20
5
28
25
47
34
38
12
24
19
63
29
53
11
17
43
46
1
15
18
9
14
5
30
30
47
54
16
32
30
19
11
58
40
1
9
34
15
30
35
18
8
55
3
99
28
90
43
68
57
129
28
38
43
13
31
18
109
31
36
4
36
15
42
32
36
9
26
37
63
17
11
47
7
19
61
12
10
6
42
0
36
55
64
7
14
84
13
3
42
12
21
29
10
68
34
4
21
40
63
12
13
52
4
62
57
12
3
26
14
41
13
1
27
105
5
28
98
11
56
49
55
63
15
4
3
122
36
52
22
71
8
11
28
77
10
10
26
3
13
40
5
27
29
17
47
51
17
50
44
52
45
31
33
5
74
2
5
80
8
46
19
53
9
138
8
21
37
43
21
14
6
62
2
8
51
47
44
31
30
57
31
133
11
42
29
1
15
71
26
11
81
39
74
4
61
50
23
57
18
40
46
66
4
30
36
15
25
41
22
6
38
13
1
59
20
47
9
12
36
42
24
38
20
108
8
29
14
12
33
36
48
64
21
8
40
58
48
10
8
29
53
20
31
8
79
62
9
25
49
21
10
57
26
19
11
9
40
38
31
95
19
16
51
7
29
32
49
9
19
46
42
27
3
21
29
18
17
42
52
70
76
29
20
41
46
21
31
35
8
22
87
2
10
34
63
20
13
8
43
79
38
81
26
79
23
65
27
41
26
39
59
61
14
19
49
52
29
27
6
28
15
7
58
5
9
29
19
63
43
29
44
22
41
49
32
12
37
23
8
10
58
36
30
11
52
57
5
9
4
16
9
35
36
9
35
58
59
28
10
16
11
17
42
39
35
25
29
0
47
16
30
5
33
32
12
20
5
26
30
21
50
46
71
9
20
2
33
26
26
10
86
66
70
9
16
7
54
51
9
24
16
43
3
71
20
7
18
22
42
31
33
18
58
7
3
9
20
5
29
42
3
18
4
2
74
16
32
91
24
17
22
28
58
42
9
78
99
36
7
56
45
23
19
31
5
48
33
38
91
7
14
4
54
19
21
10
22
21
20
43
9
19
1
45
6
28
40
52
14
3
18
0
7
45
6
1
7
24
41
35
30
24
42
6
24
104
35
33
56
2
2
24
3
20
34
5
9
1
4
13
25
26
26
9
42
38
26
72
57
13
8
40
22
30
27
4
35
10
35
96
20
26
36
58
6
13
29
2
29
31
39
15
29
9
1
12
32
42
15
26
8
15
2
11
4
23
15
59
77
65
16
24
72
22
36
18
20
35
24
36
3
5
7
26
29
18
37
7
59
7
11
51
5
21
57
25
39
20
32
58
19
36
20
26
12
15
8
10
16
27
18
23
5
8
13
7
25
64
29
50
30
61
3
30
7
13
7
34
45
58
16
23
42
63
7
20
8
26
1
34
25
67
9
37
15
112
14
35
27
84
46
33
52
33
60
5
12
14
5
7
2
21
15
21
28
18
4
25
62
13
34
10
19
52
23
27
12
26
5
91
96
13
81
4
6
22
37
1
49
18
10
21
91
61
18
44
29
4
32
1
66
12
4
31
65
12
62
2
18
12
61
14
4
31
55
9
6
35
42
9
66
3
19
8
12
15
17
28
4
27
84
1
46
64
62
4
14
10
43
54
35
4
19
24
1
14
42
12
78
30
4
9
36
60
4
0
29
19
35
0
10
48
36
14
30
1
49
19
17
18
5
18
5
32
54
62
16
4
9
57
18
52
33
27
25
34
6
76
64
34
12
19
29
26
14
1
15
42
5
1
46
3
52
61
34
1
7
45
19
33
7
21
0
7
0
5
13
1
21
16
20
14
48
8
23
19
48
32
12
48
46
4
15
8
1
42
31
13
22
17
6
50
22
19
1
17
19
44
5
1
68
12
10
32
42
11
17
25
26
13
7
12
21
7
34
6
3
33
14
18
12
14
1
41
12
5
2
1
19
25
8
4
14
52
29
16
4
6
13
10
20
45
30
10
2
12
41
41
15
34
25
53
41
31
16
17
12
10
3
20
2
31
16
23
15
8
23
6
4
21
55
5
10
3
19
19
45
40
61
27
31
17
49
82
9
16
18
9
13
44
9
32
21
18
29
3
9
2
12
8
34
19
5
14
10
48
34
2
6
14
30
21
37
36
4
15
39
2
6
14
21
13
4
10
22
9
43
21
41
14
8
19
26
4
27
72
46
63
43
11
37
21
8
29
24
8
13
47
9
37
14
24
23
8
55
36
9
6
56
17
4
49
27
9
26
50
1
16
7
21
18
0
34
3
26
30
9
1
47
3
15
25
8
23
0
34
32
8
22
10
12
9
2
20
38
7
4
9
48
20
11
10
4
18
36
38
13
6
31
6
34
44
8
69
43
24
13
0
4
40
15
9
1
26
15
45
0
20
0
1
1
17
45
16
22
19
32
26
13
6
2
28
27
22
8
56
3
39
37
17
12
42
12
5
19
15
60
21
9
28
4
45
30
5
27
13
28
16
41
40
20
18
48
12
14
14
4
5
18
0
9
40
7
38
41
1
14
40
40
15
13
8
6
59
16
33
11
23
16
23
2
26
2
30
13
24
6
1
20
9
13
4
18
10
46
9
15
22
20
29
24
18
8
11
18
42
3
22
9
18
34
18
13
8
34
28
16
0
26
30
3
17
19
41
2
9
30
0
1
2
7
14
3
32
8
23
34
26
16
13
25
25
28
24
10
39
16
15
51
8
4
33
28
18
21
27
0
6
3
20
26
6
26
22
40
5
2
46
16
8
9
30
3
23
8
3
27
24
15
20
21
6
24
13
26
2
23
18
14
6
25
18
16
19
53
36
7
3
0
21
45
81
11
4
23
29
18
17
16
17
31
3
9
10
5
10
1
17
6
1
4
17
11
2
4
7
29
43
1
7
6
21
7
17
12
8
30
36
40
5
0
15
25
22
15
2
8
12
0
5
30
11
9
16
4
1
18
14
3
4
3
7
13
3
4
19
1
19
20
7
6
34
27
43
6
14
34
44
9
11
2
14
29
8
12
14
35
2
7
11
3
7
17
16
27
16
15
0
9
2
17
5
11
5
1
19
4
15
38
7
4
8
10
26
0
3
11
2
1
18
2
4
4
29
26
5
13
8
0
16
23
1
2
0
4
7
11
14
48
37
11
37
1
9
4
6
27
11
10
6
20
20
28
9
22
15
31
15
12
6
4
17
20
28
34
11
13
8
21
7
22
11
31
8
10
3
9
16
11
5
9
13
33
13
23
14
20
30
4
1
24
32
7
8
25
32
25
14
26
18
6
21
25
1
1
6
18
5
0
45
10
8
13
18
2
8
12
2
19
22
23
8
8
13
17
5
9
18
2
4
16
8
1
15
6
1
6
1
8
10
35
2
15
7
8
7
7
2
1
17
17
26
7
16
7
3
9
14
18
15
1
10
13
6
28
5
18
12
4
1
7
11
8
7
1
3
20
12
4
7
4
3
27
11
4
3
10
22
26
9
5
4
10
12
10
2
5
3
14
9
1
18
2
3
14
10
23
15
5
4
3
6
13
5
17
4
10
1
4
9
0
0
7
8
1
14
12
3
17
2
5
7
3
16
2
7
13
5
5
9
11
1
17
9
7
3
2
16
1
8
7
1
9
7
0
3
3
7
2
4
17
0
0
2
0
9
7
1
5
13
10
5
0
6
4
0
5
4
9
1
2
2
3
3
3
7
10
3
0
5
6
12
3
3
8
4
1
4
5
0
6
0
4
8
4
1
3
9
1
4
2
2
0
2
4
1
3
2
0
1
3
0
0
