28
34
28
11
53
5
11
20
13
3
6
56
62
140
11
7
15
19
5
10
38
11
16
29
20
73
23
25
78
3
29
27
81
24
142
3
2
14
22
23
21
36
20
33
31
52
63
29
24
10
3
14
41
12
21
29
27
99
13
52
25
29
37
42
29
31
61
27
35
24
50
46
20
12
26
86
12
1
22
6
20
42
40
100
89
35
33
50
22
25
31
28
40
5
85
89
43
42
54
58
31
68
59
57
17
51
82
28
6
46
16
6
17
76
36
77
42
35
91
73
9
43
22
4
82
36
78
7
60
14
1
37
52
26
62
27
121
106
0
38
22
44
60
50
18
15
5
12
83
68
17
3
1
1
1
25
28
33
29
55
11
39
10
62
38
49
50
19
22
44
44
121
34
24
62
20
36
1
13
109
5
34
64
55
7
54
24
58
76
30
99
24
2
89
46
28
45
52
24
95
64
2
116
73
8
42
21
10
66
66
51
22
14
22
48
3
75
16
98
71
23
87
98
113
79
88
2
46
20
14
39
61
50
18
73
22
14
17
20
16
92
39
117
117
15
77
35
13
29
11
21
34
20
42
33
29
45
27
5
54
55
53
44
52
24
23
18
22
34
35
59
64
3
85
52
12
53
59
41
110
7
25
14
64
49
48
19
9
35
33
16
30
93
42
42
5
62
58
78
51
68
57
18
5
5
80
70
34
113
62
81
46
5
91
52
91
1
7
72
29
50
28
29
41
14
32
28
9
9
80
18
8
35
54
23
4
9
50
66
4
49
75
75
98
49
100
52
38
104
39
58
15
29
35
14
0
26
71
16
53
19
34
41
17
86
82
4
6
31
82
9
78
22
37
18
47
111
32
33
28
51
47
1
20
78
12
71
78
13
36
31
39
15
68
84
29
26
129
93
32
73
25
67
13
86
94
60
68
24
17
45
18
23
9
13
0
75
65
30
24
129
76
14
70
16
81
21
27
46
60
34
60
17
113
42
7
95
22
0
25
21
41
40
65
36
59
74
25
35
67
47
17
182
149
80
15
53
13
110
54
59
5
22
108
65
4
26
30
59
64
79
51
65
59
66
22
44
29
108
109
48
4
40
31
13
39
36
4
68
26
84
14
56
22
71
44
80
27
33
20
77
41
25
85
50
1
19
49
0
29
16
59
42
80
71
36
13
6
86
71
8
100
36
47
31
61
58
40
125
62
20
38
25
158
64
40
38
14
99
41
21
21
12
85
110
0
20
87
136
75
94
54
5
6
70
128
56
68
74
30
17
73
6
42
18
79
78
50
92
35
79
58
86
9
13
34
29
119
123
41
36
80
72
47
66
87
9
1
107
54
27
38
26
18
71
30
67
101
96
26
14
108
36
53
33
104
88
67
7
2
13
78
40
12
56
7
26
65
36
16
12
15
9
125
15
20
31
82
32
50
10
71
24
91
28
81
45
54
51
20
28
81
15
65
14
64
30
24
63
54
15
27
47
68
62
55
49
19
17
65
47
25
52
69
1
66
62
75
16
76
24
161
3
23
61
83
17
13
11
36
8
5
18
28
15
59
53
141
7
48
8
80
11
73
97
11
91
24
27
118
37
14
76
16
61
54
47
104
31
5
37
52
46
25
2
5
15
47
5
115
18
63
109
6
4
108
29
42
29
37
43
83
28
22
8
71
34
23
18
36
15
62
62
61
82
35
67
76
38
6
37
24
6
45
74
24
23
118
3
31
21
16
12
18
45
75
30
43
50
15
123
19
13
60
3
6
0
24
79
7
112
49
52
133
1
51
3
68
77
40
6
59
51
25
12
17
58
9
3
26
17
82
65
59
75
43
9
98
29
34
4
8
87
31
46
4
29
78
56
109
77
34
23
4
12
43
21
76
44
34
47
4
19
31
94
27
57
16
0
83
105
43
69
45
10
36
47
76
81
56
117
9
21
37
33
61
4
5
33
33
86
154
3
14
2
45
42
51
34
40
7
5
54
74
4
19
36
17
37
87
11
68
55
79
37
32
79
8
55
30
1
11
28
51
4
9
56
26
52
31
40
31
102
19
31
20
80
24
124
24
95
125
81
9
61
54
92
21
38
58
67
15
20
29
45
15
16
55
53
71
31
4
32
47
60
17
95
14
116
7
16
24
29
55
24
106
103
73
12
42
2
19
13
24
10
52
6
50
25
5
81
52
7
29
117
57
52
14
18
30
11
0
19
13
6
25
25
1
7
97
48
15
2
76
9
47
3
1
25
42
41
18
80
73
18
82
39
56
57
98
42
67
43
16
39
8
65
44
26
32
23
7
50
23
73
19
10
71
19
46
9
45
20
37
25
21
46
85
29
53
98
55
35
7
5
14
57
79
36
52
24
6
29
38
21
46
0
52
21
25
4
1
57
50
40
45
40
13
47
29
30
11
17
28
42
2
18
19
9
95
37
1
55
63
99
92
104
6
2
6
45
15
57
32
86
28
68
6
23
94
9
13
83
35
39
27
23
73
54
91
15
28
1
34
10
64
66
31
6
11
34
39
8
34
54
77
47
61
21
99
35
10
4
62
2
5
35
9
50
24
69
40
9
29
39
6
44
29
54
18
67
57
33
68
75
56
40
40
54
48
62
41
30
8
39
23
16
22
55
18
131
83
104
41
15
7
40
28
28
6
4
7
8
72
4
27
17
89
45
2
32
61
18
66
38
54
30
78
47
32
41
57
61
20
70
112
30
121
36
56
43
50
25
3
28
66
40
17
2
49
50
18
6
67
1
21
25
64
44
92
36
49
78
120
35
89
2
71
29
66
63
30
70
18
25
40
84
10
11
50
2
12
21
18
42
103
10
42
57
65
71
79
74
30
73
26
24
9
15
4
9
21
49
9
71
3
44
64
54
41
34
35
20
85
16
54
16
10
75
112
2
73
21
46
6
74
33
108
24
26
20
34
21
32
74
67
20
18
67
2
25
4
37
26
32
49
89
67
65
144
12
1
61
21
15
55
58
30
32
54
48
88
55
61
132
31
19
65
25
55
22
14
19
83
50
11
77
1
29
7
86
41
9
2
25
95
6
31
20
28
29
59
55
30
87
67
1
13
13
92
43
13
25
124
2
80
136
62
87
27
46
96
18
11
52
1
15
43
48
61
5
16
14
43
26
40
25
15
16
26
25
17
12
4
45
100
36
33
42
21
53
34
4
24
4
41
31
16
10
8
2
51
24
4
55
27
22
5
11
36
45
73
36
21
128
13
46
70
29
18
16
23
1
35
30
36
31
6
52
2
10
35
77
30
29
48
1
13
22
68
1
10
28
25
30
20
13
100
52
17
30
2
38
54
49
23
79
37
34
50
22
50
7
109
57
9
2
99
15
17
20
1
30
42
29
18
15
54
95
64
21
14
41
18
79
11
39
11
74
92
17
37
37
145
2
21
1
7
1
61
70
30
22
14
42
17
25
39
4
127
64
35
6
22
17
17
37
3
167
20
80
20
33
71
11
5
97
37
6
54
10
14
77
55
39
0
65
28
46
18
61
20
6
45
62
52
25
87
3
0
13
4
18
51
46
71
34
52
2
15
34
33
3
6
54
38
12
13
32
51
59
101
11
2
60
57
51
39
27
29
20
78
3
41
26
18
7
5
28
2
10
32
3
1
75
27
11
42
13
8
52
25
12
70
3
59
38
114
27
36
68
25
46
81
14
48
49
31
22
9
15
4
70
37
11
3
66
44
3
14
47
36
50
61
41
17
59
38
24
27
35
84
47
24
15
22
61
4
32
7
86
20
63
21
11
30
13
28
3
29
58
57
48
13
114
44
56
41
5
22
14
10
4
56
21
3
45
36
24
21
98
5
58
50
12
6
37
5
42
6
22
23
89
80
6
32
26
71
17
59
43
35
28
109
62
107
52
84
34
72
20
18
14
0
3
27
45
14
33
0
37
22
68
12
35
24
7
79
51
92
20
30
4
27
55
37
13
6
28
8
37
106
4
19
4
47
2
42
10
61
32
12
5
0
2
69
53
2
24
8
69
29
76
52
37
50
29
119
4
82
61
77
12
77
4
5
26
4
77
57
18
18
3
79
27
35
32
16
25
1
34
46
8
28
103
9
21
4
12
83
16
81
12
4
10
0
49
18
34
47
69
16
74
31
45
51
15
0
20
24
20
2
40
126
35
50
29
100
10
42
46
3
49
8
38
25
58
28
3
63
14
13
39
56
46
15
37
45
40
31
7
12
30
25
47
40
10
15
3
58
96
39
39
10
48
41
48
33
35
18
64
9
20
16
13
2
39
9
9
25
1
65
37
9
13
40
10
35
15
16
58
10
41
2
45
15
17
83
2
27
16
43
6
39
63
45
7
50
69
6
34
52
40
22
6
47
31
50
53
21
34
17
48
28
1
75
5
16
19
57
35
5
39
4
6
11
22
72
76
21
52
29
11
5
37
48
20
2
32
17
3
40
25
57
1
0
17
15
22
17
19
5
60
35
27
33
51
97
49
36
24
33
36
49
5
36
40
100
29
54
27
51
31
11
51
16
18
26
3
29
13
9
62
34
1
3
62
5
23
9
22
28
60
29
25
16
44
34
51
45
14
15
23
52
20
28
12
23
19
1
63
61
16
2
27
10
63
8
29
63
8
50
48
38
65
5
15
7
55
13
95
18
11
4
5
27
2
24
21
16
14
29
5
26
18
74
14
12
32
52
3
36
24
78
76
1
9
48
66
73
56
42
68
23
35
63
2
16
42
12
39
29
2
4
10
52
12
15
34
5
5
27
65
7
1
52
20
29
69
5
27
1
35
22
58
34
2
52
25
12
22
55
33
8
12
26
73
25
65
8
43
51
38
17
12
39
10
27
26
28
17
61
58
36
22
24
48
5
81
42
80
10
43
40
10
31
0
3
26
23
34
25
45
30
51
55
32
35
33
63
5
100
25
32
11
13
76
70
53
43
19
38
35
21
39
40
6
19
69
6
35
16
31
35
6
55
42
38
60
12
11
68
12
7
42
78
58
5
47
1
7
24
30
54
30
4
44
8
0
56
4
0
83
45
52
23
19
14
6
49
32
17
46
8
37
38
28
26
38
66
32
34
1
10
68
40
28
20
53
4
13
45
36
17
56
84
60
69
105
59
79
21
8
18
5
12
40
12
47
25
33
47
34
4
7
26
53
99
49
14
19
17
8
13
45
2
25
3
58
33
54
1
52
55
6
24
68
6
9
41
20
21
52
30
27
23
2
14
32
58
8
30
48
14
33
13
66
34
1
6
16
53
56
67
14
16
12
19
4
1
33
28
12
30
22
19
4
11
4
19
54
35
19
18
17
86
11
54
9
16
49
24
57
8
16
45
22
30
6
9
26
6
21
8
27
31
34
24
5
10
38
64
6
52
21
23
33
21
41
26
6
26
30
3
15
58
52
55
7
28
19
34
41
5
10
25
110
5
8
26
28
52
94
52
29
51
9
99
5
2
48
23
16
11
2
20
13
32
33
18
5
39
40
55
1
51
13
2
16
3
42
15
39
14
12
26
9
32
8
52
30
5
5
66
30
18
22
21
85
28
46
22
2
5
5
39
95
49
4
24
17
3
21
4
38
22
77
27
2
17
27
10
16
20
5
18
33
13
21
10
6
19
61
33
61
14
22
2
70
21
41
26
29
32
30
20
16
117
16
33
42
49
5
14
61
29
8
5
13
64
44
30
11
27
7
15
67
18
52
1
30
27
30
25
32
19
37
30
9
37
15
47
10
35
6
18
37
9
37
85
28
12
64
17
33
47
45
2
12
4
47
6
17
10
24
0
8
31
9
2
55
23
23
52
32
47
53
5
64
56
34
25
20
72
47
23
44
12
34
0
18
14
11
53
26
30
39
15
37
11
36
54
0
7
7
22
50
2
22
33
42
12
46
13
3
40
16
14
21
4
26
2
6
11
20
30
42
14
33
92
38
23
49
42
17
35
43
17
25
32
4
72
36
53
48
27
4
1
5
2
22
13
19
2
11
7
17
17
21
45
27
2
17
26
24
44
50
24
2
0
34
31
11
8
6
21
22
20
4
5
3
41
53
34
2
41
16
14
29
11
30
23
40
26
6
20
18
12
8
35
3
6
6
9
69
11
13
14
9
35
24
12
22
5
7
40
12
41
13
9
45
32
1
36
55
2
5
8
19
4
30
20
4
4
29
15
6
31
10
17
53
27
11
31
20
24
24
37
51
3
24
45
12
14
8
6
32
16
13
46
3
10
66
24
52
40
88
6
25
11
28
4
10
35
7
13
47
23
4
2
14
19
24
32
47
8
36
14
41
15
15
59
3
15
9
32
15
21
21
5
3
32
4
11
12
34
2
40
22
12
12
9
22
27
21
35
44
34
11
10
29
19
16
9
0
30
27
2
10
64
13
9
11
43
35
36
13
58
10
2
30
2
10
2
35
10
11
17
6
28
17
12
26
74
12
6
33
45
43
21
30
17
35
3
28
20
10
54
15
14
8
11
28
5
83
0
39
18
4
9
11
8
17
4
33
7
5
4
27
2
20
54
17
9
51
49
8
2
4
15
16
3
24
16
4
17
10
17
3
12
3
12
6
55
11
4
27
25
22
43
20
15
50
3
40
5
9
42
43
41
4
16
21
25
31
22
3
31
1
53
47
0
9
26
16
36
6
39
10
24
54
16
11
3
25
11
31
15
31
19
29
14
6
41
4
3
8
5
22
1
36
4
11
61
8
4
32
0
38
6
25
33
31
7
7
25
11
5
56
35
7
8
1
20
45
28
6
21
18
15
14
42
7
0
13
29
18
5
3
21
15
11
14
8
1
21
16
21
2
27
29
14
8
24
5
35
9
18
16
4
13
3
10
35
6
20
17
25
11
3
2
4
35
41
3
40
10
34
3
23
30
7
2
2
11
15
5
7
20
0
0
7
61
52
38
35
27
8
22
3
23
4
2
21
4
14
27
46
26
33
7
27
19
26
13
16
20
34
1
4
2
19
16
11
28
3
48
18
10
19
8
44
3
7
9
27
8
24
1
18
29
6
4
12
28
49
12
16
34
6
9
1
25
4
4
1
22
3
11
2
18
20
18
23
11
6
9
35
8
32
9
1
6
4
7
5
7
21
15
16
1
4
2
16
28
17
25
14
9
38
10
28
4
3
12
30
8
31
24
17
31
3
11
10
15
18
23
43
13
9
5
1
2
16
3
7
1
29
9
4
0
10
23
3
32
1
7
19
25
4
23
1
12
33
5
8
6
0
8
18
5
3
1
33
19
7
12
11
0
40
23
26
2
0
7
43
5
3
7
22
4
25
11
4
7
3
26
11
7
0
2
8
25
3
25
16
2
18
8
0
14
29
34
2
2
26
12
25
33
5
10
8
38
18
10
7
34
1
23
21
17
2
1
13
15
0
19
19
15
19
17
4
4
2
1
5
7
3
12
5
20
14
30
7
24
20
9
1
5
11
2
8
8
16
2
20
8
6
20
28
15
4
12
13
22
8
15
16
9
12
8
22
0
12
4
9
22
34
10
24
22
14
5
12
20
1
6
1
1
6
1
10
38
14
18
16
12
17
13
3
10
2
8
9
7
10
8
14
26
17
8
12
17
8
14
9
4
2
10
12
14
21
4
15
20
6
6
14
12
6
24
17
14
3
7
10
19
15
29
6
1
2
24
9
4
24
3
4
1
0
0
14
2
14
18
8
12
4
0
15
23
16
5
8
0
1
5
5
9
12
8
11
4
13
18
6
20
10
2
18
3
2
12
2
11
10
0
4
9
0
8
1
1
9
1
1
3
11
2
11
2
5
2
9
4
4
13
4
3
2
8
3
5
10
4
0
0
9
9
0
9
1
5
2
11
1
4
2
7
7
2
2
1
3
9
14
6
3
6
2
6
3
2
4
10
7
1
1
4
8
0
2
13
4
5
4
0
0
0
4
2
6
2
2
0
4
0
4
7
1
4
0
0
0
6
1
1
2
1
1
