12
37
51
37
14
4
9
63
18
2
1
14
10
11
1
10
30
38
16
82
1
53
34
17
15
118
4
10
18
13
13
67
31
33
15
42
32
79
77
93
17
13
7
35
128
79
34
40
25
38
11
142
7
11
9
12
24
38
39
30
40
93
15
12
28
3
56
7
94
21
51
68
14
18
37
45
3
13
54
65
20
57
1
72
32
17
89
23
75
64
40
37
7
27
9
9
29
4
20
15
6
19
76
53
39
22
17
10
77
38
25
63
45
44
28
4
83
90
70
40
84
75
27
34
34
18
54
20
16
32
30
90
68
35
11
62
14
0
84
46
63
8
40
1
100
11
101
18
6
16
44
68
55
44
78
67
76
18
6
103
30
65
42
112
7
39
72
0
27
61
30
47
47
42
2
70
50
25
110
70
51
6
31
25
2
4
36
8
0
84
22
11
141
109
76
3
13
14
3
63
69
88
69
24
31
55
135
37
140
19
40
83
43
19
43
62
3
39
30
35
85
55
45
2
116
26
46
0
26
53
84
18
18
31
59
26
102
8
87
97
16
42
162
33
24
16
121
26
73
56
61
103
79
23
29
39
46
11
41
53
5
81
5
35
28
4
8
34
11
156
39
31
74
88
23
56
74
86
39
21
43
12
23
17
61
27
36
22
77
25
23
47
12
22
59
5
44
11
11
57
19
8
10
69
2
53
64
87
7
6
57
41
8
70
109
56
5
90
55
10
79
13
47
1
11
24
10
17
71
89
85
47
36
5
28
13
50
29
11
184
148
31
129
35
37
26
17
50
35
58
11
52
28
126
24
70
3
14
62
26
56
73
28
57
30
84
88
31
5
5
44
39
0
49
23
57
106
2
1
9
81
27
84
2
64
65
3
46
28
37
76
25
11
85
77
20
16
50
3
22
7
9
45
65
27
35
60
53
8
86
4
75
21
17
11
83
64
2
20
82
54
69
148
5
79
93
35
33
28
53
45
79
9
52
24
22
72
69
14
12
34
4
109
67
35
63
17
152
12
94
49
40
94
64
39
16
24
14
38
134
68
77
19
28
10
115
1
6
32
23
18
54
58
4
69
28
82
54
76
15
65
60
94
38
59
76
90
15
24
19
31
104
116
21
3
28
39
98
57
15
47
38
1
22
5
34
119
12
97
7
41
22
48
35
38
102
50
12
35
56
27
66
80
2
97
98
13
45
21
5
16
18
17
38
23
11
100
13
76
12
22
37
34
40
45
67
69
81
11
33
46
12
72
21
51
9
87
59
42
83
59
35
9
79
25
73
37
93
162
4
30
18
59
25
14
5
54
133
9
27
47
40
48
43
0
49
32
79
49
45
52
22
2
10
107
39
10
20
73
57
79
38
23
7
39
85
3
15
41
120
19
19
40
45
73
16
59
23
117
22
95
75
44
27
11
21
3
72
40
97
10
50
32
75
97
0
122
36
16
47
38
27
9
25
17
65
5
53
74
17
28
52
10
36
39
37
19
0
73
11
17
30
58
35
8
0
52
60
55
21
60
33
33
31
78
28
42
50
43
35
53
9
24
28
5
80
60
52
29
9
37
80
17
10
78
10
2
58
71
63
37
72
117
27
37
38
77
104
16
27
9
43
51
31
6
49
18
5
121
24
39
40
39
17
105
12
56
78
25
74
5
34
46
27
2
43
68
22
56
9
67
34
73
15
83
7
6
45
35
18
16
59
45
34
31
98
15
15
28
45
3
13
82
69
69
119
88
79
56
37
125
71
42
26
14
5
31
55
11
1
48
7
10
52
8
4
37
19
56
10
25
17
136
6
29
78
5
32
11
9
116
45
44
46
105
54
90
15
65
68
30
48
45
151
68
18
47
41
20
69
50
75
15
30
22
18
49
65
89
12
6
72
32
2
27
53
42
58
102
55
61
16
3
15
14
100
26
29
15
63
35
63
23
84
42
5
16
11
22
36
60
45
49
68
17
58
70
16
13
79
16
64
67
47
33
201
28
63
75
37
85
80
27
6
67
20
7
61
11
26
34
57
16
79
91
47
12
3
59
33
27
3
81
51
44
33
51
120
51
53
20
6
45
51
116
32
5
110
27
22
51
44
84
37
61
32
31
42
15
19
56
3
34
0
38
50
7
16
6
41
50
34
23
27
38
65
38
20
11
5
63
27
76
51
83
61
25
61
35
31
53
56
36
41
25
4
21
29
99
19
23
46
36
48
28
32
32
14
8
23
10
16
41
28
143
8
42
58
90
30
25
62
18
41
32
95
13
42
16
2
72
24
32
3
46
55
17
8
33
7
47
6
29
29
77
21
39
99
53
70
50
46
38
20
30
27
2
38
55
116
55
17
74
2
20
6
38
31
70
1
64
49
26
31
31
13
50
59
37
70
37
28
59
25
58
60
52
56
80
22
22
15
19
112
29
88
18
3
84
12
11
2
78
88
45
31
12
49
16
30
98
8
7
63
116
42
37
65
83
6
29
58
29
41
18
20
2
33
18
56
31
54
72
67
43
94
40
15
44
36
5
49
56
16
19
56
24
74
16
16
26
11
19
23
8
74
47
37
42
28
72
28
3
56
117
22
42
0
13
10
55
93
47
23
42
62
47
81
40
7
41
33
104
5
16
37
13
43
22
20
115
5
42
70
20
46
26
21
25
39
28
45
15
91
41
12
48
60
53
23
5
13
50
1
7
88
123
48
26
72
11
10
27
39
90
88
7
42
6
31
51
16
8
69
25
77
26
9
35
12
8
86
31
7
63
6
27
41
42
3
72
50
26
65
65
43
43
33
14
64
61
11
35
17
110
9
11
7
7
40
52
61
68
3
32
47
56
36
5
22
32
30
19
17
2
42
89
7
18
23
55
4
33
62
34
0
94
17
19
25
38
12
8
11
60
20
14
56
21
53
37
58
28
8
88
24
52
7
50
41
40
11
1
44
75
50
18
19
46
21
59
54
16
48
32
7
67
24
12
30
26
8
87
2
26
20
38
4
30
79
4
16
49
18
24
95
16
84
33
25
88
54
58
13
25
13
5
8
5
89
77
75
9
37
63
54
6
40
63
56
81
16
39
9
35
54
96
7
22
42
11
34
15
68
18
42
25
65
41
10
16
117
42
36
16
11
48
1
7
14
64
66
107
5
14
40
33
9
31
12
16
36
21
75
37
29
33
59
56
31
50
34
64
12
49
30
4
81
16
53
6
1
34
51
45
1
21
11
18
21
43
95
29
40
35
16
21
49
49
11
3
19
4
67
53
62
15
50
79
26
19
57
48
14
5
77
15
39
52
22
107
22
68
21
59
27
59
74
16
20
57
6
0
70
16
36
42
50
63
4
55
27
3
23
52
52
18
37
151
36
42
75
55
52
28
25
92
71
62
8
106
16
38
8
60
49
3
80
93
31
40
17
142
69
28
62
58
65
6
11
152
27
7
37
22
6
30
26
51
36
37
69
27
29
55
23
39
39
17
24
54
53
9
67
46
82
69
3
5
67
70
13
37
36
45
115
42
79
1
28
26
22
37
131
10
48
111
16
17
68
18
101
21
2
85
99
39
95
10
17
19
60
61
69
37
37
17
8
32
8
45
32
1
56
28
49
8
0
55
13
75
23
3
90
55
21
16
5
37
93
36
31
83
56
53
43
18
65
26
63
93
44
4
50
56
13
12
90
19
59
32
28
44
59
32
6
34
59
55
43
82
22
49
10
13
130
62
69
7
52
75
8
34
38
9
69
30
50
28
82
1
10
17
38
36
3
49
18
60
68
45
19
15
45
58
37
13
33
99
13
38
46
28
19
47
35
12
54
11
39
89
82
14
12
26
84
33
65
37
39
23
25
2
34
9
49
62
2
47
25
50
6
64
22
41
9
59
29
19
32
12
26
44
65
30
15
17
24
33
61
8
75
21
3
20
41
47
29
12
28
1
72
102
41
54
24
39
17
6
11
16
68
3
36
50
27
8
60
0
23
31
73
17
6
2
95
33
4
0
19
48
60
20
36
2
5
77
45
95
53
14
16
39
46
55
0
0
16
44
46
6
19
34
37
8
36
35
24
26
18
23
26
9
22
81
2
42
45
137
5
47
33
116
12
1
28
53
98
21
2
129
1
16
5
19
51
46
43
29
46
78
36
88
33
45
8
29
5
2
5
4
57
32
68
32
134
89
91
57
38
20
107
28
45
1
18
83
20
11
13
26
7
27
38
50
17
16
41
10
27
24
57
4
8
25
78
43
5
13
13
54
65
37
4
25
22
24
19
37
26
13
50
18
27
58
41
22
6
1
24
77
68
5
20
33
40
85
3
27
69
6
21
69
11
5
76
24
56
61
52
56
9
2
83
9
10
38
56
6
15
36
31
39
75
20
12
52
33
62
2
23
12
25
1
1
19
90
16
23
11
36
15
51
27
35
12
61
58
31
4
47
49
36
31
16
15
59
27
11
4
13
55
29
13
0
13
35
31
4
8
14
33
11
59
22
17
2
17
3
47
81
70
22
25
81
28
6
25
49
23
34
31
11
6
77
8
50
39
20
50
72
41
10
8
6
16
55
1
36
16
33
45
5
28
5
71
40
36
58
14
1
8
5
14
14
30
8
64
14
10
30
90
9
12
42
11
127
17
20
53
12
29
5
78
77
28
46
3
1
19
31
3
13
13
56
32
74
7
56
8
7
69
24
29
33
6
0
13
8
25
34
9
75
59
1
41
37
18
23
12
45
51
34
77
69
11
10
3
19
106
17
8
57
25
37
14
69
10
26
16
12
38
35
51
25
1
33
85
46
36
7
6
34
36
25
55
4
12
39
8
37
20
50
30
80
36
42
45
27
13
34
0
17
7
32
15
36
47
53
20
26
12
3
23
30
48
11
11
45
27
76
26
14
25
31
31
26
65
36
51
35
15
28
5
85
14
4
20
12
4
16
32
44
37
5
80
13
44
46
81
29
30
8
8
15
14
37
20
59
8
21
15
68
66
51
15
35
39
32
26
56
4
12
44
30
79
65
33
21
1
25
27
64
3
16
34
11
4
66
2
14
23
15
72
44
73
41
15
80
29
21
11
69
45
5
29
6
0
72
0
19
41
51
2
33
92
2
26
65
34
59
49
6
35
58
1
49
60
39
3
27
75
16
11
7
22
13
35
48
50
8
12
17
6
17
47
13
7
66
12
6
29
74
82
4
10
12
53
16
36
32
90
34
21
28
33
11
52
37
39
10
38
6
21
35
22
61
26
33
6
42
61
59
5
71
23
47
34
31
23
8
45
12
15
45
37
9
18
3
22
3
12
28
22
2
14
22
32
32
34
14
111
13
18
31
30
28
38
28
45
59
40
50
54
18
27
25
45
6
48
19
14
62
36
44
26
33
66
47
19
7
1
8
29
15
110
33
45
15
26
32
53
31
31
90
3
4
2
4
14
22
34
0
25
32
65
64
1
23
44
77
87
26
16
58
10
24
12
10
9
6
18
26
32
11
32
34
6
17
75
16
1
66
0
23
19
19
71
12
10
6
30
14
35
38
49
89
20
60
29
13
37
29
20
57
7
2
20
22
41
33
11
15
48
2
1
8
9
64
2
19
55
1
11
38
52
7
15
36
33
29
22
17
31
19
22
43
46
2
10
22
30
31
35
14
1
35
33
91
2
59
24
89
47
13
40
30
17
25
48
76
60
37
1
39
36
6
1
24
19
13
19
3
17
18
19
11
22
11
26
19
46
18
43
28
11
42
36
16
17
45
21
3
27
4
4
21
27
16
62
29
18
3
5
41
32
18
12
43
50
14
27
6
22
4
2
19
4
2
38
10
47
36
23
14
14
24
6
6
33
10
44
23
8
16
28
3
27
7
24
20
29
11
9
30
48
36
21
12
56
14
58
24
8
35
8
29
20
16
26
29
34
11
5
8
11
60
58
16
32
63
30
0
75
30
9
12
28
19
56
13
38
60
17
44
20
54
15
5
2
2
1
9
24
46
26
25
27
13
19
11
23
30
35
25
9
69
7
27
40
24
13
39
7
11
8
23
20
16
20
10
38
4
5
12
12
7
33
19
6
14
11
4
23
59
0
5
18
5
35
9
33
55
80
23
13
6
17
28
22
28
29
39
24
39
2
6
3
6
7
29
26
49
16
20
2
2
2
4
15
13
6
35
41
28
6
9
15
17
5
2
22
62
45
12
0
59
42
9
35
8
1
22
22
4
22
6
28
26
5
28
7
33
17
21
29
4
12
25
12
9
66
0
4
15
22
37
12
24
9
26
5
8
46
26
64
1
27
37
3
15
48
14
24
48
28
37
30
0
29
1
37
54
4
43
26
10
2
42
53
47
30
1
29
8
24
25
44
42
22
6
21
40
7
2
22
31
12
29
35
21
54
0
33
28
16
24
37
4
1
10
23
31
11
48
37
9
23
15
7
0
1
8
10
11
6
16
39
2
38
15
27
3
43
5
41
48
31
29
55
24
18
15
20
26
16
52
5
32
9
45
27
11
19
23
4
28
9
11
5
9
30
21
8
66
16
26
12
50
10
33
33
26
17
22
7
21
24
33
6
6
0
22
33
19
13
21
14
69
10
1
9
31
9
37
22
10
16
57
6
0
11
6
17
38
40
31
7
21
2
22
46
39
18
11
5
7
2
26
10
12
1
1
18
3
44
9
15
48
8
27
12
27
6
9
31
10
3
59
21
10
7
14
19
3
28
8
38
39
13
2
5
15
0
12
17
17
33
23
43
13
4
10
17
14
32
8
32
34
26
38
11
33
1
2
69
7
13
10
14
4
10
37
34
14
6
50
10
13
18
14
2
25
25
40
15
10
14
7
22
13
15
41
3
4
17
5
8
16
27
30
9
35
15
24
28
6
23
15
1
24
18
13
9
6
6
11
55
31
15
20
4
5
36
22
11
4
37
75
13
20
18
20
17
4
9
21
12
46
6
35
27
1
8
3
22
31
4
29
31
18
18
13
1
14
7
16
14
17
3
45
6
56
15
3
34
7
10
2
20
5
1
2
9
16
10
18
31
0
8
52
2
11
22
15
22
6
34
19
6
22
31
22
5
21
1
7
6
18
20
26
25
6
7
11
19
25
19
18
11
22
13
1
4
13
1
12
11
20
10
26
13
16
10
2
23
1
4
31
20
10
6
35
12
15
35
3
1
11
16
5
28
11
2
14
3
13
2
6
40
8
4
12
4
7
15
5
4
8
15
17
30
5
10
17
3
5
9
5
26
4
15
10
21
3
5
27
17
10
14
8
6
27
5
69
2
4
5
1
31
14
5
2
20
20
10
9
25
2
6
21
6
16
38
18
1
5
1
16
7
17
14
18
29
9
29
15
16
23
17
14
9
12
6
25
3
12
12
7
1
32
12
0
6
8
10
20
31
9
4
16
7
12
6
17
27
14
29
20
15
1
20
11
34
11
10
13
17
16
7
11
1
5
17
17
7
14
12
3
1
16
12
3
25
1
37
9
12
6
29
3
4
8
5
4
19
9
5
7
2
16
4
17
1
1
15
17
2
9
23
18
4
11
15
8
25
3
35
6
15
8
9
20
12
9
9
0
16
18
0
8
10
12
6
13
17
27
0
29
15
23
8
20
16
14
5
10
1
23
1
6
20
25
0
10
2
13
6
7
2
2
14
4
14
9
22
16
1
7
1
4
2
13
28
6
3
3
4
4
4
20
13
9
3
12
20
14
6
9
1
5
7
7
8
23
19
3
7
9
3
8
8
1
26
0
3
8
15
20
2
15
1
6
1
1
4
7
1
3
0
15
3
12
19
7
4
5
2
4
21
4
5
5
5
14
17
7
29
8
0
3
0
2
12
11
9
5
2
1
5
9
5
0
8
4
2
16
6
13
3
5
13
5
9
7
19
6
1
2
0
10
3
1
5
3
11
5
11
6
13
8
5
3
4
9
3
3
1
11
8
10
2
4
4
3
8
2
7
4
2
5
2
4
1
3
3
1
4
1
1
4
5
5
2
2
2
2
0
0
0
