4
7
29
19
7
9
87
64
27
6
6
11
37
19
8
40
4
4
18
4
19
8
6
3
6
73
4
2
18
11
3
26
25
63
87
16
1
72
36
10
66
6
20
3
8
45
29
31
39
19
8
12
22
9
23
1
45
71
13
17
4
30
1
56
40
1
17
72
27
18
95
13
38
30
9
41
13
27
27
57
1
1
30
40
31
53
7
10
49
29
87
44
17
78
59
60
53
40
144
59
34
63
101
44
58
32
39
13
32
45
42
55
12
13
112
89
47
118
48
8
47
49
65
15
57
61
40
42
91
12
15
12
25
31
35
83
5
24
46
53
100
83
13
23
65
52
98
101
46
5
27
96
10
120
85
70
10
39
59
145
33
142
124
27
47
41
108
6
8
45
56
3
84
5
60
68
25
73
31
12
48
33
26
50
11
25
29
65
8
13
150
14
10
5
102
1
16
27
17
104
22
6
59
55
89
42
38
99
56
14
12
10
52
10
93
88
114
42
18
49
95
87
6
107
25
25
69
22
45
41
59
37
2
83
101
67
24
157
36
56
160
77
27
35
72
47
42
29
10
54
9
66
114
91
29
38
119
33
99
51
169
72
83
22
19
24
71
5
82
13
26
34
1
62
54
48
77
6
26
14
75
19
29
45
63
69
31
157
45
9
68
29
85
47
28
29
5
13
40
18
28
85
35
103
42
31
51
26
38
96
1
48
81
8
8
31
77
111
109
22
86
44
59
69
9
6
3
28
30
35
94
37
36
65
22
84
7
30
51
110
51
85
10
19
27
48
6
68
26
2
93
18
51
11
15
5
43
31
35
126
52
129
71
52
28
34
39
90
69
3
22
54
8
60
60
142
101
4
53
95
4
47
22
19
1
3
8
65
30
101
74
78
11
66
10
15
74
43
21
45
67
80
18
48
56
35
45
32
29
46
85
46
38
27
59
28
53
87
11
31
7
27
115
24
64
83
22
142
7
8
154
52
6
72
120
18
22
41
27
59
4
30
26
25
57
23
31
7
59
76
8
11
28
68
2
58
109
40
14
55
24
104
45
118
109
64
27
6
5
10
24
40
16
8
118
24
10
28
38
98
20
8
50
75
9
59
10
61
95
80
67
77
62
59
28
13
51
5
30
14
79
57
137
22
67
110
11
102
118
33
18
21
2
1
61
34
19
2
91
81
17
95
8
16
79
12
11
40
3
30
11
56
91
28
33
39
120
4
20
29
50
74
32
49
38
43
45
198
64
13
86
28
21
63
26
78
89
30
38
13
25
83
19
10
58
43
4
61
39
45
25
16
49
21
12
12
107
52
21
58
13
55
12
27
75
40
5
93
11
25
23
57
39
9
16
51
81
75
57
67
6
102
40
27
59
54
17
20
5
49
46
133
8
51
22
44
60
19
65
24
70
67
56
132
27
70
53
40
14
53
25
19
26
93
62
64
5
36
21
42
162
45
28
30
3
7
26
12
10
37
83
40
27
26
8
53
59
17
20
48
18
57
124
27
11
44
43
8
0
51
42
54
6
24
40
71
53
23
102
25
35
21
12
58
73
59
92
47
50
114
21
6
59
30
23
73
68
26
11
96
91
68
41
46
72
68
95
109
2
102
91
26
23
23
5
168
68
17
26
3
57
5
57
25
113
15
102
92
9
40
48
113
96
70
58
55
24
23
54
34
42
2
55
7
61
16
20
119
8
32
54
67
15
60
58
94
91
30
16
90
59
116
22
47
5
77
87
19
114
20
7
6
1
2
58
47
75
64
23
26
72
38
84
9
39
29
55
13
26
13
20
89
20
9
70
44
50
66
30
24
117
7
81
71
57
8
52
5
51
79
1
62
76
20
17
31
6
9
101
50
50
11
2
109
142
100
19
54
69
58
35
27
36
25
62
83
78
17
23
87
5
42
9
37
89
7
33
18
63
1
48
34
64
42
2
56
60
11
3
103
20
31
90
20
51
67
36
40
6
35
63
89
51
9
33
15
7
52
3
110
93
5
28
93
25
18
70
33
52
32
52
108
42
93
51
3
12
10
18
6
71
57
123
39
94
116
34
52
44
18
2
86
51
24
43
22
28
61
50
19
55
9
14
23
1
30
1
103
11
51
27
55
13
60
91
7
42
2
54
48
34
10
37
21
29
44
3
7
81
70
16
12
70
19
4
96
32
49
18
9
19
6
56
15
41
62
5
68
94
165
21
25
51
9
111
61
76
85
2
24
52
96
33
79
42
95
73
110
45
77
11
32
63
53
43
59
11
20
15
15
113
21
12
83
0
19
53
26
25
2
34
17
55
31
24
46
8
26
53
31
43
20
19
52
77
26
33
21
20
34
104
19
31
52
32
0
18
48
18
14
98
2
49
14
1
10
84
11
29
15
55
2
100
95
68
15
40
87
27
17
59
15
51
72
107
71
137
17
83
59
1
37
71
53
16
52
8
26
32
10
7
44
6
36
10
20
3
21
51
97
12
71
31
11
31
82
3
12
5
61
44
83
102
29
7
53
56
29
6
6
101
32
6
67
57
9
69
17
78
39
30
15
69
71
8
75
41
28
16
30
29
36
56
30
30
38
72
37
16
41
41
58
14
25
32
5
17
5
15
46
29
65
27
66
37
63
27
20
7
68
88
78
21
102
83
79
65
75
36
16
21
46
9
37
17
47
30
41
29
34
60
55
52
37
17
44
86
80
56
14
50
1
96
9
22
16
53
8
47
10
69
55
8
56
22
145
10
29
44
98
46
2
16
23
29
28
48
8
6
77
84
39
40
26
71
51
21
34
58
110
18
19
32
77
36
18
10
4
15
19
60
80
76
8
30
58
14
20
49
11
95
75
13
34
15
94
32
18
1
105
74
68
29
26
15
8
49
15
108
59
101
56
6
2
44
96
4
6
74
39
65
18
31
33
102
1
76
32
61
12
1
77
38
38
4
5
23
15
35
31
23
57
18
22
42
71
11
30
2
57
63
8
27
1
88
50
24
6
3
29
7
9
13
31
78
129
104
40
35
32
20
25
38
8
10
35
115
41
4
24
7
41
20
38
11
29
62
10
15
10
46
17
14
21
6
94
34
18
47
76
42
39
18
10
98
79
96
3
77
11
89
28
25
34
99
73
16
19
42
5
13
12
31
46
31
42
17
44
50
21
82
43
33
8
30
4
111
9
66
10
53
41
15
46
42
75
62
2
24
19
22
3
18
73
29
2
20
36
14
84
25
12
1
90
83
23
63
4
6
42
21
25
18
8
8
14
25
60
43
0
52
25
44
12
100
12
15
57
17
77
27
32
22
22
16
20
78
74
37
22
72
49
0
56
19
47
25
74
18
15
23
92
57
30
23
43
18
25
8
3
31
46
22
53
8
36
19
64
34
66
60
50
52
12
70
75
26
39
25
36
20
25
23
59
52
34
29
49
28
6
44
15
25
5
26
37
15
48
35
14
15
22
9
32
8
0
54
39
0
14
40
21
83
51
67
50
92
28
73
19
32
22
21
3
8
98
63
21
33
25
29
33
79
30
52
69
37
0
12
16
18
80
74
51
92
36
60
6
36
39
31
3
74
86
31
12
105
18
8
77
66
7
11
46
8
13
48
42
36
89
49
53
44
24
27
48
6
45
16
23
23
34
24
5
75
38
89
9
43
31
8
26
52
24
61
32
60
5
41
44
32
26
33
14
25
18
16
45
15
32
5
115
38
20
61
30
82
55
11
39
49
53
18
24
27
29
97
15
56
31
85
3
6
15
50
15
20
8
3
56
26
43
113
8
16
90
48
10
4
0
24
27
57
12
41
54
42
26
19
20
52
1
8
65
39
4
2
57
42
8
71
8
5
73
39
0
15
27
82
3
6
23
35
35
91
56
119
57
31
22
37
53
4
53
76
49
40
10
122
28
11
23
87
30
54
15
64
63
21
2
22
63
17
16
57
35
34
17
18
39
39
53
8
16
23
22
2
45
70
19
37
29
64
41
3
29
5
2
4
53
30
22
44
50
59
25
47
47
37
55
23
120
31
31
14
1
22
41
49
26
5
29
26
19
5
6
21
16
40
50
9
24
8
73
29
24
80
78
47
41
26
43
25
49
31
19
14
19
27
13
10
37
43
63
91
19
88
12
36
47
19
28
30
12
20
90
4
82
41
14
47
34
107
3
15
7
14
6
21
31
9
20
62
36
69
3
12
71
16
68
105
14
83
8
8
33
0
1
15
2
85
28
2
23
32
12
33
9
14
46
59
23
21
7
34
37
2
2
9
47
12
34
23
120
6
12
9
3
2
38
69
38
9
11
48
27
25
45
57
21
46
3
21
16
62
17
17
44
1
42
7
60
51
41
2
47
8
3
25
18
6
71
10
46
1
13
42
9
22
23
8
41
45
3
85
77
40
42
87
29
44
39
32
74
23
16
12
73
9
18
5
0
4
18
28
5
7
13
58
74
25
71
2
73
24
37
32
2
131
30
39
19
6
7
63
22
24
30
43
6
23
6
21
36
59
31
42
24
41
17
53
2
11
12
36
28
63
2
28
46
10
18
20
73
7
21
65
61
16
7
2
63
19
12
49
70
1
31
24
26
41
38
47
61
6
31
30
6
44
6
13
6
4
17
34
34
11
24
55
1
15
52
43
1
7
49
61
17
32
58
62
16
11
10
17
3
10
4
123
32
0
27
43
7
27
22
43
12
10
29
8
40
2
20
21
26
72
37
21
31
71
67
18
18
18
8
47
6
2
31
15
38
34
3
58
3
11
39
32
7
17
17
19
0
50
17
6
52
14
38
60
45
1
11
10
13
71
25
27
30
18
1
5
111
14
29
3
23
25
14
22
58
20
51
18
22
5
3
53
0
66
20
43
12
45
10
32
4
23
22
16
24
4
31
48
18
24
11
84
58
50
15
25
17
75
33
46
48
3
72
91
56
28
79
55
55
45
52
85
25
14
72
13
25
2
13
3
58
9
26
88
25
14
31
27
45
33
20
22
55
10
22
14
29
10
45
16
18
11
64
1
19
42
1
45
11
83
42
36
13
4
61
80
18
6
13
19
24
52
24
24
67
16
24
83
22
35
6
17
43
53
48
19
23
11
46
10
34
44
48
40
26
21
45
65
54
5
7
14
9
24
49
45
35
84
97
31
31
29
8
9
22
12
36
35
14
30
64
22
47
4
2
10
46
37
1
4
28
13
29
28
25
14
5
9
38
38
39
24
32
31
48
47
23
9
27
36
42
14
50
9
67
4
8
19
3
29
7
78
15
95
67
8
12
32
5
14
20
13
35
31
56
19
19
79
17
12
21
12
54
28
2
25
21
28
32
72
5
22
3
13
60
24
52
33
30
18
18
30
12
104
38
8
8
9
30
33
6
14
73
39
35
14
10
7
18
20
39
5
18
44
33
8
39
25
10
21
3
8
39
14
42
19
32
3
26
69
52
6
65
17
9
23
27
19
48
40
34
48
35
9
26
59
42
18
12
15
24
23
21
38
24
1
20
18
56
24
38
63
2
7
2
13
27
36
13
36
2
62
26
33
13
9
18
5
33
14
15
40
3
9
4
39
59
26
16
53
49
32
2
6
22
50
27
62
31
20
11
21
49
41
33
32
42
15
4
9
40
10
42
3
6
4
14
28
25
1
6
20
14
6
7
44
29
31
7
0
34
8
17
56
32
30
51
9
13
18
27
2
27
38
73
28
8
7
44
15
23
42
24
52
6
27
27
31
34
52
7
14
0
22
3
33
10
41
65
1
5
20
20
16
21
68
55
7
51
49
71
25
39
17
12
8
29
12
23
18
54
13
28
18
17
32
38
19
26
28
41
117
23
53
24
8
24
38
23
44
35
30
74
15
36
24
1
8
20
0
35
25
18
26
45
24
52
30
14
32
48
21
38
6
2
28
32
5
9
13
54
21
19
73
22
65
8
44
23
25
32
61
28
35
18
29
27
46
46
57
75
45
4
11
27
2
50
3
24
9
26
22
35
50
48
4
3
31
3
44
21
33
28
29
17
19
2
13
16
28
17
57
0
28
15
14
32
2
0
2
2
8
9
2
34
18
21
12
14
50
5
27
4
23
24
22
39
3
36
41
16
18
21
10
6
8
3
7
4
40
4
55
18
13
32
36
6
56
42
19
18
6
37
54
19
71
11
1
6
5
50
9
25
21
56
1
7
6
1
30
5
22
14
10
13
13
17
44
13
31
49
7
10
12
13
23
36
35
16
6
35
38
20
42
15
11
15
1
4
8
37
23
26
18
12
0
8
66
17
14
17
2
32
31
4
2
46
9
58
18
43
2
16
26
44
14
15
8
55
23
30
5
8
1
16
13
11
9
35
24
10
22
8
12
7
45
23
5
5
42
39
49
12
2
21
52
3
17
9
35
64
9
17
47
20
5
14
8
19
41
13
14
19
63
8
4
47
2
3
16
13
21
21
10
19
40
2
62
6
28
32
35
15
15
6
35
55
5
1
3
46
5
14
9
33
7
20
6
32
20
64
36
34
41
4
67
2
0
13
15
27
36
38
10
19
20
22
6
15
8
33
10
10
40
32
15
8
9
30
0
2
30
18
38
17
7
19
12
6
9
5
0
58
2
28
40
0
38
49
8
10
7
15
17
12
33
34
13
24
35
15
4
39
38
12
6
12
2
12
5
86
25
11
23
23
14
38
24
10
17
29
12
2
20
52
8
3
2
9
1
12
20
3
2
25
10
53
47
22
13
0
20
29
22
24
5
11
6
46
10
12
57
15
9
10
28
0
22
11
7
14
29
49
63
10
2
14
6
2
4
6
17
5
18
13
12
1
15
3
19
33
32
41
11
9
18
29
1
37
21
22
33
17
36
46
6
14
5
10
16
10
18
14
1
24
12
33
22
10
63
15
12
21
1
14
10
15
11
12
21
23
11
44
21
12
1
28
47
7
2
50
15
5
12
35
11
16
5
24
2
10
49
12
0
33
56
22
14
3
6
12
7
15
13
20
20
20
28
33
19
23
12
0
4
42
24
18
4
9
8
5
64
5
8
2
11
2
18
4
32
7
25
31
26
27
3
34
41
12
26
4
19
39
0
9
17
26
23
4
22
7
25
23
19
18
13
10
20
29
2
36
51
22
9
2
2
19
18
12
3
15
3
25
15
5
12
28
32
8
5
5
16
0
36
11
12
8
31
12
22
3
27
7
19
13
10
13
9
9
2
9
9
25
11
16
31
12
3
18
19
12
9
2
16
10
20
10
6
4
20
17
6
10
6
11
36
6
10
49
4
22
15
29
10
7
4
54
3
26
17
12
6
29
22
4
9
13
4
29
1
20
10
5
10
1
4
18
8
8
13
15
11
13
4
46
5
23
5
15
1
3
7
7
1
30
6
15
20
13
3
34
39
3
3
26
8
48
21
10
9
3
47
9
3
14
7
36
5
14
30
0
25
4
8
17
6
19
9
1
8
19
9
18
0
11
18
9
10
1
30
15
3
6
3
1
30
2
4
17
17
21
16
4
9
12
17
1
11
19
7
5
10
4
13
18
15
13
27
28
2
2
7
12
2
22
1
5
18
8
12
17
12
4
16
6
24
6
3
14
14
5
3
12
14
11
3
23
34
12
2
8
31
15
6
1
5
8
1
7
14
3
5
22
36
2
4
3
28
4
10
41
2
5
13
17
5
8
4
3
4
24
13
6
7
6
8
10
16
6
2
5
11
2
8
20
4
19
8
9
18
1
5
10
19
4
3
9
6
8
14
14
5
6
1
16
11
11
8
3
16
0
14
8
15
26
0
16
18
2
14
11
2
0
1
24
11
3
9
3
8
1
0
5
11
6
3
10
16
1
6
2
11
1
9
3
6
8
14
1
5
8
8
10
13
4
6
10
6
11
3
11
4
3
11
10
10
23
16
2
2
6
11
9
5
6
4
9
4
2
7
3
5
2
3
2
8
11
4
6
6
3
16
5
3
2
7
6
6
9
1
4
3
3
0
3
3
3
2
4
3
2
1
1
1
4
0
3
4
2
2
0
0
0
