0
6
55
2
33
14
46
6
3
9
88
78
4
29
30
5
13
47
14
15
3
39
143
93
9
84
36
0
17
105
25
40
47
24
3
45
15
35
28
1
8
28
28
32
38
83
22
34
66
62
14
54
56
41
9
33
5
87
71
12
44
32
33
91
4
37
10
2
99
20
104
25
3
71
44
7
48
58
18
26
5
3
60
14
51
59
16
62
73
17
112
48
38
76
57
19
17
11
39
5
41
24
61
11
69
52
33
33
148
13
44
61
5
23
47
32
55
78
8
78
27
1
42
71
84
28
35
105
18
10
49
44
32
84
36
14
11
12
10
50
22
8
27
75
1
45
50
1
12
19
43
143
13
105
16
3
119
1
206
9
3
3
84
98
55
95
71
26
27
111
16
29
39
15
56
24
92
51
2
125
26
69
34
10
47
17
87
40
165
32
8
121
33
20
23
35
83
72
67
98
82
21
48
55
102
5
3
113
17
4
15
4
24
1
56
60
48
118
33
30
42
94
31
91
58
38
61
14
113
57
24
29
100
41
89
184
40
7
40
99
17
51
58
120
89
2
43
74
4
125
72
27
17
32
7
25
14
6
26
89
11
4
85
114
5
89
44
59
31
166
41
25
89
39
4
71
44
32
77
14
99
13
49
17
152
13
48
11
48
69
0
36
9
45
31
26
6
9
123
77
89
4
7
122
19
23
122
26
0
41
98
34
55
6
40
52
84
17
23
107
91
15
74
42
44
41
1
24
60
12
115
9
72
30
54
10
23
21
49
12
95
52
0
32
18
17
47
121
41
21
73
16
23
6
37
88
113
56
12
37
47
122
3
74
16
79
27
43
19
53
80
10
1
94
30
80
0
40
27
18
79
37
10
1
30
55
12
30
141
5
96
59
36
24
17
17
35
7
11
17
40
9
17
31
113
87
5
111
12
7
74
19
52
82
19
100
60
74
32
35
45
69
19
8
89
1
27
54
3
46
53
25
5
35
37
78
26
40
22
38
16
2
107
2
118
140
2
77
93
4
43
19
24
15
31
25
44
37
15
39
43
70
40
64
10
19
40
4
13
25
57
22
114
62
13
46
12
71
138
77
59
8
16
5
27
95
34
38
14
61
48
13
91
37
21
22
23
1
40
43
52
22
55
57
121
13
45
37
29
2
153
87
10
104
14
68
60
75
72
11
31
20
47
70
85
11
9
18
18
11
55
27
108
13
46
123
16
6
24
19
83
59
21
108
32
18
20
56
22
68
45
31
92
6
9
29
21
58
17
3
83
89
167
29
69
114
67
59
78
30
73
10
72
79
2
34
146
44
27
90
13
20
47
67
35
32
42
33
20
71
108
54
29
46
19
16
2
41
12
26
13
21
15
45
59
19
47
55
37
3
7
3
47
34
26
17
41
13
62
42
17
9
11
59
27
24
37
64
3
30
98
76
13
44
16
66
83
35
67
55
67
5
56
100
17
49
51
40
9
77
50
41
78
3
46
21
10
66
56
81
5
19
40
35
88
50
2
1
27
22
37
1
7
38
75
57
10
58
11
29
48
39
59
1
102
9
66
9
78
138
72
20
110
3
28
53
3
22
0
17
26
67
110
73
75
23
19
42
64
17
0
14
46
59
8
6
7
48
46
105
19
39
12
30
12
17
53
31
3
22
87
57
12
4
93
86
18
24
21
21
36
103
57
58
31
2
5
23
12
22
61
87
76
50
24
12
86
7
31
26
14
115
101
50
35
72
3
9
22
38
7
38
22
14
7
29
20
48
2
109
69
58
37
45
103
73
67
38
9
27
59
29
53
37
106
12
4
9
41
13
93
9
13
79
167
21
148
44
13
25
60
128
60
17
41
30
57
15
42
37
29
47
1
45
17
11
86
19
20
28
35
9
77
15
17
86
75
122
16
63
20
10
8
98
6
86
72
15
5
29
126
10
80
55
25
80
10
76
4
61
89
50
18
1
14
115
73
24
40
14
34
0
29
18
60
25
39
47
20
2
46
14
32
36
2
90
51
26
8
1
46
12
18
54
3
35
26
45
20
7
21
109
97
2
101
11
161
37
34
22
77
31
23
2
95
19
7
28
62
49
25
40
41
75
88
34
9
61
44
37
36
65
52
4
26
41
80
30
170
23
13
51
10
35
73
19
7
9
62
50
75
66
20
46
29
36
31
11
32
6
11
58
34
44
95
4
3
1
70
26
4
57
99
23
20
66
55
0
59
7
28
69
34
61
12
10
73
50
82
59
43
9
34
62
12
2
44
18
139
48
94
79
83
4
64
4
70
14
35
5
15
28
13
57
97
17
75
17
39
36
0
32
42
27
5
108
26
72
17
59
3
53
43
6
77
73
14
6
57
79
35
42
56
54
26
42
10
62
18
54
12
42
3
24
4
8
9
118
32
55
7
20
20
54
14
5
54
121
17
73
47
57
56
22
20
6
79
9
116
66
1
57
85
64
28
45
47
76
66
30
50
13
90
8
66
26
7
30
98
40
10
5
14
33
27
61
20
35
58
17
27
12
51
3
30
32
59
43
79
66
85
22
3
1
22
18
67
60
19
27
18
7
102
33
30
88
115
76
7
52
16
38
13
18
42
40
49
57
92
34
16
21
41
21
11
3
34
8
85
9
18
10
36
5
38
27
34
50
71
28
13
22
25
18
8
55
63
24
40
20
7
22
24
13
0
16
53
141
31
14
20
76
10
69
47
14
28
43
17
23
121
47
5
40
84
89
15
125
7
48
114
37
16
30
13
30
15
65
42
39
24
16
50
6
35
60
26
13
51
94
18
5
107
5
33
64
46
9
36
64
41
69
38
4
23
83
8
24
40
60
37
49
14
10
6
31
14
99
97
36
7
66
28
38
15
49
33
23
3
44
11
60
29
18
13
64
12
41
37
2
12
81
9
27
30
27
7
11
19
52
19
1
13
23
54
52
0
95
19
67
83
15
70
66
2
77
28
74
11
44
26
22
4
19
45
23
14
5
2
57
58
17
1
103
17
14
4
59
15
79
6
55
14
30
55
53
61
2
16
39
19
102
19
46
67
69
44
13
51
45
55
27
57
59
20
16
3
25
14
8
99
71
25
26
61
32
89
84
38
3
58
46
76
47
7
41
25
38
19
37
77
63
17
38
23
16
151
30
50
14
13
27
34
44
26
24
105
19
9
19
27
103
6
74
64
35
43
127
53
36
54
69
25
134
48
13
25
0
16
61
43
51
70
18
128
7
76
46
47
50
102
22
10
35
11
47
110
22
1
35
45
48
90
52
44
1
82
4
21
19
43
12
21
24
32
22
32
36
0
24
10
5
15
5
80
13
20
54
66
3
70
34
7
21
68
15
37
50
82
28
29
71
62
77
13
24
19
28
37
23
98
7
8
3
27
9
96
43
13
29
19
116
66
2
14
3
2
4
11
10
4
88
31
45
25
16
54
71
48
37
41
10
11
29
8
51
3
9
44
9
39
64
77
10
22
4
59
61
7
39
22
31
7
43
11
19
4
33
58
0
14
8
116
46
23
63
18
33
20
65
54
6
16
0
11
28
12
26
46
17
14
14
54
29
91
24
41
26
10
41
43
67
19
14
54
4
6
7
55
95
20
74
12
41
52
26
14
32
17
53
52
8
29
32
43
14
43
20
121
2
28
46
3
18
25
11
33
36
113
75
68
45
36
127
45
22
28
24
27
30
11
62
25
64
49
45
61
29
10
7
34
36
95
25
11
5
33
6
47
31
38
55
56
11
38
46
34
82
68
16
3
22
18
38
29
22
79
24
4
10
19
2
35
4
30
69
11
19
22
19
10
39
71
64
34
31
10
32
52
89
10
54
26
6
39
33
29
19
29
3
46
23
4
22
25
6
19
6
26
35
65
50
49
42
45
12
47
17
28
9
8
94
78
15
70
3
11
47
15
24
17
17
43
5
23
18
56
34
41
17
28
32
28
8
59
71
16
17
45
28
56
15
0
37
48
125
33
33
6
25
5
34
19
22
14
45
7
12
50
46
55
100
36
87
93
43
27
61
58
28
4
4
44
35
3
6
94
26
28
37
50
22
39
35
69
10
78
62
41
78
14
18
48
50
16
16
31
17
7
38
43
2
17
4
42
7
43
6
5
9
40
6
40
24
37
8
67
50
42
26
47
18
8
25
38
23
94
5
14
39
3
9
3
25
56
18
5
9
18
82
17
32
72
31
72
51
38
2
23
5
25
63
32
12
22
45
18
12
20
72
55
25
15
80
16
13
12
7
42
82
21
47
15
42
40
22
1
2
68
20
4
28
22
2
4
0
23
24
39
23
7
29
9
91
8
3
7
0
15
75
40
77
27
21
33
20
6
25
36
44
24
81
24
51
61
39
84
22
13
23
22
13
26
1
4
26
56
15
18
74
24
6
24
14
36
30
38
13
35
9
14
25
28
14
83
41
27
39
15
26
8
29
59
95
9
7
49
2
33
10
50
1
24
13
52
36
33
23
35
27
21
11
13
24
3
81
5
25
1
8
63
34
47
18
2
8
41
9
18
17
64
22
10
21
11
23
72
12
32
60
62
7
19
23
36
15
17
35
44
13
15
50
84
66
55
13
89
13
98
37
9
27
1
6
9
20
1
86
45
18
5
64
67
12
3
28
4
10
50
27
4
22
36
39
22
19
10
12
26
16
8
58
28
23
15
9
36
19
19
6
11
63
62
9
7
22
25
17
84
37
31
4
21
15
37
23
13
14
3
50
25
29
10
10
57
17
0
27
49
5
4
55
2
6
55
61
11
33
7
63
1
6
78
13
55
57
6
46
14
26
86
34
4
10
14
9
84
34
15
34
8
41
18
20
4
60
29
16
3
59
17
32
23
36
8
20
13
62
20
50
21
71
6
9
17
37
16
10
6
11
11
26
75
26
57
13
43
21
58
7
39
17
2
27
8
56
20
37
15
40
40
54
1
1
28
0
11
27
1
13
42
45
114
55
13
34
13
6
57
28
101
21
23
9
19
35
3
4
7
43
68
25
41
37
28
101
88
57
11
35
27
13
35
45
47
6
8
103
23
34
32
14
17
11
33
14
8
62
52
10
6
8
78
2
48
31
77
22
8
25
23
9
18
44
9
17
2
12
12
8
30
53
36
12
25
44
0
49
21
24
14
6
29
57
61
71
24
47
20
0
75
26
21
3
18
82
33
7
57
54
17
20
27
48
6
13
2
38
5
28
13
29
34
14
83
15
9
8
24
54
23
30
23
57
31
8
5
12
13
30
29
37
31
34
2
71
30
23
64
9
4
19
3
18
8
25
51
19
12
77
57
31
34
25
17
65
25
14
64
1
33
37
10
75
8
14
16
10
63
17
1
123
8
11
29
20
27
19
44
29
4
20
28
23
46
20
3
40
12
1
16
77
39
52
25
8
22
43
28
38
15
64
11
14
20
41
71
5
37
34
11
30
59
42
2
13
14
8
29
5
26
31
34
69
15
42
22
17
3
78
64
25
15
10
16
0
21
8
41
8
44
25
30
14
2
46
54
24
6
59
31
23
33
2
10
39
32
30
45
6
40
55
51
17
40
9
5
29
12
49
59
51
40
41
4
26
45
2
9
31
22
49
65
1
3
12
27
3
54
27
7
2
56
67
69
14
36
38
27
4
37
16
21
40
26
54
13
13
2
76
9
51
31
41
9
10
17
19
42
23
16
12
16
31
27
2
44
21
42
38
11
5
48
13
57
20
34
46
6
2
16
42
39
4
37
32
25
35
28
57
39
2
3
69
6
13
8
20
53
15
36
66
46
1
17
37
83
36
18
35
12
5
0
64
17
34
44
19
40
36
1
44
14
33
39
45
8
3
15
16
21
30
3
28
2
2
28
71
50
2
50
7
40
26
72
15
20
34
1
21
7
11
14
58
62
27
38
18
14
36
28
12
10
32
37
30
12
31
57
35
44
3
30
30
24
12
61
1
11
18
1
10
29
44
25
16
3
62
8
28
6
15
21
37
29
50
40
37
13
14
15
25
22
10
12
31
6
5
25
18
55
24
13
32
7
15
36
21
27
1
83
24
29
16
5
20
40
17
57
24
14
3
27
8
78
25
30
61
1
20
20
6
34
13
100
9
31
10
13
3
52
27
37
52
3
6
37
14
32
41
7
7
0
16
28
33
8
17
4
11
48
4
41
45
27
16
11
46
69
10
14
8
39
43
21
38
20
40
10
15
9
65
24
45
39
19
54
0
40
8
34
18
14
8
9
16
18
19
6
11
1
27
19
27
11
30
6
19
46
20
38
29
6
53
9
19
9
12
29
11
12
47
29
31
5
11
15
29
68
14
13
8
37
21
12
22
14
28
18
14
7
55
10
18
40
37
2
21
7
32
49
22
46
0
9
21
0
35
16
28
11
11
5
10
11
6
7
17
24
20
33
33
11
46
14
3
12
2
22
9
15
26
14
3
7
27
24
3
37
14
30
11
1
19
16
18
11
20
34
36
26
10
21
18
20
11
5
1
3
34
21
16
4
42
66
39
11
20
13
17
21
7
23
17
11
16
3
29
9
4
26
19
2
46
29
19
13
1
16
27
36
21
19
26
52
31
16
13
29
2
11
7
8
21
39
17
29
44
16
12
12
9
48
10
20
35
15
22
50
22
42
56
15
13
17
5
1
31
66
5
12
43
16
24
20
9
11
9
9
17
7
2
22
36
52
7
31
24
6
4
10
3
34
36
1
27
10
6
29
1
47
0
46
14
5
34
6
2
20
21
13
16
27
21
23
9
9
34
23
3
2
1
7
51
24
17
5
12
17
42
8
26
25
18
16
4
1
41
41
27
5
28
10
10
41
27
38
1
4
19
10
18
13
16
18
0
2
24
13
3
7
51
19
14
22
13
10
23
4
5
16
10
14
2
15
5
27
24
19
19
34
19
31
12
6
19
22
1
5
7
11
28
35
24
33
10
56
6
18
26
17
31
7
15
6
17
0
39
11
17
21
9
36
64
1
3
22
56
40
20
15
25
7
2
8
36
7
12
41
1
4
2
11
13
27
24
13
4
14
21
30
21
5
50
4
14
12
22
4
19
40
2
19
3
1
13
10
11
6
8
7
16
15
23
8
30
15
27
25
18
9
4
26
26
17
1
13
21
24
17
17
13
6
2
48
47
5
4
26
24
25
21
29
12
6
23
8
33
12
24
16
2
22
11
4
3
23
14
26
8
8
33
27
24
20
10
13
9
5
11
18
5
9
14
17
19
26
5
17
20
29
4
10
14
22
19
12
20
25
25
4
36
8
3
22
17
25
11
2
16
22
16
5
6
16
10
12
37
2
13
13
16
1
3
5
24
23
12
6
35
19
11
5
8
13
20
23
1
30
5
8
8
20
9
9
5
11
18
9
21
6
5
11
17
11
25
21
15
17
15
14
10
4
18
24
1
17
20
9
9
6
1
11
2
1
26
16
14
24
12
12
12
5
2
34
1
16
6
41
15
11
5
3
3
6
10
2
29
21
4
0
13
14
5
18
6
3
19
11
10
11
1
2
14
16
33
9
19
13
5
21
15
7
20
21
14
7
14
3
19
8
1
15
10
10
3
2
9
5
19
15
19
25
15
2
10
10
22
1
36
18
0
9
3
19
4
19
16
5
32
11
19
4
6
1
25
8
3
14
7
18
24
0
7
18
0
2
8
10
3
17
4
1
22
14
14
18
22
5
25
6
1
10
12
9
9
14
3
2
20
1
14
10
17
5
7
4
6
7
3
21
22
9
13
13
17
22
0
4
18
9
13
15
2
18
6
10
4
10
22
0
2
4
4
11
13
6
1
4
4
16
5
3
9
9
8
14
14
7
0
10
12
6
8
4
13
8
15
11
3
2
4
12
11
2
11
3
23
2
2
1
12
17
8
3
3
15
4
7
7
5
0
6
1
8
5
7
3
5
2
1
7
3
14
10
11
4
0
3
5
1
2
6
6
8
5
4
1
1
2
0
6
1
10
2
2
2
3
10
6
5
1
1
1
3
4
7
7
0
3
3
0
2
1
1
2
2
1
1
1
