6
0
7
19
16
6
39
9
23
77
8
13
5
52
64
10
1
15
16
4
16
2
19
13
26
120
5
75
30
17
62
2
20
34
12
41
37
69
31
39
19
12
84
71
41
84
9
19
89
41
72
40
25
16
112
14
48
13
45
5
13
72
27
25
110
26
12
23
6
88
9
28
21
7
5
39
28
5
36
86
9
66
54
17
54
74
29
38
53
108
73
21
66
42
56
24
7
55
12
55
24
8
77
24
32
42
3
57
10
53
72
83
65
106
37
32
34
67
43
12
92
102
50
27
15
44
44
28
106
32
31
36
64
7
120
75
62
5
61
32
27
83
133
38
109
73
59
113
79
5
56
12
37
48
28
71
11
1
38
29
83
121
114
17
22
26
10
23
47
35
59
70
71
30
1
34
31
52
7
37
2
148
32
5
41
21
24
38
52
43
11
14
51
45
46
18
152
36
73
116
14
45
42
14
66
61
31
28
94
6
102
43
52
18
47
14
63
94
35
9
27
1
22
63
21
21
66
52
55
112
9
20
36
2
98
119
21
12
57
17
38
76
77
17
137
54
14
49
61
21
81
25
0
55
27
127
35
89
48
71
12
4
50
11
28
57
46
12
4
35
49
3
9
105
25
58
31
8
19
16
18
12
49
25
26
52
17
22
4
39
60
65
61
91
92
48
26
50
19
32
52
183
13
21
68
27
44
27
58
64
53
25
9
16
24
13
79
75
54
29
7
36
4
101
15
128
16
76
135
53
20
8
75
57
13
48
54
8
32
123
29
4
65
12
21
51
46
50
93
24
12
25
1
85
29
66
12
32
23
113
8
15
43
45
26
92
33
69
27
29
10
7
93
14
6
4
63
49
186
35
86
4
86
29
68
38
81
36
32
20
23
81
50
12
90
27
62
74
110
49
4
22
11
70
13
31
4
87
75
45
33
50
66
36
65
39
89
29
117
12
26
34
22
79
11
4
7
13
30
68
34
90
40
57
120
81
9
19
64
72
9
35
58
62
69
148
14
35
21
58
27
36
79
1
66
62
58
20
16
101
49
51
75
57
48
5
58
124
35
59
81
76
23
70
88
45
72
107
21
70
46
48
107
15
2
104
58
28
70
81
60
145
56
48
69
92
62
115
6
39
31
89
23
117
148
70
52
109
27
34
43
61
111
149
111
21
33
2
30
47
7
14
63
76
14
74
9
108
37
49
34
32
121
22
40
23
36
24
77
4
16
56
21
13
5
44
38
13
65
16
58
42
34
9
17
62
50
22
23
13
25
9
106
32
60
36
77
35
22
18
36
25
5
67
3
52
56
44
99
38
137
99
35
10
13
17
46
42
35
3
96
69
26
51
25
31
109
30
20
91
62
115
3
55
15
22
29
4
37
25
166
4
12
12
61
24
22
48
76
30
59
53
9
15
57
45
23
51
19
72
60
17
10
106
19
22
6
30
5
23
19
71
98
41
32
1
54
37
21
44
17
10
14
49
16
41
102
2
125
103
9
73
56
7
68
8
38
85
58
62
25
73
6
13
51
8
77
23
21
51
106
73
24
76
2
15
19
128
4
49
1
11
68
53
33
66
39
60
108
27
12
2
5
7
22
18
9
22
17
65
47
104
62
17
132
41
38
75
76
16
5
10
36
91
83
27
17
64
37
103
14
54
11
118
21
13
35
73
63
30
12
36
9
40
25
3
93
4
34
24
63
57
73
4
107
59
3
42
17
37
31
53
57
43
63
47
76
83
29
34
25
121
43
9
103
14
38
21
30
50
19
41
2
30
40
51
50
34
70
48
24
12
24
69
7
45
143
60
28
35
10
29
24
6
43
124
68
43
38
46
23
30
75
55
23
13
69
21
50
44
41
54
34
83
113
49
8
20
76
23
81
3
1
22
20
41
6
49
46
46
15
6
6
39
88
65
1
25
31
49
63
90
28
36
15
69
17
3
145
78
112
66
32
30
15
81
97
119
63
5
34
31
52
14
3
16
73
1
98
54
29
33
15
34
2
41
73
25
125
49
91
37
125
85
9
2
30
56
33
15
4
39
95
80
39
33
59
12
81
137
34
79
45
56
9
55
114
19
11
18
88
136
29
80
47
65
44
24
10
76
65
10
2
123
125
64
66
14
29
52
45
78
6
17
17
8
64
59
12
32
141
37
71
130
50
7
59
51
50
84
73
31
12
17
65
78
31
77
68
4
28
101
12
45
8
21
21
9
53
14
24
124
66
9
49
70
45
16
84
31
38
8
5
69
0
19
67
55
52
94
60
79
119
93
69
4
17
14
20
89
9
54
28
83
50
3
27
42
73
24
17
15
135
16
21
62
47
11
39
18
4
1
74
72
60
63
89
51
38
84
20
11
15
37
60
34
14
23
22
33
39
91
12
31
36
89
89
20
139
24
90
20
8
29
11
7
41
62
2
47
93
26
33
22
36
32
48
81
23
3
6
32
50
41
7
27
3
6
33
60
22
37
101
42
86
67
9
37
23
51
39
13
31
117
31
76
57
12
90
17
31
59
88
10
29
24
20
37
49
62
3
22
21
48
114
2
39
27
56
1
4
22
9
14
18
11
2
19
63
43
54
16
5
31
36
103
17
11
26
32
44
20
8
75
91
11
11
37
15
77
50
86
38
42
65
23
43
47
24
52
30
115
20
12
63
86
0
28
18
56
1
5
8
118
86
19
101
52
1
56
37
37
27
10
91
151
27
16
50
69
77
70
39
5
11
61
22
48
10
54
1
26
15
17
46
79
4
131
43
32
18
43
19
108
122
80
9
68
29
86
66
72
9
61
14
1
85
81
6
48
45
78
15
6
34
50
4
22
72
34
41
6
55
7
0
29
68
26
5
1
20
55
12
100
13
58
22
0
46
13
119
31
8
68
97
13
27
4
32
76
40
9
66
20
4
11
43
63
29
11
21
3
22
41
77
65
1
50
73
7
14
45
12
5
46
7
20
14
30
9
2
46
28
30
71
85
19
6
13
15
48
21
34
26
30
50
74
25
12
40
38
6
27
34
11
2
8
95
65
31
4
8
20
5
31
45
64
47
39
50
57
7
68
120
31
23
67
36
63
80
72
44
17
17
9
14
1
91
30
164
31
41
25
4
52
39
39
50
4
41
1
8
22
30
60
10
79
41
6
40
18
119
42
23
18
8
39
41
12
87
97
24
86
128
2
31
14
40
62
26
56
44
2
11
38
27
38
56
56
44
20
57
73
22
17
38
8
4
50
29
60
4
37
18
15
47
9
40
8
33
29
2
1
18
11
25
29
100
20
3
8
90
50
35
88
47
96
7
1
1
24
46
27
24
5
69
53
83
45
1
57
80
58
2
11
67
67
69
5
17
9
102
27
44
8
32
51
75
62
45
2
86
79
20
7
58
33
75
4
49
21
53
1
47
64
9
112
7
32
46
13
1
46
32
61
16
59
45
3
13
25
85
29
41
46
18
59
21
42
49
82
15
31
8
45
53
36
33
3
5
4
46
15
45
78
27
80
3
85
82
42
36
133
60
30
40
85
43
2
21
40
50
4
29
45
25
27
62
1
43
48
88
3
24
39
101
67
1
82
31
41
13
29
26
121
41
19
25
4
25
1
51
4
59
18
20
105
32
39
71
40
19
21
30
86
31
19
46
43
56
50
7
24
11
10
70
21
2
38
48
10
17
75
12
125
9
27
14
35
37
73
8
34
91
16
44
42
30
64
16
79
33
45
66
26
18
43
34
50
24
3
56
32
22
40
12
2
33
41
58
41
3
17
43
9
79
38
3
3
11
16
75
41
29
25
18
15
6
46
17
46
11
17
45
45
55
40
84
29
43
25
22
15
2
84
26
13
89
42
46
44
14
28
80
34
18
24
2
10
57
26
21
30
68
42
67
7
29
16
11
2
27
59
4
95
66
95
57
32
29
47
19
26
37
30
21
10
6
70
18
25
45
32
39
5
59
32
27
7
12
23
18
95
28
65
3
46
5
30
23
31
45
51
17
24
2
14
41
32
21
75
2
13
40
23
20
41
30
15
78
21
26
7
13
29
4
33
20
1
22
15
16
69
48
15
37
46
71
49
103
39
18
8
79
21
11
30
56
34
1
29
9
77
51
5
16
15
23
31
3
22
3
16
14
56
5
0
50
54
43
3
25
69
79
9
49
47
65
16
47
26
98
46
26
26
34
23
11
42
4
21
139
47
3
2
42
8
30
55
3
30
40
50
38
49
37
1
31
35
6
17
5
28
60
23
42
21
11
48
33
7
3
47
56
30
0
27
53
2
17
8
0
22
24
35
35
116
22
21
18
102
45
6
23
37
13
44
8
30
25
57
17
49
44
4
49
56
28
22
54
45
26
48
52
4
3
3
8
19
11
14
26
0
23
27
105
105
26
16
25
17
10
38
2
42
21
20
13
82
10
82
28
36
31
24
19
28
30
52
30
65
21
50
65
39
42
4
56
47
32
18
18
82
33
55
1
15
18
28
36
10
12
33
90
105
85
33
29
13
19
24
32
20
45
13
10
59
3
23
38
58
2
51
32
0
43
12
33
25
43
39
56
59
86
44
9
1
33
20
25
2
12
25
20
58
18
33
63
51
2
4
5
23
65
2
126
56
37
38
5
5
54
37
99
36
49
10
20
17
7
37
53
5
12
8
16
3
61
17
39
49
10
30
4
24
2
18
75
39
3
8
16
1
62
22
42
26
9
8
34
61
54
46
16
9
16
1
72
34
25
85
41
9
60
11
77
4
22
38
74
84
3
12
7
95
34
19
8
0
18
32
23
9
11
33
3
69
56
32
42
3
1
4
34
18
63
4
7
31
34
19
37
16
20
2
8
64
15
0
6
41
17
14
18
22
3
7
2
14
2
10
25
5
26
8
18
16
4
15
85
17
30
56
27
57
39
4
57
64
19
15
16
11
40
14
29
7
76
25
33
28
21
71
39
12
56
19
7
21
17
45
65
21
11
29
74
10
23
11
21
1
37
26
49
37
32
21
13
16
52
51
18
4
20
7
4
54
80
29
9
25
48
18
32
14
8
8
64
14
7
25
31
21
29
59
19
62
48
5
55
18
26
16
22
59
18
23
27
34
2
53
53
32
30
8
30
26
12
2
22
11
3
28
46
12
30
25
36
5
31
14
14
4
23
20
32
3
38
14
3
30
31
22
76
42
37
13
16
53
2
58
6
33
26
14
47
28
65
85
67
8
59
23
15
24
15
15
46
7
23
78
39
37
39
44
49
5
47
17
25
31
42
12
20
6
2
21
17
59
27
39
45
19
17
40
2
64
14
5
33
9
23
26
34
36
5
53
4
9
63
5
4
74
22
102
78
37
7
12
13
24
37
33
25
18
24
55
6
5
30
59
57
22
64
57
21
9
1
58
8
11
11
2
45
22
54
27
47
32
19
5
15
24
61
45
16
66
41
32
64
58
20
35
56
11
5
16
10
11
22
2
29
11
2
58
61
51
19
15
161
31
3
22
2
10
39
80
25
12
2
11
32
16
18
21
11
21
5
9
19
39
4
5
10
7
34
22
14
22
3
9
46
26
13
13
38
34
8
15
6
28
26
58
56
66
48
43
25
8
14
3
28
20
20
47
38
4
7
28
2
12
26
62
2
36
12
1
44
34
12
27
11
28
12
8
8
6
1
3
1
25
7
26
23
22
22
97
34
32
50
29
20
27
39
14
44
17
61
3
16
30
37
18
6
1
43
37
13
20
11
11
23
20
17
47
35
1
19
7
70
43
12
58
8
2
2
4
62
5
13
52
41
37
9
23
23
23
28
14
4
3
25
51
6
12
42
7
21
5
31
18
46
27
13
55
33
27
5
63
11
56
6
41
27
4
14
44
17
3
5
36
30
34
19
31
20
30
30
9
16
4
12
59
38
40
7
9
2
74
51
28
16
8
22
10
25
46
30
17
23
48
17
36
31
19
6
28
47
25
14
69
33
27
11
28
9
43
3
40
28
58
11
7
2
30
52
17
10
20
10
34
5
16
23
3
29
4
1
37
65
13
4
11
10
16
47
14
40
7
38
31
5
14
12
5
3
1
13
45
12
7
31
29
21
24
9
5
16
4
4
25
59
31
26
33
40
39
14
15
29
46
11
13
50
32
34
0
47
29
77
5
15
17
29
47
19
31
42
16
37
6
12
2
45
26
46
51
1
32
50
26
13
23
1
20
40
48
12
16
2
9
4
25
14
14
35
45
63
24
3
11
15
11
35
1
3
40
57
18
21
11
33
28
5
23
5
18
6
47
3
27
8
77
29
33
9
36
37
39
5
5
17
24
0
55
4
15
28
10
4
39
12
4
86
15
52
27
15
39
29
22
39
35
8
25
6
21
42
0
4
6
6
42
9
6
4
22
17
39
30
28
5
44
27
43
6
46
4
57
3
15
57
14
23
4
20
11
7
24
24
9
3
24
9
25
26
5
42
12
47
26
22
14
12
14
66
30
2
22
16
36
58
29
5
9
7
33
26
14
34
17
32
11
2
26
28
16
7
27
37
27
19
30
63
13
15
7
66
38
8
28
1
9
19
13
17
13
26
34
39
41
6
28
19
36
5
19
18
29
18
27
12
50
37
3
10
38
40
24
32
0
8
11
15
25
9
6
31
22
6
54
8
2
18
10
22
38
40
25
35
32
32
28
15
2
9
18
18
20
23
41
20
15
13
18
3
54
29
25
14
54
7
14
32
2
5
10
18
19
25
62
12
3
3
9
28
4
18
17
26
5
27
1
20
47
9
16
18
45
36
28
7
4
5
24
1
41
32
8
64
5
20
18
4
33
14
27
3
15
12
11
34
7
3
2
27
11
2
9
30
46
8
12
33
13
24
2
49
36
9
13
5
15
7
14
29
54
37
5
27
47
2
2
13
3
10
16
25
17
9
1
13
1
6
4
5
61
40
3
42
11
37
15
6
10
25
35
15
1
20
0
25
4
3
5
10
6
17
12
55
4
27
2
32
3
25
14
33
27
11
2
30
13
20
6
14
3
28
23
9
14
34
5
1
12
5
15
37
3
26
2
3
6
6
23
10
14
28
5
14
24
1
12
19
19
22
17
4
2
27
35
8
8
5
6
29
37
5
2
21
9
19
12
18
8
18
15
20
3
20
5
17
22
6
1
26
40
0
21
12
15
15
14
8
1
33
25
10
14
17
20
3
23
15
17
10
18
6
31
10
14
19
9
24
38
13
11
23
12
10
9
29
18
3
7
19
4
5
12
19
13
23
39
28
20
31
36
14
14
7
2
6
0
12
36
25
13
16
21
19
6
52
4
14
1
6
15
16
23
15
4
2
28
6
1
17
30
9
11
13
9
11
26
28
1
11
1
1
2
16
1
2
18
14
17
21
2
25
20
2
9
5
13
20
5
1
23
12
12
48
21
29
15
15
17
21
4
2
14
2
2
7
1
37
0
14
2
24
30
29
17
4
1
8
9
30
6
35
10
13
2
3
24
9
25
14
21
2
11
47
4
22
1
1
28
8
4
8
4
9
20
24
18
1
36
27
21
3
13
15
3
7
16
4
6
1
9
6
15
26
22
6
21
8
27
5
0
3
1
10
8
10
13
2
1
22
10
0
10
3
29
11
2
5
5
7
7
14
14
4
17
19
11
6
38
21
0
1
4
6
10
6
19
12
2
9
3
7
9
6
6
1
8
15
1
16
13
6
15
11
3
19
10
1
9
1
8
18
7
2
11
9
3
3
9
2
7
2
21
22
8
7
4
12
8
7
7
6
1
9
8
2
3
14
4
9
2
5
7
23
13
5
18
16
10
1
9
25
8
6
19
10
5
4
2
5
20
22
10
1
4
9
11
6
13
5
11
11
1
5
1
1
4
8
15
15
4
14
8
4
14
13
7
7
3
4
13
1
5
2
7
7
10
16
9
5
8
3
7
16
4
9
10
3
9
7
4
6
5
1
8
6
3
6
3
1
3
4
0
3
1
5
2
2
0
2
3
4
4
2
2
6
6
0
4
9
2
7
3
3
0
1
3
5
3
6
1
2
5
2
4
1
1
1
1
5
0
0
0
0
