41
54
41
0
7
1
65
3
36
23
12
3
14
88
45
15
19
32
24
31
3
6
15
10
63
1
52
4
23
22
33
16
7
7
13
21
7
35
4
93
10
7
26
42
17
37
37
6
67
84
30
38
93
56
10
36
56
55
3
36
10
52
38
86
9
17
4
39
29
74
66
19
2
34
20
37
1
12
102
22
1
21
16
45
0
67
40
71
37
18
9
54
16
57
12
7
85
43
43
192
35
56
25
17
89
16
17
43
23
16
4
16
36
6
54
10
6
14
7
25
79
102
62
31
27
22
33
3
10
76
48
21
33
35
30
77
40
32
33
49
22
23
78
76
114
29
38
45
34
10
34
2
18
9
63
74
39
0
78
91
20
58
119
3
3
10
134
40
99
26
91
66
160
23
20
16
119
162
48
53
46
4
15
62
3
19
4
10
66
137
27
43
3
31
36
57
100
5
115
26
18
96
49
44
10
44
0
78
61
3
23
25
43
3
22
24
106
15
20
58
67
85
43
67
87
16
22
141
136
29
58
28
101
60
10
99
139
51
71
35
19
23
129
23
124
170
18
31
84
79
12
34
14
42
4
52
122
35
23
85
97
140
61
121
49
25
67
47
58
20
42
37
89
113
20
67
7
4
64
45
107
54
29
36
12
13
67
51
57
134
1
145
49
22
51
8
14
30
6
86
80
22
21
95
48
24
34
53
62
61
118
54
61
104
38
41
51
75
77
33
52
14
15
32
9
1
40
26
18
23
28
1
16
48
131
2
7
44
16
65
68
78
73
16
33
5
54
15
21
44
17
10
92
69
43
59
2
29
129
51
24
14
13
93
12
37
14
13
3
23
90
103
46
1
63
82
59
65
4
21
81
45
43
52
37
64
44
48
113
116
76
11
1
52
76
12
35
72
29
20
19
106
76
37
5
1
24
26
44
26
2
38
7
80
94
97
11
64
67
129
84
9
74
32
35
60
6
2
106
26
38
37
8
54
55
12
90
24
1
43
77
53
12
138
6
53
30
4
91
60
97
55
58
54
19
16
20
5
2
31
42
30
72
23
11
119
31
12
8
74
55
7
28
27
27
16
21
67
93
78
144
37
45
25
71
53
36
64
31
51
34
43
38
21
24
28
24
51
61
103
3
40
92
34
50
1
72
85
67
29
11
49
78
102
14
61
17
28
43
27
25
155
31
93
61
40
30
88
4
86
14
14
12
60
23
2
60
37
101
72
48
10
54
49
52
5
59
6
10
11
33
48
80
54
58
17
33
49
9
82
32
25
1
48
66
81
130
52
30
75
136
52
3
52
5
7
10
15
83
98
81
53
69
50
21
54
7
4
48
24
64
26
36
94
111
57
55
7
18
22
14
26
45
30
69
28
84
65
56
8
60
31
11
5
42
89
49
139
91
108
17
51
35
35
53
1
70
129
38
23
20
17
59
16
3
63
72
38
142
110
31
41
16
39
29
27
54
4
105
111
55
46
7
61
69
50
1
37
26
34
25
47
21
0
8
83
29
19
0
38
16
33
43
14
7
78
3
48
16
1
52
1
31
23
10
18
12
39
8
24
2
114
25
74
39
9
54
18
25
64
90
130
13
34
16
94
4
84
5
8
57
40
40
62
57
51
74
6
0
16
1
9
12
1
84
29
43
81
24
82
61
9
92
66
27
60
19
39
7
22
9
24
56
48
97
40
124
21
11
38
28
42
40
19
60
65
7
13
6
11
42
7
34
92
20
9
63
31
49
20
12
12
98
72
54
2
54
78
27
25
30
9
36
54
77
2
70
31
45
50
13
59
42
32
15
54
14
35
41
12
47
88
13
120
53
72
25
28
25
13
13
108
46
43
104
14
69
107
5
3
120
5
28
41
40
33
40
27
14
91
93
61
44
20
49
60
38
15
31
1
3
117
30
22
73
15
31
27
53
107
31
12
38
26
57
4
59
48
30
112
7
23
25
35
12
65
19
19
72
16
75
27
40
5
23
131
5
14
68
128
49
27
34
11
7
17
17
7
61
24
87
5
73
20
55
35
72
53
142
6
7
26
96
32
29
73
19
84
50
43
12
8
66
89
78
101
46
46
26
1
85
104
16
39
48
78
53
78
24
53
16
98
6
31
29
16
36
44
54
30
86
58
103
61
32
46
40
13
86
25
47
79
23
49
44
16
39
1
21
14
50
18
30
24
28
106
18
13
31
14
67
51
38
59
7
36
60
8
84
19
25
40
32
32
36
28
25
2
46
48
56
23
64
11
18
29
33
50
22
93
18
30
49
52
63
4
81
50
15
45
25
90
64
29
14
9
26
21
25
20
61
31
51
55
24
56
13
33
27
123
50
4
7
77
4
3
21
55
16
61
45
19
6
50
45
13
18
9
50
99
19
35
21
12
84
8
22
126
10
42
17
63
1
91
14
15
17
33
117
48
143
23
2
54
41
46
12
29
13
53
54
1
70
75
61
26
18
3
47
78
0
49
22
34
26
20
5
112
44
27
53
50
36
6
127
3
1
24
73
7
39
123
58
69
18
5
8
22
116
98
8
70
27
83
41
2
54
24
75
83
50
52
28
88
20
55
10
36
3
20
18
46
43
5
19
58
71
6
66
52
45
45
12
31
8
103
49
7
2
45
30
4
49
3
38
38
37
8
30
7
48
4
9
89
13
31
21
42
73
4
4
10
13
36
51
67
84
49
15
18
22
4
49
95
22
20
84
61
24
38
40
9
16
24
55
5
69
7
8
15
51
0
28
25
30
51
16
30
10
10
89
33
45
24
22
20
81
54
44
36
68
25
17
124
21
13
1
62
176
9
45
17
94
10
16
18
4
74
70
10
37
62
90
15
17
12
24
15
45
28
72
73
39
23
42
63
48
60
5
33
49
48
75
20
120
97
15
3
32
24
101
101
53
101
36
59
8
12
23
58
6
121
35
34
8
12
15
19
78
9
31
70
50
62
15
12
18
5
21
55
85
11
44
53
54
18
33
34
19
19
16
6
21
46
11
37
11
35
19
50
25
33
29
69
74
59
3
9
30
138
73
40
43
20
74
63
51
16
27
19
43
66
45
73
15
15
1
31
16
85
20
64
45
40
77
21
49
42
18
27
69
66
34
42
16
27
1
81
10
38
35
59
28
16
0
91
4
44
0
24
30
1
42
87
61
16
49
70
39
60
2
34
86
20
46
25
17
2
13
59
97
38
48
15
5
76
0
8
69
39
67
2
70
48
62
49
9
78
82
65
65
15
6
13
33
19
32
48
24
18
79
31
9
45
25
23
18
2
37
36
72
24
20
43
84
26
56
93
19
6
8
51
17
39
61
10
75
35
17
82
6
35
36
12
4
27
27
11
6
11
6
18
70
62
43
12
37
45
27
83
53
48
36
4
31
102
47
4
28
127
85
72
49
29
27
83
29
23
50
4
55
28
11
15
39
32
85
19
28
3
60
41
76
6
47
40
73
23
20
114
4
15
28
26
23
22
93
42
29
54
9
1
53
25
97
19
31
16
60
28
79
6
7
71
76
46
17
3
17
22
2
61
38
54
19
9
38
94
68
78
34
7
39
69
12
83
10
20
36
7
79
47
6
53
7
24
42
45
68
122
8
73
8
47
57
79
30
83
92
30
6
26
10
33
50
52
32
78
12
2
16
5
24
10
15
78
81
60
7
10
18
12
12
34
19
111
5
17
8
156
28
42
16
93
42
14
25
8
48
17
48
50
44
39
44
10
90
88
76
18
20
8
47
30
30
7
29
69
43
31
19
52
41
3
16
22
104
62
55
3
5
116
30
72
55
18
37
59
17
22
36
28
19
37
8
19
31
57
62
0
41
50
23
3
31
59
21
60
22
27
18
63
5
56
26
28
61
54
34
53
18
30
2
63
24
48
5
2
16
4
52
16
10
55
13
3
13
33
64
77
2
60
58
40
24
61
149
18
7
92
39
14
41
43
24
29
0
7
26
65
24
29
24
68
97
57
4
10
39
22
17
53
11
57
7
10
83
9
12
4
21
17
17
12
27
34
2
24
12
26
49
6
51
93
76
37
21
29
18
14
25
48
45
32
25
29
48
9
81
42
32
7
0
73
13
6
31
23
15
47
56
73
26
44
14
27
14
6
8
6
45
23
62
25
16
31
40
10
7
58
4
21
27
41
11
26
15
44
34
19
58
3
47
0
5
41
7
27
32
30
32
74
20
25
16
44
12
16
100
11
14
49
46
27
1
39
11
43
10
5
126
9
7
6
38
8
62
92
51
42
56
34
17
10
20
48
41
12
24
18
12
96
1
17
35
6
55
15
96
41
33
5
25
0
45
51
33
9
19
73
25
50
20
18
17
61
2
8
36
69
20
10
12
45
47
78
19
1
74
35
8
13
16
14
2
40
6
49
32
33
71
11
8
23
2
4
9
19
17
55
62
23
10
98
69
70
11
42
18
35
21
2
37
1
11
28
19
72
45
9
57
28
11
75
14
60
28
6
2
74
58
9
68
14
37
6
6
29
21
25
31
6
4
40
51
90
5
4
17
15
27
84
23
50
27
98
32
1
34
2
3
16
0
15
48
21
3
62
26
26
11
32
65
18
24
7
3
16
38
20
52
37
66
18
17
38
6
12
64
47
23
9
18
33
24
56
118
1
4
63
70
8
5
3
6
11
43
51
44
64
20
33
6
26
24
16
6
60
75
54
65
12
8
35
16
8
65
22
2
53
14
37
7
13
4
85
69
39
19
2
56
26
23
2
10
8
56
75
28
20
32
46
33
2
67
32
49
6
34
17
21
18
3
0
16
86
62
27
3
9
48
3
62
17
50
29
9
39
35
68
29
20
57
14
51
25
29
47
49
68
9
58
26
29
22
45
5
70
3
29
19
42
63
5
57
5
38
5
7
21
23
25
18
59
39
12
17
11
94
4
26
61
129
31
34
33
98
32
22
19
11
0
43
7
10
6
33
10
25
80
56
23
86
26
59
5
63
48
15
3
10
55
32
28
16
44
40
33
2
35
31
19
42
31
56
18
5
103
61
16
29
1
25
6
38
51
8
39
7
17
38
63
3
6
14
13
5
19
54
4
14
69
25
11
11
8
41
22
53
28
26
62
6
30
4
2
60
50
17
27
22
18
33
56
40
13
24
32
7
22
3
8
7
57
10
14
48
18
5
17
19
1
29
15
41
31
26
25
46
56
20
64
7
12
58
46
34
60
21
9
26
50
9
31
33
18
39
23
16
19
4
8
26
10
35
3
19
5
12
2
34
35
13
8
18
25
0
13
40
18
30
3
11
6
44
1
1
6
88
16
26
31
55
41
61
8
2
10
10
12
68
34
19
17
41
96
17
7
12
15
3
19
64
14
4
35
15
4
89
0
38
5
37
34
22
67
47
25
12
14
19
4
27
21
4
2
7
1
34
38
13
17
10
88
19
27
47
9
5
16
30
26
12
9
15
14
33
20
36
27
22
8
28
5
55
48
42
25
26
15
60
39
7
1
29
13
25
60
17
23
32
28
28
12
6
19
19
17
53
8
74
31
23
36
5
31
26
15
2
26
88
14
34
32
69
14
33
1
5
8
47
32
13
30
33
13
8
15
7
14
30
6
37
12
27
64
51
4
14
30
42
13
22
13
15
46
38
3
78
15
12
25
0
12
11
22
0
2
27
43
1
11
18
53
4
21
4
45
6
21
26
3
6
40
4
10
34
17
20
50
25
18
54
4
14
12
32
20
37
16
42
4
11
76
5
24
31
14
3
75
7
5
50
44
20
40
6
3
32
14
24
83
37
94
26
38
27
14
26
12
12
47
9
9
40
5
50
11
7
15
21
8
61
18
17
14
4
24
23
12
60
50
29
75
60
15
34
12
10
27
4
24
24
9
11
7
58
10
8
16
7
17
37
81
42
39
45
9
18
5
39
38
17
9
11
53
17
19
39
22
16
0
30
13
6
39
11
3
19
5
3
49
19
10
15
13
17
60
58
31
19
51
25
62
32
49
18
22
3
49
22
19
33
16
12
43
43
25
16
24
18
21
24
3
35
43
10
14
18
56
27
8
15
20
12
32
37
21
14
33
39
7
8
28
33
18
11
17
21
50
11
26
0
32
16
66
7
47
19
28
18
17
45
52
43
43
22
27
23
7
9
42
12
10
26
42
42
20
34
25
6
5
7
46
24
8
42
22
28
6
9
44
4
48
46
0
31
42
43
17
43
14
1
3
24
34
40
32
18
13
31
6
18
24
6
17
7
15
8
10
32
7
11
22
6
39
62
76
36
37
1
14
35
14
10
24
48
36
21
9
15
33
0
12
19
43
12
7
10
5
27
12
4
110
3
19
24
19
17
57
11
20
2
17
46
1
6
10
3
16
32
1
30
5
5
25
35
4
52
63
74
40
32
11
21
10
24
25
51
21
11
17
7
4
10
48
33
15
45
34
0
8
20
2
52
13
21
70
19
11
4
25
16
52
11
25
57
9
27
22
53
1
61
14
11
33
19
3
3
86
19
52
9
24
54
46
19
42
16
21
8
3
55
10
0
5
9
5
20
15
9
15
17
5
29
32
14
5
18
22
1
32
22
80
12
50
28
34
14
50
23
26
15
6
22
45
26
26
43
16
5
4
36
14
13
5
18
34
35
9
16
28
20
20
53
23
14
27
9
67
0
17
3
69
2
27
10
3
35
2
19
45
14
13
5
12
24
12
32
9
7
23
23
9
22
13
9
22
9
19
27
25
27
19
21
13
15
17
1
19
29
12
19
35
27
29
11
17
24
13
10
17
21
20
2
5
24
17
20
34
18
15
20
5
44
42
25
3
29
6
36
20
14
23
8
6
25
8
1
46
16
6
15
22
3
12
7
31
36
27
10
26
47
3
53
14
17
21
12
12
23
49
8
11
17
36
29
24
24
21
5
66
5
1
41
32
0
15
11
16
22
10
27
22
22
17
10
1
6
3
19
4
5
25
26
41
15
33
46
19
21
52
9
1
4
0
47
24
9
15
3
3
20
28
12
17
2
7
20
3
21
18
32
3
27
14
27
37
16
12
3
12
3
8
12
32
8
18
3
18
7
19
8
1
4
1
25
4
26
43
18
35
12
9
24
11
0
2
25
34
3
12
17
18
41
5
37
6
14
17
1
39
30
29
16
7
0
7
13
4
3
8
16
22
3
9
5
32
7
9
6
57
61
18
25
23
8
12
3
19
5
19
44
25
18
12
0
8
1
8
11
11
16
16
23
18
8
1
2
11
8
12
24
29
11
13
4
28
3
18
3
14
2
14
7
0
15
33
18
7
0
5
19
20
30
14
2
0
22
24
9
10
10
14
10
7
19
8
23
18
7
18
1
13
2
0
10
26
14
1
9
5
20
4
9
3
16
22
8
7
7
27
7
12
14
28
14
23
6
15
6
3
20
35
5
0
14
12
8
13
24
17
4
20
24
8
3
0
17
8
11
15
15
13
10
23
5
2
4
15
18
5
17
7
7
11
17
15
6
4
5
0
17
4
2
15
3
24
16
11
11
1
1
14
4
12
6
27
9
5
16
25
6
3
5
1
3
21
11
14
1
12
3
19
4
22
17
3
1
11
0
6
17
15
24
7
13
12
1
20
17
24
19
14
15
2
11
16
28
8
29
2
1
1
10
1
1
17
26
37
3
3
16
15
26
13
21
7
1
2
20
10
1
17
14
5
7
5
8
2
8
6
20
25
10
2
18
16
18
3
24
11
8
8
1
22
7
6
13
10
16
2
10
7
6
12
8
12
11
2
1
21
6
15
20
1
12
11
12
10
15
6
11
19
1
4
20
4
15
0
8
3
12
11
2
6
12
15
11
9
13
16
2
8
7
4
9
7
9
19
0
6
26
10
6
8
1
10
2
7
5
3
3
6
9
6
11
4
10
9
9
9
2
7
2
5
4
5
3
5
9
7
1
2
10
10
0
14
14
2
13
12
7
7
2
2
6
6
6
6
6
9
1
8
6
3
11
2
1
7
8
7
1
16
6
7
5
2
7
12
2
7
7
11
1
3
1
4
4
1
18
4
1
7
3
0
6
4
2
7
8
2
3
3
0
7
7
0
1
1
