21
19
15
11
30
10
34
40
44
1
7
111
47
10
12
34
15
29
9
9
23
36
15
102
60
9
2
15
68
25
56
40
66
28
24
41
9
37
13
6
29
39
36
99
49
6
69
59
24
7
35
10
36
42
17
25
93
38
17
105
164
34
10
14
14
93
0
24
0
32
32
29
35
18
18
81
63
17
60
18
7
31
56
35
59
32
67
70
60
38
89
18
70
64
22
7
39
23
16
16
47
50
70
43
34
18
39
72
30
30
10
47
73
27
40
9
80
17
56
41
35
79
14
24
80
19
7
64
4
43
146
20
42
17
59
32
54
96
33
23
13
12
75
4
38
9
25
5
55
3
58
70
14
35
83
55
34
103
67
30
101
5
52
102
52
0
33
37
117
17
7
106
1
52
89
16
30
17
59
1
22
23
16
116
142
54
82
98
12
91
64
23
64
132
93
105
87
60
48
38
103
34
89
10
44
36
16
16
99
59
15
26
25
32
13
50
32
2
46
23
1
128
43
9
47
84
33
4
129
102
24
65
72
1
24
9
20
105
40
1
17
56
13
15
11
102
35
5
29
57
87
68
74
42
84
5
7
37
98
62
55
49
22
16
19
21
27
32
32
45
73
11
3
7
134
13
101
32
46
83
12
0
70
23
29
62
69
47
73
35
37
20
42
86
20
6
55
64
26
1
7
28
58
12
16
104
4
98
41
73
10
30
4
1
22
39
23
46
123
3
33
63
36
52
1
137
98
48
10
121
13
23
63
90
56
33
31
43
13
121
105
111
59
80
71
75
63
7
43
15
53
122
28
65
24
53
3
110
26
14
13
17
61
8
4
18
76
12
34
16
66
99
43
38
33
12
103
15
157
31
30
12
52
55
3
18
131
44
44
74
71
57
60
20
18
26
31
23
65
5
11
28
5
17
121
90
40
116
49
79
145
39
7
56
163
29
26
44
17
24
29
10
15
25
45
81
63
81
54
23
3
110
94
26
34
70
30
45
5
0
69
74
47
66
74
29
61
25
5
33
73
23
33
200
44
29
9
79
54
131
16
62
9
33
18
152
62
58
13
44
40
16
0
72
12
28
9
49
32
53
38
27
20
25
60
64
18
13
24
82
7
29
36
1
101
130
82
57
122
37
73
26
74
87
65
57
13
29
38
54
64
128
95
81
30
13
10
26
9
42
19
12
35
135
58
12
108
28
37
28
117
11
1
50
72
57
4
21
35
88
47
7
51
39
23
12
50
26
11
44
19
59
156
55
10
25
66
19
10
49
38
112
4
28
14
111
69
56
15
35
42
9
11
36
16
51
10
42
3
65
94
17
23
11
99
36
126
2
22
10
15
52
134
46
26
7
61
117
15
3
44
39
48
42
80
41
46
8
44
28
58
33
20
43
17
38
11
74
81
16
12
92
37
5
37
41
10
26
77
114
16
24
32
18
22
14
2
96
110
89
18
87
64
2
50
17
9
56
69
53
2
47
22
54
6
97
3
31
95
80
33
28
31
86
41
67
59
39
57
14
41
29
66
37
50
11
4
6
42
84
5
3
59
20
51
57
4
18
77
75
28
53
31
77
39
71
38
47
6
4
22
25
122
6
3
51
25
27
31
141
59
46
66
1
56
78
19
63
31
23
109
69
52
74
51
58
55
23
13
61
19
56
70
20
67
57
52
29
26
18
14
62
22
2
47
45
68
51
11
45
34
60
3
12
94
99
35
23
28
73
115
48
39
8
98
79
85
48
8
22
12
39
44
3
23
8
36
8
59
105
5
54
62
74
56
103
10
7
94
59
54
62
26
106
11
26
88
38
71
33
19
58
9
25
31
22
68
62
4
1
52
67
28
24
43
34
27
15
6
73
48
88
22
19
25
1
32
127
3
64
40
52
45
12
115
28
105
57
28
86
35
48
172
30
17
41
39
33
5
42
88
17
29
7
7
87
50
19
7
8
90
44
40
107
61
13
71
104
45
22
39
15
42
15
18
3
80
54
21
2
51
76
11
42
21
34
62
8
33
27
47
71
115
35
68
29
7
37
183
35
55
5
2
50
68
22
16
15
3
76
28
4
124
29
34
62
15
35
5
76
2
18
69
26
21
41
96
32
30
17
34
54
67
54
47
12
40
21
177
22
20
46
95
17
12
43
52
108
98
37
51
52
41
21
44
35
102
11
18
95
25
25
22
80
20
17
99
91
35
5
72
7
38
55
77
2
108
12
14
25
16
10
53
53
65
77
23
25
25
14
43
26
68
50
15
34
27
59
31
8
23
14
16
49
14
17
106
28
36
44
2
28
107
35
16
1
95
11
145
71
1
41
52
40
80
81
121
19
1
126
7
41
6
6
14
21
6
56
27
88
25
19
45
62
6
8
16
34
53
100
6
54
20
59
28
55
22
45
66
54
18
36
8
29
27
14
52
1
68
3
46
100
3
16
47
12
55
4
33
164
49
71
77
51
12
126
46
32
73
9
35
20
97
37
82
11
16
13
27
8
20
51
26
39
29
103
8
43
20
87
5
57
53
16
44
29
47
72
75
72
5
45
23
82
47
2
16
70
41
117
92
15
56
48
38
3
27
2
44
37
32
41
47
40
11
41
30
30
5
88
10
11
12
30
47
38
47
13
32
19
99
52
16
36
38
66
39
26
32
66
48
104
68
22
33
46
93
61
28
43
77
44
44
24
26
67
91
31
0
23
37
79
37
5
24
20
42
25
18
37
17
36
11
101
12
26
33
50
4
22
9
20
36
82
18
20
14
27
83
82
4
28
69
48
17
99
52
83
34
81
36
50
29
20
16
51
3
18
104
15
7
2
69
6
34
15
30
33
44
64
127
38
7
16
31
78
2
31
68
86
12
94
110
21
69
17
19
74
4
35
30
20
51
17
153
120
94
9
20
71
14
120
9
42
48
6
77
3
21
22
69
44
30
73
1
5
5
34
29
58
2
66
74
6
77
34
56
42
9
4
8
30
11
34
80
74
1
43
95
45
123
1
51
33
23
19
9
73
78
75
62
24
39
6
46
8
61
13
65
34
28
33
5
22
57
16
6
1
15
66
40
13
33
34
20
75
37
28
4
4
90
38
32
82
61
29
70
49
48
4
5
37
39
59
24
57
58
5
80
40
28
133
23
55
30
24
35
92
44
11
59
17
70
7
3
11
41
18
10
33
10
20
86
50
51
41
22
37
14
4
20
15
34
7
16
36
1
64
45
49
13
72
102
56
12
18
78
25
68
46
11
29
12
57
5
66
58
44
10
81
49
39
19
5
15
12
22
30
88
29
25
59
32
0
57
9
21
28
9
28
16
10
105
32
111
18
35
18
25
12
81
15
43
47
34
40
13
35
98
7
6
6
13
115
53
35
4
52
47
33
78
8
61
1
93
5
64
27
59
69
20
47
43
29
39
51
1
16
4
7
44
43
21
3
3
55
18
20
78
101
8
2
48
30
39
95
52
29
22
25
63
9
32
6
21
11
63
12
53
78
65
31
10
27
5
16
4
55
45
6
20
30
35
59
23
37
9
57
0
31
13
52
9
25
33
19
6
8
17
25
25
52
54
26
33
73
64
53
10
74
3
67
94
17
26
16
23
4
77
82
16
16
12
67
41
16
42
32
65
37
32
13
119
55
15
1
30
11
60
30
41
34
40
15
50
21
11
14
36
35
3
41
72
62
38
4
123
30
73
21
14
53
14
52
3
132
10
70
82
27
15
9
43
42
76
17
50
2
27
23
25
51
21
56
29
64
50
37
19
37
71
57
70
3
25
6
57
5
2
36
26
89
11
60
33
41
29
53
54
32
99
25
57
4
13
15
43
15
11
12
66
11
51
83
13
8
4
34
16
36
17
62
46
24
18
27
20
131
19
40
62
47
58
98
30
22
36
43
27
46
4
45
14
25
5
83
8
64
12
32
4
68
18
23
30
1
45
25
13
1
50
13
9
43
23
57
90
45
23
3
55
38
10
38
69
28
71
81
21
67
43
32
9
67
54
43
5
23
1
29
46
41
37
73
32
20
109
22
42
6
34
16
18
37
26
12
75
30
15
21
61
10
14
3
66
1
35
34
21
81
1
2
4
37
31
27
31
43
7
43
69
29
61
3
24
33
37
28
30
22
23
62
101
39
7
61
37
12
81
49
80
57
46
5
51
76
2
32
31
6
85
37
40
21
57
3
9
61
78
36
19
63
2
76
35
19
12
9
29
35
15
0
81
88
53
2
43
69
3
41
106
44
13
9
45
9
25
20
6
14
19
56
65
21
5
3
2
22
26
29
14
81
13
77
38
28
64
39
25
23
39
9
19
9
60
10
34
40
5
39
17
15
4
16
24
12
19
63
31
70
22
74
49
102
20
9
38
31
2
24
75
1
41
27
103
28
47
19
38
45
21
32
48
32
11
8
69
58
2
18
17
70
7
28
34
53
110
9
37
35
18
44
35
73
36
1
32
34
23
24
33
9
12
44
67
54
11
36
18
29
11
29
61
26
18
31
4
76
39
53
53
42
52
26
9
39
28
55
33
2
39
11
44
14
18
25
28
16
40
1
90
15
13
30
57
62
2
34
11
9
41
8
12
23
47
43
9
57
48
55
31
1
38
24
21
5
31
16
23
11
48
23
22
16
28
34
44
70
54
54
24
47
24
22
17
10
50
56
31
113
0
12
0
52
58
29
63
8
24
11
50
23
3
18
18
18
22
55
57
15
57
22
17
1
1
13
9
44
47
16
10
24
9
78
7
14
54
48
2
20
3
29
10
30
57
20
8
15
1
15
6
25
38
5
15
55
19
56
80
81
20
65
32
15
3
18
35
25
8
130
14
63
42
25
51
70
6
35
10
4
27
86
32
10
66
23
33
8
37
36
92
17
26
35
118
67
7
50
17
27
37
1
14
1
35
5
9
30
35
31
8
66
13
9
65
24
7
12
12
16
28
39
36
0
57
9
20
0
32
19
32
56
48
7
55
23
73
44
3
37
4
10
6
42
23
41
8
5
31
1
111
55
30
33
13
52
31
21
11
72
1
13
16
9
40
33
35
1
74
55
18
29
9
14
1
66
63
21
45
37
15
3
53
62
11
10
4
62
24
6
41
31
1
7
14
62
22
41
17
33
8
30
0
88
5
18
53
23
5
11
42
15
42
22
57
10
16
50
15
49
1
32
28
5
10
6
12
33
16
30
75
6
105
4
25
15
30
19
7
34
48
13
37
16
27
48
66
44
47
100
39
8
35
18
10
17
46
61
25
34
2
1
7
53
2
33
5
14
3
21
6
48
2
58
26
28
33
11
38
9
20
4
22
41
15
58
39
5
19
25
12
38
8
14
58
13
14
93
3
21
54
71
0
2
13
30
23
31
42
4
48
4
102
13
7
8
16
11
10
68
6
36
19
2
61
17
29
7
19
31
34
13
3
42
50
10
56
26
54
27
51
7
33
24
26
34
60
32
11
34
6
20
46
23
60
27
13
44
62
2
24
31
85
11
45
32
11
37
43
19
37
24
32
7
4
71
14
45
11
11
27
5
50
37
29
23
13
2
24
2
68
7
24
37
40
36
1
42
27
31
0
17
49
52
39
0
28
80
69
8
7
12
54
7
21
52
89
20
15
48
36
47
18
49
37
31
1
31
35
18
41
50
24
17
55
22
8
41
19
13
19
31
21
11
5
20
23
2
40
25
73
27
12
13
6
12
6
4
55
23
17
25
51
21
70
36
51
43
56
20
33
45
31
35
46
9
21
41
31
18
10
13
80
14
8
20
12
11
13
29
21
47
19
30
8
1
24
6
86
16
1
56
43
3
25
68
26
59
23
17
15
21
15
3
8
4
41
8
14
57
15
48
32
4
14
46
26
4
7
3
16
19
16
27
9
54
0
12
25
32
24
26
34
4
10
32
9
54
3
12
21
12
49
4
60
22
6
27
3
37
12
44
12
21
11
21
19
23
63
52
18
30
57
11
6
6
36
49
42
30
6
29
7
1
1
29
0
59
77
19
6
32
5
2
15
69
17
3
6
53
1
22
44
66
2
40
9
20
5
11
11
18
1
9
25
37
3
1
26
10
26
62
34
25
22
30
44
9
32
38
3
19
13
14
16
1
70
30
11
41
42
73
10
39
2
4
13
17
40
9
3
26
3
1
11
17
32
57
26
24
32
13
54
5
38
48
29
12
27
8
17
5
9
14
17
37
22
19
37
7
18
7
17
8
5
0
35
4
16
8
35
2
30
1
58
17
5
41
24
22
33
28
31
64
17
21
7
7
16
15
13
18
20
27
42
28
7
22
52
1
0
18
79
18
5
28
24
0
23
27
14
24
39
8
38
77
13
32
7
33
14
33
19
36
16
35
24
20
8
14
16
34
6
63
4
19
41
24
27
2
18
23
15
51
3
13
56
38
32
27
11
24
24
36
37
24
3
11
11
49
16
5
21
10
16
74
16
25
5
5
14
5
32
28
2
23
13
38
13
34
18
6
6
36
39
20
18
33
2
16
2
6
7
23
36
35
32
7
49
3
14
34
7
60
5
11
35
53
3
3
55
19
33
20
24
7
19
7
11
3
17
4
4
30
17
9
2
6
21
26
6
42
40
6
8
34
24
53
7
7
10
15
6
56
32
20
20
47
9
32
5
73
7
17
9
17
5
11
1
18
4
9
29
17
20
3
12
18
6
3
27
23
7
2
29
11
4
16
22
10
5
10
23
25
14
42
42
47
3
22
39
20
12
38
16
1
5
37
61
15
18
15
23
16
4
8
22
15
42
17
23
12
23
3
19
2
27
29
6
1
27
4
1
24
17
7
4
44
16
4
15
6
26
5
16
16
34
18
11
27
2
0
2
19
35
1
7
4
13
24
14
5
4
23
13
26
4
21
4
18
8
7
9
22
10
57
9
41
8
11
1
18
38
4
29
41
12
26
19
37
16
2
1
20
8
2
2
1
11
20
34
9
3
28
0
23
6
41
3
6
10
35
32
23
13
13
45
13
32
21
40
14
1
17
2
34
24
42
3
12
29
21
16
0
17
27
21
6
28
15
29
2
14
22
20
25
17
8
56
28
26
7
16
0
5
8
42
20
45
30
7
1
24
12
27
50
9
4
37
24
6
29
11
11
1
16
40
27
1
8
1
9
4
24
49
14
9
15
4
34
2
17
4
19
39
17
11
4
0
12
8
12
26
31
39
20
26
25
7
26
17
19
6
19
3
15
20
0
11
25
38
20
16
11
16
22
10
18
2
20
9
25
13
19
14
4
26
37
41
0
26
27
12
7
2
21
4
37
7
27
3
12
36
2
3
4
30
9
7
8
17
10
25
7
7
16
13
35
10
12
6
4
19
12
1
28
20
32
24
11
16
42
14
1
5
14
3
15
11
29
6
1
23
14
11
0
2
12
4
31
0
13
6
25
67
45
33
10
18
6
30
6
17
2
11
22
14
10
31
26
1
21
21
19
4
12
26
2
36
7
10
12
22
14
10
6
30
1
26
20
5
8
18
6
28
0
15
15
8
27
8
30
24
2
20
0
8
3
18
13
20
22
11
5
11
24
4
0
18
22
2
17
10
23
21
4
14
14
9
2
15
18
3
22
18
18
9
5
11
17
15
24
35
6
17
9
2
15
18
11
4
1
5
16
26
13
8
22
9
35
0
41
2
29
18
15
26
4
17
11
11
1
24
5
12
18
33
22
5
16
5
1
5
11
9
1
1
1
14
9
1
14
16
16
0
4
15
3
16
4
5
6
15
12
15
8
1
1
14
19
1
12
2
30
12
7
3
16
2
5
5
17
10
20
5
29
24
6
12
11
3
29
1
2
5
0
19
1
6
11
5
7
12
5
16
7
14
5
7
14
6
2
12
16
2
9
9
5
3
12
2
12
7
2
6
2
2
1
17
9
11
3
13
7
1
18
12
2
2
4
9
9
1
7
14
2
2
2
7
7
2
14
5
10
8
4
3
12
2
15
7
4
2
1
8
15
2
13
3
9
2
5
7
6
13
5
9
2
3
13
3
2
6
10
11
3
7
0
4
3
10
1
3
2
0
5
1
1
7
0
1
3
2
0
0
3
3
4
2
1
4
4
2
1
1
1
3
0
0
0
