20
2
57
23
30
51
31
20
83
26
8
47
7
13
11
9
44
6
61
36
50
29
14
16
42
68
9
14
47
28
2
20
40
15
13
42
4
148
16
18
2
40
31
2
4
52
25
106
36
16
115
37
75
8
32
28
10
41
6
29
36
61
11
18
18
46
133
36
36
7
54
41
17
21
43
93
0
31
11
5
100
38
67
3
32
30
82
9
35
28
41
97
54
78
51
41
52
31
3
4
47
52
31
54
50
1
67
141
32
78
1
7
38
103
29
35
11
69
109
17
7
34
67
22
95
13
22
49
49
43
32
62
67
21
56
47
36
65
29
47
72
102
5
89
108
13
67
22
47
14
1
32
54
24
90
70
57
37
106
69
97
60
129
4
57
10
90
158
36
28
4
1
51
57
14
29
20
1
75
18
72
77
11
41
12
21
34
53
10
63
15
2
135
61
2
60
5
42
57
69
63
43
39
60
89
62
2
1
20
59
68
24
88
96
9
136
34
28
108
133
1
107
61
50
85
42
23
27
42
58
17
24
88
18
77
27
3
81
26
41
118
15
40
7
5
76
42
40
32
96
100
42
34
24
42
51
34
28
99
26
83
4
40
89
7
71
42
83
108
32
91
48
91
42
57
3
5
62
17
31
4
68
44
32
83
71
95
105
18
39
16
15
46
82
36
89
27
11
46
64
165
45
34
23
12
85
63
97
48
28
10
6
11
38
18
36
1
58
4
133
61
6
23
29
82
45
23
38
62
25
10
39
51
31
27
57
88
65
9
31
39
67
18
53
63
48
25
81
40
35
116
16
16
16
41
27
16
59
20
52
48
52
16
72
8
31
49
78
64
101
37
26
95
142
21
63
10
53
53
37
14
4
13
31
22
145
82
36
31
71
53
28
5
72
18
9
41
68
42
0
2
11
42
59
97
5
29
9
17
21
51
39
64
23
73
9
35
31
123
48
89
18
56
66
35
22
33
6
79
26
42
90
79
74
33
15
54
33
42
59
23
109
4
64
35
26
69
34
59
37
14
24
20
41
47
50
38
42
7
104
50
8
21
34
10
26
75
64
14
27
53
79
82
34
2
80
12
104
121
13
31
19
37
14
110
63
17
65
1
32
83
66
58
8
11
20
18
7
40
86
5
141
15
11
31
22
73
110
26
69
55
5
28
16
31
17
44
13
87
23
27
12
13
40
26
53
18
24
18
120
74
105
37
56
0
34
22
79
42
67
38
22
34
65
28
41
20
6
33
24
16
62
40
76
43
15
38
64
63
11
21
6
116
41
83
8
25
13
90
31
32
58
92
9
59
55
52
28
72
4
138
41
23
7
23
130
46
20
3
54
47
28
55
104
159
23
43
29
69
71
48
14
1
6
34
17
83
3
26
9
39
14
63
39
16
3
7
61
17
91
46
26
5
87
14
31
5
26
14
58
84
28
9
47
56
100
52
66
17
60
50
87
122
32
93
17
23
58
77
81
67
3
20
2
16
63
53
65
14
82
25
1
100
76
71
8
48
11
7
41
30
28
35
49
40
12
5
32
10
81
23
15
91
8
88
32
10
10
27
100
72
39
57
14
127
0
31
100
24
17
6
1
103
2
68
72
102
30
7
26
19
74
1
93
31
47
35
5
67
73
32
37
35
92
13
83
78
32
10
14
32
24
33
69
17
48
63
29
11
35
36
9
46
12
5
12
8
20
31
20
56
50
68
91
16
34
8
25
88
39
37
14
40
44
62
18
20
52
62
3
84
27
83
19
2
5
34
10
75
30
8
88
47
18
43
66
36
118
7
107
54
13
100
59
18
98
34
95
72
58
37
11
4
61
27
20
71
11
6
15
7
30
114
3
30
48
23
69
94
43
24
30
18
52
58
23
15
11
84
72
28
33
147
26
23
72
23
23
67
39
23
4
3
87
62
42
58
91
93
6
64
81
20
33
31
48
34
39
24
23
10
12
12
11
66
45
24
2
26
36
9
5
48
79
3
47
37
11
8
118
36
14
92
8
116
2
15
31
148
8
31
8
3
55
6
64
16
56
30
90
11
71
41
54
73
50
71
57
54
45
41
7
8
54
25
34
55
16
17
34
36
29
29
6
36
33
60
49
25
82
10
67
14
124
42
4
126
39
10
74
11
24
41
115
112
36
94
24
33
41
28
102
54
11
9
14
45
57
14
67
36
53
12
60
56
22
83
4
55
33
68
65
20
37
61
12
3
11
44
30
76
7
13
69
31
57
13
31
51
0
29
17
42
55
75
58
47
71
41
38
75
29
20
47
29
13
79
27
58
32
71
63
12
19
39
6
12
81
34
12
39
14
25
55
2
6
30
17
44
67
27
76
25
5
17
11
27
44
33
19
20
29
39
5
15
34
25
23
101
25
21
26
32
67
25
35
115
28
4
30
66
72
36
38
9
66
96
41
14
22
52
26
17
76
5
37
18
37
118
63
44
28
37
31
99
5
40
72
15
50
2
13
26
91
11
104
4
69
40
3
50
56
41
0
51
0
35
3
43
19
3
23
38
96
87
40
21
53
30
15
54
2
55
16
23
47
15
51
39
33
6
34
55
5
35
29
18
116
51
80
68
40
33
10
1
15
94
7
14
55
49
24
18
7
86
34
7
15
92
27
34
19
29
39
0
50
50
16
80
24
35
54
4
44
37
32
19
61
57
51
37
44
26
23
8
24
4
101
9
13
37
79
60
24
19
37
13
69
24
55
64
108
77
3
6
13
113
37
23
25
53
10
22
56
1
66
59
30
93
31
54
24
10
39
51
4
49
46
3
10
25
53
26
28
47
7
21
21
3
4
20
8
65
23
20
69
43
41
11
6
25
68
29
101
78
40
44
34
50
53
18
12
36
34
71
3
30
34
9
62
54
61
21
11
75
39
7
10
20
33
91
66
34
52
63
9
72
33
7
13
50
20
6
81
5
51
3
52
7
28
35
54
35
21
1
30
0
11
7
17
43
30
34
78
77
24
64
21
1
26
18
65
46
28
60
2
44
59
1
46
49
5
35
12
7
74
40
15
21
59
59
20
38
11
12
11
25
10
30
24
41
123
5
31
40
70
114
14
24
3
66
35
72
53
51
38
18
7
57
23
116
2
21
1
68
6
46
79
22
51
38
48
8
34
11
43
53
51
31
70
45
81
5
34
3
51
25
25
16
51
5
52
16
115
50
28
2
24
116
50
1
1
11
41
64
65
51
53
33
18
62
3
15
25
4
23
81
38
35
23
36
37
160
10
19
23
69
87
11
2
8
43
76
85
26
32
38
84
37
6
31
66
67
34
74
87
35
23
3
28
40
4
59
94
85
12
31
5
30
48
16
83
26
59
12
70
35
47
42
24
41
25
9
43
9
27
53
38
12
32
38
36
104
53
50
35
63
9
76
81
18
32
24
34
12
88
8
43
36
108
43
30
67
30
9
19
4
24
26
48
73
32
37
125
39
23
2
4
33
50
61
24
10
15
35
26
42
27
41
27
18
4
28
38
56
35
34
39
51
59
17
37
2
64
19
40
18
30
18
25
36
16
33
14
21
9
57
27
71
56
2
24
0
43
24
22
30
2
33
30
79
41
77
9
55
49
82
79
28
12
59
8
27
20
77
79
12
87
46
21
15
91
42
88
33
54
16
71
73
5
44
49
21
42
10
37
19
55
72
29
26
39
15
5
22
13
37
13
56
36
52
9
3
30
4
15
16
45
30
74
94
18
7
58
67
40
24
25
7
14
16
5
23
9
25
12
87
21
1
73
21
14
35
61
38
4
56
22
38
26
66
40
51
25
65
2
34
24
9
28
33
21
41
3
29
21
23
33
46
61
97
37
47
10
62
18
11
2
4
5
56
44
35
73
24
7
13
99
12
39
52
20
80
4
37
10
91
4
114
8
21
13
7
26
35
23
75
44
29
66
11
55
63
34
9
2
21
49
2
38
4
29
12
21
19
45
3
37
2
13
40
23
0
7
17
52
13
2
21
66
46
21
1
47
13
18
32
49
46
37
12
36
33
29
30
15
13
11
22
7
21
34
46
30
46
41
44
14
0
6
18
11
23
79
37
27
37
71
45
50
68
7
24
53
16
55
29
65
32
12
80
47
78
28
34
100
2
2
53
2
48
15
20
20
19
63
3
35
10
44
1
16
11
40
5
44
62
14
41
27
22
55
33
24
6
64
9
7
17
59
41
76
1
7
17
11
40
7
66
48
64
11
38
40
5
10
40
57
13
49
2
1
35
21
3
76
13
1
51
2
2
27
37
30
6
71
28
29
47
28
31
9
70
44
42
73
54
38
13
34
42
16
21
69
15
20
69
24
6
36
5
19
10
20
52
62
12
18
36
35
33
26
49
5
27
39
15
35
24
9
50
59
75
32
19
13
10
104
46
58
66
20
30
24
38
79
24
62
104
9
27
19
75
34
29
1
22
8
48
63
33
3
135
49
25
22
47
19
5
18
30
34
38
34
2
55
16
46
83
14
9
1
33
74
24
9
32
13
7
45
8
11
23
2
58
69
49
42
30
14
5
34
17
65
42
92
86
53
29
58
17
12
17
68
47
39
65
29
1
20
6
21
16
14
20
62
115
11
71
20
20
72
1
12
34
91
19
41
22
51
18
24
20
11
0
87
67
38
84
4
58
42
21
50
20
15
9
3
30
14
17
25
1
6
0
6
18
72
48
62
44
56
38
8
49
25
70
86
3
83
60
62
30
21
18
29
75
86
47
38
12
29
6
54
3
56
11
54
19
16
61
0
34
8
40
6
19
8
49
31
1
41
12
15
38
41
36
2
61
2
5
17
11
29
19
1
8
50
44
58
39
11
57
1
52
7
23
47
19
28
37
60
86
6
72
5
50
24
26
3
31
17
46
25
0
39
0
4
79
29
4
19
53
4
7
54
13
88
16
57
47
23
39
55
24
71
54
1
12
9
20
73
40
10
7
18
14
42
99
21
35
1
34
64
45
13
34
66
49
31
32
19
46
7
3
9
2
24
17
37
11
26
44
38
71
1
18
18
35
42
27
12
36
14
72
26
13
57
38
85
59
59
25
7
22
32
71
33
27
29
34
23
46
8
28
18
32
7
17
26
34
11
7
34
6
14
59
68
53
17
35
66
38
16
15
13
21
38
41
6
85
35
70
26
49
16
40
18
7
21
48
39
9
67
34
42
20
47
16
48
8
5
15
23
0
2
45
33
59
12
39
63
35
97
23
47
38
5
19
53
40
12
32
69
31
16
18
25
18
11
2
6
11
23
11
50
56
22
6
9
33
24
11
19
24
32
53
3
21
14
20
38
16
4
34
3
20
27
22
39
7
47
40
21
33
3
55
50
29
40
24
10
25
31
16
0
11
44
5
61
1
8
48
31
26
1
18
9
18
33
26
2
45
6
18
16
5
21
11
4
7
30
57
59
45
27
50
63
23
4
41
9
7
50
35
8
61
29
8
17
51
4
132
57
24
39
44
30
9
85
0
60
12
2
18
6
41
4
31
22
10
79
16
36
15
2
55
20
21
75
76
31
36
4
69
14
29
3
26
2
6
29
80
23
9
38
26
22
63
43
50
48
24
20
32
0
66
24
50
1
12
17
23
51
8
46
71
4
40
51
65
24
6
46
12
61
41
32
3
75
16
29
22
15
42
33
7
23
6
0
56
10
72
16
67
16
6
33
31
14
46
36
48
38
5
38
18
33
57
36
10
14
28
60
23
40
55
12
30
17
9
6
23
27
26
19
46
11
59
2
43
24
16
12
38
21
20
9
26
31
22
11
23
11
7
4
23
28
9
61
22
9
49
18
84
8
14
91
22
21
7
7
21
3
56
53
41
29
3
48
89
14
3
47
17
35
24
49
16
21
2
64
6
4
39
31
5
24
32
43
57
16
12
46
34
39
52
14
15
18
69
48
1
8
12
16
20
48
40
1
11
4
28
16
35
37
10
43
16
42
29
15
36
38
31
13
38
18
1
0
5
33
13
9
61
46
1
8
28
44
70
17
39
10
39
30
5
0
22
19
28
20
62
19
1
24
25
4
1
34
17
52
16
49
10
11
6
27
66
13
8
3
58
11
84
15
35
25
15
56
11
17
2
5
1
18
6
53
11
25
37
3
35
44
67
12
31
29
48
9
48
28
36
1
22
54
9
5
12
16
66
20
20
20
9
11
29
28
11
10
21
41
1
31
24
1
6
19
22
10
12
62
46
34
11
18
11
22
16
5
7
25
23
20
30
17
33
46
45
6
13
1
31
4
24
79
1
5
16
26
7
22
35
14
32
24
2
31
42
43
19
31
20
7
18
12
5
17
20
3
37
54
4
9
7
8
30
6
19
17
75
22
24
27
6
14
45
24
5
1
10
26
26
27
0
1
51
51
38
36
42
16
12
4
13
6
50
6
34
29
8
22
29
4
16
14
32
6
13
34
23
6
42
20
26
15
4
1
57
17
35
6
11
1
61
13
47
33
11
62
16
24
25
26
15
19
12
16
2
85
55
15
16
31
26
26
4
49
12
13
3
1
17
48
9
20
14
7
52
85
1
20
22
12
15
25
11
23
39
11
6
18
63
20
15
36
54
3
37
15
17
3
59
42
21
13
52
20
22
6
25
15
16
4
20
7
2
18
34
7
4
4
8
35
3
27
5
3
5
12
12
29
22
27
17
16
28
5
1
34
34
14
7
5
36
24
13
16
11
20
2
1
34
13
22
10
10
18
1
2
6
54
27
1
4
19
6
31
32
26
12
18
39
18
7
15
33
10
6
3
23
61
5
32
8
0
17
1
9
4
43
17
22
22
38
30
8
4
4
17
2
52
17
14
22
29
10
30
6
9
14
9
34
29
17
6
3
13
23
20
37
1
10
18
13
23
10
17
21
23
16
33
3
5
16
23
8
9
31
11
13
20
34
6
23
8
6
0
51
4
4
12
10
5
11
26
13
11
2
36
19
10
29
3
1
26
9
18
24
7
58
6
25
2
2
21
26
25
15
10
36
6
4
13
29
11
5
30
26
16
6
9
9
2
14
7
2
44
7
14
8
61
43
44
0
14
3
29
3
15
22
12
46
10
8
25
1
0
20
6
11
14
4
13
4
34
14
15
49
4
30
10
26
17
2
36
1
2
10
15
10
14
2
16
15
44
11
39
12
23
4
1
12
10
32
12
16
23
5
3
35
12
40
12
15
19
19
28
0
34
9
23
32
26
23
38
16
7
29
12
45
20
8
6
30
26
4
13
24
8
12
30
12
17
22
11
1
12
32
28
18
13
9
34
17
0
16
28
18
55
33
19
47
4
16
5
5
21
5
3
7
6
24
27
4
34
43
36
19
0
19
7
1
3
3
16
9
17
31
0
26
24
2
3
36
27
6
13
3
27
11
3
23
3
9
7
15
2
27
13
28
8
15
25
4
9
21
13
34
26
23
6
30
17
17
8
28
4
3
22
15
3
3
28
2
37
49
9
17
3
6
34
6
12
24
8
2
3
9
26
2
37
35
23
16
13
3
49
30
11
19
14
6
18
0
8
16
2
3
5
8
11
14
8
4
9
4
20
29
2
4
23
12
17
20
11
9
20
2
0
22
2
6
18
31
8
7
0
32
16
9
9
0
13
28
9
12
22
17
27
10
13
11
10
7
2
5
9
13
24
5
1
16
18
22
26
2
15
35
19
6
9
7
25
8
16
2
23
25
20
11
6
3
13
1
8
2
9
7
8
17
21
2
19
1
18
7
7
17
8
13
3
14
4
12
0
14
4
0
42
3
10
10
4
8
3
5
11
24
25
6
17
3
3
8
0
3
3
32
3
20
8
13
11
3
26
19
1
9
2
13
8
6
9
18
8
6
17
5
2
15
8
3
16
8
4
13
1
0
9
1
9
1
1
12
3
12
4
6
4
13
6
3
7
14
3
4
10
11
3
15
8
3
20
3
8
2
14
16
13
7
1
6
12
14
19
6
11
2
11
9
5
8
18
12
8
8
8
15
2
4
1
1
5
16
1
5
8
11
2
3
6
0
5
0
13
6
8
5
3
15
2
1
8
2
10
1
11
3
5
4
2
11
1
5
3
1
7
5
2
4
1
6
2
3
1
1
5
5
1
1
3
3
3
2
0
2
0
2
0
