21
0
8
8
12
3
26
12
4
3
33
15
6
4
5
7
16
10
0
16
13
1
12
13
2
2
23
12
0
6
6
41
27
18
7
10
9
23
6
19
6
28
4
14
24
15
9
4
37
8
17
11
7
11
2
4
28
4
4
21
13
11
8
10
2
13
35
3
25
39
11
6
17
10
2
6
11
2
17
18
17
33
6
6
14
3
12
13
17
10
11
4
6
15
15
1
4
22
4
24
11
6
24
13
9
8
9
14
27
10
7
9
2
1
2
3
18
24
27
17
5
17
16
1
15
4
1
19
23
13
4
1
1
9
2
18
6
13
5
11
23
3
27
10
17
2
20
10
16
9
10
2
15
11
2
4
8
11
15
4
4
16
24
9
34
13
16
8
13
6
32
26
5
6
19
15
13
10
12
7
4
11
17
7
11
11
1
4
1
22
6
3
9
7
1
12
7
23
27
37
8
3
8
23
11
0
6
11
14
18
3
13
11
4
15
7
2
15
16
22
5
9
1
19
22
3
2
14
22
3
2
0
6
10
14
10
22
7
5
23
23
11
13
24
5
6
17
11
13
1
6
7
13
9
13
0
16
2
5
22
1
14
8
6
2
16
3
9
5
9
2
7
6
3
3
21
4
3
6
2
1
12
11
2
3
1
4
4
2
12
4
2
4
18
0
3
13
2
15
1
7
5
1
6
6
6
1
4
4
3
0
3
5
13
0
0
14
3
9
2
2
3
8
4
2
9
3
7
5
6
1
1
9
6
4
7
11
0
2
16
1
7
2
1
1
1
6
0
2
4
1
3
1
1
1
1
7
1
1
0
