2
3
28
9
14
50
7
7
69
2
53
22
6
11
47
6
11
115
60
18
5
122
44
17
51
4
27
11
13
45
71
11
25
30
77
50
26
11
38
59
65
18
8
24
33
37
14
37
69
40
17
23
8
14
19
9
9
11
66
13
11
35
123
7
63
82
63
30
30
76
36
54
20
90
24
19
53
90
24
48
1
41
145
32
19
6
40
46
28
70
54
85
64
90
18
84
24
33
6
17
19
3
37
60
18
83
37
29
29
88
1
21
32
20
69
16
60
59
46
27
25
33
51
8
40
3
9
17
86
6
125
57
43
31
18
54
16
24
149
18
75
77
93
61
102
72
14
2
51
62
157
10
89
71
29
14
93
15
20
85
60
43
12
80
116
52
18
97
37
55
12
171
39
55
32
16
37
53
41
11
137
73
70
72
45
82
52
60
35
19
106
6
82
79
75
48
73
4
44
13
66
15
95
110
140
78
55
118
4
28
5
19
120
56
9
152
45
19
28
116
13
36
20
57
21
45
52
62
15
75
123
14
37
78
94
57
25
23
35
38
70
2
33
61
7
51
4
51
31
72
22
3
18
39
27
105
21
26
74
7
54
7
75
4
32
11
56
4
42
46
43
18
110
100
34
62
76
12
77
11
23
96
16
35
148
118
35
40
11
56
16
35
27
19
53
17
74
51
3
27
33
43
27
12
5
49
53
71
88
88
107
3
12
8
78
25
46
15
23
48
21
37
17
33
10
118
3
92
3
35
30
28
29
45
109
11
6
12
25
31
55
60
113
81
1
29
53
11
37
60
16
14
32
67
32
49
6
75
37
31
44
30
17
84
29
13
36
48
41
31
2
19
4
63
32
36
81
39
27
8
68
78
18
66
42
85
28
51
12
109
131
5
39
29
88
102
34
40
17
55
25
92
22
21
20
47
8
138
45
72
20
120
30
90
80
8
20
2
98
26
6
27
14
39
19
44
99
110
57
60
47
32
33
15
83
38
68
25
90
2
74
11
104
87
6
17
63
126
80
64
108
10
8
20
65
121
20
72
31
11
53
3
25
29
9
45
22
72
56
31
29
58
168
63
43
19
106
2
1
141
26
64
94
1
1
19
46
73
14
18
0
5
116
68
39
77
8
14
19
23
54
50
22
1
28
14
63
12
6
85
43
77
56
45
79
50
18
53
9
24
23
34
13
79
0
7
12
37
13
33
2
17
69
3
41
38
24
43
66
10
63
112
2
40
68
74
38
83
9
8
78
44
8
52
76
50
67
7
65
8
23
181
49
8
14
42
53
146
142
35
106
104
1
6
15
40
80
9
68
78
3
89
35
58
142
33
89
33
10
2
37
108
22
4
7
85
17
4
12
30
63
24
1
164
68
66
80
34
43
53
90
27
52
80
25
49
63
4
44
14
68
39
31
182
136
61
63
75
7
21
107
20
111
96
67
5
19
11
84
11
40
31
14
9
48
162
24
66
5
0
2
32
30
2
17
65
61
48
116
53
44
14
19
67
103
49
30
2
28
78
78
52
35
47
71
2
12
12
0
55
4
13
22
24
31
10
65
49
27
57
105
4
18
48
18
105
69
42
42
33
11
104
53
55
34
91
40
30
23
4
76
83
9
59
23
10
12
39
64
120
76
59
28
58
30
25
16
19
113
44
69
26
1
66
49
80
27
47
59
23
39
99
8
35
17
114
58
67
55
119
145
7
40
3
62
20
59
36
27
71
1
9
111
32
48
49
24
16
49
20
112
73
29
1
3
6
36
29
72
13
80
22
44
101
56
44
45
97
65
13
32
0
41
68
30
13
24
104
36
74
13
52
60
35
41
42
33
11
6
37
71
103
92
123
3
62
19
42
9
5
96
75
53
53
106
29
89
11
92
66
92
51
39
14
66
33
13
71
4
18
26
88
54
37
2
14
79
11
87
42
17
6
35
4
77
1
31
15
19
94
37
13
14
57
79
40
8
40
37
71
24
58
14
18
94
31
81
1
41
3
29
56
35
4
49
116
14
93
130
72
38
23
29
63
85
15
53
27
46
37
50
73
37
14
14
52
96
35
25
189
34
47
13
25
46
43
2
10
33
64
45
61
27
31
1
50
6
3
3
16
56
44
39
58
36
28
27
18
17
51
60
25
20
37
33
60
42
44
46
9
35
119
81
21
117
86
64
2
20
43
143
60
13
11
30
53
46
0
75
30
24
2
15
4
43
36
12
26
36
53
90
29
16
45
37
46
99
37
54
65
97
31
34
49
21
69
12
9
5
58
52
14
2
55
46
11
54
24
30
20
29
98
48
28
1
39
53
22
11
47
50
109
32
21
5
61
47
33
31
57
19
14
13
34
5
2
104
18
46
32
4
11
23
41
90
14
15
97
22
47
42
48
29
35
33
8
23
1
48
12
20
40
27
26
16
12
20
16
34
45
45
40
18
122
78
51
42
17
69
37
53
64
1
2
43
7
38
15
12
20
63
8
49
36
62
21
20
6
15
13
25
37
31
21
12
23
79
15
89
4
51
43
75
7
48
18
43
24
9
46
25
48
3
19
10
129
65
10
14
6
1
23
43
28
11
77
74
23
51
45
10
51
32
80
26
59
110
28
72
22
7
4
66
15
51
24
79
10
20
52
37
12
32
25
10
5
20
52
9
6
37
63
38
7
16
26
28
26
37
40
100
24
21
60
8
2
50
102
24
58
24
20
38
60
2
22
44
25
12
42
29
80
43
48
46
21
13
75
36
72
2
114
76
69
24
40
30
35
37
35
14
46
15
69
44
40
121
35
28
21
56
53
123
47
54
103
3
27
39
56
21
7
10
22
10
13
56
51
47
27
54
42
3
63
29
6
21
10
27
9
9
45
6
65
39
41
14
36
66
56
20
43
86
6
81
70
16
58
28
3
66
34
38
20
51
20
4
21
81
30
21
64
50
16
37
62
3
151
24
33
11
23
6
10
13
4
19
19
11
39
31
27
12
31
9
39
44
83
88
15
78
23
35
22
5
36
59
9
11
2
37
7
31
60
27
7
127
43
70
68
8
47
35
71
66
55
61
87
0
28
0
31
16
22
76
46
70
38
7
38
79
21
41
7
118
71
23
10
54
74
58
44
50
98
14
9
24
6
3
111
7
3
60
7
7
4
22
33
51
5
22
27
4
16
10
7
34
124
47
25
61
45
53
61
43
33
76
0
3
99
43
19
40
35
35
8
18
4
41
4
52
28
123
70
51
35
48
37
95
13
23
68
13
74
42
2
0
38
119
22
10
40
28
6
11
74
1
73
18
44
59
70
21
26
8
15
2
98
1
122
32
3
7
21
15
53
92
46
74
8
19
49
31
27
7
46
20
33
50
4
45
65
4
34
51
47
75
43
135
21
2
31
3
20
55
34
30
89
117
100
75
1
67
38
2
14
62
35
68
123
5
3
80
40
28
12
67
21
7
9
78
24
50
17
12
38
75
42
28
11
94
8
21
21
4
17
20
6
67
36
60
8
79
39
16
69
5
39
48
44
3
81
18
29
47
32
92
25
57
21
62
6
39
12
0
127
15
64
24
75
47
21
15
86
4
1
42
52
49
54
43
6
40
12
51
70
14
29
75
60
20
47
62
4
1
33
53
112
28
26
22
39
37
1
85
39
18
48
5
51
29
7
64
16
6
38
66
93
64
58
21
2
34
18
39
11
88
95
34
42
103
6
27
33
10
44
10
94
4
73
55
72
42
42
36
65
1
63
21
15
0
39
62
2
63
25
102
3
38
35
28
83
11
54
7
83
42
56
3
81
58
10
11
67
0
60
47
70
17
27
13
83
14
46
39
50
24
52
36
110
2
78
65
77
39
6
20
78
7
24
18
14
26
45
22
30
78
31
46
16
59
14
28
6
61
62
12
3
19
34
50
52
79
23
42
43
88
29
60
33
4
53
60
69
31
30
9
22
40
80
19
5
0
68
52
36
14
2
7
48
83
58
45
27
43
40
19
40
41
30
34
23
34
12
4
14
22
4
67
42
38
65
42
58
2
10
74
96
92
28
70
38
22
1
32
49
7
77
25
9
23
61
14
38
49
51
49
5
5
56
45
7
28
10
54
4
18
37
5
52
67
24
34
7
107
21
65
17
29
8
59
16
49
11
23
24
29
1
43
4
20
6
38
47
16
5
34
73
64
70
34
19
52
19
33
19
47
21
74
54
30
33
69
21
35
1
3
19
43
11
40
41
65
40
14
68
62
91
74
57
48
55
75
16
70
10
22
8
61
4
89
30
43
7
67
22
26
19
59
12
21
57
43
1
93
36
43
19
26
41
50
34
64
67
14
30
85
9
29
38
22
69
31
17
20
2
19
5
40
28
32
17
41
57
6
18
40
35
8
34
2
29
72
4
48
53
32
24
93
98
41
57
23
18
36
6
5
28
12
62
40
6
30
48
3
10
22
61
34
24
20
7
47
40
50
3
2
8
12
0
59
2
47
57
119
60
83
26
29
10
6
35
27
16
32
32
10
32
17
21
13
10
46
27
66
8
1
16
12
26
14
34
6
73
37
20
6
20
35
80
27
85
6
41
43
46
3
51
30
28
41
1
29
32
100
67
33
30
14
35
42
10
48
26
33
4
43
23
10
10
9
41
5
11
19
13
20
39
43
32
16
18
18
52
16
24
26
33
49
16
5
17
38
48
32
23
55
54
42
18
20
19
9
38
3
19
53
3
24
31
5
41
59
15
20
16
0
28
86
6
19
0
31
47
49
31
79
13
29
19
38
34
12
17
58
31
28
5
59
26
33
22
76
7
36
9
22
13
65
54
3
12
26
1
10
87
29
2
20
48
25
61
26
34
2
34
23
2
13
11
15
12
0
70
13
29
24
9
29
44
29
51
35
16
51
24
23
58
46
15
8
9
56
49
37
6
22
21
53
45
23
55
17
30
14
37
6
15
53
44
19
18
13
17
66
4
36
20
3
125
42
3
25
12
29
5
47
26
53
61
12
29
22
62
28
3
30
53
24
29
46
43
29
12
14
17
11
33
10
22
14
43
11
13
23
34
16
49
8
33
11
18
31
7
18
22
5
8
33
14
44
17
31
60
29
14
15
12
11
3
41
51
30
25
2
83
34
6
6
98
16
16
21
25
25
28
41
20
27
21
28
25
0
30
48
39
85
8
8
0
23
95
30
59
43
113
27
37
41
11
9
20
2
13
60
36
30
29
45
22
3
4
103
52
17
50
2
33
63
14
24
1
51
17
48
26
41
67
15
27
53
4
5
14
80
34
27
58
8
19
42
12
28
71
63
43
22
7
42
2
39
28
36
3
24
13
18
5
1
34
27
21
2
11
19
18
11
49
33
43
50
15
3
18
56
6
17
21
2
39
13
37
30
60
0
10
42
54
35
17
1
10
59
30
33
3
6
7
10
12
17
21
78
39
28
56
21
40
11
6
69
45
14
13
34
20
28
7
90
10
58
36
13
13
16
10
20
32
20
27
28
52
61
34
10
33
58
79
34
6
44
10
12
36
38
56
38
62
13
5
12
46
33
19
33
16
39
15
28
36
64
45
30
10
39
52
13
25
3
2
15
6
26
39
25
1
29
3
45
29
17
44
30
5
24
3
11
7
3
56
32
40
19
34
20
28
42
24
4
0
34
14
14
0
6
24
79
17
17
22
48
3
8
16
18
31
17
46
35
18
38
57
17
20
2
36
13
26
8
41
24
14
57
29
7
55
13
7
38
25
21
11
14
21
3
26
51
9
25
14
30
81
83
19
42
37
22
0
13
52
22
24
30
8
39
36
9
5
33
1
16
11
30
5
49
17
0
3
39
6
14
28
16
32
0
48
2
39
38
12
31
40
52
12
6
60
24
14
5
69
36
5
33
36
26
14
19
35
43
14
11
24
16
1
10
4
0
77
13
28
18
23
1
9
3
32
12
14
3
19
21
14
35
54
8
18
51
33
18
15
18
34
1
5
30
40
30
7
32
20
1
14
18
7
7
20
19
15
5
30
4
22
10
55
15
7
30
15
49
14
67
33
4
13
21
17
15
4
41
15
11
63
18
17
22
4
37
14
18
10
19
7
84
15
13
14
72
64
43
15
50
30
11
15
33
62
9
47
42
50
5
42
42
3
12
19
40
49
28
41
30
47
8
3
1
1
14
29
25
11
53
11
10
3
13
7
37
38
7
51
41
48
16
5
28
33
41
9
21
16
11
7
1
24
5
36
37
41
45
48
6
29
2
16
35
31
11
4
17
17
14
28
44
38
21
10
17
30
4
21
17
19
20
18
5
34
7
28
39
29
30
36
16
13
22
8
29
40
11
23
12
41
33
21
28
35
32
14
49
22
46
23
8
61
60
32
23
28
23
6
40
33
30
15
44
99
16
30
0
28
25
8
6
17
35
8
3
23
8
24
10
30
5
14
3
39
30
53
45
4
11
28
14
21
14
27
1
22
6
34
12
37
22
27
20
3
36
4
5
1
15
12
18
2
23
42
24
6
22
54
1
30
10
6
67
20
28
41
47
16
23
21
34
6
31
9
8
33
4
9
51
21
14
18
42
10
15
8
2
2
11
62
1
57
7
19
21
28
15
38
42
1
86
1
18
15
49
23
26
26
12
12
9
41
2
28
26
11
28
8
31
2
13
4
14
44
6
6
13
22
0
13
18
2
44
13
7
15
19
36
1
7
22
7
0
6
10
14
1
40
36
3
7
16
29
31
4
4
2
25
25
20
9
36
9
18
24
5
40
39
19
8
6
57
34
5
31
25
18
24
31
15
37
18
12
22
4
12
14
42
23
26
12
32
18
37
10
0
23
4
3
10
20
9
31
27
6
37
21
32
14
45
44
20
22
34
11
25
21
11
17
5
13
86
12
18
6
17
30
31
11
2
20
14
7
7
35
11
12
26
7
3
27
5
30
57
6
13
25
25
3
32
24
34
5
11
38
23
1
8
2
9
33
3
28
24
9
53
4
9
31
1
11
2
3
36
9
12
16
11
17
14
22
5
19
31
18
8
1
44
21
49
6
11
39
7
2
6
10
18
13
55
40
19
13
5
22
34
15
36
4
4
15
9
14
16
11
18
7
7
1
0
6
7
28
8
16
5
10
6
1
16
8
31
7
17
22
14
15
13
13
5
18
4
40
5
3
5
25
7
4
19
18
7
6
15
33
4
19
33
54
16
24
16
2
3
16
16
25
2
29
36
15
2
30
19
10
22
41
9
8
14
17
3
15
10
7
4
27
45
6
19
33
8
33
23
15
3
24
4
10
38
24
11
27
8
16
14
11
29
5
25
36
36
6
3
24
19
2
17
3
9
19
8
18
0
39
26
11
20
2
26
21
25
17
12
7
11
8
35
24
17
13
0
2
26
61
9
15
30
19
9
14
25
10
11
19
12
1
11
12
10
20
28
10
13
1
5
7
18
20
36
9
6
10
1
13
4
2
9
6
10
35
22
1
9
23
12
5
0
13
21
31
9
13
17
2
20
13
31
1
13
18
13
12
5
6
17
14
1
15
6
24
16
1
2
5
1
22
2
18
15
2
4
19
4
5
3
13
10
18
5
28
7
21
7
21
15
32
0
9
9
3
39
14
1
15
14
14
24
8
2
18
6
22
8
0
10
21
24
21
3
6
31
10
21
11
6
16
18
4
21
20
7
2
13
1
12
19
4
2
4
6
5
13
16
4
8
1
35
1
1
3
2
4
8
22
0
1
9
2
1
21
7
9
4
0
14
20
23
20
10
10
19
9
10
1
7
21
3
22
17
18
5
10
12
22
14
8
14
11
19
3
26
0
8
27
26
5
35
14
24
2
3
10
9
15
4
13
4
9
2
24
4
4
8
0
16
6
15
0
5
10
1
7
13
11
13
9
6
9
22
7
15
4
15
9
8
11
3
11
3
14
20
3
15
21
7
0
16
3
4
8
14
4
9
3
16
2
16
1
4
10
3
12
5
3
3
12
5
8
1
20
22
6
16
1
21
7
9
3
10
2
20
1
14
1
13
5
11
4
12
11
4
5
2
8
10
16
4
2
2
6
9
9
3
13
17
7
0
0
5
7
8
0
0
4
1
0
2
9
1
2
2
6
2
0
7
0
6
5
1
6
2
3
6
3
2
2
3
6
1
1
1
2
0
3
0
0
0
