5
7
7
57
58
24
8
4
1
56
9
34
8
0
2
26
10
30
9
93
16
7
41
86
8
31
5
1
14
70
101
23
2
0
10
32
19
41
19
20
9
35
86
16
6
8
44
8
42
21
29
32
17
0
39
27
60
128
36
37
37
24
55
20
39
132
5
65
68
33
45
4
35
27
68
54
61
85
157
35
0
12
1
31
52
55
9
77
31
54
32
13
22
7
20
46
85
13
47
19
68
7
13
30
40
38
22
116
116
20
23
45
49
35
1
25
44
75
100
1
31
21
117
52
49
24
58
26
41
111
35
21
75
11
68
91
11
78
47
42
54
49
41
45
21
19
96
74
12
7
27
6
31
79
114
49
51
10
37
28
87
27
68
50
26
2
42
63
57
67
92
1
79
43
35
87
20
43
32
131
3
46
6
67
4
61
7
26
14
1
65
36
3
22
139
77
3
19
13
33
41
4
1
130
45
53
47
41
81
80
88
7
14
23
13
5
10
31
39
59
18
39
61
20
53
12
128
43
6
36
39
73
18
73
50
50
36
87
117
72
47
97
79
3
16
8
8
72
43
17
31
50
95
10
16
66
0
38
6
105
34
30
136
21
5
62
41
33
35
59
3
62
112
58
49
112
42
49
10
30
110
52
57
79
68
68
74
12
68
44
27
47
78
42
69
63
49
68
91
17
57
11
139
27
8
85
31
113
47
16
12
38
20
7
35
35
4
91
23
19
32
78
14
51
82
53
40
35
58
104
4
11
28
26
2
12
45
73
67
47
60
31
68
21
40
40
49
23
19
15
59
1
1
96
95
40
15
44
14
29
15
36
27
60
60
17
84
33
28
49
1
57
6
30
40
59
74
20
12
146
5
38
57
21
119
66
27
38
56
36
13
50
53
1
27
28
27
70
62
27
29
30
29
13
86
7
73
27
15
30
40
62
21
19
18
27
2
71
25
51
10
19
15
41
48
54
10
73
15
51
93
36
71
3
86
89
53
9
23
37
43
49
24
27
71
27
15
21
10
5
2
121
30
80
33
67
36
119
65
75
22
16
23
17
120
64
72
63
46
59
15
17
15
66
73
6
98
35
80
54
85
19
61
32
93
45
23
4
77
75
5
56
4
28
72
50
36
52
6
14
41
164
27
56
2
31
79
29
37
10
21
58
135
152
58
34
3
67
75
71
16
24
6
69
29
4
4
92
23
60
51
25
97
85
73
36
1
15
29
4
26
136
49
52
71
30
33
106
0
10
33
48
41
136
12
103
16
47
3
58
74
59
47
55
46
31
70
120
24
67
65
11
133
46
76
81
50
1
93
38
62
48
51
40
77
23
6
11
68
16
106
28
68
75
56
86
5
38
14
38
32
28
33
40
35
16
22
81
14
70
12
0
55
31
1
30
62
71
73
12
38
69
72
29
24
5
60
39
21
46
82
30
24
9
0
10
4
10
153
33
37
63
9
46
6
87
71
34
2
25
5
60
7
17
25
9
5
80
18
82
73
61
16
50
27
115
27
81
98
99
43
48
2
14
22
71
88
90
38
39
13
64
10
15
51
29
79
10
43
19
37
16
12
32
80
35
10
102
2
36
9
60
5
18
25
164
63
12
25
55
53
23
24
35
57
27
10
32
17
10
4
20
73
13
46
72
64
44
17
57
31
84
97
151
55
45
49
81
14
1
119
75
58
3
18
87
144
9
13
52
58
82
64
137
39
3
7
29
19
1
3
79
77
104
14
76
113
64
7
8
36
33
70
27
36
52
103
19
24
26
8
37
102
61
36
12
39
32
57
71
0
37
11
83
50
63
14
14
4
88
5
22
122
13
35
113
55
7
25
52
60
37
92
21
113
12
65
58
71
36
71
28
34
25
11
11
3
50
73
146
114
24
23
31
99
34
55
119
15
3
42
95
16
15
48
33
22
25
56
7
58
64
21
23
78
75
31
81
74
60
13
5
37
26
9
44
131
29
73
14
127
25
39
9
11
32
90
3
119
25
63
19
10
117
14
41
33
63
34
5
49
9
58
3
81
7
5
24
70
36
50
44
58
9
58
56
8
39
43
16
24
1
17
24
35
2
9
56
39
29
74
56
17
6
31
19
86
43
80
14
14
82
12
32
9
80
27
11
3
11
37
35
19
65
71
14
125
13
34
31
64
20
138
9
83
81
17
83
13
28
62
30
8
57
54
46
52
16
80
118
24
29
76
69
123
68
24
80
140
47
58
86
42
40
11
52
65
3
41
8
35
21
61
108
71
17
126
28
100
46
87
1
31
24
12
57
15
14
33
38
21
31
4
13
5
10
52
21
94
52
84
47
30
35
66
52
52
34
21
22
0
73
26
11
36
50
49
21
186
53
30
23
18
43
27
95
34
48
20
6
67
22
24
49
28
52
1
18
50
61
19
71
26
59
92
56
65
57
39
5
36
39
24
86
39
1
13
8
8
13
24
54
18
6
45
60
58
8
59
14
40
1
33
26
15
23
97
34
30
49
29
77
28
57
20
35
72
70
15
29
65
90
24
124
56
30
33
0
33
8
42
5
10
32
22
40
44
40
14
48
4
17
5
71
24
19
123
22
47
56
44
20
48
20
90
27
27
22
7
10
9
18
5
54
6
9
43
1
71
24
19
86
4
89
11
21
89
17
10
62
43
68
7
9
53
12
5
51
21
91
24
14
39
78
4
30
58
0
59
22
8
57
86
60
12
14
100
8
1
128
17
78
25
34
46
86
2
39
52
28
44
1
21
72
4
27
137
71
1
67
2
5
31
15
48
17
32
31
28
24
16
9
4
31
48
62
44
4
19
70
16
67
99
30
3
10
47
76
130
24
7
77
49
16
17
10
42
67
16
4
58
11
41
12
84
42
8
3
2
43
8
3
65
53
124
45
15
43
5
34
28
35
18
38
63
78
29
84
14
8
42
15
2
61
30
50
3
30
21
26
15
4
15
8
6
46
96
25
16
33
87
22
13
29
19
91
39
19
32
33
69
20
39
7
20
66
43
13
153
4
23
10
42
5
0
19
50
51
4
12
27
44
16
1
104
36
22
4
60
6
35
34
50
17
6
57
42
5
47
21
6
32
30
114
108
26
43
0
11
91
46
45
52
15
13
16
7
22
49
3
49
24
48
6
72
63
88
22
49
14
26
4
46
3
28
97
64
24
40
62
36
121
56
21
0
2
71
6
52
88
27
4
18
5
13
63
72
9
7
82
14
78
17
19
33
8
36
37
12
5
9
48
18
10
36
27
16
14
32
10
66
57
41
71
19
9
20
26
58
49
27
24
24
18
79
2
0
28
23
46
13
2
43
45
10
55
18
35
49
1
23
33
42
18
52
25
45
66
25
17
3
1
8
37
3
44
42
26
27
22
59
22
47
144
14
12
7
27
121
14
53
1
36
59
71
26
49
2
22
11
33
76
17
48
54
31
35
69
67
48
24
8
28
14
16
140
50
15
97
18
29
15
20
15
31
33
64
61
13
87
127
57
60
11
18
11
17
0
22
22
5
15
11
20
12
20
1
7
4
18
26
75
1
21
37
3
27
9
45
4
17
10
42
23
125
40
4
3
28
81
105
27
34
64
4
1
77
7
66
18
5
34
46
18
11
121
39
6
33
34
7
27
11
17
113
41
30
135
98
26
43
34
42
19
33
49
35
38
22
39
52
6
10
54
32
69
10
69
38
32
63
52
20
43
13
42
6
48
37
7
1
1
64
34
25
22
17
43
88
46
13
38
39
51
5
45
58
31
82
11
26
13
11
57
51
15
49
68
12
42
33
46
9
3
4
4
30
38
127
75
98
106
22
25
35
10
53
62
37
28
0
7
37
50
6
47
39
9
16
136
41
76
34
12
18
2
89
10
5
22
31
67
6
11
13
57
22
37
67
14
23
7
98
101
26
102
34
58
40
6
1
194
46
1
65
17
55
30
76
11
7
15
15
75
35
127
10
13
7
48
2
60
52
21
20
47
1
22
56
42
7
8
12
33
17
19
24
21
5
11
59
5
7
2
9
11
31
62
31
67
8
5
11
39
28
64
28
42
33
19
1
54
27
18
6
11
11
53
64
69
25
42
78
93
72
44
75
15
10
9
22
38
91
2
24
64
62
28
53
34
7
36
10
2
30
61
17
20
42
2
68
63
69
59
26
19
16
99
3
61
24
17
59
33
35
6
64
1
24
5
5
17
11
23
12
30
7
52
36
2
21
30
66
23
81
28
29
36
23
42
37
16
28
13
71
58
75
9
96
2
18
12
9
87
2
12
63
32
54
56
18
35
67
57
66
48
22
71
46
34
22
34
35
19
30
51
40
26
49
13
61
50
50
14
71
25
18
22
38
47
20
37
4
9
35
49
9
4
25
23
16
18
20
11
32
3
20
30
3
19
47
83
13
50
29
18
42
64
16
32
34
39
85
65
0
61
74
11
59
32
23
14
2
42
67
90
120
10
20
40
29
67
67
94
14
2
53
28
79
34
52
57
7
67
2
16
29
41
19
1
14
51
9
18
9
71
94
14
95
13
50
18
30
33
19
12
1
15
6
15
51
1
43
56
16
19
57
26
38
89
43
13
49
58
76
90
2
2
25
9
13
2
35
31
48
37
24
86
79
29
1
32
21
4
8
5
24
7
70
12
32
15
52
74
48
64
7
30
2
75
9
14
15
37
31
41
60
66
24
68
70
7
68
121
39
52
50
69
67
24
85
73
8
13
54
4
100
8
8
21
27
15
65
36
35
18
29
24
58
53
15
70
42
41
3
37
11
21
28
26
12
5
13
16
8
19
33
72
78
1
33
8
17
34
60
22
61
23
16
23
40
23
7
49
12
47
56
18
44
57
9
12
50
52
20
31
68
96
11
29
24
67
22
43
25
97
13
109
56
24
19
9
48
39
32
7
6
1
28
58
31
36
9
2
7
74
6
1
27
29
0
8
64
32
41
47
14
19
60
52
24
20
34
45
37
7
4
30
89
48
30
8
1
1
19
6
15
18
36
32
1
8
50
15
49
24
4
7
29
31
33
4
61
0
16
8
95
26
21
48
7
7
59
33
18
45
45
50
10
42
45
28
0
16
8
13
4
16
67
7
51
23
71
0
3
21
18
29
18
9
5
29
44
25
3
29
46
41
48
2
48
11
62
10
33
18
48
7
22
43
23
14
7
35
20
19
31
33
50
17
2
6
8
31
9
15
17
46
25
60
16
41
14
1
45
4
40
41
73
70
18
18
45
16
36
26
11
21
89
12
29
43
2
17
27
80
30
6
11
10
19
74
9
2
54
19
67
10
14
13
3
27
11
18
60
63
25
31
35
16
92
16
20
22
37
11
58
4
1
61
0
24
68
40
32
7
28
1
9
50
16
72
2
9
53
23
55
7
18
85
1
71
13
21
2
9
17
19
41
47
39
55
3
13
15
37
51
30
56
1
25
17
1
4
17
6
3
6
35
46
8
18
57
2
39
19
6
28
45
22
51
8
3
26
16
51
4
24
10
26
9
48
12
17
55
23
8
45
18
75
110
2
40
6
49
7
62
58
24
38
15
7
2
36
64
83
43
46
52
11
37
15
11
32
11
6
2
4
65
0
26
24
7
8
0
51
41
7
2
38
47
53
4
43
4
35
34
13
3
24
26
0
23
16
37
51
12
31
30
37
74
39
8
43
37
100
34
29
58
52
18
14
0
12
3
20
68
27
21
60
1
17
0
22
41
39
31
1
10
68
18
25
34
61
28
12
11
12
50
24
31
18
28
12
25
43
32
11
19
22
20
2
20
29
25
56
47
18
8
16
93
10
46
12
23
4
59
30
27
66
60
6
28
46
50
26
15
66
2
13
36
0
28
6
2
3
44
13
26
29
38
8
5
57
21
63
6
23
38
52
4
24
29
2
24
45
17
2
13
8
2
3
22
15
45
10
25
13
34
41
52
22
25
42
78
9
33
35
57
64
62
38
26
4
27
8
9
41
7
41
32
67
32
1
0
34
6
1
1
24
45
24
1
16
6
51
8
53
45
20
38
0
1
14
48
13
81
70
2
29
19
14
5
2
13
15
50
11
4
5
42
12
65
55
28
36
8
15
20
54
4
40
4
25
39
2
42
3
17
66
3
71
31
1
35
10
21
2
20
36
9
25
80
55
2
4
41
4
33
38
23
10
39
16
26
43
12
10
13
0
14
37
56
7
43
5
14
16
36
23
2
37
78
5
39
5
42
15
13
50
22
15
28
5
29
3
20
8
55
4
24
16
1
1
18
6
27
25
45
26
29
9
7
2
14
8
30
21
58
18
32
99
33
8
3
22
24
41
1
2
14
41
6
18
11
19
16
62
29
5
10
47
29
16
17
3
72
57
38
65
22
14
6
28
23
17
0
26
6
19
18
18
12
1
3
29
3
20
21
13
4
13
23
2
7
20
7
26
71
30
28
36
3
8
27
15
8
3
11
16
16
47
44
16
8
2
55
24
10
12
15
18
17
4
4
47
26
18
50
65
52
8
16
12
12
8
45
11
25
41
44
33
36
9
32
15
13
29
18
33
13
44
39
51
5
25
45
0
16
0
35
10
12
1
6
4
20
30
39
56
23
0
17
19
30
55
43
45
42
41
3
11
17
36
31
2
15
20
39
28
14
23
4
8
48
26
32
6
52
31
25
21
29
6
8
7
27
17
18
29
1
28
40
13
30
9
52
6
16
9
21
8
10
8
6
32
27
22
48
40
34
31
12
2
18
26
61
7
51
5
42
4
10
2
20
15
5
38
11
13
2
5
35
22
25
15
18
14
44
12
2
10
19
30
5
11
2
28
3
20
4
13
64
18
19
73
9
12
12
4
10
22
27
4
4
26
8
9
12
54
24
8
23
7
26
13
8
24
9
17
24
29
4
24
39
7
11
22
31
52
3
22
4
40
51
59
5
20
6
14
9
30
19
4
23
34
24
8
38
37
9
13
15
23
46
7
2
11
6
16
44
18
9
13
6
21
15
7
6
8
15
9
40
9
32
9
12
5
13
1
10
29
10
9
40
34
13
4
17
20
3
4
16
20
15
39
31
1
18
54
54
16
8
14
3
7
22
28
18
1
21
9
1
20
11
0
9
8
21
15
46
1
8
1
1
5
3
27
18
6
42
13
33
12
1
29
54
1
6
47
49
19
31
7
10
27
3
21
7
12
7
31
4
16
8
28
14
29
13
4
23
9
20
1
24
9
22
17
29
18
32
4
29
33
34
22
17
30
4
3
30
26
3
17
9
23
17
8
17
7
32
34
13
11
17
31
9
4
18
1
9
12
5
11
23
27
23
13
15
4
11
16
30
19
3
4
33
13
2
13
14
7
7
8
0
41
29
5
32
24
17
8
6
24
14
14
1
30
10
16
22
4
2
10
32
26
0
21
15
20
12
26
9
16
0
28
16
30
14
15
5
10
11
18
21
24
20
3
11
1
39
13
3
37
32
25
15
5
12
24
17
17
30
5
28
26
19
13
3
9
12
10
16
42
15
11
20
18
2
6
10
23
2
4
9
2
4
2
13
13
33
22
20
1
17
16
14
23
24
5
40
10
12
0
4
22
5
36
16
2
11
2
15
25
1
17
16
11
6
2
1
13
3
11
10
7
5
22
18
6
17
11
4
8
11
2
6
4
25
10
20
18
20
32
7
29
18
21
0
11
22
10
13
0
0
16
9
20
4
34
16
6
16
13
7
11
10
5
1
2
12
5
11
17
27
26
24
4
8
1
8
21
3
1
1
14
13
10
27
15
5
3
22
5
11
30
5
5
13
12
32
9
2
14
1
7
10
2
1
29
13
8
1
4
3
1
15
17
19
11
38
3
0
17
0
7
2
1
14
21
5
10
11
7
18
1
7
4
5
12
19
4
14
4
2
4
14
14
3
13
17
12
32
5
0
3
1
4
22
1
10
17
1
24
0
3
4
22
12
7
7
14
14
18
14
9
14
2
1
14
11
9
9
13
20
11
3
3
10
18
4
10
8
4
13
11
6
0
15
6
3
9
9
18
22
10
7
9
4
7
15
4
4
4
9
8
1
1
8
1
8
4
12
4
10
4
7
3
7
4
8
5
10
7
3
1
5
7
1
7
9
6
1
3
9
2
1
3
6
1
0
0
1
1
1
5
2
0
4
3
1
3
8
0
5
2
1
1
0
0
