18
21
12
34
36
11
17
43
27
35
3
37
6
10
3
14
6
60
36
20
18
20
43
47
4
76
46
11
5
17
6
26
19
16
123
28
44
16
7
7
36
48
42
15
32
22
25
39
29
9
8
6
23
6
45
103
26
33
23
72
64
21
21
37
55
98
9
29
53
7
14
43
33
160
75
76
3
1
50
13
40
29
16
4
48
45
71
36
4
73
16
48
7
34
20
78
7
70
86
3
61
67
10
22
90
17
79
63
1
27
85
15
22
2
80
24
40
16
23
72
22
125
34
43
120
70
27
59
37
60
36
57
115
112
48
6
61
22
38
75
84
55
113
65
36
61
4
125
48
88
112
6
92
50
43
2
57
14
14
32
8
135
60
59
67
75
31
84
75
40
94
24
59
47
9
60
2
34
19
12
32
17
95
56
41
75
94
12
70
38
42
26
12
12
72
28
56
10
12
44
40
8
86
25
4
171
59
30
13
8
84
8
70
11
4
11
99
42
29
42
82
49
102
137
43
116
148
80
25
24
104
12
44
15
16
6
90
36
97
10
48
104
6
29
3
7
82
93
125
62
2
91
73
44
20
40
66
84
13
29
55
25
19
86
23
36
59
51
16
38
38
13
18
43
4
17
19
23
44
0
24
112
1
9
24
8
152
19
31
48
15
47
25
4
77
112
19
119
66
40
2
12
37
2
2
45
40
81
49
2
41
107
58
14
57
6
4
77
76
34
32
7
41
20
4
47
53
45
71
29
34
21
63
10
123
4
36
72
44
51
22
29
10
98
63
1
47
22
16
60
200
29
26
75
38
87
63
67
2
76
25
98
71
33
16
4
17
35
9
16
5
17
68
22
6
26
49
4
25
58
38
93
44
47
16
16
11
26
80
87
61
58
37
48
27
55
36
50
29
15
32
20
38
74
39
56
81
56
46
62
5
49
79
29
33
7
42
112
29
98
98
24
48
84
12
38
40
49
41
104
97
13
26
21
11
47
23
56
98
18
1
114
22
35
41
12
53
18
42
11
35
11
126
62
124
47
40
93
8
4
15
6
14
48
66
29
143
54
34
15
7
59
42
10
81
69
5
13
51
27
74
49
42
4
13
22
6
66
50
85
79
10
11
37
25
129
79
73
105
27
54
53
29
72
16
15
41
62
96
50
87
34
108
0
25
6
42
3
18
15
73
11
13
69
83
95
9
38
14
34
7
15
122
7
28
54
13
14
52
23
42
45
30
35
114
56
31
6
39
71
11
26
46
5
38
91
23
6
15
40
16
68
34
16
0
84
91
24
32
31
48
194
49
40
78
122
36
65
48
7
43
16
48
52
50
3
1
40
61
30
63
39
77
84
48
12
52
40
8
11
28
5
136
21
33
45
110
29
27
104
50
79
67
61
105
87
132
113
90
120
30
32
14
78
56
8
11
52
136
18
88
31
22
22
20
26
46
100
13
1
46
46
75
18
45
37
62
65
40
41
27
117
17
10
74
14
47
45
36
57
44
90
8
62
68
45
75
32
102
46
38
36
34
79
41
4
18
19
22
2
15
125
38
105
12
19
55
12
83
58
69
27
12
29
2
11
18
34
1
23
21
59
21
120
59
19
34
37
28
5
5
2
6
32
51
125
12
44
14
2
33
82
56
64
49
12
41
67
81
36
13
31
23
6
66
40
43
100
13
56
42
17
18
56
51
101
139
24
32
35
35
42
96
27
2
1
61
43
17
68
12
80
74
52
66
50
54
22
22
20
103
35
7
155
24
1
27
11
91
22
17
10
36
62
20
34
23
88
68
19
48
48
20
23
26
54
61
74
21
49
8
34
73
7
22
91
110
27
2
4
41
13
70
62
81
13
116
9
35
9
16
38
15
87
82
63
5
20
22
44
72
19
71
16
47
7
55
14
40
12
24
60
49
103
14
68
32
73
85
115
29
68
85
24
2
1
82
36
40
15
40
34
52
24
53
65
11
85
35
6
12
6
169
19
9
62
9
78
120
5
20
26
74
41
62
60
43
29
18
10
17
44
6
30
11
62
26
65
12
26
29
100
12
31
7
33
6
44
85
123
104
35
123
53
40
7
36
25
23
2
70
55
50
32
58
63
45
66
59
57
77
27
35
0
47
67
68
24
34
45
93
29
23
48
92
19
18
24
4
29
89
94
35
21
45
40
29
54
15
82
10
72
44
4
26
68
78
55
20
108
40
71
36
12
6
138
0
70
14
14
25
116
39
43
65
40
93
22
13
43
48
31
88
9
57
27
56
50
1
23
21
62
35
10
63
43
21
59
49
46
6
8
6
47
11
22
43
54
29
37
124
83
73
23
38
51
46
3
52
53
55
38
20
55
89
23
44
17
84
70
6
4
27
69
60
92
25
54
71
66
48
120
13
91
97
0
32
49
52
84
43
30
22
23
45
19
34
24
73
9
17
48
78
45
62
9
12
52
49
11
10
47
14
55
30
8
12
56
133
35
27
62
74
122
77
79
69
10
34
132
39
16
94
51
108
18
4
57
9
28
30
75
37
7
69
3
37
2
73
59
29
13
27
33
37
36
29
48
23
64
2
54
98
56
5
20
2
39
87
51
61
83
145
35
50
4
17
45
53
24
58
16
19
29
26
49
63
76
38
11
9
9
41
14
91
39
19
25
2
23
43
1
7
120
41
13
45
4
43
89
21
28
32
25
60
33
8
49
51
20
68
75
79
17
54
50
7
127
87
2
16
41
32
73
17
91
42
19
71
134
155
59
14
13
31
38
133
87
11
13
5
22
11
26
22
26
11
20
42
1
58
7
31
23
1
72
93
79
5
58
78
12
85
31
2
35
12
6
80
17
50
46
50
26
77
36
17
12
1
20
43
41
3
29
2
1
8
45
7
12
19
34
14
23
58
36
54
10
83
64
8
43
54
95
61
33
2
73
37
11
43
69
52
107
4
21
1
43
25
10
45
12
42
12
28
71
40
127
61
23
3
34
12
25
0
9
100
3
57
18
6
49
18
19
23
42
60
98
64
48
32
23
45
48
18
41
86
59
56
15
38
18
50
33
94
85
33
30
13
50
79
54
11
11
12
6
35
75
19
21
2
107
21
34
95
15
38
49
81
33
93
32
38
45
7
26
49
95
108
76
11
24
60
9
29
23
28
48
40
40
0
83
43
6
47
61
23
6
47
4
103
20
3
12
3
59
46
54
6
19
2
29
19
110
43
32
97
87
18
31
57
11
48
3
52
14
9
38
74
47
32
64
14
58
48
50
19
69
35
6
10
4
61
4
23
11
37
4
18
59
27
75
39
4
0
37
43
22
19
75
15
63
37
15
34
21
39
17
49
18
10
63
11
12
81
35
18
51
67
4
4
16
30
61
75
79
36
34
2
20
21
60
0
39
71
1
54
58
11
28
2
60
40
25
43
149
42
51
11
79
36
8
32
83
17
33
45
11
37
56
8
14
50
99
4
28
18
38
24
80
29
33
37
0
41
14
46
66
54
50
25
41
64
85
31
28
3
40
60
14
29
69
35
36
47
1
74
13
8
8
18
15
26
6
22
26
27
10
30
39
33
27
83
80
60
16
24
48
29
39
39
68
78
9
15
63
32
59
29
23
72
24
76
16
72
15
30
16
2
74
114
18
11
32
108
19
95
68
48
1
21
11
57
59
0
13
21
38
9
14
23
0
117
76
46
75
31
65
10
39
53
20
3
48
73
7
3
26
29
5
72
33
2
81
28
20
17
28
16
9
5
12
45
4
23
71
73
16
42
7
4
30
43
25
41
3
12
24
34
58
16
21
58
46
38
28
61
83
35
6
42
99
20
4
8
81
27
74
2
5
36
1
11
5
2
22
14
14
28
66
2
12
16
19
35
48
26
72
7
99
37
9
3
9
2
44
6
86
38
9
23
0
45
54
9
30
31
15
72
19
27
21
45
68
12
38
40
37
32
30
2
80
59
20
6
18
5
53
41
19
55
20
44
8
33
68
95
33
1
16
55
27
24
9
15
59
22
79
14
51
15
8
119
25
49
110
42
52
35
4
11
30
32
48
11
33
33
5
1
17
52
29
72
57
22
57
2
57
27
5
4
14
61
4
72
48
25
34
40
26
8
3
52
35
5
57
123
28
39
102
50
28
10
2
33
31
18
9
62
30
58
47
42
69
0
37
66
26
0
35
46
14
8
35
132
15
78
61
8
5
41
7
61
51
60
27
70
40
25
29
28
55
32
20
34
25
60
14
29
69
39
0
7
22
1
78
44
48
63
22
49
15
17
34
27
63
28
40
12
7
60
65
37
65
42
62
16
5
14
16
7
4
92
41
45
26
39
67
10
20
34
30
5
3
1
47
13
53
42
10
33
84
3
27
73
7
76
54
31
56
8
46
71
21
42
23
69
68
89
36
19
54
43
55
67
23
78
65
18
33
35
42
4
13
27
32
50
51
25
4
41
33
45
66
17
16
52
15
28
14
5
7
32
61
28
2
14
43
23
40
48
39
54
48
47
5
46
18
11
5
30
36
60
24
20
13
128
9
68
2
11
22
45
47
17
44
3
4
57
42
29
24
28
2
10
20
4
16
18
81
3
28
41
64
81
13
16
104
64
52
65
45
112
8
31
10
5
45
37
39
8
69
32
53
40
23
9
12
20
1
35
60
16
75
4
24
3
30
87
45
14
15
57
44
9
2
15
54
20
52
9
41
3
19
27
5
39
20
52
66
22
5
31
21
20
63
70
29
16
46
56
1
100
23
64
12
7
11
52
14
37
19
13
32
48
30
7
65
10
121
18
1
18
22
70
26
39
11
20
59
79
38
57
34
9
8
19
14
35
2
30
55
8
63
59
21
39
26
37
32
9
15
12
7
24
8
26
4
13
38
41
17
23
31
1
3
72
82
35
54
33
50
24
13
34
1
24
69
2
64
14
58
27
29
9
19
29
38
3
35
16
70
58
43
59
4
35
33
49
20
13
121
30
30
82
3
16
6
2
36
5
69
18
90
37
22
3
27
36
2
63
41
37
7
5
41
9
44
4
38
49
22
38
41
36
67
81
67
17
19
16
26
7
39
56
2
38
24
6
14
24
25
43
7
41
31
9
9
38
59
18
43
15
61
50
17
25
2
5
74
43
60
34
24
42
27
18
8
27
48
14
17
45
43
9
33
20
7
40
1
23
84
18
59
4
67
45
53
30
27
13
13
1
46
21
37
13
42
67
10
28
19
7
7
27
33
18
14
3
4
64
40
43
30
35
15
38
33
17
17
40
88
23
4
42
35
3
26
77
58
35
6
15
12
27
29
24
24
16
31
31
4
16
36
31
25
67
20
14
2
18
59
26
55
25
33
8
19
48
58
30
18
6
17
9
12
27
31
21
17
7
74
25
46
33
9
30
44
21
1
22
67
23
12
34
15
42
31
7
24
50
49
37
6
11
55
29
25
34
47
31
8
5
14
55
97
58
15
78
41
9
1
21
10
1
19
8
19
1
30
22
27
4
7
42
25
18
55
14
67
39
34
63
10
11
24
15
18
8
3
13
97
42
10
59
23
52
19
44
77
13
31
18
18
15
22
49
4
39
3
21
5
24
5
8
11
6
11
22
25
19
41
34
21
7
56
12
36
21
9
0
79
45
10
25
50
41
16
12
24
51
19
1
19
7
54
47
18
30
20
8
20
13
4
10
29
47
11
61
5
15
51
25
29
26
3
8
14
33
36
12
38
23
6
8
4
28
20
48
38
18
20
24
35
36
47
14
76
13
16
18
27
9
47
8
18
18
72
3
10
64
10
20
7
23
29
60
45
38
46
14
28
9
56
75
3
9
23
41
10
20
9
45
13
5
24
39
48
43
56
11
22
2
75
17
55
19
26
30
74
9
29
35
46
38
88
1
29
46
47
10
14
78
18
26
28
41
49
2
13
44
3
12
11
7
17
27
28
19
4
2
38
18
13
30
34
14
32
94
5
2
30
40
22
14
42
48
12
65
1
28
18
64
23
23
12
37
12
21
16
10
22
10
49
13
14
3
51
4
46
91
16
26
11
33
0
11
33
54
17
34
12
42
0
11
1
29
40
56
35
20
11
30
21
52
4
35
10
5
49
11
27
17
7
4
69
12
19
11
49
21
29
38
4
11
19
17
32
60
8
1
30
27
9
17
12
45
2
36
28
23
50
10
6
9
40
45
1
7
1
11
17
12
15
2
39
30
27
40
36
20
34
47
7
2
34
32
55
2
18
26
57
18
37
29
32
11
20
45
4
2
12
10
50
53
10
14
37
18
4
14
18
26
11
45
15
12
0
23
13
27
12
28
55
14
29
15
5
37
8
0
14
35
36
48
0
24
12
39
23
4
8
1
23
7
26
17
25
3
15
63
42
12
35
23
3
33
17
47
48
12
11
22
3
1
26
20
6
36
11
7
7
23
6
9
36
23
17
36
60
4
25
1
69
12
7
20
7
14
48
66
12
8
38
68
17
26
4
5
16
36
11
17
31
36
11
19
18
5
9
20
3
51
61
13
18
4
8
25
10
10
40
9
22
2
50
28
31
14
9
0
13
26
11
21
14
5
40
17
7
16
30
18
34
8
28
11
25
8
4
64
9
49
17
3
8
19
38
11
6
41
57
16
21
40
37
7
14
9
21
43
20
44
6
13
25
4
11
30
25
19
7
14
28
8
14
48
64
19
3
10
21
10
13
11
2
17
33
26
3
2
12
8
57
12
20
16
17
25
20
20
54
72
20
7
29
27
3
7
1
42
27
43
20
11
66
33
18
28
20
11
7
5
14
34
12
10
2
10
8
19
9
14
11
29
16
21
42
12
4
33
40
15
24
9
5
10
12
0
24
27
15
22
25
22
28
29
13
3
30
28
41
17
2
17
27
24
14
27
7
16
15
23
10
6
18
10
36
4
8
4
13
18
33
24
39
6
50
13
14
16
7
58
22
17
23
2
8
10
1
31
5
7
19
6
30
20
0
4
34
20
2
48
39
42
16
17
6
16
13
30
24
8
19
18
5
10
2
14
20
13
7
28
8
10
44
25
14
33
12
0
13
15
18
25
30
22
11
7
31
25
6
24
39
26
12
35
1
12
6
14
30
3
35
5
7
61
20
8
7
33
23
16
10
1
36
7
29
14
1
11
7
8
18
11
8
4
21
2
20
9
2
11
14
23
11
0
8
24
20
3
46
9
16
2
2
28
30
7
18
25
7
6
2
31
48
44
4
6
14
4
10
14
21
1
23
1
27
35
8
2
4
24
7
7
11
20
13
26
1
14
11
23
37
16
27
16
9
5
2
40
1
38
16
21
2
10
18
16
39
18
10
33
46
9
20
52
10
19
8
13
58
7
3
11
8
66
10
54
11
2
26
6
25
16
13
9
10
29
24
1
8
10
18
21
8
0
6
34
18
6
31
18
19
11
25
19
3
9
17
15
27
2
27
23
2
11
17
16
18
6
2
13
15
0
14
14
22
24
18
11
0
4
11
17
14
49
11
15
2
2
26
8
2
16
18
13
31
17
51
6
3
9
13
48
11
20
1
3
2
10
13
15
20
9
16
38
7
5
10
18
31
6
14
17
29
12
7
28
12
13
9
14
3
8
14
8
18
23
17
6
29
2
10
19
6
2
21
16
20
20
9
5
16
30
0
6
9
19
8
2
12
8
11
18
34
21
8
11
11
23
1
7
4
1
12
15
1
11
9
10
15
5
14
13
21
28
4
12
6
5
10
27
17
19
21
5
3
12
0
13
11
10
0
2
1
5
10
3
15
18
23
12
15
9
23
10
5
0
2
29
6
14
14
7
17
19
8
6
2
3
15
18
1
5
4
1
11
6
18
3
5
13
13
1
25
1
6
4
9
2
8
8
6
0
30
3
17
7
5
4
6
20
0
2
25
11
17
2
11
5
13
3
3
4
2
18
2
7
8
13
13
18
17
1
3
5
0
19
3
18
11
0
12
4
34
1
8
2
4
1
5
7
2
2
4
26
3
3
3
4
5
21
12
7
5
7
0
21
11
7
1
3
3
0
0
9
4
7
3
2
14
2
18
5
6
10
1
2
12
22
3
7
5
7
11
11
5
7
5
0
1
2
2
11
8
3
4
7
4
0
1
6
6
8
8
5
3
10
3
4
4
6
4
3
5
1
1
3
1
9
3
4
4
2
2
5
1
2
3
2
4
7
1
1
2
0
0
1
1
