4
61
9
6
14
15
4
12
4
9
118
35
5
42
8
1
6
26
1
32
4
55
95
61
56
81
21
21
5
28
5
58
27
49
118
3
47
35
11
6
55
66
22
18
10
23
17
17
48
23
11
14
6
29
24
94
21
43
18
12
10
49
18
60
38
4
58
1
21
57
39
33
40
70
35
41
19
3
77
57
25
60
15
44
52
40
26
10
46
60
90
12
43
1
27
54
23
6
99
23
8
105
37
16
1
29
79
92
16
21
17
7
79
6
17
25
41
76
42
26
33
33
70
10
0
55
89
42
92
22
102
16
119
29
23
83
76
49
40
83
3
25
56
11
60
86
15
33
100
96
76
50
23
84
19
88
43
8
38
12
2
105
7
19
14
119
29
1
69
21
11
74
35
14
89
8
26
126
42
98
89
41
39
72
2
10
4
27
4
30
33
22
27
43
52
32
24
49
19
43
15
10
1
57
77
56
12
66
10
45
24
109
45
14
57
38
46
15
58
30
17
17
82
110
1
20
20
124
21
63
13
2
38
24
46
19
34
37
4
92
74
18
12
64
0
97
19
3
10
18
55
66
56
30
116
22
145
5
61
31
48
20
63
87
29
21
56
10
20
98
57
86
3
37
50
23
36
23
4
40
16
30
26
36
60
130
57
51
61
32
24
117
61
66
26
2
32
17
1
108
16
48
53
38
33
119
16
17
63
24
61
6
57
119
65
0
65
23
45
5
94
70
148
27
22
53
37
47
30
55
108
27
37
78
62
39
83
129
47
4
9
25
40
47
65
6
27
112
48
36
90
9
23
10
98
44
6
51
35
30
1
7
75
34
31
57
10
42
90
92
0
34
168
75
84
25
51
105
40
19
71
96
52
70
88
25
60
74
25
89
27
69
27
22
46
8
43
45
72
69
23
4
19
12
16
87
20
106
63
24
34
43
39
17
78
21
104
68
5
45
9
134
88
91
19
131
30
63
16
130
11
1
110
51
85
28
14
18
46
42
5
12
84
96
19
27
86
100
1
61
66
42
80
20
61
75
113
17
63
3
26
45
65
60
101
37
41
15
14
22
10
39
68
14
38
76
14
27
8
12
1
8
7
100
8
7
75
15
40
87
45
40
0
46
68
61
70
31
10
12
41
32
36
61
84
2
35
42
55
40
50
8
1
69
18
14
5
11
1
59
22
32
67
129
93
79
39
33
40
50
90
43
48
50
51
61
39
91
2
14
34
46
72
14
45
25
58
102
35
33
72
1
116
103
55
149
85
9
24
36
36
39
105
30
12
10
21
10
62
40
55
9
17
73
44
22
35
10
65
12
37
67
12
12
52
95
19
29
5
3
65
54
62
21
80
59
66
3
51
66
7
31
1
2
46
19
7
98
29
8
26
96
9
108
70
51
10
71
91
6
30
103
145
8
48
53
13
32
32
3
130
52
68
14
22
81
8
27
94
79
25
33
50
15
61
63
41
66
21
9
52
28
87
34
13
66
1
91
113
101
35
8
89
43
29
85
32
26
122
19
65
12
27
23
36
42
47
20
29
7
85
62
56
65
141
1
16
42
25
9
48
98
19
44
67
15
24
3
92
2
30
24
6
27
9
44
24
10
77
40
58
55
4
23
1
3
28
30
23
58
26
7
27
34
48
117
47
19
5
27
66
3
7
58
63
48
19
34
53
60
11
4
42
9
93
64
25
17
6
39
8
90
60
13
10
36
23
13
35
23
7
45
32
59
37
73
62
165
21
63
79
26
3
117
0
55
45
66
26
23
46
36
58
77
62
23
25
50
54
18
26
10
20
20
7
66
40
47
65
75
83
2
75
119
5
86
48
27
18
68
23
24
129
7
39
39
56
7
79
134
94
8
51
66
15
25
30
38
13
5
75
53
46
19
19
107
2
16
47
46
26
17
143
2
26
63
37
52
36
22
108
4
24
36
32
36
9
59
13
7
49
8
90
32
72
83
98
31
37
61
32
49
4
6
12
5
53
37
56
56
31
35
77
81
52
25
38
93
77
15
15
33
37
37
10
31
2
89
5
1
18
14
25
18
47
46
43
40
3
150
96
148
33
35
84
35
102
78
7
59
19
78
68
49
7
56
30
8
49
3
60
40
40
1
76
22
48
42
39
62
8
52
72
65
4
29
7
29
39
16
99
28
53
39
18
38
42
68
30
9
16
58
60
81
11
6
60
86
43
53
46
2
38
41
5
24
45
40
35
21
2
24
12
62
30
70
71
137
15
3
62
69
30
17
36
39
84
38
14
127
15
61
36
45
60
51
26
144
101
31
29
20
51
70
6
52
19
30
14
65
49
13
62
56
22
46
2
3
26
91
34
54
1
35
33
89
80
25
23
18
46
36
25
30
39
42
5
14
5
20
31
9
101
40
24
4
130
33
65
104
37
42
52
37
22
38
13
35
24
40
24
59
0
31
38
58
38
38
17
26
43
114
6
100
5
46
21
99
18
100
79
58
26
30
20
6
36
18
89
23
28
152
10
5
48
56
30
47
28
102
58
85
44
16
7
4
34
18
37
18
70
62
35
41
81
15
44
36
106
18
46
29
22
58
8
39
56
8
52
54
91
32
72
62
17
20
7
34
24
41
41
34
60
91
49
10
38
66
68
11
46
16
46
105
76
55
61
29
73
23
35
5
61
82
5
102
4
70
18
35
3
19
76
81
3
32
36
6
11
34
31
47
5
46
36
21
53
19
81
56
45
81
8
60
20
89
31
88
13
50
58
28
44
74
20
3
49
36
37
31
25
65
14
41
36
18
28
8
3
12
58
0
60
7
93
101
37
28
50
26
88
42
1
14
54
101
75
14
33
12
156
23
50
12
73
23
39
5
11
55
59
91
49
38
60
7
4
8
57
27
16
8
19
44
22
57
76
25
54
42
9
11
44
53
95
18
11
9
3
58
61
117
17
78
44
79
41
2
61
26
7
2
8
51
9
11
6
56
43
105
14
65
23
33
92
67
49
55
68
43
51
34
87
16
50
31
8
8
49
33
128
29
9
12
14
14
28
53
8
3
20
86
38
3
62
107
10
52
83
79
56
36
6
24
23
12
7
19
5
10
50
20
72
90
98
46
27
13
56
22
24
1
47
146
30
32
35
71
42
36
2
59
2
46
48
4
7
9
80
9
40
47
59
20
42
46
30
53
13
28
20
8
10
2
29
5
42
9
67
33
53
11
44
26
31
3
24
56
1
114
104
24
104
31
36
82
36
25
5
5
122
46
14
63
31
13
54
7
7
76
1
56
47
50
18
42
21
4
96
8
19
46
45
58
6
47
83
42
8
74
27
9
31
57
27
66
29
10
12
13
28
0
22
9
25
100
42
41
43
36
35
37
45
24
24
89
28
49
16
49
12
60
37
72
32
48
14
45
24
7
39
67
25
7
24
31
27
24
15
48
4
74
24
46
91
48
22
18
56
3
44
0
22
37
38
7
40
21
24
14
4
30
17
70
6
54
6
53
65
17
25
17
36
3
66
28
34
58
23
2
108
3
89
45
43
12
57
36
36
42
19
43
110
5
70
7
15
9
31
15
57
29
27
35
3
74
7
116
75
38
31
76
20
49
83
76
16
53
68
60
33
32
82
40
20
22
14
7
50
29
50
51
47
69
35
21
94
32
2
18
34
19
57
20
87
9
38
28
30
69
34
6
137
60
19
5
16
10
10
6
23
55
99
14
22
27
2
42
39
8
76
32
20
20
12
4
53
27
11
12
3
5
77
25
3
26
69
28
108
8
89
67
7
61
42
50
13
1
112
101
12
46
56
66
21
59
31
13
5
33
14
85
56
6
34
35
26
17
8
2
18
12
45
21
6
65
9
60
99
58
79
95
77
94
2
39
14
17
47
11
48
48
20
55
65
31
53
30
38
43
15
100
6
49
17
52
22
46
79
93
65
12
11
8
21
26
6
50
63
11
4
72
21
2
79
57
11
32
8
1
21
30
9
42
12
72
27
86
25
34
4
4
75
21
46
16
17
7
52
18
47
40
24
32
64
60
22
37
83
50
5
29
20
37
58
88
38
65
27
5
11
38
54
66
83
31
13
81
9
5
39
51
12
90
47
90
82
9
64
33
45
30
0
40
19
29
25
28
15
37
11
57
31
24
8
60
92
8
12
54
8
46
6
15
29
35
29
12
84
15
58
79
50
49
14
67
38
70
31
15
11
62
46
86
32
49
1
16
41
7
10
44
34
53
20
3
31
6
33
22
5
16
13
15
55
87
34
49
42
86
44
9
56
3
22
67
9
11
14
18
29
22
30
43
7
15
72
6
105
17
63
72
22
43
90
38
37
3
14
9
31
1
30
51
13
94
31
74
36
30
56
16
73
60
10
41
72
46
18
22
15
69
4
0
35
24
6
38
62
20
38
91
36
71
8
54
57
30
32
9
10
30
87
95
45
30
33
5
25
11
3
26
37
29
42
26
11
41
40
38
27
39
5
6
71
24
20
27
17
34
75
33
30
18
77
14
28
19
2
44
29
5
8
36
6
19
14
31
45
48
2
12
35
45
7
37
98
35
38
50
66
52
37
60
42
2
95
6
44
35
29
16
40
8
70
5
9
3
8
40
37
27
65
21
7
57
11
30
41
1
17
25
29
28
52
2
28
33
38
15
15
29
33
46
67
3
11
24
30
69
17
23
36
13
29
83
71
36
21
29
0
25
19
48
30
9
49
3
30
28
2
20
42
48
21
28
14
3
86
22
7
31
111
44
7
23
55
41
9
31
48
80
25
5
7
14
28
5
38
89
54
1
24
24
9
18
52
22
32
13
16
2
20
32
23
22
26
11
0
25
45
22
56
1
79
48
35
49
21
3
4
30
16
97
22
6
71
37
38
14
9
10
21
40
23
40
11
43
52
42
2
18
27
63
34
57
23
19
38
16
41
47
52
4
23
18
9
12
118
39
31
15
14
57
44
4
39
8
20
1
4
24
10
32
30
5
64
6
11
27
1
25
10
27
2
28
53
56
27
53
30
58
8
34
35
12
6
51
28
59
6
55
23
21
10
56
6
16
58
24
22
26
54
45
2
48
24
1
32
22
26
2
26
47
20
11
34
6
33
26
7
32
13
52
57
12
51
39
51
38
18
12
22
1
32
46
6
30
20
5
9
25
16
35
5
44
5
26
13
63
40
28
53
7
16
14
18
38
14
58
35
28
7
55
43
18
9
68
14
6
27
67
13
21
5
1
20
10
50
59
7
5
61
8
32
60
13
18
38
1
42
37
30
17
29
24
50
52
47
15
1
18
78
39
11
46
45
14
19
18
9
33
25
73
7
4
13
3
26
10
52
48
42
26
66
53
4
9
15
11
30
23
9
37
11
20
20
13
29
26
31
9
39
45
3
3
20
48
57
10
54
28
25
5
9
49
54
24
2
26
6
41
2
33
30
61
4
15
71
35
5
55
8
16
10
44
6
3
41
11
27
13
23
19
7
60
59
2
12
44
47
10
7
6
1
5
34
14
14
3
38
47
9
60
18
1
4
14
50
42
38
8
37
65
27
19
1
10
14
3
55
32
8
24
27
12
34
32
13
56
62
9
50
45
34
49
5
41
23
38
46
6
17
15
18
27
10
27
4
25
42
6
24
94
27
13
18
28
60
98
59
7
28
40
31
21
7
48
22
26
19
62
26
3
74
8
20
10
39
61
52
12
27
5
25
38
22
0
68
29
104
22
19
22
0
1
35
31
2
49
7
59
31
13
39
6
36
18
28
28
13
20
14
33
36
11
11
5
11
15
35
18
40
4
2
46
32
44
48
15
11
34
11
31
58
42
30
4
20
54
4
6
11
0
4
35
23
15
28
48
37
49
24
62
14
23
7
6
22
16
3
10
28
38
0
14
32
24
23
30
17
12
4
7
20
30
40
17
4
47
72
3
52
47
35
12
3
6
30
65
18
8
36
53
9
18
8
45
36
9
47
68
64
10
23
68
20
4
13
5
19
4
12
16
62
24
49
7
3
37
31
51
61
22
38
15
22
28
28
16
27
14
32
4
7
9
14
31
22
28
32
9
13
18
48
8
11
5
17
29
17
3
46
63
25
53
44
8
13
50
12
5
1
48
6
56
27
25
11
17
47
8
32
29
38
10
73
19
46
20
4
19
39
45
22
4
21
12
15
24
37
19
34
10
58
13
22
12
55
40
50
20
1
9
15
37
1
8
28
27
42
14
4
20
54
5
39
0
23
4
33
43
4
36
13
29
25
37
10
38
8
43
65
38
1
4
4
18
8
27
54
13
5
12
15
11
21
19
34
11
30
21
14
16
9
34
24
33
5
15
26
10
0
24
38
3
8
34
28
55
56
2
0
1
26
18
5
13
17
4
40
46
32
40
11
31
16
13
54
5
13
7
20
15
9
18
3
18
8
16
33
16
31
28
7
4
30
49
35
16
25
7
32
22
23
43
11
10
14
27
63
26
8
58
16
41
34
22
26
21
22
10
45
2
32
48
10
3
23
29
11
18
13
55
3
0
23
11
30
24
18
61
30
4
52
7
18
15
21
4
10
15
31
34
31
12
5
7
1
6
6
53
48
52
55
36
16
18
21
2
0
5
25
2
12
31
23
59
47
11
8
10
14
12
44
13
9
25
35
34
5
18
11
31
18
17
37
17
47
19
5
22
17
9
3
31
5
7
18
49
58
16
11
54
10
23
6
19
41
33
12
9
12
7
18
22
3
43
15
79
11
5
39
44
3
26
48
21
6
10
15
10
40
3
5
10
30
24
3
16
9
1
15
24
8
11
16
44
20
6
4
41
34
16
12
10
12
10
47
26
10
18
4
25
12
19
30
7
10
62
32
9
3
14
20
47
23
13
23
9
7
12
5
12
3
26
24
5
32
6
18
10
7
24
31
17
13
17
13
15
3
37
18
12
4
16
70
12
26
18
18
20
26
4
9
29
8
10
2
4
18
68
23
20
39
22
9
5
15
24
3
10
4
6
16
2
30
33
9
4
28
11
25
16
8
15
32
23
24
2
24
28
12
5
17
7
24
32
15
25
9
25
28
25
8
33
24
0
4
12
48
3
17
12
7
11
20
56
1
7
15
35
33
32
1
35
32
11
31
12
4
38
1
4
15
30
9
5
32
7
1
22
14
0
17
39
1
19
6
21
11
2
27
15
32
22
32
20
13
6
38
59
28
48
4
21
15
19
10
5
3
19
12
25
35
5
6
1
3
12
18
38
9
10
44
10
14
23
4
6
14
42
42
29
11
11
38
23
9
42
5
12
17
33
10
18
4
10
19
7
14
65
18
12
1
14
20
4
5
21
6
9
43
12
11
17
54
38
28
12
7
15
45
13
16
14
33
38
7
11
4
9
13
31
15
2
14
2
20
4
21
13
18
29
2
38
17
10
16
12
22
1
9
6
1
14
8
11
0
3
14
10
5
12
26
10
10
21
5
16
7
5
31
14
2
40
11
33
21
35
27
28
24
19
14
12
14
53
4
7
4
0
16
24
14
16
7
34
5
17
8
23
14
38
21
26
27
6
13
15
23
6
15
10
10
45
1
33
20
18
4
0
41
21
10
5
8
3
21
1
18
14
42
9
2
9
26
6
9
9
5
12
16
24
17
31
24
8
15
13
22
24
24
2
8
16
1
3
9
22
13
36
7
19
11
10
28
2
16
6
9
15
21
29
6
23
10
18
30
2
16
4
14
9
50
17
3
17
12
10
1
13
7
7
2
12
8
2
20
7
3
36
12
6
3
5
23
6
24
5
12
4
4
14
2
27
29
1
7
4
8
12
5
21
17
14
6
22
3
31
9
22
13
3
9
5
13
14
14
1
16
7
16
2
2
7
2
2
13
6
4
7
2
6
18
12
4
3
1
6
3
3
4
19
6
0
4
1
11
6
4
27
1
6
2
13
2
6
15
8
3
0
7
0
15
5
25
6
14
3
10
3
12
8
3
3
7
5
1
15
5
5
3
5
13
1
5
12
4
1
9
15
12
2
1
3
6
3
14
26
6
14
3
7
1
4
1
11
0
4
4
10
3
10
3
9
4
28
2
3
20
14
9
6
5
1
12
6
17
8
3
3
22
12
1
1
5
9
8
1
8
3
12
1
1
6
1
10
14
4
2
4
9
4
2
3
6
0
7
0
9
4
2
1
6
2
2
1
1
13
4
3
1
2
3
3
2
0
2
2
0
5
3
2
0
3
3
2
0
2
