2
7
14
20
8
21
26
53
6
9
3
17
3
26
20
58
36
47
19
1
33
19
5
3
18
133
5
123
55
79
40
112
46
11
31
10
8
40
80
19
13
8
12
31
19
45
49
38
9
33
4
98
33
84
7
7
44
53
149
0
117
28
51
53
18
52
61
72
1
12
46
67
71
52
45
69
43
61
91
36
9
18
74
20
27
18
21
11
45
28
81
56
51
38
23
103
28
35
62
49
6
20
13
12
48
94
8
67
21
30
2
39
79
8
69
38
48
42
82
81
34
5
38
27
1
61
78
129
95
37
50
40
12
29
12
84
37
6
13
5
118
12
100
8
50
51
5
46
77
56
35
6
38
7
62
67
6
18
34
28
80
54
22
72
55
5
96
12
55
39
26
43
121
5
8
48
43
80
36
43
54
33
35
20
41
9
38
41
122
82
64
58
40
61
23
38
7
102
43
6
11
42
7
91
81
19
41
72
41
111
2
9
10
114
75
99
7
60
5
23
124
60
129
28
3
20
37
160
2
77
1
63
130
146
83
31
28
56
54
67
48
44
13
89
16
15
31
11
4
152
2
8
4
45
46
12
75
79
11
53
10
16
53
27
31
45
8
115
4
39
107
71
31
98
49
74
54
76
98
3
31
7
43
17
17
11
22
54
5
62
58
26
76
25
31
84
147
10
163
74
82
70
92
22
24
89
39
5
8
59
72
92
81
4
45
39
118
43
72
28
28
133
80
39
34
32
13
14
5
51
67
87
24
58
3
13
6
100
1
55
16
66
10
18
6
43
54
39
16
82
47
47
65
120
59
51
4
37
20
72
42
52
32
66
9
1
1
5
6
9
84
66
23
39
94
22
91
58
11
34
121
118
17
7
111
69
1
126
16
60
27
10
31
50
53
41
55
63
2
28
49
4
48
80
57
23
1
81
39
156
1
8
53
92
1
80
57
15
54
19
70
51
58
48
32
14
22
54
65
47
42
27
42
17
75
95
52
118
46
80
14
57
96
84
64
21
35
17
138
28
6
25
27
24
57
11
26
18
71
37
40
24
0
26
80
55
83
2
102
88
2
11
9
33
75
40
37
69
80
117
74
39
30
5
28
33
72
41
28
34
45
50
2
62
20
27
30
13
52
74
38
65
7
23
89
45
30
1
60
39
50
78
55
32
55
56
79
75
32
66
116
60
35
26
42
1
32
60
7
69
61
23
56
28
83
12
45
37
46
67
7
21
35
142
3
8
3
20
46
60
70
80
5
19
9
17
60
13
137
79
65
44
20
31
8
62
52
16
32
65
48
15
30
22
35
35
28
67
38
59
131
53
19
113
84
23
11
12
3
25
10
1
21
44
53
93
66
13
0
22
93
1
17
55
29
42
93
29
102
44
79
40
15
11
47
11
112
53
17
98
74
48
67
5
6
46
37
122
39
3
19
55
80
41
63
55
15
31
1
27
24
82
35
32
1
116
13
6
26
66
8
32
46
128
53
21
62
59
64
6
10
16
109
3
63
50
42
72
18
18
47
21
40
9
51
36
111
23
3
50
9
76
10
26
87
12
33
32
26
80
35
22
64
37
15
7
28
56
2
15
97
69
32
54
56
0
59
41
39
63
41
34
47
22
40
25
17
18
15
79
2
8
18
29
54
36
33
3
8
9
12
3
54
13
13
27
5
58
13
87
48
57
49
112
64
59
29
71
68
12
19
68
120
64
31
37
20
32
8
77
59
13
106
16
8
129
3
83
41
93
26
65
78
0
111
8
116
25
46
2
48
58
104
28
1
5
9
51
5
84
30
34
2
30
37
13
103
122
22
15
15
35
3
42
18
18
70
33
3
114
67
137
6
6
51
21
170
53
22
51
49
1
8
95
12
17
33
37
7
71
31
69
75
84
5
58
95
34
2
5
49
14
29
13
35
50
8
121
2
49
34
18
28
52
67
60
102
17
52
50
44
6
35
37
54
4
120
40
49
34
75
28
5
25
17
41
44
45
62
49
78
29
43
42
31
48
1
31
64
7
6
13
147
24
41
37
49
70
36
16
22
23
51
5
69
7
36
76
100
35
76
19
45
2
13
44
38
120
106
7
57
135
32
10
5
35
66
70
14
54
23
43
27
5
36
140
77
50
31
16
25
75
39
20
36
26
1
98
68
8
92
36
13
3
155
12
19
52
37
35
72
5
75
6
141
24
10
1
13
36
43
10
66
52
4
96
20
57
66
39
108
34
18
60
34
18
37
41
46
18
7
45
65
60
49
114
10
20
33
33
45
56
57
11
22
29
28
105
51
18
5
29
21
62
33
50
67
68
34
95
28
67
17
4
20
24
47
28
93
86
38
49
32
22
8
31
25
42
55
103
65
22
13
75
54
5
61
12
50
77
35
40
56
51
42
46
22
64
38
97
30
33
21
2
54
19
10
73
17
48
18
10
95
40
26
95
28
61
36
20
20
45
62
15
84
7
48
46
39
43
68
4
61
26
43
48
29
27
110
37
67
1
20
24
15
47
32
57
31
26
38
25
5
21
68
47
29
20
28
3
3
27
10
54
33
15
76
53
8
56
16
60
8
33
58
5
24
9
7
32
53
0
60
16
51
0
117
138
45
40
50
0
128
8
48
43
16
11
8
100
62
48
18
21
110
11
4
104
12
63
28
0
1
102
1
28
4
8
49
43
75
26
57
20
10
49
51
29
0
61
79
21
6
33
73
15
34
43
100
60
26
22
50
26
62
21
15
31
41
54
84
0
43
30
6
10
23
31
12
34
11
3
23
58
54
2
2
78
50
9
51
2
38
56
7
31
41
47
67
111
33
15
34
8
8
64
27
29
33
39
32
92
38
1
12
3
59
43
4
28
61
56
16
30
71
3
13
81
4
84
9
52
14
21
0
18
31
33
6
76
8
94
42
34
19
108
39
8
28
73
5
8
79
76
25
94
20
13
79
16
72
1
61
68
16
20
72
27
17
20
32
30
50
48
2
11
2
30
1
110
32
12
15
59
128
8
43
27
32
22
31
23
25
30
4
9
131
29
46
10
19
80
16
2
16
25
21
7
26
106
53
50
70
22
48
41
17
18
7
48
107
58
27
24
4
28
57
47
59
37
21
85
25
11
97
22
120
99
16
0
11
38
49
28
101
68
47
49
90
7
15
98
65
5
45
16
2
12
15
41
87
0
0
17
13
53
9
29
62
53
37
75
22
11
4
34
88
9
22
25
46
27
35
31
19
95
43
10
56
16
110
13
32
122
100
32
30
63
39
75
65
3
12
110
59
105
18
2
81
5
46
17
28
67
74
43
5
81
68
17
28
34
88
69
129
19
6
66
90
98
36
21
36
14
46
43
41
36
41
53
28
25
87
42
17
1
111
4
9
71
21
11
67
29
22
5
22
7
15
6
8
20
1
46
6
2
78
52
51
44
48
37
19
50
1
31
39
3
85
35
47
14
53
26
1
17
40
40
77
2
36
6
67
117
22
10
5
27
1
46
92
32
41
26
31
26
12
26
66
79
0
19
43
10
3
15
18
29
81
22
42
37
79
11
0
8
12
40
47
27
74
6
16
15
26
76
60
3
92
6
7
20
37
6
11
1
49
57
41
61
78
12
25
31
25
30
67
61
18
75
24
28
4
3
22
4
131
6
6
14
64
56
37
51
71
13
12
14
15
30
40
9
66
3
28
33
8
24
37
38
25
9
41
22
2
16
92
24
61
22
19
69
74
28
9
37
9
10
10
57
35
5
12
24
30
4
2
45
31
77
66
34
7
18
9
47
7
25
23
13
4
65
25
29
61
5
31
98
3
37
90
5
22
2
12
42
15
39
40
34
24
93
13
4
34
68
17
40
88
38
8
23
30
47
11
47
12
20
62
46
24
21
4
40
31
22
30
34
2
59
17
0
42
59
35
63
59
61
43
45
13
90
14
33
13
5
93
24
31
12
31
65
61
50
33
12
61
47
26
27
23
39
14
22
44
65
40
13
31
29
34
19
17
51
78
5
77
38
44
22
11
13
23
30
22
11
5
32
61
66
47
11
8
85
3
8
61
48
40
44
8
7
16
26
8
1
24
43
57
34
5
44
78
57
26
86
26
4
7
9
80
43
4
35
121
11
43
43
1
100
21
46
7
19
12
6
34
5
70
8
51
75
49
9
29
10
32
3
42
19
15
13
60
81
18
39
8
18
35
98
50
82
11
19
5
61
1
30
39
34
30
14
39
41
36
37
99
102
38
6
81
27
75
19
28
40
87
60
1
4
45
30
38
18
37
32
43
1
22
25
15
18
82
21
43
37
12
48
25
39
31
63
22
101
19
57
12
3
26
53
30
17
38
45
11
27
14
56
42
37
67
56
9
16
45
11
43
23
58
79
58
74
34
38
42
37
84
13
42
10
48
42
15
17
34
52
35
89
29
45
63
28
81
0
46
27
5
79
64
25
32
10
59
21
16
22
54
54
24
27
63
1
2
22
28
5
77
74
51
34
64
11
33
40
26
49
63
24
3
12
101
15
55
32
1
14
28
37
76
17
24
20
12
17
7
64
29
16
10
54
35
25
27
10
24
17
41
29
8
23
34
10
63
53
35
52
47
25
31
77
13
23
31
28
21
48
29
10
26
39
27
61
13
2
45
59
92
21
37
8
38
11
34
39
21
2
41
25
65
92
37
47
20
38
32
1
11
17
31
21
44
24
2
6
1
3
63
12
43
56
48
7
17
27
24
30
9
68
60
5
9
61
5
38
62
4
13
17
21
47
40
31
28
34
29
56
32
45
5
23
39
49
54
3
3
32
16
101
4
21
14
28
4
10
8
0
83
69
17
23
13
27
18
46
78
30
1
7
54
9
18
26
20
12
20
37
37
23
28
5
18
12
23
91
36
26
4
2
42
16
8
17
23
28
40
23
53
4
24
18
18
34
1
7
36
18
30
8
71
51
27
5
46
6
43
36
9
34
57
32
16
19
8
81
29
68
105
72
79
109
8
16
8
60
43
10
4
21
7
32
28
24
25
16
8
34
13
37
80
21
7
18
11
10
11
47
8
11
58
3
43
9
33
1
9
35
51
2
50
35
4
32
15
57
3
22
56
11
5
16
30
5
24
13
39
3
30
6
10
40
5
65
3
31
16
15
35
14
39
23
34
31
25
57
3
33
14
29
28
43
2
19
34
2
5
70
72
26
13
22
66
26
48
3
16
19
17
34
15
78
1
19
5
14
31
54
21
19
7
7
51
8
25
77
30
5
65
50
48
10
28
57
76
40
29
17
12
35
0
38
11
23
25
67
20
0
2
19
2
15
33
4
43
66
36
21
23
11
33
34
58
91
2
33
49
34
5
32
49
29
12
22
29
51
54
38
32
3
27
13
8
39
43
17
6
6
30
13
35
0
49
6
38
34
9
10
50
2
41
2
70
39
39
22
30
11
36
9
1
11
17
90
6
2
10
48
13
19
16
43
45
8
38
2
38
12
38
71
24
36
5
12
0
21
63
47
49
21
12
6
9
6
25
20
11
8
29
34
4
0
46
2
7
9
9
4
34
17
47
12
46
19
7
9
14
46
89
21
27
14
40
41
15
17
26
28
18
8
24
8
46
11
49
76
7
25
29
8
12
46
3
15
6
55
22
34
28
44
11
9
10
22
2
28
8
11
40
29
13
29
4
33
17
54
20
31
56
8
2
35
47
24
34
49
9
3
44
5
40
47
12
24
70
20
10
4
2
48
19
10
49
42
38
7
1
9
6
66
45
16
2
37
51
30
21
8
65
9
0
8
43
39
46
16
3
16
16
62
6
5
10
29
37
18
38
2
40
3
51
32
1
51
58
6
6
6
65
18
42
9
45
5
55
2
10
22
39
10
13
40
39
48
8
4
35
28
88
52
15
23
20
37
8
12
36
18
26
20
52
30
19
11
8
21
28
54
27
43
8
25
13
4
40
9
70
52
85
52
32
20
38
25
11
25
23
10
65
32
40
21
6
6
23
1
8
20
44
19
35
14
6
54
12
1
1
4
19
3
27
40
2
56
1
7
1
37
19
14
20
45
5
20
22
1
62
22
17
19
17
57
11
3
6
37
57
58
4
27
2
16
49
11
17
14
14
15
18
45
27
5
18
5
17
29
34
5
9
9
32
14
17
18
16
46
98
7
13
5
17
82
12
29
28
31
25
5
5
14
16
38
27
64
51
7
42
39
20
25
15
2
21
8
16
13
1
16
57
22
24
6
24
28
13
24
67
21
34
6
40
5
47
14
2
12
21
92
34
38
28
48
2
9
6
27
10
2
51
5
10
2
19
23
33
17
1
49
32
38
14
43
22
43
21
30
1
11
9
16
33
29
9
23
6
1
18
53
28
66
2
54
23
25
2
3
21
28
52
0
34
19
9
18
4
3
20
3
37
33
36
24
54
9
13
17
3
42
20
26
48
18
25
14
30
13
3
5
63
50
53
15
41
28
3
81
15
18
52
33
11
2
38
38
16
12
6
44
27
19
14
42
48
12
2
22
32
25
14
4
4
13
34
24
15
4
1
40
6
4
27
29
2
39
3
7
75
24
20
24
33
44
4
22
25
23
11
8
30
3
24
19
32
40
30
33
11
34
10
19
19
15
10
27
23
16
11
11
24
30
22
10
1
2
41
13
25
11
43
20
26
54
42
12
13
21
31
42
8
38
59
48
6
12
15
13
10
15
34
11
22
14
2
45
18
14
53
26
2
6
18
32
13
23
31
60
0
17
13
15
9
14
26
21
17
5
16
14
39
14
17
13
20
39
39
21
29
47
39
9
17
49
18
29
5
7
7
42
43
8
5
1
6
35
14
26
33
27
25
12
34
37
25
45
8
30
3
2
24
16
30
15
46
7
22
29
22
23
26
20
21
30
6
30
39
19
7
29
26
14
16
22
13
25
13
36
26
5
36
15
36
2
75
42
15
38
0
3
19
36
18
24
16
16
32
6
33
12
3
1
18
15
0
16
1
13
40
3
5
15
17
24
21
9
0
57
5
16
16
35
12
1
14
17
12
1
13
17
36
28
26
57
2
41
3
43
3
38
41
16
23
12
20
34
21
40
4
0
3
6
33
11
20
25
41
13
2
8
21
48
2
0
14
6
37
20
15
15
8
49
20
2
34
3
24
7
5
33
8
13
3
32
18
68
25
12
3
19
1
8
11
7
25
31
28
4
55
11
18
46
35
26
25
17
8
11
5
6
17
5
6
33
22
8
5
11
26
8
3
20
2
8
1
31
16
8
33
36
4
3
28
7
12
21
4
15
2
14
31
36
24
29
14
10
28
20
10
1
15
47
2
14
4
12
9
2
9
5
9
28
9
2
10
40
28
22
5
9
37
13
20
3
2
2
9
9
12
7
66
18
0
32
22
27
30
6
31
8
12
8
16
3
15
0
8
2
2
24
4
41
23
12
2
12
19
9
2
2
12
31
7
35
11
27
2
9
31
2
5
19
17
3
13
3
19
4
4
25
17
5
3
8
9
2
6
24
37
21
13
18
37
14
6
8
25
17
3
6
2
17
14
19
10
10
21
4
12
1
36
6
30
29
7
1
7
27
43
4
25
2
12
5
19
29
7
21
4
8
9
18
31
9
5
18
10
3
26
12
8
6
11
13
34
20
1
2
10
9
10
3
11
8
1
41
19
10
34
3
9
3
0
13
19
15
30
2
0
17
4
14
1
10
15
25
38
7
25
20
8
6
12
5
3
6
1
21
1
9
5
7
6
22
12
18
22
25
25
5
7
12
12
6
2
12
9
1
13
22
7
16
21
12
5
18
5
12
4
25
28
1
6
1
8
20
16
14
16
3
20
6
6
6
11
7
6
1
5
10
6
28
2
9
16
9
5
13
30
5
15
17
11
6
4
30
7
1
16
19
17
14
9
18
1
1
1
10
14
3
8
13
17
0
4
14
4
8
9
19
5
1
9
3
9
14
6
17
17
1
1
8
9
3
4
1
1
6
14
6
7
1
26
15
7
26
4
15
4
3
2
10
7
1
9
13
1
1
9
13
9
4
2
6
17
6
11
1
8
16
0
3
5
1
7
11
2
15
3
0
7
0
7
11
7
5
1
5
12
3
3
8
3
4
10
12
2
7
10
7
4
11
1
1
8
2
3
3
3
16
5
3
1
8
9
2
7
8
1
5
4
3
0
6
7
5
7
5
10
3
3
1
1
9
1
1
8
3
2
0
11
4
2
5
2
4
2
2
5
0
3
1
0
0
