37
50
2
2
23
23
68
53
2
101
90
42
27
77
6
4
15
3
43
35
1
19
105
8
12
16
58
24
22
41
69
2
43
39
8
30
46
27
38
23
6
139
106
24
27
48
83
79
40
123
64
43
36
24
74
97
12
35
62
14
38
14
7
27
51
32
29
48
3
12
24
61
64
28
36
52
29
68
19
49
32
46
69
51
34
86
30
51
64
20
60
33
47
30
59
66
28
64
8
12
60
76
84
70
80
55
10
15
22
24
6
24
32
30
33
48
14
107
32
141
61
14
39
59
18
9
132
84
18
66
44
82
86
10
23
56
27
63
29
97
133
7
5
12
7
32
47
10
96
21
150
85
125
45
17
35
48
79
11
9
62
48
68
1
22
24
8
20
77
66
56
27
57
29
4
88
100
47
47
13
51
48
41
4
45
64
12
98
13
27
2
46
25
69
5
33
125
9
22
10
42
37
83
9
101
40
53
48
91
26
61
0
21
75
58
8
53
82
64
155
8
44
97
18
49
4
32
50
84
10
75
76
1
13
122
95
9
48
11
2
8
27
28
24
95
49
71
55
94
27
13
45
61
45
21
7
60
2
88
130
104
46
77
41
42
22
5
31
2
59
16
68
6
47
29
117
37
26
2
14
90
84
35
32
64
33
14
37
2
21
73
78
18
3
74
3
1
33
26
24
16
57
16
40
18
48
44
24
52
48
1
115
26
36
88
11
48
20
75
13
51
106
88
29
10
32
10
13
88
68
23
46
48
7
55
107
30
42
30
37
33
49
124
35
92
39
8
22
40
87
33
11
43
23
11
52
102
28
52
22
25
6
111
41
133
9
61
86
24
43
45
86
119
47
75
71
87
46
41
21
47
23
41
24
69
33
33
7
2
42
39
88
145
18
65
27
95
7
8
40
13
110
53
36
21
65
87
49
3
81
26
90
29
51
42
40
31
62
88
23
93
28
59
102
97
38
6
24
86
14
2
65
87
34
49
75
32
80
77
55
49
31
19
34
31
10
33
46
4
27
59
57
53
1
7
34
23
88
34
19
17
45
79
69
79
83
35
7
56
40
22
43
55
57
46
33
165
43
48
19
9
67
36
33
64
17
53
35
12
52
4
40
41
48
98
21
8
7
97
83
3
10
33
37
50
97
55
63
9
154
112
29
27
33
31
28
3
41
76
39
18
25
34
61
23
4
31
20
98
91
54
66
46
118
24
20
13
48
50
62
28
112
31
36
52
8
129
36
3
48
10
38
11
18
8
31
32
7
59
10
77
63
5
79
12
37
11
34
26
20
34
7
21
1
19
15
107
55
34
83
61
38
2
145
136
51
5
159
60
77
87
23
48
24
28
117
17
22
38
60
43
48
13
58
76
64
2
35
141
0
65
15
13
83
77
17
10
5
88
9
55
26
45
4
17
89
92
15
74
53
30
36
187
43
55
50
49
8
19
103
36
102
14
29
33
74
25
42
9
90
76
22
76
16
51
38
42
1
40
26
88
1
32
11
59
42
4
84
69
88
18
27
8
38
26
15
77
75
13
19
52
118
15
27
11
84
94
33
39
118
59
22
4
40
38
98
24
63
19
117
3
47
10
21
5
0
39
39
84
2
19
100
69
32
20
51
66
101
34
59
14
35
59
67
35
3
47
19
41
32
10
39
12
17
34
62
58
15
22
93
107
110
73
13
73
10
91
109
47
33
91
13
1
7
47
76
16
18
13
41
98
42
33
40
33
2
9
12
11
71
63
79
63
19
9
23
27
8
60
88
22
42
44
46
64
98
48
72
14
23
14
112
14
39
69
32
83
72
83
25
37
80
11
26
4
5
46
105
97
44
69
96
3
66
29
5
12
0
43
53
25
6
44
13
47
7
63
22
32
93
43
35
25
41
12
79
127
60
134
35
38
50
26
60
19
56
46
8
23
63
62
7
24
33
12
86
54
78
37
31
40
40
3
39
59
68
15
105
91
39
41
63
53
11
90
81
20
63
64
53
59
13
0
20
7
16
36
33
27
35
14
21
41
30
72
22
117
12
59
13
37
4
4
11
2
57
46
51
57
45
41
3
24
25
23
16
10
13
9
26
23
5
76
10
0
38
16
91
30
16
83
56
68
108
62
34
120
38
87
35
64
7
4
41
72
75
33
40
46
83
31
63
28
42
33
75
34
5
26
29
12
36
41
16
15
56
48
105
33
17
20
6
62
56
87
34
23
40
24
6
10
15
6
10
1
51
6
26
31
52
16
65
32
18
54
12
32
31
38
55
32
8
93
10
84
9
51
86
80
3
29
26
35
84
37
34
52
2
11
9
3
43
116
15
12
97
17
29
23
44
37
71
42
7
69
40
36
64
3
28
2
14
38
3
77
5
32
15
77
22
31
46
8
4
65
28
24
6
6
7
29
117
31
92
13
74
21
31
42
37
86
5
34
23
31
15
70
95
110
12
16
98
15
62
15
20
28
32
39
15
11
135
5
119
31
44
66
75
50
104
79
15
2
72
71
95
110
22
119
110
27
9
72
52
157
76
50
62
29
1
126
67
49
19
58
8
28
25
0
15
32
37
3
37
3
100
13
16
138
57
41
51
10
18
37
4
31
17
11
8
91
47
99
59
47
47
2
23
25
15
10
15
35
93
76
41
74
55
59
58
88
13
21
25
90
76
47
47
52
12
13
96
22
24
15
72
96
24
33
36
47
10
35
20
17
41
7
42
66
69
64
27
65
79
21
28
71
7
43
62
38
106
45
30
54
7
5
3
26
39
48
22
32
7
77
25
28
36
86
38
2
44
37
117
26
39
96
52
50
30
3
15
48
27
58
45
62
42
33
32
35
22
21
11
10
37
56
39
5
7
42
64
30
64
4
13
17
59
13
60
28
52
70
63
49
37
13
11
19
66
33
40
13
27
40
10
7
68
17
15
51
34
66
13
8
45
48
52
25
22
93
19
3
57
102
46
25
16
74
6
13
9
37
26
30
50
9
17
17
58
37
22
18
24
24
19
19
80
2
23
2
1
38
9
12
32
27
13
29
28
28
13
93
32
68
60
10
28
17
77
6
8
77
28
61
34
27
51
58
43
117
39
34
22
42
26
91
34
55
91
108
53
11
69
41
47
89
2
108
2
10
6
58
45
8
19
86
5
6
108
20
21
63
87
21
3
102
32
13
46
56
25
29
7
42
39
97
16
26
11
43
31
24
49
0
104
32
4
40
0
83
26
51
65
24
10
8
60
56
5
52
15
2
64
23
18
23
6
43
37
54
55
33
7
47
79
77
111
18
17
7
28
70
32
51
10
5
98
7
11
61
12
7
28
26
46
2
28
34
5
20
99
0
60
27
75
39
6
74
55
9
14
19
43
57
36
11
10
73
48
23
8
67
2
120
19
47
43
25
17
2
14
105
30
71
69
31
23
80
51
116
18
2
34
6
6
12
7
90
14
59
51
5
9
50
18
12
36
4
15
24
4
1
34
17
73
84
43
118
36
9
0
2
65
36
82
13
59
84
3
71
12
34
60
28
35
56
9
47
25
71
36
17
14
35
6
6
25
8
10
31
3
60
8
10
3
48
84
67
75
26
6
12
128
28
43
50
33
43
30
46
18
1
42
29
3
1
13
36
18
18
10
74
25
39
58
26
27
101
13
15
35
10
16
2
7
43
13
33
35
73
82
29
26
55
5
134
35
77
28
60
44
43
33
14
42
14
41
33
67
85
46
10
4
23
55
43
17
9
66
37
13
66
96
69
82
52
43
43
6
50
95
7
22
79
25
4
9
50
69
17
185
32
42
60
53
62
11
10
35
11
21
55
8
3
59
85
8
53
6
137
79
35
72
22
4
43
64
9
17
1
78
2
30
35
32
2
15
52
37
16
9
7
69
60
6
18
39
107
71
55
37
5
86
25
7
19
29
54
14
12
63
1
48
36
64
37
10
58
20
48
34
47
31
28
72
30
114
106
36
3
32
11
64
62
11
82
73
63
62
55
37
7
25
50
19
9
1
23
24
84
31
41
45
5
35
73
45
49
25
44
51
13
29
44
3
8
61
40
37
55
28
20
43
43
18
5
0
36
19
43
51
40
101
25
19
35
4
39
43
41
47
4
73
118
3
29
28
20
4
53
5
9
6
8
16
34
3
39
2
63
46
51
35
1
52
3
24
15
36
40
62
35
66
20
3
5
27
48
3
19
16
7
1
10
52
49
20
18
36
42
17
3
30
25
13
11
62
50
13
38
21
51
31
68
23
5
74
87
1
10
21
18
27
8
12
22
4
92
32
9
17
30
3
89
11
10
10
38
16
17
0
17
2
73
26
18
41
32
52
38
9
37
65
25
88
3
30
9
61
18
20
46
7
5
0
64
16
9
71
67
44
44
66
20
61
14
56
71
28
20
13
4
70
32
11
43
15
54
9
14
34
18
34
46
29
21
45
47
10
54
17
85
45
110
8
18
25
20
63
39
38
56
28
28
48
10
23
60
47
84
24
83
9
25
33
7
59
70
44
18
6
88
23
4
10
22
16
27
20
47
43
28
38
40
1
63
3
46
12
15
27
25
9
2
65
75
48
19
53
75
5
23
25
0
34
16
12
17
22
9
17
10
8
53
42
52
6
40
68
85
11
48
56
50
7
15
109
44
88
17
5
89
27
75
73
36
5
30
4
46
28
24
24
24
48
16
6
3
91
41
44
22
40
19
18
10
26
22
3
1
1
47
40
14
56
50
2
35
26
15
57
39
19
58
14
13
28
4
17
22
49
53
48
23
8
53
46
40
25
32
26
40
43
7
9
24
9
21
59
24
20
19
32
6
14
33
68
11
1
10
42
22
65
51
10
7
29
33
1
10
23
63
24
4
41
22
42
35
3
48
37
14
4
20
37
61
13
13
14
14
12
18
55
81
30
19
69
35
19
8
25
66
32
5
32
19
45
33
44
2
41
5
16
12
5
7
20
4
5
30
32
18
30
55
78
4
56
8
41
19
4
27
49
15
1
45
18
26
12
52
35
24
33
42
16
4
48
12
54
5
35
6
44
15
44
54
1
26
67
14
30
8
27
25
21
14
6
1
7
32
52
28
46
36
10
67
13
30
20
67
20
25
25
31
9
4
29
55
15
69
11
75
12
10
52
19
60
40
67
2
23
15
40
39
18
3
19
38
25
3
16
40
7
18
44
2
24
49
16
2
8
13
27
41
6
19
16
58
18
7
15
1
25
23
9
4
50
62
23
27
7
3
10
24
24
7
19
12
25
27
9
31
28
42
1
15
13
37
23
36
17
1
58
11
59
11
26
5
41
11
14
1
3
52
28
110
86
48
39
20
3
33
0
4
17
19
15
29
8
0
7
42
42
28
16
34
2
22
45
48
17
112
29
19
44
33
58
28
8
19
2
48
9
19
20
39
60
29
12
28
23
5
14
3
0
32
70
17
30
6
12
11
18
18
27
27
29
31
61
34
27
19
30
36
36
52
28
36
21
18
93
5
7
5
5
15
17
46
53
120
61
14
5
2
5
37
29
79
27
15
19
29
20
29
46
23
13
65
63
44
11
36
42
6
31
64
5
43
45
6
24
4
29
25
12
70
57
41
10
6
34
54
31
51
3
37
66
43
16
23
3
37
0
40
32
5
47
2
17
17
78
16
2
18
3
6
8
20
64
34
21
14
26
35
37
7
28
82
15
35
15
35
10
14
49
46
18
18
2
13
11
6
37
59
14
78
30
82
2
14
44
27
84
19
62
8
1
30
1
21
16
18
28
83
3
0
30
6
19
47
32
59
12
17
1
51
59
5
16
19
8
40
21
12
20
23
20
8
25
13
52
63
22
16
3
16
35
12
41
53
7
18
19
23
18
9
5
25
3
52
3
13
17
84
46
18
27
33
26
4
56
7
2
38
29
24
47
9
46
1
31
5
12
16
28
54
24
31
28
14
36
18
3
23
44
5
23
17
7
32
21
3
65
49
17
23
34
24
21
99
33
35
64
31
9
45
40
7
30
95
13
24
38
10
25
8
29
45
8
33
5
1
26
9
17
29
43
45
10
4
25
27
35
32
48
43
45
12
9
27
16
72
30
25
3
47
36
27
76
28
23
80
18
25
4
38
25
4
24
16
20
5
17
14
47
6
29
12
14
6
40
18
6
41
30
20
36
32
23
37
11
34
8
53
22
4
11
2
44
5
28
32
28
27
7
44
17
31
19
6
2
18
78
12
28
13
18
24
22
36
11
17
23
28
39
7
49
9
54
46
8
6
22
9
2
25
40
20
30
24
15
32
5
23
74
25
19
33
19
7
3
25
52
3
32
58
57
1
14
39
11
6
56
14
24
26
83
24
19
28
86
23
0
38
7
18
28
25
42
48
22
4
35
24
12
31
17
106
30
23
5
78
18
39
73
38
4
33
37
15
26
42
51
54
3
6
44
24
1
4
41
65
15
1
24
11
27
37
3
3
25
8
14
16
27
25
18
33
32
18
5
7
52
54
6
57
30
42
23
9
39
16
2
34
13
29
13
6
28
34
17
60
8
12
31
9
37
26
21
27
12
15
36
18
17
4
58
9
20
14
36
24
29
33
19
12
6
35
7
28
30
1
2
10
16
14
6
17
15
25
38
24
20
36
16
13
22
30
25
43
34
39
0
3
10
27
15
37
7
21
23
1
1
3
27
45
22
23
2
34
38
34
17
20
7
1
5
10
10
14
63
9
36
58
1
10
27
14
15
13
41
13
17
54
10
20
4
57
1
17
33
4
33
48
57
13
20
0
18
11
12
4
5
17
30
4
7
4
9
11
4
15
59
29
9
17
13
11
11
25
46
6
21
34
5
1
5
5
32
4
16
26
17
29
28
2
10
28
24
39
4
30
2
7
1
33
27
25
34
6
29
0
17
21
24
37
54
23
18
50
2
23
21
41
23
12
39
25
21
8
22
15
11
23
21
0
22
4
37
16
41
13
12
44
25
18
46
49
0
23
5
22
40
29
15
27
6
17
8
30
1
0
5
5
18
19
17
40
32
1
24
18
5
72
9
15
18
41
1
29
44
24
9
5
20
35
15
9
4
4
14
15
6
14
21
10
8
2
38
48
8
2
15
6
38
26
10
16
22
18
0
28
17
13
1
2
27
49
16
18
8
12
42
12
3
9
18
14
29
7
5
17
39
3
12
21
15
1
6
14
14
8
13
6
3
3
27
3
11
43
10
15
51
25
13
41
17
4
3
11
45
1
2
9
0
52
14
12
9
6
8
50
5
2
21
22
30
19
3
5
1
12
20
2
2
25
26
7
43
9
4
12
8
13
5
30
6
30
22
26
17
7
14
35
9
1
5
8
15
28
26
11
5
16
14
46
15
3
27
10
21
29
35
2
16
5
35
7
10
3
19
7
0
19
5
5
21
17
3
28
35
1
13
19
0
25
27
13
32
8
11
3
26
10
25
9
0
11
5
10
11
3
24
3
12
9
11
29
12
10
3
24
9
45
41
15
25
1
17
28
3
37
5
18
5
23
33
1
19
19
22
2
2
11
10
3
23
16
17
6
16
10
4
31
2
5
5
10
9
26
29
13
27
27
18
26
32
12
12
9
11
19
18
3
21
16
17
6
3
13
20
14
20
5
11
2
10
15
21
2
9
5
28
30
15
13
3
7
39
8
17
0
11
7
20
11
10
30
10
6
22
0
9
16
2
9
5
15
11
14
16
7
3
7
35
16
7
1
6
2
2
21
3
27
27
17
16
13
4
8
5
8
9
12
12
5
7
7
25
1
4
13
33
14
10
7
14
0
8
1
18
4
13
20
10
17
20
1
21
7
11
12
8
15
3
2
4
10
1
16
16
25
7
26
5
23
2
13
10
6
20
0
23
7
1
9
2
37
11
9
5
2
18
16
8
9
21
9
14
17
13
2
0
10
13
6
10
7
13
2
18
28
7
23
15
26
19
12
8
4
5
9
37
22
2
2
6
24
10
21
2
1
12
4
38
4
3
3
16
35
13
6
11
9
6
3
6
2
20
1
8
9
11
4
4
8
11
11
7
13
6
5
18
4
2
22
4
6
8
6
23
10
1
6
8
11
5
22
5
5
5
1
6
11
12
6
7
0
10
0
2
22
6
16
7
4
3
7
0
4
11
1
3
6
3
3
3
9
0
9
4
8
2
1
6
3
12
9
9
2
1
4
2
8
5
12
3
11
3
4
11
1
10
4
1
3
1
9
4
4
4
5
3
2
2
2
4
7
1
2
0
3
1
1
1
1
0
1
1
