0
32
12
9
71
40
33
6
3
15
5
52
13
23
44
29
0
3
15
12
15
11
42
14
22
19
28
29
42
19
23
35
33
98
12
20
54
7
19
22
124
10
179
28
40
3
70
75
33
61
3
153
46
19
41
12
48
9
28
24
52
44
63
38
9
49
9
20
18
16
8
35
17
71
14
49
28
39
38
26
39
19
23
1
61
135
7
10
70
46
2
86
206
20
93
27
44
20
97
0
40
5
33
35
95
15
17
43
79
12
33
23
20
22
52
13
47
31
29
62
86
44
49
10
103
65
74
100
103
49
15
122
4
111
15
32
60
16
140
20
29
8
49
112
58
11
64
22
27
21
35
77
66
12
7
33
62
31
12
4
53
40
44
76
56
71
92
13
24
41
6
9
133
145
45
66
70
5
5
43
139
57
30
111
54
58
73
57
49
120
141
6
8
8
62
35
17
29
9
85
8
14
9
45
117
114
55
108
66
44
70
33
117
19
25
28
26
9
15
109
54
49
11
44
58
26
3
73
49
42
14
2
18
96
60
89
50
8
8
19
55
44
44
19
27
108
63
6
29
26
23
13
4
6
27
39
32
48
19
38
33
31
2
0
19
85
34
5
1
37
41
17
20
48
33
14
36
86
21
51
11
124
77
49
24
73
24
48
48
66
68
26
50
126
7
46
42
90
25
14
16
11
36
16
108
102
12
96
34
39
114
81
78
105
18
71
37
8
33
17
83
65
60
58
28
90
22
7
7
20
72
35
13
53
8
35
122
36
52
5
7
84
25
28
2
64
71
50
5
60
74
44
11
31
28
18
18
132
112
30
7
30
1
36
44
7
52
8
22
9
43
68
43
46
46
132
52
33
103
76
45
41
23
29
52
23
2
2
13
58
34
56
2
56
30
25
60
85
41
21
21
33
93
39
2
56
18
27
43
47
90
47
16
18
146
38
120
6
3
50
33
2
99
10
2
32
31
32
57
53
82
62
16
70
34
104
56
11
99
1
37
100
12
0
21
64
41
7
101
57
55
16
135
75
40
17
11
69
30
87
24
20
18
27
9
1
40
63
41
35
92
45
29
58
45
89
8
65
78
3
2
83
12
20
9
120
10
32
50
9
25
128
28
15
111
35
147
94
65
11
38
15
64
68
58
73
69
36
66
38
45
90
33
14
85
41
42
85
119
4
70
23
57
2
56
73
35
3
7
54
52
2
20
8
32
78
18
41
34
52
25
24
34
31
23
25
7
34
9
23
57
124
64
33
38
58
32
54
46
15
33
67
11
15
44
6
3
33
19
37
87
24
46
42
59
43
14
93
38
102
21
0
31
59
15
74
34
117
28
75
22
23
50
93
61
107
16
24
46
16
25
30
57
0
11
7
22
89
58
24
28
45
7
21
20
58
41
42
57
21
26
10
33
34
15
72
56
49
2
92
20
25
0
9
66
85
29
64
39
2
44
55
18
111
82
98
49
24
58
23
41
78
37
23
39
79
54
72
72
43
62
9
140
83
50
11
89
27
31
52
66
70
33
20
5
49
17
55
57
9
10
2
29
48
88
26
59
58
88
29
47
27
76
12
37
35
1
23
82
19
16
120
54
37
45
43
45
36
85
16
11
19
45
50
78
12
9
32
32
10
13
74
74
62
28
20
29
10
50
55
10
52
5
83
74
25
91
5
47
27
26
79
12
32
45
49
123
9
109
23
13
0
52
15
51
68
30
59
81
44
78
112
15
2
32
114
7
33
35
50
12
13
110
28
56
23
19
119
18
4
30
12
38
115
28
9
6
17
35
16
0
43
33
13
16
38
11
29
24
10
31
42
81
80
43
66
19
35
16
32
102
49
42
61
145
120
49
65
57
78
71
50
26
6
43
112
36
65
29
71
28
60
17
105
34
19
72
64
66
12
38
13
61
3
21
10
14
33
57
64
13
1
35
13
35
26
77
64
56
26
7
12
1
23
20
66
40
4
47
10
105
40
84
8
55
66
70
7
65
15
29
70
16
47
48
67
22
140
91
4
20
21
70
38
46
69
2
65
46
61
101
56
7
15
24
9
1
30
15
17
62
70
47
11
3
46
100
38
11
35
25
65
79
28
89
41
1
61
20
10
47
38
6
20
14
91
15
21
50
1
10
42
89
33
26
40
47
25
2
15
11
9
73
39
64
1
53
108
16
49
23
36
43
61
16
13
20
8
22
97
41
26
5
9
98
66
27
30
15
51
68
65
40
46
41
14
135
46
0
30
54
25
3
57
61
38
0
53
33
16
22
7
19
67
16
3
12
37
2
59
18
46
25
63
18
18
4
46
16
19
22
14
21
102
63
78
57
35
30
5
26
25
42
14
20
54
87
15
55
14
61
49
65
12
116
60
13
11
29
34
1
41
71
8
19
60
9
89
21
13
46
74
84
29
3
39
27
86
23
31
15
17
32
24
62
138
23
93
67
19
27
106
12
19
73
5
65
114
6
61
26
39
13
18
71
15
30
32
12
56
109
1
39
6
73
88
2
25
30
74
39
98
27
22
60
25
11
0
38
61
46
90
50
102
35
3
48
14
3
19
9
16
53
56
6
51
24
4
11
38
74
22
18
74
71
128
65
91
1
34
112
45
43
16
68
15
13
29
40
2
18
9
26
40
28
2
62
66
57
74
41
73
8
40
40
18
2
20
10
1
5
16
38
87
53
77
1
61
17
23
5
52
35
14
36
11
76
45
36
26
10
32
0
5
14
91
35
51
48
36
7
39
36
41
43
5
7
19
0
20
80
102
6
66
31
25
66
20
11
36
4
47
36
41
60
34
4
18
44
14
5
6
41
12
33
91
70
41
60
0
25
17
24
75
34
121
2
14
2
37
3
20
42
27
7
33
26
43
4
18
112
1
73
24
50
24
57
13
27
50
46
14
93
17
66
30
104
8
67
5
92
16
44
32
25
51
27
14
46
40
52
12
17
65
123
2
45
23
99
14
88
20
10
57
34
44
8
3
22
2
20
18
118
17
10
13
89
74
76
7
84
39
141
36
52
3
31
49
4
53
161
50
20
23
7
128
48
20
55
28
11
42
80
14
42
36
36
32
30
2
22
15
35
14
4
10
33
16
4
39
8
24
87
15
2
54
19
14
34
44
15
63
34
4
55
49
81
46
61
26
6
17
14
9
29
39
67
43
13
6
4
12
45
37
103
31
8
22
1
97
1
60
7
22
6
44
35
29
84
8
2
41
47
58
4
82
43
13
18
26
5
41
57
77
90
56
36
21
65
95
18
14
38
23
7
60
47
21
15
9
50
8
74
22
137
19
5
4
45
35
13
9
78
22
51
35
2
50
20
26
28
118
34
3
24
56
20
15
52
51
12
31
29
38
36
6
8
12
11
32
53
7
8
74
13
35
10
117
53
36
35
15
84
82
2
24
12
31
29
55
39
17
24
60
36
14
72
65
21
2
3
11
0
33
113
2
43
36
32
17
55
4
78
37
35
3
22
29
62
31
15
27
11
97
10
33
13
53
64
27
39
24
49
36
4
51
0
57
110
39
5
120
65
8
8
15
9
5
75
21
57
42
90
118
30
64
29
26
37
41
5
59
44
3
14
82
6
20
45
5
81
11
5
12
20
32
15
110
34
38
4
56
83
12
52
66
36
88
33
30
20
1
3
3
4
73
29
54
10
42
3
52
29
40
3
14
56
96
69
6
60
12
6
17
39
41
16
25
100
34
16
12
6
12
9
37
21
10
80
84
35
32
6
36
30
67
57
51
21
14
45
45
3
26
35
47
12
5
43
8
22
5
48
35
28
42
53
9
56
18
24
38
48
14
28
25
35
43
41
23
10
10
39
57
33
53
86
21
5
35
104
23
37
80
41
37
35
36
32
66
15
15
37
36
20
77
6
71
4
13
48
91
42
28
42
31
3
24
31
10
6
57
83
47
18
21
23
34
46
75
10
4
25
42
0
10
58
31
55
28
14
53
65
48
3
1
16
11
103
6
26
139
92
54
27
16
44
92
5
43
34
20
14
47
27
12
16
36
9
67
47
17
20
22
34
70
28
7
17
26
41
17
56
16
42
30
89
3
24
2
45
27
26
14
29
44
4
30
63
19
44
61
39
78
5
24
31
29
68
8
21
65
133
70
12
1
34
34
12
3
51
4
3
10
27
57
6
33
12
13
70
86
13
64
13
33
69
18
39
5
38
32
32
57
10
81
22
10
41
44
33
1
36
38
54
44
9
24
30
48
60
13
25
23
74
10
41
47
46
25
27
65
15
29
64
6
91
36
82
16
31
65
10
46
38
39
27
56
8
4
27
58
36
39
34
10
29
12
44
29
49
12
39
24
8
7
4
32
11
12
46
53
28
17
61
17
88
25
29
70
60
55
15
35
16
50
9
10
49
43
6
71
6
17
10
16
45
57
12
12
52
22
24
16
20
20
28
43
14
19
21
51
46
3
21
52
23
16
33
1
62
69
52
15
20
12
43
8
17
1
23
41
47
10
12
18
1
16
12
21
79
32
101
16
15
12
55
72
33
13
16
29
5
34
42
1
7
9
44
40
80
68
27
2
74
31
55
43
28
2
16
68
58
35
48
26
35
18
56
37
5
26
6
15
15
25
2
26
5
51
13
28
0
25
19
25
44
10
26
20
63
19
69
12
10
14
19
37
42
69
51
10
33
17
46
57
44
36
20
48
21
81
60
11
36
40
33
0
12
29
55
24
1
43
18
1
58
14
6
45
1
6
51
26
36
9
20
41
9
10
41
44
10
100
26
52
51
6
9
3
6
3
73
15
27
36
19
58
37
20
23
23
28
17
5
29
57
2
17
82
66
13
29
44
29
13
16
33
74
10
34
5
9
41
90
22
3
46
20
54
105
10
58
28
2
1
106
30
16
29
0
1
23
74
16
55
7
4
13
31
16
93
42
9
65
29
11
20
55
25
10
17
41
44
12
61
11
109
30
66
21
4
61
7
5
15
44
73
11
14
25
4
56
44
32
3
32
9
71
8
57
21
22
17
20
10
69
51
13
41
2
13
38
44
18
28
19
1
101
44
72
78
43
42
13
27
32
3
2
11
64
20
23
52
2
40
19
3
31
57
34
22
11
30
43
6
54
6
11
4
31
46
46
17
55
50
84
9
44
46
2
45
3
35
17
8
27
15
12
21
45
30
19
40
30
13
2
7
10
33
42
9
5
48
1
1
6
45
21
0
29
51
25
2
18
21
58
41
49
28
80
11
8
54
27
28
4
28
14
45
11
19
7
5
51
21
28
40
33
4
0
8
53
5
39
11
54
11
24
58
22
51
29
48
62
35
39
41
1
11
3
62
60
56
37
31
23
5
44
28
33
33
49
79
60
7
16
28
21
8
14
35
24
59
37
23
41
36
57
20
15
11
6
14
6
65
21
8
26
5
66
9
27
51
59
18
52
18
5
27
41
50
2
34
36
42
14
73
26
26
2
6
46
25
7
31
13
43
30
18
5
12
17
70
88
35
39
9
34
11
47
30
17
21
53
13
45
79
6
9
28
13
9
12
70
52
19
92
51
44
28
10
31
21
2
8
37
0
28
30
24
45
58
10
14
1
21
12
58
22
6
45
8
12
29
8
41
5
83
39
10
21
46
30
26
8
15
31
31
7
21
54
9
28
3
72
15
23
6
3
18
94
57
20
4
78
12
8
38
14
75
56
6
60
71
38
18
13
60
14
7
4
34
6
31
12
19
48
2
58
66
1
21
13
1
76
29
35
14
5
75
17
67
36
15
11
16
59
0
27
50
38
14
18
5
13
4
11
45
15
6
9
15
54
4
22
25
18
4
52
43
37
33
33
7
27
18
16
2
13
49
14
4
1
2
14
15
51
31
39
13
84
2
89
17
21
8
46
45
37
94
19
62
11
13
5
30
25
0
20
41
27
30
12
26
4
29
5
41
9
3
61
4
51
36
14
32
8
21
25
25
6
69
3
79
39
9
4
29
42
40
7
20
28
40
33
11
14
31
27
35
39
9
17
10
9
39
7
7
37
32
15
54
19
27
10
23
26
70
18
15
33
25
4
18
11
9
51
18
27
18
52
13
26
11
61
21
4
20
6
21
24
78
50
10
31
33
14
67
19
28
67
42
0
38
22
7
5
23
10
61
11
28
1
39
14
35
80
6
22
51
34
12
31
23
11
20
7
56
41
25
28
7
32
31
13
42
5
58
38
17
17
28
22
9
30
10
22
26
41
114
51
27
12
54
8
22
8
28
106
54
42
45
50
25
28
24
12
6
45
18
58
4
7
30
14
48
8
2
29
41
6
25
10
20
4
2
36
50
12
20
29
47
26
38
23
10
37
30
59
23
47
25
4
16
25
14
13
13
1
5
24
22
21
8
30
33
17
6
38
33
10
31
25
44
7
16
12
19
56
14
15
4
14
8
30
23
3
40
33
9
26
6
61
1
17
5
39
20
25
43
34
35
20
20
49
4
31
45
14
25
11
10
38
27
28
10
18
7
14
14
33
21
2
25
28
21
7
1
11
30
0
38
31
9
7
2
11
19
47
29
11
16
39
0
29
23
14
33
10
37
12
29
13
9
30
17
25
18
34
30
29
18
13
2
14
6
21
20
42
13
3
12
30
17
27
28
12
0
27
2
7
5
12
29
51
27
9
9
29
19
1
25
39
51
16
31
26
15
36
2
46
20
47
34
53
45
20
29
34
40
37
0
1
28
21
8
16
13
24
3
51
25
4
14
10
18
3
34
38
4
29
32
0
27
3
67
2
35
10
1
12
34
45
2
21
9
27
32
30
28
28
1
32
14
27
1
42
19
19
13
8
30
34
18
6
36
42
13
38
71
17
59
36
9
10
3
7
33
14
13
6
43
19
49
29
34
7
24
55
16
36
25
21
6
9
27
10
12
40
39
6
41
20
10
15
6
16
3
60
73
3
17
29
13
0
33
17
12
56
7
32
3
9
28
38
2
11
39
1
32
1
26
12
9
17
28
34
18
14
24
6
21
6
22
59
33
11
8
4
0
25
33
3
14
18
14
5
36
1
27
39
7
21
20
10
30
13
17
26
9
26
25
3
37
29
14
12
10
20
11
19
16
15
2
8
0
39
16
13
13
34
14
14
22
44
36
4
21
11
59
20
10
19
23
1
26
22
6
19
31
22
5
36
25
12
9
12
16
45
21
3
13
0
25
13
27
31
14
25
10
37
17
21
22
12
4
15
18
4
6
17
12
8
21
27
38
8
2
8
23
10
43
5
52
7
20
3
19
28
6
24
36
50
0
48
25
0
8
10
39
19
27
56
1
4
2
33
41
26
13
3
40
12
14
15
0
23
8
23
6
28
23
14
18
16
8
38
1
7
19
18
8
21
14
8
16
10
0
16
6
22
11
11
16
19
23
15
30
16
16
23
15
27
7
2
3
1
19
10
15
17
17
28
24
9
19
54
18
6
4
2
4
22
19
11
3
4
7
11
20
19
15
13
12
4
8
5
13
9
13
57
7
16
4
52
24
21
11
9
23
34
19
5
2
8
4
25
14
6
6
6
17
16
19
21
45
5
9
42
22
22
16
3
10
41
10
13
24
1
6
1
37
16
27
25
5
26
18
1
6
22
3
1
12
20
1
10
27
10
0
1
15
43
24
1
23
15
11
3
17
27
11
37
9
12
17
4
13
21
29
3
12
10
36
25
13
19
11
11
23
5
5
6
25
20
1
7
12
4
8
27
3
12
7
4
8
1
1
5
11
31
13
30
0
13
6
17
42
9
11
22
9
11
3
7
20
28
2
14
7
6
1
4
18
11
4
2
19
1
18
3
1
17
21
28
10
2
4
1
3
3
10
18
8
15
0
3
7
17
6
3
3
31
3
10
13
2
5
10
9
16
2
1
3
26
8
23
12
1
2
3
1
2
13
22
2
4
2
34
20
1
4
4
14
3
3
24
7
2
3
4
2
1
2
12
6
13
3
7
5
4
4
0
0
20
15
7
1
10
2
16
4
6
5
11
6
5
12
6
3
23
7
28
8
36
31
7
4
8
2
13
7
1
9
15
0
7
17
8
11
4
8
20
13
9
9
6
8
3
17
2
14
4
2
13
13
5
23
11
7
10
3
5
1
5
3
15
2
13
6
7
14
1
3
4
2
3
3
1
4
8
4
11
14
3
4
4
7
6
6
2
7
1
14
6
1
5
1
11
13
2
4
5
3
5
7
4
4
0
3
11
7
2
5
0
0
6
1
1
8
5
4
9
4
0
5
0
4
1
1
2
4
1
5
1
1
0
1
1
