6
47
48
4
25
27
36
36
51
45
5
3
78
10
56
14
41
16
53
79
1
19
14
29
42
42
15
72
4
29
73
32
65
16
15
1
26
6
34
26
79
63
33
15
10
2
121
45
3
30
23
25
22
12
15
50
16
27
27
116
35
45
16
51
63
45
41
22
79
39
44
68
8
34
63
27
3
49
16
39
9
12
53
83
29
104
20
0
80
7
121
56
9
114
8
46
47
44
4
30
20
19
37
43
32
80
18
63
48
87
33
50
31
3
41
97
72
42
34
2
39
7
13
67
18
33
35
64
34
5
25
97
10
8
23
2
47
84
88
8
6
95
104
20
31
155
6
25
47
29
27
45
22
45
128
90
28
23
51
68
13
98
51
71
1
1
13
11
3
32
17
19
24
136
38
30
19
147
53
25
86
37
100
46
62
164
116
37
6
29
58
123
56
11
38
65
95
48
19
33
35
80
41
1
5
63
4
2
16
82
100
99
12
37
33
32
19
55
52
26
120
52
126
108
1
50
47
7
22
50
79
29
1
78
6
32
39
91
23
74
37
23
13
9
74
41
4
57
123
40
62
113
13
2
38
68
17
1
144
35
78
11
48
14
93
6
22
33
53
42
23
85
35
50
38
12
82
40
51
71
11
7
4
16
21
10
56
72
69
36
52
40
31
26
14
33
35
40
50
20
17
5
39
29
60
93
5
26
58
6
64
89
67
25
62
39
4
92
35
26
6
36
65
82
26
21
70
94
67
75
134
5
2
90
81
51
62
81
3
5
92
0
52
9
32
127
50
25
148
114
72
9
60
66
106
72
54
30
49
19
52
8
19
63
38
26
27
45
153
14
20
82
78
124
7
64
42
74
0
19
47
9
9
4
23
75
61
38
91
19
47
52
57
27
70
13
29
50
43
83
27
21
40
24
20
33
81
44
20
21
43
5
12
6
13
41
8
105
17
25
16
29
36
39
66
35
81
42
66
2
58
66
2
44
1
60
72
41
61
35
139
95
13
23
39
9
6
20
51
41
30
41
49
99
39
30
38
68
44
39
29
89
28
22
67
8
16
8
27
21
74
84
101
36
19
92
83
14
2
94
54
20
76
4
47
30
72
119
9
138
46
92
47
107
48
119
45
45
92
109
89
12
31
26
29
79
34
151
95
2
65
24
13
67
75
5
10
55
101
2
1
17
22
13
75
13
30
9
1
26
31
29
46
28
31
12
50
25
70
43
10
15
12
60
27
14
9
45
53
48
28
5
19
29
89
23
11
16
1
11
8
64
48
12
84
84
93
9
29
123
23
1
19
26
73
45
80
13
38
143
52
97
14
14
32
2
116
95
72
18
46
5
109
16
71
57
11
116
37
1
19
11
1
80
41
21
40
89
59
66
23
13
21
37
44
24
6
47
13
2
21
17
1
6
45
34
31
15
17
18
31
23
170
10
5
22
44
35
51
1
55
7
29
16
39
17
9
66
40
75
60
65
64
42
48
20
23
84
32
18
28
87
116
73
12
71
8
41
16
9
27
44
9
20
44
64
57
42
54
19
71
19
64
117
51
25
16
56
50
85
80
64
0
25
68
7
11
3
31
12
31
48
34
24
5
90
16
79
143
97
74
74
2
102
82
39
57
49
68
34
47
29
30
37
12
21
44
68
22
3
11
142
35
4
19
5
107
21
104
16
107
128
79
58
32
79
37
32
28
39
99
80
4
54
51
101
79
93
6
72
45
75
36
21
64
65
24
91
42
151
76
62
47
43
6
47
61
44
31
21
15
11
17
46
79
113
32
2
15
76
27
66
56
75
26
21
21
80
64
108
8
7
55
85
160
34
37
56
33
27
25
74
64
9
0
52
25
103
35
81
35
24
65
78
42
1
45
49
4
87
109
82
19
40
7
74
65
25
55
67
37
32
83
66
116
1
41
7
30
34
41
3
23
45
44
11
30
33
14
48
3
31
13
11
16
31
39
12
88
4
12
30
8
12
74
50
16
29
8
2
47
38
104
1
72
40
32
143
17
51
75
2
88
70
49
56
88
19
23
16
14
44
90
55
8
80
10
31
18
106
18
6
69
96
88
38
129
5
53
11
45
52
47
38
31
21
29
25
2
17
29
57
9
102
8
55
30
109
108
32
37
28
48
20
4
50
93
88
2
103
78
19
19
53
30
21
31
18
34
10
29
18
8
54
25
30
71
29
58
48
23
29
56
18
51
44
77
4
59
25
44
11
71
73
96
2
25
27
28
72
122
33
48
56
53
9
14
30
36
5
6
29
18
101
75
37
7
73
120
56
46
34
70
9
72
18
13
38
23
10
7
11
44
66
72
32
21
15
30
8
13
30
4
90
45
61
106
12
20
18
29
7
4
12
70
57
1
63
21
16
36
36
21
7
1
20
92
62
14
91
2
30
42
45
41
21
16
38
24
62
99
63
90
78
113
26
1
6
46
11
41
7
66
2
18
12
114
100
77
6
25
24
13
29
49
22
45
40
116
27
75
27
9
8
56
160
56
0
17
38
21
21
55
109
44
152
45
39
56
43
73
21
68
62
11
41
13
68
3
35
136
11
42
96
35
95
10
2
3
104
5
38
38
35
9
13
30
38
63
9
94
29
19
4
95
79
22
29
26
82
54
87
81
37
4
36
30
15
9
31
84
68
28
35
11
15
15
100
40
0
12
118
9
22
35
35
38
57
70
10
4
51
12
65
84
8
56
15
42
35
79
25
36
63
6
14
23
53
36
0
58
84
10
25
59
15
10
46
2
8
7
2
7
86
7
5
2
6
35
127
3
72
62
3
123
54
39
139
17
43
54
35
46
114
3
1
45
23
63
15
34
14
20
15
4
30
71
35
96
72
20
21
81
12
33
97
38
5
8
45
3
64
48
17
86
1
71
67
75
34
47
16
48
30
3
10
30
52
25
7
11
81
30
36
15
44
35
13
9
22
41
34
33
96
2
61
26
12
67
38
19
5
100
93
28
22
8
27
32
1
92
15
63
2
63
38
83
77
13
30
88
23
81
73
85
116
24
8
53
11
57
152
46
30
101
44
17
19
16
9
47
51
30
26
28
7
39
52
73
36
45
15
19
47
31
67
126
4
11
18
11
2
72
99
50
48
62
88
35
11
10
5
34
63
38
16
28
53
12
101
25
14
18
4
46
12
88
24
4
1
67
39
18
24
52
22
68
66
51
27
45
41
56
20
40
54
40
32
2
12
41
58
12
97
46
10
71
31
50
3
93
8
25
39
39
43
43
4
13
2
91
12
27
13
41
65
74
64
4
93
36
43
35
3
52
87
114
83
19
123
7
100
3
96
45
43
34
2
8
58
10
17
3
9
83
85
22
12
36
21
55
51
35
12
37
42
62
24
3
39
4
49
23
45
73
43
1
21
28
3
69
2
40
2
25
18
40
24
42
36
3
37
31
14
88
22
6
8
40
0
19
5
20
19
42
34
36
44
5
8
51
19
20
11
76
35
49
28
82
45
13
50
14
19
32
58
8
75
101
99
34
123
71
10
13
45
34
22
3
14
25
6
36
102
25
56
76
84
25
13
44
3
28
72
23
103
41
15
60
30
67
2
39
4
50
26
50
21
27
27
18
44
22
109
30
40
43
0
101
27
12
26
28
27
68
28
6
11
42
33
77
16
3
33
19
79
16
31
32
89
26
30
42
106
20
4
14
8
7
102
39
59
30
75
9
7
72
18
1
29
6
31
54
52
12
50
30
37
26
107
77
96
9
40
6
8
95
69
53
41
16
72
55
62
74
4
62
47
9
91
74
8
66
6
15
18
10
4
10
80
39
64
29
29
13
19
13
56
36
14
52
30
34
13
67
94
10
87
9
7
21
70
40
5
70
35
72
45
48
35
33
12
57
10
69
44
7
53
14
11
27
11
37
20
10
16
51
45
65
32
36
103
27
32
5
25
53
69
28
46
13
10
88
7
26
25
55
68
53
83
33
15
36
29
70
43
41
9
7
46
12
24
45
12
9
70
34
48
43
5
42
37
43
51
23
66
0
48
8
12
27
35
27
1
29
13
5
14
49
76
33
80
10
2
27
60
51
7
44
20
9
99
55
40
1
6
4
49
121
60
70
8
60
5
36
12
1
30
38
32
6
53
19
77
22
80
18
5
8
18
16
35
38
5
30
43
109
38
49
28
0
62
12
19
11
23
18
3
14
11
14
118
21
0
66
26
54
23
68
62
10
77
6
25
20
23
28
4
6
87
27
56
105
50
22
1
2
16
66
20
34
23
91
17
95
123
3
38
74
48
51
15
4
22
8
35
3
22
20
13
63
22
37
14
12
10
55
15
40
16
41
33
57
11
28
17
27
58
70
28
9
67
21
41
52
15
18
56
23
48
85
54
47
9
47
76
39
30
14
101
20
13
26
15
3
64
57
24
35
36
34
78
70
73
50
19
15
67
27
20
53
6
17
9
28
24
9
18
26
16
85
53
6
8
20
35
17
19
19
66
10
15
48
28
49
39
77
38
31
4
0
73
6
24
34
40
12
0
55
95
23
6
16
53
11
79
19
22
76
24
90
9
32
80
46
24
25
2
54
28
28
17
58
5
26
15
48
11
11
29
10
6
27
27
39
17
36
55
21
48
4
22
28
22
3
12
16
24
49
24
8
0
24
53
11
66
13
37
76
31
49
34
18
55
16
33
44
18
1
38
9
18
1
6
73
81
10
3
22
25
21
51
26
5
30
58
74
8
11
36
56
16
10
15
80
1
15
19
76
12
13
21
63
18
14
22
45
23
25
17
14
7
10
81
59
21
23
18
30
31
74
14
45
24
7
47
7
30
1
36
39
32
79
65
44
2
46
22
93
41
17
17
56
6
41
62
18
7
35
10
105
23
61
18
0
13
13
15
29
18
16
85
30
25
79
3
61
14
7
6
25
10
60
81
4
21
21
22
49
46
32
7
16
34
22
55
52
15
35
43
1
31
23
16
4
16
23
21
24
38
28
20
33
2
14
25
37
4
22
89
0
94
1
29
62
17
102
9
12
33
19
12
46
33
12
33
19
27
39
20
26
44
31
38
28
22
7
16
45
40
4
3
57
66
54
22
38
53
40
57
3
30
95
54
15
14
40
26
10
39
22
31
77
29
63
12
24
4
83
1
37
61
22
8
13
39
23
95
14
9
56
34
85
74
70
23
26
11
13
6
18
5
9
101
9
6
39
6
50
19
23
4
22
7
2
16
22
14
3
37
37
60
51
39
48
12
9
9
28
0
13
5
7
36
38
66
17
14
30
50
52
20
12
47
19
33
105
43
33
27
37
75
108
70
8
8
2
43
64
29
8
1
30
32
2
14
36
31
3
21
16
39
12
26
9
34
20
31
2
15
58
54
11
28
25
40
46
41
49
14
15
1
13
14
24
26
59
52
54
44
49
63
55
38
13
19
25
33
7
37
13
0
12
67
13
26
9
60
68
57
63
1
18
22
4
31
33
5
22
6
30
14
9
29
60
3
51
11
26
20
7
12
12
22
62
9
57
5
87
31
36
61
14
19
90
22
43
20
36
43
40
8
8
5
24
14
25
21
36
19
2
62
57
2
1
8
37
48
34
19
4
20
4
3
58
55
15
50
8
10
2
22
34
34
64
13
58
8
24
44
15
61
21
49
9
12
41
12
7
13
68
19
5
50
6
28
5
9
28
30
11
8
3
36
20
32
13
11
37
4
49
15
39
17
26
32
12
57
30
29
5
1
25
35
32
48
42
4
15
20
25
92
37
13
23
41
55
33
6
1
12
30
21
20
45
4
32
62
50
13
37
43
17
71
15
10
17
20
23
26
33
28
3
85
19
47
16
30
56
9
18
57
28
35
73
4
22
7
3
3
21
49
13
47
20
69
45
5
35
47
24
24
105
22
86
26
73
1
63
27
39
22
0
35
33
15
29
21
9
24
7
2
20
13
15
19
9
17
71
31
14
11
40
1
31
20
46
16
38
11
69
18
46
28
38
4
29
25
5
17
26
37
34
39
2
15
6
2
23
2
34
22
20
69
16
28
23
15
5
9
4
11
5
22
45
12
15
26
13
28
51
17
5
0
10
17
5
62
12
39
2
58
16
12
3
26
16
33
21
36
67
35
22
8
75
26
6
9
14
19
61
18
11
27
30
13
12
48
64
5
31
5
5
2
6
58
1
26
22
28
26
21
14
4
40
20
10
1
4
37
35
33
43
15
38
39
29
14
54
37
48
67
56
1
9
14
25
20
43
3
5
41
8
4
79
24
27
15
32
27
24
17
6
10
4
34
63
13
37
39
29
21
54
11
14
2
11
23
32
36
22
57
45
32
45
3
19
54
1
3
11
20
54
45
11
48
11
2
13
22
20
29
10
3
15
19
49
9
64
37
22
49
38
7
7
3
13
30
9
49
3
28
41
35
27
62
30
13
5
1
4
40
9
31
32
41
23
41
10
21
56
44
23
18
36
5
10
26
1
6
6
3
47
14
50
46
40
2
36
36
44
4
24
1
12
3
27
41
1
1
9
13
27
46
17
14
13
35
47
44
29
9
0
12
47
63
12
38
12
20
57
29
3
12
31
12
13
1
19
12
38
57
17
15
17
13
31
8
4
4
8
5
15
36
4
9
13
1
1
66
67
11
15
3
48
20
2
5
14
23
27
39
56
41
40
6
30
17
15
12
4
7
2
22
55
13
3
2
25
11
15
31
2
23
8
12
13
6
1
23
4
3
12
48
25
40
40
36
38
16
39
84
21
14
7
61
25
22
39
16
16
6
3
5
24
19
28
1
4
12
4
35
12
32
4
4
44
20
14
80
4
27
42
1
18
7
29
4
25
23
29
35
39
16
5
5
25
55
5
86
49
37
7
30
9
57
39
42
15
26
31
31
16
3
16
15
29
8
51
30
7
23
5
28
14
9
22
25
9
8
7
2
25
17
10
13
22
32
5
21
4
19
10
26
23
30
35
7
36
7
12
2
6
25
4
9
23
17
57
9
21
4
15
9
10
9
17
7
16
9
11
56
4
0
4
14
13
23
23
8
42
34
53
5
10
0
44
6
11
20
41
32
16
28
7
69
30
11
16
2
4
9
12
3
39
3
7
5
28
23
4
5
2
23
39
3
21
2
11
8
9
32
17
3
41
3
39
1
38
28
15
7
12
35
4
16
3
46
2
43
21
38
25
40
2
3
1
28
28
25
2
32
4
15
34
30
11
1
15
25
33
12
18
4
27
12
32
20
29
16
14
25
22
5
11
15
8
10
30
10
2
29
41
29
8
16
5
19
33
14
4
21
30
2
29
16
5
26
26
5
5
20
12
54
13
15
19
51
1
17
27
7
10
13
26
6
6
21
2
26
34
12
3
18
10
11
22
12
28
17
39
34
5
17
7
5
21
2
9
4
4
12
11
44
18
18
33
19
2
25
18
3
12
1
5
26
1
8
8
12
17
3
2
5
9
50
24
33
39
20
19
6
21
28
1
26
6
1
4
5
0
5
14
23
19
4
12
26
4
2
33
17
8
14
15
10
6
15
31
4
13
19
12
15
37
21
12
8
24
9
20
35
12
1
2
23
25
10
34
36
9
36
3
26
52
8
5
11
9
25
17
12
1
4
24
4
0
3
12
20
0
14
14
14
22
13
13
27
3
13
9
2
17
8
14
1
14
29
4
15
4
42
35
3
16
19
1
16
8
10
15
23
15
2
11
6
5
38
2
26
3
9
37
6
38
15
21
10
19
6
2
36
4
1
21
3
5
28
5
2
28
5
24
13
2
15
24
9
17
0
6
12
4
5
10
11
24
4
4
17
11
21
40
13
7
20
13
15
2
4
19
17
1
4
5
11
15
14
4
15
8
2
32
2
15
4
16
13
3
1
8
7
29
15
4
0
8
23
7
24
4
3
10
4
4
10
0
4
21
9
16
5
9
4
3
8
12
24
5
8
19
24
13
13
19
13
7
29
6
5
0
6
7
14
8
6
24
12
14
9
11
17
6
2
4
14
8
4
7
2
18
2
1
6
9
11
4
5
13
13
10
7
5
19
5
7
7
7
2
8
5
1
9
6
5
2
1
1
9
1
15
6
10
2
9
1
22
4
16
0
14
9
16
3
8
11
5
1
1
11
3
2
2
9
6
12
6
6
13
10
3
9
3
3
1
10
6
3
6
3
7
3
2
12
7
10
2
7
5
4
1
1
6
6
2
2
4
0
4
4
2
9
4
8
0
2
5
10
2
4
9
4
7
1
5
1
6
4
3
1
12
2
10
3
0
10
3
1
3
2
0
1
6
4
1
4
0
3
0
0
