25
1
4
1
44
69
7
26
47
5
5
2
93
100
79
14
18
81
8
7
58
6
53
8
35
20
23
6
19
26
7
46
50
9
27
54
17
65
110
19
17
3
10
3
84
3
71
110
40
3
21
2
13
18
77
37
59
47
42
38
79
4
45
17
42
48
38
49
51
91
3
109
31
17
32
6
9
11
52
8
134
29
46
57
11
3
41
19
38
13
42
32
6
31
64
56
40
14
12
43
42
58
38
34
58
24
47
96
8
1
87
80
40
32
20
115
15
8
4
52
66
28
26
52
64
13
104
32
27
13
12
92
131
70
62
48
66
9
12
94
102
62
25
3
3
24
26
14
49
13
26
14
38
15
135
30
72
22
15
3
2
100
60
24
30
18
57
41
48
3
50
12
109
75
22
81
12
33
1
5
129
62
24
71
90
63
145
6
23
38
112
14
113
43
11
30
84
49
81
21
89
110
16
95
5
7
25
53
63
66
44
28
14
13
23
113
107
7
57
63
31
0
85
15
16
37
41
100
28
56
11
55
81
16
110
17
58
17
10
48
25
60
59
70
85
117
5
18
13
75
55
47
20
43
163
9
13
84
50
46
71
22
61
10
15
103
42
104
26
25
77
81
108
139
24
39
33
107
92
22
25
40
83
18
25
40
31
45
14
42
32
60
110
7
20
60
29
7
3
7
18
69
47
87
152
35
2
73
116
41
40
33
36
111
26
71
17
46
149
30
4
35
133
14
14
59
49
43
39
131
20
20
56
22
46
16
24
40
5
98
66
38
22
83
9
14
145
62
95
42
70
29
26
16
19
148
78
2
18
25
39
15
15
8
0
12
51
23
14
77
17
10
119
94
64
76
6
98
47
55
43
38
46
41
9
11
7
24
95
37
119
90
69
58
129
13
22
52
26
16
3
74
27
7
64
23
28
15
27
70
32
11
9
50
39
62
125
12
47
25
74
20
65
38
41
96
23
25
154
15
71
33
44
103
62
17
43
72
90
2
4
21
62
109
14
79
19
117
88
10
61
32
57
69
9
9
3
9
44
72
47
57
30
23
24
1
37
32
3
19
23
28
41
66
55
32
54
19
146
19
15
31
26
125
20
11
2
15
8
48
21
37
64
56
17
128
23
50
37
10
8
54
26
54
34
31
13
109
2
17
108
84
1
28
98
25
6
55
28
15
87
24
8
43
0
41
1
70
5
102
15
46
37
11
32
26
66
30
74
61
53
113
38
8
121
36
4
100
57
44
7
33
13
106
51
21
4
17
25
34
86
20
62
2
55
41
8
74
61
24
20
35
43
11
23
93
60
31
8
6
63
31
77
42
15
24
7
30
1
50
23
75
44
25
41
67
49
30
75
15
12
81
24
12
6
75
72
33
23
2
82
147
6
37
39
46
20
15
68
34
13
89
33
2
30
1
74
26
19
32
19
86
2
27
43
69
104
78
18
120
18
70
53
35
27
36
8
61
20
97
112
2
4
19
62
36
20
54
95
59
30
70
52
16
36
17
41
75
11
17
1
17
68
5
11
75
10
63
69
37
8
8
45
46
14
42
38
36
134
102
16
3
33
55
15
51
54
1
16
35
33
7
85
52
39
40
3
27
56
144
11
30
26
39
71
82
94
90
40
34
0
6
38
141
10
57
33
100
27
1
6
96
27
2
2
5
39
28
67
47
30
55
20
42
13
33
20
14
29
27
64
55
28
99
15
37
12
36
54
72
48
94
9
79
53
13
17
71
31
46
87
24
1
48
20
53
15
28
76
23
85
60
50
108
8
25
73
106
9
22
14
61
14
7
50
29
22
19
17
43
23
67
31
67
7
17
64
58
14
8
17
39
61
33
40
40
101
4
49
94
73
16
12
20
36
10
8
38
76
15
6
2
69
0
36
95
102
43
1
35
7
6
70
17
13
9
10
64
4
44
41
61
53
10
66
67
149
53
9
77
74
16
66
33
27
33
66
17
90
2
22
102
110
12
16
6
73
79
31
60
14
19
5
5
44
14
56
15
2
40
76
55
41
81
65
4
13
22
47
7
10
18
82
72
10
82
30
12
119
84
62
42
24
129
97
38
57
9
100
12
30
70
29
98
71
52
61
26
31
35
22
38
6
35
107
8
9
46
10
60
56
39
44
27
50
21
4
18
5
73
65
48
52
72
75
94
133
35
5
30
20
40
22
58
13
18
52
87
69
12
10
89
49
84
13
66
58
21
37
73
9
59
47
25
26
78
7
33
63
8
41
24
8
75
2
9
23
27
12
21
61
20
27
9
49
40
19
88
8
79
22
3
22
43
17
107
101
17
41
20
83
106
19
41
14
10
59
1
27
67
6
60
26
111
64
42
22
62
94
71
30
2
45
58
6
57
55
47
37
86
43
6
43
13
10
61
117
49
41
30
51
17
30
4
88
23
73
7
110
21
19
51
31
13
83
38
56
32
84
51
39
52
29
37
44
4
34
28
65
87
78
7
87
0
82
54
6
32
26
37
21
28
27
69
7
56
93
14
30
76
13
40
56
59
32
11
51
12
11
50
65
29
75
100
21
28
12
51
65
19
47
25
63
103
41
87
50
54
20
2
139
16
8
50
85
39
15
0
22
89
30
70
40
44
28
5
97
39
1
5
86
7
11
2
92
69
54
73
65
3
12
9
40
18
99
31
13
108
10
99
38
51
9
120
67
15
56
55
32
49
9
71
12
12
53
42
44
57
119
91
123
65
46
83
67
69
16
61
25
67
79
68
55
13
5
20
14
59
10
6
27
1
7
77
4
54
21
11
52
40
69
18
9
44
90
37
62
27
35
9
30
40
25
35
75
18
10
16
7
2
9
6
12
153
4
12
32
56
64
40
21
1
20
180
79
19
59
56
81
25
77
33
9
11
31
33
11
2
86
27
69
108
56
67
40
30
52
3
69
10
26
3
36
17
40
11
35
14
43
25
8
44
15
89
34
15
27
45
66
30
1
28
43
77
53
57
15
68
19
22
28
56
20
32
21
36
8
54
33
38
30
18
22
30
110
40
22
56
2
19
45
8
64
90
9
85
2
38
12
51
38
30
60
68
86
2
27
50
29
3
4
74
20
9
68
46
39
48
10
21
16
47
27
3
44
6
91
57
71
19
29
109
14
51
47
70
42
35
21
43
20
32
13
33
14
1
1
31
14
2
14
75
39
110
41
71
35
79
41
84
37
31
39
72
24
27
34
116
27
47
14
8
1
18
20
49
24
24
106
12
50
33
10
33
2
24
20
32
52
55
98
44
3
74
48
30
65
6
19
43
12
32
14
6
92
61
32
52
55
38
6
26
97
36
70
26
4
97
36
13
48
6
15
36
41
26
108
57
26
11
34
21
16
44
33
81
43
9
17
5
9
45
20
30
1
5
100
85
35
51
36
2
38
45
5
40
87
64
47
20
14
42
0
126
29
74
66
32
2
60
10
16
0
98
77
17
28
50
19
12
71
25
20
57
71
70
15
6
12
11
61
20
38
13
38
29
21
65
46
71
158
26
7
10
66
23
55
47
77
52
71
12
5
58
91
3
16
8
31
1
6
52
44
78
5
46
21
18
69
86
60
9
1
30
24
2
42
7
20
40
33
0
16
5
80
53
39
49
13
120
49
31
63
45
10
20
71
61
35
23
87
26
20
28
69
41
33
5
8
15
37
18
26
21
34
18
8
53
35
9
12
33
29
3
31
15
27
44
49
21
8
17
24
12
66
55
2
37
11
30
11
26
123
45
55
41
1
60
77
59
6
9
9
57
103
9
13
27
11
57
19
30
79
108
43
48
59
5
14
41
23
83
47
27
41
15
1
25
4
53
23
43
46
65
74
62
20
36
26
25
5
59
63
5
26
61
51
14
28
13
6
63
26
98
1
13
7
18
30
40
47
28
15
14
79
58
51
46
38
62
61
69
69
38
74
21
48
26
2
33
50
3
24
37
1
54
20
39
113
6
21
28
6
5
10
42
13
36
22
28
82
58
41
69
106
16
23
25
52
7
18
20
28
94
43
16
74
68
20
57
24
49
57
32
7
17
33
26
26
29
36
6
44
63
21
64
33
58
71
52
5
73
18
112
24
26
10
47
5
68
14
50
6
69
3
28
20
36
48
69
20
48
12
61
31
61
7
37
34
22
76
26
3
29
9
53
47
15
51
4
20
19
16
49
4
22
35
65
1
71
29
63
40
61
24
45
54
18
84
35
8
14
20
22
27
45
0
35
64
34
6
62
67
0
37
40
32
14
14
2
61
26
49
37
27
88
74
6
87
95
30
53
18
72
1
16
34
53
20
22
27
7
12
62
39
83
15
22
81
3
7
27
61
7
81
35
45
28
31
19
63
21
3
2
66
22
21
14
2
49
90
69
35
7
19
32
12
15
39
9
22
18
44
57
11
13
13
44
6
62
41
39
51
26
50
41
26
85
60
56
9
17
39
11
30
31
35
7
25
33
6
88
59
10
121
19
52
26
54
83
18
13
16
89
26
48
16
23
1
32
71
36
50
31
66
25
11
62
6
22
100
69
4
11
32
34
44
11
18
8
41
24
11
1
5
29
19
72
57
42
20
59
21
10
108
26
25
55
6
8
50
6
25
80
5
10
20
26
37
14
35
32
32
97
77
23
11
33
39
56
9
32
23
6
16
47
7
27
51
51
2
80
29
18
88
43
69
4
10
19
51
19
40
44
33
59
35
23
23
1
96
35
32
13
24
3
19
21
62
45
27
8
6
11
9
21
38
28
12
3
47
23
7
35
27
10
35
52
52
44
38
12
64
34
40
67
35
11
1
12
44
57
68
60
43
47
35
2
40
24
23
34
42
22
50
17
51
64
5
47
40
72
0
32
7
51
53
21
18
0
10
70
13
11
26
30
23
17
17
33
33
27
5
18
34
41
22
49
9
49
78
32
49
17
52
2
8
10
41
43
73
18
16
21
52
18
54
26
42
11
5
33
16
17
1
33
6
14
1
10
30
7
23
18
14
44
20
15
69
22
39
4
33
105
14
2
7
44
26
12
6
26
46
15
28
16
38
3
76
38
34
62
29
28
12
35
12
17
2
18
49
0
56
67
50
40
37
18
4
9
13
70
40
42
20
56
37
25
42
24
81
1
6
8
2
38
47
25
48
66
58
21
29
65
60
0
4
18
42
46
26
31
41
21
31
56
3
67
12
20
12
52
57
11
15
1
31
26
28
19
1
31
14
3
44
32
16
56
80
66
8
24
31
8
14
12
19
31
9
20
83
8
20
1
39
20
35
5
14
77
49
24
60
27
10
45
22
5
30
65
13
5
35
10
2
36
11
3
8
12
11
67
48
28
48
1
9
5
13
25
41
22
43
11
43
21
39
8
22
4
10
4
44
52
57
5
25
26
6
10
11
8
16
43
12
11
20
40
28
39
32
60
23
45
18
26
28
86
22
12
3
22
27
8
42
44
29
38
39
50
33
59
8
26
36
21
8
58
0
5
101
49
37
0
94
6
1
10
33
32
48
25
55
0
43
13
35
47
4
7
20
67
15
25
14
52
8
30
34
85
10
20
17
6
18
11
59
44
34
17
51
6
10
38
12
69
22
17
76
5
6
13
17
40
26
30
18
18
7
80
19
71
32
21
33
22
4
34
0
35
45
26
4
14
14
9
20
25
0
9
57
35
31
20
17
45
55
11
1
18
1
18
27
19
16
13
38
30
6
3
14
32
5
24
19
33
44
24
47
3
20
34
63
60
1
19
45
6
34
13
44
8
101
33
21
42
35
18
2
38
48
5
84
15
9
7
8
38
11
57
20
20
53
66
24
36
6
70
45
32
9
28
1
53
12
30
6
21
36
24
13
8
16
20
8
39
48
1
5
35
66
8
10
25
5
31
23
3
73
14
12
29
49
2
14
27
32
19
0
2
32
28
32
1
10
12
35
14
41
1
49
41
11
6
65
3
17
6
5
6
5
20
42
17
28
10
4
21
31
24
65
11
20
33
2
48
26
8
51
73
4
3
15
11
35
20
65
3
20
12
8
12
18
10
81
65
61
20
9
56
1
5
23
47
78
14
17
1
13
26
37
40
3
0
14
7
45
41
20
19
11
34
15
9
18
18
18
13
7
12
19
29
61
59
14
47
65
19
42
12
38
65
3
13
32
21
0
15
22
7
30
12
52
4
13
22
22
19
0
4
27
7
21
24
10
31
7
46
9
37
60
55
52
7
2
5
39
46
48
14
10
8
46
79
11
38
2
8
16
3
15
45
8
6
23
27
32
14
42
15
27
16
14
28
13
41
45
28
5
35
3
26
6
35
21
79
18
15
7
11
39
6
12
6
7
86
73
24
15
5
14
70
7
33
11
6
14
3
41
18
27
29
33
15
75
55
37
27
1
30
13
34
45
34
34
8
14
3
26
65
54
20
24
3
9
57
13
8
2
2
13
7
16
25
29
14
10
25
53
12
14
5
49
0
39
17
30
9
7
48
16
42
33
14
42
41
57
28
32
33
3
17
25
9
40
32
34
27
36
17
20
22
50
37
35
33
27
18
9
15
7
37
26
5
30
22
16
12
8
64
37
23
26
6
23
11
7
49
17
29
51
24
21
9
31
10
32
56
51
11
31
47
26
4
13
9
51
11
55
3
0
4
4
12
8
29
10
21
27
2
14
19
13
28
44
5
7
35
23
41
3
7
48
11
7
41
1
23
33
7
13
4
18
3
33
32
30
4
42
3
35
16
29
22
15
16
11
37
11
4
31
29
20
31
9
17
8
7
23
5
34
17
0
48
4
10
24
6
12
29
14
6
1
16
25
4
15
8
1
28
35
14
36
36
15
2
4
11
14
6
18
33
18
5
38
0
2
1
13
17
20
23
7
44
14
39
3
22
9
3
10
8
5
47
13
10
18
29
26
9
27
22
9
37
12
13
21
3
31
2
56
9
26
2
12
35
17
14
37
39
36
15
45
31
1
31
17
24
1
9
11
18
25
8
21
12
3
76
21
38
3
6
41
0
12
34
10
17
37
16
3
20
0
13
33
7
18
35
31
2
29
8
34
51
2
28
9
25
23
35
18
15
19
29
11
45
35
33
16
33
20
3
62
1
25
9
14
8
20
18
30
11
8
11
8
24
8
12
20
37
39
16
5
21
12
24
41
2
25
8
37
12
42
23
27
5
5
19
25
9
15
51
15
24
7
10
7
36
12
21
6
5
5
5
25
7
9
19
26
14
34
9
15
27
15
5
43
32
52
40
1
20
11
2
29
18
10
4
4
25
12
39
13
13
13
13
36
30
1
11
12
3
18
22
5
15
14
13
13
20
16
41
1
15
34
8
11
3
29
11
24
5
16
12
14
39
11
9
10
21
6
10
1
11
6
42
15
37
1
0
36
15
20
26
13
4
11
4
29
30
9
2
19
3
0
13
23
2
16
25
5
8
11
18
14
5
10
25
7
5
15
30
40
11
7
11
30
19
32
16
22
37
20
13
4
12
11
2
5
9
8
19
26
3
41
5
16
10
10
6
28
2
18
30
13
10
34
3
17
12
27
28
13
3
3
34
0
22
49
5
21
27
1
19
22
13
3
14
9
3
4
19
25
19
25
8
14
1
18
14
7
19
11
0
14
1
1
5
14
11
16
3
3
19
23
22
3
17
43
5
10
4
13
8
7
14
1
23
29
25
22
10
14
29
13
5
4
4
5
34
13
18
10
12
22
3
8
11
3
21
11
1
29
7
9
11
29
7
9
23
31
13
10
28
3
10
4
29
3
10
24
2
4
10
8
4
10
38
17
3
11
7
31
42
10
5
28
19
29
33
13
1
14
6
13
2
30
13
6
12
1
1
8
5
15
7
3
6
3
18
1
7
8
5
15
1
1
7
20
10
10
14
25
16
24
0
12
8
2
1
9
28
10
2
13
8
14
5
18
6
0
4
7
12
10
4
22
14
16
13
27
4
6
9
3
2
14
9
24
20
2
8
12
11
1
10
6
1
6
11
3
12
11
0
5
10
5
7
2
19
3
1
4
5
1
4
9
6
11
9
17
3
0
16
6
13
6
3
1
9
4
11
15
13
2
9
1
3
10
6
6
18
10
7
13
6
25
5
1
4
5
17
2
12
2
7
13
10
5
2
4
6
2
17
6
7
0
2
7
2
2
2
6
2
15
7
1
2
5
3
8
0
1
9
11
1
9
17
1
3
3
1
5
7
5
4
11
8
3
5
2
7
7
2
8
2
16
4
12
7
5
5
2
0
5
4
1
8
2
3
6
3
1
0
6
11
2
7
1
0
4
6
1
2
2
5
1
2
2
1
4
0
2
3
2
2
1
2
1
1
