9
16
26
3
4
17
30
40
11
5
19
48
67
18
7
9
48
17
23
1
13
63
7
107
53
38
1
84
12
53
30
35
19
12
30
18
1
44
6
28
38
31
16
13
30
32
6
45
6
33
5
162
47
4
62
28
43
47
10
33
57
30
42
12
54
93
44
6
62
23
2
4
50
17
32
80
6
59
41
29
7
69
5
32
81
23
23
7
8
18
50
4
34
58
107
125
53
47
9
42
46
62
47
33
1
36
35
27
63
5
15
110
15
16
25
54
93
45
17
63
27
44
46
73
12
69
29
7
57
6
4
39
82
20
1
11
50
72
40
38
34
58
17
80
17
45
10
109
61
122
81
45
107
40
43
18
52
12
47
69
40
55
74
116
43
15
29
36
83
149
9
13
133
68
33
62
34
5
56
8
123
76
138
69
18
3
63
70
86
11
1
31
19
45
41
88
40
160
16
7
51
16
61
48
37
48
55
5
30
73
7
68
7
81
53
17
14
7
4
19
27
83
138
2
25
24
62
53
62
46
60
105
18
19
66
53
56
61
43
153
16
26
38
62
63
17
58
95
22
107
3
219
39
70
76
10
53
107
12
67
31
6
115
74
21
7
125
17
43
57
12
22
51
145
4
42
58
102
32
66
95
8
46
18
12
15
132
62
85
40
43
101
38
59
55
58
15
15
30
11
94
12
30
84
5
102
20
30
32
69
68
78
104
39
91
75
89
57
6
121
7
55
110
122
17
20
45
84
20
88
88
8
84
51
28
16
41
50
82
66
15
45
79
27
164
25
12
12
13
30
56
142
9
7
85
56
18
31
16
11
20
39
7
66
43
48
62
123
56
62
92
106
74
39
19
58
32
124
48
14
73
75
32
46
64
0
47
85
31
20
11
80
11
46
20
7
129
7
67
135
32
120
26
17
36
20
9
28
15
110
17
4
98
30
38
43
10
19
8
39
17
39
65
69
24
75
32
60
132
50
47
23
35
118
77
75
30
71
12
30
19
7
76
40
2
16
81
47
104
27
39
56
70
77
48
108
68
61
90
55
83
17
3
20
86
106
9
55
6
23
6
1
1
9
62
52
77
28
45
19
88
10
33
133
63
37
45
1
37
100
15
44
3
91
56
105
42
7
17
19
21
138
24
156
9
2
3
51
4
48
20
6
76
19
25
82
17
27
50
18
23
35
37
12
70
148
6
43
91
23
8
68
89
8
15
110
60
41
84
6
4
12
16
68
31
36
116
39
64
58
10
96
31
4
38
24
47
67
95
113
1
58
141
41
53
87
43
129
6
13
69
87
11
3
28
115
55
35
20
59
25
54
0
18
87
42
53
2
60
78
35
37
28
25
6
20
53
63
10
3
22
33
9
88
60
18
7
47
26
37
9
44
63
4
19
64
62
84
126
90
5
15
35
3
110
38
58
54
18
38
26
80
114
93
27
43
57
37
3
33
6
11
10
3
21
61
101
34
62
74
54
26
4
63
91
5
85
29
6
36
13
88
38
94
87
51
92
101
47
67
80
27
13
25
74
48
7
63
36
14
10
26
53
21
81
9
1
79
8
19
48
54
112
20
22
56
18
28
48
33
5
26
21
7
15
10
38
74
42
14
14
109
1
5
15
16
4
59
11
74
54
19
34
47
98
97
83
76
42
26
77
42
4
92
6
25
39
39
25
18
32
63
43
112
37
15
4
15
29
36
25
59
61
0
4
40
43
16
39
143
17
44
80
6
51
30
119
58
80
23
37
15
22
5
35
7
55
65
72
91
13
36
23
44
5
21
24
4
37
14
53
1
108
49
48
24
4
21
76
27
14
104
4
53
47
18
98
56
56
68
28
105
17
120
53
148
95
47
15
23
49
73
13
17
20
52
25
20
70
72
41
19
52
129
80
8
85
98
27
61
123
53
19
11
16
17
22
15
76
28
11
67
35
23
73
13
3
18
47
37
61
153
31
47
62
38
4
4
51
60
72
7
20
24
55
32
73
4
12
22
51
9
22
71
18
37
5
74
18
81
22
54
6
43
7
11
34
17
6
15
21
67
61
68
37
94
61
64
25
74
64
99
50
25
112
40
77
57
5
23
19
76
55
41
45
7
8
30
31
55
22
6
36
63
126
69
55
79
147
126
59
22
31
47
1
104
10
111
25
43
10
9
35
43
61
81
3
69
8
70
23
22
39
22
14
50
74
58
30
18
5
13
0
53
42
33
11
2
3
7
104
122
64
55
8
17
42
35
7
34
10
27
42
46
28
10
10
42
53
13
69
13
66
33
43
57
2
11
11
39
62
14
117
114
86
6
190
37
24
121
51
62
68
15
78
36
41
97
91
49
73
56
64
3
76
53
15
6
8
81
24
14
53
45
95
21
40
6
5
24
56
14
35
148
63
24
79
52
25
26
62
4
55
17
36
48
14
3
33
22
76
54
6
62
29
23
113
64
6
32
8
61
83
22
81
8
51
6
19
15
27
62
68
83
21
6
19
70
36
56
1
11
19
56
9
59
72
51
75
33
20
123
103
59
79
29
58
23
102
63
57
46
99
2
48
70
12
26
46
3
33
0
116
132
2
91
100
20
5
4
31
34
15
18
46
3
30
73
7
35
118
19
2
27
48
63
55
32
32
40
14
79
11
9
31
24
58
65
26
22
111
75
9
92
74
30
24
20
35
41
14
15
53
44
73
36
68
63
16
1
140
62
71
12
6
58
27
89
25
79
24
43
52
53
36
20
26
111
1
16
15
33
85
79
86
55
1
94
4
63
79
72
7
39
17
36
4
12
13
7
32
72
4
10
3
39
53
29
0
37
37
18
56
96
39
19
67
60
12
49
40
18
43
69
105
11
21
96
118
22
16
99
46
39
7
59
54
25
12
58
18
79
18
6
59
32
11
58
101
126
62
24
48
25
47
16
2
88
33
80
11
44
39
51
12
8
44
106
149
16
9
62
23
48
51
10
71
16
1
21
11
62
57
37
3
26
41
19
75
15
69
11
54
4
31
54
44
33
24
18
30
20
36
87
28
63
35
24
28
94
26
77
68
68
23
25
11
60
40
15
28
7
15
80
58
41
36
1
16
31
31
18
17
28
32
4
55
79
14
93
52
59
43
26
80
27
34
71
6
14
72
32
10
98
26
47
11
57
28
111
64
18
28
86
48
11
31
42
8
7
9
14
28
83
88
44
35
20
6
23
28
54
46
12
34
1
31
81
30
19
84
24
57
5
56
44
2
44
64
40
49
44
0
8
3
20
10
76
2
61
30
17
39
39
10
3
13
43
20
55
50
21
19
3
9
106
10
56
15
72
48
117
21
46
44
14
57
52
20
20
30
10
50
75
19
7
45
119
31
56
16
4
99
54
0
52
25
45
50
54
82
4
29
49
27
133
77
43
16
104
26
6
45
12
28
45
40
12
2
110
63
10
56
63
1
12
28
18
35
21
4
18
5
3
0
16
58
3
50
24
24
38
79
68
24
26
40
6
11
20
22
6
10
36
31
15
20
27
51
14
17
10
98
2
52
50
71
95
33
79
66
82
25
2
26
34
1
82
0
58
99
46
20
100
40
39
50
26
1
23
41
10
33
55
36
60
57
44
8
69
54
13
80
27
30
46
41
27
51
16
12
20
58
6
66
20
42
36
5
59
19
7
29
20
106
26
8
5
38
44
81
34
20
51
29
17
44
33
22
1
21
77
57
38
36
78
26
17
130
53
36
79
92
35
35
37
12
44
31
3
37
38
107
59
19
16
20
31
9
7
43
73
22
67
30
12
19
60
22
28
30
71
13
55
1
10
10
16
27
65
23
71
25
19
15
49
63
28
30
64
15
38
33
79
22
49
17
16
87
46
67
20
48
19
23
1
17
3
16
40
78
37
28
30
19
6
54
24
19
55
33
58
29
15
44
27
15
32
112
44
17
0
16
38
2
105
2
68
19
43
4
80
65
46
54
10
18
68
70
9
25
61
17
51
32
77
40
27
18
67
93
53
6
11
31
23
66
69
29
118
25
39
6
0
68
27
30
23
6
40
37
43
22
4
4
7
49
83
38
32
30
111
75
20
76
69
30
35
24
36
12
36
9
35
90
56
42
33
50
1
11
50
7
18
2
34
34
71
2
25
49
15
19
68
3
58
15
50
22
14
63
30
65
24
3
52
51
12
8
14
40
18
23
14
27
55
6
91
6
54
39
21
8
42
58
22
7
30
19
1
27
27
21
50
89
14
7
59
6
14
47
80
113
1
58
34
31
42
53
32
16
69
57
9
10
16
3
55
10
60
35
63
4
14
45
51
3
30
20
28
35
27
43
19
24
19
50
17
40
7
68
33
29
21
51
0
46
31
39
27
40
2
11
83
18
43
52
19
40
63
29
2
22
37
22
83
61
25
16
15
36
56
66
20
7
43
1
95
57
9
30
2
58
17
93
14
5
57
75
14
15
25
48
11
61
6
4
28
15
5
43
64
51
44
34
30
4
59
47
5
43
17
18
9
19
52
13
6
43
57
60
86
45
69
17
19
115
30
6
27
53
25
46
12
14
4
6
106
21
20
20
68
25
60
58
17
3
21
73
11
1
8
12
1
20
11
33
11
46
6
27
35
42
32
27
69
9
3
83
45
12
29
7
37
16
31
41
8
16
70
8
8
28
37
15
1
17
41
81
45
63
20
47
4
39
24
2
16
7
29
37
13
52
14
23
31
6
28
1
64
31
19
3
33
48
83
24
42
75
68
39
77
35
15
1
41
19
5
1
31
55
0
14
9
41
16
17
1
4
15
33
41
45
36
18
20
60
47
42
54
45
5
36
10
40
5
9
25
44
58
37
47
22
3
13
71
2
8
28
11
1
10
20
1
94
20
0
3
8
51
53
65
7
14
67
20
30
14
40
79
4
32
50
16
53
89
24
2
15
16
56
57
35
42
39
25
46
3
2
22
57
14
12
23
13
38
16
9
21
18
1
16
31
52
56
22
77
27
32
18
78
31
15
1
42
88
44
37
63
149
52
34
27
5
1
31
35
69
30
52
3
3
11
31
52
4
13
38
9
72
100
100
48
6
52
0
54
39
24
59
73
42
45
33
14
63
20
23
79
24
7
18
66
28
20
34
51
5
10
18
61
30
2
16
38
25
30
4
29
49
23
18
15
36
42
49
20
37
45
21
13
16
12
39
42
33
0
13
55
40
22
21
98
32
39
54
16
3
7
44
11
42
40
1
33
23
11
32
4
24
26
51
79
17
11
34
25
60
12
31
26
8
42
31
41
11
26
24
91
2
35
44
3
26
81
20
9
3
28
21
13
54
9
44
11
35
12
90
20
29
30
5
4
31
20
58
18
38
17
20
10
33
8
42
17
93
12
68
11
10
38
2
27
24
65
2
32
33
40
7
16
22
85
34
30
68
70
1
26
35
64
67
31
4
22
68
5
16
13
5
41
7
22
27
37
1
45
20
86
3
7
40
24
31
31
32
14
54
7
9
1
20
22
27
47
16
6
9
64
43
17
6
1
40
52
13
3
30
32
10
48
12
22
22
6
19
45
22
12
4
10
3
11
82
20
57
5
22
12
31
4
22
25
5
22
34
7
36
14
13
45
50
88
23
40
57
40
32
23
37
37
79
15
2
22
37
11
21
54
51
38
10
1
47
33
6
12
20
3
19
23
4
62
4
6
15
28
12
41
27
21
21
42
17
41
63
4
44
19
34
32
27
57
22
32
7
50
45
0
36
51
20
30
103
77
38
36
15
34
2
16
16
36
32
1
25
29
12
37
50
22
34
38
15
56
8
90
34
4
20
11
21
28
6
49
36
33
53
5
56
35
22
29
3
22
37
26
33
19
5
128
50
22
57
17
19
22
29
1
9
55
22
2
16
8
42
1
14
17
1
16
33
31
10
43
22
0
25
22
40
32
14
3
28
1
28
16
3
39
16
24
10
25
7
32
53
12
17
70
37
47
19
25
4
21
26
19
14
3
51
6
20
58
21
42
99
28
28
43
11
56
49
40
1
55
55
31
34
45
31
30
23
42
44
5
55
13
4
6
12
16
18
8
0
9
13
10
10
54
35
79
42
31
21
58
31
16
17
45
4
68
16
34
47
31
26
17
25
22
3
52
61
51
23
39
8
43
28
29
16
37
95
5
42
26
30
26
26
3
27
6
27
11
41
87
13
4
26
1
10
19
45
33
68
20
1
17
20
29
16
19
73
11
48
18
17
10
35
3
29
9
77
4
21
35
11
22
26
6
59
10
20
24
58
78
25
16
37
59
2
46
8
2
1
22
80
18
22
13
14
10
31
9
63
1
25
17
13
25
15
13
64
29
27
79
3
34
9
5
83
82
6
22
35
2
41
9
28
9
5
53
46
11
29
19
54
16
10
25
37
28
24
28
18
17
3
9
33
68
54
11
42
24
7
18
46
55
14
24
13
21
54
8
9
33
42
29
2
25
5
61
8
27
15
1
8
18
26
25
39
39
22
38
3
15
11
57
36
15
33
2
15
7
15
7
18
47
17
8
41
35
32
7
39
34
17
50
27
44
14
3
25
12
1
26
6
13
15
66
11
63
5
80
43
36
26
58
23
44
8
32
1
45
10
15
2
12
32
20
54
4
15
32
4
2
23
4
22
72
58
33
8
32
12
27
3
3
42
6
32
4
33
18
50
75
18
29
10
23
27
39
16
9
5
9
14
15
22
11
26
9
33
7
10
30
10
14
1
45
37
9
10
23
36
24
19
35
12
14
18
40
60
16
13
12
9
24
18
27
10
22
17
15
9
16
29
45
43
3
19
12
42
15
1
14
19
20
20
66
20
7
23
12
3
48
32
34
2
11
47
23
16
31
2
1
17
40
5
31
17
3
2
18
18
6
0
5
43
8
16
22
1
2
11
16
41
45
31
32
1
7
43
17
3
52
1
57
10
3
12
21
1
9
22
15
5
19
26
19
12
20
6
8
28
13
24
11
25
10
27
17
1
13
7
19
4
2
24
25
51
6
1
18
57
22
40
9
22
44
1
4
11
64
19
14
14
1
16
35
8
5
5
46
12
6
12
16
33
15
21
15
20
49
13
14
1
23
44
24
42
15
23
30
14
15
11
8
23
1
81
8
24
20
11
15
20
4
12
13
10
28
23
21
31
6
26
0
60
18
29
7
13
13
54
26
44
2
31
6
1
36
25
5
0
28
20
19
20
2
2
38
9
53
41
16
20
14
36
18
0
5
36
21
24
2
12
5
22
35
13
18
22
3
19
10
1
28
18
20
6
4
31
25
16
6
8
13
51
6
3
1
11
43
17
36
19
25
24
8
20
11
5
28
2
8
33
3
14
0
45
18
8
32
50
14
35
17
8
37
7
18
10
5
11
2
21
3
18
4
11
27
24
5
18
41
19
3
8
17
3
16
28
22
3
4
9
3
37
11
20
0
11
11
6
7
4
7
2
8
7
20
15
9
27
43
7
8
3
10
15
7
28
7
4
18
11
11
2
10
29
34
21
1
10
8
16
9
23
10
31
9
20
35
40
3
11
16
4
32
32
9
13
8
33
14
3
10
28
17
17
11
26
23
15
9
28
4
6
43
23
38
17
18
1
8
6
3
12
12
7
30
14
8
30
19
10
3
48
7
23
15
14
9
32
6
60
0
21
6
15
17
38
31
3
5
2
21
10
5
33
12
1
14
41
20
1
15
9
27
11
20
51
20
3
15
37
1
3
0
14
58
33
6
6
15
2
0
0
17
4
11
18
22
12
12
10
7
13
2
2
5
35
8
2
7
14
8
0
9
18
11
9
6
6
7
15
0
21
8
11
6
48
16
15
32
5
2
13
13
20
17
37
3
2
10
20
7
24
13
9
36
0
3
20
25
9
13
10
3
17
13
11
10
3
8
10
25
6
4
6
1
9
18
3
18
31
1
10
4
2
12
9
3
12
17
1
2
9
5
7
14
2
3
9
14
11
2
23
9
6
1
12
19
16
9
14
8
4
9
5
21
14
12
1
0
7
2
5
19
8
5
10
13
14
4
0
4
7
18
13
12
2
9
1
11
18
7
4
14
16
13
5
2
4
7
7
2
10
6
11
1
8
6
6
18
29
16
7
22
21
5
5
6
13
5
13
4
7
6
18
7
8
1
7
4
4
13
10
7
4
4
0
21
24
7
9
11
10
8
3
4
1
3
0
4
2
5
9
0
0
12
19
2
0
7
1
1
5
2
4
4
3
8
4
3
2
0
1
6
3
1
2
7
2
18
2
3
5
0
3
3
4
2
3
3
9
1
6
4
2
3
1
3
13
2
2
8
2
0
0
1
4
2
3
0
3
3
1
2
3
4
2
1
0
7
1
1
0
1
1
