19
8
2
2
2
0
9
6
6
28
3
8
5
1
3
5
11
19
29
10
3
11
13
7
8
3
37
5
16
20
3
12
26
24
8
27
15
17
14
5
15
33
42
5
6
5
1
5
6
9
32
12
4
0
23
4
50
2
13
7
26
2
16
4
18
17
15
18
7
0
5
7
15
3
14
2
12
3
17
38
8
11
5
24
4
24
20
5
18
10
18
16
2
0
38
6
37
29
7
2
17
20
0
8
0
11
12
6
9
5
12
25
16
10
1
14
12
33
27
19
18
19
0
11
5
21
1
30
15
5
17
19
22
6
14
10
5
24
22
5
3
7
25
4
21
14
4
4
31
19
3
3
0
7
19
1
11
5
16
29
5
11
13
32
6
10
12
9
6
13
6
10
12
10
3
17
10
8
52
12
8
10
13
6
13
2
6
11
16
28
15
10
1
1
14
8
24
12
8
6
7
28
15
13
8
19
6
6
13
7
17
2
2
5
15
7
6
27
13
5
15
6
4
12
11
0
7
31
0
3
3
8
2
4
0
21
7
9
3
3
9
19
10
3
7
3
8
1
14
2
1
6
12
0
0
32
1
7
2
2
11
16
1
4
4
1
22
0
6
14
13
6
3
2
15
17
0
7
5
1
1
9
3
1
11
7
6
6
4
2
8
8
6
4
8
1
11
6
2
4
12
6
3
13
0
4
14
9
7
2
10
6
2
3
2
10
8
11
4
10
2
3
6
9
3
12
3
4
9
4
9
5
16
1
7
5
6
2
3
7
3
10
3
6
4
9
8
2
1
4
6
1
1
4
4
0
3
1
4
1
3
3
5
1
0
4
1
1
2
0
