7
8
57
8
19
17
15
7
36
79
25
38
16
49
9
24
39
1
32
18
12
11
7
10
74
48
27
2
93
23
4
48
65
19
8
75
97
10
8
27
20
5
15
62
46
20
46
30
30
63
25
31
25
49
138
3
57
42
79
57
59
25
38
45
27
100
48
3
27
65
66
26
0
13
44
87
33
71
23
8
72
25
79
15
12
16
62
76
6
20
15
110
5
19
75
83
84
162
41
57
46
75
39
13
72
26
42
47
19
17
79
50
32
30
81
105
32
14
38
134
27
4
84
9
83
85
44
14
13
19
7
5
14
62
11
103
14
5
21
54
75
37
9
52
63
90
44
95
5
101
99
77
28
14
16
24
127
98
6
117
38
3
32
2
46
24
59
10
63
24
5
40
6
33
108
25
65
22
20
26
104
36
58
6
37
63
33
7
48
122
16
18
1
66
81
30
30
121
103
50
45
29
14
61
35
13
24
51
69
1
4
127
109
34
44
29
13
132
90
60
16
86
23
132
14
41
120
59
45
12
66
84
52
113
53
68
22
137
4
20
111
15
147
47
75
96
6
65
66
32
63
12
15
37
94
45
72
37
101
37
149
1
59
30
1
33
64
11
44
79
9
18
2
9
91
25
33
45
91
94
27
68
55
81
116
21
29
5
23
27
39
45
1
32
5
51
48
9
17
10
28
7
12
32
7
51
21
34
19
6
5
88
58
66
43
144
42
48
75
17
108
33
11
14
0
26
96
167
91
55
51
44
45
4
39
26
68
30
160
6
15
144
0
32
10
27
46
19
17
64
7
36
90
62
22
16
120
82
68
39
50
93
93
28
52
3
46
5
37
31
19
46
23
7
119
18
21
75
24
103
14
19
25
83
60
35
88
51
61
25
14
21
97
47
19
49
23
44
13
82
120
29
6
28
78
112
30
29
6
56
10
22
41
7
6
92
19
31
37
37
41
145
75
40
39
2
66
110
10
129
143
54
22
71
261
11
11
6
62
73
100
23
59
139
26
26
1
20
61
21
50
55
171
84
24
18
8
25
70
1
39
43
16
89
24
18
114
64
82
15
41
87
82
54
46
39
3
30
43
17
21
44
7
120
34
31
85
29
89
117
143
4
46
40
30
21
36
8
35
4
68
12
75
105
18
9
41
65
36
32
172
54
3
79
6
55
45
9
30
84
26
9
53
61
1
69
23
90
18
38
53
3
25
66
112
13
24
10
58
23
14
24
41
26
7
90
1
57
41
99
43
2
23
35
10
104
31
14
129
6
42
39
52
28
12
23
66
53
48
32
34
31
104
53
0
13
37
40
83
24
24
14
159
64
45
93
5
5
108
41
11
108
90
4
63
10
21
98
20
56
10
37
17
9
9
32
38
27
14
36
57
104
85
23
103
74
31
34
22
75
11
86
94
88
62
29
63
48
42
35
12
50
41
77
9
64
44
98
133
56
1
1
70
9
27
46
10
88
58
13
17
53
129
21
48
43
12
37
37
9
36
17
6
52
1
57
70
156
138
65
31
172
80
104
141
72
33
8
20
66
9
85
25
55
68
19
71
98
51
26
85
35
46
23
20
68
68
56
95
91
51
20
1
22
73
11
53
111
5
60
103
3
19
7
53
98
40
83
26
10
37
24
13
39
63
56
70
3
91
50
51
28
42
9
36
34
84
90
3
49
33
80
9
13
39
86
69
29
16
25
40
30
42
3
6
40
16
34
0
36
42
42
32
31
72
105
20
4
27
9
76
52
4
36
20
10
78
89
106
7
59
54
19
15
56
47
24
41
29
3
102
56
42
65
15
25
31
43
41
75
73
23
136
91
100
12
17
64
59
4
3
19
32
14
36
1
19
1
16
62
30
21
10
116
7
53
71
18
13
6
58
2
10
128
134
53
25
76
9
14
10
30
5
32
0
56
132
81
74
34
66
28
11
15
57
1
36
60
40
21
3
176
56
78
38
117
2
18
22
14
12
55
6
125
33
67
9
56
60
7
61
45
14
14
36
2
155
52
3
24
62
137
39
42
52
86
91
17
72
13
143
22
45
15
100
53
47
97
15
1
89
13
28
36
87
43
12
43
56
67
88
13
55
36
18
7
32
46
39
8
33
60
57
20
8
75
28
28
83
63
17
20
54
68
41
27
9
50
25
68
45
12
8
1
3
139
26
30
46
40
90
48
26
38
35
43
17
52
41
3
70
9
77
74
14
54
71
34
64
44
5
52
114
18
44
44
94
31
72
12
23
83
22
18
61
45
27
18
4
55
69
66
44
29
20
57
35
24
23
96
16
9
44
28
58
4
20
97
47
103
8
41
22
27
32
12
21
43
35
9
21
32
57
20
16
39
46
3
8
59
26
37
50
40
99
69
72
57
37
24
1
19
36
25
44
14
12
4
21
123
11
6
14
18
11
49
32
39
84
17
13
73
52
47
26
18
11
4
36
91
3
22
103
77
43
18
33
60
112
58
58
40
25
67
10
8
53
53
91
75
62
92
84
10
101
19
92
70
16
3
63
47
34
2
75
18
80
82
86
10
2
32
54
32
55
102
19
54
11
27
82
37
6
2
8
31
49
115
12
48
82
79
10
15
44
64
48
46
39
2
9
44
23
50
71
19
36
86
48
51
39
79
169
22
74
8
6
71
126
29
87
17
56
30
75
80
48
21
5
50
34
20
26
50
58
60
19
4
65
13
21
89
58
12
57
30
19
33
37
16
111
86
49
25
67
17
4
36
78
28
69
37
68
6
30
52
77
22
0
22
78
2
54
26
90
4
2
37
48
32
24
66
15
33
98
0
8
7
12
38
43
10
8
35
38
0
10
34
16
78
5
50
48
51
32
13
7
28
33
12
24
4
55
74
30
25
41
51
26
7
61
14
36
81
129
0
56
31
48
27
93
122
76
43
14
41
53
4
3
21
91
29
28
21
34
94
14
2
43
18
47
97
2
59
18
42
28
4
7
65
85
80
54
8
8
34
32
28
1
26
51
19
45
4
51
12
52
18
12
64
27
8
101
18
78
48
23
84
0
16
35
74
40
68
35
23
30
29
4
57
25
29
40
18
143
17
45
4
8
24
42
65
15
34
55
52
53
11
89
21
37
1
36
41
75
105
46
46
57
87
36
41
18
69
55
61
1
24
45
7
40
63
38
32
106
15
67
51
102
15
14
142
47
61
39
5
9
48
39
2
27
24
54
82
26
35
12
13
16
14
0
43
21
88
55
16
27
83
53
39
73
9
86
37
98
19
0
45
57
1
80
45
19
1
14
8
97
29
27
18
37
1
20
19
53
12
25
8
57
58
19
21
25
21
36
80
10
24
36
49
45
6
42
32
11
29
63
33
18
84
56
13
51
58
13
35
104
118
47
38
0
22
98
17
34
32
67
33
15
93
44
58
8
41
8
39
3
6
54
70
39
20
60
86
15
8
18
2
3
21
8
113
38
31
50
40
49
13
15
100
0
24
4
24
89
56
50
36
49
17
16
20
10
160
28
5
55
22
38
43
14
17
59
75
13
65
40
84
20
6
19
23
103
28
87
36
3
13
38
45
41
3
70
1
36
49
68
53
3
42
0
35
35
2
28
9
22
39
43
81
41
49
36
11
8
37
8
49
27
10
49
8
42
24
34
39
17
51
87
25
23
123
29
39
31
19
39
8
67
12
1
12
40
63
6
47
24
27
38
19
13
32
45
44
33
60
21
24
78
48
17
52
20
45
49
13
49
7
31
25
19
2
6
15
51
68
18
11
13
14
61
22
8
63
12
39
1
5
45
93
47
29
68
90
53
39
39
21
14
25
29
21
102
3
24
64
19
14
33
78
12
46
7
14
30
26
89
85
2
16
53
43
18
58
57
6
71
11
66
48
94
61
28
15
5
17
72
73
29
29
39
41
29
45
108
10
88
20
13
66
1
28
50
5
75
38
3
31
30
18
49
59
17
10
20
19
52
98
17
17
67
20
17
10
4
80
49
103
20
4
6
67
4
95
73
58
44
31
12
39
23
10
38
38
12
87
66
94
32
69
20
23
17
35
57
11
7
7
64
6
98
56
24
10
2
43
13
67
56
70
27
30
11
33
73
25
1
11
65
66
17
36
14
68
64
39
23
63
10
107
106
17
90
12
33
69
14
6
41
16
53
9
9
21
36
23
45
27
25
3
53
52
40
10
10
22
63
32
42
28
25
44
4
43
63
36
20
26
34
33
59
23
42
13
41
67
7
39
9
9
64
50
10
30
28
36
38
26
81
61
59
64
93
12
9
28
5
84
32
25
16
13
75
4
83
34
2
73
0
97
46
15
2
74
19
146
51
42
19
41
24
14
40
57
12
71
24
68
20
53
5
36
33
24
2
31
21
70
38
14
6
59
10
11
14
56
8
32
42
52
20
14
43
42
8
42
66
10
54
13
26
69
16
37
93
47
46
22
7
52
30
54
8
24
15
32
13
6
3
17
22
36
22
10
30
14
53
20
47
50
28
33
88
5
66
32
42
35
19
5
71
106
8
2
41
35
20
39
24
36
26
12
43
66
11
49
5
42
42
95
28
20
2
13
9
12
17
44
18
91
43
57
10
14
83
9
54
30
32
31
2
8
29
24
8
22
27
31
27
49
52
4
23
59
48
61
65
7
28
71
29
0
19
20
13
1
25
26
80
16
6
30
9
73
73
9
27
27
6
2
26
15
26
30
36
63
37
32
23
19
50
9
2
6
60
20
37
28
65
41
7
33
7
45
12
70
72
10
40
4
56
45
1
85
67
66
54
18
66
32
58
16
27
45
29
17
5
16
28
2
32
5
58
68
10
38
2
11
49
20
30
4
45
15
3
51
11
25
10
1
44
4
0
90
7
26
35
32
17
68
5
7
44
57
13
50
34
46
6
25
38
58
33
32
5
26
59
33
7
1
2
19
94
58
1
77
29
22
26
78
60
14
25
23
24
49
26
7
35
58
21
9
4
43
40
15
84
65
57
9
34
12
46
46
10
32
7
15
21
16
27
19
34
48
21
41
2
2
9
22
21
78
14
52
48
6
38
11
10
8
27
29
86
33
64
44
15
11
38
55
10
54
53
45
19
4
60
26
18
9
52
5
13
13
61
11
36
12
16
31
31
69
53
10
31
28
81
0
12
30
21
34
3
41
52
28
2
20
54
25
22
0
22
25
2
42
3
19
26
10
89
27
92
8
83
15
19
44
49
21
11
31
28
10
52
14
19
28
19
59
86
32
16
68
14
2
43
46
5
23
34
0
32
40
18
37
42
52
25
5
4
8
61
4
12
63
27
45
7
23
81
7
17
10
25
39
39
62
60
11
63
63
28
68
10
49
91
53
20
4
55
49
18
14
3
43
6
24
28
32
4
26
50
26
20
1
31
40
49
49
6
1
21
20
41
18
28
46
4
35
34
1
9
23
23
10
53
1
48
39
7
5
87
46
2
38
54
18
1
11
1
24
39
13
78
64
51
57
24
13
33
26
38
4
19
11
40
52
51
2
31
13
44
15
11
23
30
20
118
29
28
4
3
7
64
9
17
18
42
45
67
41
19
2
25
16
30
23
18
13
13
8
32
13
45
12
21
26
7
12
31
37
17
103
15
8
62
23
28
35
23
15
48
15
0
10
0
20
38
2
34
17
30
62
2
2
17
18
27
59
34
19
32
59
16
37
55
15
8
37
8
34
48
1
4
10
12
46
10
52
27
3
11
4
29
40
74
9
5
30
35
28
9
51
52
42
7
24
17
16
26
3
19
47
32
12
68
33
20
26
17
57
26
21
74
44
31
9
15
27
56
7
43
13
46
54
4
14
4
18
12
25
5
9
37
35
42
45
62
6
57
11
32
14
39
2
10
2
24
28
55
80
12
10
6
36
17
2
16
10
48
4
63
72
6
3
45
20
59
30
25
17
22
28
23
34
27
30
3
33
16
20
56
39
27
0
21
1
21
5
94
59
61
45
5
25
2
22
32
79
26
18
10
15
33
55
26
76
31
19
8
12
21
27
21
11
63
37
35
13
31
48
15
13
63
9
23
1
1
0
89
11
94
1
19
24
24
29
33
20
30
6
62
48
1
6
1
32
13
40
29
14
42
12
9
35
54
27
15
46
12
16
16
24
7
31
7
32
18
36
32
46
4
17
50
81
22
33
7
14
12
9
20
30
67
10
10
23
7
1
32
77
50
41
16
12
41
3
8
42
34
0
28
15
37
19
54
4
45
41
1
23
9
52
6
1
4
20
13
4
15
12
34
49
1
14
2
10
22
48
1
4
4
1
52
13
28
56
2
30
23
16
17
31
7
9
12
2
18
30
36
40
10
22
74
7
31
11
15
43
60
6
0
25
13
24
10
22
12
51
63
27
25
22
20
9
31
35
17
72
12
11
27
21
26
3
34
16
27
4
43
7
6
16
16
9
15
14
1
3
0
7
33
20
33
6
44
6
30
42
32
24
9
10
17
28
43
17
54
37
71
75
16
62
11
16
1
13
38
12
17
28
42
15
14
28
6
49
2
2
21
15
16
15
27
32
8
2
43
2
5
27
12
31
30
23
17
13
28
43
20
15
20
34
11
27
59
14
0
17
10
33
2
29
15
27
5
57
22
52
23
57
1
4
22
16
43
20
42
10
40
24
31
25
4
34
41
12
10
25
21
13
45
40
6
14
65
35
15
5
13
37
39
18
18
1
51
40
40
25
29
16
32
27
7
13
16
26
17
23
70
16
9
7
23
13
4
17
28
11
5
46
14
30
23
13
6
11
39
34
13
17
61
7
11
4
28
38
26
11
7
32
38
16
31
14
4
7
8
20
28
21
11
13
8
54
13
8
34
52
25
29
2
11
94
46
21
27
15
10
15
27
33
47
48
59
2
16
5
27
3
7
3
50
2
16
26
30
30
19
19
56
17
3
47
27
28
38
6
0
32
10
13
1
25
5
19
1
5
2
9
46
32
41
16
34
21
1
20
50
46
19
18
4
38
4
15
30
22
31
12
15
15
57
50
4
0
23
27
25
56
28
1
19
27
35
23
6
8
37
22
25
5
6
40
30
26
26
12
4
60
12
17
0
56
2
29
16
20
38
6
56
35
23
14
6
52
31
0
0
5
10
35
9
34
8
3
19
40
16
19
30
9
34
42
24
3
76
31
7
13
16
12
10
8
29
31
9
11
28
38
8
12
7
19
21
18
14
8
4
5
21
25
44
20
11
19
33
20
25
9
5
7
40
29
22
25
70
13
53
10
21
4
13
36
30
13
18
31
43
48
37
11
2
14
6
7
24
11
17
25
10
40
17
11
33
8
9
4
25
12
27
4
21
23
26
2
34
22
27
5
4
5
3
14
5
11
2
22
1
28
2
11
15
10
10
17
78
51
8
4
2
2
37
30
22
11
27
7
37
6
24
9
3
27
39
5
6
16
23
40
9
10
4
2
14
17
10
14
23
21
45
6
31
6
36
30
22
37
13
15
21
23
10
25
5
9
18
15
2
6
32
34
17
16
7
18
16
9
2
15
31
34
6
11
17
11
43
22
0
26
40
14
9
2
5
29
7
10
28
26
39
2
2
3
28
8
25
17
11
13
26
10
12
7
5
4
10
11
2
8
6
13
14
11
26
13
19
13
5
36
21
14
5
4
8
5
1
15
28
16
17
22
24
11
0
8
34
19
2
18
2
5
19
9
15
14
11
14
5
5
11
13
23
14
5
9
15
5
2
10
23
4
11
17
17
8
16
9
6
3
31
2
30
5
26
16
8
14
29
16
8
5
5
17
42
29
3
6
16
5
17
9
2
4
15
1
3
10
15
12
6
16
4
20
10
26
18
12
22
1
1
39
14
1
4
15
22
25
3
14
1
35
14
23
20
0
3
22
17
22
29
9
23
7
31
0
2
10
22
19
4
12
0
11
3
14
3
30
14
6
13
10
24
0
13
16
8
9
0
7
5
15
5
6
8
5
29
13
16
33
10
12
2
5
1
13
23
4
17
7
20
4
11
8
5
19
20
22
4
22
0
3
11
14
14
6
14
11
17
8
3
4
15
18
8
12
8
29
19
9
20
1
1
1
4
19
21
1
11
2
2
1
2
16
18
6
9
9
4
4
2
8
1
5
1
9
13
24
5
3
1
1
3
0
2
2
10
3
0
7
6
0
18
0
10
2
2
3
1
1
5
9
0
18
15
2
7
1
19
4
1
10
0
5
7
0
1
9
2
8
4
2
3
5
1
11
4
2
9
2
6
4
11
11
1
11
4
1
3
3
7
13
2
9
2
3
7
7
3
0
14
0
1
1
4
1
1
5
2
4
1
0
9
6
5
7
2
1
1
7
3
1
0
8
1
2
5
1
4
1
2
3
2
2
5
2
1
1
0
