17
19
3
3
11
4
8
91
73
22
27
11
1
103
74
68
19
19
58
74
12
31
18
55
22
7
46
55
20
28
15
10
5
11
27
8
23
42
13
1
9
27
32
12
48
17
24
6
15
50
11
29
49
56
12
43
37
113
29
36
6
61
49
172
1
24
10
54
39
67
54
42
86
13
48
31
44
83
31
29
20
87
13
6
54
33
48
12
42
130
21
33
60
84
104
31
72
168
52
1
43
53
18
30
49
2
31
64
6
84
60
18
25
10
20
61
14
70
39
13
46
24
59
8
50
8
25
36
17
2
61
36
12
11
14
39
135
75
34
51
50
118
22
26
29
50
26
113
29
53
77
35
79
92
7
82
65
45
22
93
36
1
48
2
11
27
12
42
45
63
19
2
37
51
29
65
21
110
73
55
52
19
97
73
25
51
88
29
3
10
44
47
73
192
36
61
119
48
71
57
22
54
27
23
69
1
135
18
78
21
4
37
84
73
7
14
60
11
4
4
86
28
38
50
12
7
22
116
93
26
28
67
7
53
13
38
31
44
190
15
91
61
103
2
17
12
120
17
34
13
104
43
38
77
55
33
41
40
13
9
48
56
19
15
40
83
61
23
51
26
78
14
82
39
27
3
66
66
135
28
97
65
55
17
16
6
1
132
124
43
51
78
12
152
50
136
11
31
20
16
25
8
1
13
95
50
60
50
127
89
50
6
15
28
54
74
10
23
31
18
78
61
6
70
90
27
7
73
10
29
110
37
10
120
5
141
11
36
46
48
92
6
79
56
37
51
32
4
53
25
18
65
131
21
56
69
151
51
14
60
7
78
49
1
12
15
82
26
77
26
35
87
26
21
5
16
102
50
3
70
13
104
48
72
59
78
66
72
118
113
4
128
17
42
38
61
83
47
117
43
7
13
102
8
72
99
79
37
134
28
26
101
50
35
10
34
22
69
26
14
2
8
25
78
101
113
20
24
8
18
40
30
86
30
105
1
23
107
46
150
1
52
150
107
114
74
40
17
66
51
85
130
91
62
70
21
57
31
81
171
97
50
5
10
25
11
30
54
12
67
33
4
67
58
113
4
21
54
91
85
1
26
26
58
134
59
91
1
3
23
11
39
7
33
111
31
28
20
80
66
94
11
79
95
87
11
99
104
21
136
13
51
8
63
82
53
19
48
8
43
28
39
56
159
1
6
15
57
80
4
29
36
75
43
69
7
13
24
1
45
27
84
51
52
70
55
10
38
39
20
38
29
35
55
63
76
10
39
56
54
54
26
11
114
33
55
14
95
41
39
38
51
12
125
28
23
59
23
38
49
8
16
22
7
7
86
7
37
96
10
116
87
57
42
49
50
90
102
70
4
11
81
56
43
28
99
31
33
87
28
40
64
26
18
40
59
104
1
47
19
54
18
31
66
0
44
1
34
19
15
96
26
117
50
18
46
100
52
85
63
91
12
108
30
89
44
13
40
55
13
4
45
82
55
71
55
80
45
37
25
9
88
8
16
101
47
84
47
39
100
67
53
124
45
26
19
61
28
54
13
37
2
15
33
87
21
10
26
52
69
75
31
2
8
68
8
83
47
33
63
103
5
8
61
52
86
32
27
36
21
111
19
48
93
59
8
122
46
9
109
23
12
59
8
101
66
36
127
113
45
89
20
99
93
64
11
76
6
63
10
12
44
16
22
69
34
42
64
47
37
42
46
30
154
7
67
14
13
66
75
41
53
2
18
4
5
11
63
49
139
17
80
16
3
25
54
7
49
56
7
96
133
11
110
49
4
47
10
47
22
36
11
15
11
33
26
35
47
62
47
116
35
13
53
86
32
6
66
32
34
49
9
53
3
6
34
15
84
62
1
76
50
133
15
131
165
62
93
43
6
84
75
6
45
44
20
31
89
13
82
32
32
50
56
39
74
10
34
9
22
83
4
79
9
80
27
38
79
86
41
24
86
11
124
45
20
31
1
41
59
17
46
5
109
80
85
55
118
68
47
52
70
70
62
62
90
35
45
38
78
4
16
40
104
49
4
5
113
14
117
11
22
15
14
47
45
8
2
45
72
3
16
12
88
25
16
58
36
50
15
78
55
74
57
82
6
3
2
67
2
110
5
3
54
84
29
21
74
125
49
53
42
30
3
20
25
64
29
8
30
86
14
78
19
90
70
12
74
11
36
72
14
15
21
62
16
56
82
5
10
67
101
18
12
29
89
108
50
120
23
47
40
128
25
62
24
13
71
33
24
32
5
36
1
49
17
12
64
87
9
107
44
6
20
42
9
1
32
15
71
23
57
12
51
56
85
22
2
41
40
10
85
4
52
36
20
36
158
37
81
33
51
28
8
71
36
17
83
79
47
51
10
23
29
64
10
8
1
91
27
21
18
65
21
29
57
4
10
16
59
36
44
60
74
119
23
100
62
83
19
65
4
52
18
98
20
45
40
44
70
10
64
54
33
46
4
11
6
31
9
47
24
33
46
10
4
7
31
85
32
64
17
50
35
15
39
128
23
16
8
53
9
2
8
108
4
25
72
27
40
90
36
14
71
74
22
32
49
46
97
86
21
67
21
57
18
3
60
70
23
3
47
65
60
49
23
9
60
3
17
94
44
126
66
4
59
24
17
69
30
80
38
32
7
44
17
66
42
17
52
11
61
7
47
55
19
23
68
7
66
21
86
40
4
77
43
25
8
70
31
42
1
56
20
18
42
72
42
77
72
56
21
25
57
70
21
133
47
23
80
47
36
56
37
28
8
43
42
12
6
24
11
15
45
6
33
18
90
65
57
40
64
53
27
39
73
34
37
39
37
24
83
7
29
40
5
75
33
11
30
15
9
89
13
40
56
36
98
13
4
9
147
2
39
11
31
12
4
50
14
1
78
16
112
105
7
60
15
29
43
58
51
70
4
66
60
48
73
17
54
19
13
34
54
25
11
96
1
2
56
9
45
65
28
52
102
8
90
56
21
56
73
13
11
4
69
35
16
77
37
17
88
81
10
9
30
69
0
74
33
115
77
35
10
28
7
131
28
34
23
104
97
22
51
70
9
28
105
25
19
76
69
11
76
34
2
4
23
63
31
75
16
33
12
7
40
27
24
32
40
12
27
3
67
19
58
67
20
40
67
1
20
47
22
12
84
13
44
22
82
52
32
87
63
8
34
11
9
68
71
6
12
10
8
44
52
16
9
18
18
90
35
78
58
25
17
124
114
27
68
52
26
28
0
25
36
19
49
34
22
122
52
57
54
86
95
17
4
14
69
15
4
16
60
9
2
73
157
16
3
27
91
17
71
6
117
29
33
28
72
45
17
70
100
12
14
15
53
1
15
31
31
34
30
70
17
23
3
15
62
52
81
21
97
2
31
29
9
54
53
49
21
28
31
29
64
87
76
15
61
90
3
14
35
7
36
12
34
22
39
19
24
13
2
17
90
21
12
25
4
45
95
20
63
20
92
67
40
42
83
23
23
21
25
6
60
25
42
10
36
13
92
68
48
44
36
50
34
43
16
29
79
27
25
28
17
42
17
55
17
24
17
46
41
25
33
0
8
54
71
92
61
29
18
79
19
31
93
60
11
49
28
52
99
93
27
49
37
4
30
55
27
15
48
61
39
36
5
11
76
53
2
8
22
56
59
48
14
74
34
56
45
63
112
15
74
32
38
24
84
34
7
71
77
3
14
59
58
46
28
6
47
55
76
49
11
11
40
23
68
35
44
42
61
23
14
52
164
28
44
23
21
86
12
36
14
5
15
9
37
24
51
40
24
19
39
29
40
48
1
153
8
41
45
61
70
38
13
43
48
7
49
34
9
78
54
35
16
38
103
10
46
23
49
5
1
10
39
10
20
22
9
52
8
36
63
18
32
52
42
68
88
55
109
84
9
64
32
16
3
45
38
22
12
18
97
37
36
96
12
37
9
35
27
76
21
67
25
57
66
32
15
63
38
6
13
84
37
16
20
18
18
126
60
14
61
47
47
38
32
37
114
19
38
91
40
38
54
15
21
52
26
40
21
64
4
35
72
9
35
14
50
98
17
11
12
31
16
87
47
12
52
31
6
23
11
52
34
86
73
18
44
17
83
16
59
17
7
18
60
34
35
4
79
36
22
19
37
29
38
23
46
16
42
9
46
28
18
6
46
28
8
0
80
57
49
17
4
10
17
52
29
68
47
29
38
5
72
49
19
103
9
55
60
9
25
31
51
3
111
20
13
46
36
12
44
93
72
40
59
77
12
43
82
28
39
3
23
24
6
81
28
20
15
10
20
68
23
11
30
3
26
45
29
124
23
30
38
2
16
15
0
26
58
34
28
11
25
19
28
45
13
46
2
26
27
25
55
93
41
78
35
0
11
1
20
22
22
5
2
11
50
85
53
89
35
5
6
17
27
60
16
31
27
59
32
16
19
45
23
38
3
19
101
1
26
11
90
11
18
22
19
26
19
0
60
80
42
48
89
22
37
32
11
9
3
43
13
16
18
56
78
3
133
32
43
80
2
51
27
114
5
41
1
30
49
21
5
36
12
35
83
38
27
4
28
44
19
4
5
8
48
27
6
27
6
4
12
68
15
88
0
7
49
14
29
43
4
65
6
0
96
16
32
28
37
8
43
7
40
72
33
22
8
53
44
47
19
16
51
28
61
29
16
22
8
11
30
48
23
43
37
48
26
55
5
71
27
2
40
56
25
46
5
11
24
7
35
40
26
67
40
7
28
18
2
75
60
54
43
33
7
40
44
9
83
1
36
17
56
45
35
47
16
58
36
35
18
22
52
93
31
58
5
36
27
27
22
10
33
47
8
66
2
118
32
33
35
21
35
30
32
55
9
81
3
45
60
21
6
87
32
13
3
40
9
19
11
11
23
56
37
2
15
15
65
8
25
57
54
26
6
6
57
70
33
35
14
11
62
35
18
35
26
17
13
9
1
40
12
22
29
40
33
27
45
12
65
53
66
17
18
40
8
25
15
6
37
19
3
36
22
19
16
13
3
35
99
40
63
90
67
16
39
46
51
50
31
8
44
28
16
69
62
13
77
33
43
1
54
53
31
18
29
22
10
15
25
35
15
13
40
48
2
14
1
41
24
9
42
30
9
101
4
42
77
23
7
1
40
50
12
12
16
21
48
91
0
3
0
2
11
1
56
79
54
60
42
14
26
3
18
10
17
14
10
46
9
56
29
2
37
17
3
48
34
38
8
13
61
3
4
55
49
20
65
34
14
56
63
108
12
36
82
11
39
34
33
22
14
23
2
44
35
20
18
32
19
6
52
15
56
43
34
17
53
11
0
26
16
2
22
28
42
16
19
12
21
28
10
45
59
35
19
8
9
23
32
5
26
54
45
0
19
41
38
25
6
1
23
88
36
15
65
6
27
90
6
4
11
3
47
33
7
22
25
35
14
37
68
51
17
1
7
64
34
75
41
34
26
40
70
42
38
11
57
70
12
45
38
15
67
11
68
60
65
13
13
75
23
6
17
6
37
24
8
42
48
16
29
52
36
2
39
20
70
10
13
17
35
25
10
44
46
8
18
6
69
35
16
19
42
32
46
11
55
82
20
14
17
3
22
24
18
40
30
17
6
46
70
1
31
25
9
1
30
30
18
19
14
5
2
45
6
37
74
30
25
29
35
70
1
22
27
4
8
40
3
21
49
35
23
8
20
11
17
47
11
20
11
29
2
1
13
43
3
30
22
46
28
60
16
21
33
7
5
27
21
21
36
1
6
11
49
6
20
28
17
18
17
28
34
9
29
15
11
12
58
31
46
17
1
11
25
9
3
28
35
3
30
9
1
94
39
36
49
42
23
42
22
25
10
40
22
61
29
5
5
51
57
35
42
40
17
3
26
37
26
2
32
16
8
2
35
71
26
0
6
3
1
24
38
16
18
14
28
1
52
23
10
33
76
42
12
38
69
34
2
37
22
18
50
34
7
6
49
27
14
25
3
37
18
3
21
28
2
19
64
6
17
20
20
33
4
15
47
20
13
8
15
23
5
41
46
27
46
5
24
4
1
12
9
7
49
3
19
67
35
26
7
47
22
19
15
34
10
10
9
3
34
0
43
13
6
5
30
82
2
13
38
0
49
28
36
32
10
42
19
35
19
14
22
40
21
57
20
56
3
30
4
19
63
42
13
29
56
2
50
22
45
11
24
35
51
18
42
4
25
2
16
61
28
38
10
10
7
27
13
6
5
5
5
22
53
31
38
2
8
12
7
3
35
1
4
24
57
19
45
54
48
63
23
0
4
4
44
27
38
30
4
64
30
14
21
5
2
12
9
17
7
25
6
10
36
3
15
1
23
15
9
14
8
26
40
1
5
13
18
3
9
27
12
16
7
3
23
24
44
12
13
2
2
4
1
27
96
40
47
58
21
9
73
24
32
18
34
5
8
30
20
4
2
1
9
26
3
9
22
15
35
23
11
39
7
5
7
27
28
2
22
42
14
11
32
24
1
16
17
33
22
66
13
31
4
15
21
45
2
71
7
36
55
12
16
72
38
4
26
35
24
19
18
30
36
21
34
50
29
20
1
39
53
68
27
8
16
1
47
19
8
33
26
8
8
35
28
16
25
19
4
11
60
6
30
18
15
25
3
34
15
8
22
5
25
38
36
56
18
41
2
18
16
28
19
33
12
4
38
47
5
48
38
33
35
14
10
19
71
20
18
3
26
29
17
22
51
7
15
36
35
27
34
42
14
15
7
30
17
31
14
3
7
14
37
46
18
38
36
32
52
23
40
35
17
28
31
17
25
36
43
4
16
5
7
35
14
54
21
15
15
23
9
40
5
26
0
55
25
31
29
9
17
41
15
8
19
35
18
20
2
30
2
19
2
30
15
35
25
9
29
11
29
43
3
9
11
7
10
27
41
28
25
6
16
11
48
35
21
8
7
17
13
50
6
10
4
30
30
14
7
35
46
45
26
3
91
17
10
7
46
5
36
4
6
26
25
3
32
0
29
6
10
29
21
31
9
29
10
57
17
11
77
12
24
46
32
5
1
27
10
19
11
12
10
19
6
8
33
56
17
6
44
34
30
21
8
13
14
20
37
32
16
15
7
61
23
8
17
44
59
34
7
24
41
29
13
5
23
9
3
31
8
21
26
14
13
21
49
6
29
19
24
10
20
29
3
5
2
19
17
19
13
34
27
25
12
0
3
24
27
15
24
38
22
30
25
15
4
5
8
33
42
17
10
27
12
14
7
45
7
4
1
22
5
22
27
44
13
20
20
2
33
13
7
37
6
5
7
13
17
3
6
57
10
44
7
1
83
11
32
29
10
13
4
11
25
1
18
22
7
33
37
1
9
4
33
0
14
27
4
2
7
2
30
9
17
9
29
36
12
1
25
12
47
8
23
15
37
1
22
14
4
8
12
2
13
17
7
20
17
1
24
16
8
7
2
46
17
24
8
18
29
23
1
45
13
9
2
2
8
29
8
14
25
15
11
16
4
9
5
6
14
27
18
5
6
10
15
6
35
10
26
16
14
23
45
20
37
41
14
28
2
24
15
2
7
12
14
12
17
12
9
47
6
14
11
11
16
35
46
23
6
24
13
5
27
40
16
3
15
15
23
45
24
1
2
13
32
23
19
17
9
11
22
4
46
16
12
10
24
1
41
8
2
6
28
10
16
2
3
22
4
8
21
1
9
1
9
6
26
24
7
7
1
24
10
5
36
9
8
33
17
8
15
32
8
3
7
18
2
2
0
36
25
19
3
12
7
7
1
35
15
16
2
8
33
7
10
2
7
3
12
8
1
5
17
21
14
15
11
22
0
7
17
29
8
1
45
14
3
0
20
4
11
5
16
19
51
6
4
37
15
9
19
5
3
7
14
1
22
14
17
5
26
23
3
33
2
8
21
19
16
1
3
11
0
25
21
16
11
12
12
3
3
26
13
1
3
10
6
26
5
20
6
14
16
0
4
21
19
5
13
2
8
34
5
22
5
11
24
7
5
5
18
7
24
7
8
9
9
7
2
19
3
21
11
23
21
6
28
1
8
8
18
6
20
10
2
2
9
3
0
2
13
8
2
14
9
6
15
3
2
8
5
12
29
5
4
2
20
10
15
13
9
4
4
1
8
6
9
0
8
8
6
15
2
22
5
14
5
10
13
2
16
1
1
4
1
7
18
3
14
13
8
2
24
3
3
6
4
8
5
0
5
13
0
5
5
11
6
0
2
5
4
31
0
2
6
2
0
6
11
6
1
1
10
3
1
9
1
3
2
8
12
4
9
15
12
2
5
1
3
3
3
4
2
4
25
8
10
0
3
21
1
1
8
3
1
9
7
3
4
5
2
12
5
2
2
3
7
7
3
2
5
1
3
6
0
2
4
0
4
4
0
3
3
1
8
4
3
1
1
3
1
1
2
1
1
0
0
