10
63
1
50
3
4
5
14
66
17
1
7
46
72
57
9
26
11
15
4
9
8
3
21
27
8
46
4
22
15
30
18
75
19
26
116
47
25
16
7
38
56
27
7
17
2
12
18
23
62
15
31
48
48
24
55
10
0
18
44
116
46
7
22
1
26
21
51
34
31
61
98
32
39
5
58
10
22
28
13
24
86
63
7
52
49
54
60
76
29
1
49
28
62
48
64
16
9
20
23
39
33
3
43
14
99
69
9
14
146
51
64
4
38
94
42
62
16
4
4
72
70
62
78
57
63
56
45
61
48
80
27
12
33
1
62
27
77
54
132
11
78
46
24
49
107
24
20
12
30
134
34
32
1
45
22
97
60
9
71
69
131
25
33
118
79
32
92
3
5
29
68
34
93
60
63
63
100
28
34
72
28
34
5
58
12
93
64
33
18
34
98
14
21
32
105
48
43
66
31
25
19
85
82
61
24
1
68
21
115
12
21
34
26
28
131
20
61
61
24
21
36
84
5
59
123
62
17
100
104
21
144
102
0
15
26
33
30
25
70
46
14
30
41
69
150
63
28
60
16
39
6
64
51
19
110
30
57
33
19
42
32
37
40
61
46
70
7
6
27
90
89
148
25
55
140
61
19
47
66
11
31
80
120
34
13
34
50
17
38
55
21
24
56
104
63
51
47
108
48
19
6
30
29
27
20
39
26
99
5
54
47
72
3
129
23
14
49
19
43
16
64
42
34
52
10
17
56
2
28
99
5
11
86
23
92
1
79
8
113
50
83
19
40
91
95
57
53
15
9
32
20
35
11
30
26
137
85
38
33
73
98
24
75
11
3
47
54
27
19
58
30
25
76
75
70
35
91
23
12
9
67
69
77
129
43
132
59
18
94
1
38
42
15
72
26
1
5
13
40
61
8
42
29
36
26
31
48
50
92
42
19
50
0
58
63
44
12
47
112
1
48
42
126
43
25
109
4
30
8
64
77
5
16
34
27
14
49
35
16
38
23
18
14
11
133
17
33
6
120
9
100
132
49
32
42
29
11
13
45
16
51
162
29
141
88
63
43
66
5
31
56
60
141
20
48
51
39
68
26
10
61
32
27
94
20
56
23
22
29
49
16
45
7
95
60
87
20
72
16
18
17
11
71
69
149
69
38
66
71
90
97
21
53
58
27
35
59
6
17
81
76
15
38
16
100
23
133
13
53
2
95
53
32
2
21
15
15
73
38
4
63
39
6
14
46
18
6
78
59
44
26
81
42
41
5
27
5
32
98
48
13
90
43
68
5
1
26
71
51
37
25
77
100
32
104
16
9
89
90
17
56
100
55
125
98
37
35
9
56
56
14
35
46
88
4
53
12
66
40
63
55
93
19
99
7
49
67
87
17
45
57
94
65
76
96
12
23
4
48
52
123
44
58
79
35
24
4
39
68
48
37
113
44
61
20
14
7
39
20
30
12
79
33
51
42
120
92
70
36
41
87
65
35
124
109
125
72
36
72
72
10
33
59
68
146
6
63
78
27
99
13
53
11
62
158
55
12
44
41
6
20
13
69
52
36
28
39
52
121
20
6
45
127
11
48
30
19
53
2
71
37
9
15
63
7
70
0
21
68
51
41
23
69
98
23
25
74
32
11
20
16
6
88
62
15
2
22
111
61
11
96
57
31
10
33
32
44
71
19
105
5
23
30
35
42
107
56
19
33
99
55
49
60
71
21
83
15
3
4
32
19
72
36
95
86
109
55
93
66
74
25
37
11
1
26
18
168
29
73
34
15
20
5
37
8
27
28
89
58
40
77
106
58
24
39
16
29
73
147
54
47
49
67
20
5
2
84
83
25
26
38
5
100
28
51
136
84
103
56
35
23
8
98
42
81
6
2
71
73
88
34
70
73
4
104
18
18
61
42
24
51
32
21
62
96
2
4
49
26
93
20
36
70
39
27
7
36
4
9
16
3
57
68
56
91
110
75
1
64
14
12
124
30
77
19
8
8
62
50
57
16
104
6
6
31
1
47
0
64
34
106
59
13
44
17
115
51
36
67
96
14
48
30
25
30
115
19
60
9
52
7
77
65
98
74
32
7
61
58
35
43
1
51
58
18
21
0
42
107
1
7
19
24
52
14
76
20
52
17
103
66
2
13
39
17
87
20
12
31
73
50
23
54
29
47
2
42
63
71
38
16
10
59
47
41
8
76
79
0
33
39
28
72
63
102
86
31
30
16
42
65
6
58
70
74
35
92
83
30
76
35
21
5
20
34
44
21
35
29
74
62
14
11
36
39
32
94
21
31
72
54
8
21
43
0
19
118
81
68
47
4
57
26
1
129
47
31
47
44
59
10
27
12
28
4
64
55
58
78
62
10
87
85
12
56
5
20
64
71
10
116
59
40
83
3
6
63
53
49
100
37
24
11
76
29
59
47
12
28
22
33
30
26
83
14
13
107
3
4
94
37
6
74
1
36
111
85
18
23
182
0
38
18
27
26
82
65
31
67
30
29
63
38
101
42
32
0
30
27
51
34
104
15
63
34
136
7
4
13
9
102
29
36
2
41
1
17
5
76
75
55
64
0
61
23
35
11
35
36
77
19
26
50
25
21
80
8
58
8
67
37
1
48
144
1
43
41
13
7
52
52
98
55
47
21
46
12
87
10
22
11
47
34
40
23
33
14
42
29
67
10
13
70
17
1
71
23
18
36
47
21
49
4
46
27
82
10
23
50
27
13
70
27
35
24
2
92
52
63
36
23
42
57
25
41
16
27
12
34
63
138
36
101
50
90
131
13
45
9
19
36
86
9
65
35
30
106
42
8
41
63
32
49
61
4
50
53
48
107
60
24
50
38
8
8
91
14
14
78
79
46
81
5
63
84
40
36
60
47
67
21
14
48
35
57
5
44
57
31
10
12
47
103
39
26
34
36
69
121
18
78
7
19
41
59
102
32
22
11
11
25
1
22
26
16
22
38
54
18
87
16
145
76
72
21
53
10
11
58
24
40
70
79
51
8
54
5
66
2
69
8
19
30
52
11
5
95
2
89
112
35
55
3
8
94
67
28
56
12
48
58
33
40
2
103
59
36
23
95
2
6
29
15
36
47
25
13
64
53
15
12
39
46
3
5
78
27
56
34
69
2
14
60
21
9
52
59
75
72
71
4
11
46
31
118
5
0
49
39
28
48
36
39
4
91
44
61
70
35
16
29
51
6
70
9
22
23
76
40
51
43
32
58
38
12
2
4
3
37
37
54
28
19
46
8
63
81
6
10
57
23
29
5
60
34
50
19
7
13
35
33
85
90
47
49
61
74
30
45
13
63
29
47
38
20
16
57
31
8
35
50
85
2
22
96
49
56
52
43
37
1
45
119
31
34
1
18
33
6
90
45
68
56
78
94
12
47
26
41
83
56
5
59
10
28
5
34
34
33
29
34
38
15
1
23
50
6
70
89
9
2
58
13
59
13
61
29
28
20
24
21
112
57
39
42
50
43
0
83
29
36
3
66
41
67
19
56
63
15
61
63
17
6
8
35
34
54
2
35
44
59
57
50
15
14
27
41
98
149
5
34
18
9
4
7
42
23
3
5
50
15
126
41
56
10
101
34
11
11
84
36
15
41
104
21
33
16
66
32
16
54
15
3
7
54
26
3
15
2
65
8
54
12
88
31
12
69
31
38
22
49
11
27
42
38
18
0
60
53
18
8
30
4
48
88
44
39
77
4
21
15
27
15
36
17
55
16
24
11
5
39
19
17
9
4
17
51
33
86
69
55
66
122
6
92
23
31
10
48
14
17
42
26
14
45
15
75
35
11
44
29
12
75
48
41
15
8
59
33
91
57
17
24
78
4
20
61
78
28
22
34
37
22
39
41
10
39
26
32
43
33
37
20
28
79
13
63
35
59
43
42
15
31
17
13
5
14
56
32
6
57
91
7
65
54
5
39
21
4
25
56
11
40
9
92
55
47
18
7
19
22
4
90
60
7
45
27
97
38
83
57
29
7
17
4
13
38
56
4
16
42
53
62
86
18
24
34
27
97
2
95
71
43
20
80
40
71
21
39
12
47
15
11
19
72
55
45
11
23
45
22
6
9
21
99
8
40
28
42
24
7
20
39
46
37
13
7
1
35
20
4
112
34
31
66
30
77
47
2
10
16
94
1
28
2
52
59
44
69
9
32
42
73
45
7
32
51
71
20
4
6
51
1
29
95
15
99
21
64
30
12
0
22
47
2
18
26
24
86
38
32
3
29
15
104
66
0
6
21
30
10
66
13
56
9
61
66
25
15
9
36
36
60
26
25
28
107
11
5
1
17
30
46
2
41
7
116
23
14
38
16
18
33
45
45
74
7
57
53
8
76
7
26
33
4
32
34
59
24
65
2
7
11
41
37
40
14
29
78
2
5
80
34
22
50
32
19
21
59
15
65
12
9
4
51
21
43
43
21
117
50
43
38
57
29
59
37
32
3
10
25
2
11
10
58
27
40
69
23
1
6
97
49
39
23
16
18
25
34
30
18
38
90
16
67
59
2
45
65
57
30
67
51
14
10
81
25
25
0
104
26
71
15
59
17
29
54
50
0
43
29
41
38
6
32
41
38
78
5
6
13
28
42
1
22
45
46
31
0
24
2
15
9
65
40
34
59
46
9
24
48
18
59
25
43
23
17
20
21
37
78
48
130
78
40
7
14
2
1
9
40
30
45
30
27
53
5
69
39
30
45
51
12
33
37
27
53
15
16
12
41
46
4
54
54
73
21
12
9
49
64
18
12
8
23
41
48
7
60
11
57
56
6
0
27
46
69
86
45
10
68
9
89
0
67
30
55
16
43
21
10
22
3
37
8
2
21
46
11
38
51
49
27
9
0
40
26
36
67
55
26
48
8
14
32
82
57
19
43
69
10
19
56
27
29
3
15
31
0
37
3
5
89
59
7
69
22
2
16
10
43
68
42
17
49
41
0
20
9
5
16
6
58
52
16
50
85
10
19
3
18
42
2
16
38
13
4
38
16
53
2
20
96
39
6
6
34
37
20
14
26
4
6
28
22
67
63
6
26
21
7
50
59
25
5
6
1
8
64
32
3
36
44
10
21
39
36
34
27
15
16
37
35
4
14
33
25
53
6
13
30
14
26
45
24
20
45
7
10
11
8
29
21
72
3
41
46
8
4
20
48
20
42
16
29
47
61
65
6
124
23
32
22
97
35
22
7
46
35
50
42
17
19
23
24
66
30
80
29
26
15
32
22
41
2
6
7
10
4
36
15
10
2
6
12
21
17
79
31
135
32
33
19
32
14
64
37
28
19
83
37
45
28
10
30
12
20
52
37
3
23
37
74
25
39
14
20
65
37
16
74
1
10
24
60
20
47
37
10
28
105
75
66
18
6
31
24
65
23
4
19
22
17
9
66
37
7
49
14
16
27
7
36
28
19
16
46
35
22
53
3
33
76
48
18
21
66
11
78
15
13
16
30
28
29
28
49
42
43
38
22
34
9
22
9
81
10
40
8
9
17
27
35
3
6
2
52
19
49
31
28
22
23
26
16
1
20
15
9
43
35
37
44
1
11
45
54
50
35
54
62
8
12
57
29
16
21
65
12
22
24
60
17
17
25
44
5
62
56
54
8
4
73
14
45
56
10
32
32
27
17
8
41
7
34
13
5
29
4
24
0
11
28
53
11
85
44
9
33
14
3
16
41
32
74
25
78
17
14
31
72
17
26
14
24
22
5
43
7
11
6
52
42
85
9
38
8
2
33
10
4
16
23
21
2
1
16
14
30
67
34
20
7
27
37
71
25
3
46
8
38
32
19
26
43
51
7
9
7
58
12
4
0
59
36
1
21
19
17
27
12
24
16
12
4
70
42
4
9
34
18
2
8
45
9
26
12
23
43
16
58
4
42
32
41
28
56
47
39
34
35
0
10
12
42
29
4
16
4
13
33
74
30
19
5
12
94
5
68
24
37
45
41
9
14
62
33
5
13
10
3
32
16
11
16
17
17
3
17
20
51
5
31
33
11
4
39
2
14
15
75
4
33
17
34
4
30
3
2
23
43
99
17
31
1
18
59
2
39
36
14
42
1
4
21
0
20
53
22
39
3
13
22
41
45
6
29
57
1
0
18
17
28
19
7
35
2
0
42
13
31
2
65
15
2
5
13
40
45
31
12
17
36
14
34
25
10
0
3
12
59
26
44
23
37
55
30
3
70
3
19
8
2
55
31
9
5
45
4
4
59
13
9
19
43
1
13
36
5
33
58
28
15
39
14
7
26
64
15
14
11
1
25
0
55
7
9
29
13
37
0
4
13
3
7
14
24
41
12
97
61
29
18
14
16
16
14
16
31
40
69
46
13
24
5
11
10
23
18
8
2
16
7
26
0
26
7
57
56
8
13
13
47
11
21
23
25
31
40
27
5
13
16
29
12
5
31
8
32
26
3
20
14
22
27
43
57
8
6
30
14
20
33
22
11
25
7
5
48
13
22
18
5
0
11
5
11
10
2
3
46
26
3
31
28
13
10
36
43
29
60
22
14
35
20
18
3
14
35
19
6
1
14
19
14
63
0
4
17
12
31
23
12
8
23
20
6
2
14
27
41
35
10
41
23
33
24
35
29
20
22
0
36
7
20
8
16
22
5
17
2
1
33
54
61
20
7
19
31
3
24
50
19
56
10
0
20
5
2
8
46
8
43
33
16
18
4
16
28
7
49
14
7
23
12
35
3
13
15
20
51
10
1
19
21
60
9
8
13
49
46
38
15
48
14
29
18
8
37
28
1
29
14
38
11
21
8
6
5
9
56
24
23
16
6
8
34
25
61
13
28
3
50
11
15
46
15
21
8
44
7
29
19
1
20
21
10
13
44
17
30
2
21
34
16
41
23
30
8
28
25
34
32
20
8
39
8
12
4
16
30
38
24
19
27
4
7
28
19
42
17
5
7
6
60
17
5
1
26
5
25
17
51
5
1
28
19
9
40
2
17
23
30
46
10
54
53
8
46
30
10
25
22
6
11
36
3
10
29
14
28
17
6
25
41
39
10
10
2
18
1
3
10
11
18
15
10
13
36
27
21
34
7
2
4
19
44
24
8
39
21
17
31
27
54
21
1
39
50
16
2
9
17
3
15
34
13
26
10
44
35
10
3
6
12
7
21
11
23
35
6
26
16
18
7
28
13
16
18
17
25
31
2
30
33
64
4
12
14
47
35
2
5
18
27
32
12
7
42
19
23
31
25
27
6
8
11
8
23
9
1
39
20
31
27
13
24
16
8
2
2
8
23
7
9
30
7
19
9
36
19
7
15
39
48
56
6
3
24
0
2
15
18
23
10
38
26
41
30
21
32
44
1
0
33
17
0
36
1
74
9
13
10
7
29
24
2
24
6
6
35
7
7
29
16
6
4
6
15
3
13
4
3
24
0
27
27
10
27
12
6
3
18
7
3
24
1
18
22
22
49
10
26
3
37
3
4
48
2
6
23
38
23
30
3
21
7
13
35
17
26
1
8
10
1
9
17
15
1
11
20
6
33
41
13
22
22
39
16
7
22
34
26
21
1
6
2
11
24
25
24
22
24
3
6
23
25
13
28
13
22
2
31
12
22
13
28
9
3
4
1
14
5
12
27
13
20
43
22
8
10
20
12
3
20
18
10
24
32
12
2
8
26
2
8
16
17
15
35
25
12
13
11
2
40
32
3
14
8
1
21
12
4
6
12
9
22
33
1
4
22
7
0
27
27
17
15
13
10
6
1
5
28
15
5
4
11
18
14
7
6
6
19
6
17
12
25
4
1
4
25
22
5
19
1
34
13
6
0
18
16
33
6
1
13
23
8
16
38
10
0
17
26
8
6
15
9
1
40
26
9
15
22
8
27
11
5
27
14
4
5
17
12
46
29
15
7
5
16
35
37
1
16
3
13
4
9
28
1
25
19
13
0
18
15
10
17
14
20
5
12
7
7
4
11
16
8
26
2
4
17
15
13
13
47
13
6
10
2
3
9
6
21
17
13
14
4
6
12
15
7
15
17
20
7
9
8
13
13
3
9
7
14
2
2
24
1
13
13
8
18
19
9
10
34
5
0
5
3
21
5
2
2
12
7
11
5
14
2
26
2
8
5
17
9
9
3
15
0
3
19
9
24
1
17
4
6
13
3
29
1
5
4
6
9
2
2
5
0
6
11
8
6
7
3
7
0
7
4
7
5
11
11
6
14
2
1
11
0
4
7
11
2
15
10
5
23
8
16
2
3
9
11
2
5
10
10
4
22
6
20
2
5
18
6
9
4
9
5
0
4
2
4
5
7
4
6
3
18
4
3
4
4
4
12
5
7
0
5
5
1
3
3
2
5
6
4
3
8
2
4
9
4
1
2
5
3
0
0
3
7
0
3
6
9
2
4
0
2
2
6
3
2
1
1
0
1
1
0
