25
44
27
59
9
4
12
2
18
38
43
11
6
121
28
91
4
14
11
9
36
17
21
6
12
5
15
21
21
6
35
31
28
4
165
57
5
7
19
156
29
9
148
9
16
33
6
36
46
33
11
36
32
65
38
15
3
17
56
46
21
10
29
82
91
38
61
55
11
14
59
17
51
15
51
61
9
36
1
29
68
15
7
6
18
55
71
8
2
88
71
29
101
21
26
21
10
36
46
53
37
146
25
29
5
26
100
4
13
45
50
38
31
27
79
22
31
109
56
70
128
61
5
26
32
58
54
23
9
12
42
41
6
21
32
18
31
47
14
11
30
78
27
57
34
42
8
112
114
78
59
27
2
32
31
26
132
22
61
59
60
110
8
113
11
2
24
1
24
100
24
27
81
15
94
95
7
21
13
112
79
74
74
33
82
86
24
14
20
25
57
84
120
34
8
62
68
99
63
42
13
4
118
0
65
68
59
13
29
6
134
72
50
103
93
31
81
76
54
15
59
17
55
27
126
14
9
65
96
5
2
19
56
73
53
99
5
19
15
0
44
16
32
92
8
103
2
17
63
49
62
14
29
23
27
32
65
55
45
54
18
19
41
42
26
25
80
137
61
4
2
4
49
27
4
14
105
76
67
90
9
6
104
79
18
34
24
31
34
28
47
9
47
67
80
12
60
22
11
36
67
66
3
43
92
20
77
139
90
92
82
50
13
14
64
3
138
59
57
21
12
70
73
92
30
97
74
6
48
60
108
1
10
57
82
18
154
2
50
11
3
16
56
49
40
2
38
35
118
92
36
9
5
126
4
32
2
62
29
58
92
38
167
96
68
68
86
38
26
43
34
36
9
49
36
39
2
50
44
64
28
57
24
28
43
50
27
10
21
16
18
36
48
20
63
25
32
48
6
20
2
68
14
107
32
43
19
24
22
96
61
36
49
63
29
1
1
49
19
68
15
103
63
27
82
59
31
83
57
75
27
8
55
32
132
11
15
44
102
48
31
131
60
56
79
32
53
77
43
4
65
39
22
72
11
93
92
73
28
62
40
1
55
96
35
15
47
11
5
35
26
37
31
64
55
91
13
62
49
43
29
120
71
73
37
27
16
32
26
92
89
52
35
12
44
59
51
76
5
7
57
19
84
35
55
79
40
29
2
46
35
3
70
38
47
29
48
9
2
35
14
50
68
87
69
35
1
48
64
33
91
76
44
10
40
77
39
53
31
77
12
32
127
71
24
8
86
49
37
19
123
171
17
38
9
66
22
25
57
63
45
37
44
20
10
27
19
35
33
1
5
17
41
14
3
75
42
85
50
81
4
150
87
12
51
45
71
92
46
56
52
24
27
33
45
34
60
161
41
10
117
43
3
55
0
39
65
7
66
84
39
35
8
52
34
4
20
61
81
88
20
2
89
69
35
112
148
41
31
5
27
51
9
22
25
23
11
24
32
55
90
35
2
58
19
30
54
25
75
89
67
43
38
60
2
22
39
55
7
21
97
7
68
131
114
66
38
14
23
0
3
59
153
42
3
28
42
9
51
26
91
74
28
64
1
52
39
44
0
105
105
55
5
4
26
15
18
27
27
24
21
37
57
81
53
14
29
38
78
53
12
43
28
20
8
85
67
74
12
50
19
84
26
25
0
56
17
36
55
28
26
59
67
16
80
69
19
71
78
11
117
32
38
14
69
15
56
19
2
118
89
66
63
15
40
29
54
70
0
33
72
19
21
1
111
13
17
5
96
47
34
38
16
47
24
111
1
66
4
12
102
28
56
5
71
103
70
28
54
45
15
40
39
75
25
36
37
15
58
14
40
74
26
37
64
61
31
75
76
26
35
5
38
12
8
81
50
109
39
22
38
73
26
38
1
130
61
57
82
57
16
17
43
30
13
11
126
7
70
29
38
6
23
36
112
31
92
58
75
4
42
33
28
60
20
8
95
62
9
54
23
7
19
52
77
35
40
58
46
30
2
32
18
55
75
16
67
14
53
17
17
61
9
4
22
25
17
1
17
63
66
61
4
105
13
85
27
33
62
12
35
60
32
30
26
88
50
55
21
23
6
37
42
85
70
30
96
24
22
34
19
53
45
74
49
33
66
24
14
109
32
59
23
60
77
32
85
130
30
92
45
30
36
20
73
116
36
1
9
16
46
32
13
3
49
43
11
12
21
41
123
46
15
36
57
48
19
43
31
5
21
88
83
39
53
120
61
55
76
104
6
65
7
23
1
50
105
26
138
23
67
155
4
11
24
2
52
77
79
5
74
29
61
18
68
24
18
20
31
8
24
16
37
40
91
100
13
57
63
6
79
2
50
18
19
16
74
22
75
9
22
15
33
40
105
57
11
23
62
24
24
8
2
0
25
35
46
63
35
1
87
0
15
57
46
37
54
71
79
11
88
25
63
105
34
37
14
20
41
37
5
15
44
3
30
9
10
35
97
37
12
26
23
66
29
18
60
54
47
8
8
111
32
26
135
60
49
56
27
35
22
1
54
18
46
26
25
74
41
46
65
25
39
23
13
83
94
67
7
10
14
7
34
77
70
8
4
38
44
29
8
65
71
84
18
58
43
63
42
4
0
40
29
57
114
27
33
5
86
15
2
62
34
59
42
72
78
51
109
28
59
40
5
19
35
57
23
23
60
146
4
17
84
4
18
78
55
67
67
6
33
57
62
43
80
25
38
13
20
113
28
3
33
30
44
38
64
80
99
13
71
33
84
20
7
43
9
53
129
29
33
18
88
90
19
12
0
15
64
29
37
89
31
12
45
58
36
94
35
17
31
61
18
46
25
31
60
24
45
18
49
30
66
21
6
51
41
5
63
10
18
67
3
37
11
94
13
31
38
103
67
7
32
57
28
14
41
1
90
14
0
73
25
9
6
18
39
24
73
69
24
42
56
9
44
18
28
80
90
51
19
61
34
44
8
22
4
22
14
14
24
3
27
19
61
6
68
15
36
19
5
110
56
17
41
9
42
52
70
46
36
20
35
10
25
20
20
106
47
20
23
11
7
38
36
96
4
95
39
30
24
9
22
16
49
64
24
1
40
62
48
71
28
18
0
114
28
33
22
44
44
31
33
85
33
40
85
6
23
36
35
94
38
53
19
22
90
86
12
32
105
2
35
24
27
90
54
34
54
30
27
20
4
17
12
78
74
44
46
13
33
22
2
18
48
33
16
52
17
34
25
9
17
23
121
7
55
57
22
18
72
43
20
157
41
33
8
84
15
27
44
83
63
21
43
29
7
52
60
45
41
17
2
37
23
9
38
43
6
27
20
70
14
100
50
9
33
7
71
6
27
32
17
16
49
37
63
35
25
109
54
24
4
73
29
74
28
15
39
52
119
39
93
28
49
26
23
27
43
40
76
25
61
59
32
49
7
64
17
28
42
73
6
15
32
34
49
11
17
9
9
60
96
30
5
4
1
32
3
3
38
34
1
37
14
108
13
25
57
1
31
10
32
7
3
58
82
75
9
14
10
18
45
49
1
77
40
18
43
19
14
57
48
70
6
8
59
2
15
17
23
83
49
9
3
14
14
21
4
32
4
41
38
4
23
37
112
2
31
87
74
24
14
8
14
9
28
28
76
3
28
35
83
11
87
64
58
49
32
100
46
18
56
14
65
144
38
63
24
16
141
75
26
50
55
11
46
15
41
73
10
19
32
38
22
4
21
9
24
71
15
34
37
4
28
103
15
41
49
25
27
28
26
19
16
3
14
1
103
27
47
20
9
6
62
7
31
60
36
52
26
8
19
61
9
9
47
34
46
59
70
30
52
12
55
40
13
81
51
53
23
42
31
0
53
20
48
8
107
19
5
13
8
50
26
15
58
106
21
5
12
11
30
53
93
32
17
64
31
16
15
56
63
22
17
31
1
28
7
13
70
12
29
41
18
21
47
59
25
19
49
6
12
76
54
25
16
25
3
24
7
33
13
19
70
65
22
12
12
19
54
49
14
89
82
39
93
108
1
70
33
13
29
77
11
48
24
60
28
20
34
73
11
67
24
37
53
6
45
45
16
3
20
11
15
96
68
34
56
62
2
56
58
17
55
40
2
15
39
12
79
79
13
9
24
19
80
32
28
4
79
55
17
43
24
18
4
21
2
30
44
36
16
54
33
37
22
43
66
50
8
1
95
42
47
4
27
33
35
20
21
100
57
47
79
22
20
30
3
3
7
29
38
64
34
54
26
25
29
18
0
8
37
9
41
45
46
40
35
1
39
36
95
39
75
0
20
59
15
79
87
60
39
76
22
7
6
4
64
44
35
83
1
35
3
3
23
26
79
14
119
5
18
29
25
29
5
27
62
37
6
39
4
2
56
18
44
13
41
51
37
15
63
21
20
21
14
73
39
11
8
30
18
79
10
68
3
35
9
85
8
41
17
49
82
61
8
6
92
26
5
43
4
15
15
33
34
7
26
45
14
18
37
50
31
15
23
40
7
3
69
61
87
46
32
90
66
91
24
84
9
55
17
10
99
48
37
29
11
7
35
18
6
62
11
52
17
128
47
40
63
39
72
16
17
27
8
19
13
7
75
7
56
49
1
15
11
11
65
34
24
27
2
35
43
42
63
22
20
71
39
17
35
23
1
45
117
15
37
1
41
65
12
32
2
36
14
6
14
24
14
6
9
13
15
12
25
127
14
16
32
35
30
16
4
34
52
38
58
95
19
77
35
15
21
54
25
59
51
12
4
29
40
33
28
12
21
22
37
25
18
32
9
45
4
25
30
26
50
9
5
69
18
27
52
18
7
5
29
14
25
30
9
23
59
38
45
54
104
28
3
90
11
78
3
31
44
12
111
15
2
9
48
10
40
15
50
7
34
54
6
59
15
50
58
26
4
6
34
8
22
17
36
44
23
77
59
42
13
65
18
26
52
101
28
5
60
37
23
4
28
38
26
18
7
31
27
10
13
6
29
2
16
8
137
8
23
38
37
31
38
5
91
3
40
34
0
11
29
75
85
8
1
34
13
31
1
13
13
6
34
69
16
30
4
54
27
45
1
57
20
5
63
49
21
35
5
15
14
20
0
26
43
15
14
49
25
59
25
15
2
30
48
77
38
4
23
10
4
7
80
38
7
6
69
9
25
34
8
40
1
42
12
27
38
68
38
33
80
25
33
2
15
12
60
8
98
42
47
7
41
37
12
18
101
105
24
10
15
18
9
27
1
24
35
40
20
15
38
36
22
13
69
35
41
73
20
9
55
5
59
13
54
28
40
9
11
67
33
45
23
28
21
27
13
46
0
30
17
15
62
3
32
26
21
4
30
26
43
1
18
29
38
73
9
105
30
45
1
41
18
41
36
20
45
60
57
52
66
13
22
4
16
6
45
4
22
19
59
16
13
33
29
23
48
4
108
67
39
33
14
4
40
0
3
33
28
9
32
19
27
9
29
25
19
10
39
0
21
20
71
41
23
33
2
51
20
40
2
31
95
34
6
58
39
44
10
14
23
5
11
59
48
5
35
68
39
46
21
19
53
4
29
73
4
17
11
28
13
6
24
43
4
3
49
16
35
12
11
7
30
69
22
29
22
0
75
42
22
25
17
26
4
8
10
14
26
9
11
25
19
80
25
15
14
38
83
24
6
48
24
32
56
20
16
33
48
46
13
3
30
49
63
10
48
28
18
31
13
20
22
11
2
22
46
23
67
23
65
14
37
49
14
29
91
19
7
1
33
42
5
6
17
12
55
66
45
19
19
3
23
63
11
43
32
11
34
5
16
2
1
16
13
0
53
7
61
11
19
14
3
7
48
45
2
23
15
63
48
25
44
53
1
4
47
21
6
65
42
44
4
7
32
5
41
10
40
9
55
11
64
36
47
1
30
8
20
11
30
10
52
34
20
62
15
41
11
14
61
108
11
7
17
20
20
26
58
3
13
21
30
49
19
15
3
49
50
41
26
36
8
26
34
23
44
5
13
1
79
54
52
9
56
32
47
16
2
41
37
2
35
45
10
22
75
22
17
66
13
9
0
8
10
8
17
14
35
55
24
11
34
16
43
32
10
12
6
7
40
60
67
1
47
46
32
8
27
44
65
5
23
44
31
5
14
79
10
35
21
0
51
19
23
6
29
46
36
42
14
6
0
9
22
58
19
2
27
14
27
22
4
5
22
7
19
45
34
21
5
21
8
27
45
66
25
23
20
8
67
9
23
16
20
24
41
7
41
57
25
23
36
16
16
21
11
48
73
8
12
20
9
27
50
13
24
21
44
6
14
7
26
26
8
18
37
3
55
30
22
24
45
54
50
30
11
3
7
12
22
80
32
47
26
82
4
19
28
13
64
10
8
1
22
44
3
22
5
79
7
43
29
28
18
32
28
27
38
41
26
10
14
24
2
32
19
18
2
3
23
25
83
41
17
24
18
11
29
15
3
2
8
8
29
1
10
19
15
42
8
19
49
23
1
36
41
36
28
3
8
7
4
40
29
1
12
44
43
4
11
34
27
7
32
28
1
3
3
50
58
15
37
46
8
0
18
38
11
7
41
30
3
55
11
15
10
25
46
12
10
7
23
46
10
21
10
10
20
14
11
12
81
30
51
5
17
19
42
50
21
54
5
5
0
23
12
9
49
45
64
14
27
31
25
8
52
67
4
4
6
9
7
43
14
8
32
34
13
2
12
33
22
16
4
18
2
50
36
33
26
19
22
1
36
72
0
2
1
3
0
24
5
16
10
36
25
17
66
24
0
27
25
7
33
26
11
5
32
31
8
60
13
41
18
40
3
61
27
8
5
33
7
7
15
15
12
44
31
26
42
45
10
32
28
30
34
40
31
31
14
18
30
18
12
28
10
34
7
3
2
26
13
41
6
2
71
27
32
12
8
13
63
13
2
20
2
28
25
4
33
26
30
22
35
8
1
43
45
76
31
7
14
48
9
16
1
28
72
6
43
33
7
2
3
33
52
5
9
5
20
22
2
28
30
8
24
13
45
2
3
5
31
44
4
29
5
2
36
54
60
31
5
11
16
20
3
29
6
17
20
1
18
42
50
12
61
22
40
40
20
20
40
2
14
49
6
21
25
50
5
20
9
17
4
31
21
13
21
43
4
16
32
6
11
27
29
28
28
6
19
1
7
16
40
27
2
28
52
11
31
39
5
4
14
28
19
1
2
27
3
13
9
15
41
14
6
12
16
8
37
25
30
15
22
39
6
9
5
15
40
5
20
2
17
8
7
1
3
8
19
33
3
1
7
39
20
2
10
10
14
16
24
23
10
17
9
6
10
33
22
25
35
17
40
45
6
57
29
29
5
18
5
50
0
2
15
8
16
39
21
6
11
30
33
17
8
33
7
10
13
13
4
12
4
5
31
1
1
0
15
7
9
49
48
11
37
1
6
18
1
55
15
30
5
11
2
11
3
23
30
23
10
49
48
18
6
5
17
25
17
10
7
13
31
27
48
10
0
8
3
18
32
32
11
6
2
10
43
15
15
10
20
25
20
12
25
2
15
1
20
10
33
14
9
12
30
2
36
1
22
18
16
43
11
4
24
14
11
17
4
13
8
3
14
35
11
4
28
31
7
3
13
1
12
20
3
14
26
12
14
12
15
3
7
3
1
26
37
45
12
26
9
29
4
6
15
26
16
11
16
7
39
37
7
38
36
20
29
16
25
17
5
7
50
1
2
12
15
0
1
23
11
22
32
6
1
7
22
1
18
11
7
24
3
10
15
11
39
23
14
13
7
28
20
20
71
8
16
20
2
10
5
9
8
19
16
1
6
11
9
21
15
35
5
19
5
14
15
16
4
21
4
13
14
29
1
28
15
23
2
43
7
26
5
18
3
19
29
18
7
5
12
9
5
8
5
23
12
15
27
13
7
10
21
7
23
6
8
30
26
32
3
38
23
3
22
2
5
16
2
12
10
11
4
6
36
7
4
23
28
23
16
6
23
15
2
10
12
2
24
8
12
1
23
16
1
6
27
6
15
9
5
7
2
5
3
1
5
18
32
31
5
23
14
14
3
4
0
3
8
20
21
8
4
8
4
8
13
15
8
2
7
9
2
9
6
7
10
2
4
7
8
2
2
13
23
20
8
17
8
3
25
10
8
4
16
7
1
2
7
6
10
11
15
5
19
2
5
23
15
14
4
4
15
5
10
9
4
30
8
3
4
10
15
18
5
11
13
22
3
6
21
13
1
14
0
11
4
16
12
4
19
9
2
15
2
7
27
7
5
17
12
8
13
2
14
0
12
3
7
5
10
4
1
5
3
20
10
5
5
6
8
0
1
25
5
1
0
11
0
3
1
2
2
7
7
0
3
8
10
3
3
5
2
9
3
5
3
4
3
9
3
5
1
1
9
3
3
2
3
3
8
0
4
1
6
8
1
2
6
9
5
6
1
2
2
2
4
3
3
3
1
3
4
2
1
3
2
0
4
4
1
4
2
1
4
1
5
1
1
0
