4
89
72
9
96
0
5
2
29
3
49
8
69
39
11
4
25
17
31
54
83
10
11
23
8
2
25
15
6
27
153
49
17
5
24
23
8
11
30
56
25
57
25
4
4
52
109
140
79
61
71
40
31
39
103
1
31
36
21
67
44
32
42
52
13
11
39
4
12
30
6
7
22
43
8
32
8
7
84
90
23
5
97
44
31
59
73
109
67
5
18
51
47
47
39
109
36
33
43
5
59
26
23
37
25
9
70
5
63
66
40
104
88
58
8
30
81
56
30
1
32
81
105
98
55
53
68
19
15
107
1
30
75
98
46
56
24
66
15
105
21
117
31
2
33
21
3
11
22
17
6
14
63
47
10
14
11
23
31
10
43
56
91
21
52
12
81
149
8
34
2
60
16
64
19
17
10
73
132
38
2
64
29
56
28
3
82
22
26
33
29
84
16
131
102
80
46
12
85
20
88
11
18
10
7
77
52
25
57
1
96
107
7
27
76
177
4
17
23
67
1
101
38
2
9
7
80
9
41
28
41
9
140
70
62
63
28
28
24
33
44
38
66
37
47
85
130
100
51
48
7
114
102
54
62
4
56
114
34
5
19
13
70
71
6
84
73
43
32
5
9
19
37
44
37
21
39
47
33
54
31
25
5
60
21
43
59
20
7
12
1
103
66
70
44
6
6
54
45
57
85
10
24
28
45
93
60
69
27
110
26
146
9
107
43
48
8
41
54
18
33
6
94
3
21
22
128
93
4
155
79
27
77
52
34
55
41
191
62
73
28
89
39
95
109
28
23
3
7
107
42
78
58
65
25
98
59
17
45
29
27
59
4
11
22
4
84
11
9
21
57
25
12
21
10
110
91
30
67
33
25
12
18
18
64
23
60
50
102
39
55
6
19
55
22
76
82
22
95
53
49
18
148
33
99
32
22
42
1
27
12
75
66
91
59
5
86
4
85
13
48
45
18
98
57
39
21
14
1
34
4
3
18
54
52
5
25
129
14
13
8
27
73
91
38
12
57
13
4
112
40
101
27
24
46
65
54
22
79
166
16
75
82
20
7
84
75
16
33
1
31
70
84
22
14
76
21
85
95
48
87
58
109
24
19
38
27
13
8
99
91
19
3
34
75
92
30
135
14
57
4
77
72
81
15
0
17
138
91
68
38
7
57
46
10
71
25
31
89
34
10
14
28
9
70
21
27
18
59
41
11
12
10
95
25
3
29
6
67
53
47
68
73
56
22
24
68
24
32
23
81
7
60
28
21
99
55
51
96
80
33
38
24
76
116
0
15
4
126
111
16
42
12
98
8
58
40
69
2
15
20
42
119
13
30
38
74
43
111
136
35
80
30
21
30
57
1
18
4
21
5
9
21
74
17
37
51
48
42
119
33
130
7
23
90
70
118
60
15
34
33
75
34
133
84
56
40
1
14
2
70
19
34
74
31
3
28
112
42
37
38
37
36
1
77
61
5
7
91
19
75
2
36
14
15
5
53
56
34
28
31
66
79
74
20
33
93
58
50
6
80
25
43
56
90
34
27
29
89
20
7
5
27
79
5
38
28
121
18
0
33
9
58
28
53
34
61
26
19
21
23
6
6
21
41
21
24
15
6
20
46
14
29
133
71
60
16
25
23
25
46
52
101
38
39
69
54
43
18
31
24
38
21
2
83
45
20
33
2
62
35
29
70
58
61
8
5
28
33
66
30
44
25
51
2
10
38
23
10
28
9
32
9
64
15
77
9
53
106
81
24
28
2
15
19
9
12
60
55
101
8
3
32
43
41
135
53
42
23
39
31
8
7
88
12
78
47
49
58
18
24
23
72
54
103
137
29
10
16
111
17
42
74
15
98
102
31
180
36
39
103
29
27
61
26
7
39
107
82
7
38
42
65
95
107
6
56
35
31
116
66
23
19
2
114
97
79
47
7
59
6
50
25
52
55
43
48
27
84
43
55
71
23
31
61
55
16
35
32
21
61
85
68
54
35
74
8
11
47
9
46
30
62
34
12
72
17
58
5
22
10
76
93
38
27
104
44
59
26
37
27
60
12
40
4
24
23
11
68
39
34
66
10
34
78
61
27
74
65
34
76
7
17
28
39
15
100
42
9
60
42
71
66
77
44
68
9
78
52
11
61
70
5
14
4
29
41
40
97
25
36
15
55
1
40
58
45
43
24
55
34
156
20
30
56
100
79
58
9
78
6
175
10
95
18
50
12
11
84
5
105
27
39
44
48
72
25
34
50
48
48
89
42
24
86
79
10
4
85
42
6
102
72
18
125
49
60
15
11
21
71
105
7
43
50
29
36
9
23
12
13
3
18
72
49
21
89
12
55
39
43
45
11
9
45
54
8
69
100
0
49
29
40
72
60
29
4
24
13
7
0
35
87
145
56
47
54
46
26
45
45
9
17
5
68
74
31
24
133
70
19
16
22
85
47
78
13
103
0
93
44
55
23
24
55
96
25
27
46
80
43
7
21
45
39
73
3
88
3
44
140
122
49
7
19
20
22
40
96
60
20
112
61
35
2
63
8
45
4
44
56
4
23
51
41
102
20
58
36
22
19
54
54
15
19
14
76
15
28
60
13
32
21
17
14
79
4
32
13
57
6
51
46
30
71
32
6
87
3
14
20
39
3
98
3
11
58
35
38
36
50
52
5
70
39
45
40
3
8
49
35
36
19
30
21
27
75
2
9
32
24
54
45
39
53
60
60
30
62
57
76
10
20
115
9
74
5
44
12
49
109
55
34
23
11
21
15
46
24
173
11
9
15
14
17
43
37
18
21
79
57
17
32
49
59
26
56
2
9
54
64
12
3
24
26
23
42
64
23
61
6
33
0
28
31
9
62
15
102
57
30
4
18
4
51
24
74
17
60
29
78
24
43
54
34
41
52
11
51
5
5
15
18
31
19
37
38
77
46
96
32
32
123
12
8
75
31
15
72
2
6
27
50
14
53
30
52
29
70
39
26
19
33
18
81
11
25
4
41
20
44
45
25
14
8
104
41
85
43
20
11
50
5
88
24
45
40
22
85
55
25
6
9
24
1
33
9
54
15
9
67
68
45
44
34
29
12
7
16
10
98
75
80
5
58
9
39
16
36
7
28
22
143
80
35
16
1
105
65
30
55
48
4
30
18
65
104
33
11
17
0
97
46
69
5
12
24
92
13
80
13
59
10
82
63
37
10
76
101
14
50
12
33
144
49
72
78
17
8
52
7
29
8
21
68
7
88
25
6
74
3
0
159
80
54
46
3
5
44
11
68
30
59
27
73
0
0
17
66
13
42
77
16
33
118
38
10
33
53
34
50
23
15
14
9
31
8
11
65
96
22
72
27
29
13
51
83
37
11
7
40
30
47
22
47
59
49
40
4
131
12
34
51
11
64
134
105
7
41
17
35
28
20
12
62
14
42
26
2
33
25
98
14
8
47
55
52
22
11
25
51
52
24
66
28
67
51
17
75
49
0
31
93
26
10
24
31
34
94
42
7
82
44
32
5
32
38
2
59
22
1
49
10
23
53
38
19
17
58
1
3
23
2
29
5
5
31
18
38
28
56
117
49
43
19
21
94
26
60
22
30
48
13
41
28
4
27
75
95
7
7
61
14
37
34
5
31
26
16
129
78
4
67
48
11
55
7
12
31
42
22
31
55
80
82
19
59
60
36
83
22
12
37
93
16
3
42
53
10
37
46
63
40
83
81
10
14
50
21
34
61
37
22
13
14
62
16
56
4
12
56
72
13
35
56
2
38
66
44
18
24
73
60
43
63
24
24
40
5
21
27
8
46
33
6
44
44
42
21
25
33
104
21
36
1
29
65
89
3
83
49
33
49
9
32
13
50
5
21
3
0
21
11
48
55
10
1
47
42
84
80
56
25
23
103
6
5
8
51
61
20
94
20
64
40
32
40
28
16
55
22
36
77
12
77
27
46
39
59
65
10
46
20
7
27
43
9
18
11
36
19
10
6
3
1
29
36
1
16
43
49
26
1
82
62
21
65
57
40
94
85
1
39
28
36
55
24
75
46
66
32
20
22
33
21
19
18
116
54
51
9
24
3
14
2
22
41
108
16
10
9
27
12
54
39
28
59
54
5
9
19
33
6
30
25
50
13
68
32
13
31
6
43
52
81
87
60
74
53
20
22
51
75
13
26
18
1
13
4
19
17
43
11
18
52
26
25
29
5
73
32
8
26
31
13
17
21
35
6
30
1
17
14
1
26
29
4
40
39
22
9
52
4
92
90
46
12
73
46
1
5
9
22
74
28
31
31
75
22
42
9
44
5
17
10
8
13
55
65
16
5
55
6
45
14
29
6
4
8
7
31
18
118
19
5
26
3
81
14
32
35
45
48
54
66
55
61
44
61
13
57
13
27
59
19
73
11
23
59
72
21
22
36
45
1
4
7
124
2
12
7
18
32
84
28
84
11
51
22
54
94
28
24
40
26
40
6
32
40
1
12
6
12
15
34
46
25
48
5
49
81
65
13
32
9
39
10
59
14
5
16
34
37
13
47
41
25
35
29
68
73
67
2
10
14
14
10
31
35
31
86
26
44
23
8
57
4
7
83
40
28
28
5
27
37
10
93
18
55
49
3
19
55
8
3
1
61
54
38
67
33
23
16
55
29
61
35
15
67
17
2
20
20
30
32
41
24
37
12
3
67
10
70
16
20
46
57
35
46
44
12
14
32
26
14
46
37
17
8
49
27
12
27
7
66
27
23
41
29
13
55
37
25
36
88
5
19
18
55
20
37
65
27
48
6
42
29
54
57
0
15
47
36
29
42
41
8
89
13
6
10
0
7
22
9
22
6
22
40
36
74
30
16
8
96
11
71
19
43
11
29
52
61
3
79
26
60
17
12
107
30
32
63
30
11
19
36
40
59
68
22
1
52
6
65
26
27
45
6
40
82
29
13
33
6
18
94
43
86
29
19
54
5
12
25
73
32
38
16
21
94
38
8
23
11
7
52
18
64
8
26
14
92
36
8
19
80
9
8
47
58
88
10
5
26
5
16
91
19
10
14
2
46
45
26
62
32
106
38
22
30
26
1
7
79
66
8
62
30
65
5
25
70
54
16
51
93
10
47
16
7
39
18
21
80
4
20
23
19
21
46
16
45
34
24
79
26
56
41
86
5
23
30
22
32
62
55
5
12
32
34
26
20
29
17
13
33
23
12
25
71
55
51
8
21
23
12
6
16
21
127
38
29
20
23
18
20
3
39
60
22
35
87
22
40
40
40
28
47
66
3
54
14
12
63
22
45
48
35
58
6
3
12
5
18
12
23
12
14
58
15
21
16
6
1
23
20
57
4
21
23
18
10
60
27
4
28
12
37
9
49
24
61
35
59
54
2
54
3
13
41
1
22
16
62
2
122
37
30
12
58
51
29
42
6
37
6
40
52
6
1
24
33
49
15
55
54
37
36
13
46
70
84
2
14
29
4
34
20
2
36
82
29
5
5
66
3
9
15
65
13
49
10
54
3
46
49
32
28
24
5
7
30
17
17
14
8
72
14
11
20
18
30
18
30
63
55
2
16
41
51
5
9
48
26
46
64
31
21
57
53
30
8
34
20
69
14
29
11
54
12
34
79
6
26
64
70
11
9
35
33
43
82
87
22
25
17
30
33
38
8
27
24
24
25
56
35
5
50
21
11
16
42
9
7
62
16
38
27
33
37
81
42
16
4
22
28
1
64
55
23
32
56
9
3
37
32
1
24
64
67
2
6
33
13
57
27
49
15
56
19
27
43
38
15
55
3
3
4
8
21
0
61
22
12
22
36
8
51
2
19
33
26
33
1
4
24
37
73
54
14
9
19
28
16
35
74
40
53
44
4
84
3
17
3
26
3
67
28
18
5
31
22
6
21
37
60
24
52
20
9
34
5
48
14
49
23
10
0
26
6
46
6
21
35
85
11
23
46
12
7
28
23
23
14
52
25
7
14
2
42
59
29
58
54
64
11
2
62
27
55
15
27
24
31
51
12
14
62
30
34
8
3
68
14
74
63
5
8
61
17
7
16
39
5
39
54
15
15
33
29
34
34
17
46
33
37
21
76
29
50
2
20
35
14
21
6
5
38
77
5
20
16
49
33
9
9
15
4
84
45
59
29
78
15
11
46
10
36
27
39
7
31
10
21
26
53
11
21
12
13
5
48
14
23
44
44
26
3
2
8
25
25
28
10
68
32
24
21
28
38
44
10
30
21
31
5
7
15
5
20
22
18
16
55
18
36
9
19
42
45
23
7
21
8
40
20
3
9
10
37
5
2
37
17
6
16
7
16
32
52
12
59
13
2
75
3
54
6
31
14
56
19
7
7
20
50
2
41
3
50
49
23
18
27
5
16
10
20
42
4
40
5
33
1
33
13
6
18
26
72
12
27
15
8
53
20
20
25
8
68
1
20
64
15
7
35
1
40
28
18
1
30
19
22
17
27
29
16
4
16
10
35
18
22
28
18
20
0
10
40
7
47
27
7
21
3
12
42
38
25
21
76
54
4
32
62
8
22
29
38
3
44
31
72
15
11
28
35
7
30
0
41
25
1
5
11
32
54
61
25
42
7
24
2
24
7
4
11
53
22
30
21
26
47
21
1
76
16
39
15
40
8
22
28
42
11
11
29
21
10
24
8
21
15
39
25
50
17
21
2
10
8
14
55
2
66
23
40
44
13
23
20
6
32
23
15
41
48
15
6
7
13
41
24
0
19
48
16
10
16
2
18
9
9
71
18
9
25
13
35
47
20
2
28
1
9
2
12
53
21
5
33
15
14
49
17
9
7
24
1
11
11
30
39
47
28
12
36
8
17
39
45
37
6
14
2
21
15
3
36
43
4
12
16
14
0
35
33
1
8
80
22
14
29
29
6
40
14
57
33
5
41
34
7
1
14
6
10
23
25
52
65
56
6
19
23
12
27
12
6
12
21
23
15
16
10
12
12
18
49
3
26
10
5
27
2
22
7
12
7
1
24
5
5
24
16
5
19
30
5
31
2
20
37
30
13
29
2
51
49
34
48
5
25
15
25
2
11
6
26
17
26
24
3
3
43
13
43
9
1
20
22
2
17
39
22
23
5
22
14
2
15
20
9
30
8
10
18
3
14
13
6
35
30
2
4
70
36
11
65
17
20
42
8
62
11
2
8
6
8
1
4
4
20
41
25
8
8
12
30
32
31
14
19
17
6
19
21
14
46
4
3
10
1
0
35
18
14
18
10
5
18
30
7
60
24
27
8
20
34
5
8
4
7
6
19
8
12
0
16
3
4
15
45
26
34
15
30
8
10
21
2
26
31
18
5
10
5
19
10
32
4
29
44
21
23
48
45
6
28
46
28
5
30
23
1
12
25
31
1
22
4
12
49
16
33
4
41
2
6
8
9
17
3
37
24
13
20
22
23
35
15
29
38
23
14
21
6
17
31
29
31
25
10
21
29
27
4
41
18
6
17
3
13
0
17
21
5
33
18
1
13
31
16
9
28
9
7
41
4
34
3
27
8
6
49
38
0
22
9
5
20
9
20
18
26
6
17
7
1
6
33
33
14
5
1
2
34
12
12
9
43
20
15
33
14
1
9
2
21
46
22
10
14
6
18
3
19
40
33
18
38
25
11
4
17
6
23
18
20
11
7
32
18
5
59
28
20
44
5
2
20
16
15
21
10
8
24
1
28
9
8
13
22
9
7
16
15
3
7
3
37
9
25
1
13
4
6
15
7
2
15
37
21
26
33
6
21
27
9
1
18
3
29
10
16
2
12
13
14
4
24
10
12
4
8
17
8
18
20
9
8
31
17
0
13
9
16
48
12
12
5
16
6
13
2
9
10
45
8
10
26
2
26
26
19
26
7
15
15
12
2
4
7
25
7
2
7
6
10
17
23
11
3
14
19
5
3
33
1
3
5
10
18
9
32
16
9
21
5
21
25
2
10
20
24
13
12
39
8
0
2
1
8
6
1
0
1
16
22
13
23
13
8
7
12
3
13
18
9
8
11
25
2
11
6
18
7
27
19
9
18
10
4
11
15
2
4
20
6
19
13
7
9
28
3
17
7
30
3
17
0
8
0
28
16
6
18
43
6
4
33
12
19
5
2
5
9
25
4
14
14
19
8
2
9
1
9
10
10
23
11
5
9
4
21
4
4
10
10
15
5
13
30
8
1
5
2
0
9
3
15
4
17
3
6
3
14
8
0
5
17
6
17
5
11
6
8
5
7
6
1
1
8
13
2
12
6
7
4
2
14
16
3
3
7
4
8
3
1
16
28
2
0
3
6
7
13
2
7
12
1
18
8
1
3
1
2
3
5
2
5
13
7
0
8
1
16
11
2
4
0
3
5
3
15
4
1
15
3
4
5
1
5
1
2
4
2
4
0
4
0
2
0
4
5
1
6
18
3
5
2
6
1
9
1
5
0
6
8
0
1
3
3
4
2
2
2
6
0
3
1
0
0
3
0
0
0
0
