14
4
0
37
3
8
0
8
55
39
73
48
23
41
67
18
4
5
7
23
13
11
6
30
5
41
2
23
1
2
57
41
4
24
0
11
3
77
17
31
21
3
14
42
32
0
22
30
16
62
1
53
65
39
17
14
9
49
4
84
19
13
12
63
30
62
30
36
82
38
13
64
3
52
48
56
36
46
89
1
13
4
16
87
50
69
37
55
14
83
37
18
115
51
50
23
38
4
57
4
56
28
18
22
55
87
55
87
20
57
95
1
27
23
52
72
87
30
100
5
143
98
62
17
48
26
12
41
18
24
58
71
31
17
26
2
13
58
23
11
29
55
95
54
53
115
80
42
11
17
1
32
52
80
11
58
48
123
0
18
6
10
137
90
73
52
14
31
53
64
88
16
4
52
7
174
52
40
28
38
90
35
37
35
11
11
95
5
82
13
33
13
21
63
103
124
94
119
114
14
116
10
60
2
18
94
46
25
3
23
21
36
19
35
6
32
157
3
6
93
30
11
14
132
48
84
26
135
14
73
51
93
77
23
60
23
62
7
116
37
76
79
32
8
69
26
11
14
23
84
21
3
22
54
97
75
19
2
24
12
22
28
43
59
15
41
11
52
8
24
17
10
14
33
57
18
39
42
32
48
61
28
9
68
127
61
47
16
23
222
54
39
16
27
58
40
26
13
6
79
17
19
86
62
8
55
97
80
18
66
42
30
24
35
26
216
41
68
18
53
2
65
12
30
10
52
28
56
2
22
60
6
71
46
8
85
17
9
6
1
18
74
57
48
71
19
35
27
25
33
17
106
29
55
34
51
11
14
12
70
39
44
170
9
86
61
40
28
67
32
34
109
26
89
10
12
56
15
22
39
84
31
11
24
28
33
13
56
41
78
4
60
49
21
42
6
0
78
36
30
2
25
22
9
135
76
64
45
5
24
107
17
92
31
10
66
37
51
1
23
24
33
27
48
21
170
24
62
18
10
67
13
71
121
68
2
13
69
17
18
31
145
27
81
2
60
31
38
28
19
9
5
42
38
47
51
9
9
194
15
37
24
14
72
57
34
30
5
115
49
33
55
32
27
69
13
16
35
5
42
61
43
21
50
26
1
16
5
52
6
29
31
59
13
69
60
122
91
3
81
39
27
111
40
101
93
109
55
29
38
69
33
63
56
37
130
61
70
91
33
50
33
121
28
60
2
19
19
158
2
108
100
23
7
2
3
8
53
18
52
18
42
29
23
4
16
35
58
32
8
8
41
54
8
20
30
3
43
45
5
17
31
7
67
77
15
59
52
96
31
77
64
21
39
77
29
3
66
51
89
79
30
45
56
2
21
1
14
47
14
132
31
14
3
63
30
19
8
2
2
0
95
84
27
22
49
19
49
0
53
43
8
54
11
51
66
22
31
50
66
99
53
9
9
42
20
7
60
4
29
78
59
23
34
17
131
87
1
89
16
32
11
28
54
29
6
114
20
10
0
7
56
107
8
57
37
106
36
63
56
18
23
58
16
48
10
44
23
58
49
76
15
86
26
37
47
88
3
48
3
46
75
0
58
10
78
130
9
80
22
116
9
47
31
1
55
34
51
42
58
12
41
8
34
54
3
49
42
25
3
11
30
106
111
102
20
64
62
13
98
60
54
129
46
21
9
69
87
29
85
43
13
4
40
14
82
47
12
7
22
4
50
5
80
19
3
53
4
31
4
49
50
49
2
101
22
82
27
34
29
12
39
91
78
60
58
97
15
15
17
5
18
13
4
61
104
0
14
98
4
48
16
4
98
46
15
8
58
19
74
30
41
75
38
35
40
18
56
28
59
102
53
21
42
115
89
18
63
35
5
59
149
55
3
18
19
102
35
30
34
33
67
55
13
112
54
117
25
11
3
41
41
58
3
48
23
51
83
83
108
108
21
5
74
53
34
14
86
46
21
89
32
29
31
14
22
59
52
44
51
37
42
35
36
58
36
16
39
46
147
80
46
55
52
81
142
34
13
47
96
65
72
84
10
28
48
56
22
39
6
87
23
36
5
87
8
22
22
26
70
9
25
121
29
18
21
45
7
64
34
14
65
39
9
4
11
44
112
10
47
30
43
65
25
86
3
15
55
15
2
71
82
66
53
31
58
58
7
36
41
103
3
12
73
28
60
10
50
53
49
79
35
144
60
62
16
3
17
44
35
53
148
8
43
87
19
106
8
10
17
45
25
83
26
74
4
41
32
87
95
57
32
48
59
60
29
45
35
19
63
21
34
30
1
55
78
24
68
54
23
33
12
51
38
43
5
2
29
18
28
47
19
57
22
72
51
43
12
6
20
4
174
35
57
4
42
28
32
19
124
30
47
29
15
46
34
8
30
59
31
17
27
50
12
18
108
78
62
27
17
123
8
21
8
22
28
29
36
57
77
48
66
24
8
39
74
38
21
7
60
85
25
14
14
81
63
24
24
16
43
24
33
88
43
21
27
33
53
34
72
1
3
11
29
15
50
92
41
78
46
17
20
83
112
127
5
73
25
3
10
10
21
44
87
8
3
22
27
5
17
43
4
19
10
7
54
31
1
4
33
0
26
25
17
31
85
53
59
15
28
67
7
13
59
49
61
22
24
8
99
36
29
17
6
5
10
98
99
43
10
43
17
28
32
6
14
14
17
95
32
92
96
40
43
3
77
33
34
136
34
30
25
45
35
13
48
48
17
46
3
18
25
63
4
75
20
33
13
22
36
46
73
12
31
13
114
10
43
15
26
72
6
7
2
11
119
15
4
20
16
58
50
57
63
21
45
35
3
40
32
14
6
10
7
38
89
54
5
70
34
25
47
119
68
101
5
6
71
53
60
86
2
46
72
58
37
13
35
107
13
87
87
39
6
148
84
152
39
27
22
4
39
65
52
27
36
50
52
45
92
31
4
7
23
48
55
101
0
23
3
43
33
38
38
37
104
7
0
17
25
94
21
143
16
105
21
17
2
18
26
132
60
69
19
88
15
36
9
58
35
5
45
1
1
80
61
27
53
15
37
52
24
33
34
40
5
95
41
24
44
5
9
35
5
31
25
47
37
21
22
28
58
84
41
95
8
118
55
19
3
1
73
29
11
4
9
13
36
45
46
42
100
42
100
23
90
12
30
53
36
76
4
31
13
81
5
70
2
18
3
5
33
61
69
48
53
24
80
77
28
47
20
22
27
38
3
62
52
8
71
0
8
44
58
27
27
131
53
31
46
9
35
22
31
26
57
2
2
55
14
39
9
75
92
8
37
19
29
17
13
12
36
29
37
39
4
98
54
31
17
41
30
5
64
4
23
5
37
38
13
12
49
57
27
10
32
3
45
17
29
116
34
10
59
76
41
112
37
67
78
25
46
10
25
76
18
23
65
0
22
70
16
65
25
55
26
95
70
82
45
46
2
79
2
15
75
46
35
5
64
74
16
15
68
38
3
151
22
5
27
27
32
6
70
38
0
62
69
77
46
146
2
5
85
32
45
69
10
81
5
40
21
43
25
46
64
52
41
110
45
32
27
37
113
18
64
52
27
34
27
76
23
6
32
52
17
60
78
33
7
27
69
81
21
13
12
49
54
29
50
8
53
11
53
43
98
34
95
24
44
9
56
76
67
11
52
4
63
14
34
35
50
33
0
95
50
84
42
6
53
29
71
17
26
56
66
14
70
99
42
51
32
23
56
56
30
26
51
74
15
19
34
0
89
64
8
78
25
23
1
24
62
52
26
38
50
61
32
36
12
4
84
8
2
31
34
15
12
36
60
86
51
31
39
63
52
15
59
5
29
111
42
80
52
1
71
52
77
61
32
53
24
1
45
1
50
39
103
13
3
40
43
66
36
13
27
54
7
26
15
14
63
76
25
32
28
42
30
15
81
5
46
15
69
56
48
16
9
18
62
20
65
11
2
46
2
72
57
16
25
21
82
36
2
75
31
35
13
62
65
66
54
9
60
67
23
7
14
1
58
27
10
18
8
36
37
19
13
70
56
5
26
35
1
109
37
28
47
13
0
73
1
40
35
12
37
23
17
62
69
93
7
3
41
9
2
43
71
21
34
46
55
36
38
88
40
20
27
52
26
1
49
37
32
20
0
59
11
83
49
30
56
7
1
16
32
18
87
38
51
61
17
12
82
41
44
41
2
34
41
13
15
6
15
56
31
67
32
14
6
25
14
35
15
48
19
25
10
81
8
81
25
18
27
31
5
92
68
3
18
31
47
8
45
13
42
11
12
48
6
2
39
23
54
13
12
85
57
18
66
7
2
7
5
62
52
7
62
6
50
9
64
52
4
10
50
92
2
24
20
5
59
34
9
6
42
7
28
8
13
20
10
20
27
14
9
10
66
47
2
61
47
50
5
0
25
17
39
17
28
13
32
58
21
12
33
26
33
16
3
17
26
2
23
46
6
49
39
25
7
27
9
99
92
95
2
31
40
21
12
80
58
4
15
35
9
18
9
38
38
6
11
59
129
6
17
87
23
37
54
28
13
41
5
29
33
27
23
23
61
13
30
3
22
7
21
4
139
36
30
120
16
35
43
1
16
37
5
20
38
25
15
144
44
49
35
4
85
61
3
21
28
38
35
110
17
88
35
73
54
19
33
28
100
10
40
3
133
13
48
8
27
30
25
9
8
32
59
35
36
7
53
14
103
0
97
3
66
33
63
81
52
27
25
16
29
39
17
13
5
40
1
66
45
44
41
38
21
68
70
6
10
45
44
23
37
31
46
15
12
29
28
23
11
25
44
3
32
6
12
2
4
6
24
41
13
30
69
67
37
102
36
15
31
36
21
61
11
6
19
41
80
32
80
13
19
23
29
20
34
86
29
22
24
5
68
1
63
59
38
62
15
38
36
20
14
86
31
55
46
12
2
15
41
20
34
79
64
26
11
51
30
42
38
1
28
44
115
12
44
27
20
1
1
19
44
23
60
6
2
39
13
8
3
49
19
10
29
58
4
20
27
4
1
19
5
24
1
67
3
58
7
11
63
75
6
23
17
21
30
21
2
7
3
43
0
42
5
26
23
38
63
83
4
61
25
33
10
45
12
19
88
4
7
15
21
21
7
69
24
15
29
5
39
18
81
1
40
10
21
108
49
10
8
12
14
3
19
14
47
8
32
14
41
44
3
15
7
72
15
64
25
16
47
20
46
40
46
2
54
24
38
15
8
62
26
7
45
54
41
12
3
59
10
13
5
25
62
20
3
54
16
37
16
40
7
20
21
37
44
23
31
17
3
43
20
120
21
19
12
23
53
28
32
10
3
1
104
83
14
53
21
9
50
7
34
31
77
26
72
21
41
26
30
7
42
2
9
7
25
48
15
24
10
32
9
5
37
29
45
56
30
22
46
72
62
17
28
45
19
3
11
19
17
19
9
46
19
48
65
30
37
7
94
15
54
11
50
70
40
107
11
15
8
10
33
7
88
22
38
70
33
12
14
87
23
27
59
44
71
20
39
34
8
47
7
4
70
18
54
48
40
3
10
9
26
56
14
16
44
31
33
7
28
2
1
58
36
50
15
34
19
7
2
22
17
75
8
41
14
27
59
4
6
38
8
23
8
49
54
22
21
9
61
58
44
23
70
22
58
61
33
29
63
43
1
9
38
35
37
11
40
73
29
76
43
7
70
5
33
5
15
28
21
17
16
15
49
41
13
3
23
68
7
46
12
7
3
19
32
35
40
20
45
50
3
8
2
12
21
12
25
17
20
9
25
63
37
56
39
24
33
9
49
23
20
26
62
29
4
38
56
9
56
19
5
20
22
14
64
94
21
59
8
7
14
27
43
82
47
31
43
46
3
35
83
15
10
14
29
12
33
16
34
32
14
31
6
12
6
31
7
10
40
53
44
67
34
12
13
45
16
12
8
7
26
10
29
1
5
4
7
7
0
26
57
54
14
29
33
35
5
46
48
55
61
21
54
36
11
76
36
19
8
28
5
4
9
40
30
20
50
1
21
60
16
36
9
21
59
1
2
28
26
31
40
64
14
44
0
14
37
25
65
22
31
33
6
81
58
27
36
3
0
12
8
70
19
34
24
42
21
34
11
8
7
21
70
11
19
17
2
24
0
50
1
4
15
7
37
12
6
9
21
29
7
0
8
21
20
31
40
2
9
38
41
50
23
17
35
59
41
7
66
2
7
76
10
20
14
9
0
22
43
7
10
14
74
11
57
25
2
29
27
35
9
59
15
30
22
49
12
18
8
13
2
14
20
28
4
10
38
27
40
11
41
17
18
4
13
12
12
2
26
55
23
10
46
31
41
21
8
33
29
15
66
9
51
32
2
2
7
16
23
13
2
28
13
9
14
3
10
26
39
4
9
11
61
42
41
16
51
6
9
10
64
26
10
1
58
5
16
12
3
43
32
45
14
7
39
67
11
50
10
54
14
3
21
32
61
14
46
2
51
32
35
79
14
7
15
19
15
12
4
40
8
23
5
50
9
36
4
44
4
45
18
43
38
21
33
2
8
19
1
36
2
34
21
5
41
33
35
19
51
33
15
41
35
4
59
5
60
19
0
34
4
18
9
52
51
39
15
10
22
67
10
15
17
11
17
7
7
53
47
3
34
14
24
17
17
42
7
24
15
17
1
22
57
14
24
31
3
57
18
4
7
28
16
25
8
8
26
26
44
22
20
0
9
5
28
8
12
21
13
24
22
5
28
21
33
55
9
40
26
10
16
39
11
23
65
13
33
22
55
9
20
32
20
6
6
23
6
13
5
7
20
4
64
29
13
5
67
13
1
42
48
17
4
9
26
14
5
47
7
11
39
23
26
4
0
3
7
10
23
50
6
26
25
20
19
46
22
27
8
2
11
30
32
32
49
35
5
14
3
7
24
25
29
42
41
13
7
49
23
28
28
16
20
23
3
57
28
17
13
4
38
26
11
5
40
6
22
8
46
23
18
9
35
60
45
25
10
15
4
37
13
32
19
30
7
21
16
4
27
2
42
8
22
1
15
13
3
37
10
20
30
2
21
2
48
21
54
17
19
13
13
44
5
34
21
1
22
7
18
30
22
33
24
22
16
21
16
37
21
9
2
36
7
22
9
20
3
21
5
21
21
55
32
50
3
14
7
29
2
23
27
31
15
9
9
35
22
9
22
75
15
51
26
12
43
36
34
5
53
12
43
1
18
15
18
23
65
4
1
12
12
52
15
39
0
15
17
10
9
13
31
43
2
20
5
41
8
5
27
38
24
15
4
38
5
27
18
9
1
26
7
8
18
2
1
10
21
3
17
21
6
13
37
20
18
10
39
28
1
15
20
3
26
8
14
24
18
19
13
1
9
4
11
1
11
6
36
16
2
26
18
16
4
8
49
40
9
5
13
42
8
18
0
6
22
8
11
12
25
5
9
23
26
55
19
14
13
23
4
3
17
3
17
8
1
56
26
21
18
5
5
38
23
21
19
14
30
24
20
25
13
27
14
13
0
4
41
4
11
11
11
21
25
28
9
16
24
11
11
17
5
11
5
43
6
2
14
18
6
10
40
5
1
35
4
13
10
12
42
4
6
23
16
3
11
22
39
33
13
3
16
6
32
9
0
2
17
7
16
34
9
27
49
4
27
15
15
8
26
26
25
23
16
26
4
4
4
14
12
10
18
0
22
25
9
20
22
0
11
24
20
24
21
17
11
25
6
6
28
2
8
3
20
21
16
14
10
11
22
9
15
18
22
4
13
8
4
8
9
21
27
7
6
25
45
1
8
20
24
14
51
27
0
27
7
4
5
18
27
11
7
4
12
2
16
7
9
14
5
7
20
16
2
36
0
19
10
6
16
14
16
12
41
19
0
23
8
28
0
6
64
12
5
32
11
8
10
16
2
22
13
5
3
3
22
6
9
15
8
15
19
1
2
16
25
8
5
19
24
4
16
9
4
3
27
8
5
1
7
15
29
2
5
11
13
24
17
9
30
5
8
3
1
7
24
16
2
8
7
11
1
27
12
7
5
5
11
4
7
13
8
3
4
8
8
15
29
6
15
28
12
2
7
1
3
8
14
14
21
2
20
6
3
20
4
5
6
3
1
19
19
19
24
11
13
19
5
22
4
3
23
10
16
7
4
12
11
6
9
11
4
19
7
9
10
14
10
18
6
1
17
1
16
10
8
6
7
7
4
2
9
20
7
14
17
12
21
6
6
11
0
0
0
18
20
13
6
6
12
11
17
13
5
3
1
30
11
12
9
13
8
15
4
8
5
3
6
17
20
6
9
3
7
3
9
5
8
5
24
4
3
5
9
4
9
3
12
0
7
3
0
9
11
9
5
4
18
11
11
5
6
4
1
9
18
4
13
16
12
2
5
5
2
8
6
2
7
1
7
12
2
5
14
12
3
1
9
6
9
15
4
1
2
11
9
1
7
4
10
6
0
1
1
10
13
1
8
8
3
2
5
0
2
3
7
7
4
2
9
5
6
1
4
1
0
9
1
4
1
4
1
3
2
1
1
0
0
1
2
2
1
1
1
4
0
