42
13
29
44
62
5
51
2
62
75
25
10
24
65
3
11
2
92
21
49
29
3
104
42
1
13
11
3
16
13
3
24
116
8
55
28
14
40
14
24
80
4
45
16
27
11
55
3
47
16
16
20
20
115
63
15
102
112
21
46
55
15
150
30
22
36
64
6
43
47
17
14
9
45
55
32
73
15
58
13
72
10
28
8
4
13
61
20
37
29
28
3
89
39
36
58
86
25
1
36
2
75
28
60
28
65
26
71
84
72
45
62
64
81
108
36
5
35
10
37
57
15
110
0
169
8
3
23
45
21
61
9
18
37
29
3
41
23
64
18
28
77
54
82
44
61
18
29
92
104
84
80
66
29
54
135
95
2
27
20
16
34
66
17
39
52
21
92
64
57
30
74
66
31
6
72
141
42
53
102
104
64
9
16
41
31
27
17
22
121
6
10
57
74
4
43
9
18
68
65
29
112
65
4
60
115
1
32
6
37
79
32
2
63
99
26
19
1
18
56
95
3
27
37
48
21
29
17
1
53
20
23
39
67
12
28
105
72
56
22
95
80
101
22
50
31
118
9
53
24
46
110
56
10
66
63
73
27
12
87
3
31
127
70
6
14
29
31
8
46
59
9
63
12
3
77
1
34
43
121
67
48
30
5
3
58
30
44
40
52
116
144
1
38
132
53
74
46
55
14
133
36
25
25
38
15
117
186
5
62
44
27
56
7
5
7
9
85
42
52
55
2
53
3
56
27
25
23
63
5
67
150
80
50
52
1
31
13
24
91
54
30
30
96
21
15
21
51
54
129
64
11
38
35
98
137
154
118
39
101
98
21
143
26
85
28
16
69
62
41
51
10
98
69
8
46
156
75
21
105
13
12
27
51
66
77
47
21
89
92
18
35
74
13
31
47
19
52
20
48
54
24
34
38
31
12
65
24
41
30
1
37
71
91
97
57
0
14
59
82
25
78
35
18
15
31
43
57
72
39
13
85
70
97
6
8
87
14
53
19
6
17
41
116
88
84
21
90
71
30
11
90
23
109
9
32
108
41
96
2
84
22
7
14
72
71
26
87
64
16
24
76
2
9
61
56
32
9
83
43
11
9
75
48
10
47
28
48
76
17
100
69
12
68
30
86
60
60
97
3
18
73
32
44
120
80
110
35
4
16
87
22
8
66
10
31
134
26
43
12
71
26
19
14
2
49
31
71
40
48
9
22
47
71
61
45
71
81
5
40
79
135
15
35
5
10
70
115
97
24
8
64
104
17
14
3
16
143
43
14
47
13
31
50
38
61
38
1
54
151
32
28
45
28
98
25
98
51
97
82
27
5
20
23
43
41
33
38
74
11
39
26
18
1
87
24
16
15
27
80
8
34
27
63
10
46
33
8
96
47
28
32
46
24
31
69
79
54
24
43
18
4
53
36
2
29
109
38
69
18
107
1
48
55
46
2
1
65
15
43
35
0
33
175
50
58
10
49
1
57
125
41
35
85
62
25
17
50
20
35
7
21
114
28
0
56
2
0
6
2
20
27
105
23
177
24
30
0
24
30
74
47
48
15
27
38
34
47
29
40
75
71
41
82
62
10
27
134
3
4
1
69
37
43
4
77
67
37
84
106
25
35
57
92
47
22
0
57
78
71
7
20
39
24
4
13
57
5
58
42
17
110
22
81
24
46
0
106
1
53
77
18
25
55
29
6
35
25
5
104
84
26
72
22
10
68
16
8
16
52
3
32
38
7
19
47
16
62
54
17
20
14
30
85
45
8
45
24
25
150
14
70
78
23
20
93
5
89
69
20
28
73
28
17
10
18
49
42
116
51
23
82
67
63
75
69
80
39
36
14
5
21
48
1
27
85
12
22
73
48
41
55
21
25
56
15
56
0
6
17
20
5
106
28
84
2
48
28
9
59
33
37
53
8
46
7
5
6
18
41
51
5
49
11
12
20
59
2
95
40
89
44
72
9
43
5
23
49
46
55
64
46
58
68
67
94
11
31
81
43
17
50
65
20
47
105
2
118
11
53
112
30
57
51
48
96
28
82
65
76
47
5
40
1
73
4
89
58
60
80
39
113
146
24
42
30
30
15
118
103
50
89
25
29
26
2
109
32
65
45
13
72
28
45
1
177
54
64
52
33
1
31
50
15
12
12
26
30
50
7
56
70
116
47
56
44
2
24
120
102
31
10
5
21
49
6
81
44
20
43
19
63
57
20
2
45
51
76
41
87
24
64
40
47
4
21
24
46
27
1
59
51
41
38
7
76
25
19
54
55
78
89
89
92
37
9
82
21
7
27
55
48
58
30
58
7
16
49
13
83
114
55
129
23
26
35
39
30
65
58
30
4
125
52
70
10
39
64
44
25
29
59
4
14
0
59
59
6
106
24
65
48
50
29
17
40
23
6
15
45
42
13
76
100
48
2
15
46
26
33
59
28
44
18
3
49
59
127
3
86
63
51
4
74
95
51
5
35
74
41
37
11
45
1
87
27
84
31
9
43
61
78
6
46
1
28
0
39
9
69
34
46
28
47
39
14
10
152
27
12
63
2
1
71
6
2
37
31
36
35
14
25
34
65
22
55
19
47
22
11
84
41
9
45
57
70
8
56
28
44
50
55
11
114
83
18
16
74
33
59
8
22
15
17
67
84
81
38
75
82
100
13
72
112
65
42
37
18
67
9
6
60
9
35
8
75
17
40
8
43
5
30
5
21
80
27
95
8
7
54
81
10
78
22
4
13
22
40
78
147
58
11
2
46
11
6
23
5
103
41
18
50
5
3
14
40
51
11
71
25
42
56
9
42
5
23
34
24
2
18
34
70
35
13
38
62
89
14
4
37
62
5
73
25
8
19
23
122
27
11
86
43
28
15
47
24
18
70
90
70
25
6
53
55
64
57
21
41
40
53
17
13
91
12
60
43
7
31
18
8
104
3
53
1
22
12
27
29
4
60
33
36
66
34
7
24
75
72
7
31
12
47
73
5
38
86
72
19
13
38
7
12
35
50
7
29
4
60
8
25
32
10
11
46
40
55
70
24
35
49
74
22
71
53
19
12
46
42
5
29
8
46
2
14
40
22
84
107
55
27
31
38
52
91
3
51
39
27
3
9
64
2
28
59
106
18
33
26
6
33
39
26
34
1
11
19
12
24
4
1
41
73
34
14
93
48
14
48
27
28
23
74
38
79
23
24
26
63
48
24
115
7
61
79
32
39
6
83
43
66
29
116
19
71
43
25
18
3
92
15
47
146
11
45
6
34
80
49
87
95
45
1
81
4
6
1
145
21
50
47
15
36
10
19
30
35
3
75
41
89
3
9
32
32
47
45
64
53
25
1
6
30
13
4
26
51
30
46
31
42
37
48
3
50
19
28
2
23
4
58
8
36
6
12
43
21
30
26
1
41
65
11
9
41
13
50
17
47
90
63
18
57
13
33
81
50
64
13
18
5
24
50
4
36
51
28
65
25
69
34
31
29
59
50
98
64
17
9
32
37
8
8
18
30
51
47
35
10
53
27
122
9
20
43
107
32
113
28
1
28
52
26
12
77
68
21
21
17
8
98
38
97
55
19
96
14
71
89
71
40
22
65
24
49
11
32
45
60
33
94
138
70
53
16
54
13
20
93
83
21
43
63
37
34
48
20
55
28
29
53
0
34
11
51
136
61
18
29
35
12
30
27
17
35
13
75
47
49
21
35
4
31
10
9
16
2
15
94
74
10
36
59
49
31
78
26
5
80
37
42
37
48
49
31
120
41
30
0
30
30
28
1
10
106
11
11
12
31
39
13
11
33
5
60
49
2
3
56
19
26
41
18
21
3
23
1
31
71
38
24
54
58
4
32
79
45
37
17
92
55
17
49
36
39
40
31
28
77
93
4
2
17
8
47
21
69
30
25
78
98
57
42
31
39
50
16
65
34
18
1
25
6
51
23
30
16
20
81
28
55
32
30
9
28
4
19
64
69
22
47
35
80
5
31
24
10
25
10
19
64
28
0
53
71
65
59
58
2
41
51
33
14
18
52
15
42
11
53
34
24
1
52
30
64
28
57
28
3
15
4
5
74
17
23
12
26
25
60
12
12
37
25
16
44
23
36
31
15
27
10
40
49
6
36
1
20
45
47
22
14
22
16
30
9
17
21
49
31
2
39
50
14
44
36
15
63
93
37
47
16
43
26
1
8
32
44
41
7
22
41
104
12
15
45
52
18
88
22
81
15
40
5
32
27
44
10
77
51
12
15
7
19
2
20
26
16
114
46
74
51
83
64
104
21
5
26
6
54
17
76
4
23
29
40
129
7
1
16
6
56
87
31
92
69
64
11
92
5
69
19
4
4
63
35
42
7
3
18
81
13
3
13
14
36
55
91
0
0
46
33
8
64
94
20
32
7
11
75
24
51
29
15
42
30
9
32
37
42
106
18
33
26
12
53
44
38
52
64
16
35
59
20
93
60
14
58
18
26
38
23
18
27
7
45
71
28
5
8
29
46
60
24
18
52
55
79
6
22
12
29
73
30
58
11
55
24
101
8
61
57
24
50
5
12
13
15
30
25
0
40
0
30
27
38
0
5
17
5
19
12
18
29
9
27
36
85
88
22
61
53
26
69
10
30
76
9
6
26
88
12
21
12
8
28
22
44
137
16
26
24
35
8
24
9
25
3
8
87
31
28
8
13
18
38
12
8
3
69
9
22
24
24
29
17
31
49
3
67
13
6
4
15
44
18
49
8
8
5
38
53
12
3
22
99
36
59
36
10
13
14
32
14
19
1
49
65
1
19
46
61
7
13
37
45
2
31
36
11
71
11
17
8
18
2
34
8
67
42
17
30
3
20
15
5
46
13
84
30
29
76
22
24
6
70
30
22
11
66
81
13
23
73
33
2
19
5
17
37
26
62
26
75
90
12
32
24
40
36
41
13
81
19
49
30
48
37
4
6
5
12
26
5
16
6
21
52
26
14
12
55
3
32
80
79
26
45
3
33
109
60
75
13
89
6
10
24
85
4
41
59
8
7
18
83
28
23
22
8
47
2
48
42
13
12
45
21
18
11
23
80
32
8
76
40
6
74
48
18
20
28
45
11
50
48
30
37
11
112
0
22
3
5
67
30
18
12
46
36
51
68
40
78
28
7
19
34
31
35
45
9
16
15
30
64
24
78
13
36
23
62
46
17
35
20
106
22
76
61
8
15
57
22
32
6
65
25
20
7
27
59
33
20
63
24
5
29
42
22
50
2
8
6
50
1
43
8
20
39
19
10
14
28
14
4
12
24
73
33
67
7
9
65
38
7
12
20
5
108
16
25
12
6
34
9
17
1
23
32
9
77
0
17
7
17
33
78
52
6
22
16
72
30
38
33
32
57
24
112
17
74
12
22
0
30
24
19
52
67
0
37
53
42
29
12
1
119
3
36
20
23
49
7
19
26
8
77
10
24
1
51
62
4
55
26
14
26
35
6
1
23
52
31
41
1
20
85
4
10
16
3
37
47
41
65
11
22
7
0
53
31
20
18
17
17
2
47
23
32
6
1
3
30
4
27
10
2
54
43
18
32
41
62
0
1
66
31
7
29
32
70
8
13
31
4
80
37
28
79
10
3
41
5
54
4
16
24
28
35
5
17
12
18
26
28
19
8
57
71
47
25
37
21
17
38
12
1
71
12
33
37
28
12
61
22
4
44
86
22
13
25
37
14
29
38
1
8
26
88
22
25
21
7
59
53
48
5
28
27
5
9
19
30
15
23
30
35
49
52
11
7
19
16
8
19
11
29
53
28
24
44
2
28
21
24
43
37
29
23
14
79
55
29
5
0
1
26
5
48
31
17
5
25
6
18
5
15
54
43
22
8
50
30
4
9
36
51
13
28
91
37
31
21
11
2
77
7
28
11
16
28
13
43
35
37
59
52
41
13
30
26
4
3
16
16
7
6
51
35
62
35
36
3
10
22
17
7
24
15
2
5
11
53
5
13
18
35
22
29
34
38
51
49
44
72
4
23
23
52
31
15
1
2
7
28
14
51
46
14
1
46
35
90
26
14
10
42
35
39
24
28
33
2
39
4
35
4
23
6
3
17
67
6
4
30
42
15
21
19
16
39
14
47
12
38
28
7
27
37
7
40
53
39
17
25
22
28
45
14
22
8
2
21
4
17
65
41
68
62
8
8
33
39
59
9
18
24
37
17
19
10
95
4
18
41
20
55
20
8
18
16
21
35
8
20
33
30
82
44
30
8
8
39
56
25
60
13
70
7
60
7
39
6
17
42
27
64
4
20
18
27
97
24
47
1
6
16
45
0
13
33
12
2
6
35
14
16
28
63
6
71
14
8
19
0
48
31
36
12
24
13
43
10
4
34
38
23
11
9
60
11
34
44
18
77
35
12
1
7
75
12
8
11
41
73
1
25
57
7
36
27
33
8
19
14
5
16
9
2
81
13
13
28
33
23
4
74
8
23
2
49
21
54
54
64
2
52
32
37
13
23
35
21
29
56
1
16
10
25
30
0
7
53
35
19
45
7
5
14
20
17
5
22
9
8
27
49
45
10
1
14
16
25
9
0
26
4
16
30
19
38
6
9
30
1
0
16
3
8
27
19
29
11
34
13
33
2
40
31
7
20
22
37
7
38
34
19
6
4
10
8
8
19
34
3
26
20
2
47
21
28
29
11
85
37
21
31
6
1
14
15
20
26
19
6
13
16
9
31
9
9
15
3
5
4
22
7
13
10
6
34
9
11
19
19
4
10
33
27
23
34
4
2
30
15
34
12
44
41
47
0
12
10
10
30
14
8
28
46
9
26
24
11
9
82
13
29
9
13
33
10
51
21
11
18
2
6
6
25
21
10
25
8
8
47
27
1
12
6
19
30
19
19
10
13
44
25
28
19
1
43
25
8
32
37
14
7
5
40
43
29
25
8
65
23
11
16
7
26
80
59
6
1
5
31
28
16
22
12
72
25
22
32
70
20
25
8
8
49
6
39
5
1
34
13
24
24
8
46
18
12
47
23
15
41
21
12
1
19
27
13
32
21
6
38
3
7
11
21
6
30
44
18
18
14
10
3
25
28
30
50
1
37
32
3
25
19
40
31
3
16
25
0
17
7
25
35
34
20
15
46
6
17
10
22
6
0
3
21
37
39
14
22
13
14
47
11
34
4
35
6
13
21
27
17
13
19
4
31
5
14
2
61
3
23
3
47
6
43
4
23
1
25
43
23
9
10
23
17
19
11
36
59
17
2
17
12
2
8
17
16
12
25
22
21
10
11
0
27
9
6
12
17
20
18
30
48
17
7
5
2
21
9
17
15
27
25
39
40
18
29
44
45
9
14
8
1
10
26
20
22
20
32
12
8
20
16
19
7
9
34
20
2
21
10
46
15
6
22
22
12
46
13
6
26
11
52
7
28
2
52
57
10
3
34
6
23
0
22
14
32
28
9
0
8
0
40
2
12
12
23
33
18
25
15
9
6
1
27
4
18
2
12
6
0
12
25
19
26
22
1
30
8
35
26
39
22
3
6
20
1
14
16
19
28
5
21
9
1
13
23
26
52
9
10
3
3
12
15
23
38
26
9
52
1
15
39
4
22
9
13
24
17
34
3
17
11
15
18
27
6
2
32
17
17
15
11
25
20
16
9
31
18
18
18
7
1
18
17
5
8
6
8
4
0
21
32
2
41
21
25
2
19
26
4
9
12
3
27
6
17
5
6
30
7
14
38
8
4
13
18
30
32
6
16
2
50
14
3
8
3
30
21
1
13
11
23
18
8
17
4
32
23
9
18
12
13
5
1
10
4
16
2
41
1
14
11
6
9
37
17
10
18
15
9
1
8
15
18
20
10
8
18
9
13
22
11
19
5
20
18
8
12
19
16
5
14
2
7
24
17
1
23
18
16
6
41
4
13
5
2
13
2
3
1
14
14
2
20
13
15
1
21
21
30
12
16
34
6
2
5
34
8
1
1
22
3
19
3
12
4
15
11
42
14
1
22
8
18
10
22
15
1
3
20
8
27
16
18
26
2
16
39
29
12
6
1
3
10
15
10
9
3
24
26
33
22
5
4
29
1
24
12
8
8
6
1
1
2
6
9
13
30
4
4
10
13
20
17
22
4
1
13
0
3
15
13
5
1
15
3
18
1
3
5
8
2
2
0
6
6
1
22
15
16
5
2
21
10
15
1
6
11
1
9
1
14
9
19
29
13
5
5
36
11
10
5
5
9
13
5
5
19
3
11
14
8
8
5
16
1
6
46
2
10
13
3
14
1
4
0
5
14
18
4
11
5
13
18
7
4
1
5
17
8
2
12
1
3
12
4
9
3
0
10
3
9
20
9
8
6
4
3
0
10
1
9
2
2
2
2
7
18
2
2
9
4
5
22
6
13
2
0
13
11
6
0
25
3
8
1
3
3
6
2
2
10
4
4
0
4
1
1
1
6
3
8
9
11
4
3
15
5
4
1
4
0
10
6
12
2
1
1
1
2
4
9
1
1
4
2
1
0
0
3
1
1
1
2
1
1
