43
22
6
1
35
93
24
14
7
86
7
4
46
25
10
1
97
70
6
16
5
120
16
147
11
6
4
17
19
91
10
48
3
1
57
30
8
33
193
24
29
24
28
37
95
17
8
93
30
23
9
75
44
50
92
12
91
15
30
18
49
74
53
11
11
5
7
14
138
14
21
43
18
48
30
39
7
42
28
59
108
17
7
79
57
1
67
26
81
67
7
35
52
56
37
30
28
13
47
10
96
50
31
37
71
71
127
61
16
109
18
65
3
31
121
14
32
11
64
71
51
33
8
71
19
26
8
49
18
44
53
19
70
3
25
41
68
35
78
30
49
88
23
117
57
44
30
25
40
40
11
109
103
10
138
39
31
68
21
7
62
104
12
54
36
62
6
40
42
124
77
27
41
38
18
22
14
120
6
36
38
135
24
9
18
56
110
6
96
6
25
92
62
82
77
16
95
8
34
75
93
60
53
48
47
70
106
9
35
82
87
109
19
5
80
70
32
5
9
70
6
96
18
82
40
47
51
1
7
59
71
46
57
56
9
87
42
47
9
48
26
61
55
20
28
66
9
81
56
30
108
68
89
54
34
122
60
13
91
127
11
45
6
10
28
124
16
42
30
44
12
12
48
10
23
25
11
91
52
27
59
38
49
7
117
46
7
36
17
4
82
54
35
84
14
98
22
90
5
29
4
36
4
85
58
73
13
41
47
64
3
61
6
37
41
45
2
48
10
1
36
43
96
42
5
46
24
93
61
78
43
101
119
86
24
64
15
88
88
23
27
81
17
81
82
2
22
7
36
107
60
24
37
42
8
56
61
49
16
19
13
55
8
10
49
39
76
99
32
75
27
31
38
54
17
58
15
31
92
53
82
74
104
56
181
75
12
67
46
48
20
38
40
38
9
63
42
15
37
3
75
59
19
59
39
70
38
80
64
52
41
129
69
50
81
25
126
4
52
38
36
16
22
44
13
59
32
50
16
1
29
14
29
14
23
8
0
7
8
24
14
0
63
5
123
51
5
56
28
111
32
7
143
76
11
4
95
42
44
55
55
68
40
24
36
45
68
38
23
85
18
3
3
17
70
72
55
82
14
21
44
105
6
71
1
32
22
20
101
31
60
105
14
63
26
26
48
47
3
47
120
106
34
50
29
108
114
9
56
23
57
0
37
24
48
59
31
148
74
104
45
42
72
162
52
2
12
36
51
33
5
15
79
5
12
56
10
64
115
4
64
32
16
46
36
63
62
67
23
143
46
32
64
25
114
59
50
27
10
85
90
54
110
154
70
70
74
20
59
120
29
64
31
12
113
47
21
6
71
85
6
87
12
62
35
72
46
75
61
50
101
1
56
48
25
27
2
41
2
93
82
4
20
43
59
62
43
101
24
8
22
16
27
113
42
96
42
38
125
1
149
46
47
59
31
4
46
61
1
6
31
54
21
81
71
83
59
20
14
58
40
38
30
63
19
38
89
45
32
51
39
15
61
44
70
29
53
3
4
88
32
10
39
92
18
1
3
8
47
45
73
160
65
108
18
1
20
17
68
64
49
5
40
50
7
19
13
0
116
76
47
34
8
55
133
17
35
21
44
15
80
58
30
50
16
24
27
12
9
80
28
64
22
32
7
41
57
19
15
47
16
124
56
2
27
95
28
11
27
16
93
35
62
3
7
32
41
129
89
73
49
68
20
66
17
6
71
90
39
74
61
136
62
102
61
16
72
26
24
28
40
125
26
61
89
71
96
38
26
69
66
7
135
52
52
66
64
127
56
21
14
24
47
68
23
75
54
69
42
35
12
28
64
32
97
15
1
35
9
55
50
29
1
53
12
5
55
9
27
3
61
47
9
39
13
92
23
77
10
75
50
52
57
48
64
41
20
6
73
47
19
34
57
24
30
83
50
61
119
4
15
52
21
28
41
74
13
31
52
98
34
17
67
68
25
87
53
15
52
39
61
41
78
10
11
72
90
56
75
99
52
19
32
43
84
96
34
100
8
24
61
2
99
37
11
3
38
96
2
13
93
29
12
11
5
73
58
11
42
30
75
47
15
23
85
58
80
44
29
36
43
111
10
32
79
34
106
41
44
61
9
87
24
63
9
20
67
50
16
40
38
29
0
5
118
26
123
3
33
131
30
42
15
4
14
22
56
72
51
77
12
39
37
72
89
4
51
22
69
53
5
9
46
15
0
23
32
2
23
110
39
75
48
30
27
57
16
88
39
6
4
81
3
58
30
35
58
72
20
145
47
29
21
4
65
42
83
24
48
33
53
13
119
9
49
20
100
1
83
32
56
12
35
68
24
37
12
21
63
70
53
47
29
124
8
43
38
85
32
11
73
20
42
111
58
27
1
65
29
10
77
41
32
68
27
22
39
133
59
23
8
86
47
24
20
31
58
70
66
29
124
75
79
64
4
20
18
53
8
38
26
37
72
119
6
17
19
21
16
3
30
49
21
30
30
30
10
35
25
50
52
18
4
69
122
57
23
57
11
30
10
38
1
26
5
26
19
16
2
17
5
109
29
43
119
14
61
39
72
6
2
85
32
40
8
64
49
50
95
50
3
47
32
118
106
79
64
42
31
41
9
25
49
44
11
70
58
68
2
15
10
4
50
83
1
21
52
40
40
128
69
6
8
47
14
37
73
29
33
7
24
33
3
21
21
65
19
47
21
32
6
23
39
21
2
0
0
41
45
48
29
58
13
48
136
69
21
100
26
82
16
55
54
39
11
4
83
6
39
43
2
5
57
62
17
17
35
31
6
98
103
37
38
10
35
6
121
3
108
70
34
46
64
50
42
26
16
30
16
124
51
4
71
0
10
26
81
16
41
76
33
27
66
27
29
17
63
24
70
20
37
11
12
33
37
17
25
28
20
34
5
90
38
24
8
17
44
117
38
1
48
115
119
15
16
41
24
52
2
62
28
44
101
11
8
7
41
94
28
24
86
41
48
24
84
2
25
27
55
1
92
67
47
28
41
85
5
9
3
14
9
5
16
66
30
26
2
25
23
83
8
27
13
37
40
14
27
12
101
95
48
21
26
16
16
77
3
6
34
85
43
7
12
101
13
72
37
20
26
58
60
94
50
89
7
27
94
52
58
7
32
38
43
4
81
7
40
8
127
21
1
59
43
17
11
92
10
35
16
5
39
107
8
26
24
4
17
22
49
33
45
10
5
32
20
46
39
28
43
54
12
29
54
59
101
3
29
22
95
2
52
35
49
67
62
45
11
48
22
19
6
85
49
66
9
57
48
57
73
30
35
8
21
95
45
55
10
50
12
41
59
16
21
39
69
96
29
15
20
18
63
33
4
14
12
12
28
21
14
11
81
12
68
36
30
96
66
27
74
56
18
13
79
54
44
24
89
9
57
10
15
26
8
19
77
131
6
9
49
69
31
17
29
0
2
29
51
3
21
39
40
3
3
113
2
34
59
141
23
26
26
28
58
12
38
5
9
33
23
38
8
34
25
62
24
47
91
97
16
35
68
42
80
24
23
58
63
74
51
45
24
27
51
21
42
33
94
111
21
26
52
42
41
20
22
42
31
14
13
39
17
93
34
2
86
9
44
18
42
71
21
56
59
26
62
45
0
1
8
11
12
50
44
0
51
66
26
16
14
31
44
7
54
59
12
66
23
74
19
19
45
6
58
44
4
52
25
56
13
5
3
14
43
75
59
48
11
39
101
13
34
16
56
3
20
15
8
39
21
38
12
37
18
79
71
12
14
73
46
16
37
40
36
81
35
31
30
14
29
3
24
43
11
19
15
40
19
19
46
11
23
28
55
21
59
2
13
2
52
16
33
3
42
120
46
13
47
32
14
12
14
50
51
95
31
5
28
6
17
4
28
36
60
9
35
6
49
39
18
47
35
5
70
39
14
54
20
60
10
8
40
51
90
8
25
23
19
17
6
35
84
39
51
47
32
54
67
1
43
32
24
9
25
1
63
30
45
29
10
49
53
22
47
74
75
55
35
15
35
12
28
9
109
64
55
123
28
27
6
28
35
15
56
43
57
24
42
13
21
82
4
44
14
10
89
67
60
96
7
35
6
6
14
5
44
89
49
5
45
20
34
19
11
42
49
13
3
18
35
96
13
10
20
82
5
10
15
65
53
38
38
25
35
23
24
34
32
22
36
56
79
5
26
41
44
17
45
10
6
22
22
52
18
3
43
21
13
0
15
12
12
25
41
11
37
20
6
16
55
48
38
16
5
16
50
0
32
4
38
43
16
32
82
114
65
35
49
12
23
36
117
104
29
14
95
15
64
12
12
74
86
27
6
26
70
87
2
40
29
0
66
50
137
47
51
26
0
29
1
26
32
39
5
45
18
55
14
24
42
29
62
29
7
1
28
6
18
47
7
95
1
5
27
46
32
34
15
10
53
19
99
8
10
5
16
41
26
59
24
32
26
6
5
40
1
37
59
45
18
0
74
121
5
27
33
3
5
11
7
45
38
68
29
5
5
1
13
6
34
1
34
43
60
61
25
36
50
64
28
25
64
86
19
77
13
33
14
63
33
26
23
74
43
9
81
22
1
60
41
20
22
7
48
23
7
63
17
23
20
70
2
8
27
67
19
24
31
6
10
10
51
42
2
38
46
0
34
41
4
22
3
61
13
23
13
40
62
61
16
23
12
11
24
66
1
8
72
58
4
32
57
11
61
25
6
65
73
21
43
40
16
6
46
17
51
27
35
20
4
37
70
29
13
22
34
19
47
15
5
31
6
19
24
43
47
3
11
53
18
29
47
42
2
57
77
22
8
27
89
31
35
38
46
24
87
6
28
35
51
24
9
18
10
3
91
17
15
31
22
16
1
3
5
38
73
16
26
66
39
22
19
57
17
29
28
13
45
45
61
27
18
27
23
43
41
19
15
70
20
80
3
47
108
4
19
71
36
17
22
82
23
16
16
5
3
40
31
36
10
15
10
1
27
2
5
43
38
59
40
14
107
31
52
6
20
13
16
82
32
24
61
6
50
27
51
55
6
22
17
27
12
29
7
4
21
5
25
60
64
65
14
64
57
48
19
52
44
88
59
18
17
85
113
42
73
81
34
37
49
6
66
3
63
29
23
59
16
28
69
60
1
53
16
43
8
6
43
7
1
33
30
66
58
29
16
11
50
2
36
51
16
7
28
80
7
42
9
38
47
17
42
28
71
38
11
62
92
29
38
22
61
65
2
45
57
30
59
39
89
4
14
59
59
40
56
7
40
15
20
16
49
12
2
58
25
56
19
4
32
34
19
14
3
13
8
17
53
34
9
49
9
62
25
9
24
6
53
25
36
21
10
63
76
12
5
95
17
35
44
18
29
31
36
20
37
38
100
29
13
69
38
3
7
20
18
6
11
25
30
25
24
12
18
38
26
22
50
36
48
17
39
13
1
27
93
12
21
11
48
15
18
54
50
9
14
8
56
2
13
27
35
67
65
55
52
32
5
7
19
42
33
11
28
7
45
1
50
1
20
36
7
14
47
53
68
71
40
12
29
18
42
2
25
28
12
1
63
52
13
27
17
67
17
2
10
31
14
31
27
74
6
5
28
34
14
26
17
45
19
53
30
42
12
6
15
1
18
7
42
16
53
24
22
10
3
44
17
2
58
55
7
47
73
23
31
4
32
14
48
37
7
10
1
3
6
9
49
46
82
60
39
39
20
21
37
12
52
1
23
10
69
22
4
8
49
51
9
15
12
6
36
7
43
68
26
25
56
22
28
34
66
22
45
49
0
39
12
74
11
61
42
63
61
9
24
41
35
17
3
22
67
5
23
23
29
53
9
37
14
29
64
6
30
24
9
55
26
67
33
2
39
34
54
1
36
18
34
1
24
14
13
48
29
7
15
4
2
12
2
28
5
31
44
69
24
28
16
77
15
22
27
26
15
5
5
20
24
13
57
5
48
30
11
69
21
12
9
11
5
1
16
21
80
17
33
23
54
17
19
43
15
26
25
43
5
80
14
39
41
14
1
46
5
15
17
8
6
43
2
37
5
8
30
32
30
43
12
34
31
81
4
10
29
34
10
46
24
4
15
59
32
23
22
6
3
26
48
15
93
63
39
6
51
38
18
19
25
6
6
19
19
27
15
82
101
35
3
71
20
18
48
78
28
60
72
40
12
4
68
54
29
11
43
25
20
48
65
74
13
13
24
16
29
23
5
22
6
32
53
15
44
58
22
17
23
5
11
9
30
14
29
20
28
7
28
19
13
6
14
58
15
50
40
30
41
17
13
5
34
3
81
65
20
45
2
32
16
47
41
5
10
31
13
65
10
0
39
13
10
51
16
23
37
7
74
16
7
0
42
33
12
18
25
13
17
7
4
1
1
72
35
14
60
49
36
50
23
73
25
15
4
7
95
1
12
4
15
19
5
8
40
14
6
74
15
20
1
41
39
8
20
2
14
9
61
2
12
12
39
37
3
18
35
7
19
0
52
3
66
60
23
34
3
33
51
14
15
64
46
9
6
2
15
7
11
62
34
51
23
19
13
3
14
11
25
0
2
31
44
30
16
17
26
9
23
34
1
28
25
2
13
51
1
1
43
23
10
28
15
15
11
3
6
46
27
43
17
21
7
29
2
15
31
26
11
33
26
15
8
46
31
35
56
30
34
9
7
19
1
9
13
34
13
7
10
19
15
21
2
10
40
14
81
6
60
66
1
14
21
70
7
5
44
40
25
27
8
13
42
7
95
2
40
4
43
24
9
35
0
14
66
16
2
23
62
3
25
18
8
1
45
6
15
11
54
67
43
3
9
1
38
2
54
5
36
25
11
17
21
28
14
23
29
13
42
6
7
9
2
15
33
3
7
13
54
39
35
15
3
42
11
6
0
32
12
33
30
4
25
3
17
11
17
22
1
6
28
27
35
21
13
16
25
5
35
11
1
7
3
14
12
21
31
4
25
3
8
20
8
1
31
2
6
19
25
25
30
14
40
2
7
5
40
31
10
25
5
16
55
59
4
22
22
35
13
15
44
0
6
9
57
47
4
18
43
14
24
2
3
25
35
8
14
2
35
20
2
19
6
20
25
35
20
27
51
8
21
48
1
13
30
34
42
64
17
47
19
46
21
3
20
32
3
9
6
20
17
13
7
15
29
15
1
45
23
31
21
4
37
21
18
35
39
1
35
26
20
20
33
37
29
12
35
19
7
11
18
9
17
32
9
33
22
37
10
9
3
17
18
45
64
19
45
11
9
5
75
16
5
19
16
9
16
9
4
31
1
25
34
24
18
35
43
11
9
7
12
31
16
37
8
10
21
35
20
37
2
43
19
34
15
44
51
25
15
10
3
15
0
20
15
19
37
36
20
5
5
30
13
52
20
25
9
4
27
0
17
10
12
38
11
34
12
28
24
41
7
16
7
52
14
5
14
6
68
53
23
6
49
14
29
1
18
9
33
45
10
9
1
7
28
25
15
19
29
4
15
16
13
9
18
12
3
35
7
25
3
13
23
14
6
32
40
63
23
8
47
0
9
17
9
20
12
17
11
30
10
19
20
10
2
49
2
39
9
20
20
13
0
2
26
5
2
30
25
26
15
25
15
18
2
9
29
1
4
57
10
5
9
12
34
2
22
1
15
20
40
20
27
11
13
20
41
2
21
7
2
11
18
7
10
17
11
20
32
20
25
9
10
0
5
50
14
45
12
18
27
5
17
8
17
20
29
6
34
6
3
30
43
5
8
4
6
3
18
28
9
13
11
2
1
1
36
3
25
1
40
12
28
21
8
30
19
11
22
22
2
33
2
12
7
5
0
10
16
10
7
20
14
9
27
3
17
12
11
11
11
48
22
31
8
9
46
6
8
1
15
11
24
10
21
8
1
1
20
20
12
10
3
1
12
5
23
10
14
24
3
37
12
5
4
2
5
9
12
4
0
51
32
20
13
0
10
21
12
15
13
17
4
16
21
12
5
3
11
3
7
2
9
29
16
10
1
23
11
21
8
1
14
12
2
9
47
8
1
14
22
24
2
7
22
3
1
6
10
14
0
16
19
6
6
4
5
6
4
10
17
15
14
5
16
13
10
17
1
6
13
0
17
23
10
22
20
22
4
6
3
24
5
9
7
15
0
8
14
30
9
12
19
8
9
3
8
3
8
7
28
9
15
6
5
2
3
11
2
0
12
6
12
1
1
2
11
24
10
7
18
28
8
35
3
9
14
9
8
2
13
1
3
5
1
4
13
13
1
14
16
7
11
8
1
6
16
6
6
9
14
4
24
7
14
11
4
27
1
7
13
6
1
15
12
11
23
12
11
4
2
4
16
15
11
15
5
10
8
10
5
1
5
23
9
2
7
1
7
9
16
5
14
14
5
8
4
3
16
3
8
10
7
1
9
7
5
6
12
12
2
10
10
8
6
14
0
9
5
9
8
3
25
12
7
6
7
0
3
14
12
1
0
6
8
1
7
4
0
3
4
5
7
0
11
5
2
11
8
12
10
6
0
3
3
4
1
1
1
5
7
3
0
4
2
0
3
3
0
8
2
3
3
5
3
2
1
2
2
0
1
2
0
3
