60
38
48
62
82
31
25
109
41
4
8
4
3
6
82
3
61
35
8
148
56
11
86
39
33
1
4
0
23
12
0
51
48
8
31
16
11
37
4
39
34
94
196
59
86
33
43
58
3
9
19
19
58
128
59
84
3
18
104
38
97
47
39
93
36
61
28
5
12
60
2
51
30
65
84
70
5
51
11
9
14
23
55
4
30
14
31
4
5
38
42
8
28
47
47
67
40
31
96
55
3
11
48
102
9
7
27
45
2
60
94
34
27
74
6
86
33
106
83
15
26
65
33
25
17
82
11
9
18
122
9
138
95
8
9
34
27
3
6
44
14
44
108
59
34
12
72
49
56
23
19
17
94
7
100
94
97
34
85
67
160
39
51
28
5
23
54
43
9
29
2
138
9
29
159
38
17
15
25
48
25
11
61
33
67
43
4
20
12
46
74
31
17
13
45
5
3
40
30
25
11
17
43
38
8
10
33
48
7
43
25
35
93
88
67
41
18
46
24
4
0
70
84
6
66
11
73
24
67
49
21
52
25
9
23
59
173
35
46
121
97
180
61
16
17
4
27
83
124
3
32
95
115
36
22
30
16
22
72
21
21
39
35
1
20
42
4
106
5
61
163
122
6
37
43
53
49
19
105
21
35
64
4
57
37
140
160
55
23
72
53
115
27
77
69
9
10
68
30
25
79
20
25
24
1
48
34
77
14
88
130
48
49
10
43
4
25
8
51
19
87
13
63
9
48
15
24
50
79
69
9
125
84
19
49
52
49
55
36
67
52
10
45
89
46
10
12
72
12
42
55
73
28
11
41
11
15
58
60
78
36
59
165
47
36
13
4
74
9
51
67
0
41
8
2
70
105
30
9
47
127
21
40
98
77
62
151
95
13
46
19
25
81
81
65
155
7
22
78
65
23
53
32
77
48
70
105
97
46
96
46
29
95
122
23
108
3
5
33
65
135
37
5
20
73
39
10
55
23
21
26
24
15
116
23
27
8
96
41
10
4
100
3
9
56
49
17
57
56
13
40
77
23
39
6
57
18
34
109
18
18
70
67
96
52
2
33
2
9
20
14
18
8
16
19
31
108
37
40
40
100
6
16
68
6
35
32
106
89
51
19
70
114
14
22
33
66
5
44
88
7
82
6
31
61
119
9
79
14
9
11
46
81
95
39
63
122
70
34
25
50
96
12
82
1
54
70
31
38
5
67
49
47
13
74
10
48
117
26
8
42
73
3
41
8
33
66
17
65
23
53
38
72
85
59
34
19
24
29
3
92
5
74
0
10
13
34
3
110
43
111
19
71
16
9
96
63
22
77
37
9
8
84
30
36
19
42
72
61
71
83
31
16
55
77
11
53
5
0
17
9
22
7
34
86
19
0
81
26
5
54
10
25
73
25
15
31
51
96
1
9
117
45
8
45
3
16
26
95
29
16
128
30
56
27
155
11
4
20
45
84
14
27
49
17
6
137
59
3
22
19
42
42
4
80
10
53
24
61
8
6
32
95
52
45
179
16
99
10
7
71
23
51
115
17
18
23
6
17
133
48
73
5
15
65
45
11
48
13
15
64
16
30
20
17
92
52
23
10
29
15
76
24
65
96
61
74
72
21
8
23
31
89
37
40
44
11
33
37
75
57
28
24
51
22
90
78
26
0
7
46
73
26
25
44
150
24
3
35
9
84
14
15
50
28
11
3
73
38
111
10
23
1
49
21
105
59
139
40
28
21
44
52
47
17
70
79
58
3
37
48
20
10
77
7
31
78
66
57
10
101
56
132
20
47
99
22
45
11
19
95
109
31
120
62
4
29
36
81
65
3
8
66
1
13
16
57
61
5
49
38
19
150
105
69
38
128
11
24
44
63
1
39
31
59
6
44
6
44
77
34
4
75
108
103
40
111
55
22
41
55
32
24
7
50
11
1
147
10
8
14
11
6
80
20
64
35
33
7
75
88
9
92
45
23
34
48
34
30
27
7
19
21
42
61
43
26
65
5
34
9
22
75
27
17
8
8
26
84
61
22
16
98
49
6
13
35
23
45
37
89
26
55
14
28
70
85
16
120
6
41
13
16
75
9
55
40
91
31
37
35
41
73
84
69
19
10
2
11
7
21
20
35
44
48
9
69
59
48
1
36
47
29
2
37
72
55
45
95
5
69
8
11
49
109
2
30
32
24
44
123
3
76
41
4
151
20
39
2
1
50
160
7
56
68
11
26
25
112
49
151
29
58
72
1
104
28
118
40
54
26
2
43
16
19
74
72
8
74
104
25
29
73
52
41
1
12
93
7
26
49
40
17
48
47
46
38
11
15
22
2
81
9
11
13
38
88
47
0
32
28
55
4
53
34
51
67
97
64
13
25
28
18
13
45
77
24
59
16
116
28
27
43
55
11
17
21
23
10
17
52
42
33
58
38
2
110
70
2
39
63
7
35
6
101
22
19
11
39
33
21
31
67
72
46
51
15
3
32
68
8
47
15
31
51
75
4
10
75
1
4
4
69
9
11
10
76
11
30
55
83
56
65
1
46
6
0
89
97
46
98
111
5
96
17
40
16
16
70
46
2
44
24
59
14
10
44
92
2
19
12
32
25
19
40
32
0
0
141
10
70
0
103
64
24
36
33
76
8
15
66
42
38
107
10
74
38
32
4
43
0
70
73
31
21
15
15
33
8
80
86
58
2
11
60
37
19
74
7
20
31
32
60
34
65
2
25
89
19
56
96
6
27
33
78
8
10
14
29
45
42
3
79
50
17
16
38
46
78
15
33
10
78
58
19
8
41
24
40
29
93
24
9
25
37
65
20
36
37
89
22
53
40
6
29
27
22
78
13
9
29
39
51
3
24
5
46
44
73
17
57
118
56
19
2
12
74
57
85
75
63
50
47
64
14
22
15
28
14
26
87
43
8
21
44
13
21
40
88
31
33
10
1
58
49
49
14
12
86
54
29
37
51
62
16
57
110
6
52
20
4
19
13
15
45
71
1
34
43
67
3
52
63
15
15
97
87
8
98
49
39
69
48
50
47
36
30
26
20
55
33
16
7
65
13
76
19
41
72
54
56
15
12
58
37
3
86
35
20
9
4
16
13
62
6
39
3
42
105
23
2
53
60
74
33
50
47
52
28
49
48
47
20
17
42
27
46
3
1
0
42
111
45
60
149
3
22
25
17
20
6
29
49
94
16
51
29
49
6
10
4
61
40
97
59
33
9
26
13
7
17
84
60
45
43
24
1
80
33
51
21
39
43
5
35
31
43
1
63
65
26
55
46
43
83
28
46
56
79
28
0
26
10
13
31
56
25
10
19
12
15
36
1
11
58
25
9
19
68
10
60
11
17
24
41
11
41
33
73
66
53
78
46
6
25
39
44
80
35
60
43
54
58
96
6
81
5
63
11
36
106
59
26
3
4
64
94
63
54
51
64
45
12
29
38
79
15
13
39
15
17
81
38
45
54
12
70
25
23
41
10
82
31
39
99
48
13
2
43
7
64
23
72
56
83
62
1
48
18
17
24
13
35
41
33
39
31
3
43
1
30
47
20
47
46
46
45
102
13
34
7
54
10
32
10
11
1
48
2
37
7
83
11
9
44
20
25
78
44
16
46
34
56
83
24
48
56
41
3
21
87
41
88
88
43
34
25
35
1
21
70
4
12
80
45
19
123
63
21
2
42
32
37
36
16
117
4
37
60
59
61
54
34
55
83
6
101
78
52
60
17
42
23
58
74
24
27
85
19
48
13
6
2
45
4
6
65
31
27
35
53
21
9
9
19
24
15
18
33
116
60
0
9
10
53
17
8
65
14
17
73
61
113
39
14
114
8
2
13
75
24
48
46
28
146
57
97
72
50
53
78
66
23
55
19
11
51
24
62
43
150
76
9
96
78
8
87
42
9
3
16
10
77
14
2
15
24
20
18
6
42
52
46
48
64
11
37
17
25
5
17
108
62
15
76
71
86
39
17
37
30
27
63
20
98
21
6
80
45
4
24
46
15
38
54
70
19
35
28
69
19
66
10
30
20
13
39
9
22
43
45
11
12
48
8
66
7
31
25
70
41
17
32
54
28
57
5
91
12
32
10
72
15
58
44
74
33
24
26
102
55
135
54
31
39
44
28
25
57
24
8
41
25
45
42
3
84
31
87
16
40
36
6
22
3
53
76
27
42
61
51
9
23
3
10
18
71
66
3
42
3
45
45
3
132
52
36
45
19
45
2
22
41
37
35
99
38
8
58
15
65
47
37
43
24
59
37
1
48
10
7
34
27
20
19
94
1
40
83
48
61
55
3
30
12
21
88
39
37
18
24
29
7
5
1
18
6
14
30
13
87
49
47
58
33
34
83
84
1
59
46
35
10
27
79
53
36
30
68
4
5
108
7
40
42
15
46
63
30
37
6
13
28
18
45
17
44
10
21
103
36
94
66
33
37
26
18
3
52
18
51
25
15
48
44
109
37
94
57
98
69
16
41
31
80
19
10
43
34
7
17
28
2
16
7
25
65
42
49
63
5
14
41
31
62
30
53
73
31
101
103
25
25
5
5
30
19
12
50
56
24
21
72
25
30
23
43
37
66
93
3
84
39
92
41
18
6
21
90
18
18
6
48
45
62
58
14
21
24
30
33
44
56
47
96
0
88
19
1
30
107
58
50
33
33
25
41
73
27
55
18
26
27
47
4
10
48
9
3
14
32
86
19
45
28
27
70
44
83
22
78
7
13
21
40
1
19
17
80
12
7
46
12
52
13
31
19
44
66
93
50
2
5
9
24
69
6
25
44
70
17
52
25
18
72
23
5
94
5
59
57
15
22
15
99
20
6
55
13
10
20
57
74
39
94
29
14
64
29
17
57
2
29
26
55
7
11
47
88
29
20
5
17
36
11
4
5
43
47
23
59
14
29
39
9
5
53
44
12
55
59
4
17
20
34
37
79
2
97
51
25
27
16
2
7
25
85
39
1
26
14
25
67
14
84
47
67
50
45
50
1
34
11
51
35
15
2
45
27
13
26
59
31
71
98
23
44
7
40
2
59
38
19
14
49
62
15
6
19
76
15
66
1
35
72
61
33
64
49
38
30
15
6
7
26
13
28
17
5
24
11
47
38
4
12
28
9
13
12
8
81
70
42
35
34
38
2
21
67
11
4
39
12
49
79
22
42
38
16
28
58
2
19
68
22
6
28
15
67
17
19
48
8
37
14
54
63
57
20
13
5
26
2
54
29
11
36
19
14
20
28
28
30
15
22
17
49
50
2
41
45
27
23
2
29
12
38
13
34
18
34
35
33
38
25
23
59
20
30
30
22
48
66
32
44
11
33
66
53
64
13
40
21
63
44
53
97
33
62
17
47
9
2
7
43
17
16
62
9
1
17
31
11
27
18
34
32
41
13
7
91
29
1
9
4
18
13
33
10
46
31
45
54
70
23
27
19
41
79
44
14
12
49
34
46
0
107
11
5
52
17
27
30
23
34
4
27
35
15
12
14
43
61
27
1
31
37
32
3
25
42
8
47
3
22
8
26
16
10
17
18
60
12
8
87
12
3
21
28
76
32
40
38
2
31
22
24
11
44
37
20
27
11
2
25
30
25
58
10
74
16
44
22
8
34
4
9
22
37
82
26
36
16
39
2
0
39
45
19
73
69
11
82
18
70
24
28
23
38
9
5
30
9
37
20
11
36
19
56
61
58
8
25
13
7
19
33
16
6
2
59
40
94
5
15
16
9
21
67
32
3
63
6
59
16
2
9
14
2
42
30
28
9
39
50
9
59
18
39
3
50
15
3
39
29
16
76
50
43
48
7
19
69
41
57
15
35
37
56
6
38
15
14
18
6
18
46
5
1
21
13
3
16
31
85
22
53
40
31
97
31
55
7
46
32
9
7
12
16
45
4
5
10
10
26
12
45
4
35
91
25
39
27
2
40
43
40
5
74
14
27
58
19
63
6
23
38
40
66
32
2
3
7
68
63
44
7
54
4
18
22
36
30
23
26
22
42
4
83
40
40
59
12
12
36
78
8
23
21
18
14
7
72
3
67
29
13
29
75
8
18
42
16
10
19
43
20
37
27
37
18
11
27
16
67
27
64
39
11
5
30
15
10
11
16
8
15
38
49
16
9
56
46
56
20
37
28
37
6
24
17
29
12
7
3
8
10
18
3
8
53
18
1
37
51
50
51
66
42
34
46
1
22
5
9
7
0
10
21
10
18
26
10
12
0
65
9
28
42
4
67
2
12
42
83
3
12
1
46
27
2
29
36
3
56
36
78
26
15
31
4
16
27
31
59
10
37
5
9
17
23
34
1
16
18
28
15
36
11
4
19
48
5
9
28
9
18
17
7
38
40
33
6
25
37
13
43
133
80
2
9
18
46
55
9
3
27
3
61
34
38
11
16
10
45
21
23
81
25
13
12
10
12
15
1
3
11
60
16
51
29
28
1
86
45
19
37
8
44
27
12
5
15
18
28
61
4
66
1
14
5
42
29
16
40
62
6
10
32
32
23
9
35
33
37
57
28
24
51
29
20
51
28
22
28
70
55
36
14
42
32
16
18
3
41
22
32
16
11
9
1
15
24
18
27
9
36
12
50
81
22
41
22
13
16
13
53
24
8
25
14
55
27
25
6
6
6
23
44
19
21
40
37
1
20
22
30
1
21
7
46
36
11
38
1
5
7
20
33
25
33
52
43
21
14
9
36
36
25
1
44
17
10
0
38
39
21
11
71
44
3
1
37
11
10
0
0
12
8
28
27
21
5
26
44
41
14
51
23
9
19
83
31
5
15
15
59
35
3
30
23
16
6
10
34
11
59
25
73
13
11
24
18
0
7
4
17
13
16
34
30
38
57
55
33
10
29
56
22
15
7
32
10
36
45
25
9
17
21
21
40
34
4
6
40
2
16
23
7
35
6
46
0
41
27
44
14
51
18
28
5
3
1
9
39
6
2
6
33
52
7
29
15
42
16
27
40
40
52
31
39
9
16
7
17
21
26
35
37
8
39
79
18
38
51
26
5
17
6
5
14
12
1
18
4
22
11
6
12
2
25
15
24
11
8
22
4
13
19
4
4
13
21
12
5
17
21
9
46
43
23
39
34
17
12
26
13
19
20
18
28
34
6
2
16
4
35
5
17
38
8
20
47
15
42
22
44
22
3
4
34
0
18
36
10
1
26
27
25
17
4
39
3
58
32
20
16
18
24
53
0
42
11
14
41
23
28
36
10
4
43
16
54
17
27
61
20
45
29
8
23
0
27
5
14
1
3
21
20
25
35
2
34
2
12
2
4
45
5
2
0
39
49
5
8
6
22
5
39
46
28
8
27
3
10
12
7
2
7
20
32
16
14
17
11
9
5
7
56
3
12
19
9
4
32
69
45
23
32
2
11
35
11
0
5
28
19
12
8
3
4
27
28
2
13
10
25
10
24
1
3
16
2
21
31
29
13
20
40
21
5
3
10
2
12
17
15
6
35
18
2
15
39
32
21
0
18
16
32
45
1
22
1
63
2
7
2
40
3
9
21
28
2
46
39
3
8
3
18
10
24
12
11
7
14
1
10
1
6
47
9
31
53
24
27
26
49
3
35
25
3
22
15
9
5
6
23
7
7
20
6
2
6
3
19
21
1
26
26
6
14
16
30
23
24
14
12
41
8
38
7
35
1
4
14
58
32
18
36
3
0
33
12
17
16
13
49
6
21
17
1
1
3
6
13
2
17
39
14
5
16
39
1
28
18
33
38
16
9
7
9
1
1
36
13
10
7
9
31
5
14
25
2
8
8
36
8
6
5
4
2
21
25
4
7
30
6
21
15
7
5
37
13
7
2
4
15
5
4
14
11
15
28
1
1
8
7
2
15
23
11
18
0
2
39
5
6
25
4
10
30
15
3
15
8
24
2
14
17
19
0
33
14
27
8
18
37
12
7
21
13
20
3
19
11
13
3
4
3
9
14
5
6
19
26
18
20
22
30
2
13
5
24
0
18
7
14
2
20
14
1
2
28
29
34
9
11
2
19
6
6
27
14
3
14
2
15
3
10
11
1
10
6
26
26
4
3
18
19
6
8
19
8
0
14
0
7
1
31
10
19
11
11
9
0
1
7
20
8
6
10
26
10
5
6
1
7
6
18
22
15
20
3
7
7
18
14
1
6
5
6
14
12
6
8
6
3
1
1
4
19
21
9
4
5
19
6
15
5
8
13
7
3
1
4
1
11
11
26
18
23
12
12
3
18
5
5
7
4
0
22
6
13
9
3
20
18
4
0
8
11
14
6
3
17
10
6
2
5
9
18
19
2
8
5
0
8
18
1
6
4
2
14
16
6
3
5
7
1
14
3
13
0
1
1
8
8
1
0
2
9
4
11
17
11
5
0
11
9
7
8
10
4
4
3
5
8
3
4
7
0
6
1
5
17
5
7
9
11
4
1
2
1
5
8
5
2
2
17
7
12
10
5
20
0
2
4
1
3
11
9
8
4
9
5
2
6
8
0
4
3
7
3
7
6
4
5
2
5
3
5
7
4
6
7
9
3
3
2
3
3
1
4
2
1
1
0
1
1
0
