12
1
11
7
16
0
30
19
14
8
47
23
11
106
13
8
33
14
32
76
15
18
46
46
18
41
15
51
73
11
26
22
23
63
28
24
12
55
14
145
7
6
2
38
45
17
5
90
46
4
21
36
3
1
48
30
19
104
26
74
16
45
91
28
10
38
113
24
39
55
31
26
54
9
65
43
60
33
21
18
0
26
50
51
21
69
137
55
57
1
73
33
91
8
50
14
16
60
32
13
46
80
42
10
83
15
99
65
41
6
21
5
48
111
27
14
108
64
29
43
9
46
52
71
59
62
9
103
93
99
6
25
10
89
61
31
32
71
32
67
40
85
65
5
70
126
128
68
8
0
86
16
47
44
28
14
48
98
43
36
74
2
14
27
71
11
1
109
62
33
12
48
52
47
30
17
24
27
140
1
80
56
18
28
70
83
54
45
22
52
19
117
10
91
66
13
69
18
28
17
107
23
84
14
83
62
55
41
22
9
43
7
74
167
25
42
87
14
1
12
27
59
63
42
50
56
51
41
35
35
70
11
93
22
57
38
40
39
106
51
2
13
9
6
91
18
56
106
6
49
4
5
39
10
65
28
77
157
43
8
23
55
53
85
99
36
13
3
14
19
67
16
82
45
64
15
29
19
42
84
182
29
32
66
22
84
44
35
205
23
38
21
21
18
45
57
31
8
125
114
60
133
8
59
92
57
49
56
4
29
23
1
60
116
18
37
7
58
30
32
4
10
16
56
56
21
27
108
64
52
139
28
69
20
16
46
29
54
15
19
14
53
34
15
15
100
7
32
21
132
6
90
78
53
33
46
16
88
98
134
3
66
2
71
44
37
41
30
7
3
33
15
2
42
3
103
33
104
36
10
16
84
29
34
17
92
95
13
5
120
120
14
18
48
9
49
103
21
57
52
22
57
22
87
26
71
11
79
26
11
133
21
0
97
26
59
120
30
34
28
13
84
33
46
30
57
28
11
24
56
30
12
91
24
98
29
188
67
27
26
42
76
97
18
61
25
67
2
6
23
18
15
11
16
15
28
66
11
30
93
25
56
4
53
21
49
103
69
16
116
39
49
1
48
89
29
34
51
11
29
163
45
2
90
76
37
98
110
6
57
13
18
105
132
67
74
34
59
6
190
33
11
9
4
78
52
62
55
57
40
15
22
34
13
62
35
39
30
23
47
19
13
25
21
8
170
67
36
100
11
85
52
112
134
19
45
6
41
52
64
125
51
71
6
58
10
12
36
39
62
2
22
2
31
48
2
61
13
26
39
18
79
18
55
43
20
21
40
26
22
94
33
53
36
23
44
5
13
68
39
1
83
54
16
36
34
129
96
77
56
13
92
4
50
56
71
18
1
24
8
7
89
49
36
82
0
47
47
8
37
9
44
47
64
67
19
10
85
83
11
54
2
36
52
14
86
30
45
84
47
18
42
41
2
59
22
153
25
81
23
26
15
0
101
96
34
42
11
134
12
40
11
77
82
62
8
80
62
42
9
21
32
11
64
14
31
38
18
51
95
61
32
95
14
27
50
19
59
72
18
11
2
106
89
63
54
35
54
23
37
91
124
31
60
35
43
26
56
7
2
85
74
7
14
10
19
15
25
10
110
6
79
23
53
27
123
45
7
59
57
99
16
16
58
40
3
32
14
18
41
122
47
28
25
96
96
143
53
13
103
87
62
13
19
50
23
3
18
13
71
23
17
76
148
2
1
34
65
1
21
96
166
78
31
79
67
24
22
88
48
36
2
23
10
76
68
50
79
24
43
12
66
10
84
91
39
10
18
25
44
70
61
43
19
8
46
58
29
59
105
3
38
53
6
47
16
58
59
10
2
72
20
145
29
60
28
47
51
8
26
64
37
2
90
19
33
87
23
93
4
58
80
44
50
95
51
20
4
71
3
41
41
63
16
69
22
2
57
62
31
115
39
8
39
25
141
46
7
12
14
39
137
80
47
59
59
21
93
7
8
99
44
60
30
46
5
68
56
27
32
12
50
23
71
6
25
33
64
8
27
92
1
3
56
46
26
65
14
50
5
5
48
68
52
2
19
95
32
56
57
8
3
31
25
29
128
34
128
28
45
10
72
121
67
58
11
15
9
81
36
58
21
121
1
53
57
88
91
26
4
22
61
42
45
62
36
41
53
20
7
79
2
15
62
38
79
49
92
79
29
73
33
23
38
40
39
21
20
6
30
48
4
37
59
5
18
18
18
19
87
28
37
10
41
115
34
89
78
10
72
59
21
22
64
0
34
24
10
73
42
29
46
39
89
12
3
23
97
5
39
54
60
8
38
65
24
65
91
24
43
16
68
38
38
35
77
40
28
84
53
27
76
3
142
11
11
13
23
28
46
14
46
58
13
23
90
23
113
26
70
37
54
38
30
36
80
45
5
21
108
17
8
24
24
11
36
89
7
8
14
97
66
21
23
18
48
28
33
35
16
8
15
38
42
53
84
69
10
27
11
100
76
58
26
17
36
58
6
10
72
51
121
43
33
47
152
34
81
37
7
37
23
44
73
49
57
36
84
66
102
22
1
4
51
44
57
86
9
11
104
12
94
6
76
13
22
56
10
21
23
21
68
62
6
24
40
2
29
49
39
30
49
45
0
40
32
72
63
29
22
14
76
12
80
61
28
30
45
40
37
46
88
27
43
54
9
98
106
59
81
74
117
42
33
49
25
14
70
23
49
18
13
16
9
131
24
18
96
7
19
7
24
54
8
40
32
13
2
99
20
27
45
11
24
13
86
25
3
16
67
79
29
11
20
7
57
83
21
37
96
6
18
50
61
4
0
10
39
17
98
46
77
47
28
22
36
42
93
54
12
17
3
73
8
9
11
5
19
21
32
56
8
70
93
79
82
6
13
51
16
25
10
70
56
1
112
7
9
29
81
22
66
32
43
14
11
20
28
50
16
6
29
42
85
57
2
11
45
67
25
54
59
12
7
83
147
36
48
54
23
32
19
46
81
25
9
4
70
26
2
55
20
23
26
56
79
9
54
18
11
26
44
51
32
42
58
28
161
5
26
12
15
61
69
105
44
28
53
11
37
66
18
30
28
31
55
53
12
6
48
96
64
40
72
102
3
77
90
49
69
4
42
7
19
57
65
0
78
55
8
44
4
52
56
39
37
79
9
18
80
64
20
32
94
12
32
43
106
57
53
50
70
0
34
52
14
39
112
31
69
35
54
7
55
28
31
2
44
13
8
36
56
15
78
36
3
36
22
61
35
35
30
28
31
65
3
39
9
41
9
51
12
80
2
40
59
66
48
0
28
32
15
11
17
61
29
41
35
14
10
79
100
43
17
92
11
66
58
15
84
71
12
35
27
76
36
32
15
68
78
118
31
29
75
98
38
15
7
68
3
28
12
35
20
12
41
30
90
80
0
42
43
0
34
44
16
70
49
57
82
4
83
27
34
24
36
124
59
31
18
59
12
45
16
19
67
25
60
18
81
103
4
22
20
87
27
9
21
57
21
34
67
76
23
2
7
25
7
67
66
20
45
28
45
37
52
60
29
28
43
72
32
24
50
14
8
18
70
4
58
9
46
13
21
79
67
100
43
23
86
21
7
49
63
18
19
16
35
18
28
25
12
47
9
63
26
13
34
3
2
67
29
44
33
40
54
16
16
16
16
45
130
4
3
20
29
4
47
1
97
52
40
22
30
1
45
57
36
65
47
7
12
47
24
1
10
53
52
39
62
58
41
37
30
37
66
26
5
70
23
9
20
49
42
25
3
38
68
25
37
10
42
67
43
24
15
67
86
52
3
86
72
6
17
28
75
70
77
26
26
20
53
63
21
0
50
11
34
27
34
41
41
9
17
22
0
58
23
123
28
0
8
27
18
65
107
59
7
44
40
78
37
34
25
45
56
31
32
7
13
46
4
83
55
110
12
7
16
72
30
76
34
25
46
16
51
15
25
12
31
39
93
16
57
82
32
95
25
6
99
30
11
21
61
38
39
47
28
67
35
95
32
18
33
27
13
32
64
7
64
20
33
74
6
21
45
51
67
57
39
27
21
29
72
56
23
42
0
80
21
35
64
10
14
20
59
57
3
28
24
11
13
21
19
56
8
43
45
16
12
45
61
24
65
7
27
29
60
0
45
92
12
59
70
48
2
105
19
29
3
14
46
44
69
62
1
17
17
18
48
3
58
25
7
17
71
16
33
21
19
45
26
32
38
20
79
73
61
44
30
59
52
24
65
42
0
15
28
30
59
31
66
13
44
14
2
52
2
4
12
37
39
40
64
27
19
17
13
17
26
35
62
6
4
20
16
46
24
39
94
46
128
9
62
12
99
78
3
0
13
28
20
11
17
59
23
29
34
11
61
138
64
13
49
8
26
40
12
26
34
40
84
66
3
46
32
66
4
19
12
25
67
48
4
15
58
80
66
43
40
26
39
96
26
15
5
69
33
81
53
11
28
14
8
47
3
26
3
8
60
13
60
8
30
23
21
1
15
34
15
18
73
56
5
36
34
29
22
54
34
42
24
54
4
53
40
4
4
20
18
11
24
58
27
9
5
8
55
20
42
46
53
58
37
79
76
60
4
58
26
59
52
31
14
38
28
8
28
25
28
28
54
3
24
52
28
28
29
7
72
1
34
1
39
37
10
3
14
4
37
22
29
12
25
84
22
64
25
71
54
38
37
34
73
90
84
71
20
10
31
47
35
18
58
31
23
25
9
51
73
9
11
15
34
15
22
73
27
27
15
13
93
76
4
14
7
51
18
33
45
18
17
8
35
42
14
26
56
60
7
11
46
54
13
27
14
57
75
35
44
26
15
68
7
11
2
44
6
33
1
32
32
17
9
10
59
13
25
15
42
11
31
21
62
106
5
3
22
37
80
46
36
26
1
4
71
26
12
30
9
5
22
18
23
55
6
9
24
3
3
34
44
26
40
24
37
27
77
38
71
35
8
17
41
20
63
5
35
49
13
30
58
28
16
2
22
41
20
76
21
87
64
15
5
16
6
17
44
49
18
13
24
78
41
29
48
27
46
70
22
25
31
21
45
37
69
33
52
0
8
87
57
25
5
1
5
49
31
19
109
8
7
6
17
83
23
67
15
16
49
8
37
27
25
35
71
15
11
77
13
58
51
28
19
25
4
35
6
86
16
7
15
30
3
30
20
7
18
60
12
5
63
68
13
3
8
46
5
93
21
8
21
39
44
3
15
119
25
1
49
56
54
15
3
20
15
14
46
53
32
22
111
56
17
14
33
14
51
10
24
17
25
56
19
30
24
29
22
10
6
14
22
7
18
30
12
15
10
31
5
47
101
48
6
33
9
16
21
51
85
25
32
59
10
23
10
1
5
56
21
31
37
7
4
74
36
22
53
2
45
38
29
25
16
61
24
26
22
72
4
5
49
16
11
13
40
27
29
14
80
5
27
30
50
54
68
24
19
30
4
7
15
8
15
33
24
10
41
7
28
48
3
52
11
47
24
4
8
26
27
23
37
40
13
31
16
93
8
55
82
55
8
80
54
73
50
31
26
21
38
11
29
10
28
40
69
25
17
28
17
18
6
25
28
105
67
77
13
9
13
6
30
55
18
51
86
42
20
40
21
61
13
46
13
41
41
4
28
62
23
15
28
12
58
9
13
3
14
9
70
62
0
25
6
32
3
9
91
48
13
6
23
13
28
25
46
66
35
4
28
51
38
13
5
32
49
16
72
5
36
9
5
57
11
28
36
9
18
21
27
37
31
39
3
60
77
67
10
35
71
26
13
32
17
27
63
25
4
60
24
12
23
23
29
34
22
43
18
39
13
32
81
39
54
47
38
10
60
30
15
1
34
15
3
12
31
19
15
2
13
27
35
17
45
9
19
8
26
55
2
11
33
9
7
8
65
33
23
45
54
10
25
34
22
41
11
0
2
37
66
30
26
11
55
43
65
21
4
5
5
30
13
4
8
52
29
78
30
65
9
74
2
29
23
9
18
23
78
50
17
3
9
60
1
8
47
22
31
29
20
21
16
11
5
24
7
21
40
17
13
24
7
11
24
18
15
32
23
46
37
9
28
33
31
10
44
46
26
27
60
8
43
22
53
34
19
39
45
33
28
22
10
53
7
15
46
20
35
46
9
6
24
32
40
20
28
11
42
5
11
22
8
32
33
25
68
4
17
44
41
11
33
21
34
78
34
0
57
29
44
2
7
11
26
34
105
6
24
15
25
55
56
5
22
7
20
6
20
2
0
40
21
56
3
51
14
39
44
23
18
77
6
20
15
29
43
11
33
20
43
5
42
24
11
11
38
28
21
20
20
1
70
29
1
82
17
16
14
12
5
25
25
53
22
9
7
30
53
37
25
47
21
26
16
17
9
7
19
11
25
19
37
60
27
55
8
65
6
25
11
28
1
33
19
1
50
36
38
22
9
31
21
33
66
25
2
17
34
31
9
7
13
42
9
38
9
7
54
10
34
19
54
32
18
5
12
12
54
1
32
42
29
30
17
22
14
2
22
10
8
2
2
10
32
54
28
58
10
21
6
24
2
65
13
10
34
6
57
14
7
27
6
63
31
34
29
0
11
54
8
10
32
3
47
6
8
14
22
9
14
25
16
3
4
77
17
21
36
42
19
6
9
1
35
15
24
72
33
47
20
35
38
24
61
49
19
13
15
47
21
15
6
32
7
13
3
49
35
34
30
47
10
75
10
9
33
4
1
7
13
26
19
16
8
26
11
3
0
5
20
2
31
11
7
25
42
70
15
15
5
10
9
12
19
16
54
61
21
46
7
28
29
8
23
33
8
20
47
23
36
9
72
0
10
45
28
3
9
4
45
0
19
31
10
16
0
36
32
6
25
29
35
15
9
2
3
8
31
11
28
20
35
10
8
11
29
39
23
9
62
2
22
11
6
9
20
10
36
11
16
30
0
23
34
21
9
46
10
59
19
9
1
7
8
29
4
41
24
9
19
46
21
16
1
17
49
71
20
66
11
14
15
18
21
27
32
32
24
5
54
6
21
44
43
18
11
12
7
9
24
16
8
5
17
25
23
10
29
18
40
25
13
9
9
4
20
2
35
23
20
12
47
10
4
1
44
4
41
42
4
30
46
21
41
29
35
1
8
7
26
6
4
15
30
46
11
30
63
15
22
4
11
18
5
16
40
10
15
3
38
29
69
23
1
75
18
7
16
28
28
23
4
6
7
6
20
26
8
3
21
16
3
40
26
6
28
25
6
56
4
12
1
9
67
15
22
18
25
31
2
9
15
2
35
17
3
8
2
24
27
58
12
6
1
26
19
22
22
27
14
0
0
19
3
5
18
31
3
11
4
6
11
11
51
36
23
16
48
17
17
22
25
5
7
3
46
15
43
18
39
29
8
2
25
1
15
26
6
20
41
27
46
49
15
1
16
7
8
6
23
6
28
4
4
12
4
35
42
2
13
20
9
15
18
36
2
59
22
26
9
53
8
1
20
18
7
19
7
4
9
24
36
7
14
43
28
21
1
41
5
5
30
9
14
18
14
2
7
5
12
13
8
13
34
2
1
6
13
2
36
5
14
24
17
15
13
6
2
19
35
35
14
5
9
0
9
25
22
34
18
9
3
1
36
9
27
18
26
0
12
26
11
46
14
21
28
10
3
6
10
21
2
26
29
2
16
8
3
17
1
31
45
16
30
14
4
31
11
28
28
25
7
6
1
3
4
19
30
10
3
18
11
4
16
1
2
9
1
2
19
23
3
5
7
1
1
12
6
18
12
26
11
5
14
3
24
19
9
2
11
39
9
1
8
10
5
1
19
6
19
23
3
15
14
36
6
6
19
6
33
16
13
4
4
20
20
5
26
3
18
28
14
53
10
12
6
4
13
5
19
19
3
29
12
16
8
21
28
13
2
20
9
3
2
38
19
8
23
2
9
19
4
26
10
25
2
16
3
28
36
29
12
32
19
17
6
34
13
11
2
14
19
17
2
13
7
20
11
11
11
19
5
13
19
10
34
29
11
26
11
18
1
12
1
9
18
19
8
28
28
9
13
15
13
7
4
24
11
6
16
6
5
0
6
27
9
2
6
8
36
12
33
1
20
6
5
9
4
27
8
28
12
3
9
6
13
3
0
3
3
6
19
19
9
11
20
24
19
28
5
7
13
3
20
8
20
15
11
24
14
10
13
6
4
8
16
19
17
15
16
9
12
8
30
23
6
14
3
27
6
15
16
16
4
6
7
5
2
13
14
4
19
1
23
2
11
22
20
35
12
6
1
2
10
6
14
6
8
20
7
5
12
6
13
9
17
3
7
3
12
5
12
0
11
13
14
18
27
11
1
10
0
18
3
8
6
11
4
3
12
8
4
4
14
6
15
6
3
24
10
1
7
9
2
2
1
5
2
5
1
4
4
1
8
2
0
8
0
7
3
4
9
11
11
10
7
11
5
2
20
3
7
3
13
1
12
17
6
2
3
1
2
9
3
2
0
18
3
0
5
3
4
2
1
10
2
5
0
17
6
1
1
2
5
5
1
3
1
12
13
3
3
2
1
3
4
6
4
3
1
4
2
5
2
3
4
2
1
1
7
1
2
2
9
0
3
1
0
0
0
