14
6
26
1
2
4
3
11
5
18
5
5
1
11
8
43
4
4
10
5
27
4
11
0
14
1
26
25
23
12
11
18
23
2
14
5
17
23
9
15
11
16
7
1
8
1
27
28
13
17
16
14
7
28
22
16
18
6
15
0
20
33
2
15
3
21
16
23
11
26
31
6
0
5
11
13
31
11
9
23
42
25
6
26
16
5
6
5
10
12
1
36
22
10
5
11
21
17
5
26
15
13
6
7
17
5
2
20
18
8
21
14
6
17
1
16
3
6
7
14
18
1
6
14
0
4
1
15
10
2
3
4
2
11
31
13
26
25
2
11
32
15
6
27
12
5
5
4
17
0
26
4
13
14
1
25
10
25
7
5
2
4
12
29
14
8
5
22
8
16
18
23
3
21
7
9
10
9
15
14
5
22
18
17
14
21
7
4
2
7
1
4
31
16
10
3
27
5
4
12
12
0
13
17
5
2
1
14
18
6
13
12
4
2
4
12
12
3
4
4
4
5
7
7
7
24
9
2
15
13
4
2
10
15
2
15
5
2
9
6
3
23
10
24
11
7
2
16
8
18
7
20
21
9
11
20
1
4
4
1
4
6
16
11
3
17
2
16
1
8
10
19
2
2
15
5
10
2
15
6
1
10
4
18
12
14
4
11
5
0
10
4
8
1
17
9
12
9
5
4
4
9
4
6
15
3
7
13
2
13
5
1
5
5
18
19
8
0
9
3
6
9
6
2
10
15
11
6
8
2
12
6
9
3
4
0
6
6
4
10
4
6
3
7
1
4
5
10
8
1
3
3
8
7
3
3
13
2
1
9
1
0
4
1
1
1
3
0
6
2
1
1
2
0
0
1
1
0
0
0
