31
1
16
27
1
2
67
58
13
18
26
96
10
16
47
4
70
166
36
43
19
14
18
157
26
19
30
48
24
17
11
60
6
18
23
24
6
21
3
78
38
33
13
29
35
2
23
19
28
0
26
50
39
2
101
49
8
41
72
51
55
75
37
18
52
40
139
53
35
26
60
100
58
101
8
15
58
54
7
120
5
12
29
61
41
24
19
67
30
61
118
3
20
73
4
50
9
3
77
62
14
54
85
6
29
80
15
54
35
25
58
73
80
10
10
92
6
111
26
37
52
1
117
19
90
2
47
5
39
21
19
71
66
85
38
59
17
99
51
0
1
39
77
54
46
27
30
64
9
60
3
50
7
40
6
78
47
20
28
106
72
69
83
19
1
64
134
2
98
105
100
10
28
42
20
17
50
39
31
17
54
18
49
90
123
2
5
103
7
17
66
128
117
55
29
67
22
36
12
70
25
20
87
21
93
9
14
37
31
2
107
146
42
23
35
63
57
42
4
43
18
36
45
4
64
33
28
42
51
50
13
14
126
42
57
23
57
33
46
65
78
63
43
84
98
77
23
7
46
33
8
63
11
126
33
11
105
7
3
38
120
45
98
28
51
130
6
19
188
99
29
10
48
5
120
61
26
65
28
26
15
88
55
79
70
57
55
91
36
101
44
28
81
8
24
58
37
60
17
103
71
11
55
143
28
34
0
35
16
77
86
40
1
82
113
107
32
99
52
68
30
60
2
1
22
76
71
118
124
26
96
40
50
13
106
16
17
145
8
1
42
92
11
81
61
84
47
56
43
23
123
73
68
73
86
6
43
30
2
45
3
58
39
47
23
31
25
9
71
126
74
34
44
8
49
49
55
53
6
4
11
67
56
17
90
36
39
96
5
60
113
58
15
29
84
40
22
12
14
64
29
76
40
75
52
43
126
46
9
77
72
32
33
84
91
27
9
17
42
52
112
11
42
100
35
4
21
107
134
60
32
71
9
27
22
3
38
78
93
21
97
49
23
99
26
20
90
11
47
37
136
5
15
40
14
10
16
9
3
42
27
43
1
61
87
53
2
39
57
30
11
79
103
11
80
17
32
62
64
79
16
11
101
4
98
60
36
36
47
14
77
1
16
9
72
25
153
40
28
59
63
64
12
34
36
17
97
67
108
16
5
3
85
121
33
84
6
81
110
28
3
58
33
9
15
56
103
1
25
23
24
4
48
2
13
47
20
7
15
27
19
39
41
72
26
91
97
18
44
25
22
43
128
4
60
13
37
14
18
11
14
12
77
75
59
46
21
28
4
10
6
31
39
68
39
6
31
1
7
35
73
14
41
64
17
94
21
61
114
109
28
78
74
112
36
18
27
49
105
61
28
72
19
11
5
60
108
46
1
26
33
99
9
53
72
11
19
29
21
72
59
56
111
9
108
31
0
3
128
21
0
40
20
27
38
65
21
29
1
29
50
83
117
8
39
33
21
51
99
49
33
34
14
17
28
49
31
37
69
12
29
76
39
53
31
56
62
7
4
25
14
28
62
31
16
119
43
2
58
39
96
6
28
14
65
12
31
7
50
13
43
2
51
172
31
14
68
60
13
84
51
28
60
58
8
60
89
15
7
11
74
22
50
56
33
60
89
50
13
60
10
27
36
1
30
7
99
37
20
20
65
109
26
52
22
53
65
148
25
13
67
28
23
76
37
30
41
50
30
43
9
25
17
93
55
43
83
57
10
79
16
171
33
40
8
50
65
89
26
58
31
5
69
85
24
7
66
40
40
3
16
36
104
8
27
124
70
13
64
28
77
45
78
21
27
14
19
50
9
7
8
22
1
16
49
50
10
48
51
106
17
39
42
128
43
18
120
64
69
29
95
23
23
58
2
15
79
39
73
53
50
58
57
46
60
1
50
59
32
53
11
7
36
39
42
40
21
127
18
6
51
91
11
25
25
9
13
16
22
56
12
37
8
28
80
32
97
127
40
125
24
16
50
11
33
35
52
16
24
42
23
18
22
51
72
132
27
11
38
6
5
30
22
73
71
82
7
69
70
38
26
13
67
35
7
14
51
26
48
9
13
19
6
91
31
153
65
40
78
48
29
12
48
30
56
29
85
29
27
38
5
96
15
69
85
40
14
37
4
5
4
10
84
8
8
53
62
18
77
20
50
39
8
14
17
33
22
22
73
17
2
71
38
27
117
15
10
6
14
7
6
52
75
26
54
31
68
3
13
10
65
12
15
120
104
83
70
118
33
62
22
19
11
44
42
34
0
51
14
38
5
30
44
2
33
62
76
88
23
8
28
71
4
39
25
9
41
3
67
48
23
73
52
11
54
103
40
152
52
31
107
44
0
3
26
91
49
2
76
40
30
35
59
66
25
24
28
40
65
6
12
20
16
3
1
42
97
4
18
56
38
35
30
61
55
67
50
41
50
77
37
28
22
67
3
24
4
88
15
38
75
54
67
55
153
1
26
16
18
61
13
26
5
73
19
46
6
12
30
33
48
46
58
44
21
14
75
43
3
67
4
20
8
32
94
74
37
33
64
95
16
41
34
1
83
18
37
27
5
45
29
58
25
95
45
37
78
17
64
30
35
25
1
20
82
6
27
20
45
29
5
9
45
17
51
17
48
54
27
111
129
40
5
63
70
23
111
15
2
13
6
22
121
44
38
66
45
56
53
89
70
66
2
3
113
51
41
81
32
62
10
142
49
31
18
20
8
55
105
79
17
14
41
23
30
71
40
13
62
30
14
65
1
45
85
41
58
8
28
34
45
120
24
79
6
24
12
20
29
44
28
80
60
56
11
29
35
5
16
44
41
39
23
38
34
21
25
56
13
78
97
59
112
116
25
64
13
41
55
65
7
51
17
9
70
135
8
41
9
14
47
174
86
57
17
83
13
5
62
35
5
7
21
23
0
44
50
35
108
36
3
56
35
38
54
11
133
61
52
50
18
2
35
72
67
20
93
7
3
23
13
47
54
94
18
67
55
99
42
94
18
0
60
9
15
27
2
26
49
39
61
17
55
13
21
10
4
91
84
51
74
52
37
34
18
103
28
7
82
42
30
109
33
4
13
78
5
22
10
67
53
8
66
113
69
34
49
21
73
35
27
79
12
98
36
13
19
9
5
26
104
36
9
24
24
81
11
48
21
90
9
19
50
7
24
54
50
27
19
48
35
57
1
16
9
27
69
18
15
93
26
117
97
1
58
60
52
75
48
43
70
1
42
2
34
23
5
24
6
54
51
100
7
68
36
22
5
33
32
24
63
53
28
35
21
13
70
20
11
86
111
169
32
52
50
74
1
8
24
2
49
7
80
69
72
28
28
65
20
8
19
60
19
76
99
30
4
4
18
23
36
81
36
6
22
38
34
37
7
73
21
64
65
83
50
55
40
68
2
20
57
32
43
30
28
23
64
83
22
23
23
50
5
66
28
19
58
8
48
39
35
31
42
70
22
59
82
85
50
18
56
39
22
58
25
9
16
39
6
12
28
55
1
8
27
2
57
39
12
18
13
68
14
56
41
33
30
64
49
119
15
3
37
19
37
78
26
21
29
15
71
18
28
0
48
6
13
18
75
31
26
66
51
11
1
71
21
19
10
27
19
20
19
35
74
57
40
22
17
18
76
44
15
109
63
16
70
22
31
8
37
13
58
29
75
5
58
96
17
25
35
10
13
28
14
40
31
45
12
46
73
10
48
79
27
55
57
26
95
34
24
14
29
9
18
17
20
39
55
12
0
8
60
80
54
16
62
47
11
41
37
21
23
36
65
37
13
9
29
37
39
80
96
79
60
73
84
29
30
50
18
56
14
2
24
39
57
14
84
63
121
30
15
15
3
37
46
13
32
16
14
71
30
10
13
20
61
58
52
39
71
71
5
49
20
27
15
22
13
9
66
35
28
7
26
89
38
37
18
16
25
22
5
23
19
39
1
75
0
39
35
15
18
12
23
35
54
31
59
47
10
66
112
66
35
85
108
44
32
10
10
42
130
41
5
24
29
23
41
33
11
11
20
41
41
55
11
27
76
21
7
9
16
6
23
81
2
29
9
64
95
57
9
36
3
72
48
11
14
14
37
5
26
15
50
3
152
23
97
40
12
38
37
66
21
47
11
55
8
3
43
60
51
66
11
31
15
25
58
6
77
10
34
27
35
47
0
6
43
50
38
14
19
16
5
24
13
15
38
35
102
71
28
21
19
17
6
8
13
39
23
48
83
22
22
37
99
32
13
52
43
45
11
54
91
0
81
51
22
8
3
23
39
3
37
62
41
24
96
85
23
94
4
8
86
5
0
59
31
48
21
31
45
36
23
26
3
26
34
47
85
65
55
76
38
57
8
27
14
29
10
24
53
24
6
34
32
37
68
6
11
35
58
7
30
52
75
0
22
44
15
59
61
109
30
62
5
11
31
43
104
8
18
26
98
53
41
63
20
9
62
88
27
39
3
97
66
9
26
17
13
43
20
0
72
70
72
59
28
6
68
35
89
21
15
90
15
72
35
13
4
28
42
28
13
7
5
32
78
83
45
90
64
49
18
11
9
59
37
4
7
42
30
56
80
40
44
22
59
26
11
23
73
3
3
21
86
88
29
78
15
4
69
7
4
7
17
25
20
11
28
20
5
15
7
95
4
34
40
55
2
28
28
36
41
16
35
14
33
33
33
22
25
61
28
20
22
57
0
53
53
26
31
90
41
32
34
41
8
23
6
104
8
51
17
42
2
30
11
11
47
28
70
24
30
86
58
24
4
59
54
20
34
30
70
29
3
27
3
3
1
39
29
17
9
15
93
134
1
27
8
14
33
58
6
20
14
16
3
41
31
5
45
113
8
53
66
4
19
64
47
55
5
27
16
66
7
5
56
51
12
31
48
24
40
42
17
25
22
100
21
10
6
13
41
2
7
53
37
4
16
6
17
1
27
44
14
4
12
28
60
87
3
14
34
77
4
23
36
18
7
13
59
21
50
38
24
11
14
31
16
20
57
33
2
57
31
16
2
1
26
20
20
31
37
13
6
9
25
5
5
58
37
1
70
33
81
39
15
31
52
32
21
9
5
27
87
42
18
8
6
4
3
5
27
27
32
33
43
8
27
14
55
72
32
34
5
48
6
68
10
74
16
102
4
18
28
7
137
3
15
0
23
30
59
0
18
7
12
60
51
19
6
26
20
14
47
64
24
6
39
6
0
70
25
97
29
16
13
24
19
38
38
1
31
75
41
57
73
8
83
13
57
59
38
5
11
7
9
26
4
47
16
32
8
6
60
22
45
62
83
44
62
25
17
5
26
61
7
43
25
28
14
14
26
23
3
24
27
33
8
27
15
50
13
81
42
47
24
29
12
55
41
16
4
11
9
27
13
43
34
10
48
68
10
31
2
35
19
63
14
4
10
0
34
25
31
10
7
36
20
76
10
21
37
26
2
43
3
89
22
14
35
23
46
34
78
23
12
63
25
43
14
81
27
35
42
36
12
19
3
22
40
34
74
1
19
34
19
91
22
75
3
5
35
2
44
12
64
82
20
26
34
25
51
54
6
25
13
0
50
47
45
20
27
26
1
11
34
20
9
51
51
68
45
37
1
11
39
21
27
17
2
40
29
18
26
14
46
1
3
47
4
7
40
26
107
30
1
20
7
20
1
8
62
15
21
7
9
84
24
13
28
12
38
39
30
18
0
48
28
36
16
10
67
7
3
16
48
9
15
29
10
6
5
12
6
25
64
29
28
58
6
143
30
3
54
18
11
32
7
23
52
4
36
36
11
1
3
43
31
11
45
13
23
21
40
8
3
18
17
18
4
48
5
7
33
1
8
58
52
15
21
32
26
28
49
4
9
28
17
14
25
15
14
44
55
73
61
28
26
43
12
11
8
24
25
18
35
3
28
21
44
23
51
67
7
46
25
1
56
24
25
23
19
39
7
39
4
5
10
15
2
56
10
49
28
23
36
19
2
43
58
89
27
3
45
28
54
20
5
14
41
58
52
2
27
111
5
37
75
58
12
4
27
46
46
28
46
9
35
61
52
12
0
85
15
23
29
1
52
15
6
89
12
18
5
5
32
1
55
5
25
50
49
2
32
82
20
13
4
24
29
24
17
14
54
45
41
16
1
54
38
19
73
5
31
10
31
25
52
21
49
16
8
39
71
26
36
8
0
2
33
1
53
37
25
40
48
1
21
17
19
39
22
1
3
47
40
27
10
14
11
38
6
0
18
29
25
3
7
7
49
12
67
52
48
16
32
10
43
36
3
47
6
23
54
4
82
22
11
18
11
19
37
37
13
9
11
17
34
7
57
10
42
53
5
32
45
29
25
17
54
31
16
16
1
13
33
79
3
38
23
18
13
19
16
15
8
18
33
31
30
53
9
17
12
19
9
18
10
37
26
10
18
4
14
22
11
49
35
18
30
20
21
52
16
43
0
15
29
66
25
9
67
62
13
24
3
14
22
24
9
37
22
14
68
45
16
14
16
1
25
72
4
19
17
20
4
70
50
8
29
59
46
1
18
51
21
32
15
34
23
59
18
15
30
21
3
45
1
1
11
30
12
7
45
16
33
19
32
6
23
7
10
4
21
1
15
13
14
45
7
24
16
38
33
12
32
13
20
17
10
61
46
72
7
46
2
13
12
6
32
17
37
4
46
0
16
13
4
33
33
22
1
16
34
10
25
8
40
52
45
41
11
0
32
40
16
1
9
23
16
16
27
61
7
4
9
14
80
5
24
56
49
11
8
25
11
17
14
54
10
17
13
25
64
18
44
4
25
67
29
12
2
29
11
25
5
12
36
50
13
10
23
4
60
33
4
1
38
10
30
1
1
36
40
1
65
24
40
10
37
8
29
10
23
12
19
1
27
29
26
8
18
50
36
21
39
27
8
11
8
22
46
12
31
28
12
29
5
32
14
10
44
24
11
11
26
5
5
39
28
8
3
48
3
26
24
42
4
10
35
29
6
38
2
13
25
3
20
11
6
35
13
7
3
1
46
16
28
0
18
15
4
25
16
16
4
16
3
13
20
13
24
12
5
24
21
3
13
15
17
14
32
6
46
23
20
14
11
4
49
36
23
28
1
9
35
24
26
1
11
7
46
23
1
2
28
14
6
1
68
2
6
50
3
17
42
34
26
17
18
5
3
1
4
40
26
2
40
17
3
16
26
3
10
48
5
33
3
11
17
23
10
8
22
27
9
3
9
41
5
4
2
14
25
50
7
23
36
18
9
21
68
18
2
3
57
33
9
8
17
62
16
8
14
32
34
16
24
26
12
10
61
32
0
9
7
14
23
43
17
23
28
17
37
21
13
22
8
3
17
28
4
10
15
17
38
5
26
28
39
25
29
12
1
27
7
22
55
63
34
8
5
4
24
40
22
8
41
21
14
5
23
5
31
29
15
40
37
13
19
4
14
7
12
11
20
19
9
23
57
5
34
6
15
15
3
30
10
35
18
12
18
19
1
4
67
5
37
9
24
4
15
3
2
24
26
27
20
8
5
5
1
41
7
26
33
3
7
20
40
37
27
20
13
15
18
0
10
22
3
11
39
29
11
16
18
16
4
12
36
15
27
1
11
36
24
17
9
17
3
15
23
8
4
25
28
18
12
7
46
2
20
1
41
18
19
24
4
23
8
45
41
3
1
32
18
2
4
35
15
4
7
35
16
25
10
1
27
5
9
26
25
49
13
20
8
32
37
9
2
42
34
7
16
4
13
9
11
4
12
36
13
15
12
13
7
5
1
5
1
1
4
36
15
18
23
37
18
17
10
34
2
25
7
25
4
1
23
14
2
30
10
5
3
35
7
6
15
24
13
7
3
2
23
53
30
17
3
1
27
8
3
60
7
5
32
29
21
24
21
0
16
10
20
13
41
5
5
2
8
28
1
11
6
41
11
1
12
39
8
22
9
35
9
19
9
32
5
32
2
11
24
30
36
15
0
3
1
41
11
11
3
28
30
49
22
18
21
1
41
0
11
1
32
21
1
0
11
16
6
23
16
14
39
15
6
6
24
5
28
7
31
14
8
1
10
8
4
8
13
14
7
17
7
6
18
4
26
7
18
3
10
4
1
12
13
2
7
18
12
7
41
32
1
2
32
20
10
7
1
10
6
13
14
10
1
2
1
18
30
9
2
9
5
3
14
5
5
6
6
9
22
2
7
22
15
9
18
29
32
2
8
15
3
5
2
17
6
8
6
11
6
3
6
3
14
31
11
8
27
18
13
18
11
19
11
14
13
4
3
12
5
9
17
12
15
18
4
1
9
15
13
15
1
18
10
24
3
13
18
12
11
5
0
15
6
15
2
3
3
12
7
2
11
19
21
1
9
17
6
6
13
19
4
11
1
16
6
10
13
8
8
5
2
8
8
7
3
10
9
3
11
15
10
19
9
0
15
12
5
6
2
2
8
9
7
18
6
0
7
21
16
2
5
1
4
7
3
20
3
23
4
1
6
4
4
11
22
6
6
11
13
1
1
0
9
6
4
1
10
4
1
0
0
1
4
0
0
3
1
3
4
2
12
6
16
8
1
1
3
8
2
3
1
7
2
6
6
2
0
2
2
3
4
4
1
3
3
4
7
2
0
2
1
2
0
3
