1
10
48
17
2
36
28
12
27
24
6
11
46
5
45
34
38
6
8
16
26
9
41
16
11
7
70
106
24
19
59
6
34
14
10
64
31
28
37
13
153
16
4
21
16
18
40
35
17
51
7
0
30
45
26
13
28
16
5
82
25
32
14
68
109
13
1
15
3
42
55
3
31
40
81
32
6
38
57
10
69
20
60
8
56
51
101
64
27
19
2
41
2
6
108
40
53
53
36
17
60
3
60
50
90
33
80
103
66
5
13
94
56
106
74
5
36
12
60
45
38
45
29
37
43
129
90
0
20
17
53
112
55
27
16
41
4
0
87
75
54
18
55
48
100
15
109
22
38
35
30
12
107
25
38
92
34
78
87
57
98
74
101
37
40
56
52
45
80
10
43
25
17
71
11
47
11
47
30
71
5
43
1
62
41
15
21
23
132
5
73
18
25
110
63
6
75
43
39
4
72
57
31
18
62
60
115
130
96
40
35
5
11
40
117
64
68
35
89
62
118
49
24
4
105
34
8
24
0
68
92
20
65
43
2
109
3
61
31
10
25
105
27
13
24
54
99
26
56
68
84
124
53
6
75
99
15
25
16
33
11
19
24
5
11
38
89
110
151
9
16
136
8
3
141
8
62
46
54
29
76
33
48
43
23
16
57
22
30
37
13
34
116
69
9
6
91
150
89
5
32
59
18
11
58
14
6
112
76
13
98
30
51
161
34
36
5
99
8
26
52
65
55
38
33
9
21
22
1
39
39
53
62
92
39
73
38
26
41
29
38
10
29
5
49
80
13
5
33
50
0
58
0
48
57
68
23
33
39
23
5
63
101
40
48
55
34
3
27
2
8
85
58
20
30
21
64
1
1
88
2
0
9
3
70
23
20
46
16
66
50
30
15
87
7
60
56
9
40
61
33
80
69
13
105
71
43
11
80
58
55
12
17
33
12
17
33
78
46
131
18
41
14
1
80
36
16
23
14
26
11
192
74
40
55
100
12
20
31
49
44
27
55
73
41
62
61
42
28
2
31
42
0
5
159
87
5
42
68
31
20
16
64
3
72
109
82
5
55
59
63
68
28
139
90
40
42
46
43
11
2
35
48
32
41
16
6
81
6
3
18
20
13
98
59
68
69
26
22
16
93
27
48
59
115
55
69
77
55
120
5
85
30
22
15
67
39
26
8
62
30
8
113
64
89
46
66
9
9
2
33
35
10
118
22
41
49
6
24
49
68
17
17
31
69
7
12
19
16
13
14
35
54
57
9
6
61
118
17
65
16
28
7
1
80
25
89
70
106
34
19
29
29
63
15
73
8
112
26
62
46
111
8
26
12
29
46
66
41
10
29
8
116
90
53
49
38
12
61
61
5
70
7
74
3
155
94
50
71
14
18
70
1
122
41
35
100
16
12
66
66
26
58
6
40
9
89
9
41
40
32
15
62
2
22
66
4
56
60
16
51
7
7
43
39
14
79
2
13
27
5
24
37
52
16
19
29
27
19
75
4
33
66
43
38
77
60
29
70
4
37
17
37
52
62
81
61
57
28
16
4
79
31
41
9
44
89
9
101
40
58
1
18
35
29
112
47
53
32
15
17
61
13
126
6
105
34
86
11
47
85
7
64
45
6
33
33
29
12
8
117
30
3
104
9
27
56
133
51
69
30
30
30
38
35
23
23
99
16
25
65
46
2
23
67
109
32
8
25
9
24
28
100
104
91
15
66
35
63
37
19
118
120
75
9
38
58
20
36
29
49
13
7
78
34
40
2
90
11
48
27
114
21
30
1
6
58
12
85
39
45
38
21
55
57
27
18
45
120
9
6
92
44
49
2
11
102
18
70
52
6
25
61
40
13
8
17
51
18
94
40
25
34
3
47
123
63
81
41
27
47
2
12
131
65
17
64
26
6
38
43
25
33
12
35
40
46
8
29
29
14
8
12
25
50
53
58
25
6
79
53
31
19
46
8
93
106
45
38
42
18
36
57
14
16
94
64
82
16
17
1
78
65
138
11
36
21
83
17
12
127
0
6
20
33
10
6
27
39
25
43
45
39
57
27
43
20
14
67
88
22
155
91
67
49
9
7
45
71
37
44
2
6
16
58
10
61
38
65
95
60
76
98
95
41
20
19
87
12
71
85
26
30
21
34
35
4
19
64
69
28
48
6
32
77
28
11
63
100
36
64
104
47
72
49
29
62
78
15
15
18
41
75
106
28
18
1
44
52
7
97
74
13
35
30
4
61
60
109
2
59
38
43
50
74
39
54
18
35
65
39
33
4
68
28
14
7
8
170
27
5
112
57
88
70
69
0
9
49
33
71
50
71
19
13
36
86
10
149
13
56
65
40
8
12
63
38
10
20
78
96
53
56
49
37
35
13
22
22
17
11
61
34
17
52
24
62
7
62
75
20
66
76
12
40
86
22
67
67
89
23
29
109
60
8
13
21
36
33
3
26
18
8
67
1
18
17
8
57
97
42
29
60
9
113
12
50
20
9
15
94
33
49
43
65
49
68
84
111
10
14
6
16
101
74
40
1
9
24
10
3
19
3
45
51
3
11
44
81
48
5
49
38
43
19
6
20
17
93
52
91
25
27
170
31
2
26
39
24
7
72
30
20
19
11
37
38
35
35
50
56
25
20
0
64
6
20
79
54
34
15
55
8
100
19
21
3
120
9
20
44
94
18
48
7
54
59
36
49
26
8
15
21
50
14
43
45
14
36
51
29
52
92
24
17
8
1
2
38
52
37
21
27
22
50
20
36
36
42
48
43
91
37
81
16
40
48
7
17
88
29
64
20
21
73
26
92
77
13
9
3
1
112
76
10
39
57
0
74
47
27
31
63
41
23
32
16
73
23
29
42
4
88
45
37
33
71
7
95
121
44
15
57
60
15
71
102
59
74
53
54
64
3
13
68
0
24
4
17
45
60
21
43
13
57
43
18
72
32
31
67
35
11
46
13
25
70
52
0
33
18
11
6
2
24
38
8
103
24
25
110
60
23
70
27
36
31
55
7
19
100
24
66
101
41
19
44
14
18
98
52
6
84
64
39
19
10
25
62
19
41
36
11
30
10
30
23
88
26
86
50
1
9
32
53
22
8
20
8
3
30
9
2
30
77
86
10
32
12
112
9
51
12
14
29
56
32
15
46
1
31
42
16
55
59
68
18
87
79
29
33
6
55
26
53
16
95
52
73
13
84
7
59
21
35
16
9
48
43
13
81
14
6
44
27
1
101
43
57
103
13
21
59
11
33
12
79
61
22
15
38
46
18
19
25
37
81
16
8
72
19
25
84
34
71
11
45
66
19
23
48
67
49
54
49
21
4
11
6
111
70
35
26
46
96
20
27
0
2
0
19
11
69
78
17
13
66
21
24
4
44
49
64
23
77
36
95
47
10
38
30
38
91
11
8
42
88
57
6
12
63
39
29
19
49
27
68
21
37
22
77
63
24
6
123
14
4
17
64
61
6
70
19
67
50
39
37
30
47
10
5
22
64
25
37
10
23
64
110
39
19
9
48
34
65
35
1
40
59
18
67
8
4
36
44
70
24
9
53
69
25
59
73
71
48
24
12
102
2
34
80
15
42
19
75
34
37
82
34
49
100
84
46
11
51
8
52
124
44
27
22
42
54
51
71
24
3
5
14
40
48
20
47
22
64
23
63
13
54
5
34
2
40
34
52
86
11
68
60
10
27
35
25
55
42
86
20
48
27
58
12
5
67
65
61
12
22
14
15
1
21
31
24
46
39
2
38
6
0
42
57
9
54
58
10
104
24
51
28
0
6
61
32
74
3
34
61
35
6
12
22
0
50
52
41
12
31
0
26
62
16
85
45
25
96
31
11
12
36
69
75
12
4
3
68
8
24
63
35
69
22
46
8
11
40
0
9
88
18
37
34
43
33
144
79
17
28
36
12
19
39
26
1
7
100
17
9
30
79
45
11
136
114
6
7
67
34
64
30
57
3
53
93
16
29
36
6
35
26
59
47
4
22
51
18
13
28
87
10
16
76
5
44
0
71
13
1
42
56
100
6
42
92
12
3
41
4
26
32
11
35
5
37
48
112
26
24
99
4
43
19
1
34
55
98
17
16
47
18
70
1
34
87
40
13
92
34
22
7
20
89
25
25
11
70
37
19
70
21
41
17
52
6
23
70
56
45
2
8
43
20
3
101
18
31
44
20
29
53
6
17
62
13
12
14
49
3
67
69
22
44
105
47
55
26
14
3
4
32
110
47
76
24
16
7
46
48
5
35
35
4
60
30
10
26
0
12
18
45
56
97
4
120
29
71
34
62
66
35
47
43
23
10
25
40
18
66
23
15
55
112
65
88
34
36
37
35
8
11
26
23
41
75
74
81
45
11
2
35
30
12
6
90
49
61
94
49
105
60
106
49
53
11
40
0
29
21
27
31
60
4
25
25
43
46
44
70
62
39
54
1
1
11
21
41
54
36
11
38
34
79
17
36
5
26
78
44
26
5
8
77
28
13
47
38
28
7
23
1
50
22
10
43
9
46
61
34
44
36
19
63
26
20
4
88
6
18
24
18
18
7
25
20
60
40
36
0
92
36
57
80
12
50
22
70
33
1
10
14
9
69
37
7
35
82
23
15
14
73
28
28
25
32
105
8
17
9
56
12
6
46
62
56
18
48
29
19
13
1
63
105
43
15
26
4
22
33
2
13
31
8
33
10
17
34
103
32
38
55
41
38
35
45
84
46
2
28
3
32
68
23
0
53
43
27
45
51
20
10
28
55
24
25
88
18
25
40
38
29
62
46
55
67
21
19
55
45
2
32
7
35
20
48
26
30
48
57
12
35
81
34
33
54
35
11
2
12
6
57
4
16
34
20
34
39
33
53
86
47
11
40
33
44
47
25
10
50
39
61
14
33
43
26
19
18
34
39
69
36
29
40
18
42
31
39
16
8
21
3
54
1
29
30
3
92
17
110
9
5
40
1
5
47
30
27
12
66
39
51
48
62
9
1
2
41
32
18
31
39
55
46
23
11
29
30
30
0
15
31
33
28
93
50
15
14
11
25
14
55
40
36
33
17
52
34
62
14
47
29
42
30
49
68
32
67
15
27
20
24
18
36
20
6
44
42
78
5
35
47
29
3
50
65
38
17
12
1
1
31
29
53
60
19
5
18
47
43
3
42
15
54
28
65
40
83
55
18
69
5
37
55
48
5
18
77
15
17
8
78
26
54
8
59
1
45
42
4
7
30
14
24
4
33
14
36
20
4
11
11
37
28
20
53
50
49
5
16
51
4
75
7
13
24
85
28
30
36
0
20
10
34
86
71
16
28
8
6
97
88
35
71
29
8
17
58
52
35
3
60
90
76
10
38
42
30
1
30
24
36
27
53
5
15
78
26
36
35
13
10
47
6
31
19
23
35
39
42
19
4
0
49
45
35
31
86
32
58
8
17
16
34
21
43
38
5
48
4
36
26
0
56
27
48
58
22
19
39
58
70
6
35
104
53
25
29
10
33
24
79
50
1
19
35
41
65
21
26
29
33
41
32
1
20
22
28
16
3
50
34
32
49
31
45
5
33
1
25
19
32
12
3
31
8
35
22
12
37
16
9
13
26
25
49
16
32
6
21
49
1
30
4
16
49
48
52
12
1
28
51
26
60
29
50
9
30
5
59
15
56
25
13
47
74
31
11
22
54
3
12
35
25
4
16
34
20
20
20
12
2
22
3
10
12
42
25
0
48
3
9
44
28
40
54
20
6
3
10
50
70
25
10
23
64
85
11
6
48
46
27
26
2
90
42
16
15
11
51
35
35
22
41
36
27
9
8
12
48
4
17
29
21
29
11
16
42
17
20
11
54
3
0
22
74
23
18
40
29
25
57
36
7
30
39
29
26
62
12
22
27
54
67
34
18
9
23
35
5
71
60
10
5
30
22
81
26
3
13
49
29
9
7
25
27
80
29
35
32
23
7
15
52
7
23
36
26
18
20
8
24
12
12
38
14
48
8
11
13
9
37
26
20
11
45
43
70
27
25
14
7
5
81
10
36
17
9
23
20
40
45
21
64
5
61
38
45
36
1
27
36
38
15
9
20
41
25
31
1
30
32
10
58
7
31
7
39
3
38
16
54
36
3
40
55
29
34
68
36
19
45
9
2
5
7
85
26
29
79
9
32
36
31
28
24
5
15
4
11
18
100
39
29
25
29
83
34
5
53
10
17
17
7
31
68
45
36
15
62
22
9
3
25
26
37
18
12
19
20
52
4
46
11
11
23
31
58
9
54
14
17
28
12
6
11
3
29
29
20
46
32
36
17
3
15
52
27
3
39
8
5
60
28
51
25
7
58
31
32
16
16
26
2
28
43
44
28
16
27
17
31
48
24
34
3
12
2
87
5
48
52
26
39
11
50
39
8
33
3
21
13
31
75
12
27
28
27
14
5
43
2
27
3
51
2
3
12
29
7
23
85
6
30
33
54
15
63
30
57
65
6
29
12
8
9
8
40
19
10
40
22
25
22
84
16
22
43
21
14
43
17
65
44
30
4
8
31
14
19
8
13
12
39
28
11
20
6
28
47
15
16
33
45
51
68
33
27
15
4
18
13
65
7
33
5
16
14
0
53
59
14
18
33
56
4
66
87
32
27
11
60
29
3
16
19
18
23
52
29
23
11
58
3
6
10
30
24
37
16
49
18
35
1
10
12
16
45
24
37
61
20
5
71
6
20
55
11
20
26
11
20
23
20
27
22
33
14
12
38
17
13
17
3
47
2
44
13
15
10
30
18
30
4
28
17
75
33
12
22
45
49
28
1
3
21
25
8
39
50
5
46
17
23
11
3
6
35
1
13
45
15
52
24
4
17
28
4
17
25
43
15
5
8
4
22
3
36
34
30
5
35
45
32
24
30
22
15
13
9
4
25
18
30
10
6
9
34
37
62
24
31
14
19
9
6
24
21
47
30
43
25
29
1
12
42
10
3
34
28
22
28
15
48
20
32
23
20
13
12
6
21
44
29
38
18
24
17
41
20
4
41
64
11
19
26
25
20
14
15
13
13
22
22
45
24
9
46
18
10
14
28
17
13
2
8
12
33
20
22
10
1
43
24
23
6
34
7
10
3
46
6
24
65
7
29
6
3
0
46
40
18
18
7
73
19
19
4
19
5
29
6
18
18
9
7
17
14
1
27
42
20
8
31
2
30
11
1
22
19
37
66
17
10
8
0
16
4
6
28
3
23
1
13
38
46
20
18
10
5
32
7
47
1
5
43
27
48
32
2
29
16
24
2
8
14
13
10
21
9
23
1
38
2
7
41
9
1
6
28
59
1
4
10
25
16
4
0
79
26
15
43
30
1
26
0
23
11
7
1
12
27
3
40
44
9
13
4
7
5
17
3
6
11
26
15
23
1
15
2
17
2
3
23
40
62
19
14
64
9
6
11
6
16
42
2
34
20
22
1
46
28
24
29
12
14
11
19
2
68
6
10
16
24
11
19
3
10
36
34
9
7
22
19
22
19
12
4
8
13
20
6
20
9
17
6
23
7
11
4
25
32
19
0
33
40
13
21
1
20
8
37
34
1
23
15
3
43
1
42
2
5
11
19
25
0
21
11
36
9
10
5
14
51
19
30
5
13
14
16
15
10
2
8
13
13
10
39
9
3
20
8
10
13
4
25
15
8
31
17
26
16
26
24
25
2
13
18
1
17
23
41
12
5
3
1
20
5
19
15
8
18
10
18
6
31
46
24
9
6
17
16
10
2
11
0
7
22
12
20
38
7
21
11
3
21
12
1
4
4
1
5
34
12
45
18
4
7
23
19
14
24
6
30
7
34
1
41
5
26
1
19
34
2
28
18
14
34
6
4
4
11
16
9
2
6
0
26
0
12
40
11
3
6
9
40
9
1
5
17
10
5
26
26
5
2
31
10
37
1
10
20
10
6
17
24
10
17
42
30
13
6
2
12
20
12
48
33
2
5
22
3
14
26
13
12
18
1
9
8
26
3
3
3
9
13
8
5
0
24
7
11
11
3
27
4
20
45
40
29
10
15
7
20
29
14
3
6
14
4
15
6
8
9
28
6
5
19
18
33
8
4
7
3
19
7
3
19
3
5
23
8
42
27
20
0
40
8
6
12
27
5
8
6
3
12
16
13
1
9
17
16
4
12
1
6
6
28
16
0
4
11
4
18
46
1
4
6
0
6
19
16
6
10
9
12
14
6
10
15
10
4
24
20
8
6
7
9
12
7
7
7
15
24
11
26
25
8
6
6
2
0
7
20
10
4
21
8
2
5
24
4
9
33
3
16
3
15
6
6
12
18
4
6
1
13
7
1
26
13
2
3
10
5
12
9
16
8
2
11
2
11
8
19
17
8
11
4
7
1
7
12
6
13
7
1
4
4
16
0
11
8
13
1
6
10
2
9
2
4
10
4
9
4
5
18
16
5
17
13
15
10
5
7
7
12
8
3
2
4
4
2
1
3
5
12
8
15
2
1
1
5
9
5
18
1
5
7
12
7
7
4
10
5
5
6
1
4
5
9
15
14
10
7
1
9
2
1
3
4
5
3
0
6
2
6
1
8
0
0
1
6
0
3
1
5
3
4
1
5
2
2
2
5
8
5
1
0
2
1
1
0
0
