7
11
53
24
9
9
41
17
120
31
13
50
6
40
11
4
30
9
18
47
15
10
82
20
10
48
9
18
82
3
58
54
37
108
19
19
58
17
30
1
34
16
9
5
3
23
43
3
46
34
13
157
0
78
26
19
26
47
54
80
21
47
10
47
13
68
6
9
27
58
41
0
3
25
7
73
27
90
12
50
22
22
32
38
18
75
1
23
95
85
48
14
32
59
13
14
11
71
44
31
18
80
24
12
112
10
5
6
5
75
17
49
75
37
30
77
99
28
5
3
119
11
95
55
2
51
63
47
34
55
31
32
6
82
55
112
149
44
40
20
40
63
56
62
30
4
25
27
42
16
45
54
149
80
1
1
39
73
44
25
24
65
92
6
8
109
44
8
21
155
68
15
54
51
66
44
23
0
32
93
62
44
12
43
37
93
43
110
14
140
20
37
35
42
36
70
100
40
47
33
41
81
6
2
79
87
26
142
27
123
104
16
32
94
6
27
53
93
35
5
23
88
23
30
27
40
29
12
69
3
1
67
24
20
2
111
24
22
10
18
49
130
44
7
2
32
8
18
69
9
13
94
50
30
66
21
17
81
71
60
8
52
80
81
10
23
131
3
114
51
55
69
120
94
58
5
16
70
35
4
13
16
52
17
53
4
18
18
77
89
9
88
92
32
47
25
18
16
152
89
94
79
5
130
65
3
43
10
83
67
21
72
16
99
143
35
73
9
24
89
42
6
73
28
53
21
14
80
13
29
70
8
2
22
100
66
45
58
71
55
34
15
7
24
14
44
25
24
127
24
88
14
34
22
83
52
9
99
36
61
12
71
0
108
11
50
37
61
71
24
48
33
40
14
45
36
6
4
64
31
12
25
19
9
4
31
49
69
9
29
5
14
42
106
43
36
65
10
56
42
67
40
12
12
68
121
52
52
9
57
15
16
2
63
71
6
8
34
52
24
10
5
96
10
87
61
61
6
89
33
73
13
90
28
85
31
37
79
22
19
6
71
66
64
27
39
45
36
46
27
68
21
83
85
1
44
58
3
29
65
20
20
29
1
26
44
4
31
22
91
11
0
14
28
14
23
6
9
52
5
34
3
23
34
5
12
1
92
67
62
67
72
89
87
35
40
33
46
23
29
4
12
55
93
28
73
190
38
28
32
13
145
10
36
19
10
26
60
46
49
38
23
29
32
3
71
25
70
80
28
56
107
29
1
64
14
31
13
8
27
101
4
14
1
77
83
15
82
38
29
23
34
43
18
145
61
4
51
17
22
6
131
51
84
57
50
12
78
1
41
14
22
27
33
17
50
29
10
45
87
28
85
82
35
20
111
36
48
121
91
54
1
10
51
29
8
43
20
28
1
68
6
89
64
2
22
30
78
38
37
1
10
3
126
37
44
55
36
71
41
85
51
30
70
36
23
136
43
70
17
47
32
16
13
72
19
84
89
87
16
64
18
13
63
96
28
85
17
42
11
39
63
18
51
13
53
92
34
84
43
53
66
12
6
2
23
72
31
77
110
37
6
40
5
16
12
33
23
47
16
54
67
51
64
16
105
34
125
7
12
67
18
79
9
11
46
17
24
23
17
52
44
99
13
11
5
44
85
13
21
120
45
50
103
8
75
42
17
0
55
75
28
45
9
36
28
89
51
67
32
64
23
29
47
49
146
1
30
42
9
29
3
30
17
63
72
56
24
31
38
16
127
16
9
67
24
9
12
106
23
36
20
22
20
67
46
90
14
67
59
40
75
36
15
18
87
2
19
54
34
50
92
3
11
25
54
57
11
10
80
44
45
63
56
28
59
63
43
136
40
37
50
47
4
17
1
127
40
58
34
6
22
29
1
68
99
23
3
21
44
57
18
25
81
1
131
11
50
53
82
83
134
35
33
36
44
50
4
33
11
2
92
114
9
20
53
25
79
49
36
2
36
82
34
58
17
27
34
2
41
87
103
33
65
19
3
93
34
25
25
74
150
41
29
32
34
113
1
2
26
10
27
72
30
20
11
59
80
62
98
92
62
128
19
17
42
31
79
5
71
89
82
29
79
98
48
0
56
31
51
89
79
28
74
65
12
18
39
19
74
41
14
2
8
3
90
51
19
24
68
105
7
13
11
29
72
87
98
22
211
34
52
53
24
117
53
71
3
27
59
5
39
6
44
96
63
43
50
114
8
93
43
80
21
32
79
23
14
18
3
14
41
78
24
4
34
5
9
85
12
72
73
3
43
23
115
14
70
22
69
72
118
9
83
0
42
48
40
22
22
67
23
73
48
16
53
0
2
72
86
30
52
52
20
8
10
12
92
26
16
80
4
42
48
107
60
69
35
11
48
142
8
1
17
22
16
51
39
75
12
81
49
31
14
11
43
8
33
54
34
65
8
32
94
18
20
121
16
27
14
87
28
62
18
5
103
16
32
81
76
56
45
125
36
102
18
46
2
49
9
32
17
9
43
24
51
54
91
41
69
109
45
79
55
18
48
127
29
128
53
32
45
72
8
26
39
20
1
1
136
2
38
23
37
49
2
128
52
25
7
21
18
80
0
50
149
7
31
74
35
71
82
7
17
31
9
22
1
41
12
76
38
38
53
59
12
42
57
21
39
6
33
8
11
11
101
20
55
71
35
70
21
30
107
2
35
24
41
104
22
78
1
52
3
46
48
39
60
39
15
19
53
90
9
79
31
8
26
33
52
65
14
30
38
70
12
63
30
83
36
68
44
27
12
49
46
52
4
14
75
1
40
12
32
16
37
6
44
31
25
7
21
59
22
48
66
5
70
90
76
49
58
28
47
41
95
29
69
42
54
23
41
36
75
64
1
27
75
8
17
7
73
15
60
56
20
36
9
63
39
2
7
23
8
19
38
12
74
40
168
27
9
22
12
74
2
69
21
60
2
8
30
93
96
92
16
62
62
12
19
76
44
1
97
10
25
3
78
33
55
13
37
10
2
141
23
8
5
72
17
74
50
51
23
53
2
7
31
12
32
89
5
15
40
91
29
5
89
84
38
5
26
1
8
12
21
24
2
17
11
156
26
23
48
40
13
36
18
8
49
7
30
7
40
34
16
23
39
84
59
66
9
47
1
27
38
20
67
59
37
34
18
15
5
23
36
107
50
7
44
15
2
95
41
16
21
21
34
15
45
54
18
45
31
22
46
51
33
8
124
30
10
19
47
63
32
72
31
20
44
9
2
21
7
22
58
9
39
49
14
19
47
30
26
19
85
32
53
23
28
50
10
23
17
9
58
52
52
6
30
24
68
39
91
29
28
38
1
13
21
88
42
78
32
3
21
42
59
16
24
60
45
41
61
65
11
26
118
32
10
85
6
2
29
52
109
18
33
64
27
49
65
50
98
24
75
28
0
9
42
11
37
14
27
3
2
48
72
107
36
54
10
22
38
68
76
14
12
18
18
41
11
37
42
30
98
40
9
22
2
69
17
30
25
72
49
7
101
66
35
88
10
101
18
52
14
11
105
39
91
28
17
11
76
0
40
2
12
76
27
36
48
7
54
90
42
167
14
3
28
21
24
29
40
78
92
59
113
4
21
90
135
7
5
4
79
106
60
36
33
94
55
10
76
47
1
26
8
26
1
43
8
18
57
67
25
12
43
4
3
23
6
32
51
38
45
2
14
88
52
12
36
31
50
75
10
94
64
18
4
18
44
73
6
2
37
67
67
4
38
6
2
37
83
43
6
17
9
74
121
11
46
29
100
35
7
116
20
37
69
53
77
54
81
37
18
21
84
81
25
32
3
46
57
36
111
19
85
23
24
21
104
4
25
2
44
64
83
8
57
67
52
22
37
45
13
8
12
33
82
97
36
10
75
21
16
31
25
65
98
44
67
36
68
20
49
38
75
3
19
13
60
101
45
24
22
34
31
86
12
23
6
84
20
38
24
52
39
79
20
21
49
68
2
38
18
36
74
51
8
52
12
29
35
2
0
86
36
65
16
52
76
26
24
27
41
12
10
6
13
67
18
23
6
48
80
32
15
43
64
41
16
83
36
19
45
23
16
13
69
140
12
8
90
50
3
0
22
15
10
47
31
39
2
68
1
29
14
4
71
51
13
12
47
72
64
22
48
12
25
10
33
0
3
91
45
68
45
43
151
18
5
55
12
7
77
11
30
11
37
40
26
28
1
2
16
7
10
120
15
57
37
14
33
52
41
6
17
95
5
47
10
6
34
27
49
55
22
115
34
20
105
17
20
5
42
48
48
15
61
2
11
111
40
5
14
9
35
55
13
15
1
7
8
10
49
78
30
31
68
65
33
9
44
27
1
4
43
55
11
71
46
9
6
37
33
42
30
22
22
81
21
47
3
4
9
54
52
55
7
22
3
99
49
103
17
50
27
56
4
18
41
3
30
48
9
19
48
12
7
52
27
36
2
59
36
5
24
4
27
19
59
23
36
33
56
88
10
66
23
21
62
66
48
13
37
26
5
15
31
37
5
60
24
13
53
7
4
52
108
32
7
19
56
54
44
28
27
64
10
28
15
94
23
66
24
24
34
10
55
6
93
15
39
26
70
20
75
52
40
5
83
93
14
39
22
45
26
50
10
12
56
24
16
46
47
53
23
15
71
5
27
34
11
70
67
13
9
31
23
24
50
65
18
25
65
19
19
48
23
58
54
53
19
52
8
27
32
26
64
19
42
72
83
31
7
85
13
101
54
25
75
35
2
0
12
31
76
56
50
38
41
44
10
37
100
55
15
11
4
50
25
65
57
36
36
39
49
43
29
44
16
21
13
4
27
2
29
7
32
44
3
61
2
8
31
30
8
11
36
112
8
55
9
40
72
75
18
9
6
20
49
40
27
46
35
39
20
11
6
51
2
7
0
7
34
26
46
50
12
53
34
29
76
16
79
21
38
92
41
39
86
14
22
40
3
35
37
35
10
36
16
63
5
24
23
16
80
4
23
15
37
7
30
72
11
23
15
19
62
80
25
0
88
18
17
54
16
51
18
5
10
8
2
19
38
12
42
9
9
27
14
43
7
56
75
11
8
35
4
3
35
8
2
7
1
38
12
9
8
59
7
24
0
29
25
43
17
42
4
86
67
78
24
54
89
34
21
23
47
4
15
28
20
88
62
3
4
34
12
4
77
40
19
12
28
51
28
1
36
26
45
82
39
18
31
60
47
3
3
22
56
37
39
7
44
68
17
2
61
18
3
14
6
7
1
4
14
58
70
85
44
8
61
40
9
19
42
46
73
65
0
4
24
15
40
19
33
30
71
32
3
13
23
12
22
29
34
82
1
53
24
73
18
29
32
28
23
53
9
1
39
21
13
15
18
7
16
45
11
37
43
15
66
22
13
37
52
8
8
15
96
22
8
2
91
42
36
4
41
13
28
24
72
4
46
53
4
64
12
33
1
1
6
34
19
1
40
91
77
22
68
51
3
45
62
10
54
28
34
26
33
13
50
31
3
9
17
29
22
9
37
8
70
16
8
24
5
68
14
51
21
15
29
4
67
4
2
16
45
42
55
13
35
101
48
12
0
3
1
60
46
28
70
12
27
41
7
37
20
40
16
8
4
4
9
35
11
47
30
41
29
1
62
84
0
11
21
103
92
68
35
26
0
11
57
6
0
61
25
16
16
7
9
68
41
6
6
41
6
6
15
7
0
88
21
34
47
45
39
73
16
7
1
71
38
71
12
83
34
39
33
8
1
36
8
46
52
43
21
0
8
14
32
38
17
16
5
38
2
17
21
19
5
22
1
17
14
31
73
1
20
36
11
22
10
52
25
30
7
15
9
51
13
10
3
3
54
13
48
44
31
23
67
31
66
49
43
46
21
24
77
9
66
59
14
51
50
40
7
15
6
23
39
56
55
10
2
8
8
16
30
25
26
16
2
32
23
10
1
37
64
33
54
46
27
16
1
48
10
31
12
30
11
57
9
34
32
5
6
90
53
10
22
40
1
0
23
67
31
63
61
10
47
40
43
1
50
37
30
57
7
1
42
7
12
30
63
4
37
19
21
6
24
1
8
18
32
27
18
21
65
0
9
57
4
46
6
1
27
4
37
36
19
33
4
66
12
22
5
35
7
19
15
40
27
18
61
96
15
8
41
2
35
3
13
2
21
20
26
6
43
39
1
45
22
3
31
1
18
17
69
57
4
38
57
2
43
9
49
109
10
37
20
0
1
14
4
3
9
21
18
33
22
24
33
66
18
17
34
3
11
24
2
20
6
4
2
32
30
48
29
39
1
20
8
85
22
22
10
10
15
20
7
64
35
1
34
53
41
102
30
18
48
21
78
28
48
3
38
7
30
13
30
9
0
60
10
31
5
42
2
27
27
48
11
22
19
20
16
29
15
41
41
8
26
15
13
1
36
14
30
17
1
41
23
33
6
9
56
46
22
15
35
37
16
44
83
51
21
3
16
27
10
59
1
2
11
14
29
38
16
19
21
10
15
13
5
91
21
57
3
8
11
10
64
7
43
0
20
26
10
9
39
19
40
9
7
31
66
7
26
15
33
17
25
17
5
7
10
31
22
7
17
10
3
57
9
64
24
5
9
16
30
20
8
25
7
19
37
20
35
67
19
56
40
8
51
16
28
37
1
12
28
26
24
1
20
14
10
6
13
41
33
27
19
23
5
1
9
41
17
65
93
26
17
35
10
4
52
22
13
11
30
6
8
10
63
27
14
4
13
25
79
29
0
40
1
35
5
18
28
28
40
47
16
2
57
50
6
42
49
39
12
8
68
4
9
48
11
5
36
11
26
15
60
21
17
20
5
14
5
9
26
15
18
60
50
44
26
26
35
10
3
4
29
39
38
7
8
40
22
17
6
35
24
5
20
10
10
33
2
63
1
22
5
4
30
30
41
47
0
4
2
7
28
21
11
11
2
21
38
8
37
28
31
23
7
30
55
4
17
20
55
28
21
14
4
8
22
55
42
90
4
31
29
35
31
18
21
14
24
12
21
30
56
4
27
13
18
25
22
24
21
83
14
23
37
33
11
15
3
23
4
23
57
23
33
60
16
30
16
9
34
9
42
52
14
34
13
30
57
10
22
63
36
20
3
0
48
52
9
32
36
15
34
18
53
15
1
10
16
16
64
41
12
26
34
43
10
50
7
17
16
18
38
18
14
3
28
6
2
41
61
1
33
21
11
20
17
26
17
43
9
32
33
6
4
3
0
17
31
31
28
12
22
19
27
17
13
15
7
16
64
15
1
37
13
3
15
6
21
16
31
9
37
22
20
30
11
13
39
15
17
2
33
10
1
8
65
21
28
21
50
1
7
33
26
6
17
9
48
1
29
21
2
9
46
46
37
34
11
20
3
22
6
11
58
1
5
19
6
11
34
37
2
37
15
29
50
1
7
8
24
20
16
61
10
14
25
54
4
12
19
32
70
14
36
54
8
44
22
47
20
77
31
3
7
3
22
34
9
14
9
5
31
17
17
40
11
39
19
20
17
19
7
6
31
43
20
15
33
16
5
17
26
23
41
11
15
1
22
21
5
1
46
16
36
7
22
19
21
54
18
1
14
14
3
8
14
14
36
16
4
5
17
4
10
17
23
16
16
3
5
31
19
20
25
38
15
3
15
12
14
17
8
29
50
12
0
28
12
4
1
40
44
25
2
26
10
29
12
1
55
17
35
17
9
29
11
45
3
18
30
1
5
32
37
14
12
8
19
10
15
1
35
15
8
28
21
34
36
6
1
1
4
19
10
6
20
30
15
7
3
10
5
22
1
26
25
20
22
11
1
1
31
20
6
1
26
15
0
15
27
6
4
24
42
6
27
39
12
10
48
8
24
16
23
13
17
23
29
2
12
6
4
9
7
19
37
11
2
4
6
9
30
2
31
10
32
6
10
27
32
8
3
11
8
14
15
6
9
28
26
8
3
24
20
26
14
31
8
50
0
21
16
7
3
3
3
3
11
19
17
21
34
9
11
7
22
10
15
5
4
7
2
16
9
18
35
16
15
41
18
3
6
5
13
25
0
20
23
4
10
7
11
6
11
8
17
4
7
9
31
1
12
11
11
32
6
8
0
3
12
15
20
3
18
6
14
32
9
1
19
27
20
21
30
10
9
7
3
18
26
36
3
9
32
2
23
26
2
28
1
10
23
10
11
22
15
26
4
21
2
8
5
9
9
2
12
12
6
0
15
23
11
3
18
29
5
2
10
13
23
7
2
20
10
7
12
25
28
0
1
22
4
6
10
13
24
4
3
13
5
4
12
2
11
1
6
4
1
1
12
3
9
6
11
28
2
11
1
3
10
18
20
14
4
11
4
26
2
4
7
4
25
6
2
9
12
1
0
8
7
1
1
3
11
21
22
18
1
4
0
17
5
6
13
1
16
17
24
1
8
3
12
6
10
3
15
1
3
6
1
10
1
12
14
5
12
2
6
10
0
2
5
26
5
9
1
20
3
10
4
13
8
15
3
15
2
6
9
3
7
4
7
8
12
1
16
19
4
12
4
8
3
15
5
1
4
15
10
1
8
10
5
12
1
12
2
3
8
2
8
30
1
8
2
1
1
8
5
9
10
1
1
2
6
6
4
2
4
2
5
7
5
7
9
5
1
4
2
6
5
7
2
3
6
3
4
8
4
2
3
2
3
5
0
3
1
1
1
2
1
1
0
1
1
0
0
