42
3
21
3
13
7
48
34
24
26
56
2
24
32
87
42
7
36
2
30
60
6
3
14
54
20
1
13
72
21
6
30
27
2
47
55
87
33
23
97
42
8
31
5
1
10
8
17
48
15
27
11
34
50
32
48
79
59
2
6
34
41
118
97
0
36
39
16
134
63
60
60
5
49
2
13
32
115
28
77
102
3
4
62
35
58
35
50
80
31
73
15
23
31
5
91
11
96
64
20
49
65
1
4
76
14
33
5
56
9
6
17
24
45
27
18
22
39
7
32
11
64
99
51
50
107
29
81
79
36
19
6
76
68
42
41
17
117
25
45
65
16
28
85
71
19
133
73
83
9
63
141
119
5
15
22
62
62
48
31
34
34
45
16
101
39
67
98
34
41
9
28
43
25
78
100
46
33
39
1
75
4
135
36
65
60
78
43
43
141
25
10
46
41
48
88
13
1
159
35
69
149
23
32
77
35
91
2
137
61
50
23
37
6
41
117
57
44
39
52
66
49
28
15
35
42
2
13
58
87
4
35
37
26
90
23
42
40
106
39
59
74
98
52
73
78
59
73
195
25
2
48
52
123
48
13
106
31
42
54
24
1
22
17
29
44
19
56
29
72
73
30
36
1
63
28
29
19
150
3
14
87
45
47
21
55
59
72
34
76
37
82
59
26
93
53
16
41
15
75
89
5
11
42
22
50
21
110
10
29
44
64
48
45
27
35
65
94
74
3
27
32
45
27
13
38
91
91
20
151
54
17
37
118
46
7
107
69
62
47
33
20
120
52
8
52
17
2
105
18
85
62
71
28
3
82
4
41
24
41
45
11
29
6
112
12
15
5
22
15
6
36
27
71
9
14
42
72
88
59
79
9
82
55
74
78
6
31
72
26
92
26
50
31
8
2
59
19
13
36
34
2
42
71
27
62
90
58
67
166
16
72
7
18
70
39
26
29
6
28
84
12
1
51
35
9
95
7
19
27
2
32
16
4
40
1
53
62
28
61
58
51
63
35
4
71
71
131
23
70
38
17
56
74
43
13
21
9
70
87
87
91
61
18
50
171
62
63
5
37
4
41
50
102
44
131
45
13
4
47
81
100
32
3
13
17
33
92
5
31
24
19
55
42
4
88
35
67
94
12
1
74
66
51
55
113
65
45
4
2
146
41
17
5
25
9
86
46
49
118
63
37
16
7
68
10
6
18
49
90
58
26
4
33
63
14
48
65
105
7
17
8
117
20
26
60
6
79
67
36
22
58
115
1
9
33
27
43
37
56
16
40
18
85
5
28
24
11
77
75
71
14
47
14
23
40
32
42
23
34
7
32
120
46
41
57
77
100
39
15
60
20
58
43
41
2
67
30
78
44
42
29
123
49
117
33
65
54
50
49
1
29
23
34
83
34
51
28
62
39
31
57
60
75
22
34
44
28
64
8
60
3
12
107
1
12
62
34
41
49
15
16
18
47
57
32
12
28
6
68
5
138
14
47
77
23
6
71
6
128
13
14
62
7
42
5
61
41
42
62
102
60
31
25
2
86
32
19
75
42
11
13
51
52
11
91
70
36
38
1
5
50
9
16
41
4
98
45
9
97
59
91
145
15
60
123
32
71
21
42
59
47
101
45
2
8
36
78
14
105
146
109
0
45
42
39
11
21
22
16
47
3
116
0
11
17
16
56
2
104
69
7
11
41
127
57
53
33
46
5
33
25
29
52
22
43
45
30
93
8
17
81
57
33
15
95
9
18
77
37
51
8
61
35
98
82
1
138
1
76
98
12
12
28
62
23
40
41
104
42
53
57
82
19
40
30
66
4
36
77
5
7
63
91
25
13
101
40
81
9
1
112
8
6
2
141
18
6
68
8
23
1
2
39
4
22
96
14
18
15
33
51
24
47
19
75
15
47
23
3
59
13
16
36
56
38
98
74
77
11
70
20
19
63
5
20
76
16
42
29
78
24
22
72
60
107
27
30
43
52
110
46
30
73
7
23
170
95
74
44
27
67
13
54
74
8
13
43
18
103
41
22
35
27
9
58
53
51
29
67
35
18
58
7
22
41
21
21
4
72
36
98
13
68
54
1
49
27
101
38
135
105
42
18
27
4
29
79
133
65
80
20
2
32
11
27
49
32
32
88
0
6
59
52
55
77
58
95
27
6
26
18
75
32
7
53
45
7
16
67
56
62
3
6
9
9
48
11
16
3
20
82
2
84
57
44
62
81
36
107
10
14
14
28
68
16
27
4
51
64
51
36
96
88
41
67
24
34
9
19
24
18
66
53
0
127
27
41
26
29
22
29
40
12
60
50
75
43
109
17
57
15
17
6
26
27
19
32
14
4
45
43
46
101
71
64
1
6
35
27
40
12
58
69
23
84
84
4
112
62
24
7
7
13
81
24
44
65
36
50
41
12
10
20
49
100
23
28
5
7
84
7
56
42
11
5
56
84
21
77
38
15
36
36
87
55
19
46
5
44
39
1
109
9
24
18
119
7
4
26
37
19
28
147
31
51
40
14
3
2
82
29
10
15
62
46
29
39
4
109
17
40
16
64
20
9
1
77
31
16
13
27
16
58
49
64
79
22
124
12
7
13
25
14
31
43
9
22
81
1
24
2
60
22
5
104
126
47
74
9
41
57
4
1
49
28
36
43
89
30
62
59
25
33
4
21
29
138
6
86
14
28
43
41
5
87
84
124
54
27
6
15
39
31
32
13
60
36
19
19
40
113
61
29
22
180
39
68
47
86
33
14
14
3
11
8
1
31
6
27
34
48
91
38
24
42
13
76
50
73
25
58
115
29
54
38
22
66
20
28
14
68
5
20
22
64
12
0
59
48
55
32
31
55
37
12
36
15
3
66
39
82
23
36
72
22
31
129
81
83
32
39
64
6
16
37
86
26
6
116
29
40
41
39
3
43
134
31
56
49
50
17
32
71
41
93
29
25
112
13
65
74
45
58
118
1
24
35
54
32
82
40
14
13
78
10
17
1
55
100
72
57
35
36
18
47
50
59
33
126
61
40
14
41
20
60
5
43
10
46
15
66
22
45
28
113
50
29
84
34
6
19
30
83
11
38
11
20
109
58
80
22
24
39
43
4
13
30
29
117
70
44
1
118
28
5
33
27
59
7
17
14
105
50
30
21
115
43
32
39
25
58
24
23
65
68
38
13
109
12
40
38
25
28
22
41
40
14
86
43
64
43
26
13
24
4
8
18
42
61
8
50
21
1
19
27
30
28
94
58
7
10
44
39
5
54
23
50
21
77
21
25
62
39
69
34
67
10
40
2
76
50
35
4
49
10
22
122
41
41
97
8
16
38
48
18
84
19
4
60
81
108
38
13
49
6
39
70
62
76
10
19
36
17
51
0
16
86
4
62
87
55
19
26
46
3
40
97
39
6
56
0
62
8
24
31
56
35
31
77
2
69
26
37
34
40
71
3
26
46
5
5
75
1
114
72
8
21
135
9
41
32
15
65
28
65
15
39
7
36
58
12
9
76
11
14
48
16
7
31
26
35
8
11
11
51
38
14
19
2
4
7
31
42
52
57
6
18
10
35
104
3
63
73
46
9
108
38
21
12
7
22
7
31
47
42
48
9
26
119
57
21
96
18
47
68
94
5
29
13
16
69
54
14
37
18
76
3
29
41
27
106
115
36
24
27
14
32
24
6
1
5
41
102
61
43
48
31
0
22
48
33
11
95
33
13
26
5
45
158
0
25
4
93
41
84
26
60
4
4
26
55
17
118
45
37
38
76
31
9
47
4
48
66
18
4
15
7
30
24
17
14
39
127
102
31
23
24
1
9
74
65
30
67
85
58
78
28
61
50
13
37
57
98
0
39
5
1
15
2
20
6
73
21
36
16
83
39
84
107
46
56
33
38
48
48
67
13
4
36
38
48
51
4
13
48
36
27
42
43
94
50
15
70
32
12
31
2
52
12
5
40
11
55
125
64
6
3
19
10
25
63
41
25
62
60
34
58
68
25
19
52
2
32
18
44
8
32
42
99
5
19
20
25
17
104
35
115
75
14
8
49
44
20
82
55
82
80
63
52
34
22
15
80
35
55
37
14
30
79
83
15
8
50
43
58
84
41
28
18
8
93
97
22
46
51
29
35
76
2
57
67
21
19
21
17
18
35
6
78
11
46
93
117
66
3
28
12
33
56
45
2
10
21
4
11
29
70
48
22
26
18
56
93
44
31
44
63
56
5
12
31
37
3
68
12
46
77
27
41
24
14
25
42
20
39
55
28
19
22
19
21
25
20
13
3
18
64
21
27
53
95
8
0
68
16
52
37
1
77
17
25
18
9
2
25
13
21
107
56
41
22
23
18
33
28
29
81
38
33
81
40
36
68
11
25
120
3
63
17
65
17
62
27
4
12
18
84
60
75
49
20
68
16
35
30
7
82
25
8
47
2
94
18
9
8
13
15
55
11
74
7
40
64
16
41
16
27
13
33
54
72
71
16
15
59
39
52
72
47
7
10
6
9
18
13
12
6
53
6
21
17
2
2
36
77
106
11
24
3
4
54
13
74
3
27
11
90
24
32
57
51
48
28
18
71
13
6
46
19
11
18
2
30
20
13
32
8
30
13
32
2
26
53
16
55
5
111
63
46
19
27
39
114
21
44
38
5
43
42
83
2
35
7
18
7
14
1
48
35
14
19
5
57
7
7
46
33
43
8
83
52
34
7
1
17
1
19
52
54
14
44
6
43
15
19
29
24
7
20
31
46
35
48
11
63
97
96
8
17
10
27
74
24
3
32
12
52
17
21
9
20
7
16
22
17
0
17
64
20
31
8
37
72
23
28
101
16
14
90
2
84
6
30
57
37
74
105
12
39
62
42
7
17
31
1
22
7
49
31
36
6
29
28
40
19
21
47
26
4
37
38
9
1
72
57
49
84
19
45
18
45
12
29
28
30
39
11
68
57
55
11
16
22
31
92
9
7
21
33
63
21
10
8
29
36
32
21
29
21
53
11
54
24
53
32
38
17
10
21
33
13
23
30
0
60
13
47
4
47
32
92
14
12
43
69
26
18
22
0
7
77
16
40
6
28
23
37
25
61
14
77
50
18
10
2
91
8
21
17
54
65
57
68
72
15
41
40
21
32
62
35
25
38
63
55
27
64
35
20
22
9
5
17
29
76
55
19
27
51
19
31
20
40
16
58
7
46
61
66
18
30
6
28
23
32
25
48
38
58
14
51
23
45
16
10
28
54
54
46
32
52
3
7
25
25
22
41
54
90
8
23
11
15
33
12
23
42
26
87
16
17
50
14
93
16
81
4
20
35
1
73
24
105
41
0
19
36
24
68
13
41
17
21
16
50
20
23
14
53
2
1
50
23
80
58
31
3
9
23
18
20
1
0
24
21
47
33
74
96
10
2
4
60
37
8
18
24
32
6
85
20
27
40
60
20
10
30
2
80
31
19
54
7
23
13
22
51
10
55
32
15
20
14
20
24
15
41
5
35
37
32
21
26
2
11
58
24
13
21
61
7
49
31
11
61
73
10
13
29
81
30
7
18
57
5
39
58
28
26
17
22
8
23
14
11
1
10
34
35
26
1
60
43
57
40
29
37
52
44
66
47
2
11
53
15
11
5
22
48
18
27
4
4
41
12
42
61
11
38
12
76
64
83
53
15
27
51
39
4
17
26
112
51
14
35
14
35
19
56
59
12
62
2
122
16
5
26
8
22
9
31
20
16
0
30
4
17
26
81
66
15
28
59
39
47
58
33
25
25
63
34
29
26
11
8
30
26
22
55
87
5
55
34
61
54
25
17
31
9
56
27
6
11
29
15
13
10
22
59
12
12
40
31
91
16
15
52
66
7
30
32
31
22
27
2
39
36
50
69
7
16
26
31
33
31
86
68
16
20
55
11
19
27
11
20
28
16
5
77
38
43
3
11
15
37
19
50
28
34
12
10
13
58
36
45
19
11
36
31
12
9
30
49
33
44
59
6
61
7
18
21
2
57
21
62
16
46
66
15
55
20
5
3
56
16
56
33
71
10
23
5
42
18
44
31
54
16
43
22
12
65
55
47
32
13
57
50
6
4
5
47
14
14
7
49
22
21
24
12
49
58
19
17
31
2
1
64
45
1
24
38
39
31
26
16
45
8
2
31
36
8
18
11
44
56
61
34
36
23
40
34
11
18
77
39
49
11
33
26
2
9
62
0
11
26
46
10
10
17
24
5
25
45
77
39
15
5
12
29
13
16
10
19
24
2
17
68
55
41
13
2
36
14
39
21
4
87
22
24
20
58
7
29
10
10
16
10
21
13
6
23
9
15
39
11
10
2
1
47
69
40
13
13
25
103
13
26
41
38
15
24
26
27
7
4
11
79
28
4
58
21
11
29
38
8
45
5
16
32
22
3
83
42
27
8
4
64
33
29
36
23
12
22
16
21
9
11
35
18
35
1
13
10
28
36
11
32
34
11
7
36
13
22
7
67
2
7
56
13
4
46
1
27
6
5
56
18
18
7
19
51
12
35
42
61
15
16
11
20
35
17
11
43
65
59
1
31
8
59
14
28
69
28
0
24
22
28
6
58
17
60
25
8
2
8
19
23
36
0
4
33
9
27
62
35
23
3
56
25
31
17
9
2
18
13
33
17
5
18
21
30
37
16
0
27
35
8
55
21
18
35
18
3
16
30
52
47
5
26
62
24
15
2
29
24
14
60
26
10
39
34
11
24
6
2
19
60
1
49
54
42
20
19
2
34
41
13
50
29
20
46
29
27
67
1
6
29
4
21
16
16
2
20
27
30
19
35
10
18
4
35
7
0
14
43
56
32
3
25
48
27
10
3
0
37
3
35
3
1
54
12
46
21
28
60
4
29
47
38
5
25
31
36
33
9
24
20
45
4
13
29
4
20
55
9
9
11
9
8
53
0
5
8
10
11
49
31
27
9
17
15
20
2
24
30
15
20
6
58
32
42
14
36
22
4
4
19
4
3
27
11
15
2
11
36
3
12
24
40
3
27
33
15
10
28
5
3
24
27
22
12
25
32
13
40
46
68
26
15
0
21
43
9
10
9
18
2
3
47
0
31
26
2
15
24
77
38
17
9
51
14
28
20
22
5
35
25
19
32
48
27
9
12
26
1
23
13
40
33
37
3
5
14
4
21
38
13
9
5
25
29
34
30
35
53
41
24
26
1
38
1
12
7
37
34
17
19
9
2
19
1
9
47
50
35
55
44
17
49
13
2
12
8
4
51
25
23
16
42
22
23
14
2
25
27
20
44
46
17
33
20
6
16
22
3
33
8
5
8
5
28
12
10
29
67
44
6
28
25
24
20
30
6
8
10
8
12
9
13
21
4
32
8
6
20
2
26
16
16
20
13
32
2
7
9
28
17
25
3
43
43
5
6
33
12
29
8
33
20
9
4
20
13
20
4
1
28
15
23
2
21
11
16
26
23
29
5
41
1
14
10
20
2
2
12
44
31
10
20
39
35
34
23
23
9
4
4
26
9
3
5
2
10
12
1
31
62
31
10
2
3
1
9
47
27
7
15
5
31
12
52
7
27
19
31
15
19
13
15
15
4
27
0
6
14
2
30
61
1
24
6
11
22
27
32
36
0
4
17
25
14
3
1
28
4
36
10
21
9
16
1
33
36
8
22
47
15
28
5
16
8
6
4
16
36
23
7
10
4
5
22
2
35
14
11
27
25
6
21
54
33
27
4
37
10
4
8
3
16
19
11
24
1
4
35
4
0
15
14
8
13
16
34
2
7
25
12
18
13
24
33
8
2
46
7
20
8
39
20
10
33
1
4
7
8
17
8
4
11
11
24
7
10
25
16
29
1
12
3
9
34
16
32
32
6
6
14
28
19
19
3
12
8
7
1
27
25
48
23
7
33
7
24
4
1
50
6
13
22
8
23
33
3
10
1
30
0
1
17
16
14
6
35
2
12
16
7
3
15
18
28
9
6
6
2
11
8
37
10
29
48
11
13
1
16
10
15
6
4
10
10
40
7
38
0
7
4
10
0
10
41
18
7
26
0
5
24
21
17
8
20
4
4
13
2
9
20
14
22
4
0
0
3
18
18
12
12
17
1
5
15
13
4
0
5
17
13
20
6
23
8
28
16
8
7
31
24
9
29
38
3
8
8
1
3
9
1
8
29
12
2
11
8
1
5
4
15
4
2
2
46
22
18
5
3
12
7
7
6
7
1
13
15
25
22
19
1
20
13
11
11
11
20
1
6
4
22
1
5
20
11
12
3
2
22
10
30
7
35
7
8
4
14
15
20
14
0
6
9
4
6
1
12
6
10
14
6
3
14
4
7
4
1
12
2
0
11
0
17
2
10
14
2
5
8
1
8
18
1
4
12
10
18
20
16
12
10
10
5
15
10
5
13
14
13
10
1
28
8
5
4
8
3
15
2
10
2
4
21
8
17
13
2
1
1
26
17
6
4
2
4
2
14
5
4
8
0
16
22
0
18
6
16
1
4
1
3
2
10
8
10
4
2
2
4
6
4
7
1
5
8
5
0
0
6
10
14
2
1
10
1
0
1
5
18
3
5
5
1
2
6
3
8
10
6
0
8
11
9
3
2
3
3
6
7
4
0
5
12
16
2
2
3
11
9
18
6
3
2
3
2
4
5
0
3
1
3
6
1
10
2
0
2
1
0
0
0
0
0
