70
1
48
15
3
16
30
4
137
23
4
31
2
21
16
34
19
89
92
54
18
2
8
84
59
28
20
24
17
21
19
72
17
0
5
13
41
20
34
15
0
28
14
26
11
18
9
46
88
5
37
31
28
31
2
177
19
35
11
1
30
1
36
2
45
43
50
55
73
13
16
23
117
15
2
37
20
8
66
34
116
72
77
24
13
76
28
6
63
46
28
33
10
64
85
39
5
54
50
1
114
32
95
25
33
11
20
4
14
9
30
19
33
46
49
10
4
43
50
16
19
69
48
60
53
60
64
51
41
75
41
45
108
34
58
20
41
89
40
16
34
57
92
9
27
79
7
116
115
108
44
5
27
12
3
5
43
10
192
17
40
19
35
10
39
1
107
34
45
104
142
21
38
39
36
57
72
28
6
67
51
72
27
28
80
55
28
41
73
6
79
37
9
50
13
74
33
95
12
10
7
73
19
15
85
34
24
223
16
90
78
29
11
6
11
82
85
29
37
12
66
55
158
27
146
117
51
65
20
57
43
27
33
22
28
10
28
5
66
14
81
74
22
7
27
7
41
1
29
47
12
101
103
25
81
1
88
39
9
22
69
89
46
20
24
32
57
70
11
24
59
108
5
115
34
60
41
84
46
20
39
1
24
30
32
108
57
10
157
33
29
12
9
32
23
21
7
4
43
14
9
17
12
12
44
11
4
9
67
5
59
11
2
42
19
43
67
47
46
35
25
99
56
84
64
45
31
51
31
84
86
105
62
12
3
1
27
16
22
44
53
6
22
73
26
18
39
27
83
47
40
71
84
101
73
0
12
6
19
19
18
19
84
14
74
52
53
39
13
39
95
125
7
146
6
28
71
73
131
47
25
60
71
11
62
9
3
66
41
84
30
80
26
54
41
32
70
12
13
26
143
1
104
73
66
62
105
101
21
16
18
29
78
50
8
34
50
20
100
37
16
37
76
31
33
5
54
56
16
63
14
17
13
28
35
73
99
70
54
54
89
41
42
74
8
12
19
114
24
54
12
25
40
46
60
57
24
56
14
103
114
22
15
21
22
74
29
70
90
108
20
57
40
88
31
0
11
36
98
58
54
0
4
36
14
99
53
32
40
8
20
51
166
83
78
80
2
74
47
36
66
32
46
108
1
29
27
39
4
49
48
45
51
27
50
75
42
10
91
5
43
1
8
24
89
60
6
65
27
57
41
48
64
7
117
18
38
52
107
9
13
3
51
24
51
28
24
108
3
8
35
14
56
64
29
12
121
31
38
4
9
9
75
38
50
42
50
33
46
6
124
107
7
20
8
13
46
18
28
39
78
38
51
47
125
54
23
4
79
93
17
71
42
93
7
20
111
45
77
39
38
56
32
37
55
64
118
90
78
62
63
6
52
3
28
12
13
7
64
49
52
24
20
94
64
45
34
43
7
77
36
10
34
47
53
72
5
33
23
28
7
2
98
57
121
64
52
31
4
82
73
102
34
23
2
34
30
124
38
138
16
25
80
22
52
17
13
3
90
20
6
14
36
28
55
32
63
12
58
32
58
29
55
42
20
62
62
16
87
90
82
43
13
68
27
40
79
55
3
59
26
54
59
63
50
77
53
44
23
17
5
84
108
64
9
41
12
26
100
143
12
89
9
54
78
2
76
56
60
53
46
10
10
74
12
5
64
21
3
49
1
39
43
47
78
33
48
81
45
6
23
31
5
79
13
8
73
99
42
45
13
30
34
17
64
14
12
48
39
76
20
13
18
53
10
6
32
65
13
35
35
5
29
33
1
32
15
13
13
23
54
30
89
45
3
46
72
82
95
20
71
26
2
63
36
5
55
120
40
94
56
78
26
53
22
64
135
22
20
15
7
34
14
14
21
44
20
109
83
18
74
62
130
47
42
37
38
90
68
85
20
32
11
81
10
12
11
35
46
29
42
12
30
20
69
6
119
19
53
55
52
16
11
10
44
24
67
97
28
63
19
28
8
43
61
8
100
20
23
29
33
57
23
18
45
19
9
1
29
100
41
10
1
65
31
76
15
74
18
31
4
11
27
36
64
59
29
37
65
113
41
8
83
61
64
29
30
78
33
68
39
27
97
3
18
5
8
26
69
83
17
58
37
11
13
2
69
79
21
7
46
16
13
41
95
38
28
70
39
66
69
53
52
32
54
6
11
47
21
7
115
0
47
29
35
28
17
5
2
76
40
108
54
5
36
47
92
4
6
71
40
42
112
51
29
99
2
65
28
41
16
23
35
1
107
36
133
5
32
22
4
77
15
21
43
3
41
2
28
72
20
125
25
22
47
29
22
38
18
95
50
82
41
12
51
62
63
73
87
73
34
20
12
97
24
58
70
13
39
6
4
4
92
14
28
59
21
20
37
38
43
22
91
18
55
36
13
0
42
23
57
12
36
17
10
25
24
21
51
49
2
70
129
12
54
77
43
35
39
16
6
29
106
48
43
26
4
18
57
51
24
57
36
28
34
14
29
120
70
29
38
22
84
13
76
6
37
44
93
40
59
94
3
46
70
8
61
50
48
65
112
33
25
40
7
49
18
7
22
81
98
48
7
23
50
11
9
17
25
114
19
41
43
9
30
16
53
25
10
19
18
19
51
9
3
95
98
5
62
26
46
19
63
77
33
12
57
120
18
34
78
50
13
36
9
17
0
10
18
63
42
23
6
12
36
13
119
27
62
74
42
18
1
91
1
16
31
33
23
2
18
54
34
57
25
81
8
24
17
45
72
53
159
14
19
13
75
39
37
29
35
5
19
15
136
65
71
8
127
86
18
104
35
24
52
12
17
12
83
15
62
58
39
54
36
1
3
26
43
2
9
12
28
5
25
75
9
51
58
49
34
43
32
50
2
37
45
46
60
20
76
37
28
30
43
17
66
8
6
72
23
19
24
1
69
16
53
30
48
37
74
23
31
73
57
45
1
9
79
54
30
32
100
28
8
50
22
36
25
75
13
11
36
15
40
14
16
20
0
9
41
20
32
104
34
50
56
45
32
79
15
26
49
18
10
25
34
60
45
19
46
16
4
53
66
39
102
0
24
38
87
37
1
22
68
24
37
7
65
80
44
39
53
7
21
20
38
43
92
26
2
19
96
71
9
1
52
58
60
18
73
8
110
39
29
51
6
20
19
5
21
29
16
3
23
28
7
18
51
45
39
75
54
40
55
31
16
19
65
38
10
81
21
24
52
14
45
19
52
7
58
20
4
22
51
90
97
52
34
21
49
24
10
23
96
17
45
31
89
13
79
1
61
122
45
37
87
69
34
12
47
83
83
22
30
43
2
26
7
50
26
14
14
136
18
34
43
10
15
37
17
36
72
70
110
70
43
67
2
63
61
4
46
11
21
55
43
37
96
23
32
40
28
72
19
67
15
29
26
7
55
34
18
10
8
60
37
16
39
55
76
4
10
24
6
27
36
16
9
48
25
18
58
7
26
33
59
2
10
74
93
11
14
33
25
6
22
0
3
10
14
39
37
33
13
41
96
15
0
14
67
35
72
17
129
28
19
72
25
77
15
5
3
89
3
56
100
96
22
10
8
0
51
27
46
45
24
19
21
11
51
9
42
23
29
12
9
8
98
12
20
21
6
91
38
55
43
33
95
35
90
84
51
43
33
14
54
69
31
40
29
24
8
64
5
107
113
3
11
28
38
35
32
40
27
22
4
35
39
53
36
32
0
40
1
10
4
80
35
12
71
48
39
62
20
14
7
86
20
70
48
35
50
4
8
48
48
16
23
16
30
6
18
58
12
45
30
98
80
59
90
7
29
1
28
49
32
54
67
54
6
107
59
24
12
7
6
17
58
43
29
8
45
66
6
77
25
24
60
72
2
16
22
6
5
38
37
1
93
66
46
61
83
0
21
15
1
27
7
49
31
91
2
66
12
105
24
0
48
10
21
66
37
19
51
87
39
50
23
45
6
6
39
23
76
90
11
21
16
9
18
9
94
37
23
32
77
12
55
41
7
12
8
2
26
35
24
29
1
17
7
63
74
53
28
42
11
48
20
51
4
17
29
84
36
5
15
17
32
34
20
18
3
24
32
26
10
46
28
17
27
65
14
12
14
4
24
38
25
23
19
11
21
4
36
21
87
39
24
50
15
43
22
72
50
33
27
49
137
39
51
95
40
36
7
22
44
18
32
46
51
6
43
24
65
54
17
9
41
1
48
27
60
4
30
50
95
110
35
45
57
11
25
25
38
57
24
16
37
33
26
19
3
60
62
7
36
33
18
79
8
66
57
40
23
57
39
25
42
106
19
36
99
7
35
21
7
4
63
34
63
145
39
32
16
77
18
6
31
15
6
27
10
24
35
11
19
2
47
2
71
60
29
33
49
42
12
43
30
77
70
9
40
22
28
25
7
105
20
39
13
22
7
45
47
58
1
25
14
11
24
112
19
67
48
37
66
52
33
31
10
7
71
90
110
16
23
50
108
17
59
23
64
27
1
44
60
3
21
68
10
1
50
36
90
32
43
64
77
22
10
25
18
15
10
34
20
21
39
80
7
49
23
4
22
92
19
11
64
28
41
2
48
47
28
31
45
52
22
94
72
38
17
25
38
48
18
17
0
29
16
72
6
6
49
92
1
5
30
32
43
25
73
28
8
11
42
15
3
86
31
16
1
55
53
48
25
8
36
47
58
34
118
20
14
42
32
80
11
31
18
8
3
66
106
11
21
7
38
20
26
27
61
45
7
29
4
15
57
19
52
9
52
37
67
1
55
17
14
13
1
5
16
16
1
81
19
16
38
5
33
13
25
28
67
32
15
30
2
27
25
1
21
70
12
60
34
32
17
22
5
49
19
36
82
3
27
63
101
27
35
13
50
113
11
13
13
2
7
6
36
78
59
64
49
45
102
23
65
38
7
70
15
10
8
9
26
47
8
7
9
19
52
28
45
6
45
27
52
1
78
31
23
6
23
13
4
23
93
26
52
74
3
64
8
56
59
51
6
62
32
28
31
10
25
20
84
37
58
18
24
66
79
10
26
32
68
60
20
5
55
37
7
26
6
16
43
101
8
59
21
57
22
9
22
39
50
3
48
41
35
47
56
10
16
7
21
45
16
14
33
18
53
7
3
32
69
30
36
23
35
72
6
14
43
57
28
41
25
5
36
50
0
20
25
5
27
27
72
18
15
5
37
18
6
23
14
12
18
8
5
17
2
79
34
19
20
62
61
28
25
37
38
1
50
21
14
19
48
57
13
7
35
42
21
4
78
61
39
5
61
85
33
11
35
7
30
74
25
19
15
1
17
50
7
26
25
14
21
29
27
2
49
52
4
51
17
30
15
69
41
33
7
58
23
5
14
3
21
15
42
15
54
5
33
92
26
33
37
7
9
15
2
1
41
23
49
32
20
12
52
1
60
40
30
15
29
32
52
0
19
61
49
3
9
20
17
24
42
34
38
32
29
42
64
100
18
57
12
44
26
4
47
15
5
2
41
32
54
10
14
29
12
1
7
21
41
19
6
17
0
6
33
50
14
47
23
10
74
52
20
21
80
58
22
1
23
66
9
60
28
19
18
41
28
74
76
8
7
34
4
10
28
5
15
10
15
6
4
5
28
6
37
80
38
21
33
30
15
6
15
29
38
57
27
45
46
34
34
21
27
3
9
13
2
24
7
31
57
2
13
1
18
35
3
76
8
27
49
19
49
14
1
5
13
4
15
86
19
31
4
68
21
73
19
11
60
11
17
68
39
7
42
27
59
7
21
31
50
40
1
15
19
49
26
52
46
32
7
14
17
65
46
5
17
70
9
13
18
94
68
5
29
19
8
29
11
5
15
63
66
21
6
10
11
49
22
74
27
56
10
33
25
46
32
15
34
18
42
33
44
11
24
35
41
11
38
17
62
123
25
37
15
30
40
3
9
64
31
30
21
49
1
83
3
8
5
26
71
50
73
30
19
22
53
26
77
3
11
75
36
19
25
17
18
45
10
28
26
44
26
8
4
64
8
27
61
9
1
5
51
47
33
6
6
35
8
15
5
75
1
38
10
13
24
55
29
3
64
23
9
15
49
4
6
3
36
86
85
34
7
13
11
46
1
5
42
55
21
32
15
64
10
31
21
45
22
9
41
18
43
33
44
19
9
17
20
41
22
50
45
30
6
16
3
18
37
29
4
16
2
46
35
52
31
39
5
42
4
80
6
11
44
53
4
25
28
21
43
30
10
31
40
20
1
4
12
15
46
19
43
14
32
26
54
44
11
12
55
3
40
9
107
40
6
84
5
39
55
9
27
46
56
26
46
40
46
39
24
15
30
10
16
18
8
13
95
8
31
29
71
40
5
13
23
22
19
28
27
3
15
1
39
6
42
24
23
17
64
42
17
32
26
2
40
33
28
13
21
28
37
20
33
12
33
91
18
19
34
29
12
19
17
46
31
1
22
27
14
17
5
35
23
7
5
10
39
35
42
10
7
47
35
13
33
50
35
16
27
7
6
47
1
7
33
16
22
25
32
30
14
3
13
15
3
11
9
17
4
18
2
7
10
18
12
59
53
55
34
9
15
10
0
28
46
9
21
37
11
1
11
32
1
11
16
52
23
70
80
1
15
4
18
18
72
44
40
24
8
17
8
45
5
8
22
50
13
19
3
52
57
37
74
32
6
44
12
5
6
5
11
48
18
20
17
16
41
7
1
6
39
45
7
48
2
5
24
24
11
41
44
32
27
1
6
2
9
4
30
42
7
31
11
36
35
24
18
23
37
33
36
59
9
44
43
38
26
68
3
14
32
5
39
50
49
17
41
77
26
9
16
6
34
20
22
31
25
17
11
32
39
7
10
83
11
7
23
33
30
16
31
36
19
47
47
27
62
18
31
37
23
39
2
20
8
5
26
15
18
34
6
24
28
22
50
24
6
15
3
1
22
22
18
2
56
8
2
11
19
3
16
67
6
16
26
25
7
26
8
36
33
24
16
40
8
17
1
30
36
22
31
35
61
1
58
46
4
1
28
6
31
33
26
6
3
15
35
7
1
25
8
40
31
35
51
77
28
45
8
20
45
44
34
18
16
51
13
22
17
34
27
19
14
32
35
13
20
31
33
48
29
9
40
18
12
10
27
6
8
37
59
19
51
6
0
3
11
56
8
12
45
31
21
28
31
39
37
25
7
20
6
10
30
22
24
16
45
3
15
14
25
31
45
18
0
25
12
60
28
10
17
55
6
15
58
1
38
3
26
18
3
13
13
3
15
1
28
15
1
64
43
21
35
21
13
27
31
3
6
6
28
57
27
5
15
40
3
11
2
30
25
0
5
5
33
24
35
2
14
6
20
7
19
2
0
9
28
17
2
33
43
6
2
13
37
50
12
8
4
38
18
1
17
5
13
4
15
8
36
17
35
15
7
7
13
5
12
24
18
16
19
0
0
40
12
7
3
22
29
6
4
15
1
47
8
29
11
33
24
12
32
25
5
46
15
5
38
30
18
4
11
4
24
25
2
12
17
44
2
35
16
4
25
22
17
11
16
0
11
31
10
29
17
1
23
39
10
29
10
14
17
31
19
24
7
27
16
19
21
6
12
5
21
37
2
30
8
22
1
12
17
22
34
13
35
21
12
1
26
4
25
4
22
3
2
22
6
2
27
30
33
1
1
59
9
3
18
32
36
35
5
40
27
2
9
7
4
39
14
12
8
8
31
40
16
20
9
20
21
2
26
13
23
3
13
8
5
21
29
41
10
15
14
37
29
26
33
6
18
10
12
13
18
29
13
18
17
3
16
19
26
0
13
26
12
30
34
15
11
23
2
5
3
8
26
13
11
30
1
15
8
2
12
23
21
14
6
2
25
8
15
7
48
24
12
21
12
12
4
23
9
8
32
0
4
6
4
16
16
3
9
24
12
23
23
32
19
6
0
27
5
7
7
22
3
11
25
14
24
8
18
23
16
31
38
3
13
7
12
19
9
39
0
0
18
8
17
29
9
1
6
5
29
20
5
4
4
7
32
7
3
4
11
28
18
10
28
6
16
18
23
35
20
6
9
4
20
18
20
33
16
8
13
6
29
33
16
2
46
29
7
13
2
27
22
28
4
18
8
5
14
15
11
29
30
37
4
8
13
21
13
22
5
2
3
38
2
0
10
10
9
3
15
1
5
27
23
12
2
22
28
3
3
9
2
10
34
44
7
38
6
0
2
11
0
3
3
0
10
15
7
46
1
1
7
5
29
2
13
10
30
4
4
10
21
2
2
7
10
13
8
7
3
28
8
1
4
16
4
20
15
2
15
11
7
11
17
11
12
1
9
6
9
4
6
11
5
7
16
15
14
9
11
6
10
4
4
14
20
6
23
1
1
4
9
3
4
1
5
12
8
22
9
1
11
26
8
1
5
4
7
12
24
6
4
7
4
4
14
8
2
9
13
18
8
9
1
1
9
9
0
16
13
9
0
6
7
4
10
5
0
12
9
6
8
3
15
26
9
19
16
16
11
14
4
13
2
1
2
5
15
17
10
1
10
10
6
8
22
21
17
6
5
9
5
5
5
1
1
23
3
8
3
11
4
2
16
3
17
14
8
4
4
0
6
10
10
6
3
0
3
5
10
14
9
8
10
0
0
3
6
0
7
4
2
5
1
3
2
3
4
3
1
4
1
3
11
2
2
2
1
1
3
1
8
8
2
1
5
1
2
2
1
2
2
1
3
0
0
0
