71
25
48
2
45
31
41
3
46
18
5
9
27
12
75
70
2
56
38
11
57
34
18
5
0
16
20
52
77
26
38
17
23
54
15
5
38
57
43
31
13
5
25
71
21
56
44
16
75
27
17
32
7
42
10
33
96
44
21
47
72
73
19
1
16
8
61
144
28
11
67
21
51
43
23
33
0
70
15
150
39
81
0
45
68
150
12
55
54
58
112
103
6
86
16
97
33
59
2
55
11
37
47
38
36
39
18
84
17
81
47
97
50
9
44
38
44
9
27
59
11
62
87
49
97
4
108
25
49
57
9
35
15
66
56
45
39
34
32
71
8
10
27
130
82
28
30
52
7
29
135
17
3
8
15
65
56
12
89
92
16
108
77
32
68
52
65
18
64
107
44
59
97
41
31
76
74
38
36
14
43
1
12
53
65
156
3
52
54
137
72
9
4
19
33
63
12
4
114
1
41
46
26
21
52
60
70
85
101
132
149
15
51
38
38
82
30
50
37
57
23
14
3
20
53
18
59
40
26
66
46
31
106
22
28
71
86
81
49
90
80
30
15
29
28
47
66
30
102
71
107
11
23
77
88
51
89
22
17
21
47
107
26
70
35
4
15
82
46
15
34
16
2
82
35
15
28
75
19
61
34
44
84
2
7
63
67
64
31
5
25
46
70
53
4
164
16
25
4
70
18
0
126
7
36
96
14
58
25
50
51
25
65
73
96
47
16
47
52
66
4
12
33
48
80
47
77
97
76
6
53
12
99
59
86
122
9
79
7
54
23
43
122
38
34
13
10
38
27
21
38
26
46
27
19
2
28
5
32
79
64
36
57
68
77
43
55
93
103
29
52
55
72
10
61
1
38
16
6
32
72
18
79
16
10
92
35
43
14
57
40
44
101
55
99
20
11
6
134
35
79
31
47
19
1
56
5
52
52
82
21
21
52
45
83
57
51
20
15
65
7
15
41
17
6
30
43
71
53
16
71
96
37
89
32
101
44
69
9
102
14
1
55
40
7
123
11
90
16
70
38
83
56
62
0
55
61
83
112
6
61
65
8
48
10
58
28
8
89
51
89
16
30
5
28
63
33
50
10
6
98
1
143
44
104
99
24
24
24
64
9
85
26
28
1
17
36
74
9
125
0
28
52
100
61
80
18
25
73
26
4
61
50
29
27
43
115
28
47
27
73
97
105
37
104
23
31
75
72
71
5
18
61
74
56
39
31
79
27
11
93
64
41
4
13
0
7
9
32
73
12
76
217
7
1
83
67
77
15
35
56
12
108
27
15
23
15
2
39
160
77
47
19
13
68
49
17
24
75
49
64
11
37
107
24
3
3
91
68
25
62
54
14
121
9
78
1
107
52
95
20
29
142
68
21
115
29
44
4
34
45
67
3
100
16
54
17
11
13
53
18
16
42
36
12
59
93
68
32
138
20
67
8
32
40
147
3
0
41
77
49
8
84
10
4
47
22
52
37
14
51
47
20
45
13
1
46
48
7
18
16
56
16
19
19
7
21
6
84
21
73
104
43
76
150
1
50
10
63
28
89
113
1
56
7
10
51
126
60
51
113
94
5
7
88
66
146
25
87
100
23
15
131
151
45
87
3
6
62
50
63
63
99
23
41
82
29
55
116
27
9
3
79
20
56
2
22
22
76
36
5
112
11
9
113
68
119
41
70
56
50
8
85
86
66
117
122
41
24
3
31
40
85
22
51
66
28
32
40
99
32
14
3
16
82
37
76
99
5
38
8
14
64
39
20
43
87
65
174
28
55
22
48
95
3
119
85
38
13
63
16
0
29
27
63
139
30
91
12
126
58
98
42
123
11
59
81
74
12
41
72
54
33
83
4
51
28
107
8
8
33
68
64
78
36
78
70
27
12
1
13
18
17
20
20
9
135
8
9
53
27
70
16
21
64
91
8
24
22
47
50
54
74
64
109
105
80
16
19
43
19
7
85
44
22
58
34
11
18
26
27
104
76
18
40
66
154
46
46
1
24
22
21
35
10
58
17
43
40
23
4
66
14
60
60
73
24
13
22
64
38
65
67
36
45
16
28
79
147
52
17
36
10
63
0
38
5
11
7
36
53
2
15
17
24
34
50
3
51
119
57
101
14
17
13
27
23
83
40
61
53
90
52
9
26
162
40
65
77
70
35
67
137
11
67
18
17
25
79
40
20
76
31
73
55
13
8
52
54
92
37
18
31
44
41
82
79
5
6
94
58
25
66
31
93
36
20
34
3
29
7
50
4
17
33
13
50
46
43
34
47
128
11
3
60
12
2
6
106
74
14
3
40
68
7
12
51
26
51
15
3
69
9
97
27
66
17
98
88
29
29
5
68
22
59
2
6
47
22
35
45
13
65
1
32
87
48
23
12
21
30
87
68
34
31
37
7
36
18
30
7
69
12
18
13
70
115
32
6
3
56
66
34
37
34
70
1
11
88
98
1
7
47
38
13
75
17
5
53
19
25
14
41
29
55
42
13
40
82
28
7
99
39
33
3
37
70
16
4
26
35
55
102
17
78
17
24
50
48
74
2
77
108
28
66
29
42
65
130
5
59
19
14
15
15
9
3
37
7
81
38
23
74
61
31
42
31
15
13
56
12
28
21
1
2
2
16
41
72
35
10
36
13
12
60
97
8
89
80
88
35
21
66
33
104
74
15
64
35
42
143
18
27
94
39
19
33
59
4
41
41
80
37
18
47
80
8
19
4
88
34
74
14
53
4
12
26
1
43
10
41
90
95
6
49
69
34
21
32
19
32
18
94
66
3
66
31
28
51
11
58
11
37
0
12
6
65
98
6
31
0
26
41
113
1
9
116
86
35
24
47
66
62
11
13
43
6
19
23
72
59
8
25
125
39
9
8
1
38
88
40
88
63
71
45
120
57
70
13
72
22
59
12
26
76
75
35
9
62
45
30
54
77
34
21
35
28
14
7
24
67
49
7
18
27
2
6
64
5
72
82
25
76
13
77
1
12
2
118
39
52
60
75
55
44
1
70
15
48
45
8
39
85
43
25
44
54
33
22
27
42
21
17
35
5
160
96
52
47
31
32
24
1
81
1
9
63
16
21
5
43
17
3
114
71
17
34
60
11
31
18
79
11
29
43
19
79
87
37
78
0
146
3
61
7
31
52
24
2
37
15
1
4
39
59
24
10
97
62
64
71
21
13
42
31
84
57
20
58
31
3
47
47
18
1
24
59
25
119
11
27
78
85
3
8
12
25
34
77
6
13
39
14
35
13
14
28
9
34
21
3
24
9
60
65
39
41
43
19
65
50
60
21
4
4
55
95
27
53
25
25
49
81
23
83
20
27
34
40
55
13
62
59
6
8
40
76
66
62
30
8
56
120
9
30
35
36
39
30
2
10
74
3
21
15
9
12
23
43
62
13
40
24
14
17
11
25
8
129
41
41
59
18
89
28
38
106
5
7
63
34
65
60
69
3
1
47
66
20
17
2
4
61
55
64
42
2
93
9
46
23
3
77
47
23
58
86
39
90
9
53
50
29
1
14
20
6
45
6
118
84
87
0
18
25
34
8
65
66
19
11
13
29
36
7
69
42
45
9
18
26
15
22
8
5
11
23
69
53
53
35
4
21
66
22
71
16
83
2
1
132
64
43
13
11
82
14
46
23
8
45
71
15
5
45
18
12
6
9
9
9
50
52
74
19
55
69
48
19
25
30
37
56
55
15
96
39
12
13
17
107
35
59
7
47
18
23
33
13
25
27
39
32
109
15
50
78
41
82
59
6
163
143
50
0
49
20
31
32
20
2
19
43
52
6
3
45
50
36
18
74
86
28
29
1
45
17
10
18
30
83
20
136
15
5
33
6
11
40
17
4
39
4
54
60
79
7
49
16
11
53
26
27
19
13
11
31
50
35
26
23
12
52
33
125
49
38
88
59
19
32
13
43
52
34
5
29
42
33
47
15
5
20
73
33
22
17
25
45
70
4
92
17
46
4
13
30
37
41
22
65
17
10
40
35
66
93
53
33
3
41
43
72
65
94
30
3
25
20
18
27
72
31
13
42
14
3
78
24
1
22
6
15
11
44
29
92
38
7
27
30
81
61
20
39
10
52
60
21
66
65
51
57
15
25
35
15
59
10
43
68
72
66
60
1
40
74
14
58
97
46
29
1
36
63
7
1
8
91
56
24
0
36
16
22
24
8
7
65
32
35
51
46
1
20
66
24
6
3
13
4
42
16
38
22
4
11
14
51
15
22
89
48
29
98
14
91
58
20
49
1
34
60
87
49
67
52
61
96
42
80
43
5
13
85
60
38
7
1
28
50
4
31
42
68
5
45
44
35
105
120
81
12
43
23
77
24
26
1
74
22
28
8
64
65
103
62
9
24
42
22
19
4
92
26
24
28
21
15
50
41
37
1
72
48
66
67
16
15
17
3
57
46
1
11
25
98
16
51
16
85
12
73
41
36
9
57
9
48
112
26
6
6
48
17
72
38
19
62
52
41
20
11
22
31
3
72
8
26
76
18
4
42
28
10
12
27
38
76
8
26
8
0
23
23
13
18
40
40
130
19
6
22
27
37
4
1
19
72
14
52
11
21
76
50
65
16
7
5
1
76
17
33
4
32
116
39
15
3
18
46
51
32
24
37
14
32
2
46
10
1
12
19
38
60
52
44
48
35
6
50
27
24
29
66
57
4
35
15
84
60
25
35
58
88
72
11
19
14
85
60
37
27
15
15
10
80
35
41
30
30
0
32
12
68
54
24
68
45
88
23
22
1
10
31
18
11
11
13
56
57
27
32
63
17
45
7
4
59
4
16
65
94
43
63
44
7
41
24
26
41
33
24
33
49
9
8
57
10
12
82
33
17
19
28
57
14
35
7
51
24
29
76
53
93
36
22
18
15
14
3
51
12
41
33
10
6
17
33
87
71
1
20
36
45
17
5
62
54
1
13
5
44
29
31
74
87
12
36
69
19
10
7
91
23
70
19
39
16
39
58
94
14
91
9
5
23
3
18
63
1
31
45
52
13
54
29
39
3
10
94
70
65
44
0
36
4
25
9
60
35
49
54
25
9
4
28
41
6
32
85
58
12
49
20
10
36
12
44
16
64
23
18
5
36
30
10
44
18
36
62
58
9
46
43
10
27
6
19
9
28
31
5
43
11
35
52
57
45
11
3
28
20
34
55
59
22
24
54
93
1
45
27
55
2
90
4
21
10
45
12
47
12
53
9
2
3
30
32
50
14
4
61
43
9
72
84
3
20
6
22
6
52
1
6
21
20
33
35
12
97
57
15
36
55
33
22
27
2
67
59
43
7
2
1
8
30
46
18
43
61
30
30
2
44
32
68
51
29
27
15
12
7
97
95
18
47
21
42
10
11
8
8
1
1
2
93
20
37
68
15
48
6
39
50
54
2
8
6
48
24
15
46
16
49
9
8
32
84
6
1
70
11
51
38
12
51
70
43
69
30
42
42
59
43
1
4
60
50
57
53
71
15
20
13
47
65
77
68
55
31
13
33
29
20
46
34
41
4
12
30
6
14
31
19
10
5
39
63
8
30
46
29
46
12
35
20
24
34
40
12
20
4
24
74
90
36
8
82
20
63
25
40
23
64
37
9
11
29
16
74
60
56
38
8
21
13
10
32
71
11
74
77
23
48
16
3
19
12
33
32
40
46
20
11
17
15
17
34
14
63
18
14
15
25
84
3
20
1
33
20
69
8
29
23
11
13
18
43
17
5
12
29
46
61
26
41
42
8
8
68
20
17
35
27
4
41
71
38
43
25
23
29
84
3
32
12
57
56
6
26
13
6
3
42
38
34
4
28
20
52
12
26
18
23
47
14
24
21
10
42
4
16
28
21
45
38
7
72
1
26
24
56
15
31
47
20
13
37
19
69
9
75
33
46
15
26
30
36
0
2
27
3
11
37
22
60
72
26
1
14
28
98
18
49
18
18
19
31
16
31
55
16
43
10
48
14
55
5
13
37
14
30
14
19
22
33
30
18
46
46
12
9
76
7
36
16
3
5
40
14
9
36
42
11
37
8
40
14
15
17
29
1
7
24
6
30
14
71
65
35
8
14
21
13
24
39
75
33
55
15
60
5
57
30
2
32
37
5
43
33
18
45
47
9
27
20
1
10
11
2
26
115
17
3
13
23
7
3
77
55
40
23
40
10
31
4
0
24
11
28
12
61
25
3
19
0
46
46
38
13
14
52
25
12
1
25
35
13
38
1
2
64
31
20
21
13
34
2
6
8
13
13
76
31
26
70
6
22
3
40
23
34
4
11
34
45
35
33
36
44
20
16
37
3
19
54
20
24
19
30
32
5
46
2
9
46
40
41
6
17
85
17
3
7
10
53
18
0
29
13
15
41
5
35
42
33
19
37
56
21
7
19
2
7
12
38
83
50
4
8
24
62
10
8
0
14
42
48
27
15
55
29
13
3
11
37
3
35
47
2
51
21
44
9
33
13
11
3
30
5
38
53
9
23
12
24
29
22
50
68
8
44
36
56
43
2
12
2
23
28
17
2
41
34
32
32
42
14
31
9
75
0
19
1
6
67
33
20
33
0
48
68
4
10
35
49
20
8
58
50
14
64
8
1
53
34
77
25
42
14
33
55
39
32
22
10
5
5
28
3
15
39
42
16
40
8
5
20
1
15
30
11
23
25
0
30
12
11
28
9
3
48
68
33
19
34
8
11
14
53
6
18
4
29
13
32
5
29
1
33
25
38
7
6
11
25
15
27
18
63
10
38
21
7
21
19
48
77
28
57
64
21
40
57
25
19
11
16
73
32
41
3
24
34
16
22
35
15
2
30
33
42
13
41
4
31
19
4
11
1
5
9
10
3
42
45
39
19
3
35
14
3
8
10
7
28
26
36
31
18
7
15
9
82
30
34
30
5
24
64
6
6
9
54
26
38
3
28
18
11
53
39
9
25
19
12
16
22
10
46
0
36
23
37
28
39
45
12
18
32
7
15
16
14
19
30
28
20
31
19
14
16
24
34
38
45
16
18
24
20
1
8
26
13
20
14
3
21
29
33
7
7
27
12
16
44
22
21
37
27
47
28
38
6
14
20
20
34
3
18
17
16
2
8
37
19
10
7
51
36
10
21
16
21
8
20
54
23
12
41
55
32
20
5
10
3
5
13
30
71
27
8
7
9
1
8
43
10
18
34
40
22
4
21
23
30
2
15
23
40
4
53
9
27
34
30
41
9
17
25
8
2
32
31
20
14
8
49
17
31
34
28
7
24
53
1
43
39
2
13
28
12
9
26
1
34
16
1
75
6
8
4
11
5
44
41
15
19
21
0
45
28
1
12
22
35
34
32
5
19
19
6
44
3
20
10
9
20
35
13
0
25
28
18
31
36
12
4
14
19
6
23
1
21
7
35
7
18
8
5
17
40
10
53
2
30
24
19
27
46
8
28
7
35
9
37
6
28
5
5
20
6
2
1
6
16
19
31
21
14
2
13
1
5
2
4
21
3
30
70
40
12
8
16
16
10
23
14
58
7
55
40
19
19
29
12
10
5
20
20
17
2
8
10
52
18
9
29
15
38
4
20
16
21
20
38
20
7
10
12
15
17
11
44
13
3
22
9
14
6
14
23
3
12
3
34
39
5
19
10
5
15
8
17
23
21
19
6
18
6
25
10
7
27
3
23
23
6
3
44
4
28
23
2
32
17
15
27
2
3
42
19
49
68
17
2
16
6
28
44
15
5
24
9
11
3
27
11
23
73
2
18
12
26
2
23
19
26
33
14
44
26
34
5
3
8
30
17
6
13
29
32
21
12
15
15
54
30
54
3
15
10
6
21
11
32
3
17
34
22
4
28
6
38
3
35
19
26
14
3
56
16
7
8
22
9
14
0
20
5
6
11
33
22
36
5
10
2
26
14
2
11
5
7
5
12
44
47
16
16
11
7
11
25
18
37
35
25
2
5
7
5
18
10
15
8
2
6
9
5
34
26
3
33
18
8
13
10
17
9
6
3
40
19
4
4
26
25
10
5
15
2
10
45
30
18
16
12
27
18
26
2
39
17
28
22
9
6
5
13
2
5
10
6
3
1
21
19
7
19
37
13
12
25
9
14
5
22
29
3
7
13
17
24
9
16
3
7
18
10
7
13
7
3
6
26
5
6
24
1
11
17
8
32
8
22
4
8
37
17
6
13
30
5
17
5
13
8
8
25
8
4
17
25
11
6
31
31
5
17
3
7
23
34
35
4
20
23
5
9
6
13
2
7
5
8
7
36
16
11
7
33
18
12
7
3
16
3
18
3
19
16
22
12
0
3
23
2
17
2
11
16
36
11
13
13
15
14
19
17
6
15
9
6
2
6
6
16
15
8
4
7
3
3
16
10
4
8
4
13
14
1
5
5
3
1
3
4
10
16
3
5
13
7
18
7
3
2
12
21
10
5
1
12
22
0
12
0
14
2
13
24
3
12
10
3
13
9
5
14
12
7
16
7
27
4
1
15
11
15
11
7
2
1
14
4
9
13
8
6
3
5
4
4
6
12
3
7
4
5
3
2
1
8
1
5
15
2
2
19
5
14
5
10
0
7
1
17
1
2
8
10
9
3
6
9
12
10
4
11
10
2
24
7
1
8
4
7
10
3
7
1
9
6
9
7
0
3
5
10
2
5
1
12
0
0
4
12
0
2
1
0
3
1
1
5
1
1
6
5
4
2
1
1
1
1
7
0
0
