15
26
3
21
32
36
29
11
1
5
0
2
2
3
85
2
12
14
18
7
29
2
30
19
7
28
6
11
23
17
53
12
56
3
35
28
8
47
133
2
47
50
17
121
17
19
25
28
29
5
49
15
46
14
4
13
48
62
56
31
55
17
5
5
53
32
63
9
32
40
39
31
17
47
36
19
11
22
44
19
72
66
66
38
82
12
9
65
89
45
43
20
11
45
24
73
71
30
43
51
26
81
28
66
9
25
91
29
52
39
14
6
33
27
1
7
23
25
78
60
109
12
3
16
38
23
59
49
21
18
7
188
3
36
49
23
42
77
45
87
3
4
10
40
35
13
41
40
76
77
6
139
1
12
160
46
80
44
134
40
66
28
9
99
9
10
24
25
23
29
108
123
40
65
2
1
94
49
38
79
88
136
76
109
53
47
33
63
6
20
50
12
46
5
27
81
95
26
8
68
17
111
20
77
63
65
9
27
40
29
40
14
51
31
1
85
71
35
95
36
21
11
34
107
62
8
18
43
23
10
41
0
37
14
14
81
80
98
38
107
38
135
176
46
26
1
83
36
62
8
10
2
95
60
16
13
28
69
13
85
41
86
22
82
79
95
39
92
1
18
48
36
99
63
67
193
2
0
1
16
37
21
28
42
70
46
10
16
129
27
42
25
10
36
3
43
14
7
77
50
35
34
67
5
23
101
11
14
30
24
13
13
18
7
93
51
31
55
132
75
19
44
36
14
4
53
0
12
76
103
100
9
17
60
140
18
46
54
7
67
12
30
12
71
118
10
49
13
73
31
54
27
2
12
42
75
114
66
34
41
99
62
80
60
84
35
4
30
61
110
29
17
15
60
84
53
88
35
25
23
13
30
48
27
17
23
109
39
22
44
45
149
60
87
31
51
41
24
18
72
55
54
82
42
21
29
23
53
5
103
105
8
7
45
35
72
29
36
13
36
111
32
58
46
40
50
55
37
33
139
61
75
46
46
33
89
53
16
21
77
13
26
14
79
123
18
36
16
34
5
52
15
40
179
94
81
27
62
34
40
65
85
24
24
42
86
122
26
16
82
32
63
86
14
17
84
7
36
30
1
60
100
65
70
40
92
19
40
73
13
105
26
10
34
27
10
4
46
13
129
12
24
21
104
32
34
9
42
93
43
18
111
84
9
44
29
69
14
109
108
10
61
16
31
30
106
19
36
28
65
51
91
31
42
108
27
63
27
3
0
14
48
12
40
58
64
64
22
15
25
17
1
31
55
40
18
38
59
49
32
34
31
11
23
80
76
67
11
38
1
66
74
27
77
75
40
39
25
37
46
58
31
71
41
141
44
9
65
88
57
34
59
37
14
54
16
22
68
45
48
29
41
2
10
13
16
49
10
65
19
20
91
94
77
27
2
117
52
18
62
22
21
70
63
55
12
79
4
52
5
72
14
80
67
7
3
10
7
3
59
60
76
84
100
87
19
55
68
158
65
43
58
59
54
34
5
40
41
71
8
1
93
94
7
20
69
16
47
109
152
27
3
53
49
35
24
31
74
71
17
52
18
18
106
70
7
5
29
101
15
101
44
3
19
34
39
27
26
3
39
11
19
35
75
21
42
134
62
23
44
3
20
107
5
48
2
26
67
3
102
35
18
20
34
26
26
79
8
2
63
3
29
75
30
59
47
66
29
42
1
19
61
102
31
0
37
77
30
1
74
68
11
15
63
9
90
64
34
84
122
47
100
68
53
48
46
108
31
8
14
40
85
7
2
102
61
31
25
90
33
9
20
4
106
17
131
58
0
24
124
82
138
2
10
1
23
30
113
24
56
33
31
68
30
98
17
12
20
58
5
40
59
49
112
82
30
16
22
12
52
47
52
81
1
118
23
30
53
25
37
30
73
23
34
37
67
149
12
38
46
34
38
20
45
31
44
17
120
100
24
65
55
169
47
19
38
48
48
28
1
30
9
22
21
56
91
52
24
68
35
49
92
52
14
19
6
64
46
40
16
119
44
158
1
24
10
6
106
73
13
33
60
20
2
57
38
13
78
9
58
46
21
18
34
53
27
30
10
10
22
9
96
158
73
20
6
162
70
19
54
37
41
35
9
2
97
10
50
62
33
55
16
11
1
70
28
22
39
35
10
75
41
54
15
98
21
56
7
4
46
131
57
22
28
21
43
39
119
7
74
93
20
21
1
29
17
25
58
66
19
30
9
7
78
52
14
24
30
50
26
62
99
35
40
135
34
41
11
15
94
52
47
18
54
30
17
44
51
87
5
28
86
41
17
17
100
79
33
8
49
3
7
16
63
38
35
2
69
29
27
10
44
87
54
2
98
30
57
16
63
54
1
65
78
33
79
43
31
67
50
4
4
29
138
52
30
15
16
89
0
14
67
4
21
37
62
5
18
86
31
73
61
94
66
27
36
35
62
14
42
61
29
13
101
17
18
36
17
23
69
22
9
21
32
47
79
80
62
118
34
41
56
64
6
46
44
32
9
87
54
34
83
31
94
39
30
33
3
30
25
33
9
126
8
31
33
75
73
9
79
2
21
35
17
17
30
64
52
13
71
17
3
98
25
43
28
48
8
42
46
73
9
31
19
20
49
36
26
44
14
10
82
11
17
38
15
68
13
23
76
39
50
64
25
48
18
29
2
16
20
26
20
28
47
4
21
11
52
16
37
46
87
37
3
50
18
28
56
66
63
19
4
60
17
46
40
67
47
39
30
57
11
72
94
43
60
11
144
20
44
1
4
73
79
46
7
22
71
69
36
16
19
16
81
41
49
25
34
41
1
9
189
7
26
75
32
25
115
52
59
49
18
29
7
16
32
16
101
3
1
8
8
32
81
64
36
43
45
24
34
9
103
14
36
8
112
9
53
21
54
44
96
33
6
28
50
33
52
46
8
89
52
8
2
27
35
0
26
54
14
73
46
5
52
2
22
20
31
4
66
48
31
26
33
4
21
66
78
105
104
61
10
19
13
24
61
2
5
86
9
59
103
27
17
16
53
40
69
50
34
0
73
35
21
25
26
8
34
107
4
99
2
120
31
73
27
106
15
92
3
70
87
37
37
1
111
42
8
60
91
81
47
8
16
81
10
43
36
27
62
1
54
25
73
105
17
50
25
21
6
7
54
25
29
16
115
37
2
85
32
37
83
41
50
37
4
8
29
12
48
66
9
13
24
18
61
12
42
44
4
22
92
16
4
71
30
9
36
60
36
22
27
19
7
74
13
46
109
7
100
37
71
12
54
4
53
12
51
70
28
36
22
47
33
15
44
12
14
13
2
3
95
5
64
15
17
24
51
7
4
20
3
44
28
19
24
29
83
1
82
56
30
42
152
8
13
5
7
62
15
16
32
26
23
11
16
12
54
24
53
9
68
76
7
17
3
71
4
11
5
2
6
2
43
28
21
15
94
23
39
39
32
80
8
6
12
21
23
45
3
25
4
25
69
21
7
51
76
10
79
87
18
103
65
79
17
6
23
48
22
40
26
28
19
66
64
33
37
15
36
74
5
33
0
10
21
16
29
35
37
119
41
74
10
30
16
16
19
1
80
4
36
42
40
94
24
36
10
8
10
54
4
26
30
22
21
31
76
39
2
40
23
38
26
79
29
4
40
35
16
41
6
30
53
13
80
72
35
12
113
59
129
26
30
39
7
54
67
39
72
27
43
56
25
13
67
20
31
37
22
40
43
27
10
22
8
8
33
67
19
94
66
3
27
45
80
17
56
16
43
10
56
13
8
17
7
35
60
22
47
64
1
52
76
125
90
0
27
15
48
12
6
8
42
63
16
51
1
6
27
17
31
23
26
0
26
68
103
62
36
3
73
57
22
16
12
6
30
71
25
33
13
53
43
19
58
31
66
53
61
19
83
6
109
53
16
30
28
64
0
21
20
24
13
9
27
31
41
24
18
144
7
36
87
32
7
108
4
18
58
12
18
33
51
13
58
36
47
54
13
47
3
17
9
63
22
127
69
14
27
47
7
11
51
62
65
46
17
47
97
7
0
6
7
66
15
56
59
63
68
65
7
29
79
29
57
24
14
74
32
74
90
48
62
71
46
13
39
51
54
35
24
32
19
18
26
80
72
47
3
72
125
4
74
84
41
27
57
19
32
2
18
50
47
43
58
2
59
67
51
32
26
17
69
30
15
21
11
95
10
49
45
1
49
16
31
8
58
2
57
8
14
43
37
53
28
61
16
2
53
57
38
14
86
111
59
4
29
64
21
52
37
87
54
59
40
24
37
33
16
8
81
2
6
65
11
19
94
32
12
15
22
69
30
37
65
2
75
91
2
39
37
1
53
45
28
47
29
57
57
2
53
79
149
46
37
9
4
14
36
35
65
53
32
7
18
55
53
45
15
31
6
39
5
27
53
3
9
9
68
50
25
32
28
35
7
7
12
19
62
32
45
65
122
4
10
15
40
10
11
6
31
54
5
14
8
44
24
17
40
72
0
62
14
53
9
48
152
15
20
26
2
37
49
61
16
63
18
16
34
50
56
78
61
4
1
34
42
42
30
2
75
4
61
85
33
43
6
22
44
23
10
27
30
22
81
21
40
3
66
11
36
28
56
77
49
0
2
25
28
68
24
90
15
20
56
50
37
4
27
72
59
0
75
16
91
7
39
12
8
13
24
17
6
73
51
67
32
17
49
38
15
63
8
49
34
5
5
20
23
25
51
16
29
82
7
79
60
12
17
34
7
21
99
16
12
1
9
68
38
5
1
23
9
75
48
58
29
36
46
50
18
85
16
86
3
48
26
41
57
2
6
15
48
29
52
5
51
24
26
33
28
18
31
20
79
26
5
13
14
70
21
34
13
11
54
52
38
9
62
23
34
9
30
64
6
43
53
26
78
59
32
19
13
23
13
47
20
20
31
51
15
10
47
48
30
55
8
7
10
3
68
72
13
21
51
11
17
35
54
60
17
12
52
14
37
28
9
78
3
60
41
9
0
5
121
75
29
30
36
7
39
38
23
56
15
40
63
4
52
16
5
33
18
29
4
41
45
4
29
4
11
5
22
83
36
8
12
5
34
20
34
20
28
49
16
20
38
106
58
56
3
46
44
36
8
1
40
27
27
32
15
6
15
41
30
50
15
30
0
6
19
36
72
8
16
28
38
66
2
65
77
14
18
14
26
25
4
1
23
24
8
1
9
28
25
45
34
3
1
21
13
0
11
74
23
44
44
52
66
18
73
72
25
4
45
46
10
5
2
5
26
13
6
53
26
8
108
44
70
6
25
45
4
8
57
17
12
15
36
10
47
47
18
12
71
71
40
9
15
24
68
1
10
63
0
2
16
52
66
14
20
32
29
16
5
24
32
9
6
29
125
30
48
2
23
54
11
65
1
9
17
21
73
17
6
7
5
32
13
44
14
10
36
83
9
30
40
58
34
62
14
75
37
37
18
27
74
13
2
27
87
33
11
70
19
27
15
25
50
35
55
13
15
6
11
47
6
31
2
5
70
35
29
5
15
24
25
5
8
27
5
11
21
46
39
8
4
17
7
21
3
45
13
13
87
42
37
30
10
21
6
14
15
42
49
8
32
68
52
19
88
25
21
19
7
40
67
15
1
37
6
10
9
35
16
18
38
5
18
15
46
13
29
11
11
21
53
16
8
54
29
55
38
34
19
55
28
24
30
60
67
27
25
14
23
21
39
65
37
10
5
9
8
9
11
6
19
51
68
37
27
30
32
1
38
79
76
29
4
9
33
31
1
11
29
48
13
45
33
35
45
39
30
25
51
18
47
14
43
28
21
44
51
54
3
42
10
41
6
18
47
24
14
60
24
52
39
2
30
35
17
25
22
4
40
8
3
20
23
48
28
66
4
47
95
7
40
3
41
39
15
12
24
4
76
11
15
2
56
12
36
1
46
26
18
19
31
59
48
9
23
41
36
10
56
33
42
7
69
0
21
85
25
8
33
26
8
26
37
75
18
69
63
50
11
26
5
15
55
7
4
27
7
99
90
42
27
59
58
18
30
1
44
27
14
26
40
30
65
0
27
1
9
26
73
19
25
31
30
44
40
19
3
17
53
13
15
21
36
24
39
35
63
69
19
50
21
15
14
6
21
52
32
8
30
52
12
68
4
14
47
19
33
9
91
27
21
53
35
8
21
12
3
50
24
7
19
41
46
5
60
16
17
47
16
15
23
25
13
38
36
23
40
3
23
49
7
22
28
19
21
5
29
17
18
5
28
26
35
72
3
23
3
66
24
14
14
3
17
27
21
14
30
27
39
27
33
23
68
4
58
92
0
27
10
7
41
46
22
16
38
4
8
54
22
18
10
36
17
20
1
8
23
45
59
65
19
10
79
25
12
8
4
24
62
29
8
19
17
14
38
29
13
19
57
12
12
4
22
105
38
19
24
22
23
23
15
11
40
32
20
23
30
14
2
40
5
12
84
34
1
11
20
13
50
29
15
44
22
2
29
4
2
8
70
48
21
42
14
3
16
29
55
9
25
22
20
34
48
25
29
4
6
57
48
40
21
48
13
20
4
19
20
19
5
60
49
24
15
8
21
53
23
13
12
2
31
2
10
5
1
9
23
43
8
15
7
42
66
1
59
4
17
15
5
58
46
12
86
14
32
34
24
38
46
54
39
14
51
46
7
33
5
7
3
21
30
82
4
3
19
1
26
17
12
27
2
14
28
39
34
8
2
3
53
36
2
48
13
11
7
55
38
4
25
27
8
10
18
20
31
9
6
25
62
43
29
0
33
41
16
0
13
40
6
20
3
15
15
16
48
81
1
37
19
22
6
46
40
27
38
12
23
12
22
1
74
20
27
19
42
48
12
48
17
30
8
13
46
39
30
3
8
29
17
15
16
6
76
8
4
14
11
22
12
12
40
47
35
23
12
30
43
1
48
4
19
1
9
18
38
42
23
30
23
9
13
32
1
15
11
41
45
32
1
20
2
35
2
17
27
12
43
13
7
22
20
13
27
25
44
11
17
13
15
3
7
5
10
57
15
17
32
29
4
20
27
15
62
46
6
19
23
28
13
4
8
18
8
1
27
2
18
25
12
5
3
55
37
23
10
3
26
39
6
22
17
40
24
19
71
3
11
32
49
48
38
21
17
11
7
1
2
15
46
6
29
36
1
17
17
2
7
50
10
15
58
11
17
23
40
15
36
8
29
31
16
22
18
19
25
42
26
46
9
23
5
32
40
10
3
27
26
44
67
42
19
21
4
9
3
34
14
8
10
13
53
27
1
52
16
45
18
12
56
10
5
10
29
22
3
17
2
4
20
4
55
9
5
16
14
11
37
21
24
54
21
4
5
4
36
9
11
70
17
6
24
21
19
13
67
5
35
21
15
8
1
26
21
11
11
9
16
1
50
8
16
27
37
29
4
27
9
5
20
2
38
17
24
13
31
30
91
19
4
2
30
9
16
17
21
10
11
2
29
12
1
12
7
23
45
19
16
20
19
2
16
14
4
10
26
3
24
28
6
24
19
13
8
0
35
46
42
23
3
7
11
60
5
14
32
19
1
4
51
10
26
9
14
22
10
16
38
22
51
50
44
12
11
5
16
25
3
2
38
11
33
9
40
46
28
13
24
2
0
18
10
15
14
41
7
3
1
16
20
3
18
30
37
42
34
6
14
13
12
14
44
27
16
20
50
5
6
9
3
42
15
18
17
8
3
58
24
20
20
12
10
30
3
8
35
22
0
17
17
31
4
0
27
5
40
25
9
24
1
7
59
11
29
29
22
34
13
4
4
8
15
28
9
3
12
21
10
28
5
23
3
12
24
13
6
2
46
34
15
15
2
7
24
18
38
5
5
13
21
30
11
1
2
42
18
9
14
21
10
40
5
15
31
22
2
21
16
19
19
23
31
18
2
12
1
28
22
3
6
47
21
10
15
17
41
27
24
3
25
7
30
29
13
20
3
18
51
6
14
12
11
13
13
9
24
24
3
9
51
24
20
21
6
30
10
2
3
0
16
17
31
17
15
16
18
10
3
19
2
1
16
24
5
14
19
21
3
17
2
18
2
9
10
19
13
4
9
1
25
28
14
17
20
22
22
12
36
34
27
10
16
16
20
41
3
4
13
3
15
18
5
43
1
17
12
17
13
18
12
19
6
11
14
34
4
7
17
4
13
15
13
25
27
25
12
10
2
13
11
18
14
8
14
23
18
16
1
8
11
14
17
11
3
11
26
5
22
9
7
14
15
16
7
12
4
13
14
30
15
25
14
7
4
3
9
3
15
9
1
13
6
11
0
12
23
10
14
24
7
5
9
7
11
17
1
1
6
8
5
10
9
14
17
3
22
0
22
22
15
21
15
10
2
9
7
25
31
25
10
8
12
3
10
23
5
12
10
9
4
12
15
9
12
4
4
8
14
4
7
1
12
3
9
11
5
4
11
1
0
8
16
6
12
8
23
4
0
4
15
15
11
2
0
8
17
2
3
6
0
1
6
11
7
5
2
17
4
18
3
4
14
3
0
4
8
4
1
6
12
14
6
0
14
8
1
7
9
7
1
5
9
4
13
4
2
11
5
3
10
7
24
1
7
2
14
6
8
1
1
10
6
3
9
10
17
5
2
2
14
13
7
1
10
3
3
5
9
9
7
5
3
4
10
23
9
4
8
3
9
2
0
13
4
0
3
5
3
2
1
5
2
1
9
2
1
2
8
11
2
6
0
6
7
5
5
3
7
4
2
0
0
1
4
10
0
3
1
2
3
0
0
5
0
