26
16
39
17
3
14
17
27
50
7
46
8
24
30
19
65
16
72
45
51
25
16
65
14
130
46
26
40
50
37
18
23
7
5
5
5
60
6
11
25
52
19
89
5
17
32
49
41
27
11
35
33
83
31
46
44
21
15
8
52
23
43
43
34
75
100
55
43
8
52
45
47
68
21
124
59
37
34
32
69
66
126
68
25
98
13
18
70
53
42
132
34
22
18
1
18
52
61
42
91
3
27
4
86
42
32
47
92
14
29
55
9
27
31
35
53
43
46
59
43
3
105
31
43
43
4
77
74
11
41
42
75
61
17
33
28
71
10
83
40
107
16
102
11
93
91
58
48
3
0
91
8
150
62
64
46
57
3
39
17
62
43
6
18
34
114
8
36
85
47
46
81
52
51
66
71
90
6
11
27
85
99
9
18
7
17
81
2
100
63
39
14
8
26
125
87
99
21
34
30
14
53
55
87
56
29
28
112
28
9
48
61
51
25
44
32
22
81
10
4
56
40
9
48
12
37
25
94
32
151
64
84
40
6
38
0
124
26
23
58
9
8
55
107
85
35
37
28
120
75
24
40
37
19
37
153
61
48
78
33
27
83
33
8
44
26
72
19
2
72
114
147
57
3
88
39
20
63
48
51
38
36
32
29
26
16
30
67
42
10
21
14
13
72
1
15
50
12
143
24
35
5
23
59
31
9
28
56
23
28
39
5
48
30
61
5
37
58
61
62
22
53
44
23
54
13
101
15
53
66
48
63
25
90
95
96
35
87
3
11
40
60
56
21
45
89
42
29
56
64
82
13
45
120
85
32
5
25
40
55
2
12
29
24
38
11
14
107
62
38
13
38
0
26
51
9
5
0
65
26
78
36
3
17
12
55
127
66
75
3
31
65
6
25
86
103
22
54
49
116
7
11
51
81
60
9
45
48
62
28
48
78
84
86
3
92
17
62
26
135
18
10
66
13
95
52
10
82
58
26
26
62
59
89
28
25
32
17
44
42
34
35
23
83
29
8
45
58
15
146
15
14
114
105
1
79
124
51
91
42
80
39
35
35
46
39
57
12
67
12
43
4
71
27
79
85
23
8
46
29
64
6
56
19
22
31
34
71
36
6
24
43
76
44
43
2
73
38
74
22
105
41
74
33
82
57
26
6
26
24
67
16
37
42
33
12
26
23
73
61
5
41
9
69
83
25
3
2
29
50
19
89
13
5
103
46
104
66
16
135
75
32
35
13
57
68
7
65
21
0
3
58
45
42
50
38
96
33
97
28
64
2
90
0
4
93
88
76
175
6
8
85
3
68
13
54
87
85
55
6
27
69
28
90
8
136
58
62
40
7
32
29
4
79
48
30
22
52
110
58
27
20
18
136
71
42
4
24
26
58
38
72
30
14
28
55
46
61
11
30
102
10
105
37
60
37
2
75
10
41
49
7
42
35
26
16
110
62
44
90
73
86
36
13
50
45
48
25
2
32
85
29
26
34
10
40
29
9
74
43
15
50
30
72
56
4
20
53
11
118
31
35
61
0
17
4
43
106
193
20
23
58
52
19
57
4
17
33
4
124
109
63
4
69
61
17
10
32
1
23
47
12
2
135
143
0
29
63
55
52
23
11
19
47
89
8
12
41
13
91
85
45
67
31
28
48
88
12
8
45
7
57
33
23
12
29
22
52
27
90
55
41
56
108
63
32
21
13
11
48
66
30
4
8
86
45
18
35
31
19
166
44
32
39
74
49
59
30
56
17
34
12
39
103
56
18
36
53
13
33
16
38
12
1
12
35
86
17
9
54
150
61
49
85
45
33
95
47
35
61
50
7
104
94
78
32
53
38
60
67
1
19
36
10
47
29
49
61
0
131
76
36
16
55
44
24
6
76
41
60
118
32
17
2
32
13
17
11
45
32
9
13
78
9
13
6
80
5
96
98
84
43
61
68
35
80
1
27
21
88
33
5
38
44
2
86
52
21
65
79
11
84
44
57
52
48
44
8
19
46
16
51
10
27
13
10
35
44
13
53
8
74
42
29
24
44
9
93
9
47
26
10
20
13
13
24
50
4
13
36
27
84
49
48
83
12
19
96
19
42
1
67
55
36
1
0
87
27
43
51
45
7
55
21
32
6
29
23
14
52
26
127
54
11
58
9
34
90
70
14
19
4
116
67
50
132
6
45
16
44
52
3
9
105
91
17
62
58
81
14
44
60
9
19
51
111
17
97
8
6
4
13
54
58
53
21
56
53
1
12
63
6
86
9
16
24
34
52
36
64
32
32
87
6
26
88
54
12
29
52
6
18
38
11
88
57
1
22
51
28
22
16
30
58
53
52
30
53
29
86
64
37
60
10
87
98
9
113
52
27
13
77
25
24
55
9
11
9
32
10
29
22
81
19
66
44
66
21
57
19
3
1
66
33
18
43
0
59
4
13
36
61
72
22
9
8
40
34
71
33
11
114
4
27
16
94
18
39
66
10
78
21
2
19
116
146
52
28
91
36
98
26
21
43
38
29
59
106
55
3
61
27
15
65
113
31
93
10
30
24
14
9
15
12
50
34
65
49
57
109
28
28
74
3
105
16
14
11
17
0
48
40
40
48
35
4
14
96
95
8
65
125
63
59
40
7
29
73
127
29
84
8
58
1
57
71
22
6
2
57
61
43
21
75
80
50
45
13
38
10
2
138
42
14
67
8
15
63
13
76
85
39
52
39
12
1
3
21
69
0
35
20
46
20
38
17
109
85
8
112
32
59
100
10
33
68
74
27
11
2
38
50
77
50
44
2
54
22
20
27
5
131
37
88
97
49
15
30
34
28
8
45
20
14
49
20
66
55
50
21
2
36
85
45
61
17
20
66
46
46
4
26
63
18
52
5
34
27
2
41
43
9
25
11
41
25
36
2
32
38
43
5
106
99
25
11
9
13
31
19
74
30
135
37
107
40
45
53
33
106
22
13
36
1
9
2
43
61
32
75
91
20
43
77
3
47
7
25
43
46
19
14
2
17
22
76
0
46
45
5
35
42
51
5
55
82
17
49
14
4
13
20
60
21
15
34
35
75
29
62
9
33
32
27
48
19
19
39
34
29
0
50
18
39
16
63
81
16
68
81
12
24
86
39
52
4
19
76
90
84
44
79
75
34
8
29
11
30
43
42
49
38
25
40
105
125
8
31
57
20
81
32
32
5
1
22
42
49
19
53
35
57
30
13
2
14
9
35
54
1
48
52
28
10
61
93
33
36
105
96
31
10
72
36
49
31
13
59
0
5
53
29
47
37
20
1
5
17
29
83
35
14
7
4
39
35
114
20
26
12
25
46
37
21
60
31
8
25
26
85
3
19
10
34
20
12
32
29
65
30
153
21
34
75
20
42
12
77
94
22
37
77
16
34
56
55
35
7
139
21
38
22
7
28
83
18
6
77
38
66
2
102
15
68
1
35
13
41
3
4
6
97
12
34
132
20
16
21
14
81
34
38
36
74
51
31
57
46
20
61
6
122
13
16
24
10
37
108
62
41
22
0
61
36
71
38
75
14
27
17
18
9
13
38
3
46
47
14
33
9
38
33
31
85
46
42
3
40
77
18
52
76
10
8
40
38
3
0
0
59
11
17
29
54
105
18
34
41
131
2
78
65
16
27
26
0
12
42
8
29
42
71
39
6
33
58
71
53
21
21
58
19
47
21
26
20
14
67
7
51
31
19
59
10
67
24
85
9
125
5
16
26
50
28
24
31
107
48
16
37
12
20
43
15
58
33
31
30
86
17
15
7
27
11
15
43
30
12
4
8
44
89
36
30
32
72
23
19
46
3
53
21
87
30
36
39
19
58
82
19
5
56
45
12
41
23
64
10
102
105
10
22
37
7
37
25
29
4
26
42
44
70
30
19
31
77
82
74
7
71
46
7
30
26
22
25
91
34
47
12
16
14
6
44
23
13
25
25
129
33
20
52
28
20
22
30
2
31
15
6
79
75
48
6
43
25
23
26
8
64
25
49
13
80
75
48
47
14
21
59
10
31
23
4
7
84
55
42
4
43
19
38
18
24
28
116
5
78
20
50
4
43
33
78
80
97
67
27
22
4
50
43
4
77
43
58
122
36
12
7
52
27
18
8
30
50
38
6
64
17
93
36
26
41
14
4
43
27
8
11
48
24
1
57
81
89
66
10
13
49
7
54
3
21
32
4
51
17
6
34
17
78
11
72
2
25
24
39
41
96
50
52
25
18
19
5
31
1
60
9
72
22
48
30
50
87
75
9
13
81
18
13
23
37
29
13
9
28
10
2
4
25
78
11
80
52
39
77
29
1
63
26
64
16
8
72
20
12
21
53
3
58
16
37
73
46
32
48
125
65
44
32
1
20
40
40
30
6
36
46
16
2
45
107
26
18
76
48
77
17
61
2
10
3
86
41
35
102
35
19
5
55
79
16
24
57
24
47
33
41
16
79
5
19
49
58
100
6
51
60
64
28
22
30
4
18
29
21
19
38
9
11
51
9
53
20
20
49
51
55
54
19
41
7
47
33
24
88
5
45
8
49
34
24
70
17
30
2
1
44
61
39
43
23
8
19
68
22
17
13
39
68
38
29
8
14
45
81
74
36
39
44
51
62
36
9
53
23
35
81
23
39
55
88
9
14
31
1
52
13
13
13
25
23
15
30
37
39
37
48
48
0
22
35
10
8
28
18
24
7
47
84
24
25
29
12
79
14
22
2
6
25
42
4
36
17
75
58
56
1
48
74
42
21
65
16
53
51
6
75
36
54
33
0
26
0
32
45
25
8
23
31
38
25
4
57
35
5
23
52
59
45
64
4
8
46
63
55
77
17
31
23
4
43
21
25
10
0
4
33
28
62
68
29
66
35
6
22
47
15
68
5
29
4
118
34
61
14
30
8
45
1
8
48
25
41
37
11
95
45
54
13
29
19
10
10
43
30
25
53
53
8
10
24
44
26
71
28
12
20
48
6
8
16
22
5
29
9
60
52
14
38
27
87
0
96
21
78
31
24
48
15
89
55
27
22
46
52
19
2
2
2
35
89
50
18
9
0
3
37
24
40
58
51
66
64
62
43
40
6
14
43
33
25
2
13
6
30
17
56
41
39
16
40
71
38
60
2
9
30
1
36
75
7
7
18
82
52
8
25
122
1
54
9
19
11
46
45
30
37
38
31
14
8
18
50
78
6
36
2
108
38
18
4
30
41
1
58
96
79
6
67
42
48
28
68
19
24
19
54
3
38
8
60
50
66
28
34
3
27
8
1
2
20
44
50
8
39
33
52
19
17
26
54
23
49
18
43
1
10
18
84
23
35
43
38
22
53
10
30
0
66
35
85
17
38
4
26
1
1
37
87
34
40
8
63
57
10
36
54
27
22
37
33
4
24
56
28
32
35
77
72
35
39
5
3
30
28
4
19
20
15
32
67
67
42
55
36
29
11
92
71
1
4
40
24
4
12
66
64
16
2
4
10
23
35
15
32
56
16
31
72
46
3
60
46
59
0
38
43
0
21
23
60
2
9
18
61
50
94
29
67
12
39
38
112
18
6
89
30
29
5
64
37
71
4
10
45
3
38
5
56
53
20
9
111
41
65
36
17
30
31
30
4
92
1
42
18
32
41
5
44
1
64
45
15
50
41
54
40
49
106
52
36
49
28
20
19
32
27
37
19
24
2
7
45
3
11
31
15
77
42
59
35
8
57
28
30
29
35
58
18
40
1
77
44
46
32
29
36
25
4
20
12
0
23
9
15
23
25
17
3
41
15
31
73
60
37
9
101
18
11
22
41
21
9
65
8
19
40
19
42
45
27
25
34
91
5
57
5
19
81
64
31
22
19
48
32
52
49
42
39
50
10
21
15
4
20
29
19
61
58
1
4
54
10
41
54
28
28
14
12
24
34
16
51
53
6
42
46
47
32
0
31
1
12
55
19
31
20
2
11
2
70
42
30
1
18
9
69
3
39
1
8
1
23
20
9
38
81
29
68
44
57
64
18
29
7
25
17
21
56
32
44
1
9
12
76
24
50
58
40
1
25
22
86
24
15
12
12
26
34
2
18
21
42
14
54
1
26
11
14
32
1
16
2
25
14
3
16
52
3
10
46
14
35
10
70
22
39
22
17
37
24
52
1
44
18
4
32
13
24
40
21
16
4
33
1
7
79
21
46
7
8
54
15
125
15
0
26
43
10
21
19
47
2
43
5
2
49
11
25
30
19
68
17
20
1
72
43
37
10
55
17
63
21
17
53
6
5
22
57
12
41
5
10
27
40
24
35
100
4
4
29
29
29
16
36
41
21
31
1
3
25
26
4
17
18
18
62
35
26
27
2
51
8
39
29
4
2
29
67
36
20
33
24
24
60
19
46
42
10
22
54
25
7
38
19
21
14
36
35
16
37
36
28
49
14
30
14
17
51
36
18
3
3
16
35
24
20
5
1
12
40
35
4
12
2
24
17
51
36
8
48
31
18
22
62
24
4
3
25
36
2
28
44
29
21
20
19
30
55
41
12
43
2
14
18
64
51
16
14
18
22
75
16
27
13
49
31
41
3
5
49
5
39
10
21
35
41
29
38
47
43
28
68
15
47
15
5
8
36
1
32
7
27
32
42
12
11
31
4
6
4
10
22
27
27
43
35
51
5
56
9
56
23
9
7
0
26
7
30
19
51
35
2
3
1
10
20
13
44
9
43
74
30
29
35
17
31
22
13
45
35
12
21
13
1
8
14
94
25
22
14
15
60
1
42
2
31
13
46
18
35
22
16
44
17
4
32
25
19
32
13
38
59
5
8
14
30
46
2
40
25
24
28
19
5
22
14
25
49
29
56
6
39
25
20
19
7
3
28
14
28
9
33
24
14
24
13
13
17
30
3
86
18
43
28
39
71
25
16
0
30
15
53
29
0
56
27
10
55
33
21
16
11
22
12
22
10
23
20
28
52
33
19
18
15
16
35
31
1
23
6
1
12
5
1
12
26
8
34
5
54
5
1
24
19
1
35
35
3
29
38
5
32
5
61
17
31
7
45
7
15
13
9
4
11
40
7
29
50
38
21
58
40
16
53
25
1
21
44
37
11
16
11
17
30
8
13
38
8
35
0
3
24
17
11
37
25
37
32
32
14
12
62
24
9
44
0
48
38
0
44
8
5
9
13
18
14
44
7
11
73
26
40
6
32
3
41
26
2
5
14
2
15
19
16
0
51
9
4
26
4
15
26
24
1
35
39
15
20
29
9
26
9
4
62
10
17
19
24
36
12
2
8
11
6
14
0
54
45
3
3
34
32
4
21
4
0
27
37
18
19
57
18
34
0
24
4
9
41
12
7
20
41
13
13
7
36
6
62
24
11
9
15
56
8
7
26
3
19
14
16
25
7
25
6
1
4
1
35
5
14
32
27
21
23
25
26
26
13
17
8
23
7
29
28
7
0
7
12
27
23
60
7
42
5
54
41
40
70
6
14
18
11
19
11
33
0
17
63
20
22
4
46
38
37
14
16
3
20
14
3
33
41
29
16
40
18
14
33
3
43
39
8
19
19
34
24
30
1
21
19
3
12
40
9
28
28
5
37
38
23
21
49
32
20
9
25
27
11
34
56
6
13
27
15
5
14
11
25
19
22
17
11
19
12
2
19
7
19
33
18
12
30
13
13
8
20
12
17
13
1
9
47
65
31
24
30
15
20
44
24
7
13
7
2
3
11
49
14
2
7
14
14
1
7
8
26
6
14
38
29
5
43
11
6
26
2
10
14
50
21
1
32
12
14
6
9
6
5
23
9
5
7
30
27
13
7
5
40
10
4
35
17
3
6
11
30
17
21
11
3
15
10
5
27
19
19
29
14
28
30
5
18
5
15
25
9
4
23
6
3
2
14
13
16
22
22
17
58
30
23
12
3
18
16
34
31
36
31
6
18
5
24
19
24
30
1
10
22
22
21
9
3
11
17
23
2
24
26
21
7
2
3
2
26
3
17
28
9
2
18
9
2
17
40
0
40
17
19
38
24
5
27
2
9
31
14
4
6
8
9
28
5
17
1
16
11
11
15
39
11
24
4
2
4
21
12
2
12
17
13
15
14
12
16
27
2
9
39
3
18
18
26
6
29
2
2
13
13
17
12
14
20
12
0
2
37
34
16
7
9
24
24
7
15
7
11
8
41
19
7
31
1
28
21
14
28
4
15
16
16
5
14
3
14
25
4
21
1
5
12
22
10
5
11
4
8
38
8
5
5
14
27
16
12
5
4
24
10
6
9
5
15
13
14
1
3
15
9
3
53
38
37
7
25
14
17
4
10
7
6
10
7
8
14
17
19
8
26
5
33
5
11
3
11
4
5
1
27
13
13
1
2
11
2
21
17
22
24
12
9
16
13
2
3
2
5
3
10
27
17
3
12
15
19
18
10
1
8
18
8
7
13
1
3
5
27
17
8
4
2
8
2
1
1
4
11
9
4
11
14
1
4
14
23
13
5
12
18
8
5
20
15
8
27
12
8
3
4
5
2
30
9
22
4
2
17
3
9
11
14
16
3
11
14
1
1
25
6
14
6
16
3
10
1
6
1
13
6
10
12
5
1
2
6
1
18
13
5
7
11
0
0
13
4
0
2
10
5
11
1
4
3
5
8
9
0
2
6
5
1
4
9
5
12
0
5
7
5
3
4
2
2
4
7
3
1
4
1
1
2
13
5
2
12
7
3
5
4
10
5
2
6
5
3
3
1
7
5
6
1
0
0
1
4
0
6
1
1
2
0
2
3
2
0
3
0
