18
36
7
18
32
49
73
45
58
54
12
22
5
7
70
19
0
48
76
14
20
6
49
81
50
18
19
19
4
27
9
70
20
3
53
0
11
11
31
52
2
27
69
19
76
17
40
100
7
93
64
50
24
72
51
26
3
95
39
33
42
11
2
19
14
8
26
29
40
23
9
93
30
60
48
102
45
66
78
24
26
45
35
34
17
45
6
108
56
38
80
36
133
42
57
49
21
44
1
67
33
102
12
35
120
24
1
50
5
70
0
12
60
110
34
21
43
89
1
96
20
28
22
105
66
112
28
1
42
62
1
147
52
90
19
71
21
72
22
15
60
115
86
77
49
47
16
104
63
17
47
30
2
15
76
46
76
75
23
49
9
20
39
74
52
95
78
51
164
32
93
18
99
85
16
15
18
5
85
70
51
32
9
156
81
102
53
69
73
22
44
36
15
50
60
41
38
47
15
34
81
15
97
25
8
67
44
19
97
78
11
11
89
68
21
56
17
112
17
39
46
27
69
37
12
25
26
62
57
42
151
16
3
117
47
59
10
76
19
41
2
5
30
26
74
55
16
66
154
18
91
13
54
90
79
28
117
55
93
140
34
14
58
78
24
5
73
12
30
85
25
45
20
32
60
47
31
14
34
31
8
17
6
90
30
46
32
87
45
81
3
136
41
36
24
53
13
29
87
63
53
113
91
5
20
52
81
77
6
66
105
65
48
98
41
27
26
21
120
105
32
24
45
6
37
112
60
3
2
74
76
35
9
91
19
55
9
3
35
41
44
94
13
55
16
41
22
26
120
139
22
65
20
10
8
144
39
88
38
85
37
54
18
110
3
44
39
2
9
5
12
15
14
2
4
16
65
118
117
66
34
2
81
50
93
44
112
52
121
64
105
61
21
10
31
56
12
115
33
52
63
12
141
85
68
86
12
53
50
3
60
116
89
3
45
23
26
25
41
19
111
78
0
47
52
20
77
24
17
13
79
43
24
58
6
54
42
20
74
15
102
14
79
12
67
18
38
72
14
53
29
28
134
65
99
20
61
21
0
55
7
4
11
33
24
45
19
124
84
82
5
19
19
8
78
43
60
88
15
82
79
3
34
48
54
7
20
1
53
46
33
23
12
54
75
69
2
36
50
45
15
52
6
96
63
64
0
55
17
28
14
53
50
31
9
3
16
46
47
48
4
60
39
44
53
158
14
33
0
2
45
77
40
63
62
69
4
68
16
29
108
46
62
7
79
26
16
19
25
10
28
4
88
41
34
105
30
12
31
29
23
27
55
50
118
16
114
70
46
36
6
9
53
19
28
28
14
64
43
50
88
94
4
47
14
17
48
37
85
37
88
15
59
97
26
4
16
73
76
39
18
0
48
0
45
46
81
14
5
13
34
86
54
57
18
114
41
1
34
44
5
96
12
28
74
54
69
34
2
47
105
24
34
48
32
101
69
2
50
24
2
62
62
34
8
8
19
103
96
75
22
93
70
36
4
117
87
50
52
111
60
22
33
29
8
38
67
30
43
13
95
85
10
27
41
35
20
18
71
92
88
53
22
62
61
40
19
45
33
92
47
102
72
20
63
24
75
9
63
63
1
32
56
26
18
11
25
4
51
93
4
66
1
95
23
36
110
29
71
35
115
19
4
17
12
24
11
26
4
1
7
73
113
82
5
44
48
23
5
13
76
140
33
49
69
53
53
27
54
11
65
34
120
22
164
127
7
15
62
148
41
69
57
74
21
2
66
20
86
60
29
25
59
22
8
7
52
23
50
28
63
98
40
26
19
33
73
92
80
94
13
67
11
70
8
26
16
43
62
57
53
101
29
27
56
64
51
27
6
111
61
84
117
35
72
18
54
60
37
29
50
167
4
34
23
49
18
38
79
4
46
3
58
52
7
30
32
80
50
64
44
1
18
53
56
62
99
78
13
59
134
85
16
34
75
58
5
117
8
54
63
17
51
72
0
50
27
57
68
55
34
71
35
24
17
75
128
66
27
18
15
13
32
67
44
44
69
24
139
43
112
62
101
113
81
89
19
30
32
82
61
68
45
56
84
43
56
34
4
40
76
19
0
14
79
33
35
19
45
95
32
13
42
71
87
85
36
52
59
35
1
24
17
34
111
5
36
9
93
23
19
19
40
87
32
12
20
3
30
24
64
48
2
18
98
26
47
18
120
112
15
39
158
5
32
5
120
78
24
73
15
65
40
7
180
17
1
60
53
30
4
7
8
14
29
24
46
50
25
58
84
81
25
33
7
56
95
8
16
54
44
67
37
107
85
19
106
1
99
115
40
32
73
44
5
116
36
110
45
117
26
130
23
6
6
92
47
33
33
47
89
55
76
2
66
57
19
21
95
52
67
26
19
105
38
4
14
22
27
44
51
43
59
18
21
11
79
58
38
10
70
81
71
56
34
16
38
16
29
6
10
2
54
75
25
25
20
94
40
59
15
22
66
5
18
31
52
54
14
50
13
59
13
42
27
47
73
15
110
77
54
62
21
34
32
71
31
127
13
8
4
41
6
24
52
22
10
8
24
79
40
52
40
58
33
15
19
110
64
37
46
29
87
72
0
48
7
5
50
26
9
120
72
31
80
40
68
41
13
45
39
74
27
38
8
66
8
28
24
55
5
2
75
19
74
33
159
45
2
6
20
18
29
20
66
1
35
49
51
18
9
21
2
67
5
45
6
29
100
74
1
41
25
113
49
8
11
30
42
43
74
57
25
16
57
2
14
23
9
14
11
66
2
57
57
2
83
17
62
7
35
54
67
51
16
16
46
54
17
60
44
87
28
61
103
41
30
73
55
61
1
0
126
25
8
20
85
97
67
16
34
22
47
38
39
17
10
71
58
43
51
23
81
11
11
73
94
16
15
23
107
23
12
36
11
12
14
81
50
18
23
58
26
81
5
41
10
48
57
11
68
19
57
125
85
14
16
36
8
35
99
47
35
1
54
58
11
18
3
56
57
46
68
49
25
68
36
31
4
50
119
35
49
33
42
4
7
109
21
30
17
63
64
30
8
86
4
17
15
112
67
46
42
83
17
28
14
87
25
43
26
0
51
31
10
129
7
44
99
18
14
5
36
78
28
37
90
34
68
0
72
27
61
56
11
117
33
46
3
27
12
4
65
20
76
12
9
28
61
28
12
61
1
64
102
18
112
23
39
76
144
12
32
8
59
0
49
21
63
77
12
17
75
18
15
33
16
1
84
8
4
83
8
32
15
13
99
107
17
35
16
46
35
7
24
7
40
61
48
65
6
18
34
0
9
17
59
31
23
145
30
38
70
46
4
36
43
14
80
10
10
30
80
75
39
3
45
112
36
32
3
59
122
39
28
57
78
4
7
63
28
32
50
9
35
81
32
21
116
32
30
47
55
48
39
42
14
27
14
124
92
5
7
43
43
21
16
65
12
37
55
4
7
22
0
27
141
79
18
80
37
27
6
44
1
25
19
54
108
31
164
2
35
68
39
20
43
44
47
4
46
11
9
37
113
17
10
36
61
8
18
27
18
2
22
37
56
25
17
49
13
9
13
25
38
18
13
74
15
22
7
71
38
57
76
54
59
5
81
24
29
22
92
61
106
27
15
63
12
28
93
79
53
27
70
39
0
60
39
103
14
12
38
2
48
63
1
17
77
5
12
16
55
45
19
18
11
14
37
50
58
72
21
95
2
11
3
26
35
55
2
54
19
71
13
24
14
47
27
21
33
114
36
3
24
10
7
39
29
4
63
0
112
36
29
44
31
42
77
85
73
35
78
19
35
44
19
44
28
3
33
43
101
25
18
59
34
2
65
16
45
19
33
103
30
4
26
45
46
37
60
12
15
55
34
61
18
9
35
10
75
66
33
6
68
7
26
10
29
44
81
14
63
46
8
44
10
5
56
33
38
55
14
16
56
69
1
17
9
74
29
39
55
29
18
22
24
87
17
2
17
36
38
19
24
5
53
18
57
68
24
6
76
88
43
94
39
9
5
56
29
46
17
8
32
13
10
10
39
42
22
35
25
52
39
39
27
9
89
71
19
70
30
40
52
12
30
23
77
20
39
61
2
39
22
41
28
15
17
57
89
63
17
61
6
83
51
22
30
5
63
32
29
42
27
9
98
4
70
29
64
81
86
53
15
59
42
19
71
29
38
14
43
27
6
30
11
43
19
14
53
8
54
9
42
2
83
11
11
34
13
20
59
18
128
13
26
49
20
12
5
52
93
34
54
56
32
13
20
21
75
125
0
55
9
5
10
10
0
4
79
31
16
8
23
3
53
59
31
128
4
22
70
19
52
44
34
12
13
89
37
37
15
22
4
33
2
87
22
31
13
9
9
21
70
5
15
54
36
14
4
95
49
8
18
25
31
77
51
44
34
16
53
51
45
6
6
12
43
46
26
10
21
60
9
15
28
2
16
9
15
46
29
25
16
11
23
51
22
31
55
18
6
23
1
49
74
41
32
142
54
22
20
7
20
13
29
29
46
8
11
17
60
0
105
22
27
49
14
10
8
61
108
16
133
34
35
43
22
5
10
46
11
35
14
70
29
5
81
98
35
15
11
12
5
64
0
50
0
31
0
27
29
31
33
30
25
7
7
51
60
2
35
7
52
8
22
57
7
30
18
52
23
61
34
36
35
28
76
17
31
32
20
11
12
38
3
18
12
32
10
66
63
13
15
123
24
61
14
32
33
33
16
35
96
88
23
16
49
0
36
36
50
99
28
2
12
57
60
32
22
50
18
30
79
115
20
4
3
28
5
40
44
9
31
60
10
77
64
16
14
34
52
24
38
4
59
11
34
64
13
53
20
25
6
9
19
42
31
67
45
9
48
59
22
94
9
2
17
13
61
15
9
41
18
54
42
18
35
34
55
55
54
23
45
85
15
42
16
35
13
7
13
34
21
45
74
37
58
115
57
66
41
14
38
77
38
69
12
57
16
20
63
24
17
2
63
33
7
47
36
77
40
26
55
36
68
22
68
16
28
3
67
12
54
3
27
54
19
23
11
18
50
43
3
116
13
62
9
21
4
63
65
28
18
25
1
33
68
73
19
34
18
0
16
58
20
7
17
15
5
0
4
4
15
70
61
45
52
14
34
19
81
40
31
89
7
0
14
60
2
7
25
33
59
64
17
6
1
19
58
37
24
33
21
92
25
55
29
7
31
39
18
75
34
107
39
44
19
12
1
3
18
45
12
47
25
2
7
9
87
54
33
25
31
10
8
6
42
31
9
32
91
12
23
17
0
45
41
38
8
21
44
25
74
44
23
34
27
7
38
34
52
3
17
2
24
26
34
12
55
6
67
3
68
1
25
17
40
23
20
20
6
15
45
53
20
39
17
25
6
17
67
10
55
73
15
35
27
13
45
30
9
49
5
36
20
18
40
53
31
1
92
3
10
6
41
39
57
28
80
21
32
37
10
11
25
14
4
32
23
47
3
10
24
33
21
36
56
9
13
47
7
21
2
10
26
22
49
49
38
57
16
58
51
22
96
40
32
8
5
41
61
9
73
51
13
30
27
3
51
47
38
27
5
55
66
27
35
2
11
18
23
12
10
12
46
83
23
46
7
55
40
8
48
2
33
17
29
25
13
61
45
32
60
66
25
31
19
34
26
4
0
49
22
8
20
43
32
31
50
7
13
56
14
8
76
45
25
49
59
2
12
18
7
29
93
36
12
37
63
89
21
7
25
10
24
13
37
21
71
3
35
33
45
28
42
18
3
47
41
29
47
23
1
2
69
22
29
19
12
24
59
55
26
45
20
68
12
2
2
25
29
29
12
75
15
19
63
26
4
75
13
34
16
1
82
2
23
15
33
8
15
32
10
39
15
39
44
46
33
51
4
25
51
67
67
34
19
62
6
10
2
61
19
28
4
9
26
49
23
39
39
34
89
40
44
3
37
9
22
68
30
25
25
65
33
57
7
14
33
36
24
21
2
1
82
17
50
34
78
24
4
59
23
35
42
50
18
12
39
9
30
56
2
16
34
37
42
15
16
12
6
56
34
6
35
28
23
1
40
8
24
19
55
41
73
13
53
49
51
6
10
21
42
29
17
16
52
12
26
61
65
32
41
12
28
3
1
54
17
61
61
81
47
24
16
14
15
27
55
43
7
45
3
108
38
9
6
8
54
45
28
44
19
23
36
39
42
39
21
12
1
30
49
6
3
2
23
50
53
6
20
90
10
20
26
6
2
18
25
52
60
8
24
14
14
34
21
86
23
4
15
50
37
47
17
62
62
80
40
29
16
44
2
12
30
6
31
18
18
1
6
8
24
1
25
6
56
3
14
35
16
51
30
36
63
4
18
4
51
6
31
77
60
0
13
13
53
13
27
26
8
18
12
18
14
17
8
5
5
2
74
24
3
12
46
9
26
27
5
12
58
19
27
45
61
99
1
35
2
48
2
36
71
18
21
39
7
14
22
21
30
2
6
20
20
19
24
12
10
32
30
60
2
17
21
3
13
4
36
3
19
12
9
10
48
18
32
2
21
30
14
26
20
39
1
13
17
32
15
46
9
21
52
3
44
13
29
9
26
3
17
41
5
17
6
49
39
7
4
33
51
5
27
23
22
15
21
15
74
6
15
20
72
32
44
22
15
38
53
16
4
39
19
5
2
2
17
33
5
28
22
10
27
23
26
3
6
63
4
19
54
5
29
10
34
26
6
7
24
34
18
15
60
60
84
2
8
23
15
12
24
11
27
0
13
9
18
6
62
21
27
15
23
33
1
16
59
8
30
3
48
25
20
4
3
18
15
11
20
10
5
7
52
54
10
40
16
1
20
70
16
6
21
26
32
61
5
2
14
72
0
19
30
20
20
91
9
3
48
10
17
46
19
58
3
5
21
5
5
14
43
12
44
10
8
4
24
26
8
22
41
56
6
52
9
44
26
6
46
23
10
30
17
68
11
3
6
20
34
10
15
30
17
20
10
6
0
52
44
61
24
20
15
71
20
39
12
27
17
45
19
4
10
19
23
8
11
3
67
44
34
23
53
38
43
15
42
7
27
41
18
34
4
27
1
32
42
27
30
51
26
5
4
25
12
4
33
0
32
12
39
1
11
18
15
27
13
5
13
11
43
61
32
35
19
7
15
24
15
21
39
26
17
9
52
49
18
11
38
34
9
23
29
14
0
15
13
11
31
23
31
11
61
25
44
47
18
5
21
34
2
2
41
13
46
1
13
34
3
8
0
41
9
27
19
19
29
20
3
3
9
22
24
2
45
2
2
46
27
2
22
14
25
22
38
1
3
51
11
24
10
46
9
42
42
39
14
28
28
14
9
13
40
23
39
43
51
7
11
7
53
1
16
11
39
53
18
39
21
4
32
13
23
12
24
16
37
43
8
74
3
49
3
39
44
8
26
7
2
6
34
38
11
4
40
24
28
15
26
26
21
4
27
12
37
26
5
7
27
52
16
7
2
17
3
26
11
11
9
28
12
8
0
5
18
26
11
34
8
22
30
2
1
1
42
39
20
22
11
9
11
18
3
49
10
19
27
18
9
3
33
13
0
39
4
0
10
28
22
9
51
30
23
69
5
8
3
33
3
17
3
23
5
57
15
41
3
24
8
23
27
18
14
19
4
2
42
6
48
13
16
2
20
19
4
24
46
25
14
22
2
18
7
7
22
62
43
9
9
34
48
33
19
22
10
18
1
16
16
43
53
33
35
18
21
0
1
19
24
9
21
18
4
21
4
2
19
1
10
25
3
33
16
7
20
14
7
22
30
19
5
10
12
9
1
23
14
3
26
5
12
19
15
14
35
14
3
44
0
49
0
7
14
2
13
1
27
25
4
10
12
19
21
8
18
1
21
20
25
26
5
9
25
3
17
29
30
35
23
9
6
8
17
28
23
4
18
5
33
53
39
13
7
16
31
5
10
30
5
11
30
4
24
24
9
2
1
23
14
15
20
52
4
7
5
16
17
8
17
22
18
12
6
27
1
11
9
3
25
56
2
5
10
18
0
4
35
6
4
6
6
19
26
25
26
8
41
12
4
9
1
8
44
23
4
19
16
3
3
21
5
9
16
5
38
16
3
17
23
13
6
24
15
12
5
0
10
3
5
0
7
11
17
16
6
8
14
39
7
18
4
15
4
11
22
13
5
0
11
20
7
14
40
0
20
16
2
15
27
19
10
6
12
15
4
22
2
15
8
14
20
23
17
11
1
31
0
24
5
18
24
19
47
12
5
2
14
9
11
3
3
16
13
21
2
36
1
11
18
36
30
20
11
12
18
8
4
1
11
9
13
26
1
25
5
8
9
18
2
21
8
14
20
6
3
22
12
15
4
6
4
10
16
4
2
23
7
4
7
15
26
24
10
4
8
6
6
16
22
21
23
25
5
6
2
6
6
9
12
18
11
6
9
16
5
21
4
0
0
11
1
8
1
8
6
15
12
5
11
1
5
9
4
8
10
8
8
3
5
14
6
9
9
2
6
11
6
16
19
19
8
3
5
3
5
2
1
12
1
3
2
2
8
26
1
4
0
4
2
9
7
10
8
1
8
4
9
4
6
8
4
7
7
3
8
4
8
3
1
24
8
5
1
10
11
2
10
3
3
12
8
7
3
3
4
14
13
0
3
0
5
9
11
9
2
1
14
9
5
9
26
3
6
4
0
11
3
10
5
8
6
13
12
7
9
1
14
0
3
10
2
4
4
9
13
20
5
8
0
17
3
6
2
2
1
3
7
4
7
3
1
7
5
3
4
9
2
6
1
4
6
6
2
2
8
0
3
5
0
5
0
11
1
2
2
2
0
0
