46
13
25
47
1
3
10
36
12
72
34
62
45
8
14
0
9
30
73
142
17
90
16
37
14
2
8
13
56
78
34
22
15
92
33
36
7
39
65
3
65
17
136
15
21
33
148
35
18
47
12
3
36
50
5
43
14
11
33
49
51
66
51
53
60
2
21
29
17
23
52
43
48
59
50
10
17
24
40
40
38
82
95
6
42
166
133
19
14
20
34
65
56
18
81
21
19
2
15
143
55
49
36
48
83
74
74
67
67
26
92
48
32
6
21
54
27
123
39
47
21
45
103
23
52
30
93
33
40
51
1
38
86
13
4
15
24
8
69
53
96
26
45
4
50
28
49
45
7
61
11
28
31
44
21
30
3
64
9
111
26
10
72
28
0
29
14
145
13
35
25
38
7
36
65
46
47
15
84
163
8
56
78
29
74
73
34
59
6
19
16
102
54
51
64
115
28
48
81
10
60
107
134
117
29
1
37
112
36
2
77
52
43
2
11
100
6
60
66
139
98
36
78
44
67
25
33
71
52
9
64
13
36
2
9
110
37
47
22
13
1
124
75
14
30
87
21
42
98
2
41
38
18
18
43
27
25
25
104
224
108
92
49
92
34
127
67
13
67
3
31
40
55
14
90
105
8
63
17
96
10
44
35
35
119
135
21
89
71
16
30
35
133
24
26
72
36
1
133
133
1
10
27
39
27
13
100
23
20
77
57
21
67
7
154
39
20
43
10
37
24
89
96
48
77
88
99
26
50
22
17
28
5
29
61
93
91
28
23
89
102
109
49
48
18
63
22
62
39
34
151
39
46
19
53
62
82
76
19
8
47
59
46
90
105
39
87
49
84
86
30
39
25
21
8
89
6
128
35
40
57
31
22
18
28
44
54
2
39
32
32
72
38
53
72
81
37
58
6
22
18
50
131
27
96
70
24
66
88
137
15
144
91
2
33
46
82
37
16
45
52
6
38
65
17
8
21
30
9
7
7
57
77
86
63
4
118
3
20
26
58
104
90
37
18
40
27
142
38
64
57
42
23
55
66
57
4
67
29
84
19
22
32
41
91
11
80
24
20
121
37
57
1
95
18
30
2
33
34
98
31
118
7
61
53
121
90
67
62
4
24
67
19
34
23
28
52
42
84
38
9
10
116
69
38
125
36
77
30
17
15
6
22
94
55
13
39
39
12
16
39
50
30
185
86
48
44
51
47
21
53
48
25
134
52
51
95
143
25
10
19
110
11
27
47
121
8
70
28
27
1
15
45
15
40
49
51
10
27
2
103
46
40
50
22
9
15
81
28
18
8
19
57
38
208
72
10
43
47
10
57
6
144
85
16
10
24
6
24
33
49
44
1
16
25
59
36
115
57
79
98
11
2
2
12
2
67
99
4
31
111
46
81
28
8
41
92
16
8
2
33
111
104
35
21
11
2
93
193
33
4
88
20
43
7
110
37
31
40
38
60
42
75
61
20
57
23
18
85
16
106
83
9
60
43
40
49
32
8
36
120
49
48
55
48
74
59
28
22
2
12
44
45
31
16
9
44
11
23
45
29
37
45
8
35
65
77
75
32
19
3
17
41
77
86
84
39
30
28
72
75
51
8
118
29
86
126
43
3
49
39
119
27
75
15
34
44
32
22
117
13
35
65
8
21
66
10
50
25
14
60
39
28
23
55
58
94
38
78
72
26
14
87
100
48
31
40
57
20
12
50
56
7
21
32
17
19
11
21
26
35
77
53
35
16
85
1
63
79
20
129
53
22
9
1
9
2
63
28
46
69
24
46
62
117
47
68
4
162
86
33
27
52
44
32
109
6
6
52
9
55
80
58
38
41
49
24
88
21
14
2
81
89
71
54
74
35
4
18
16
93
10
44
37
120
40
29
26
18
15
21
80
40
8
33
73
92
27
40
18
67
29
46
9
33
28
7
7
21
27
12
103
9
109
66
27
84
7
54
105
36
13
97
64
117
29
27
98
36
47
21
44
63
34
58
116
40
78
33
16
22
1
4
63
64
47
44
3
59
25
0
18
46
10
80
26
89
1
5
32
20
63
56
24
123
0
21
62
112
81
24
55
25
47
10
26
45
74
59
32
100
88
4
6
39
91
27
47
54
28
0
8
7
52
49
10
5
6
5
17
47
44
71
37
29
87
23
101
26
59
14
43
77
9
36
13
64
1
39
50
118
34
3
25
145
103
39
120
11
48
12
8
77
40
38
53
2
65
3
124
111
73
82
73
102
12
34
2
18
72
10
25
1
7
22
37
43
14
22
8
54
21
53
0
73
60
45
37
110
25
65
50
35
14
87
30
32
85
53
60
7
29
47
40
26
41
89
5
9
48
10
5
60
10
87
64
63
65
41
37
39
39
7
91
3
55
13
96
5
82
2
20
84
10
29
51
130
24
40
24
45
97
60
1
39
35
61
37
58
19
106
102
57
12
0
23
55
14
82
19
48
19
35
74
38
15
44
5
31
37
0
65
73
19
0
19
7
16
38
85
87
10
33
34
28
20
11
34
51
85
2
73
37
109
70
8
87
14
24
47
62
11
17
6
69
32
43
27
57
52
63
75
64
65
53
18
72
28
22
6
90
4
29
20
4
23
3
6
52
64
30
12
55
60
16
83
32
65
79
68
21
8
49
67
4
9
59
37
79
85
5
55
12
23
72
28
4
25
26
58
41
25
36
70
17
14
32
4
24
38
2
11
44
31
24
34
65
7
11
72
22
53
19
11
32
27
17
15
97
19
3
18
46
21
17
25
27
22
102
14
14
20
26
47
12
43
16
37
73
83
111
2
46
28
55
61
57
7
18
27
96
56
3
26
35
5
11
19
68
57
34
8
51
61
12
0
91
18
13
28
16
44
26
20
45
44
52
35
41
23
85
3
73
107
74
13
11
40
46
102
18
18
22
95
68
26
12
72
6
30
24
42
16
69
100
37
44
39
25
36
33
23
23
68
24
26
5
34
15
37
39
11
47
32
24
15
47
66
33
49
14
140
27
85
3
102
125
20
13
41
55
111
28
4
111
22
31
47
35
0
46
46
62
61
3
80
61
17
84
13
80
52
68
8
65
13
87
35
2
75
50
19
35
114
59
56
9
47
15
86
6
58
43
87
37
74
28
33
88
5
8
1
27
10
19
11
99
77
19
0
2
7
49
53
103
8
25
120
17
38
48
8
11
13
55
62
69
30
59
20
4
31
85
17
64
58
72
71
21
46
7
5
66
16
11
3
20
5
70
79
14
77
15
30
10
12
59
96
112
20
69
36
11
46
28
66
28
64
46
45
50
33
25
35
45
43
16
32
94
28
2
1
16
51
71
51
52
81
30
69
16
15
7
21
79
103
7
76
7
34
49
12
6
142
46
125
92
4
16
51
2
31
93
127
37
75
45
64
74
7
77
62
57
35
35
4
46
44
81
73
12
64
61
13
99
28
81
62
8
6
70
0
14
21
30
28
3
56
21
82
50
53
46
37
15
39
40
22
60
15
62
1
52
22
17
33
71
2
72
38
7
39
22
72
12
50
47
11
47
10
93
8
6
47
24
121
90
50
98
38
16
21
91
71
71
37
32
45
23
45
16
10
45
16
90
58
83
27
6
7
46
87
36
111
9
26
1
33
6
19
105
11
38
45
78
47
60
11
63
70
29
5
2
20
2
87
76
37
50
57
18
23
13
52
17
53
43
7
1
48
43
31
19
86
21
42
4
30
11
93
21
14
48
17
29
14
19
46
76
72
13
23
93
14
52
55
133
7
19
12
18
22
6
43
29
13
14
147
32
7
21
79
53
53
49
32
16
32
20
55
9
35
43
61
85
23
11
8
29
53
81
44
103
35
1
72
48
10
22
48
41
112
91
18
108
32
36
26
55
77
20
99
50
16
24
53
45
3
58
21
28
19
58
29
3
27
35
16
13
63
10
3
13
25
51
60
10
38
23
6
34
6
69
6
87
32
21
57
11
16
27
27
30
9
70
5
49
6
86
63
45
73
40
92
10
26
65
3
33
84
10
2
56
17
22
11
11
41
66
24
41
15
16
6
112
28
83
51
26
22
35
60
23
25
12
11
1
54
80
11
96
40
18
27
54
11
48
76
25
70
7
38
32
9
75
34
9
2
17
20
25
21
42
51
48
17
8
21
24
37
28
41
53
51
63
42
61
45
1
85
17
9
86
51
18
73
93
9
28
21
12
85
5
82
54
21
31
38
75
73
18
2
16
35
33
34
23
35
59
17
13
20
85
12
14
75
9
6
84
0
51
35
49
20
14
5
92
17
13
71
3
23
53
69
3
45
9
9
48
44
39
36
4
67
19
36
19
34
22
110
42
33
93
90
24
41
53
9
11
13
10
7
31
14
63
18
25
37
13
62
67
19
34
16
53
108
48
24
92
15
15
72
20
101
20
14
47
34
27
54
29
51
5
19
23
10
5
13
47
9
14
57
47
54
38
35
18
75
128
53
39
25
20
28
0
26
49
66
6
58
55
80
63
21
14
35
3
20
38
44
9
49
0
2
21
36
6
9
19
14
14
69
34
30
82
47
17
13
2
31
15
32
65
50
25
44
23
6
99
3
32
36
72
67
48
46
106
32
13
1
44
23
19
78
22
75
23
30
56
16
6
42
18
18
31
48
84
21
1
2
101
1
25
26
74
9
8
25
7
30
22
26
0
42
38
83
8
13
2
53
9
18
65
10
69
15
34
47
18
47
32
30
62
48
4
11
47
35
18
11
9
14
73
8
30
43
43
28
121
36
4
1
88
94
7
13
34
12
13
31
12
28
11
37
21
30
1
3
44
38
32
6
42
5
39
52
15
24
49
55
87
15
43
25
53
79
32
45
54
72
4
47
17
57
28
5
55
62
27
15
19
13
45
17
87
23
55
43
43
2
17
57
7
47
92
77
32
15
10
9
23
20
19
30
45
21
39
31
42
22
0
39
26
10
13
55
74
26
2
3
49
67
58
84
30
12
20
8
42
47
35
22
106
56
21
15
124
10
4
10
97
25
33
9
33
34
98
9
10
13
55
22
39
28
65
9
77
49
2
8
17
15
1
2
67
69
30
32
17
22
10
10
57
48
10
61
34
73
43
36
92
13
4
32
9
18
39
2
13
77
2
47
78
4
6
56
15
25
1
47
13
97
19
39
80
27
38
2
56
100
78
71
10
5
19
40
90
0
36
16
63
47
25
27
5
42
18
1
56
42
4
54
26
19
28
16
43
6
12
4
24
62
17
30
43
8
87
20
41
14
46
38
4
14
60
73
15
3
46
39
27
7
48
2
13
42
4
44
0
45
87
6
3
25
1
30
37
25
38
11
20
27
82
34
10
27
10
57
56
50
12
0
4
23
30
25
39
75
60
2
102
36
7
49
2
25
23
15
10
38
17
15
26
37
1
35
28
6
13
2
67
29
19
13
19
8
42
8
47
6
43
78
51
16
48
8
4
17
39
38
23
47
52
18
41
18
35
49
23
20
5
11
32
5
22
9
21
59
1
61
31
31
16
16
11
39
58
14
18
44
10
47
63
39
11
9
43
79
11
36
28
14
16
3
23
20
77
24
19
68
4
62
50
29
5
12
13
104
25
48
32
11
92
2
48
17
41
62
36
63
4
107
50
66
12
47
22
1
25
5
30
35
66
5
54
51
16
30
63
16
16
52
1
20
17
50
47
18
101
5
13
14
22
22
32
107
25
10
19
39
8
16
11
5
61
57
10
8
7
11
18
61
18
63
28
15
35
17
7
73
11
3
26
45
100
60
2
38
51
27
55
8
42
80
25
8
56
2
14
31
36
32
6
39
14
13
9
56
2
12
8
24
28
51
22
45
80
10
33
29
40
8
2
74
23
18
12
17
19
32
16
27
11
2
53
58
46
13
18
46
34
33
27
38
18
59
46
30
11
19
35
22
19
74
8
34
1
8
42
18
32
14
28
6
19
12
6
74
23
3
53
37
14
2
59
24
6
37
9
26
13
6
59
30
11
11
58
67
7
81
27
8
6
5
21
36
24
32
21
23
15
47
22
5
32
7
5
69
34
2
20
55
25
39
2
37
2
32
25
2
27
18
20
15
11
31
29
4
30
4
2
22
82
21
56
28
2
10
2
59
17
5
27
8
109
34
40
25
34
39
15
21
4
27
9
16
29
29
9
46
51
20
35
17
42
59
60
25
57
47
14
81
17
94
31
83
62
1
18
4
53
2
13
5
25
12
18
66
51
5
61
55
37
18
4
28
4
23
23
37
15
44
40
9
26
4
41
5
17
17
55
3
25
36
30
44
66
18
25
0
15
53
26
3
3
48
58
10
8
21
0
0
31
72
70
92
26
58
23
33
33
1
8
11
21
18
24
36
21
6
16
48
11
16
13
29
60
0
12
2
4
19
7
51
3
47
23
18
12
25
11
6
2
60
14
23
5
17
3
25
8
18
50
17
19
45
1
19
28
12
4
29
10
46
16
5
34
22
7
7
72
21
124
35
30
1
15
17
13
24
5
30
10
44
31
64
24
34
10
22
17
25
46
12
13
18
47
80
16
12
20
38
21
10
21
43
8
20
13
57
31
23
40
7
12
4
27
18
20
17
4
33
1
6
10
19
20
9
42
24
63
28
30
21
30
23
39
42
5
81
38
9
3
13
9
25
33
37
2
8
17
14
35
25
27
6
20
20
2
19
12
60
49
10
39
18
28
13
72
6
11
32
15
2
52
51
8
46
4
58
6
26
13
36
17
16
6
26
16
14
39
21
30
26
3
3
8
35
40
14
30
14
6
73
5
43
18
9
9
50
20
29
21
71
0
30
30
12
11
32
15
3
12
3
7
15
35
38
51
18
25
8
6
5
20
30
34
11
15
14
34
41
29
9
11
18
17
13
26
13
29
6
62
9
15
6
15
5
19
13
61
22
27
12
37
15
7
31
14
50
22
36
3
17
26
30
11
1
20
11
50
23
12
16
43
18
7
6
45
37
38
16
31
51
5
24
16
31
15
3
10
40
15
18
33
25
18
15
24
11
35
47
24
7
1
32
18
20
34
11
44
53
34
8
33
20
3
25
34
1
5
20
36
9
6
24
20
42
8
23
23
43
28
5
20
53
9
60
30
1
22
34
48
67
4
2
12
18
52
38
27
18
5
54
31
40
26
29
3
3
52
28
33
2
20
11
18
13
69
4
90
28
13
1
8
13
12
1
1
22
11
2
31
31
33
14
37
38
21
6
40
45
34
13
7
9
5
58
3
7
42
7
17
26
20
2
3
5
25
11
14
64
62
19
4
45
33
9
25
2
4
21
6
60
23
33
24
9
3
7
10
0
4
2
19
5
17
56
12
1
13
19
2
49
8
29
3
1
43
8
2
5
18
8
8
33
43
2
31
6
26
24
17
19
8
14
0
11
58
25
1
44
33
9
20
15
5
4
29
68
10
22
14
12
4
1
44
50
21
9
57
40
31
31
18
16
39
7
35
26
23
0
7
10
9
8
7
34
51
3
0
11
29
18
22
15
25
15
4
8
1
9
14
6
9
18
10
15
17
10
45
29
2
8
25
25
14
50
10
36
11
25
4
10
48
2
26
42
29
31
12
71
9
19
2
27
5
36
1
14
10
20
22
1
20
13
11
2
1
23
41
5
18
5
0
4
32
11
15
19
27
23
50
34
6
39
39
4
3
31
19
9
29
3
0
15
7
2
1
30
27
26
4
17
24
23
11
24
26
22
5
1
1
11
11
24
30
13
8
21
12
19
30
26
23
6
30
8
16
20
25
17
32
10
13
6
6
1
1
11
6
8
14
27
13
13
9
7
3
24
16
21
36
17
7
21
11
39
19
16
11
33
34
21
5
5
32
12
12
2
27
6
13
26
21
48
14
12
21
26
10
16
8
2
10
2
15
20
20
14
3
2
29
45
31
23
47
68
7
11
22
11
20
0
12
3
33
5
34
24
11
20
4
22
10
21
2
26
4
33
10
30
2
23
18
6
38
1
2
20
8
16
16
14
1
11
20
5
25
12
14
5
20
26
1
30
6
13
37
8
18
22
33
5
7
33
3
7
45
12
23
1
22
19
6
22
6
12
3
20
30
35
22
24
5
18
9
0
14
13
21
23
5
16
27
5
29
13
13
0
5
7
14
7
36
18
20
41
16
19
19
10
29
38
35
3
25
17
10
7
27
15
16
9
13
14
8
35
10
0
15
11
5
13
21
28
7
20
16
6
7
19
6
43
9
42
24
16
4
14
20
25
12
4
4
24
11
2
6
0
6
0
11
5
5
3
1
21
28
13
51
13
21
8
38
7
6
3
21
8
5
9
17
2
7
19
12
9
12
24
1
12
21
11
7
5
16
3
6
22
5
4
19
16
6
23
7
9
0
26
6
2
7
2
22
36
8
29
24
13
2
10
10
21
4
11
5
12
7
9
13
5
3
8
16
12
13
30
1
6
23
13
12
4
10
21
2
6
17
8
10
6
8
2
2
28
6
5
1
3
10
17
25
5
18
2
17
26
12
6
2
10
20
2
30
15
6
4
3
15
17
4
2
14
10
0
0
8
0
17
14
5
3
0
15
1
4
16
13
2
5
11
1
5
12
0
9
16
2
17
2
4
10
14
14
12
2
9
4
9
3
10
4
8
7
7
5
8
6
5
10
5
3
8
4
12
2
4
1
10
0
5
13
1
8
4
3
8
3
1
8
6
2
0
7
7
6
8
1
3
19
1
3
1
6
6
8
5
5
3
2
2
8
6
3
2
2
2
7
1
3
5
6
2
0
5
3
5
1
3
2
2
1
1
1
0
1
1
2
0
