8
17
13
6
1
1
6
3
23
25
8
10
11
9
4
8
3
9
9
11
4
21
17
12
4
12
1
24
14
8
10
7
5
5
17
15
4
16
27
49
4
4
1
4
11
16
10
23
26
0
18
8
14
41
7
20
1
7
5
14
12
20
13
4
12
19
9
5
18
11
1
21
28
19
5
4
21
16
6
11
4
5
15
31
28
0
9
21
18
9
17
2
6
17
16
6
4
8
19
9
4
2
42
12
11
22
22
6
16
15
11
24
18
36
3
2
20
8
13
37
30
27
2
10
2
2
30
38
26
13
1
6
7
24
20
16
16
16
20
21
4
15
28
5
24
10
1
0
6
4
15
12
8
7
14
22
24
17
14
16
26
20
35
14
32
5
9
0
17
7
13
7
11
15
7
16
15
4
7
3
11
6
3
17
15
1
24
6
2
12
12
6
9
7
1
9
7
8
4
14
34
3
4
14
1
13
4
1
21
11
18
3
1
2
2
8
24
14
22
8
11
3
10
4
20
15
7
1
4
26
9
6
15
8
2
7
23
14
25
6
8
16
8
8
6
17
3
9
22
17
15
2
0
23
32
9
7
1
1
9
9
11
1
1
10
12
5
28
8
11
6
2
18
2
13
12
9
2
3
11
15
8
3
0
2
6
2
13
4
15
16
13
6
0
24
10
4
1
1
5
4
5
1
7
3
10
1
9
6
6
3
8
13
4
6
3
17
3
6
8
5
0
2
6
6
7
6
11
2
1
7
9
3
1
6
6
1
1
1
12
9
1
15
16
2
8
5
5
7
2
6
8
2
4
9
10
4
9
3
9
2
2
4
7
8
4
2
0
5
0
8
4
1
5
0
5
3
0
0
3
1
3
3
1
4
2
1
1
2
0
