17
43
13
76
67
34
42
0
33
7
24
50
8
12
38
14
4
6
115
9
7
25
42
9
8
72
1
58
38
66
86
84
30
10
6
51
30
18
13
12
7
36
12
5
55
31
27
85
12
46
77
12
7
102
33
29
31
63
27
50
18
27
12
53
17
5
24
11
42
60
52
90
23
100
55
71
22
64
127
4
69
7
0
15
23
85
23
6
66
62
15
31
68
4
52
134
43
16
61
56
86
59
44
43
7
63
39
36
2
33
9
9
53
10
48
16
18
48
27
25
55
9
10
15
1
68
118
26
22
61
53
38
60
52
74
18
65
34
46
82
22
4
44
22
28
50
111
41
32
45
6
13
17
31
61
20
62
3
84
9
27
66
17
87
92
39
30
27
42
89
42
24
72
120
69
18
53
10
29
39
84
44
38
59
41
15
72
104
31
6
14
9
44
29
28
45
8
39
2
8
35
13
85
58
41
9
4
33
11
111
20
58
4
74
12
4
4
21
40
115
13
3
58
30
59
9
64
10
42
8
31
79
14
45
5
18
27
28
49
1
32
8
44
37
1
3
43
55
12
21
14
0
23
15
27
70
2
26
85
82
3
67
2
101
75
64
34
101
137
71
26
41
14
60
36
9
82
37
97
8
36
24
64
39
19
39
127
49
43
32
18
34
79
102
17
82
27
9
75
1
65
87
87
1
34
38
26
25
45
56
40
41
78
107
27
74
91
16
59
40
31
14
75
35
69
33
0
27
14
137
57
45
17
54
36
13
44
64
21
18
54
44
3
69
3
47
30
25
61
14
48
66
8
58
50
22
113
100
5
85
33
1
1
19
51
71
29
54
80
46
3
52
61
41
108
21
100
69
117
61
25
15
39
27
6
90
10
60
5
80
102
12
45
36
95
32
10
22
33
48
31
10
47
76
142
108
75
75
40
10
91
56
22
28
2
85
37
37
68
52
59
37
18
75
75
8
40
35
54
83
8
21
48
12
135
33
105
11
34
37
110
42
7
37
63
85
9
195
25
26
126
23
2
25
34
74
43
27
55
56
17
58
24
55
115
19
2
7
70
4
51
74
81
10
13
12
37
21
7
47
21
73
139
2
84
67
43
23
8
76
11
3
66
54
86
53
63
35
38
99
46
22
89
24
53
8
81
30
107
97
9
24
22
22
78
27
14
167
85
95
90
43
90
64
12
79
25
3
144
25
0
47
100
25
9
93
66
34
26
6
47
130
32
36
17
11
54
38
55
0
19
7
71
37
72
11
51
102
87
74
60
36
12
9
75
59
114
53
29
40
132
8
44
16
43
88
43
5
56
6
3
37
66
49
24
7
75
54
13
18
4
63
11
73
33
19
85
39
9
13
1
161
61
53
29
26
11
2
46
29
8
57
8
92
44
13
99
20
6
27
68
43
90
53
84
33
71
29
100
45
50
12
51
38
78
97
51
31
2
2
51
74
50
50
9
35
35
92
4
69
39
38
9
41
117
30
83
6
56
17
13
39
47
134
42
79
4
26
35
35
16
83
43
89
21
32
32
74
53
96
107
15
48
8
76
33
29
10
22
34
27
32
103
45
59
99
17
32
4
10
88
13
35
76
31
15
57
40
13
36
11
101
62
6
59
1
9
39
68
89
41
43
21
76
109
3
1
25
68
39
3
34
8
55
73
20
90
12
6
35
21
43
49
8
33
27
51
46
9
16
88
31
70
19
146
19
85
54
17
83
11
114
1
65
2
45
42
8
45
35
70
102
12
18
25
70
18
29
17
24
14
43
1
65
67
5
93
56
70
29
70
23
51
51
5
32
29
128
29
2
8
24
8
57
30
55
11
120
13
64
71
98
57
103
18
32
30
39
5
65
2
50
36
8
52
17
65
16
25
23
134
15
20
79
4
106
38
78
16
0
70
129
36
96
87
77
46
62
55
123
112
70
43
17
132
77
37
42
115
24
55
85
0
5
38
90
44
51
1
11
75
39
104
73
37
101
86
37
65
25
82
19
16
19
93
54
28
55
44
35
162
35
27
27
47
4
39
72
67
35
8
99
11
65
57
28
10
17
7
40
87
62
53
66
71
30
96
11
77
55
57
25
95
94
52
15
56
39
8
75
80
53
6
55
18
15
3
82
30
20
22
6
25
17
22
52
9
86
10
26
45
30
20
75
67
72
58
70
44
87
12
32
113
50
67
18
83
58
16
41
75
68
18
87
92
16
87
49
71
45
23
12
33
26
97
25
56
58
43
1
34
61
66
82
2
12
9
1
115
24
72
11
86
40
7
4
112
33
23
70
30
20
11
40
30
3
59
40
75
52
21
38
19
139
43
3
82
56
113
15
63
24
79
55
63
14
19
13
28
60
21
5
22
113
58
34
17
2
46
15
31
19
17
53
46
18
49
51
4
8
48
19
68
81
4
78
77
52
78
48
78
36
34
53
58
124
2
17
25
116
24
59
78
21
61
0
53
40
48
25
6
6
60
11
21
8
117
7
3
91
93
64
13
28
14
95
49
102
34
44
23
43
11
22
30
77
46
43
28
8
44
26
58
7
4
95
28
58
18
53
29
41
116
72
13
94
9
58
50
9
48
46
53
19
29
33
32
99
53
109
89
25
23
45
102
92
28
60
81
48
51
23
1
52
30
54
24
116
11
40
29
18
14
68
90
67
48
96
4
9
30
20
37
40
17
21
95
10
44
33
8
40
55
74
13
39
57
38
32
29
104
115
88
55
16
6
35
69
150
57
23
7
96
34
30
58
30
79
96
6
5
10
103
32
6
85
7
51
10
86
4
43
57
29
31
67
14
52
34
15
19
51
65
65
75
43
63
50
30
114
36
43
5
18
62
106
48
12
73
2
80
95
13
35
25
140
30
8
11
23
58
34
83
53
25
69
60
8
38
82
37
19
88
23
35
40
16
58
8
46
80
25
4
25
67
44
20
23
45
103
78
13
0
21
48
7
5
44
5
16
58
43
46
9
64
67
17
30
41
76
11
39
7
47
33
70
82
22
44
38
16
4
11
22
20
27
44
5
32
45
32
46
100
32
58
15
91
46
12
16
39
32
18
32
66
100
6
43
93
110
9
8
24
69
43
6
20
60
38
13
63
2
49
70
6
12
126
17
60
0
31
39
6
61
7
57
6
40
28
12
26
7
62
26
35
12
55
37
25
25
40
8
39
3
10
5
10
2
11
42
66
1
22
12
87
78
8
7
15
15
40
38
84
13
19
27
27
129
17
41
17
60
18
60
24
17
10
89
138
36
59
62
5
20
46
106
23
4
15
72
29
14
4
9
33
6
37
21
16
46
30
27
27
24
38
99
25
65
35
17
2
41
63
18
33
9
28
55
63
0
83
8
41
9
20
68
33
17
81
4
8
46
98
80
37
23
65
41
35
41
16
14
6
36
67
41
56
24
46
7
27
14
114
23
38
38
11
43
57
29
57
67
9
55
44
5
37
10
57
46
9
23
54
40
53
65
59
42
38
44
17
10
114
74
50
41
38
54
7
10
63
2
31
19
30
53
75
48
39
8
5
18
40
64
54
35
46
35
57
55
4
43
2
20
46
3
6
94
29
50
25
37
18
3
23
20
47
63
36
64
26
59
63
59
2
97
51
99
1
31
8
43
33
31
62
38
17
26
34
6
66
13
25
79
45
68
14
81
26
8
23
28
37
46
21
11
81
21
1
10
80
8
25
102
6
62
110
39
28
36
58
16
125
50
6
37
13
38
36
3
45
28
61
49
40
34
17
4
2
6
7
74
30
37
42
14
45
7
42
30
42
42
16
6
6
34
85
10
27
2
28
56
19
29
9
0
72
77
72
33
11
33
15
21
39
89
43
33
110
21
56
31
22
109
100
6
42
29
12
48
7
85
79
73
47
78
56
52
27
31
76
4
58
42
1
1
16
41
72
2
36
41
26
33
42
5
17
28
35
7
97
29
7
11
10
27
27
5
31
87
33
8
28
49
47
80
11
28
59
128
18
40
42
23
86
19
9
63
13
5
50
42
25
61
18
44
5
36
70
28
26
32
8
5
27
34
24
40
25
33
5
6
64
34
59
71
81
138
69
62
62
77
37
59
121
63
51
93
5
1
94
33
22
30
30
33
22
12
36
42
6
82
29
5
8
14
37
14
62
26
80
70
11
25
55
44
38
75
26
68
43
59
14
19
54
12
32
40
61
47
56
11
28
54
75
23
41
36
12
4
56
36
1
11
10
8
30
121
1
1
3
71
25
19
12
55
53
109
3
19
8
0
35
29
12
6
27
10
29
49
61
9
83
38
63
74
38
8
6
12
14
57
34
17
55
43
20
30
66
23
46
17
36
98
15
66
8
29
53
31
2
49
58
63
5
31
17
16
57
47
42
48
33
0
39
12
80
92
53
12
2
67
36
32
5
32
15
41
46
31
42
27
50
86
9
9
57
52
7
34
7
14
78
44
37
40
95
31
32
5
59
20
15
16
54
87
16
51
57
7
37
40
23
15
34
12
56
40
6
52
36
13
20
38
127
92
16
16
32
14
55
57
18
13
17
34
66
41
93
29
23
84
24
27
62
20
63
7
55
11
43
26
21
27
14
63
1
17
6
23
23
100
18
2
52
44
33
9
41
61
3
3
22
60
24
50
42
9
44
48
51
16
14
114
23
23
34
6
91
113
6
16
72
8
29
42
141
15
8
14
51
70
46
3
22
58
13
74
79
24
21
67
67
34
8
71
10
54
74
31
25
46
43
76
25
61
10
11
53
24
9
33
24
29
23
11
8
39
43
10
28
14
10
40
22
14
39
49
2
35
4
3
21
31
87
53
20
3
56
112
18
11
64
21
1
12
79
58
22
34
55
64
37
41
21
19
33
57
59
62
22
2
61
24
27
5
47
36
6
4
28
11
4
78
52
15
23
53
42
58
3
12
12
13
35
71
10
62
79
99
47
13
38
15
23
41
58
16
3
82
0
9
71
43
11
27
26
29
95
82
21
57
92
47
23
3
4
67
109
3
46
20
43
57
35
63
15
62
3
2
18
22
2
58
51
51
24
52
28
11
18
22
67
43
89
78
1
45
19
63
53
38
66
0
14
57
14
27
2
41
16
18
46
13
57
41
28
75
31
38
23
5
85
35
33
42
15
2
21
11
21
32
12
20
10
33
11
3
37
15
18
26
50
19
42
40
60
58
47
12
32
32
21
69
35
24
96
14
52
17
14
40
9
15
41
40
52
24
13
42
63
54
64
3
13
20
26
1
38
7
29
15
19
36
99
52
67
67
10
37
23
36
2
61
46
2
62
32
28
87
44
27
17
21
43
54
61
38
14
1
58
33
41
73
37
8
13
22
25
46
32
4
68
34
28
36
11
7
65
34
11
47
21
49
74
1
18
33
5
111
76
6
12
23
13
24
13
49
90
32
21
59
72
46
40
17
18
52
9
14
18
6
16
64
20
9
31
51
15
21
20
24
3
26
18
12
16
65
18
78
36
20
32
24
52
3
31
64
102
48
90
9
28
24
17
51
73
8
50
37
3
10
32
5
24
16
12
20
103
2
39
4
8
29
35
87
25
2
6
104
7
53
46
84
18
15
19
26
36
88
0
58
44
37
1
37
1
63
18
60
23
18
8
21
40
24
4
62
5
98
25
63
28
6
15
0
4
41
46
6
3
40
28
20
10
63
15
4
17
20
18
4
43
18
3
5
5
30
53
70
48
6
21
26
58
12
37
19
55
33
23
60
26
2
12
31
24
69
4
64
42
19
66
31
19
61
4
21
46
3
67
50
15
58
15
18
20
3
40
9
49
28
63
103
5
20
11
23
11
30
58
43
6
23
1
41
44
3
50
8
30
12
5
39
7
39
38
1
43
39
20
55
34
1
22
14
43
33
71
80
19
40
21
47
46
16
33
61
43
2
3
1
39
19
24
11
10
15
20
27
36
33
40
22
23
17
29
27
2
44
35
49
3
47
38
8
31
21
3
24
57
99
6
41
16
3
22
14
57
6
11
7
9
54
37
35
9
75
35
3
8
27
65
14
27
5
34
17
12
38
13
91
5
44
59
73
18
29
38
13
23
39
33
21
20
26
8
68
14
20
25
12
9
51
14
26
51
31
13
7
24
3
37
22
21
8
83
30
44
1
8
11
30
60
31
1
28
12
100
34
49
46
23
12
35
49
11
26
41
12
33
41
14
61
38
38
34
18
13
44
14
7
4
21
47
39
23
35
25
10
36
3
38
23
4
20
70
1
42
2
97
30
18
38
15
37
40
24
73
19
23
32
26
5
14
21
8
30
4
23
2
23
52
12
51
15
31
34
22
53
48
6
7
52
46
22
29
32
13
11
22
39
25
16
55
48
21
4
23
53
38
15
35
23
73
38
44
22
55
11
41
3
35
8
6
7
31
13
36
20
37
50
34
55
9
10
24
21
0
37
17
31
21
27
16
37
46
14
11
2
2
10
31
34
75
9
20
14
52
20
31
25
86
46
29
17
8
11
12
56
61
51
3
23
13
31
27
13
0
50
19
13
50
10
7
80
57
39
46
8
36
36
4
39
10
27
1
9
19
8
26
67
13
17
15
45
16
9
12
32
27
42
27
5
12
2
51
12
17
19
23
25
3
20
10
41
36
12
0
7
14
23
5
28
10
29
15
32
1
27
45
15
57
11
11
0
27
18
5
14
20
36
39
4
21
7
2
19
7
0
26
5
26
3
1
5
22
1
33
27
13
19
6
8
31
38
29
25
1
38
69
41
10
7
2
67
8
36
9
47
67
36
40
56
20
30
23
0
0
19
18
61
49
32
5
6
23
15
13
29
2
11
45
1
42
4
10
2
12
55
11
17
26
72
31
1
30
19
44
26
26
11
41
31
42
12
6
3
22
6
27
0
21
32
17
10
1
21
5
14
15
38
24
1
42
16
19
4
52
15
50
11
29
30
5
25
13
17
18
12
46
82
1
44
27
18
3
19
37
20
31
15
32
28
22
33
16
59
42
44
30
41
28
10
16
88
39
17
10
9
23
44
21
18
56
0
24
9
4
15
20
35
0
30
22
29
9
14
18
17
20
42
6
29
6
26
22
29
37
31
16
22
10
86
44
14
5
20
19
2
11
71
32
16
5
23
49
29
61
12
33
1
3
0
41
29
22
7
37
34
22
25
31
11
39
34
46
38
14
16
5
13
13
33
36
58
34
14
7
2
27
44
3
6
10
46
17
21
4
24
3
3
19
9
3
28
24
5
2
1
17
15
30
3
57
56
55
30
38
6
2
7
11
16
14
10
18
7
7
5
22
31
26
14
43
63
30
34
32
6
9
5
52
73
6
31
15
26
8
43
6
26
13
8
22
7
10
4
10
20
37
2
10
12
36
37
34
7
31
17
19
10
31
38
50
15
4
23
35
33
2
1
1
35
15
14
19
28
46
7
35
35
4
29
7
10
37
7
5
11
6
11
29
63
16
32
8
20
40
34
27
27
17
11
57
2
1
10
24
60
5
23
60
16
17
34
7
31
39
31
16
36
44
16
25
31
0
8
33
12
32
20
5
0
27
17
6
25
16
26
33
9
13
8
20
1
3
22
5
29
8
9
20
8
14
17
11
11
10
31
13
2
40
14
21
24
4
15
1
30
11
12
59
61
20
26
5
16
3
0
6
6
19
42
19
3
23
9
28
1
2
45
19
21
14
11
7
23
18
11
2
23
26
30
37
12
12
43
14
31
4
21
14
21
8
8
21
8
21
24
7
30
20
35
3
32
44
36
2
40
15
19
28
10
13
27
19
17
22
17
9
3
3
18
15
21
18
25
24
13
50
7
7
12
22
35
27
7
32
1
41
33
9
58
18
30
30
27
16
9
7
23
3
5
34
8
29
15
3
58
6
6
2
32
4
0
15
8
28
46
1
9
10
40
4
29
3
9
11
5
27
19
17
10
6
6
19
10
22
22
7
20
29
7
38
10
13
2
11
20
29
3
9
15
29
2
30
13
3
27
29
11
32
5
11
13
10
26
2
29
11
20
8
46
32
59
13
6
18
2
5
24
17
8
22
33
13
13
14
19
2
7
9
4
31
8
25
33
3
33
9
11
37
9
0
24
6
31
12
34
11
2
20
5
4
9
10
42
5
41
10
29
7
26
14
8
3
0
6
22
22
14
8
2
23
3
22
34
13
5
5
13
6
15
23
2
1
27
32
6
16
6
6
11
17
18
6
10
22
6
19
2
22
2
4
29
2
13
15
3
14
14
3
20
3
12
8
16
8
0
20
1
13
26
18
9
6
6
8
14
12
28
7
2
8
9
18
8
21
29
11
1
27
30
22
16
2
6
11
4
8
23
11
3
3
10
14
20
28
9
8
17
16
29
9
2
7
20
4
16
5
33
17
2
7
24
14
17
4
7
37
2
2
5
19
13
12
8
20
8
4
7
33
2
1
17
12
2
6
5
24
8
25
0
18
9
5
20
12
7
10
21
16
0
12
10
1
6
11
18
10
0
25
5
10
6
6
4
11
5
24
5
6
13
20
6
3
3
21
18
5
11
7
20
1
7
10
3
3
4
4
10
25
10
1
3
3
8
8
1
19
1
4
4
6
11
2
3
7
21
3
29
12
11
1
5
4
13
13
3
14
12
7
4
2
7
1
5
14
6
19
8
6
5
2
11
3
12
17
1
3
3
1
0
11
10
1
5
3
1
2
8
25
1
4
2
9
1
1
6
8
0
2
0
0
1
4
7
1
2
1
1
3
1
2
2
8
4
4
4
8
6
3
6
4
1
4
9
4
3
5
4
7
0
5
4
1
3
0
3
3
1
2
1
1
4
0
0
1
1
