7
28
49
0
30
13
7
67
11
60
5
72
4
2
88
32
14
3
18
57
29
33
12
138
71
3
77
61
24
39
6
59
14
15
24
8
27
29
21
37
17
20
0
17
4
54
5
13
46
16
20
26
65
45
96
34
63
30
15
93
17
16
46
54
5
9
39
29
25
8
64
49
37
117
38
53
36
59
16
48
47
58
36
51
6
47
82
5
71
9
33
86
46
7
47
81
108
56
86
135
43
80
13
31
13
83
111
8
58
2
69
61
57
15
7
8
18
97
7
67
7
50
81
22
80
40
11
2
64
39
46
142
79
39
55
59
4
37
63
15
139
116
10
85
107
15
107
135
13
43
68
42
53
1
8
45
74
65
52
37
44
36
61
4
5
9
35
26
26
54
22
86
75
50
93
12
32
8
48
24
20
62
13
1
112
105
85
42
84
26
23
11
17
52
97
44
16
11
22
42
36
39
53
56
137
78
57
9
2
95
35
48
64
36
15
45
70
21
60
166
120
17
49
12
17
7
77
48
129
49
10
46
41
17
58
71
126
12
68
18
9
22
4
82
5
44
87
20
12
71
8
32
119
58
4
17
24
28
187
177
19
54
136
15
24
54
1
76
86
10
81
34
20
87
55
55
8
94
54
57
39
25
30
18
3
53
21
39
22
33
18
57
85
97
93
41
1
40
69
112
31
34
84
10
30
43
11
13
10
7
132
50
41
66
27
31
17
51
29
18
119
8
106
4
22
20
62
76
16
96
18
39
60
89
51
23
74
48
29
94
55
66
17
39
5
75
136
2
52
34
41
1
29
11
101
104
16
6
30
38
6
60
88
69
119
69
35
38
57
117
8
52
16
41
99
30
167
23
14
65
131
7
17
43
60
67
13
128
116
8
70
2
10
8
53
95
50
12
52
102
40
2
84
26
107
8
140
52
22
4
60
80
80
33
57
7
111
70
27
97
41
23
39
1
78
24
62
42
65
103
84
27
22
5
17
59
24
2
94
15
44
24
26
37
35
33
17
49
75
47
114
82
33
78
99
51
62
10
23
88
3
100
14
65
124
43
70
38
105
11
85
51
27
69
18
1
120
13
20
86
39
26
45
19
31
21
108
103
8
162
27
79
64
19
3
23
98
8
2
2
58
25
48
37
37
87
109
87
31
4
66
35
12
45
65
33
101
34
11
26
1
46
172
49
62
6
130
8
97
102
21
117
67
32
3
10
42
64
165
10
58
49
69
45
66
2
16
2
11
64
56
79
51
20
35
7
44
73
99
22
8
4
10
7
0
51
39
82
73
28
44
76
11
26
38
41
51
67
1
91
24
78
3
10
18
93
67
38
36
5
7
46
29
54
55
65
16
23
125
22
6
13
159
65
93
10
33
173
82
13
39
91
25
3
32
8
49
5
91
7
113
70
36
103
84
29
21
18
11
30
86
71
0
86
59
3
29
19
2
72
86
44
79
101
30
76
90
3
4
18
2
17
2
20
34
43
20
7
67
88
33
101
52
32
55
24
110
33
22
101
7
43
37
9
5
42
61
22
14
71
55
52
21
81
5
93
67
43
13
65
41
92
2
22
14
46
28
9
128
12
27
7
46
17
138
32
36
22
119
24
30
51
29
55
4
30
6
59
25
48
39
1
26
9
27
95
42
15
10
19
5
57
4
71
24
95
93
8
66
35
90
100
189
37
40
50
64
72
51
74
11
44
22
40
25
50
10
91
90
4
4
32
74
121
34
66
5
20
11
53
5
2
20
107
17
57
66
47
12
68
20
81
11
28
15
69
62
2
27
82
12
18
60
13
17
118
43
38
62
27
139
51
98
28
26
4
21
40
36
10
27
71
118
7
1
69
39
16
18
20
70
56
3
20
34
51
92
15
43
36
15
22
22
4
16
73
96
98
56
58
73
32
50
69
95
56
64
55
40
37
47
47
17
19
14
41
86
50
119
44
17
64
81
0
3
75
92
26
74
41
49
18
69
50
1
13
60
60
54
37
33
85
37
45
38
6
13
103
90
8
3
20
52
42
108
103
74
24
29
25
8
9
43
10
3
46
9
102
91
53
45
39
8
99
6
45
17
11
68
3
6
110
25
5
40
16
41
0
51
41
80
2
49
7
43
22
19
44
89
44
47
17
92
18
23
2
27
6
12
42
33
112
34
22
70
77
51
69
4
29
0
12
12
7
100
108
79
24
24
35
16
21
106
115
32
6
45
20
21
14
49
103
11
73
2
86
66
31
3
129
42
115
31
129
10
97
12
52
39
53
11
26
41
79
37
25
38
70
25
57
49
144
16
14
2
34
36
14
52
0
82
87
29
131
30
16
63
26
3
9
86
59
19
156
3
59
98
32
9
96
13
14
20
1
10
28
10
27
84
61
46
7
24
3
116
37
54
34
19
49
63
41
21
23
3
136
23
76
92
21
42
56
45
0
54
88
65
7
11
84
45
16
1
76
5
2
10
49
88
104
17
47
49
81
21
18
13
46
63
32
3
23
27
38
90
48
75
9
23
63
30
43
45
8
23
112
17
27
87
104
51
46
36
28
4
3
15
83
16
93
81
38
59
32
74
79
50
21
34
79
16
49
21
7
55
18
5
85
44
2
47
86
108
24
29
62
72
8
16
72
82
97
42
98
45
75
4
67
47
6
18
67
88
107
102
61
50
3
48
86
7
28
81
12
87
83
23
29
49
34
40
3
33
12
86
25
18
44
2
117
33
41
4
78
88
26
66
74
35
85
69
37
8
68
2
51
27
56
96
67
46
5
19
68
64
77
24
68
65
129
24
78
15
65
68
72
81
52
32
20
5
5
8
11
9
113
17
52
17
45
160
79
74
71
38
6
4
11
38
113
42
15
78
15
96
19
86
67
77
5
31
4
0
67
22
37
69
33
23
103
3
8
98
19
2
54
19
63
1
56
27
78
109
83
19
38
75
28
8
37
21
22
16
51
8
15
32
24
19
14
7
52
99
62
32
41
17
16
41
30
23
8
13
70
82
3
24
42
20
44
17
30
23
39
78
86
74
50
28
64
25
11
67
22
24
38
48
30
25
51
36
12
29
72
21
31
13
34
10
18
18
103
13
5
35
15
46
30
67
43
103
46
72
27
30
33
72
51
51
36
8
46
18
26
13
31
67
76
1
56
22
81
36
27
38
63
6
53
11
22
33
38
6
5
57
29
24
83
32
75
74
37
5
35
77
64
24
55
16
26
47
99
71
3
81
72
12
4
8
21
28
46
65
29
35
24
26
14
43
21
61
35
20
73
33
86
17
21
17
2
32
34
110
69
30
31
12
43
6
24
75
30
52
7
70
52
11
44
23
20
21
14
35
15
7
3
34
43
29
48
6
48
4
78
20
96
24
93
7
75
49
41
21
46
15
18
0
26
0
17
41
83
27
57
50
18
30
88
21
58
25
96
31
14
16
3
24
96
36
53
90
18
97
4
81
72
68
60
48
70
5
28
17
16
17
33
28
25
68
37
32
24
97
34
49
110
13
10
31
71
55
45
73
5
23
54
18
28
102
9
51
77
38
10
43
13
31
2
16
13
5
87
68
26
52
2
4
49
15
85
38
20
130
13
3
32
29
11
50
44
19
45
37
3
38
9
38
80
91
35
82
41
0
23
13
79
35
4
84
45
66
16
72
15
58
70
102
45
34
1
64
3
8
7
45
50
38
10
24
61
75
23
43
12
56
15
19
10
23
8
17
80
11
19
36
23
2
6
38
0
45
41
66
17
18
18
64
49
43
4
18
58
50
37
21
8
15
25
23
13
2
77
5
5
24
19
37
37
95
1
4
22
36
21
37
46
15
0
14
14
64
92
80
71
128
13
66
41
13
35
32
55
19
15
11
45
14
28
112
33
13
40
64
53
13
6
45
19
44
16
39
44
23
17
43
54
1
28
93
63
95
6
26
54
25
24
40
26
15
18
88
50
41
15
59
30
3
37
43
84
1
112
47
119
37
33
59
10
29
63
8
22
56
22
34
19
5
33
28
1
17
2
34
58
43
65
35
53
2
46
23
93
17
2
67
41
8
10
14
11
8
1
22
15
64
53
51
5
22
53
25
32
11
1
45
79
48
14
48
79
35
27
30
108
46
22
3
101
9
24
2
71
115
12
6
18
45
39
39
67
32
49
66
48
62
33
50
10
15
9
44
25
65
47
18
5
2
1
50
93
9
6
54
36
9
27
32
45
57
25
56
14
48
36
31
34
58
6
58
9
72
19
109
3
136
40
63
6
94
2
84
22
77
48
21
38
8
48
91
25
37
2
60
70
14
28
14
54
145
26
5
25
53
48
95
20
27
71
25
8
23
72
5
44
58
11
128
32
6
15
4
68
30
61
5
7
94
41
10
24
16
4
10
40
23
44
0
92
22
74
39
82
32
30
7
42
29
12
14
93
21
1
2
124
60
71
71
4
46
57
15
41
6
66
67
35
18
34
34
125
3
31
33
4
15
83
67
14
38
50
2
40
45
40
18
3
30
17
3
6
55
91
43
47
25
9
87
4
3
39
24
83
74
13
33
35
48
61
7
17
43
129
36
33
17
24
13
19
61
35
73
13
25
23
88
13
34
20
5
18
30
90
35
89
23
69
18
130
75
17
21
45
10
13
8
51
45
31
23
46
26
19
21
57
17
22
91
33
38
42
40
34
80
57
36
57
17
2
17
25
37
31
149
35
42
5
26
0
57
17
37
68
43
74
62
26
1
31
9
3
43
7
74
8
30
13
56
50
25
35
1
71
74
67
41
2
13
95
24
53
32
42
29
38
39
4
19
55
141
49
29
22
40
49
4
39
12
61
40
23
19
0
2
44
93
6
9
65
47
4
26
69
87
5
61
29
76
24
45
40
7
69
71
38
53
26
34
39
5
0
20
85
13
28
9
28
5
61
17
25
28
39
31
28
1
49
36
72
21
16
45
25
22
33
6
8
32
48
51
8
25
7
0
116
29
4
31
14
34
9
32
1
78
54
63
40
29
21
1
37
31
20
56
9
57
23
80
4
36
30
38
5
34
29
50
7
23
39
80
109
10
27
110
64
7
2
58
53
5
15
8
65
31
1
35
15
40
89
4
104
19
22
80
36
40
50
3
8
7
28
84
5
20
13
28
86
22
5
49
68
7
72
11
15
29
88
59
37
31
12
6
4
0
23
18
30
84
23
11
57
45
57
21
82
14
4
52
30
65
25
38
48
76
8
6
26
69
23
7
39
14
56
5
8
4
11
50
13
68
36
28
67
1
48
27
12
27
1
3
47
52
13
8
39
20
22
6
28
18
6
79
6
30
15
33
16
5
2
7
49
16
61
13
7
47
4
25
35
14
3
78
30
50
17
15
67
50
15
24
50
30
12
65
43
25
39
28
19
9
3
19
88
18
40
103
4
38
51
81
21
27
13
10
31
86
3
31
31
21
61
14
4
33
18
63
3
12
33
35
6
58
14
27
16
8
28
5
24
15
42
17
34
9
24
30
58
19
18
24
49
47
8
82
3
10
64
27
19
9
22
0
31
5
38
24
34
0
63
12
8
88
3
57
18
1
65
18
18
26
1
45
5
46
41
13
22
12
77
50
6
27
33
18
42
8
10
17
57
21
53
105
19
20
18
35
43
20
53
2
39
13
34
0
34
11
40
6
21
85
112
15
37
19
19
16
7
48
37
9
2
56
70
19
6
25
13
44
40
27
84
25
27
12
28
5
93
19
12
36
45
89
21
9
13
26
84
4
41
30
66
2
32
2
19
39
16
48
10
15
5
15
38
44
4
13
8
30
40
3
17
17
37
32
47
25
50
28
73
1
29
8
0
19
23
39
8
40
63
71
1
49
7
5
61
7
58
3
29
12
15
31
1
22
23
58
26
58
39
55
17
37
11
5
2
5
6
16
10
22
1
24
9
7
30
9
67
4
18
46
22
41
20
16
48
29
26
35
57
35
51
20
47
19
41
44
11
63
20
24
11
18
22
7
21
17
2
9
43
22
17
46
95
27
15
25
21
10
26
90
52
50
16
6
66
33
48
28
0
9
19
2
12
30
8
26
6
31
15
25
21
50
42
1
26
38
14
3
57
14
23
2
18
0
5
3
44
3
42
27
22
16
43
3
41
64
27
19
37
5
76
18
7
19
20
13
64
33
32
4
13
41
4
14
4
2
27
78
67
12
12
58
37
37
48
59
16
59
51
28
8
17
22
62
17
1
8
18
7
17
59
5
1
16
18
36
14
47
35
2
13
26
10
20
39
22
20
9
4
20
29
55
51
19
6
50
1
11
15
6
21
41
6
23
13
28
22
29
7
7
43
10
14
14
75
15
22
4
44
13
32
38
46
25
35
66
31
23
19
26
4
43
17
17
33
57
19
4
35
29
35
19
46
42
7
33
60
1
17
13
6
3
46
49
3
28
16
54
44
6
42
35
23
17
17
30
5
34
54
38
6
1
34
10
51
8
25
57
6
21
10
15
41
18
7
1
10
33
45
51
23
4
20
23
10
24
14
3
1
19
26
6
29
57
11
32
21
45
29
16
11
17
39
30
28
6
20
0
11
59
10
26
53
67
62
7
28
57
10
6
15
3
29
14
26
46
3
46
8
6
9
20
43
19
7
40
18
13
37
5
43
44
26
3
9
41
12
17
33
31
50
14
21
39
16
33
11
19
8
23
1
13
19
6
12
59
45
5
9
37
0
25
36
16
25
6
3
45
48
1
34
10
26
3
7
34
13
6
52
101
14
3
8
68
27
25
62
32
26
18
14
17
28
69
16
7
0
52
9
19
47
30
25
66
9
29
5
1
20
12
46
35
22
22
27
39
8
25
53
4
25
71
25
10
13
44
9
41
13
11
45
11
10
30
29
42
37
5
5
35
54
8
17
66
0
10
59
13
17
9
12
60
52
50
7
2
17
29
27
18
26
12
26
7
38
26
11
37
4
45
20
6
27
55
8
0
14
4
4
58
38
31
4
54
17
64
33
3
28
64
0
5
28
15
37
72
3
8
24
8
82
18
60
51
1
18
0
24
21
24
49
16
10
24
27
22
37
36
7
2
23
21
21
43
29
8
9
55
40
23
31
9
2
35
58
43
3
5
10
24
41
28
13
45
8
35
11
16
24
11
6
14
11
84
12
27
38
6
24
42
17
12
53
40
12
5
50
13
23
23
26
35
21
13
10
0
3
35
8
29
33
21
10
27
6
41
17
4
17
21
16
26
66
4
14
23
31
36
40
21
74
3
3
12
8
28
14
47
24
14
34
3
12
12
14
27
12
6
9
0
6
34
24
29
14
40
31
40
7
35
7
26
3
13
21
4
14
8
5
3
30
23
53
2
3
22
39
6
5
50
20
27
9
24
3
35
0
5
11
46
12
46
13
11
17
6
7
17
2
36
35
16
10
23
60
35
11
45
22
12
20
47
41
0
11
1
32
38
73
5
11
18
20
47
31
31
25
54
13
4
69
3
23
52
24
11
43
4
16
17
34
11
4
25
21
21
38
13
29
19
6
6
3
13
9
28
14
10
15
13
26
63
30
17
1
8
35
9
28
25
23
38
27
4
0
27
29
29
38
0
27
23
23
12
7
35
24
59
31
14
13
9
56
10
7
34
8
19
14
23
15
18
7
14
9
27
15
29
11
17
20
19
19
21
6
15
7
14
0
39
3
11
22
9
1
17
12
29
18
22
23
17
5
39
5
31
8
45
62
22
32
2
7
9
19
4
3
23
29
51
17
6
3
26
13
31
31
3
8
48
21
23
7
15
24
19
23
6
27
9
2
12
4
7
4
28
13
21
14
15
15
10
20
12
22
10
4
13
11
16
31
3
4
36
6
16
17
0
5
22
17
16
18
9
15
28
32
33
7
16
10
1
1
23
14
8
1
1
12
32
24
16
28
9
6
16
28
4
25
21
43
0
5
1
12
20
22
5
32
10
36
2
16
6
9
41
22
1
7
13
25
5
12
4
13
30
19
1
11
1
8
13
23
8
19
18
60
12
2
5
23
9
11
8
11
3
13
18
32
3
2
32
11
4
7
18
4
22
10
1
25
3
8
25
21
2
6
6
2
15
5
3
12
23
4
16
24
22
2
17
12
26
20
7
8
14
9
18
22
14
5
26
4
0
8
14
29
25
6
27
12
4
4
8
5
18
5
5
7
16
14
10
15
18
35
17
27
12
32
18
7
39
19
15
23
38
8
33
12
9
28
33
13
19
14
17
0
4
24
0
12
5
9
24
23
5
22
13
12
21
9
28
3
45
24
12
29
15
1
3
25
3
26
18
18
11
22
8
3
16
35
5
22
5
7
43
10
7
7
2
15
2
8
22
3
16
27
12
22
3
0
19
7
4
1
30
4
1
11
3
20
28
1
24
3
16
6
3
3
18
5
3
0
12
12
11
10
6
9
0
9
1
1
3
7
7
2
3
14
14
20
0
7
22
4
2
2
23
2
6
24
5
5
5
3
1
1
5
13
3
12
0
6
8
5
11
6
8
19
1
7
12
8
28
5
1
14
10
15
20
8
8
3
17
7
23
8
5
7
5
6
0
8
5
7
7
16
10
12
11
6
4
5
4
12
1
3
13
3
14
8
12
2
4
3
26
4
13
3
5
5
8
3
19
3
13
3
6
6
6
2
15
6
4
9
1
4
3
16
2
4
2
7
3
0
3
1
16
6
1
8
4
7
4
15
3
5
6
2
5
1
6
1
6
11
1
5
7
2
13
5
2
7
5
12
3
8
11
3
14
8
4
7
7
3
5
4
2
8
6
1
5
5
2
2
1
1
1
4
1
3
1
3
2
0
3
5
1
1
0
0
1
1
2
0
1
1
0
2
1
1
