12
18
0
4
32
4
11
4
15
63
14
7
3
28
20
70
4
44
8
11
11
5
16
82
82
2
43
11
17
15
3
33
5
96
45
8
23
91
17
13
11
82
3
7
51
35
43
53
10
11
4
79
52
28
53
38
27
58
23
2
6
40
57
90
39
77
94
103
23
21
7
57
25
7
10
7
20
1
89
23
10
5
22
10
24
77
46
12
43
6
81
59
58
15
32
67
88
32
28
50
2
79
84
68
106
6
55
61
17
42
10
73
10
24
43
83
18
66
44
10
68
29
11
98
20
85
12
68
86
17
83
7
46
68
69
0
88
38
28
92
8
74
16
41
3
9
47
16
22
96
14
5
63
53
57
75
0
120
7
14
47
95
98
74
25
77
47
20
74
82
11
9
17
21
31
93
4
72
74
16
90
11
56
42
6
4
68
99
86
68
27
64
68
60
42
1
23
5
41
79
26
15
29
21
3
89
142
37
9
67
66
34
47
13
17
32
30
42
101
15
0
12
28
2
147
46
72
53
24
80
12
1
49
57
50
58
46
32
117
50
4
21
34
3
104
88
88
146
3
83
21
39
66
18
68
7
38
31
35
40
27
115
42
87
73
4
0
82
147
100
2
57
19
15
26
40
111
70
9
48
46
68
53
12
29
16
12
34
73
56
47
62
65
1
75
10
55
110
35
57
38
13
16
30
2
107
4
68
50
64
2
28
3
107
35
50
1
27
57
33
3
10
15
2
56
20
39
76
39
18
12
103
4
65
70
80
55
64
63
34
50
25
39
116
30
102
0
7
24
87
47
21
55
131
32
67
53
20
29
19
19
32
17
19
6
114
65
28
37
23
59
2
14
119
55
20
46
135
7
32
63
79
42
121
27
56
51
28
92
24
12
71
30
42
94
46
123
1
2
39
72
21
89
22
43
20
115
77
6
34
48
48
16
51
21
72
8
46
34
42
88
5
14
59
24
28
31
44
11
19
55
61
16
49
11
32
38
110
122
51
21
129
14
44
7
30
68
17
53
4
8
17
13
47
12
38
23
91
91
1
50
7
35
102
63
164
11
123
100
39
66
24
28
31
119
208
5
45
74
90
86
11
48
23
13
17
79
18
52
80
41
23
19
89
142
62
75
19
28
26
29
12
13
31
26
24
74
24
28
91
17
65
74
41
52
35
29
22
80
9
30
34
47
37
53
50
86
33
52
23
21
81
75
16
1
33
26
15
75
5
47
34
37
3
35
2
64
4
46
52
56
60
65
36
34
95
96
92
1
41
72
19
1
18
65
88
17
113
120
5
33
5
104
62
121
27
13
35
55
8
11
47
79
68
24
83
23
4
27
11
34
47
79
17
63
99
59
116
67
79
16
103
2
34
72
52
21
15
89
12
5
33
44
10
141
74
92
47
16
71
77
38
136
79
2
87
30
69
72
98
138
111
6
19
26
10
18
17
64
72
56
24
45
44
61
59
56
16
155
108
76
85
41
34
28
10
84
114
66
64
160
88
68
130
17
18
20
113
7
15
33
9
49
32
30
35
46
19
56
2
39
50
119
23
7
18
38
14
88
50
8
58
28
59
67
46
53
2
28
52
46
34
171
74
14
11
64
4
14
44
41
26
106
26
133
62
56
40
98
19
3
27
59
37
84
41
65
45
49
21
45
111
66
41
47
7
64
72
31
43
4
54
27
101
41
12
76
19
27
25
0
111
27
82
79
8
19
34
29
49
9
25
11
146
117
28
36
16
48
95
30
15
66
6
19
79
40
48
77
15
89
36
63
49
17
10
5
17
111
57
81
50
32
13
16
50
82
48
57
21
56
41
37
60
15
49
47
20
32
62
94
2
100
14
72
63
11
55
36
49
28
81
1
29
86
59
48
13
36
22
77
3
33
93
40
3
10
105
84
32
17
4
8
8
35
61
35
32
29
62
47
108
5
80
106
26
44
96
28
74
78
71
32
110
42
73
48
20
78
63
70
50
45
21
6
23
75
88
90
13
66
11
84
52
77
3
11
11
42
40
51
23
15
8
37
119
60
2
7
10
39
26
106
43
68
47
85
48
53
15
113
54
45
70
24
43
113
95
84
3
58
18
63
6
81
43
33
91
0
4
9
43
74
135
13
52
87
29
18
76
3
26
47
84
8
49
50
7
40
141
7
109
9
61
31
20
46
129
16
58
74
52
27
96
111
44
11
76
39
41
4
77
9
23
2
57
27
55
78
9
65
57
40
64
80
33
122
64
6
22
10
37
9
80
5
30
84
39
18
86
39
16
34
5
42
57
26
21
3
22
78
4
55
42
80
51
72
102
22
26
27
53
38
78
74
1
91
16
49
88
33
13
1
131
81
46
72
43
4
77
10
51
7
8
9
55
77
30
28
88
74
50
89
55
59
18
4
40
29
103
2
71
76
43
75
24
64
15
49
0
66
38
36
9
22
20
69
48
16
81
59
39
21
10
92
10
19
91
50
54
66
15
110
14
60
50
85
32
23
96
11
69
20
21
21
31
65
35
2
39
54
24
34
31
49
52
14
9
71
29
52
28
55
55
9
41
2
52
11
13
114
30
23
21
63
26
29
64
4
18
2
55
34
25
71
52
33
57
3
91
18
94
29
62
110
28
43
103
38
116
34
5
3
40
112
115
29
70
56
114
68
110
73
33
126
22
7
81
57
6
7
54
58
3
69
17
46
56
54
49
30
28
46
20
15
5
46
17
147
52
25
43
28
25
3
91
14
54
29
11
20
46
83
50
39
54
81
12
25
37
121
80
89
15
93
73
95
4
72
125
38
40
9
54
23
47
35
50
31
86
40
11
101
33
73
92
67
13
26
7
23
29
62
73
70
30
40
13
19
106
27
51
39
16
5
16
48
67
32
48
16
37
33
121
7
63
6
61
13
22
29
55
35
13
55
34
24
7
48
69
20
58
121
76
67
28
1
16
9
27
81
19
6
26
13
31
5
1
80
48
95
65
145
56
24
23
15
31
19
88
2
29
71
112
58
32
35
6
78
1
60
28
16
3
56
44
13
47
70
84
25
3
18
95
13
22
9
1
3
42
48
25
50
7
16
8
12
5
14
15
95
22
72
44
7
23
88
20
16
85
69
6
63
46
11
52
54
40
23
44
75
17
28
5
20
29
64
48
81
3
60
2
51
10
106
13
64
100
6
52
41
4
93
63
5
6
46
11
13
1
5
5
12
109
48
62
10
22
2
109
11
41
30
36
15
7
90
7
34
32
26
25
78
90
9
30
1
12
54
30
4
16
48
27
39
33
14
20
56
66
6
75
67
35
25
43
25
43
21
35
13
23
40
88
45
6
72
8
35
11
104
38
71
1
3
53
18
11
84
39
42
125
37
30
27
23
22
42
24
42
24
78
5
30
97
49
0
124
47
57
86
29
37
91
18
36
66
2
70
4
82
10
32
7
91
4
75
10
53
51
96
88
37
37
83
55
51
45
23
32
5
63
16
22
33
62
14
95
44
59
64
49
41
16
27
41
18
69
21
60
16
103
109
67
35
1
10
22
31
46
41
41
93
58
31
7
2
30
15
96
45
22
40
49
75
23
4
1
64
14
89
16
56
117
49
29
36
81
17
42
27
49
49
27
5
42
32
10
5
1
10
16
25
8
80
6
113
32
26
28
26
19
40
56
1
118
63
27
7
83
61
57
26
133
8
8
60
54
74
79
90
0
3
9
72
112
23
121
34
10
21
71
19
109
69
72
104
44
10
40
1
13
26
59
113
19
44
36
15
5
130
43
17
68
61
57
0
79
18
7
66
79
19
10
29
39
17
11
76
83
47
12
13
23
14
24
28
30
15
54
37
88
76
66
31
1
53
2
5
32
48
60
11
23
0
47
19
66
52
62
39
5
7
31
29
38
2
20
43
13
34
19
30
52
33
68
19
104
22
29
20
2
11
36
1
81
30
1
21
28
49
22
50
59
36
41
52
57
58
103
6
30
22
32
13
52
94
30
7
18
39
71
23
83
7
5
24
31
49
45
33
70
4
38
19
77
42
86
25
6
35
25
67
32
34
24
5
27
24
112
47
45
8
70
74
15
23
36
3
17
72
45
14
11
32
67
91
33
46
8
10
15
37
16
14
43
33
19
4
49
42
99
19
48
5
18
3
20
38
81
8
18
46
37
11
32
25
20
41
2
77
23
7
19
32
8
12
1
25
39
19
44
27
11
21
36
5
65
31
50
0
37
25
7
20
37
42
37
72
125
20
27
72
34
51
60
71
11
82
25
16
45
42
38
76
91
27
84
49
71
1
36
40
8
47
25
42
42
33
74
42
80
43
60
22
14
26
1
4
29
19
98
13
17
26
8
35
34
44
5
27
2
31
1
15
10
32
41
28
27
19
18
14
41
1
30
11
34
58
9
23
25
107
63
68
69
16
22
35
29
5
15
2
49
44
9
6
29
18
69
32
54
10
2
87
36
55
24
53
35
2
6
8
18
81
67
19
132
47
7
2
93
31
1
105
8
14
50
79
0
75
40
33
67
6
38
3
10
75
55
25
11
5
33
16
35
10
4
2
41
53
19
27
23
37
9
3
46
50
38
6
27
38
13
20
35
52
9
0
21
4
26
11
2
76
12
72
51
18
76
52
5
37
2
27
12
55
20
89
18
52
19
32
78
60
89
59
1
91
80
7
50
21
19
3
32
12
25
4
84
20
49
20
13
45
61
37
4
40
13
37
27
65
46
20
53
47
7
6
55
4
52
33
5
7
2
12
26
4
52
21
5
2
49
12
40
55
51
17
54
15
12
50
26
45
60
11
42
35
43
43
16
32
18
14
13
20
76
14
1
26
6
14
26
3
3
1
51
17
38
43
56
6
23
45
25
35
37
20
3
28
21
77
7
1
40
56
23
44
49
36
35
27
76
54
15
26
19
76
66
52
30
10
48
17
27
23
7
6
52
61
9
18
21
40
40
17
23
11
16
14
10
12
25
29
63
42
4
19
3
19
34
28
50
10
56
14
22
37
53
45
37
14
21
7
41
19
10
67
13
61
12
48
3
19
9
2
14
73
16
2
109
27
18
82
90
21
17
1
6
27
33
58
76
21
40
29
11
25
33
34
35
46
53
38
36
65
15
25
50
8
17
16
15
2
2
55
39
28
30
67
84
90
14
54
3
10
2
18
85
50
32
30
4
7
47
107
53
60
1
61
6
28
15
18
31
47
24
26
13
56
114
9
13
43
0
12
5
51
63
39
16
40
4
7
77
81
0
68
9
51
8
65
4
23
22
12
19
3
82
7
89
4
6
41
46
43
36
73
15
51
33
20
47
1
94
31
43
61
55
10
17
38
73
10
52
14
35
22
1
1
16
47
63
11
12
2
63
56
42
20
5
9
40
23
40
54
6
10
38
54
2
32
20
26
0
49
51
25
30
25
13
8
32
24
28
6
3
42
35
58
5
7
14
21
80
1
37
58
36
22
42
57
33
8
26
35
17
30
53
38
35
26
4
13
23
27
2
34
10
63
30
11
16
26
43
35
69
74
6
29
47
5
94
17
66
48
5
48
13
0
46
36
11
41
4
7
0
23
5
74
40
20
23
46
1
28
7
79
30
3
43
60
30
117
62
51
12
9
65
5
13
29
52
80
5
17
46
41
5
31
19
18
5
73
39
17
20
4
18
38
9
38
15
28
38
25
9
29
58
30
22
26
58
1
42
33
108
48
14
10
48
52
39
33
8
12
35
28
0
47
29
14
42
2
26
28
52
45
33
5
9
17
11
40
38
24
21
36
16
18
12
45
34
6
12
15
1
10
19
25
52
3
51
6
14
24
91
23
17
17
89
48
19
46
11
25
21
19
46
57
20
24
28
10
14
18
59
18
23
13
15
5
15
0
44
8
45
35
43
7
28
35
32
1
6
14
17
88
0
45
11
37
21
32
48
26
7
83
38
37
41
5
27
2
22
4
32
15
34
26
45
15
14
49
32
14
26
23
6
9
40
19
70
71
19
22
65
32
52
31
23
21
81
36
14
28
19
7
48
12
8
27
42
13
9
45
51
19
62
26
7
36
11
7
6
6
2
26
28
75
40
56
12
30
7
46
7
36
4
19
59
19
13
19
62
6
21
27
33
31
28
100
37
22
51
30
28
72
7
31
6
35
29
26
29
18
4
33
68
24
12
22
28
34
54
65
44
16
17
51
11
33
40
11
2
14
32
90
48
0
14
8
22
4
12
8
21
38
31
2
8
12
24
8
16
30
21
67
55
30
52
8
9
61
7
69
18
28
8
17
79
44
15
18
33
13
43
11
23
4
6
85
9
28
5
41
11
11
40
11
15
30
11
44
41
1
12
6
80
26
10
8
18
3
14
39
0
20
26
31
6
46
20
46
12
27
39
42
11
4
23
7
22
5
6
26
12
68
5
55
34
16
74
13
7
26
29
5
7
18
27
52
71
13
11
46
37
4
16
33
22
49
8
36
15
7
48
3
48
6
38
10
12
32
9
37
21
63
51
56
34
3
61
40
11
6
18
9
23
18
2
19
21
9
18
10
73
16
32
19
21
25
40
16
15
1
38
15
94
16
10
21
31
62
32
18
47
14
20
9
47
37
55
14
3
12
89
37
14
30
11
45
18
25
14
3
50
12
14
26
16
40
24
39
9
58
26
24
33
28
40
6
43
53
7
45
22
22
10
45
43
1
23
21
31
15
56
68
6
17
32
46
2
35
0
8
34
10
23
13
26
5
76
32
48
9
38
30
44
16
39
27
48
72
40
26
30
8
9
6
35
43
18
84
30
9
53
23
11
18
11
4
72
35
26
54
61
32
18
0
22
12
1
13
26
19
18
44
19
24
50
21
18
6
26
9
5
21
26
16
25
28
32
16
25
27
4
26
20
38
14
12
19
32
7
6
1
8
36
18
22
18
32
42
12
3
4
13
22
24
22
25
42
32
37
37
21
39
21
54
24
38
15
30
49
10
21
49
7
4
4
35
4
23
13
44
2
12
11
23
11
11
40
7
26
57
40
46
19
2
51
15
6
10
38
9
46
4
60
29
18
33
21
4
9
10
18
36
35
1
16
1
3
9
11
19
23
12
0
1
4
2
11
26
61
16
26
47
20
49
40
22
7
33
12
6
6
21
2
1
21
26
37
11
30
12
29
10
32
14
10
79
21
6
3
27
13
7
36
7
4
23
34
18
11
34
6
40
22
48
5
24
14
77
3
42
15
14
31
2
3
26
11
21
36
10
12
22
20
4
20
7
42
23
9
32
12
15
1
6
12
12
0
27
21
56
29
20
12
19
33
8
12
45
9
71
66
10
7
28
5
24
34
9
25
29
2
57
24
11
62
30
40
55
12
34
24
1
9
40
2
27
3
20
47
24
2
58
9
57
32
10
26
5
2
11
52
6
25
3
11
16
56
10
1
8
39
29
14
9
15
40
2
29
10
8
30
8
2
10
19
1
5
20
36
10
11
1
14
18
5
9
6
11
1
27
17
1
17
2
35
18
22
66
37
1
3
10
49
15
9
11
7
16
28
23
5
43
2
12
23
12
10
33
3
42
10
5
2
19
51
28
19
33
11
52
13
36
20
8
10
34
17
20
34
10
20
22
8
21
15
37
30
1
33
21
0
18
20
5
15
24
24
1
18
3
22
10
13
14
27
33
19
58
16
22
5
19
10
9
1
30
8
6
6
1
14
26
62
24
30
18
8
1
12
7
3
10
3
30
8
11
3
12
34
28
26
17
9
11
35
1
9
3
13
1
11
38
9
12
35
45
24
10
2
15
10
8
40
18
7
1
12
5
5
12
18
39
9
10
22
6
38
2
2
6
15
22
5
11
6
43
18
17
27
24
18
27
1
29
12
40
25
13
6
0
7
2
15
23
23
19
46
12
12
9
23
11
12
25
7
6
10
6
13
21
7
20
15
26
4
14
26
18
3
47
4
3
8
31
1
19
13
16
7
4
4
18
6
31
13
10
14
41
4
16
8
26
6
3
13
18
22
10
8
4
30
10
3
9
2
9
20
8
16
11
1
35
8
43
8
34
15
17
18
7
17
52
21
6
14
0
15
24
7
25
19
23
29
6
11
9
17
13
8
9
26
22
2
30
4
14
9
12
12
2
12
19
25
16
20
14
11
5
2
16
27
19
30
18
22
7
9
24
1
4
18
8
3
7
4
19
12
0
20
13
25
23
6
15
9
5
23
10
24
13
5
8
20
12
9
11
18
26
19
3
11
1
20
20
17
8
8
18
7
21
11
12
4
19
11
4
2
0
34
3
2
21
5
3
23
33
8
1
33
9
0
25
1
2
6
40
12
27
0
32
11
18
41
9
9
5
8
33
31
3
3
14
5
20
6
14
22
14
2
17
9
9
6
19
2
20
28
16
13
33
1
36
15
28
11
11
27
10
9
14
12
7
7
19
12
1
14
10
22
4
51
3
3
17
4
14
4
11
13
16
2
0
12
8
5
19
24
6
3
9
26
20
3
7
12
12
21
30
21
7
0
10
3
7
3
21
4
7
7
8
1
14
7
8
6
8
3
5
15
9
2
5
10
26
6
5
12
23
15
8
1
1
13
5
16
2
4
6
10
20
7
17
6
1
3
10
0
13
9
14
1
2
8
10
14
8
19
0
0
3
6
29
5
2
15
5
3
13
9
20
18
1
4
1
4
4
20
16
7
15
8
12
0
3
11
4
12
6
6
2
6
5
0
12
3
9
2
4
15
1
3
10
7
1
13
6
13
1
1
5
1
7
2
11
2
7
4
10
3
2
1
8
6
1
4
8
3
3
5
4
16
14
6
2
3
3
3
3
5
4
6
3
2
7
4
2
6
6
6
5
0
2
0
4
3
1
5
2
1
1
0
0
0
