53
40
3
22
8
25
12
45
24
3
62
12
30
50
7
84
20
38
41
56
18
28
4
20
14
61
35
13
49
20
14
16
28
13
63
4
14
32
35
11
66
8
13
29
43
21
32
79
17
80
16
36
33
40
10
39
45
35
0
20
82
27
77
56
45
1
49
0
40
78
102
32
16
53
93
38
5
20
32
173
16
2
73
1
57
1
41
87
37
152
14
92
24
44
7
21
25
5
77
99
9
28
46
95
20
25
63
47
5
31
118
9
6
12
102
77
2
12
20
39
58
42
74
20
60
8
3
34
43
112
11
7
1
98
10
25
111
15
46
5
5
14
8
43
24
38
72
32
97
54
60
13
92
53
28
25
56
51
5
78
8
108
29
82
68
46
1
18
64
49
11
101
10
4
53
68
15
42
27
33
17
23
40
30
95
131
49
38
15
28
9
33
25
71
82
10
28
18
129
45
105
15
84
51
101
104
17
15
76
8
102
100
39
35
44
39
149
29
18
29
1
86
20
35
7
32
3
13
5
35
47
3
34
34
27
25
70
1
19
55
69
35
85
49
57
31
8
15
5
79
47
128
15
26
17
28
14
70
32
147
65
43
53
22
53
26
2
49
59
118
4
143
52
28
26
0
49
51
142
29
57
125
50
1
12
39
30
81
23
68
51
75
12
44
28
59
4
36
78
52
13
131
21
44
4
40
42
30
73
7
1
69
63
24
17
16
53
4
88
30
54
52
78
127
5
21
6
54
33
9
16
9
93
55
31
4
26
31
78
21
26
75
9
8
54
88
10
92
76
15
62
27
54
3
36
53
58
71
16
89
60
43
90
9
110
42
45
20
29
104
12
89
77
88
56
50
5
89
25
42
3
42
13
92
67
21
56
40
91
4
2
1
70
22
36
96
101
76
69
30
41
34
1
60
111
4
13
63
101
33
58
47
6
174
21
52
3
7
34
2
86
33
49
26
44
48
37
67
142
24
104
10
48
30
4
47
3
85
157
4
45
71
36
5
69
59
37
55
91
28
1
89
49
98
88
5
30
121
134
23
107
18
74
36
5
63
50
17
16
32
76
75
16
14
93
16
10
75
3
117
187
40
127
10
31
113
95
22
57
3
58
3
58
94
6
8
53
10
52
24
69
79
108
28
28
60
44
11
44
54
6
32
72
129
102
46
30
45
8
17
21
97
55
62
22
32
46
70
78
30
10
6
8
1
19
102
22
93
20
17
23
36
30
112
49
49
101
100
40
19
60
40
97
52
98
12
44
68
55
26
15
53
27
58
64
12
10
30
31
71
40
101
81
88
33
5
28
58
26
44
21
124
1
76
41
78
5
3
24
23
64
12
42
49
23
31
62
72
5
40
20
63
25
47
54
22
121
41
22
62
62
76
68
31
5
2
77
62
16
46
42
98
29
22
95
41
42
31
103
16
58
56
72
13
7
24
18
83
112
22
7
46
90
127
6
93
16
43
32
26
56
38
120
18
51
52
52
17
36
90
42
15
87
27
65
79
23
93
114
38
6
41
110
24
30
34
67
48
35
63
153
7
5
36
13
50
147
19
18
7
1
5
27
36
8
41
84
29
42
9
15
87
138
17
59
6
91
41
10
40
12
103
29
81
54
49
46
6
39
100
11
48
44
44
0
21
23
24
36
142
10
46
51
33
199
51
2
75
114
8
44
76
35
62
27
16
65
30
7
27
50
39
4
20
13
32
26
62
71
37
32
20
48
8
4
32
23
39
43
59
12
32
44
36
72
48
6
8
161
12
92
48
17
89
63
90
27
57
13
29
45
5
103
8
26
79
30
22
51
6
21
39
68
62
79
10
44
101
40
44
58
37
43
25
102
5
41
116
14
122
8
15
9
24
28
75
4
99
41
14
54
77
54
28
5
64
15
23
40
14
56
14
19
19
2
37
11
11
3
96
47
42
32
44
26
31
12
98
15
3
58
115
9
35
29
2
25
53
11
50
76
63
3
7
55
41
43
47
11
2
6
107
58
4
17
66
13
28
7
49
86
3
28
3
12
95
4
67
45
60
10
1
100
66
11
29
5
47
5
0
16
66
15
35
108
10
70
44
30
19
26
23
115
111
17
63
102
15
68
25
25
89
21
5
54
14
148
123
55
34
77
8
11
182
10
8
31
40
16
46
43
34
31
62
38
12
10
33
60
37
46
38
67
99
28
113
5
88
26
12
113
43
65
54
24
12
66
7
11
45
29
86
17
98
88
17
117
25
60
9
131
137
57
48
0
6
5
65
22
42
21
71
30
76
36
47
54
23
52
37
1
11
44
53
63
86
21
23
43
55
1
115
49
0
18
34
58
39
16
57
8
123
29
59
1
0
17
59
49
18
93
25
16
17
3
63
33
16
70
24
65
68
81
3
50
3
76
6
15
87
61
46
81
2
83
87
38
4
0
20
48
24
2
56
8
78
55
23
113
19
70
36
34
104
69
80
29
51
133
62
29
89
84
23
124
19
21
22
18
60
65
34
11
88
12
12
25
5
30
57
35
38
1
50
28
19
7
29
54
52
24
108
17
35
26
48
98
158
38
60
0
124
32
34
48
41
141
61
9
28
55
21
34
44
38
17
38
25
13
105
35
113
23
64
6
41
36
31
61
0
21
61
60
17
80
26
4
12
66
1
2
37
40
16
61
21
29
108
51
42
24
16
39
94
46
5
60
40
21
43
14
37
50
14
45
2
34
23
38
52
48
11
92
49
21
29
14
40
14
3
97
4
71
16
42
16
2
8
73
4
92
81
37
81
44
46
59
51
74
19
52
7
25
3
83
2
27
39
36
58
1
117
42
25
16
23
60
36
18
67
4
74
25
12
41
54
17
54
25
10
15
69
17
17
54
46
11
60
32
53
17
10
39
84
88
1
52
8
25
12
111
74
56
46
74
27
17
44
15
45
95
19
17
43
40
23
81
2
36
46
71
22
76
194
11
35
35
19
20
14
97
11
26
32
61
31
15
12
21
2
1
23
72
25
10
17
34
38
72
36
47
37
38
91
87
95
105
17
25
16
42
6
60
53
81
21
22
6
55
7
1
42
0
45
5
36
60
44
90
8
27
154
20
2
28
37
47
65
5
18
56
39
64
22
5
64
12
13
27
83
114
27
28
51
23
45
63
81
38
58
1
51
68
3
13
27
128
98
40
30
23
4
65
120
86
75
40
35
28
31
64
45
7
57
106
90
27
70
24
7
32
72
29
42
16
21
48
85
36
29
38
57
34
73
10
92
62
59
60
53
10
62
63
23
11
2
50
24
8
66
5
36
96
25
24
10
55
26
39
66
7
0
22
4
53
46
44
82
15
52
34
9
10
1
60
76
11
42
35
104
12
61
36
107
38
67
59
46
51
131
16
82
35
26
14
43
20
12
60
0
27
24
92
40
22
3
52
21
7
2
21
3
8
15
24
50
52
18
134
8
19
29
12
15
59
49
6
6
65
30
30
3
4
16
25
83
61
35
53
48
7
12
115
0
13
29
140
17
4
80
25
14
1
24
35
26
29
77
51
78
81
20
12
4
1
36
23
40
14
64
3
105
16
11
50
93
59
22
51
71
4
41
12
2
65
55
3
8
111
28
55
29
52
11
37
51
51
31
50
1
27
4
86
57
18
46
18
68
36
27
20
8
67
25
54
36
36
15
5
92
42
88
35
52
46
31
66
15
37
19
68
15
40
3
30
1
39
39
67
2
15
52
28
47
45
39
34
12
23
92
58
8
34
16
19
2
35
34
19
43
3
22
11
48
47
20
24
41
49
100
30
10
32
10
97
3
57
12
11
19
43
19
2
30
51
74
59
10
47
34
93
27
24
53
10
11
42
10
66
25
19
44
36
51
3
58
8
35
39
24
102
8
66
6
61
87
111
20
69
6
10
30
70
43
5
64
35
0
28
85
34
37
18
47
10
9
41
66
10
1
20
7
11
41
17
87
3
52
24
15
38
46
0
59
70
94
75
15
26
20
65
41
29
15
9
25
51
2
49
31
48
11
63
52
33
40
14
4
11
57
24
49
48
18
4
54
56
13
2
63
61
75
75
35
38
10
114
40
40
63
59
9
52
27
15
47
10
58
17
28
23
71
9
54
2
22
21
51
17
1
15
50
13
23
96
19
21
81
17
46
60
57
38
11
5
37
19
22
22
25
22
9
63
1
13
37
86
59
5
38
35
25
77
27
3
95
42
15
35
17
33
13
52
31
35
12
38
12
29
28
48
42
6
43
11
6
10
70
54
17
3
38
20
31
44
26
46
74
54
28
37
7
23
31
65
37
9
45
116
57
84
31
71
32
7
49
34
42
17
9
57
4
16
26
16
10
42
22
14
19
8
67
57
89
54
90
34
82
2
12
20
58
39
44
73
25
99
24
85
50
23
25
39
8
13
19
53
82
45
40
19
5
23
94
11
13
35
13
71
69
24
59
102
52
2
21
78
18
33
22
36
31
8
22
73
35
20
58
8
8
43
112
94
52
40
49
43
5
44
33
0
54
70
76
56
74
51
45
27
51
77
6
21
49
4
72
1
52
28
33
12
8
6
20
54
32
44
25
21
21
67
10
64
19
27
42
27
49
49
80
14
4
11
22
62
17
57
26
49
39
40
47
74
54
39
32
16
89
71
35
56
19
11
54
11
17
19
50
31
24
22
0
6
71
33
38
13
18
33
68
28
55
1
24
25
91
66
49
61
11
43
55
20
45
34
26
24
66
27
91
38
117
46
39
1
24
42
34
41
9
26
41
49
45
85
27
95
11
15
71
1
24
8
19
83
30
27
14
52
27
144
70
74
58
22
58
58
14
51
49
18
5
5
0
68
36
52
40
51
51
25
9
25
65
31
4
65
33
57
33
12
26
2
23
8
3
11
0
54
17
27
1
56
16
6
27
25
38
13
33
41
10
66
12
16
75
62
53
15
21
21
41
14
78
62
11
12
82
39
10
47
45
48
30
32
31
65
31
48
5
15
45
81
30
83
18
7
1
48
75
26
75
8
1
66
47
9
22
15
10
7
4
11
54
92
4
13
32
51
19
28
29
13
14
10
22
26
13
10
7
27
2
32
3
27
21
30
14
7
2
15
2
18
22
46
30
36
118
22
32
74
30
31
18
92
13
24
33
2
29
42
19
58
86
54
45
46
28
5
3
27
7
27
61
9
42
19
64
79
108
59
13
27
44
12
0
25
73
1
36
47
1
39
9
36
24
50
4
20
8
2
57
23
12
55
76
1
52
33
35
12
39
14
42
49
5
72
26
32
25
62
18
3
30
4
9
18
65
28
23
26
1
25
88
17
39
2
1
71
15
67
27
55
7
66
2
7
18
13
13
54
41
51
13
14
25
45
15
42
24
24
27
32
18
64
11
4
25
9
71
49
22
1
42
61
7
47
33
30
4
6
48
26
8
5
4
40
8
31
22
35
23
17
18
38
72
23
30
8
45
13
68
33
38
13
40
39
9
62
5
0
25
40
5
29
19
21
52
40
7
14
24
58
31
55
78
4
4
5
33
28
8
67
56
27
15
23
1
37
26
11
12
31
38
87
13
48
48
53
2
2
36
31
21
2
16
14
40
2
16
7
35
9
3
14
29
2
37
30
42
6
46
72
14
58
25
52
53
35
9
49
27
35
8
10
33
18
3
52
29
45
36
27
49
2
2
61
84
37
13
36
13
44
23
57
59
25
31
45
16
24
9
29
38
5
18
16
55
4
8
48
57
19
16
29
41
20
22
51
72
81
21
20
26
49
7
20
51
11
67
26
42
4
27
24
4
64
38
24
42
46
9
20
40
0
56
14
57
21
44
23
44
15
37
22
39
16
20
63
24
47
50
92
15
2
8
23
26
15
60
15
10
30
50
42
21
17
19
22
53
33
36
25
36
14
83
25
22
25
37
57
54
16
10
12
30
4
15
0
35
37
25
9
65
13
31
26
13
29
34
8
26
24
23
42
6
31
28
36
8
4
6
11
102
10
49
35
33
0
13
23
1
14
18
1
40
53
7
21
41
53
24
75
21
3
25
12
24
51
13
35
12
80
19
44
28
18
30
9
60
48
20
22
5
44
39
62
62
16
30
33
23
9
34
34
44
21
18
19
3
14
12
27
64
8
21
13
23
25
57
24
10
2
46
110
57
91
28
45
1
31
13
45
4
8
19
39
7
60
19
48
40
34
8
39
12
1
26
53
8
13
25
14
8
1
7
76
11
60
50
32
67
22
17
0
2
21
2
10
31
25
13
40
56
25
23
4
17
15
28
94
31
31
29
39
78
18
54
17
63
53
35
1
14
87
73
22
20
12
3
40
8
11
12
15
7
16
3
54
39
1
27
22
75
17
6
17
28
19
3
10
22
54
11
8
28
46
19
53
3
15
26
18
69
47
47
34
55
30
1
37
5
7
42
12
27
11
45
26
35
36
24
46
21
3
11
8
72
4
12
2
2
46
24
46
40
32
16
53
58
44
12
33
20
14
36
3
26
23
11
14
4
34
54
11
97
17
67
20
23
38
58
14
32
6
18
1
17
31
97
9
19
41
1
62
81
9
4
24
24
52
12
23
66
39
2
22
16
70
27
31
79
2
3
16
36
48
54
44
17
21
12
39
25
2
70
40
1
9
37
10
50
11
12
21
35
8
18
17
35
32
44
38
1
41
25
15
0
16
49
29
6
1
40
6
6
15
12
58
13
47
49
11
70
1
36
47
33
16
90
49
33
27
18
12
12
26
53
16
9
17
27
47
0
8
20
9
22
34
54
15
33
7
35
23
3
1
12
2
33
10
53
69
21
4
40
30
6
23
51
36
42
42
49
53
2
21
44
29
1
14
9
63
33
11
2
25
27
20
18
62
31
65
55
30
20
34
7
49
0
25
57
23
15
38
42
4
10
8
17
8
33
25
36
10
10
38
43
34
45
35
20
21
17
43
2
10
0
12
43
3
13
23
34
12
47
38
13
1
27
22
9
3
40
14
27
18
53
8
60
16
16
33
35
1
17
15
7
20
18
37
4
14
50
21
86
15
14
40
9
28
9
13
10
29
7
45
22
3
17
32
16
53
19
42
38
10
16
9
5
37
7
58
46
48
10
23
9
29
15
22
9
9
14
18
44
13
18
34
58
10
4
25
8
22
45
29
1
27
47
19
13
20
42
55
6
12
23
18
6
2
48
12
0
16
51
21
11
43
14
11
1
40
24
8
6
56
38
23
1
4
32
9
21
8
2
21
20
2
12
36
5
41
6
23
7
36
35
13
9
27
2
29
19
7
29
8
41
17
9
17
13
8
24
25
16
16
4
7
14
1
8
15
20
17
46
0
23
29
1
36
9
21
45
12
5
38
26
21
33
27
11
7
1
10
23
15
15
70
2
74
41
21
27
19
32
26
45
5
15
6
10
16
7
13
1
19
29
55
11
1
6
10
3
20
19
17
53
4
33
35
23
10
23
3
14
27
51
12
33
30
16
25
1
57
16
3
28
9
8
30
3
6
48
14
8
3
8
24
8
8
15
9
6
27
32
1
21
22
8
6
25
27
7
18
6
38
7
52
28
15
1
18
49
1
17
31
28
3
53
9
6
14
21
0
24
26
20
0
9
5
19
25
8
6
29
12
46
29
18
24
33
11
23
54
32
4
28
4
27
31
0
18
5
21
15
10
4
17
30
31
44
39
16
16
6
41
17
3
9
4
25
5
33
18
11
12
38
5
9
14
23
39
11
15
30
3
41
7
40
5
37
2
0
27
27
49
20
2
28
3
30
34
16
12
42
23
9
11
27
4
12
9
11
29
5
1
37
8
12
31
8
12
28
15
9
18
6
17
17
17
37
9
7
40
22
13
15
11
27
8
32
41
8
6
40
9
19
24
19
0
26
33
3
1
7
17
49
3
12
9
43
31
4
6
0
9
32
8
9
0
51
30
15
6
13
5
15
14
1
27
20
22
3
18
12
45
5
6
1
38
4
14
16
4
36
26
8
19
27
4
38
7
7
20
15
23
9
13
19
36
11
1
13
19
10
27
2
11
11
6
9
19
19
12
8
7
16
4
22
4
8
2
42
1
17
13
41
19
11
31
12
39
3
25
3
23
22
4
4
21
37
0
5
27
8
2
20
7
27
17
1
3
13
15
5
16
24
3
12
20
21
17
9
6
22
53
16
8
23
28
18
14
9
1
19
8
49
5
14
17
7
3
2
25
1
12
9
15
13
0
8
3
7
17
33
7
40
1
23
9
20
2
9
9
1
1
13
17
16
27
17
11
13
22
21
21
15
2
8
22
11
5
18
11
1
12
9
3
18
22
16
9
6
5
1
6
19
9
13
26
3
8
23
12
0
13
15
33
6
5
20
5
8
6
18
21
12
27
19
27
1
16
0
0
12
17
9
21
14
3
30
18
22
2
13
25
12
20
11
23
3
14
4
30
10
6
25
3
4
16
3
22
9
14
8
8
19
22
13
0
19
12
5
10
6
11
10
5
0
4
4
18
2
10
19
4
19
7
9
3
5
23
5
2
2
19
15
23
6
12
12
1
17
1
4
13
25
9
7
2
2
9
6
4
24
5
5
7
1
0
7
6
6
5
1
3
1
5
4
15
0
5
3
14
6
1
1
19
3
4
9
9
3
7
19
4
4
4
10
4
17
8
19
7
9
7
16
3
6
1
9
3
7
9
4
8
11
8
2
2
18
1
10
1
11
12
3
16
5
4
5
16
2
1
17
3
7
9
3
13
9
4
3
1
8
7
2
19
8
0
3
5
2
0
4
2
12
9
4
10
5
0
0
3
3
6
1
4
2
5
4
10
12
4
2
1
1
10
7
3
7
2
4
7
8
3
3
6
1
6
10
6
6
11
0
2
0
6
1
1
3
0
0
3
2
0
2
0
0
