4
14
29
100
29
1
133
6
0
11
20
11
34
70
3
2
24
48
11
126
148
14
15
11
76
43
24
16
17
52
8
12
12
39
9
4
28
27
19
27
15
33
5
26
35
60
27
15
11
13
28
56
8
53
22
54
15
129
32
17
7
47
31
25
47
60
33
13
62
69
84
1
54
57
8
70
35
37
11
37
7
5
21
52
36
34
48
3
25
86
72
68
10
4
58
63
44
56
49
14
41
24
11
17
6
51
57
15
38
46
109
58
57
118
90
26
18
96
4
103
54
40
38
62
23
9
18
118
101
14
18
103
10
92
38
2
37
65
51
43
38
47
34
74
123
14
14
134
12
6
21
27
150
55
23
19
39
82
8
5
5
140
67
50
34
104
40
44
56
12
119
9
55
29
80
41
64
28
103
121
118
77
65
127
28
67
19
57
13
3
0
3
55
2
110
69
33
15
1
39
67
54
49
40
69
26
112
4
20
59
38
41
24
26
21
32
7
40
14
91
25
57
7
96
84
137
15
56
25
11
30
5
36
33
78
54
115
52
100
29
19
27
20
38
5
22
45
30
44
35
7
161
101
50
34
3
10
56
128
35
25
124
20
19
104
6
11
80
87
83
4
19
110
76
25
45
42
32
57
9
57
9
11
93
93
50
66
159
4
26
31
33
92
48
110
62
33
36
84
80
45
49
51
17
54
52
31
75
43
30
16
49
100
79
77
30
2
19
42
22
37
63
6
2
19
60
15
4
121
16
37
21
110
39
120
3
58
109
43
31
34
19
55
21
37
79
74
7
84
10
14
34
119
20
4
1
37
30
10
59
37
19
18
48
84
19
59
7
4
22
74
8
70
0
56
119
33
8
55
76
8
54
242
12
27
36
21
47
9
28
8
45
88
35
74
21
15
114
18
82
73
71
47
38
62
8
72
102
33
94
49
81
22
4
14
14
100
12
61
30
41
31
31
24
28
85
5
59
200
26
54
104
22
68
122
13
9
11
60
48
50
34
85
34
85
84
48
52
21
9
27
32
69
35
23
71
77
61
18
8
20
59
45
26
50
28
73
24
11
5
45
48
85
6
36
36
61
78
74
71
177
107
48
48
34
11
80
19
59
67
9
22
9
31
52
88
68
63
26
65
12
45
4
11
7
45
36
89
65
41
38
100
30
60
18
156
0
25
92
56
16
25
29
101
25
60
21
25
45
171
29
36
93
8
168
91
67
132
1
2
45
71
3
7
27
59
47
45
86
44
2
28
1
27
69
33
33
90
21
38
17
14
46
4
69
116
66
14
2
57
29
43
4
59
81
97
67
7
23
17
16
61
42
63
50
42
17
70
38
18
75
55
2
10
97
54
33
66
43
89
7
23
20
5
58
49
97
5
34
16
86
118
68
71
170
39
43
86
24
111
79
18
7
2
7
5
57
62
42
15
121
47
74
56
38
3
40
19
18
17
5
50
24
105
68
29
36
75
39
31
53
35
12
12
4
36
31
33
130
32
99
107
40
63
69
14
6
11
7
21
33
59
54
23
66
88
15
42
140
12
22
30
92
23
30
11
57
120
20
35
54
65
24
87
61
25
2
9
94
11
69
33
25
25
14
49
57
54
37
0
27
12
13
8
56
84
93
47
48
4
32
13
45
110
9
11
97
5
75
77
104
45
31
24
47
18
97
16
72
44
54
0
51
71
51
32
50
50
12
111
28
29
54
6
36
35
27
53
61
119
22
12
70
25
35
13
78
14
18
3
12
3
79
6
169
11
103
32
71
68
44
32
27
21
15
36
12
16
42
23
71
2
61
75
15
10
22
41
33
114
81
30
48
70
43
19
13
7
50
82
71
52
112
102
61
48
37
23
76
120
76
92
64
20
32
90
20
68
13
24
67
37
24
89
59
116
25
60
27
19
52
107
25
16
31
6
15
19
1
41
8
85
23
7
13
39
61
49
7
26
59
26
17
11
21
42
62
61
11
3
83
50
47
3
9
34
50
47
12
50
21
49
5
6
128
11
24
25
107
32
21
20
28
16
8
15
42
26
43
45
12
45
23
1
3
2
10
89
37
29
43
97
57
67
55
73
2
46
15
41
23
73
120
74
16
5
9
49
71
138
94
43
13
7
24
113
25
76
51
10
4
53
103
40
13
11
68
48
37
28
58
114
99
208
157
23
10
44
16
12
20
7
66
35
50
15
7
69
13
13
13
6
3
110
45
14
37
55
108
20
86
41
57
26
79
21
104
16
53
86
53
49
92
11
67
6
80
75
19
20
45
14
31
71
61
53
34
4
42
125
20
6
10
13
1
29
8
139
3
78
72
5
58
24
4
17
106
9
50
8
62
15
59
27
67
9
5
2
25
36
10
41
20
63
74
8
87
89
68
51
94
20
38
35
16
12
163
12
41
52
68
36
32
6
44
134
22
55
77
1
36
87
24
36
10
29
114
22
51
10
10
91
9
54
14
49
17
7
27
93
15
25
76
85
7
58
25
11
44
32
100
91
48
34
52
38
13
84
22
72
117
24
30
35
0
8
29
69
105
40
21
62
5
45
55
38
28
63
4
62
12
8
34
38
36
15
23
58
6
46
40
29
15
79
33
10
44
26
22
48
92
13
12
78
15
94
58
18
81
44
32
51
45
40
56
37
83
38
91
52
58
16
4
17
15
89
9
128
74
5
50
28
38
93
12
100
38
62
36
26
5
17
7
23
56
40
17
48
3
85
71
41
32
17
17
38
60
39
152
57
7
33
41
3
64
134
51
31
60
36
129
3
55
76
20
33
21
8
46
124
43
38
67
27
41
37
28
5
50
48
2
47
67
96
11
8
12
4
1
23
85
100
28
12
1
105
31
7
31
35
4
20
23
71
10
33
2
62
40
40
3
14
10
62
40
29
31
10
116
44
19
11
6
30
44
16
29
61
9
8
5
31
13
9
87
164
61
8
75
20
48
10
31
49
6
98
12
98
61
2
9
75
24
101
32
59
92
54
28
7
4
4
29
45
100
16
70
57
9
19
46
19
51
88
92
14
39
17
0
31
57
19
42
30
21
8
40
23
23
4
55
24
34
21
12
0
46
84
71
73
112
24
59
64
61
69
85
16
10
35
9
21
42
33
63
11
13
27
37
64
34
39
27
29
22
43
9
51
11
30
31
57
36
93
52
32
6
3
58
56
117
54
8
4
18
21
28
23
15
91
39
31
25
27
78
27
59
51
87
52
64
7
6
24
96
78
47
146
98
28
51
90
22
17
48
48
18
36
26
14
47
121
29
61
1
20
23
49
91
78
16
80
60
88
32
2
112
66
43
28
35
104
45
4
8
43
12
95
36
82
6
10
9
29
14
15
99
60
104
5
14
73
83
66
39
21
43
16
53
7
9
80
59
13
29
78
19
25
23
29
113
31
66
76
34
39
15
30
3
55
122
3
19
74
26
2
60
31
6
10
58
2
12
5
12
37
1
33
5
50
57
34
36
20
9
33
47
60
45
33
3
26
22
12
102
32
88
35
46
14
9
29
141
91
89
2
14
52
14
72
36
68
10
59
34
113
28
4
2
66
85
10
53
59
27
110
29
31
89
53
22
25
12
28
26
27
4
29
17
20
5
56
94
43
104
9
86
60
25
18
21
17
77
14
18
26
43
100
10
35
2
47
23
25
39
16
38
25
15
28
66
3
3
59
7
101
66
74
2
69
90
11
44
30
118
55
30
28
53
84
95
29
3
9
14
33
8
65
14
27
2
44
2
36
61
63
4
14
7
64
46
53
9
12
31
43
3
49
51
5
10
35
57
6
46
49
69
7
133
20
19
36
29
25
14
85
9
39
49
45
13
15
64
56
7
111
13
16
26
5
12
46
62
35
9
24
54
83
8
3
65
15
60
48
74
19
30
4
25
51
18
46
73
4
37
8
43
9
62
35
110
0
76
4
24
8
26
7
10
39
39
36
1
7
47
85
2
73
75
112
3
29
6
30
15
40
115
24
6
55
13
13
9
144
137
1
34
22
119
12
2
46
50
68
72
86
26
6
7
39
30
72
85
84
2
9
44
32
8
38
19
17
5
34
42
30
97
16
96
60
37
24
31
63
27
40
4
59
29
34
32
10
5
6
15
33
40
58
25
7
55
1
34
88
21
43
21
72
98
25
1
61
5
9
18
60
13
21
0
39
64
28
35
89
6
18
26
19
50
49
29
85
37
39
57
21
52
8
29
1
44
53
61
23
80
9
84
61
24
50
8
14
1
37
75
10
6
46
44
65
64
17
49
72
33
35
105
32
41
39
101
65
51
95
41
41
70
41
63
53
3
54
60
86
112
0
27
27
1
78
19
1
1
29
18
9
84
27
4
26
20
56
50
45
69
44
37
24
32
5
24
61
21
28
31
7
97
36
17
28
22
64
42
8
58
3
58
25
2
38
47
68
26
22
25
25
53
14
51
37
48
68
28
92
54
33
49
65
38
42
7
32
25
16
36
26
22
5
108
64
30
5
66
11
26
40
17
34
11
13
2
35
22
2
69
36
7
33
28
40
15
20
35
48
16
6
16
59
36
32
27
6
38
35
2
42
17
83
25
16
94
38
18
9
7
58
69
11
5
10
0
38
48
11
67
94
23
16
65
29
4
42
50
27
64
35
17
23
33
47
6
34
115
23
26
3
52
27
52
17
94
13
31
73
37
16
59
67
10
29
25
11
6
29
89
7
27
13
24
63
31
13
32
6
11
6
38
58
9
1
90
35
51
27
61
36
17
63
38
8
22
70
39
25
40
42
60
52
41
5
39
6
21
36
16
58
35
82
12
0
45
49
95
24
11
60
12
70
67
11
25
44
3
24
87
1
50
0
26
20
47
7
46
51
82
29
27
52
6
27
45
12
27
59
55
25
106
8
2
25
40
0
41
19
14
2
20
23
16
15
57
35
12
15
51
35
52
1
49
64
3
17
14
56
49
2
12
38
48
14
26
1
39
7
43
70
9
60
17
20
15
1
40
17
22
49
36
11
19
16
45
4
14
87
8
83
29
4
5
50
48
30
40
50
20
16
86
34
6
28
26
74
29
3
23
3
25
16
25
31
46
75
54
29
4
13
47
31
8
35
37
5
13
22
36
44
14
14
19
12
6
20
23
11
35
1
14
32
81
26
32
56
25
31
31
41
57
10
40
35
27
20
49
7
60
18
36
28
23
36
9
22
19
79
4
44
6
1
15
47
24
20
18
21
6
30
18
38
59
60
2
18
59
45
9
45
56
67
16
40
14
39
19
28
32
18
2
0
26
15
7
22
12
11
40
67
4
46
17
40
25
17
12
35
31
26
53
62
14
32
3
12
9
11
37
20
21
7
28
70
35
23
20
4
6
4
40
23
22
2
47
79
65
10
62
27
62
23
14
26
9
20
6
39
10
6
21
0
36
12
24
39
12
42
53
22
82
28
58
60
16
18
45
30
14
24
84
10
12
4
11
29
11
21
10
7
5
11
50
34
24
45
24
8
6
89
42
53
96
19
45
35
3
51
8
57
24
3
32
19
3
60
19
55
29
35
33
60
7
17
5
3
24
60
47
27
38
43
9
24
103
10
11
65
18
16
14
64
27
7
29
65
25
70
32
4
68
16
21
12
16
23
18
24
41
22
36
10
15
62
29
41
8
19
40
52
8
10
26
39
27
62
86
2
30
6
25
15
44
68
35
29
52
47
112
20
31
41
3
49
9
21
8
11
11
23
15
10
19
15
44
14
8
17
10
33
34
19
20
29
54
54
27
50
5
9
23
27
59
41
7
52
1
88
1
4
34
14
37
33
15
10
16
36
26
36
33
1
30
2
64
29
7
24
24
13
28
17
29
63
20
15
48
10
38
51
117
25
22
17
27
2
74
9
11
16
128
73
17
10
18
17
1
13
29
0
51
20
51
24
15
19
52
33
28
5
76
32
57
22
4
1
9
8
8
14
50
35
22
29
4
7
25
21
11
28
37
3
9
42
17
42
34
52
11
11
25
49
61
62
31
29
17
25
96
63
5
7
1
13
45
41
48
24
16
89
83
15
42
26
10
20
35
26
25
26
91
24
6
12
25
12
3
10
2
22
2
22
44
31
7
46
16
8
92
1
28
33
23
12
55
26
25
25
61
86
13
81
53
15
22
28
1
25
14
12
27
57
3
9
14
0
40
20
20
36
5
56
37
12
27
8
58
35
5
13
30
3
18
25
42
11
11
15
5
13
28
25
22
14
43
6
16
40
38
7
20
16
46
14
70
18
16
16
29
70
12
27
7
15
43
17
33
7
18
27
34
33
42
6
21
48
5
11
59
19
15
42
14
35
4
49
41
10
68
14
4
35
34
15
9
64
14
26
34
6
10
24
18
49
39
77
48
12
7
53
10
29
15
43
9
23
32
6
51
2
57
9
25
17
85
19
42
11
18
51
35
18
2
0
1
52
45
38
49
48
19
16
22
15
16
2
22
24
66
63
11
32
43
23
18
10
17
16
72
17
35
33
27
14
49
38
18
81
29
38
10
19
1
21
25
38
7
77
44
25
12
43
6
33
52
32
19
85
10
38
61
35
1
27
5
73
3
10
62
62
30
27
71
8
4
20
28
13
53
19
31
1
17
52
6
79
37
6
48
2
3
25
12
12
73
26
28
60
12
7
38
7
47
70
33
49
5
15
42
20
38
42
35
21
43
2
10
61
14
26
11
14
37
6
7
40
50
14
25
0
21
16
30
29
22
24
12
22
30
51
20
15
24
79
16
26
18
22
34
16
11
33
55
23
29
46
9
13
6
73
3
31
7
23
37
4
60
18
23
5
12
61
15
8
4
27
34
27
7
6
34
38
10
4
40
31
64
1
61
44
22
7
31
2
29
45
3
0
49
16
35
21
27
2
4
39
43
21
12
20
11
25
19
13
7
3
14
35
53
10
3
30
5
20
30
29
39
14
52
5
12
17
18
39
57
26
21
47
36
14
23
68
5
3
1
27
33
8
9
3
39
1
14
53
20
46
10
47
19
33
7
22
55
57
43
20
2
8
14
34
10
2
36
22
24
18
16
15
11
9
11
3
14
16
23
29
28
27
13
48
4
13
18
5
40
7
33
0
11
12
25
5
3
16
23
7
24
31
9
6
22
21
69
10
36
22
6
25
16
14
26
24
33
15
24
1
28
9
30
9
2
36
59
12
18
15
5
4
10
26
38
36
2
62
18
10
29
3
29
27
10
8
32
22
45
4
24
24
3
41
8
15
6
16
5
27
53
8
15
5
54
23
46
22
0
4
17
38
7
7
17
32
16
6
0
3
12
17
3
18
17
10
5
36
15
58
15
16
11
23
32
20
8
31
42
1
8
4
7
18
21
21
40
43
29
7
13
1
38
39
25
21
1
4
6
29
43
66
11
11
18
6
23
17
32
11
1
49
26
3
34
5
27
8
51
7
41
16
8
21
11
22
10
6
10
10
27
11
9
46
0
28
8
14
3
10
23
47
34
31
27
12
22
32
38
16
50
20
27
8
8
15
37
19
3
29
10
29
6
5
22
4
13
22
29
11
0
10
28
13
39
0
46
23
26
1
16
7
0
19
38
26
12
10
51
4
17
55
29
29
10
16
4
21
14
16
1
8
7
37
0
15
14
40
1
8
0
24
5
39
42
1
55
18
3
13
39
6
22
18
33
2
12
1
34
1
22
27
38
14
15
6
4
34
13
17
35
10
16
17
11
5
10
22
24
4
33
46
11
29
1
41
43
19
32
20
17
7
12
19
45
26
1
52
10
15
33
29
2
16
40
35
13
8
2
25
25
4
9
17
31
21
13
39
7
28
25
24
24
29
33
8
9
30
16
2
2
32
16
10
16
10
17
13
19
12
18
11
28
21
10
8
20
3
18
10
27
19
19
5
2
25
12
6
17
19
25
12
10
16
18
23
28
6
8
7
15
24
29
1
24
19
5
12
5
18
25
19
15
19
19
16
23
5
4
10
22
14
0
27
22
20
3
11
20
3
7
13
11
43
27
5
16
20
18
31
13
16
8
7
5
24
22
15
15
13
69
7
18
9
33
8
16
9
20
6
50
7
7
21
8
18
25
4
5
2
18
6
7
22
10
6
1
17
16
13
6
8
23
41
6
7
7
10
43
8
4
8
17
11
4
17
16
6
22
19
17
6
11
18
8
8
12
9
29
20
8
12
31
48
9
20
20
11
14
14
20
13
21
16
3
6
7
30
28
14
9
20
19
13
12
7
33
41
21
2
22
16
12
16
30
11
16
4
22
1
10
7
13
44
7
23
18
6
16
6
21
21
12
18
4
30
20
17
4
3
3
0
28
18
25
23
1
2
5
9
0
5
20
15
29
21
14
4
1
4
14
1
2
19
0
25
12
20
5
23
7
9
12
8
18
2
10
13
19
3
11
10
18
26
9
17
1
16
17
14
1
5
14
16
5
3
18
8
3
13
21
7
20
14
11
22
10
3
20
1
8
0
27
7
13
12
10
4
1
15
16
14
14
12
22
12
2
3
3
13
5
10
5
1
1
12
10
14
8
10
20
15
3
10
8
6
19
3
8
18
2
6
12
3
23
25
5
14
12
14
2
19
13
9
6
27
3
12
6
4
6
12
3
14
23
14
10
6
10
1
11
1
4
14
4
2
10
14
7
17
12
7
1
8
1
11
7
18
4
9
1
3
2
11
8
15
6
7
12
4
3
8
1
8
1
14
0
1
7
9
14
6
1
6
15
12
9
9
14
1
3
5
7
11
10
2
11
6
6
3
1
3
14
1
14
7
1
7
1
1
7
3
1
7
7
2
3
7
2
4
2
4
4
0
0
8
6
4
1
1
15
9
2
3
8
10
2
2
3
5
3
2
15
4
0
4
4
3
7
3
1
3
6
0
0
3
7
1
2
2
1
0
3
0
2
1
4
0
