14
25
27
3
19
25
100
31
6
16
62
5
36
36
13
11
58
4
18
17
50
0
10
12
13
6
29
14
19
5
67
33
12
23
26
18
31
66
10
81
61
7
27
30
22
18
3
11
3
42
27
10
32
42
156
43
68
10
22
0
68
16
23
41
7
62
38
33
0
56
62
126
17
5
73
22
9
50
40
69
9
5
53
7
9
133
1
37
53
6
57
22
85
1
29
108
56
13
24
68
68
49
17
41
85
10
12
89
0
100
6
47
89
24
26
19
15
26
5
32
3
28
52
25
64
14
33
12
61
26
46
85
57
79
61
36
62
89
26
13
44
11
21
1
1
80
8
59
39
73
54
11
71
39
25
10
4
45
75
117
53
131
55
52
23
103
17
88
10
31
5
10
36
66
18
10
86
109
46
20
59
28
28
3
12
118
25
111
32
19
55
74
61
60
141
90
28
51
96
89
60
37
12
67
11
15
76
22
49
35
126
54
5
22
29
6
24
38
38
53
90
5
45
23
11
24
35
1
55
39
49
20
31
87
71
59
39
18
111
51
45
72
11
52
3
9
163
51
4
1
71
80
12
171
24
25
41
32
13
11
33
127
6
24
13
46
7
61
36
130
32
33
122
15
105
1
42
85
76
32
3
12
100
89
79
11
5
25
100
24
25
10
56
34
35
72
54
50
63
57
34
29
68
22
40
28
23
11
40
2
6
7
62
9
35
72
104
24
116
84
168
23
35
23
55
67
42
33
19
100
20
53
66
9
151
32
62
12
24
16
8
77
36
64
13
108
1
46
74
69
41
4
71
110
23
36
17
143
21
5
85
20
20
23
47
3
31
14
38
61
71
35
63
35
1
9
74
47
46
33
35
46
23
11
13
32
95
27
0
112
51
40
84
34
39
75
97
50
72
54
44
1
74
17
8
20
46
56
41
121
9
10
69
9
51
77
74
78
53
123
44
70
12
54
29
29
37
119
34
22
104
22
28
16
38
49
32
67
36
26
15
65
61
0
83
87
68
67
10
39
23
108
50
29
8
137
62
35
18
2
107
24
0
37
75
107
1
115
57
55
41
14
18
16
18
36
44
153
12
51
28
40
38
44
17
1
62
28
40
52
54
15
9
115
29
37
106
1
19
12
34
119
81
23
18
63
25
8
55
136
16
37
7
12
78
132
38
26
63
103
45
9
53
45
14
9
35
46
31
33
7
47
24
2
100
70
27
44
64
36
18
20
35
5
29
19
58
51
35
39
84
4
38
82
63
5
59
129
37
82
71
67
7
54
4
75
73
61
33
22
4
22
51
94
9
11
25
41
112
72
55
21
40
74
55
6
1
22
35
88
93
30
86
25
19
1
13
45
40
64
60
56
32
4
76
31
114
14
50
158
2
21
2
51
2
31
59
20
100
86
14
49
56
27
24
43
56
57
17
22
39
20
76
42
88
16
62
6
80
111
32
122
65
72
91
53
65
44
31
64
42
10
8
36
54
5
80
81
57
12
59
7
12
36
21
74
7
38
93
44
16
63
83
79
25
1
6
17
41
46
63
25
93
56
88
99
51
107
4
47
35
3
28
33
146
30
136
136
52
73
13
65
22
4
37
63
26
20
37
73
48
17
10
36
34
15
12
80
4
10
17
23
5
31
100
9
60
28
32
69
19
78
118
0
93
12
70
3
29
166
50
111
52
55
92
83
63
50
71
89
100
58
33
8
33
44
44
8
3
49
50
23
15
62
63
36
8
61
63
13
16
12
26
78
11
5
19
6
105
32
2
30
22
81
59
101
22
1
14
7
17
31
137
52
67
86
55
77
47
6
20
9
51
24
30
12
32
8
27
78
10
42
17
40
22
26
90
53
3
29
77
28
4
73
2
10
126
17
137
50
27
18
41
6
83
109
83
74
24
8
2
58
29
14
57
145
34
19
76
168
57
124
21
30
92
33
67
32
34
24
2
39
13
121
18
33
46
8
13
16
104
20
96
57
29
46
8
14
21
3
29
48
52
18
0
66
14
17
50
26
75
9
108
24
49
13
40
17
21
64
122
56
137
42
88
79
69
15
4
35
8
15
19
66
56
42
15
72
64
22
16
56
64
44
18
3
116
31
18
27
70
6
0
56
38
18
75
23
7
25
54
41
7
51
27
50
15
86
57
18
69
11
78
75
31
65
40
90
3
78
44
63
31
36
63
7
32
3
81
29
66
5
16
38
27
6
39
33
30
33
53
8
69
12
29
65
30
5
3
90
115
27
46
99
90
3
28
110
25
47
46
49
63
45
25
36
28
47
7
22
44
52
62
22
12
59
95
20
42
57
57
19
8
33
8
21
27
26
90
29
34
26
70
2
2
20
5
1
9
28
15
162
62
110
1
42
5
105
66
84
11
64
23
78
37
53
11
39
51
6
3
13
82
55
82
13
43
84
90
37
20
68
44
14
68
66
121
16
8
50
14
54
2
20
12
38
20
62
33
37
9
2
101
31
98
0
23
57
0
28
96
62
43
39
83
37
20
9
69
1
88
91
44
61
8
56
30
40
6
48
65
29
14
9
1
33
56
35
84
41
61
17
26
109
6
48
36
27
52
54
39
50
24
8
91
2
47
6
22
30
26
35
8
86
10
70
39
138
57
59
1
79
35
28
48
3
3
30
98
111
47
74
83
21
63
51
37
54
59
59
97
76
100
49
24
4
45
53
0
80
49
38
45
17
11
9
20
59
22
18
114
84
18
90
4
19
21
52
136
8
9
2
72
14
27
7
7
89
44
45
138
32
125
21
44
77
119
92
121
29
83
20
68
28
6
13
58
53
0
38
17
48
112
70
115
84
59
51
45
8
71
16
32
3
0
31
26
2
52
45
0
27
62
9
43
54
61
20
32
14
5
64
5
26
58
15
18
24
44
76
12
23
107
24
21
19
3
16
12
94
67
126
29
12
39
35
31
5
46
2
58
28
31
49
14
56
33
39
51
137
18
3
66
54
96
32
46
3
36
76
16
5
63
117
33
38
38
4
18
2
56
58
6
21
23
91
80
35
42
60
6
37
33
6
45
4
92
16
17
40
16
25
71
13
60
19
13
33
43
3
27
82
106
13
20
15
24
17
14
56
53
48
9
77
46
20
37
21
53
12
53
54
104
91
21
32
101
31
27
15
55
20
19
50
33
44
4
18
28
61
15
10
114
29
3
65
6
83
36
176
7
82
42
18
37
19
29
11
10
11
52
32
124
52
40
27
19
30
87
87
81
7
106
6
40
26
103
77
39
58
80
18
37
22
3
57
9
1
54
18
13
51
22
52
70
29
55
50
68
29
34
10
104
5
62
45
19
18
10
47
22
10
36
7
30
82
1
8
34
32
7
64
14
11
98
56
23
139
23
64
23
41
21
27
18
34
34
6
13
44
58
72
6
25
17
33
109
12
74
46
34
53
20
107
18
59
87
35
20
28
15
0
20
89
95
84
73
28
56
51
57
42
51
26
34
2
10
18
21
17
88
71
98
7
38
51
44
18
62
21
61
3
10
53
29
62
9
26
39
22
89
3
74
50
13
31
72
65
85
58
49
44
52
6
49
53
26
11
77
66
44
49
3
15
12
17
56
39
30
22
13
20
43
62
37
14
20
64
7
55
16
13
8
4
59
53
67
41
34
13
87
33
34
1
0
28
53
40
69
2
51
13
66
62
38
19
25
12
22
69
11
36
42
14
59
6
5
12
38
28
38
78
63
8
53
78
128
54
114
41
8
49
16
9
23
24
59
29
18
54
33
30
122
29
75
12
55
5
42
33
76
48
72
2
10
53
18
48
27
60
131
42
25
23
96
39
0
130
23
3
68
6
116
44
57
64
7
64
74
2
48
26
28
47
38
101
114
1
28
27
55
62
45
43
19
36
70
72
1
30
2
7
10
7
61
17
35
18
10
11
35
47
68
74
1
25
28
11
7
35
13
8
59
110
12
11
7
29
48
68
30
44
9
91
57
8
42
46
47
4
78
1
8
29
23
17
5
12
18
73
40
5
6
74
68
81
7
29
42
8
6
14
15
15
30
76
18
58
5
43
81
30
53
8
79
32
39
4
4
68
48
24
32
49
23
8
48
30
11
33
33
35
10
115
58
11
1
6
68
101
45
61
19
50
76
9
6
110
44
51
16
56
39
73
27
42
6
46
59
1
1
9
43
20
3
55
55
35
19
18
14
37
74
88
97
9
12
30
25
37
6
34
22
32
25
40
4
39
12
19
61
20
16
28
29
34
2
53
30
57
23
34
94
9
25
13
12
18
70
25
14
36
7
35
36
68
54
71
83
50
58
7
5
8
102
15
33
21
9
10
31
29
27
13
21
59
30
82
5
5
68
64
32
45
85
19
66
33
6
54
42
73
56
79
22
23
34
25
45
7
89
23
61
16
31
7
23
68
43
24
102
8
53
62
36
36
22
10
31
12
52
25
10
32
32
10
7
30
47
36
28
51
71
103
20
8
6
16
64
2
7
22
10
19
39
1
70
22
19
13
89
78
14
83
22
18
39
33
0
33
11
19
23
74
28
130
58
14
47
49
57
26
2
18
65
52
36
76
42
60
54
7
21
30
15
17
81
21
49
11
20
26
65
94
64
20
18
11
5
2
34
31
31
13
17
14
8
14
17
3
16
54
13
10
37
4
55
25
9
31
24
8
41
59
59
45
47
20
46
67
76
35
47
38
1
13
42
24
4
58
13
41
82
38
6
19
16
22
19
68
54
11
37
22
11
37
72
10
13
41
8
32
11
48
28
30
7
39
12
32
106
21
26
121
40
24
47
8
74
4
39
85
42
15
60
8
21
93
0
30
6
12
13
17
26
4
25
37
62
27
30
30
43
23
82
45
49
43
60
24
23
13
35
76
10
25
63
18
3
33
26
90
36
14
43
7
71
90
12
16
88
6
7
62
27
9
8
35
57
52
67
51
12
35
34
74
26
25
56
25
23
64
23
35
42
28
26
71
109
54
22
62
44
23
9
4
18
33
22
28
35
95
2
43
30
23
25
24
36
15
17
27
5
44
37
16
92
6
3
32
70
55
31
9
140
33
6
48
2
14
50
9
43
60
5
82
35
47
23
33
54
69
37
20
49
99
31
63
41
11
52
25
72
21
24
34
56
21
3
52
10
8
20
24
10
51
57
15
15
17
3
50
10
23
23
16
34
36
45
14
17
20
23
48
57
9
1
56
20
44
11
35
36
35
4
36
56
9
103
53
25
35
29
64
23
6
68
73
54
78
4
53
25
48
26
6
16
24
52
27
30
26
40
84
20
68
0
32
10
27
31
31
80
82
56
7
49
34
8
52
56
111
17
53
73
21
7
40
41
77
60
37
18
14
47
1
16
38
94
4
11
31
15
43
17
17
9
2
28
10
48
22
122
57
44
40
22
50
92
116
37
52
6
73
39
21
13
17
50
38
50
4
29
49
0
37
12
47
11
84
11
34
24
19
53
56
14
53
48
5
16
25
29
56
25
4
29
34
40
51
45
56
27
31
25
62
24
7
5
42
33
5
27
1
29
40
44
12
31
29
40
21
20
12
16
2
21
10
69
42
2
67
75
20
69
73
2
14
27
11
5
13
3
49
35
14
39
54
65
67
9
6
45
33
50
1
39
50
27
13
9
30
66
2
56
54
26
0
4
25
4
38
65
10
43
43
32
19
49
17
2
12
22
35
48
27
18
62
35
23
18
21
34
43
6
12
35
26
18
6
8
25
10
31
66
34
10
5
82
1
37
32
2
28
15
9
40
8
11
27
33
10
16
2
24
35
71
55
55
28
2
1
80
49
34
16
30
26
86
57
38
2
61
10
29
64
0
3
9
9
43
62
0
14
34
137
6
1
23
4
50
84
40
3
39
11
25
5
78
42
92
58
15
0
2
5
14
73
8
0
28
39
53
33
29
46
41
20
50
4
14
20
105
4
11
52
24
20
39
1
35
52
26
4
21
21
74
6
2
34
11
28
11
113
4
46
9
14
4
25
58
37
24
28
12
23
45
6
6
11
40
57
71
16
42
16
27
22
13
79
76
8
16
6
1
11
14
25
14
87
11
72
2
2
7
11
53
0
12
5
30
46
25
27
27
20
32
9
16
28
26
43
43
4
8
51
9
20
76
15
20
5
23
31
39
27
3
41
11
47
16
10
25
37
23
9
23
18
24
45
7
27
6
31
12
61
29
12
43
34
6
2
30
27
39
13
26
6
30
2
4
16
21
40
64
7
21
11
1
61
71
104
29
8
28
16
57
13
37
26
27
0
26
23
29
12
26
37
53
50
25
5
37
1
71
18
3
31
67
14
19
13
74
78
8
33
11
2
34
34
9
19
84
54
28
26
9
42
21
2
7
0
52
23
4
54
26
23
8
6
17
62
40
27
74
19
1
14
18
5
34
23
62
11
22
27
44
68
9
1
52
68
25
10
10
44
46
34
22
33
5
15
13
49
52
32
26
1
16
1
21
36
27
33
20
30
2
6
50
23
49
30
3
22
7
35
13
1
12
18
23
21
11
91
1
63
92
28
40
68
18
1
45
14
9
10
8
17
23
32
84
25
31
24
19
23
17
55
36
75
6
31
98
14
2
33
73
5
7
2
10
44
2
10
0
9
26
71
23
21
9
12
3
42
21
6
36
30
23
28
3
4
16
11
0
25
22
9
27
17
12
37
40
7
36
58
21
7
9
27
34
8
31
18
24
4
40
18
38
17
30
9
12
8
68
49
28
33
42
12
37
22
35
10
27
6
25
20
28
12
17
3
6
52
45
4
25
21
35
3
59
18
38
26
49
22
26
7
26
22
15
21
6
2
12
3
10
12
43
16
59
12
26
10
41
13
8
10
8
32
0
50
20
21
35
9
28
13
13
4
51
14
16
12
34
17
15
38
15
8
34
26
51
14
2
19
64
13
36
39
37
40
15
36
4
18
21
46
15
35
20
0
21
3
2
4
27
25
10
20
5
16
49
21
41
36
5
29
0
25
4
2
14
7
32
13
4
4
52
45
49
7
23
9
20
48
32
24
43
29
18
6
5
47
50
17
1
17
2
10
9
6
27
20
44
52
10
15
29
11
18
70
14
19
17
13
38
53
1
11
10
45
12
15
25
26
11
6
28
11
43
11
42
29
8
31
11
10
29
24
19
53
17
8
7
4
7
44
12
3
10
1
22
15
30
6
1
25
0
17
6
16
50
44
31
22
53
37
12
30
23
7
20
4
1
2
32
12
23
4
16
38
18
23
13
37
4
17
0
19
50
10
36
8
15
68
25
1
21
27
17
34
0
12
35
38
21
14
37
17
3
8
43
1
16
15
6
52
28
15
3
37
50
37
19
16
6
10
25
53
8
2
30
32
7
14
12
17
15
8
24
23
10
44
14
31
14
14
26
34
45
43
7
37
41
16
41
46
33
26
21
25
26
5
33
23
22
10
35
5
16
2
24
22
31
48
9
12
20
9
68
9
3
35
28
28
36
1
1
39
29
22
11
15
19
34
21
34
8
2
11
26
26
19
38
2
2
17
13
1
18
33
7
1
23
10
2
15
4
8
5
12
23
15
23
45
8
19
8
49
21
10
21
16
2
2
29
19
20
25
84
5
31
43
15
27
30
2
8
28
7
21
1
6
61
3
25
4
17
4
21
28
12
21
7
18
31
41
12
0
22
3
14
31
11
25
4
2
24
12
14
5
5
49
4
20
15
9
37
27
0
2
32
4
57
49
20
22
17
24
34
10
1
40
6
15
6
21
39
3
29
2
2
4
7
20
38
33
7
17
10
3
5
27
22
24
8
45
7
9
1
30
24
12
17
8
12
17
44
27
1
1
17
21
0
15
9
66
7
50
8
18
26
17
21
17
27
17
38
30
4
8
10
33
3
15
0
22
3
15
6
14
19
40
7
19
18
14
16
6
1
7
24
3
19
15
24
19
4
2
32
32
25
6
31
34
6
4
2
8
4
4
6
13
8
10
20
8
6
5
13
34
29
21
21
9
19
1
13
41
22
8
49
28
3
11
20
1
4
35
12
12
26
29
47
24
27
4
5
0
13
38
2
20
10
7
26
17
24
16
11
15
5
20
14
27
13
10
9
4
10
20
18
7
13
27
19
4
31
15
3
8
2
13
15
12
31
31
16
4
13
28
34
15
15
12
5
11
24
16
10
38
9
15
34
0
27
22
8
13
9
1
5
1
4
5
25
37
3
8
3
19
6
1
7
12
9
1
30
14
25
25
19
8
11
21
12
24
4
9
14
21
8
8
18
18
10
15
19
50
13
7
14
12
19
4
3
23
14
13
26
5
10
23
6
16
20
8
3
9
6
3
15
26
13
2
3
11
10
1
11
4
20
13
3
15
15
6
11
13
7
16
8
5
0
6
27
2
49
7
8
12
14
12
6
23
16
3
2
26
11
28
1
2
23
1
9
3
3
14
8
8
26
1
19
2
4
10
6
29
1
13
12
30
1
18
17
30
29
13
2
9
7
5
32
9
4
13
22
4
4
12
0
8
3
4
16
14
10
3
9
4
20
3
23
3
8
19
13
7
13
9
11
5
0
2
12
0
6
8
5
15
28
2
15
4
1
15
8
1
16
9
25
35
7
0
5
12
13
4
8
8
6
4
20
7
21
14
22
4
0
17
33
7
17
6
6
4
3
3
30
19
10
5
10
10
3
8
8
2
7
27
8
14
0
2
13
8
12
14
6
1
6
2
0
18
8
9
5
12
11
14
10
10
3
13
3
7
21
9
6
1
4
11
32
4
0
13
2
2
4
4
5
16
1
20
2
2
1
7
8
10
3
7
2
1
2
6
4
6
7
8
2
6
5
2
2
11
5
1
4
1
1
3
1
0
11
3
6
3
0
2
3
5
0
1
3
6
3
4
13
2
5
1
1
5
4
1
2
0
1
1
6
0
0
3
1
1
3
0
