21
37
8
47
2
27
73
17
39
16
4
28
19
48
71
47
9
13
26
46
26
12
7
17
15
46
52
27
26
13
56
5
4
69
98
23
20
15
60
36
1
66
21
25
68
11
20
42
8
32
45
48
36
77
63
25
55
34
35
40
42
102
49
46
53
12
2
71
79
33
10
20
64
27
77
6
21
57
11
64
60
112
55
69
11
19
37
84
27
54
45
69
38
4
7
23
2
9
55
50
65
108
26
30
51
13
23
68
34
50
67
162
65
12
77
10
15
109
8
1
4
58
6
4
83
93
69
106
1
21
28
83
10
61
76
130
52
53
31
42
3
44
39
32
83
31
121
73
9
59
49
20
20
39
12
41
82
37
20
18
1
1
22
9
38
49
18
27
38
46
100
63
79
49
28
30
63
64
59
12
2
87
40
71
115
13
27
45
37
67
11
113
82
97
20
22
13
2
31
52
65
45
36
57
144
90
20
19
79
7
24
90
41
3
9
60
49
2
18
51
143
24
23
19
80
36
39
22
115
26
60
113
38
56
77
51
44
73
36
37
32
86
11
40
6
1
22
85
166
9
8
82
11
28
24
34
95
45
15
93
32
23
27
142
59
29
93
54
15
67
54
35
120
123
89
65
17
31
7
41
9
136
145
49
20
105
20
43
9
27
9
96
2
46
83
18
0
5
7
73
41
92
22
70
10
50
64
5
49
55
49
58
55
70
35
63
1
45
88
115
51
40
35
110
18
77
44
61
37
10
79
14
3
34
77
0
41
39
119
7
62
7
68
21
39
66
46
76
38
69
8
12
24
126
36
94
13
49
33
98
4
50
59
6
49
32
19
31
90
88
27
80
29
2
40
7
38
70
18
114
14
50
56
74
39
20
57
13
11
43
4
13
74
39
76
42
50
17
50
28
0
54
90
45
1
43
38
1
30
96
25
53
8
48
35
85
84
67
7
69
1
15
160
8
91
94
14
36
46
39
13
19
51
53
8
18
46
100
47
63
37
20
79
16
90
75
90
16
1
8
6
44
7
29
19
1
4
3
32
95
6
23
41
4
65
34
50
38
15
74
182
36
9
1
58
42
48
72
52
29
29
54
29
43
114
56
59
7
21
26
95
20
17
38
64
111
107
36
45
62
2
93
5
9
47
15
14
74
32
87
45
36
12
12
3
12
18
48
44
65
33
29
17
114
110
2
35
133
52
17
23
40
6
15
45
11
97
87
4
38
30
64
15
25
109
61
132
41
12
26
26
4
38
7
26
116
52
12
80
37
2
31
0
37
102
57
22
15
96
68
31
27
75
48
70
43
23
16
0
84
59
1
86
73
83
68
11
29
83
29
59
17
4
80
27
58
33
94
37
35
9
34
36
17
61
2
27
34
13
52
44
84
17
1
40
30
43
13
45
55
64
6
1
13
82
67
30
11
15
64
38
72
42
22
25
29
17
74
52
59
83
33
13
51
74
94
29
4
20
45
41
62
63
35
12
32
16
57
33
72
26
11
64
3
13
59
4
74
68
2
63
39
7
85
87
52
108
8
62
28
32
64
23
10
58
49
97
32
19
62
118
34
40
27
25
42
74
3
30
67
65
5
71
6
54
29
2
24
23
126
6
30
3
29
65
11
38
4
71
34
106
47
65
34
97
67
53
81
1
62
40
95
93
78
6
33
69
32
136
16
55
43
35
18
12
15
1
93
23
23
73
48
53
52
26
46
4
77
32
16
82
113
79
101
43
14
14
84
66
23
18
27
27
30
57
25
18
5
16
37
47
84
60
35
25
64
5
27
66
48
37
41
4
29
9
80
33
59
14
73
15
27
30
82
18
7
49
3
68
11
34
66
19
11
5
11
13
33
10
99
74
18
49
141
25
76
35
21
52
108
8
75
82
98
21
48
62
70
3
24
6
112
25
35
24
122
2
24
39
19
53
65
114
98
110
3
71
4
47
57
31
75
92
23
15
3
58
22
25
3
47
31
13
30
86
49
132
7
25
54
41
14
56
13
37
5
50
5
79
71
60
108
12
12
39
35
23
64
8
16
36
22
66
6
8
2
91
91
41
47
53
111
80
44
4
149
16
9
28
141
32
28
26
14
1
16
77
104
55
74
22
100
38
4
21
34
19
17
48
50
5
1
17
23
1
3
20
10
14
9
30
42
25
34
96
50
8
4
30
12
36
13
15
0
26
14
34
71
27
35
26
10
37
33
10
9
78
46
86
9
2
30
122
55
86
35
24
92
64
74
15
69
40
2
120
14
71
18
49
21
28
56
75
1
65
35
27
18
109
40
93
8
73
40
82
31
134
23
7
18
24
9
38
47
3
115
12
1
30
79
29
24
30
83
17
102
81
30
7
5
57
5
24
1
21
17
61
79
137
36
21
0
21
60
6
56
70
62
72
35
25
6
12
37
5
61
2
53
103
18
62
58
72
50
1
9
37
3
10
25
64
14
7
66
22
14
36
49
66
65
225
19
89
70
12
38
35
13
97
52
10
56
61
50
20
84
16
51
24
53
106
2
54
16
102
10
4
39
42
56
44
30
58
4
32
21
49
84
11
1
1
36
156
33
85
34
176
13
17
68
1
92
44
8
29
18
82
66
10
39
7
34
17
19
10
80
73
43
12
78
64
34
70
110
38
13
11
40
47
76
56
47
48
55
32
7
29
23
17
8
2
85
2
64
62
60
12
3
48
21
22
12
2
45
35
71
13
41
70
40
93
25
87
58
2
12
2
31
14
4
70
19
110
64
13
25
76
59
46
33
17
28
1
58
7
97
66
10
26
143
11
47
99
8
79
30
84
8
23
5
101
16
24
45
48
6
58
36
15
50
67
18
7
62
8
26
4
14
51
32
77
90
11
49
8
42
32
56
79
50
4
99
11
69
73
64
45
30
22
8
5
8
34
37
1
9
44
66
91
8
8
3
51
40
6
66
20
38
28
4
58
37
7
44
23
29
62
45
2
44
25
39
18
44
12
29
23
3
60
52
34
28
57
41
2
0
37
72
39
112
70
2
83
23
14
38
57
5
39
43
124
51
10
19
10
45
53
37
64
15
28
33
6
130
53
71
58
67
108
129
1
33
54
1
59
29
9
134
66
98
10
9
56
8
2
36
16
29
84
68
71
36
6
43
33
2
73
83
76
49
35
30
2
20
57
52
58
0
5
70
101
1
56
16
22
13
17
92
31
4
61
92
21
4
23
90
30
33
25
48
36
87
64
57
18
25
27
84
32
19
5
23
58
38
24
10
0
29
22
23
24
76
44
74
37
50
16
21
25
50
68
95
22
77
75
62
20
53
21
33
5
40
33
93
9
57
51
23
25
23
53
6
40
113
76
109
45
15
37
13
47
59
30
5
116
65
92
6
39
15
33
9
2
30
9
5
47
27
15
80
76
32
47
38
103
16
43
13
24
82
52
33
62
46
74
21
12
56
103
13
13
37
41
138
55
38
29
18
56
31
11
143
76
88
20
9
24
12
63
67
52
27
58
64
53
8
44
16
27
2
33
6
66
34
103
59
40
23
9
10
13
103
15
32
10
13
15
72
15
9
60
33
7
46
2
5
67
37
3
34
19
27
15
18
14
43
47
2
5
54
2
3
28
96
9
29
49
44
50
49
15
9
35
6
61
20
22
3
21
8
63
83
10
1
32
10
28
38
37
77
61
19
20
102
34
54
2
91
54
27
0
8
39
14
36
7
10
41
33
4
5
87
65
60
54
33
19
16
28
68
63
24
58
55
107
25
30
38
68
11
33
8
71
30
21
51
12
38
34
58
71
35
20
4
37
70
23
70
3
5
30
37
21
57
68
7
53
132
17
26
23
32
56
10
62
61
17
23
19
22
49
48
5
56
8
7
10
26
6
33
149
73
22
39
65
51
40
30
14
31
52
1
59
83
86
65
2
61
23
29
1
37
77
74
58
32
83
19
77
77
0
42
13
51
43
68
8
25
5
14
90
3
20
63
19
114
43
2
4
6
31
23
9
5
7
36
65
40
96
78
40
46
53
36
65
56
19
76
8
10
32
61
9
3
75
106
10
16
65
81
6
61
5
12
73
39
39
48
48
12
64
19
58
13
4
18
66
54
29
102
34
52
65
32
36
27
42
38
33
55
38
15
20
54
64
41
84
34
60
52
44
92
58
59
7
20
28
56
19
7
70
2
65
6
64
13
39
9
26
21
75
53
21
9
30
15
26
18
80
54
49
115
48
98
2
47
6
34
30
71
16
81
79
56
41
42
23
1
40
48
104
33
11
54
42
43
44
66
51
11
59
25
77
89
21
66
49
26
34
22
20
5
117
8
16
22
37
15
20
41
45
27
71
29
66
15
38
50
20
93
14
81
86
37
43
40
24
44
5
42
55
49
4
12
44
0
5
33
55
33
32
62
63
89
45
56
41
23
14
45
6
58
40
68
23
52
30
26
16
55
62
80
28
91
24
6
25
25
57
1
13
42
17
27
50
45
55
29
12
82
10
62
6
43
3
41
5
96
16
14
26
12
7
99
39
47
36
40
25
16
8
14
102
36
28
12
4
74
76
53
60
38
27
88
36
18
14
64
22
45
41
42
15
2
63
4
28
8
15
24
8
40
74
15
12
66
50
21
21
38
17
3
60
53
4
10
98
50
41
80
5
104
18
42
42
37
34
63
8
107
60
5
31
6
35
75
38
56
29
74
23
17
121
78
10
23
8
26
98
0
61
28
4
47
21
20
52
31
21
23
63
19
58
51
115
106
60
39
14
22
125
22
44
30
9
3
46
30
7
40
36
7
2
3
32
24
89
65
43
24
12
14
30
38
18
49
163
27
10
4
37
1
24
53
55
6
36
39
16
32
48
32
70
22
2
9
12
24
77
38
22
13
5
19
67
31
70
22
24
21
15
20
28
12
2
39
63
2
51
46
48
3
26
30
26
55
13
59
45
26
25
87
14
17
2
0
60
95
27
45
34
64
35
4
17
56
65
25
79
122
8
42
31
8
44
10
22
28
12
52
102
42
20
5
44
8
20
52
19
25
21
59
44
30
22
29
77
33
51
46
47
19
15
20
6
48
20
68
24
43
2
49
36
15
5
27
58
17
14
2
2
25
9
81
7
36
65
4
10
0
6
49
10
64
45
35
77
77
62
15
41
38
1
43
46
26
22
20
50
57
25
0
72
8
24
40
29
56
15
8
2
68
27
53
31
6
65
24
87
25
84
1
8
16
10
5
20
17
66
21
20
44
76
20
3
79
25
60
0
4
9
78
76
10
25
55
55
24
47
23
23
25
36
14
23
40
10
21
84
18
39
41
7
28
9
0
53
22
40
27
46
32
22
25
102
15
51
20
6
43
12
15
2
42
69
80
11
40
19
21
110
11
52
10
15
33
52
1
40
74
38
27
43
10
15
23
14
55
49
58
27
108
48
27
26
15
17
24
0
51
16
9
62
23
39
33
5
25
20
72
21
7
17
61
63
3
25
1
0
65
25
51
30
37
5
76
76
0
81
14
57
5
12
22
26
56
33
21
25
23
54
11
5
36
10
38
27
28
2
26
36
37
18
53
15
14
13
48
23
2
12
64
95
22
59
2
55
35
4
28
44
40
17
48
81
37
32
27
12
3
9
75
47
15
67
65
35
39
54
24
56
81
5
20
11
16
47
55
5
11
9
44
7
25
24
15
41
28
49
2
14
28
53
23
47
56
73
24
6
62
106
20
3
7
18
43
32
51
30
4
59
97
40
10
35
55
19
6
25
12
39
7
9
39
36
43
2
6
2
15
19
37
65
10
37
82
16
21
16
44
4
40
11
45
48
65
10
29
29
12
8
41
13
29
8
24
18
17
25
12
48
72
33
64
1
7
7
50
40
36
38
33
41
31
38
14
29
59
77
59
19
51
4
19
82
2
25
13
31
55
33
25
25
21
47
46
31
7
50
4
2
35
37
50
92
52
73
19
53
13
67
33
62
17
25
1
23
42
38
6
10
34
47
39
7
46
19
21
63
26
20
40
13
15
10
38
32
14
29
1
31
1
21
4
43
60
11
19
22
35
31
13
37
25
16
1
62
40
14
22
12
18
23
3
6
54
36
35
5
13
8
17
30
71
28
0
56
8
14
30
15
5
42
61
33
4
84
78
28
1
28
2
3
35
11
61
37
19
4
1
26
20
23
6
81
18
7
55
22
33
10
58
5
52
17
28
43
19
89
18
40
17
52
1
33
15
13
24
14
20
22
19
13
33
11
9
26
26
16
1
8
42
37
11
3
49
31
25
40
15
44
40
6
71
6
50
55
24
38
3
25
12
7
61
30
53
52
46
1
36
1
10
47
26
2
41
13
50
29
36
2
1
56
17
55
17
15
6
5
29
68
30
40
8
41
18
21
39
30
9
29
2
15
1
26
30
33
61
41
32
78
14
4
15
26
31
11
25
23
33
3
21
9
34
13
27
3
65
37
37
31
31
1
24
83
29
12
0
24
4
36
32
22
60
22
25
4
47
34
17
40
2
26
46
0
73
88
52
1
13
3
19
17
21
4
2
29
10
6
25
31
1
74
39
62
60
1
22
22
28
22
15
21
7
39
4
24
24
3
3
34
37
30
24
32
24
8
5
1
46
41
31
29
88
10
52
81
6
44
26
14
51
51
41
42
68
2
19
29
4
28
95
3
16
3
5
39
22
72
12
91
34
42
51
43
26
17
12
5
36
28
25
49
2
1
15
17
11
8
34
16
11
44
19
7
25
1
21
15
53
69
45
24
77
28
22
2
44
60
42
7
22
33
1
6
25
5
26
1
1
10
35
60
41
5
3
20
36
29
36
40
54
53
37
34
10
40
12
19
8
2
0
10
6
1
29
18
6
41
19
56
26
52
24
99
5
49
13
3
50
15
35
12
52
23
33
1
8
34
38
0
0
34
57
20
4
26
9
20
46
8
18
9
55
6
16
56
36
23
23
7
22
2
54
2
60
12
4
3
44
21
61
11
30
31
72
3
42
4
37
50
63
10
15
1
25
20
21
2
13
21
10
4
48
39
44
12
7
19
5
68
48
43
8
36
19
10
29
7
61
10
38
3
35
17
13
21
22
17
30
4
5
42
36
38
0
29
28
16
22
29
38
5
9
15
22
18
8
4
16
30
22
39
21
6
16
12
41
36
31
52
1
41
32
2
12
5
3
44
1
13
25
14
6
34
58
45
19
21
5
5
0
56
22
38
8
4
107
72
26
53
2
2
26
9
25
36
19
3
32
29
10
46
10
3
8
18
11
10
20
14
0
28
44
22
6
62
3
49
32
14
6
18
14
24
11
9
1
27
1
20
3
56
12
19
19
13
24
7
14
38
18
35
17
12
39
38
57
20
4
46
13
4
2
21
11
46
2
5
24
19
14
23
21
9
33
35
2
51
7
0
13
20
14
28
3
5
9
32
5
18
16
23
15
55
15
45
8
42
8
14
25
19
3
23
5
13
4
7
39
7
47
8
4
80
41
21
50
28
16
6
13
33
41
26
33
23
31
1
11
1
18
14
34
10
3
2
26
15
16
7
2
26
15
7
43
36
13
6
3
9
0
25
8
36
11
26
26
49
3
14
14
10
15
2
26
29
20
7
47
13
0
47
0
22
33
10
7
25
56
19
21
1
15
34
16
2
17
21
53
10
8
9
4
21
30
5
11
34
7
4
0
23
26
31
38
13
6
20
14
25
66
15
37
12
1
2
11
7
8
8
55
12
2
15
13
14
9
35
15
12
62
40
3
17
2
36
15
12
5
24
10
6
23
3
18
6
14
50
6
3
46
28
3
32
38
24
42
20
24
6
42
4
4
4
32
9
18
2
26
34
8
11
6
17
17
5
7
32
26
36
16
37
12
16
6
12
42
19
18
29
18
30
9
24
54
11
10
4
18
11
5
14
31
9
15
24
33
8
13
12
19
3
5
3
33
5
16
2
40
8
5
22
2
19
1
34
4
8
32
6
17
40
32
22
25
5
41
13
7
6
14
33
10
14
6
19
24
14
6
5
19
49
30
16
18
12
5
28
9
3
19
7
25
8
8
23
11
22
20
15
7
16
38
30
7
39
3
22
3
5
20
9
2
35
18
10
7
41
6
12
7
38
10
17
10
17
13
13
7
34
21
13
31
13
2
7
27
22
17
11
14
25
20
0
13
9
26
0
4
10
8
33
36
12
2
34
11
3
16
12
23
7
3
26
26
4
2
25
1
11
21
18
4
6
12
16
11
22
5
30
5
14
1
20
2
17
8
17
11
7
12
23
2
24
32
16
6
10
6
1
8
18
20
13
41
12
0
1
21
12
8
6
24
2
13
17
31
24
8
24
22
9
1
5
12
14
6
13
15
22
5
21
2
3
15
15
16
11
17
1
26
4
11
16
9
4
14
2
34
2
9
19
4
9
30
2
1
8
10
2
4
28
1
3
9
19
1
8
4
23
24
13
5
4
3
1
2
6
15
23
26
5
6
2
5
24
30
11
17
1
28
11
7
12
14
14
17
30
8
5
5
6
12
3
8
13
9
8
2
18
9
14
19
26
8
6
13
18
2
7
19
17
1
11
13
7
12
16
16
13
9
18
15
0
10
5
12
2
9
15
4
1
4
2
7
10
10
2
10
8
0
33
9
1
18
14
3
3
30
12
6
10
5
1
17
0
2
1
3
6
11
1
6
7
0
7
3
2
2
4
4
14
22
5
5
8
7
4
2
4
0
6
13
1
2
15
9
3
3
1
6
0
10
14
2
14
3
11
5
1
8
4
11
14
3
1
4
15
3
15
4
8
7
2
10
0
2
11
12
7
3
14
3
3
3
2
5
3
12
9
3
4
10
12
5
5
2
4
0
3
8
2
5
6
7
1
4
4
4
7
8
3
7
0
0
10
4
2
7
2
0
2
5
6
2
3
2
4
1
6
4
3
0
3
4
4
2
4
2
2
4
2
1
1
3
0
0
1
1
