34
27
47
5
8
33
9
12
10
13
51
0
31
18
108
38
78
109
15
21
6
14
66
6
12
19
9
22
56
5
9
2
18
12
31
3
9
15
25
3
15
31
41
20
18
1
28
4
60
49
46
31
27
22
13
16
33
23
120
18
25
77
58
62
2
69
4
120
66
50
54
94
18
17
33
66
71
4
36
10
7
72
97
7
157
29
97
4
40
10
59
8
169
22
4
7
136
3
16
12
61
49
16
49
67
32
82
18
81
41
25
64
54
64
13
51
53
12
41
115
90
75
42
58
21
47
22
58
18
62
37
53
22
5
33
55
4
31
68
36
4
64
31
86
50
10
34
5
73
22
53
168
34
29
12
38
26
25
98
53
45
102
97
34
52
49
71
1
123
68
37
67
28
16
78
54
10
49
4
48
27
15
78
32
101
61
82
74
96
16
11
40
29
35
24
64
6
125
59
102
27
53
60
7
24
35
2
9
27
16
90
68
31
0
22
116
42
73
53
89
97
9
104
24
13
69
66
18
118
41
114
44
48
4
39
126
16
41
142
64
66
93
14
46
37
93
21
78
77
43
58
89
183
68
20
2
98
81
35
65
52
82
43
3
20
43
16
48
30
4
10
22
4
10
2
27
61
26
74
46
12
16
43
49
162
45
58
79
60
94
23
108
75
25
13
6
11
57
56
5
22
77
66
32
102
4
8
56
1
45
65
56
122
63
65
4
21
33
55
29
37
72
85
19
112
105
9
27
56
35
14
62
45
56
20
50
10
41
33
6
61
31
52
80
12
68
87
90
10
102
11
3
66
49
34
20
35
48
70
4
20
66
62
24
62
143
6
22
91
66
52
72
49
4
18
3
33
127
73
72
68
28
13
49
56
15
15
9
68
22
84
44
65
72
8
36
112
84
87
40
33
1
40
86
57
40
9
43
6
1
0
39
22
77
69
4
39
3
53
42
52
18
73
18
20
109
21
6
49
11
79
35
91
16
19
75
49
25
12
2
66
59
7
21
33
76
42
21
68
91
35
9
11
72
16
37
26
56
4
34
13
132
12
34
96
64
10
60
25
100
12
114
69
34
83
28
29
17
34
66
7
44
7
3
80
45
28
60
31
73
16
20
21
5
55
41
54
12
31
5
31
47
21
47
52
6
68
21
27
43
32
17
32
51
13
30
60
26
39
7
72
69
75
43
141
37
27
107
15
22
75
14
32
31
50
3
138
41
36
55
106
112
46
44
17
67
5
70
1
21
20
3
27
125
5
20
26
64
31
53
21
24
60
47
31
46
13
36
29
49
46
24
6
78
56
18
30
5
23
57
90
77
66
44
21
48
78
67
11
121
42
75
70
35
3
9
31
14
18
1
23
59
1
78
13
38
23
22
24
75
11
3
16
57
4
84
3
102
29
99
14
56
54
52
16
72
50
14
44
16
27
52
58
2
21
69
44
30
113
0
36
60
7
146
29
71
44
80
23
43
6
8
54
26
122
82
76
56
21
3
24
73
50
25
1
56
42
1
38
75
0
22
64
18
26
13
27
53
13
78
16
6
147
43
17
4
53
8
36
3
72
65
67
21
74
99
27
74
24
26
39
23
4
1
54
91
67
19
1
27
93
42
9
8
34
35
67
42
70
12
5
71
11
14
52
74
28
92
9
36
61
104
89
48
123
6
8
10
8
6
34
45
55
49
102
34
165
4
1
93
84
60
15
46
16
58
49
20
64
42
35
7
27
0
6
36
64
82
20
95
85
38
54
77
159
20
57
9
17
94
60
41
2
24
20
38
22
52
30
79
35
26
49
88
23
33
13
65
30
43
23
120
24
85
62
55
63
32
136
30
8
163
88
51
40
12
9
30
41
33
163
21
88
68
41
14
10
61
59
15
95
7
21
133
33
23
76
35
39
4
49
69
4
61
60
7
2
53
38
45
100
93
49
107
3
68
95
72
25
27
48
5
72
111
10
34
73
8
109
59
42
42
20
43
20
69
6
41
24
59
35
80
26
86
0
87
25
16
1
14
75
31
13
21
1
89
30
30
40
29
20
56
30
4
42
58
79
31
18
16
121
42
7
17
29
16
48
46
124
17
24
24
33
8
24
35
33
48
27
72
16
89
39
7
24
13
47
64
98
105
43
95
56
24
107
52
18
23
104
29
32
18
70
19
76
72
7
53
59
17
47
32
27
24
6
34
52
28
105
46
19
62
38
53
80
58
38
92
16
81
75
26
8
21
102
48
32
9
72
9
93
55
9
87
43
74
28
55
16
1
29
33
58
51
76
12
0
104
17
33
63
70
78
46
94
44
76
90
40
14
65
5
13
50
19
23
13
71
7
44
66
94
58
98
27
44
42
32
8
5
23
0
39
38
68
79
58
35
40
11
96
89
35
3
3
53
17
97
86
94
31
4
13
11
12
58
4
26
3
63
23
52
86
76
3
72
21
96
29
19
96
53
31
60
44
106
16
0
43
24
52
94
51
78
22
70
8
22
28
35
99
20
4
111
4
15
111
58
73
63
60
33
50
81
14
18
6
15
18
77
25
83
8
109
15
114
60
28
13
11
26
17
53
91
70
39
19
51
22
61
21
11
74
43
55
12
45
94
81
15
95
29
58
14
15
9
15
4
160
56
8
104
78
31
3
40
43
62
31
13
7
63
34
7
4
9
68
74
96
51
26
41
1
8
13
47
2
29
55
45
3
2
22
2
73
86
81
68
17
8
27
1
43
16
53
35
61
50
18
26
32
56
71
8
2
41
0
47
25
16
85
26
95
84
58
30
3
6
8
37
62
0
42
17
78
16
28
31
78
40
22
25
92
51
31
80
105
8
47
86
27
3
15
80
61
45
50
42
80
46
2
50
61
84
22
45
18
47
21
22
11
19
49
2
22
3
3
28
37
81
13
79
54
94
10
1
1
41
10
13
45
38
61
55
33
3
61
9
29
22
75
15
5
37
8
19
8
47
44
40
66
86
25
43
17
44
52
17
23
48
27
58
11
14
49
14
11
107
111
43
8
1
15
5
30
27
8
45
3
36
6
31
52
58
7
3
66
43
44
13
29
12
29
95
9
6
5
25
58
10
47
7
61
67
44
22
36
112
25
20
26
12
57
21
45
28
22
18
28
54
6
31
18
13
102
22
46
7
26
89
64
36
83
57
36
118
104
22
15
103
62
46
134
60
0
49
66
32
57
58
62
92
46
137
25
29
89
65
5
20
15
50
44
54
58
7
61
10
0
8
54
9
10
23
19
29
30
71
31
77
26
8
39
3
30
21
47
16
78
27
65
43
17
70
19
89
120
47
11
21
25
18
17
15
49
40
55
83
23
15
24
20
29
3
86
23
49
57
92
1
89
45
46
27
4
94
61
12
9
60
82
89
75
42
23
36
18
109
102
7
29
11
102
8
63
37
13
39
43
18
12
43
50
39
27
22
43
68
22
27
44
71
34
8
64
5
6
48
73
68
93
94
61
43
47
10
73
142
107
82
114
9
133
41
37
56
25
17
35
54
35
51
56
35
2
31
18
16
6
1
100
51
2
25
44
17
32
2
0
3
81
36
11
14
4
4
54
80
26
94
47
78
53
44
100
31
103
23
15
12
21
96
24
31
49
2
5
39
53
28
28
1
72
60
9
50
104
52
73
39
86
23
108
19
105
19
63
43
22
42
57
35
108
23
2
121
64
5
54
47
17
33
68
76
1
48
28
23
39
30
19
25
151
59
12
27
13
10
26
29
28
32
69
51
26
30
81
26
17
14
31
11
45
80
15
53
24
29
10
66
16
41
9
58
96
70
55
87
13
48
49
13
33
94
22
62
78
70
43
78
37
22
14
46
50
20
40
38
26
55
1
49
8
64
10
84
26
79
34
33
43
8
42
36
38
138
6
39
43
26
34
29
15
15
53
37
8
24
6
58
45
19
7
54
45
72
10
32
27
19
84
53
14
40
27
20
44
50
42
25
67
59
57
37
1
37
58
40
67
36
16
28
4
35
5
56
60
5
71
9
2
17
25
24
76
108
9
14
70
39
36
87
83
23
15
27
41
48
8
41
38
49
41
13
67
83
17
11
39
22
65
30
29
65
4
64
5
13
33
78
15
12
65
7
18
21
7
113
40
82
2
40
8
68
74
24
41
64
9
45
25
29
58
29
88
52
23
33
9
18
68
1
72
9
17
50
0
3
31
27
14
29
68
38
19
17
19
67
8
56
39
74
13
20
30
38
30
39
1
14
32
38
90
10
66
52
13
54
11
39
21
29
18
67
52
149
74
23
14
33
28
14
63
9
14
41
23
52
9
2
46
1
32
13
19
22
46
2
46
89
41
60
47
31
9
49
28
2
26
50
49
32
16
16
9
37
38
46
3
12
2
10
4
14
31
32
1
15
24
44
42
31
31
30
78
13
52
33
62
90
46
22
33
26
57
30
12
51
54
60
6
45
20
34
38
72
10
58
10
34
15
41
16
42
33
41
59
14
21
71
31
3
31
8
45
7
45
34
17
8
62
78
34
32
24
32
10
31
25
17
50
66
35
9
61
93
35
24
6
81
76
34
13
44
35
6
28
31
22
35
46
35
79
15
33
80
54
3
100
25
35
41
140
43
46
4
88
56
21
6
19
42
10
18
1
20
32
20
38
25
4
31
47
59
9
56
15
51
40
32
67
10
16
63
17
29
65
22
49
81
12
51
69
84
87
20
28
8
18
67
13
15
43
8
8
50
34
97
6
26
30
43
5
30
15
42
17
35
41
26
57
1
34
1
29
55
7
4
37
67
26
56
14
8
28
15
2
47
1
61
29
56
65
48
37
107
26
50
1
36
61
26
37
34
46
29
9
14
10
35
67
77
12
41
9
13
54
4
120
5
34
33
12
52
7
0
17
5
45
7
41
12
27
50
45
18
36
99
34
17
71
59
20
44
37
5
38
115
51
55
106
35
3
41
58
22
81
39
10
26
34
21
7
41
63
101
10
7
30
24
153
5
74
97
44
0
8
36
13
24
28
21
53
32
0
85
109
68
42
27
52
49
2
94
33
28
25
39
16
35
37
31
69
75
2
28
25
14
16
2
45
58
10
24
105
20
136
68
13
45
43
3
10
76
21
18
17
49
62
33
96
9
17
11
3
13
23
97
5
20
17
53
53
7
54
11
45
10
3
43
42
10
10
0
28
6
33
29
38
30
35
5
49
4
5
7
31
41
63
72
14
17
43
1
71
25
5
41
68
33
14
8
14
25
9
46
1
40
21
109
60
0
28
50
85
5
6
55
50
17
1
5
21
24
28
25
89
141
5
13
12
28
60
107
98
50
68
7
20
12
16
12
1
36
17
20
47
78
62
17
1
12
44
19
27
60
33
0
51
59
54
23
41
6
9
68
12
87
27
39
10
4
61
25
65
7
7
40
4
4
10
64
19
66
29
21
40
88
0
44
31
55
6
23
7
31
31
55
1
14
2
68
8
33
4
32
18
55
23
21
43
47
39
57
2
24
2
12
38
2
44
29
15
47
17
49
12
56
3
9
63
61
36
14
27
73
18
9
76
5
17
59
6
66
50
0
94
25
6
14
50
31
29
6
39
50
28
30
65
27
79
75
15
21
9
75
3
24
41
2
3
14
7
39
51
25
29
20
1
24
20
15
102
35
76
49
37
44
2
45
12
18
16
11
38
23
17
41
22
18
1
21
1
2
35
84
42
8
97
13
29
28
19
88
16
13
10
25
25
20
16
29
47
13
40
64
31
38
0
10
18
25
38
37
10
22
48
25
25
2
13
18
50
23
15
10
70
3
6
42
75
7
29
43
25
29
15
102
37
4
27
50
64
23
38
33
2
21
15
94
90
19
93
7
30
30
2
62
8
26
26
51
39
39
7
34
25
7
47
62
18
9
21
14
45
13
0
19
21
7
61
14
8
5
26
14
20
34
47
11
2
21
16
10
3
18
21
16
15
65
104
28
18
15
77
32
17
65
15
2
50
13
67
2
7
37
48
10
6
24
48
42
57
20
42
3
16
51
72
7
9
3
28
86
48
2
11
11
11
53
15
47
2
8
25
13
30
11
10
40
3
10
34
45
3
29
101
26
29
45
46
78
85
43
58
2
19
5
12
7
24
1
24
10
19
29
78
33
2
50
47
37
52
66
13
18
79
12
1
42
40
100
49
22
18
20
6
38
56
47
29
12
17
15
49
68
14
17
50
14
19
34
28
40
18
38
10
52
75
19
3
10
29
41
23
10
35
19
20
38
7
74
1
59
60
10
82
51
21
63
61
9
9
5
31
22
32
40
31
77
13
91
47
2
11
14
4
23
16
78
24
58
6
28
20
49
32
34
39
34
4
50
28
1
35
15
74
37
56
7
2
39
0
6
75
49
24
19
60
40
60
41
32
48
27
37
14
27
10
5
6
25
25
4
41
33
10
36
33
24
53
11
17
1
14
59
28
20
5
1
38
70
5
8
9
31
45
29
3
4
19
9
40
50
15
25
12
41
32
62
23
27
24
8
26
15
15
36
24
20
63
14
28
72
7
4
13
2
29
25
3
12
2
19
5
26
52
53
45
8
20
44
1
20
20
7
17
2
89
2
16
45
63
7
38
69
10
21
34
8
13
2
27
16
37
0
63
22
32
32
13
23
40
102
4
1
14
9
11
33
58
1
20
12
34
56
27
18
15
20
36
5
15
6
6
40
37
16
57
41
9
13
11
39
7
12
22
1
5
37
13
34
8
30
25
21
30
10
26
44
12
47
3
30
14
27
34
26
12
8
17
75
5
15
52
53
13
28
10
23
36
51
20
18
22
21
23
48
26
40
6
21
72
6
7
4
14
71
8
24
16
5
5
22
36
50
39
9
24
17
38
33
8
6
20
41
34
30
36
17
23
9
51
3
35
15
51
14
82
3
18
27
1
25
31
8
15
19
16
28
22
10
21
4
1
16
12
19
59
36
33
85
5
22
19
18
43
19
2
20
36
8
6
45
31
6
20
42
6
3
3
3
20
27
42
12
10
3
20
2
37
29
1
7
14
43
32
28
12
22
1
59
39
20
46
25
32
15
5
11
38
52
19
38
22
1
5
18
31
17
29
33
18
35
16
37
72
3
4
22
13
6
41
12
5
28
51
2
44
4
18
11
39
28
52
11
34
31
8
14
30
42
13
13
48
30
15
13
11
2
63
6
77
2
37
15
15
22
9
36
34
3
4
5
7
20
4
39
5
37
5
16
60
4
2
4
16
33
64
14
16
49
2
29
6
43
4
1
45
40
1
5
31
33
22
17
13
11
22
36
16
3
5
24
10
2
32
27
3
4
28
10
51
30
7
32
1
23
4
0
8
32
61
42
2
66
27
32
32
8
28
32
21
3
10
6
21
30
4
35
14
10
22
37
7
29
67
8
30
4
4
47
21
53
37
38
3
8
10
15
7
18
12
24
19
10
4
14
36
44
15
15
37
21
3
26
15
11
0
46
33
16
18
14
16
4
26
17
33
1
8
46
4
35
1
38
30
41
5
11
29
40
15
18
3
6
9
47
3
33
17
39
6
11
30
4
73
27
14
8
12
69
8
32
4
23
5
2
2
9
34
5
25
6
28
13
14
14
22
20
37
33
1
24
59
6
24
24
6
57
15
22
34
7
19
10
21
26
42
20
13
5
28
13
7
9
18
27
10
16
5
10
20
27
19
19
4
1
9
27
40
9
19
12
35
25
5
20
20
36
7
5
17
17
34
64
39
22
9
17
12
16
27
17
3
22
4
8
80
5
28
12
30
25
16
16
20
27
49
5
5
8
4
25
39
10
21
5
11
37
11
10
19
15
70
41
18
5
4
1
26
60
16
12
10
4
13
15
5
5
24
5
7
8
1
9
35
43
51
10
49
53
9
31
25
5
55
40
1
22
5
22
9
9
8
18
11
3
28
38
14
13
29
31
1
6
11
1
22
17
12
12
27
56
24
25
6
7
3
28
12
5
17
12
6
33
7
6
0
25
2
20
35
9
10
23
15
3
14
1
22
4
57
12
2
10
53
2
12
24
0
25
29
32
38
57
37
22
5
16
29
8
5
51
11
7
25
21
26
28
20
6
11
20
1
11
9
3
30
13
9
22
1
5
30
20
18
7
6
5
34
21
9
37
9
28
36
35
17
17
4
14
8
5
2
1
25
21
10
36
12
40
10
14
6
3
10
25
13
8
19
26
7
9
50
0
13
8
1
4
30
24
12
7
21
22
1
13
21
11
22
8
33
3
28
49
25
11
6
9
11
2
6
5
11
13
26
1
6
12
11
23
3
13
2
5
15
16
34
22
20
28
6
10
33
0
12
40
9
10
16
11
2
18
15
27
21
20
11
16
5
6
24
9
8
8
39
21
6
1
1
3
18
7
14
3
27
17
4
16
19
4
18
12
0
10
3
11
8
17
11
1
25
11
13
3
10
6
13
10
7
9
1
6
17
9
10
13
25
7
2
4
5
15
5
6
4
4
1
31
6
19
3
22
3
14
15
2
14
11
8
6
40
21
15
18
0
6
8
17
16
33
20
3
1
19
1
24
1
1
40
19
1
19
3
20
12
2
6
16
2
16
16
7
4
19
1
14
2
5
1
10
3
8
6
1
5
2
17
13
17
8
19
4
29
11
3
17
3
27
0
3
22
8
9
5
2
1
5
18
17
21
20
3
7
3
8
11
16
23
13
8
13
5
9
3
12
18
3
4
1
22
15
13
2
5
17
4
8
9
12
18
5
26
0
6
13
4
6
2
18
1
10
26
24
3
18
3
5
10
7
12
1
10
10
9
11
8
4
3
6
6
8
7
6
9
11
20
8
11
5
8
12
5
2
13
15
9
5
13
9
2
1
16
1
1
2
5
1
10
1
6
5
3
6
7
3
1
3
5
1
5
4
2
7
3
1
13
9
5
6
1
1
10
1
4
0
2
8
3
11
3
1
0
1
1
7
1
1
3
2
4
2
3
3
3
1
2
4
0
