27
37
2
10
97
7
49
24
20
14
36
33
39
11
4
14
19
111
21
106
92
66
44
9
16
68
69
13
29
84
73
12
26
123
63
133
53
11
22
42
20
53
72
10
29
7
16
74
7
20
18
94
45
35
15
50
26
33
26
5
144
81
25
53
28
49
32
57
113
44
36
109
50
31
24
45
85
73
42
68
18
57
100
30
68
77
47
63
29
14
25
19
73
51
8
4
41
32
53
76
29
48
83
86
86
96
30
29
29
62
9
108
41
49
26
7
67
0
127
114
43
73
50
62
15
49
84
106
43
9
20
73
9
58
7
42
121
57
16
51
10
58
37
69
17
71
138
8
55
31
105
55
45
27
60
67
65
90
75
6
9
1
24
116
93
3
59
43
1
70
23
25
38
128
72
77
18
35
47
43
49
70
24
13
29
21
116
28
38
18
90
11
19
139
37
83
15
54
142
64
50
43
49
20
104
64
74
2
35
23
39
76
46
27
40
9
33
21
155
74
121
35
114
16
17
117
2
49
38
40
32
11
56
33
72
22
55
89
29
21
53
88
32
8
92
44
39
84
15
144
8
37
60
69
149
37
39
21
46
117
26
24
86
75
13
37
58
135
20
25
33
56
55
4
42
49
62
57
14
20
87
33
17
19
127
33
15
41
13
16
41
14
96
7
56
100
3
101
51
10
17
46
49
22
101
79
16
130
104
100
45
41
83
70
55
91
73
78
36
35
0
14
92
2
77
22
34
37
25
32
94
5
30
99
37
38
109
48
39
79
27
47
72
148
125
73
25
10
111
4
41
1
74
85
78
56
8
13
34
23
4
65
12
17
96
21
32
24
7
29
35
1
69
154
51
92
3
11
58
29
43
30
15
71
51
17
33
59
47
127
32
92
131
80
27
85
69
13
53
36
1
12
45
51
44
92
1
108
97
15
8
19
40
3
75
121
61
22
103
87
22
123
13
75
94
98
17
55
5
2
83
58
89
13
54
84
36
20
34
61
28
99
161
58
41
30
10
14
16
37
131
48
23
35
8
21
33
98
77
31
73
41
22
20
35
2
6
18
15
41
74
34
8
55
73
85
46
33
8
25
118
6
129
50
62
40
40
66
44
5
74
25
20
86
45
47
44
16
27
74
4
7
75
24
34
15
72
43
47
14
17
146
6
55
21
88
71
43
63
69
29
115
5
81
59
65
23
93
65
63
11
64
39
2
61
10
8
2
81
28
8
60
1
85
30
62
2
73
10
38
36
82
64
17
45
10
27
27
37
121
43
99
28
13
10
42
0
31
90
18
55
10
75
15
10
21
54
154
48
48
56
28
25
85
84
96
51
95
41
17
14
27
105
85
29
49
6
33
39
56
28
2
92
2
48
10
99
45
32
56
41
30
60
37
51
2
22
91
30
50
12
107
1
130
42
36
57
76
91
32
29
69
10
2
88
6
63
13
55
29
54
34
41
83
98
64
29
32
87
3
58
59
46
53
35
97
1
66
22
15
16
85
17
88
67
2
35
3
43
70
4
40
40
24
3
94
21
38
66
25
118
96
48
3
97
32
1
2
76
27
96
36
79
3
86
67
25
6
45
71
1
16
59
8
32
142
10
9
1
21
56
25
58
55
40
45
38
48
32
56
140
105
20
40
70
69
66
45
36
8
26
12
11
5
30
72
22
74
113
6
126
59
2
58
20
55
5
11
28
18
16
25
23
103
63
55
46
24
85
10
30
10
15
5
70
40
29
52
21
40
86
42
150
67
47
22
34
63
4
73
20
52
24
55
93
65
74
74
77
95
42
27
16
75
11
104
66
6
25
15
13
47
18
44
81
70
19
84
5
10
32
51
43
39
89
56
84
29
35
44
35
18
28
25
12
19
57
47
123
13
42
4
16
84
73
39
21
55
18
8
54
100
38
78
12
53
60
34
114
41
20
96
41
73
59
36
7
12
70
17
86
38
73
51
36
108
36
40
87
43
77
17
35
7
45
13
21
30
32
1
1
51
24
59
31
26
45
78
39
68
96
9
35
104
5
83
2
29
10
37
75
58
2
5
84
36
90
20
41
11
33
123
90
129
55
136
86
44
33
19
5
55
58
23
19
39
28
13
13
20
57
51
36
58
113
9
69
58
42
2
53
98
14
46
43
19
55
15
41
90
17
27
229
8
19
3
8
65
25
23
12
42
101
33
7
58
19
33
53
40
7
32
27
58
61
4
23
67
64
37
1
65
12
41
12
28
26
3
46
6
91
29
34
4
92
18
78
75
82
62
9
36
60
37
56
18
68
50
33
21
9
27
27
2
49
3
13
9
123
12
89
87
6
31
5
32
85
46
41
24
38
19
0
83
47
49
29
27
21
4
16
126
48
134
46
33
19
69
19
23
44
25
39
36
54
3
46
32
72
60
86
57
18
67
141
25
86
35
35
6
8
57
33
76
38
37
65
43
28
2
113
93
47
31
31
25
60
3
39
38
34
3
74
5
11
102
25
68
2
0
41
11
20
23
49
90
13
15
1
23
40
33
19
6
66
12
60
6
47
40
7
14
77
57
62
106
9
15
24
0
62
6
48
7
36
26
11
6
84
25
21
44
8
22
62
11
57
23
63
2
36
2
6
16
17
153
80
32
38
145
73
78
15
47
9
26
41
1
92
13
10
58
10
86
2
42
44
89
65
85
7
68
1
56
0
22
20
31
118
94
11
9
24
41
46
37
23
35
85
24
64
100
21
4
57
21
16
81
16
113
42
32
94
9
26
6
62
2
71
9
3
83
17
45
3
13
41
3
34
38
9
72
12
32
19
16
43
2
13
32
83
63
23
30
30
54
8
63
77
105
3
47
41
21
14
21
19
12
113
34
24
69
60
10
23
2
61
44
12
108
5
3
53
31
72
20
26
32
62
44
17
0
44
64
86
82
36
85
16
47
61
35
59
21
81
1
21
155
41
20
0
19
46
12
12
22
44
20
5
10
9
15
62
2
62
8
26
66
110
33
8
31
15
77
37
16
45
69
14
13
6
51
18
89
3
30
66
27
9
31
8
107
93
95
9
11
51
15
142
47
72
30
75
9
43
12
57
27
41
7
15
7
7
19
8
26
7
69
27
3
110
59
90
170
36
11
47
50
102
66
23
35
19
7
21
22
53
52
28
87
28
20
16
108
31
82
15
79
34
26
15
57
73
54
89
46
15
87
50
108
47
11
2
6
34
84
21
22
29
13
10
12
41
14
46
42
72
30
40
63
67
44
8
68
13
8
33
68
105
8
42
44
70
19
126
4
112
68
4
47
19
32
4
34
56
71
167
37
32
42
79
23
87
35
9
26
133
28
74
98
16
71
30
12
45
43
12
43
13
33
56
88
1
63
48
60
13
20
62
77
24
57
33
95
50
42
28
19
9
31
30
13
35
52
5
22
0
92
54
87
33
32
9
34
110
19
38
45
32
11
15
129
18
20
50
23
47
43
81
115
29
60
9
8
20
25
76
29
27
89
40
72
30
10
34
80
45
44
17
26
11
35
7
29
57
22
115
31
20
5
86
26
5
71
25
9
20
16
48
1
1
21
8
4
26
43
1
52
27
41
40
15
60
3
56
95
34
64
37
52
56
49
74
14
43
73
1
75
11
45
65
37
8
84
22
23
101
22
32
109
20
21
40
78
85
0
6
10
55
34
4
56
38
108
59
44
12
11
8
27
51
54
23
61
63
38
30
21
21
126
65
14
22
73
9
24
13
20
40
27
22
48
34
49
51
28
69
75
2
67
12
23
82
59
60
87
46
21
19
38
13
14
36
28
61
2
33
26
15
29
87
65
8
23
23
77
50
17
66
91
40
4
4
34
35
84
22
30
13
1
50
89
72
58
15
28
59
15
29
19
5
83
5
35
43
93
10
54
44
4
31
82
9
25
8
106
0
32
89
22
48
36
70
12
30
25
115
37
20
35
25
1
19
11
34
21
1
6
62
70
36
10
89
10
53
154
71
59
1
52
85
79
24
109
30
45
19
17
15
6
61
28
47
16
7
26
40
46
14
68
29
11
15
28
15
5
59
13
27
42
17
5
42
5
67
53
57
25
7
6
22
78
16
6
29
28
50
3
26
3
17
3
6
47
55
68
49
15
50
10
7
41
56
0
27
94
80
35
83
17
55
35
38
4
15
9
50
38
29
63
19
13
47
26
57
88
61
35
20
44
40
47
54
35
5
12
31
18
33
39
2
1
10
37
26
16
31
69
16
54
24
13
9
44
30
43
15
43
14
37
23
44
46
35
8
84
4
34
53
38
6
69
36
57
18
15
11
20
18
9
32
34
27
86
74
13
51
34
34
20
86
32
77
11
34
19
45
28
13
7
36
48
8
41
2
26
11
11
33
34
17
61
65
38
15
84
95
0
50
9
56
12
11
4
94
5
29
46
47
24
93
34
43
48
52
96
35
9
24
15
2
40
63
7
69
21
0
0
47
16
38
3
50
26
2
25
16
12
85
75
21
63
27
20
37
61
6
112
55
37
13
12
38
19
48
31
34
46
41
4
35
79
19
1
60
3
2
72
10
31
13
18
1
63
72
2
17
10
13
11
48
12
41
61
40
38
32
3
46
15
6
15
20
20
7
60
47
9
28
2
53
36
52
4
15
5
8
6
22
18
81
7
24
11
35
61
84
37
5
19
47
26
45
2
5
1
5
112
38
12
124
10
40
25
36
49
1
20
16
45
58
24
33
65
44
135
41
15
3
22
35
6
68
11
13
1
28
44
16
52
22
29
18
36
8
50
34
7
13
17
50
62
21
69
58
7
41
16
19
24
43
15
114
5
5
26
23
18
27
19
23
41
6
14
130
23
28
64
25
94
52
30
108
45
76
20
53
61
25
32
40
11
53
74
0
17
16
7
24
5
28
49
50
6
40
92
32
41
72
34
24
31
6
5
22
66
16
67
17
15
10
4
61
17
18
41
27
50
29
75
35
64
60
10
44
21
93
58
51
3
26
34
7
22
48
18
31
9
40
19
39
59
19
16
47
4
39
22
76
60
37
3
36
21
63
49
4
43
37
20
23
74
53
38
15
34
65
3
53
15
53
68
16
51
23
32
83
33
47
35
10
21
22
40
12
66
16
54
51
135
63
25
10
18
34
34
18
1
5
22
55
4
18
38
52
15
6
97
54
28
51
22
32
77
31
32
18
38
7
38
58
19
36
41
31
19
32
35
53
53
49
23
23
62
50
38
73
109
6
30
0
40
41
25
27
16
3
3
83
11
56
32
4
4
41
29
37
17
53
62
82
28
25
50
33
20
44
5
53
31
36
46
36
9
6
10
0
61
90
22
85
15
10
13
20
34
5
23
0
13
37
71
92
41
5
65
81
31
4
22
54
6
12
17
31
51
39
54
23
43
9
40
79
43
8
16
20
49
55
7
26
54
80
18
35
52
8
2
101
47
22
44
17
15
56
86
78
21
5
27
54
57
23
7
39
37
55
42
16
10
4
45
60
80
31
7
96
54
83
45
9
21
3
15
3
22
34
53
4
71
18
15
35
34
17
15
46
82
50
8
85
18
11
54
14
5
31
14
6
10
10
25
13
0
12
0
77
12
15
39
33
50
52
6
101
43
4
22
3
2
35
9
38
53
12
71
67
59
26
5
2
21
14
1
77
14
10
5
51
66
63
13
9
27
18
18
1
19
55
42
82
22
26
15
17
12
21
9
17
50
20
70
38
2
23
38
103
20
31
25
21
25
84
47
21
50
47
9
20
13
54
48
10
33
28
23
5
34
28
30
11
56
44
19
82
13
18
20
8
44
15
44
29
58
91
8
23
20
28
3
16
44
10
116
35
31
17
8
22
29
10
117
17
7
1
37
44
22
53
10
4
38
60
31
66
38
22
47
14
35
33
11
5
22
1
29
35
27
2
49
46
29
16
29
66
32
2
30
13
26
32
2
48
37
9
24
24
24
10
36
26
24
21
52
33
76
0
17
58
61
14
86
31
23
40
26
33
41
35
6
68
6
3
55
16
38
21
5
31
6
54
6
58
50
20
19
18
48
29
30
20
37
37
28
16
30
1
10
38
7
5
60
8
2
9
56
17
55
27
23
29
54
2
34
30
5
7
55
15
27
105
23
11
15
9
27
11
3
4
1
14
66
23
40
38
8
2
43
16
13
35
47
45
2
27
43
19
46
65
37
50
15
4
41
48
6
27
75
32
0
1
73
4
40
10
36
31
15
22
21
7
9
5
28
57
4
0
66
58
62
15
8
40
32
8
0
74
19
18
35
48
38
45
36
4
35
32
21
14
4
44
23
32
7
11
4
2
30
8
70
2
14
42
12
14
55
5
10
13
42
0
19
4
57
14
19
26
27
4
30
39
46
13
11
17
14
36
5
26
22
27
12
80
62
29
1
62
27
13
99
5
82
31
39
3
32
6
70
2
48
13
37
23
15
37
37
16
9
8
2
37
18
3
14
7
61
10
19
23
38
23
10
13
12
18
51
20
14
23
10
22
51
65
28
24
36
33
7
41
49
47
9
63
13
21
14
9
14
8
42
2
48
53
30
39
47
22
27
13
35
11
63
54
7
31
3
78
13
44
8
10
15
0
28
26
6
27
0
3
82
22
2
18
40
4
65
29
53
60
4
25
47
26
57
23
32
18
65
13
9
34
44
10
5
28
52
12
3
6
10
11
24
43
29
57
13
9
32
15
64
6
23
49
13
28
61
33
24
34
25
43
10
31
46
46
4
23
59
23
8
4
8
68
40
58
39
24
91
22
26
30
16
4
7
58
12
33
9
37
11
69
52
3
25
25
55
2
50
26
3
1
13
27
36
85
11
11
50
32
12
24
7
31
7
55
64
16
8
39
35
12
6
67
36
11
3
1
17
20
53
23
6
37
7
4
52
76
18
0
8
21
26
24
6
24
22
35
6
14
13
0
45
6
8
21
67
17
17
2
35
8
22
27
17
14
51
24
71
20
8
0
34
44
61
44
28
45
8
2
31
8
40
1
39
15
10
0
12
36
13
39
20
28
56
10
34
59
12
9
23
8
2
15
31
33
1
41
60
43
67
26
20
29
37
45
1
23
16
8
30
32
8
43
31
26
32
27
64
5
2
2
17
35
11
5
4
9
17
3
3
57
30
36
13
6
45
0
9
41
14
16
28
26
93
30
21
2
1
30
12
13
3
18
33
45
3
54
50
58
40
11
48
22
11
2
60
36
6
1
0
21
5
8
20
59
14
32
17
14
14
5
0
13
24
26
35
16
9
0
1
8
58
29
10
9
23
23
16
0
13
23
23
21
9
2
52
2
2
24
24
59
31
28
12
44
32
35
4
21
3
21
43
11
7
64
27
46
12
13
29
5
7
12
2
31
21
2
90
28
19
33
20
44
9
1
38
4
21
30
0
5
34
16
5
53
16
10
49
34
5
33
21
7
0
5
3
9
38
8
41
14
51
36
16
15
5
11
23
21
6
24
64
45
32
34
49
28
2
35
5
7
0
3
5
24
8
0
4
26
11
10
20
9
22
13
3
32
20
15
2
27
33
3
3
5
16
56
13
51
14
10
44
43
23
17
32
35
90
2
14
2
4
7
44
68
30
18
25
9
45
31
21
30
7
12
11
19
8
70
1
28
4
15
5
16
2
19
29
2
22
8
2
13
27
10
19
3
20
9
27
57
38
24
40
2
13
20
22
27
26
32
13
2
43
14
18
30
8
5
12
54
23
18
37
17
31
11
43
19
61
8
34
29
48
32
29
39
20
42
16
19
18
6
5
25
8
1
3
35
5
18
2
14
19
5
10
21
45
28
25
2
9
5
17
8
5
5
52
19
6
1
67
22
18
7
17
10
16
1
43
3
7
2
13
57
31
24
5
15
18
39
19
11
7
47
7
6
19
10
1
15
8
4
27
10
12
31
13
2
33
16
12
17
8
17
6
19
21
14
7
13
8
33
8
15
38
1
3
28
1
19
14
37
32
2
6
32
50
12
23
4
20
19
35
1
28
8
62
8
22
21
37
7
35
33
0
24
29
3
22
12
15
4
43
7
5
6
20
2
5
22
37
2
23
31
31
26
13
17
3
18
18
15
0
56
20
7
34
13
4
38
2
39
10
2
5
2
13
21
2
51
10
51
14
15
4
30
2
8
8
28
7
10
3
10
8
5
33
8
26
16
28
44
10
4
7
20
16
1
15
14
16
31
18
22
5
37
16
30
1
2
16
14
16
7
9
12
15
7
1
17
19
0
30
15
4
21
9
14
25
16
4
2
24
7
28
5
7
6
38
3
15
31
7
16
6
8
1
4
4
15
4
3
6
1
24
22
4
28
3
30
1
8
3
18
4
27
7
1
1
7
7
3
8
1
6
0
19
18
7
10
16
20
18
1
9
3
10
19
5
35
4
18
24
14
3
7
8
17
7
7
10
17
37
6
7
18
2
8
38
41
12
21
9
18
12
4
1
6
10
20
10
8
12
3
21
17
32
15
26
7
10
24
6
6
1
13
25
1
8
2
5
15
1
19
19
4
7
16
14
20
6
10
8
15
4
34
9
3
13
0
18
4
7
5
6
14
3
15
6
8
29
4
6
9
9
8
4
5
3
34
4
11
9
0
9
0
4
13
15
15
6
3
5
15
20
11
10
7
23
24
12
8
5
21
15
7
15
6
3
13
9
18
13
3
19
36
0
10
3
17
5
9
14
6
13
7
6
0
17
7
1
12
0
5
11
6
13
14
8
5
13
1
7
4
10
1
25
14
6
14
0
13
4
1
6
11
8
11
3
12
34
12
4
8
7
4
1
2
2
10
6
9
10
1
0
9
1
1
10
0
14
5
12
8
16
1
4
2
1
7
1
10
7
10
7
3
1
0
5
6
9
5
2
4
6
6
3
1
7
11
4
9
5
17
4
2
2
6
2
9
1
9
3
1
1
8
1
5
3
1
4
4
3
2
2
13
2
1
1
3
0
9
1
4
3
1
2
2
0
2
5
0
1
1
2
0
0
1
1
