18
54
0
30
12
12
8
80
12
1
24
8
55
46
1
29
21
23
11
4
178
25
13
2
68
57
32
18
15
90
17
27
27
8
68
15
38
26
22
66
25
14
36
18
6
24
62
25
22
3
7
19
33
53
25
7
28
38
4
48
90
59
38
1
70
14
60
57
37
37
36
76
0
31
54
50
5
22
55
40
6
80
18
131
48
6
10
88
32
80
12
49
5
25
77
86
7
26
62
33
100
43
123
171
53
73
94
54
59
12
19
2
19
32
3
111
77
10
28
71
2
111
24
9
36
49
31
35
12
26
0
43
83
35
22
53
43
64
5
45
110
24
0
68
60
56
10
67
104
11
34
89
19
69
126
64
132
103
22
27
24
134
25
95
28
136
77
9
91
90
42
10
9
21
12
104
59
100
68
54
45
15
63
42
86
6
59
2
73
77
89
9
50
13
45
44
19
38
86
153
117
7
53
24
72
52
33
14
56
148
31
96
1
3
33
18
5
1
95
110
42
44
117
53
22
36
9
2
41
64
38
14
93
10
19
4
53
35
18
53
38
126
112
19
4
11
73
93
85
40
55
103
61
100
26
122
30
11
62
18
53
41
14
99
142
80
59
68
28
60
15
10
69
10
66
103
22
49
57
126
38
1
87
3
46
24
110
12
25
142
54
20
39
117
17
85
53
40
68
89
103
64
11
62
58
38
76
70
76
41
61
32
22
40
27
62
69
90
113
2
23
19
19
41
25
27
18
60
8
59
86
36
76
42
2
35
11
11
0
59
134
5
106
33
16
16
95
35
26
14
81
27
98
47
69
122
22
60
44
31
19
45
13
34
8
115
3
41
26
87
177
67
1
45
110
53
68
75
35
24
65
67
10
41
18
16
53
25
99
113
9
25
71
43
10
50
162
113
52
60
0
80
72
11
104
25
22
94
75
86
29
32
41
27
18
81
38
86
29
28
150
70
56
95
97
4
22
90
23
58
21
128
56
65
140
25
32
47
43
81
150
31
49
52
3
59
31
10
51
29
27
19
19
110
24
26
9
32
11
100
46
37
14
67
3
46
102
52
26
42
36
105
64
20
39
59
38
55
67
18
8
34
18
22
29
2
22
128
85
22
7
24
7
63
68
33
14
7
58
36
162
137
106
66
28
36
1
68
125
104
62
12
33
38
68
42
28
8
4
23
46
1
75
2
90
25
18
66
114
37
5
11
56
3
76
22
99
70
12
62
17
83
3
49
78
16
8
100
59
34
70
28
19
32
38
68
57
10
54
5
111
51
13
105
47
94
26
18
44
81
40
25
65
132
30
5
33
38
80
10
52
10
19
30
72
24
33
57
10
43
184
100
17
107
67
30
84
2
47
29
73
17
23
17
36
72
12
57
53
48
50
6
40
61
6
6
32
22
4
12
35
8
35
68
93
35
11
67
59
7
93
54
70
31
29
98
2
85
35
13
79
16
42
89
99
8
48
99
66
7
140
31
56
102
41
71
74
24
32
16
96
38
27
126
66
5
74
22
87
2
9
76
24
91
92
12
24
6
74
19
8
73
55
75
19
58
1
125
40
40
116
26
33
47
28
34
90
53
14
33
31
106
33
25
11
56
3
26
19
66
70
57
82
20
33
99
33
40
77
9
34
4
35
100
32
17
2
118
68
52
6
25
35
15
13
59
23
3
41
1
9
78
61
14
72
20
39
15
27
91
43
60
16
102
116
53
13
6
118
58
26
92
112
32
16
26
4
62
64
25
62
18
133
26
23
30
5
61
122
29
69
80
6
59
67
7
2
65
22
75
2
10
90
13
74
54
9
7
58
65
26
34
95
56
92
139
53
39
46
27
3
28
60
11
55
6
17
1
21
8
61
29
22
63
38
9
55
33
2
14
25
8
61
7
136
23
63
46
70
74
68
44
73
66
59
3
24
49
46
116
33
61
57
6
108
119
15
31
22
2
46
115
90
2
85
45
32
74
48
37
32
11
67
22
49
26
39
29
33
6
30
43
5
8
21
41
36
60
65
71
111
23
26
32
68
4
29
11
36
9
31
10
91
79
9
26
75
14
59
3
4
80
32
36
36
36
12
89
79
11
8
12
26
14
4
66
111
43
3
84
103
12
40
33
37
14
115
1
3
33
13
1
38
14
37
19
70
55
15
26
6
45
56
87
84
31
42
59
13
24
98
76
8
6
12
32
3
78
10
52
50
38
6
17
103
30
11
83
47
36
29
31
46
128
30
46
11
19
47
54
13
57
35
31
54
37
41
29
17
46
21
22
12
81
15
17
125
7
69
10
22
7
80
46
53
27
13
52
45
7
36
62
14
82
45
79
81
10
25
22
59
45
25
22
27
60
100
53
25
29
50
122
4
93
80
6
25
55
32
29
43
45
18
68
4
12
54
71
176
1
54
111
10
68
61
34
82
7
90
12
28
8
43
24
51
26
14
110
37
22
16
41
64
0
1
45
5
98
12
45
42
39
24
26
139
25
8
65
62
120
40
21
72
38
57
13
0
84
27
35
7
24
3
1
123
21
91
7
68
51
91
39
56
58
16
71
21
94
43
13
57
137
69
20
31
100
109
13
44
18
47
6
19
33
20
55
1
7
62
45
66
26
15
23
79
17
17
17
37
50
32
43
35
91
13
66
80
65
89
3
33
51
54
12
12
71
27
40
9
19
97
68
1
56
50
7
11
17
106
19
70
74
69
20
4
68
83
68
10
1
8
1
69
9
48
77
87
2
5
107
155
22
44
70
30
48
10
12
66
1
41
92
63
20
78
7
36
76
48
14
101
9
52
17
52
22
110
118
40
9
64
46
14
46
21
19
87
75
10
12
61
13
15
44
54
72
18
57
33
65
29
8
6
8
104
41
4
87
69
3
34
107
30
0
47
15
7
35
12
47
32
10
89
82
64
17
12
32
2
20
52
23
13
46
6
20
71
38
20
144
53
63
51
25
108
2
87
64
12
49
46
67
102
33
85
23
75
38
68
13
10
68
108
2
7
15
26
18
58
80
21
0
40
4
2
5
38
44
86
24
4
0
10
9
51
50
54
12
31
13
66
50
5
38
15
33
14
34
36
78
50
36
11
44
31
5
9
17
48
29
10
15
55
36
13
36
29
56
46
20
10
106
6
96
76
21
1
37
19
18
150
93
0
61
51
67
21
17
71
22
74
29
44
19
2
56
28
41
53
32
60
7
35
58
79
33
24
15
35
44
9
14
33
20
14
28
18
39
22
44
79
12
17
53
73
2
32
17
92
25
12
26
30
5
19
49
57
70
149
9
73
43
49
6
58
25
40
164
32
55
39
1
8
50
7
69
61
31
1
18
25
3
63
20
13
16
19
38
115
29
79
55
20
18
6
19
56
11
115
73
18
20
50
70
38
23
20
6
13
25
91
19
13
58
89
52
66
36
116
88
79
103
51
34
26
40
43
14
20
0
42
77
41
8
93
62
5
99
22
53
101
2
12
52
3
35
30
24
42
37
109
1
33
56
20
79
18
108
3
61
4
68
27
25
49
45
6
7
61
77
40
44
46
20
63
12
1
23
23
20
57
16
45
36
32
2
60
36
31
25
24
11
30
61
82
5
40
41
59
33
68
33
104
24
98
10
6
49
17
74
50
22
68
7
51
34
114
1
40
83
24
31
20
81
84
138
109
2
47
38
7
32
62
31
32
9
86
16
46
100
43
47
3
117
23
28
48
68
83
38
5
41
46
6
87
17
102
27
27
55
32
51
87
34
32
63
63
1
18
78
19
28
46
46
7
79
58
16
1
4
40
5
37
134
59
23
9
31
30
19
24
36
19
27
87
10
15
113
5
105
55
65
6
12
0
94
39
76
70
19
105
42
41
0
25
39
81
69
71
21
0
18
100
19
11
18
33
53
59
20
42
20
38
45
48
49
2
38
6
59
11
31
25
65
20
25
32
59
16
24
4
2
15
20
2
73
95
6
57
40
31
82
90
15
64
18
2
71
54
47
6
97
13
52
51
45
67
47
54
45
6
24
60
35
58
5
0
73
3
33
74
11
69
24
5
91
34
80
6
34
64
13
52
105
30
58
29
10
7
27
7
2
2
0
14
17
39
9
29
18
59
42
89
35
96
2
31
10
35
35
59
26
59
14
93
14
61
66
15
29
1
20
91
5
78
1
50
7
21
76
11
1
19
30
31
27
44
33
4
45
15
9
92
32
29
67
11
56
2
39
43
70
29
63
2
66
3
28
47
18
123
2
5
69
4
78
60
79
32
11
17
22
43
23
67
66
14
8
67
47
18
56
38
3
33
70
30
43
45
50
8
34
50
8
34
15
35
43
26
40
69
56
16
27
30
3
22
49
32
12
63
52
0
7
15
56
38
93
30
25
56
47
91
29
25
17
15
35
1
50
8
36
15
52
32
1
55
18
36
20
11
21
38
9
21
30
90
25
27
60
13
13
63
1
51
65
4
22
24
28
10
32
48
47
7
45
57
39
76
26
35
99
21
50
15
11
5
30
20
15
32
14
64
14
10
72
36
50
82
51
9
15
90
65
17
14
7
20
45
3
62
56
22
5
20
55
10
28
77
22
25
7
22
6
25
54
17
34
27
19
22
68
8
45
20
6
49
54
32
15
108
30
18
48
10
39
44
49
15
49
60
63
7
8
46
7
83
0
16
23
3
53
119
18
42
24
10
26
33
47
22
27
3
9
11
15
39
13
29
14
33
64
44
32
17
43
3
57
43
50
4
16
8
6
14
18
65
22
67
20
36
28
16
27
38
79
86
55
43
32
10
14
17
88
43
10
5
108
39
114
44
35
1
27
25
14
22
20
2
78
56
73
24
46
25
18
1
22
7
32
7
38
37
21
27
7
14
5
2
15
37
5
46
41
66
50
56
33
30
68
27
32
66
36
5
2
49
8
102
55
41
8
2
15
55
5
11
6
34
13
15
18
29
60
26
58
43
63
16
23
13
17
7
91
20
36
26
23
44
8
18
54
46
48
27
16
6
29
68
29
14
29
59
6
41
47
23
57
28
25
44
32
50
13
4
32
63
92
22
39
34
77
14
2
21
39
30
73
1
7
46
7
53
10
15
36
5
14
44
51
12
16
44
34
0
32
59
31
8
16
5
36
65
27
8
72
41
41
13
49
63
39
42
18
16
4
33
25
8
28
8
1
23
46
15
13
84
17
39
72
54
28
9
0
8
35
18
19
17
64
32
33
9
17
21
29
90
62
114
6
44
34
12
51
41
30
36
33
31
72
4
61
9
25
19
37
65
54
22
57
8
5
27
8
16
4
15
83
56
1
46
16
2
26
31
12
76
5
53
53
42
16
9
0
29
3
20
32
46
15
36
9
9
50
113
23
43
13
51
55
51
13
95
35
8
28
14
83
40
11
24
59
0
20
20
89
60
14
10
24
63
19
123
57
11
59
10
32
22
80
108
47
25
52
4
12
78
29
23
21
31
44
25
67
24
1
35
14
16
25
23
69
34
28
51
65
78
17
41
10
11
1
16
56
66
44
8
8
31
19
22
66
13
80
34
6
11
26
11
69
19
28
43
12
7
54
63
26
61
8
58
50
71
5
12
6
5
41
28
4
6
24
44
3
32
76
71
16
53
46
33
20
2
22
35
1
71
7
76
60
8
42
122
27
28
26
3
6
17
44
14
11
20
5
15
14
60
71
32
18
19
23
40
46
21
37
14
20
34
39
8
59
65
38
18
8
17
16
10
5
34
14
45
23
6
4
6
2
75
5
59
7
45
38
24
19
4
36
71
45
34
15
76
43
15
14
6
38
21
27
5
28
8
34
18
40
9
33
18
77
37
4
39
1
2
18
5
36
11
48
26
51
31
33
17
24
37
43
6
73
6
12
12
46
53
10
10
54
45
42
40
11
25
42
21
50
49
3
62
29
32
18
39
37
34
27
5
37
14
47
5
14
31
112
39
19
18
28
25
25
65
0
31
20
71
7
44
54
49
22
38
19
46
6
21
66
34
49
60
32
14
53
14
33
26
35
46
32
13
25
14
6
38
39
50
22
43
40
55
35
71
22
11
5
74
44
1
25
52
27
60
90
1
14
48
9
56
35
42
14
8
8
18
35
43
36
59
27
18
1
18
61
57
30
29
59
50
89
4
42
65
37
32
30
10
44
38
10
51
2
41
19
25
2
67
5
57
10
24
4
23
35
60
73
69
22
103
61
7
24
4
92
12
21
16
36
109
46
10
30
23
66
59
4
11
55
20
19
26
9
46
6
17
3
7
19
6
52
2
77
4
15
20
28
26
38
1
10
28
56
34
52
48
68
1
23
36
72
56
27
85
30
18
4
12
9
35
28
32
1
5
62
76
36
46
13
9
27
12
3
34
45
13
11
36
32
22
21
30
22
11
30
32
4
49
18
33
70
24
4
2
36
32
44
4
26
4
1
4
24
51
39
29
34
5
22
13
40
22
2
20
22
8
36
68
75
17
46
18
5
40
21
3
19
30
61
3
56
47
53
25
28
3
29
7
17
57
64
60
12
32
15
40
48
6
26
15
19
18
37
6
38
52
7
15
23
8
12
16
10
25
64
7
24
23
18
23
49
4
25
64
4
30
51
38
10
40
60
35
22
23
58
10
10
16
37
52
2
44
10
40
47
31
12
16
15
31
13
22
34
62
70
23
63
10
8
53
67
35
35
52
35
31
35
7
7
15
7
50
24
11
15
52
24
72
45
11
42
48
52
45
66
9
12
27
6
30
20
23
3
52
6
52
16
23
18
12
47
22
15
13
32
6
23
23
23
45
7
52
13
19
39
11
3
36
30
26
2
11
4
20
33
17
77
18
6
4
33
0
28
38
63
33
29
15
32
51
19
4
20
35
6
46
50
3
11
23
35
19
10
7
1
26
23
9
7
5
18
22
33
23
77
11
48
4
33
33
17
30
12
40
21
41
57
21
73
11
16
5
15
40
36
2
23
109
12
20
14
30
4
1
1
30
7
23
18
6
27
2
15
28
7
4
4
3
43
37
40
33
10
31
56
13
16
14
82
25
82
6
38
47
12
29
31
20
4
23
75
58
48
19
13
14
23
1
27
20
4
10
1
4
36
48
28
49
14
33
42
23
23
30
2
78
19
24
10
17
31
35
35
15
29
20
49
20
9
39
2
8
5
20
12
6
12
30
2
8
40
50
24
28
29
23
22
34
16
6
14
68
26
19
22
24
44
20
17
8
16
19
34
7
7
2
27
42
35
14
16
26
47
1
20
9
9
4
22
20
9
3
0
5
83
61
65
4
27
25
18
8
34
39
50
8
42
21
44
25
21
51
5
1
11
4
58
46
31
22
5
24
9
35
1
46
4
27
15
21
10
29
27
0
27
19
33
29
24
2
14
9
21
24
9
13
15
9
4
27
10
29
16
37
83
28
40
6
1
5
12
26
16
0
28
26
29
17
11
38
3
56
6
33
45
3
0
12
9
24
33
40
1
16
21
14
55
13
13
2
3
21
6
24
32
1
33
2
11
57
10
2
2
6
24
5
25
28
0
44
5
29
20
32
16
3
5
30
6
30
32
23
11
23
12
33
44
7
36
4
28
25
30
20
26
22
13
62
52
3
9
56
1
12
51
11
7
1
10
27
34
7
3
36
40
18
3
5
8
13
9
26
38
44
33
18
9
19
12
10
4
6
19
15
7
9
34
26
15
3
21
38
5
29
16
62
60
36
10
18
24
10
7
33
74
1
6
20
16
36
1
29
8
11
24
27
36
15
24
13
5
7
17
15
48
54
28
22
3
8
5
16
2
14
11
19
38
21
8
4
43
35
13
28
16
19
21
14
27
35
13
0
9
3
38
11
3
39
6
22
37
14
2
5
42
15
32
23
57
4
29
18
2
5
29
10
14
2
27
40
14
33
4
17
1
3
7
16
16
52
3
36
34
37
16
6
17
16
33
8
14
6
25
43
21
4
18
5
9
26
41
4
4
7
2
12
14
17
4
5
4
16
4
11
26
7
19
4
31
18
8
8
3
32
14
15
15
1
14
6
8
13
14
19
23
48
2
4
27
29
10
12
12
6
0
16
21
7
5
42
15
12
13
17
5
38
70
21
26
13
10
35
17
18
16
1
21
10
21
44
6
30
32
3
19
17
25
11
4
8
0
1
22
9
34
0
28
10
4
9
14
16
46
31
3
13
23
29
5
1
34
32
21
4
48
15
5
5
23
23
21
12
30
40
20
38
12
24
9
3
21
4
3
28
23
4
22
8
18
14
9
6
24
13
2
23
4
10
9
24
30
17
56
37
8
1
41
4
16
19
20
35
6
15
13
18
23
23
15
2
0
6
0
3
19
6
28
5
24
24
13
17
36
23
15
3
1
16
4
5
10
6
33
8
30
31
21
18
7
0
38
15
14
20
1
19
4
15
5
20
16
14
16
42
8
8
3
14
15
23
25
6
6
8
21
8
17
26
7
5
19
10
15
1
9
1
16
7
3
2
13
10
13
11
30
11
34
24
4
29
1
8
13
4
9
7
6
5
3
3
20
1
16
16
8
12
41
2
19
3
12
19
8
6
1
1
16
7
9
5
11
43
13
23
13
10
6
7
6
7
14
7
6
8
26
14
7
14
6
6
0
2
14
10
12
6
4
22
16
2
18
1
6
0
17
6
14
10
7
7
0
7
14
6
19
8
5
12
6
3
5
11
7
10
15
9
1
3
9
6
5
10
6
5
27
1
5
6
2
6
10
5
1
9
2
22
12
9
8
4
2
1
23
6
3
16
17
13
1
5
8
10
15
14
12
9
1
4
9
3
6
11
12
18
10
3
14
2
8
9
3
1
12
14
24
6
14
2
1
11
9
4
11
17
8
5
4
15
2
10
3
0
7
2
6
2
13
3
22
5
4
0
4
10
10
6
3
1
12
12
5
1
0
6
4
4
1
3
4
2
4
9
3
8
3
16
3
0
0
3
1
1
7
9
0
0
4
1
3
6
3
2
5
1
4
7
1
2
4
4
0
3
1
4
8
1
4
2
2
1
1
0
0
