9
10
8
3
1
1
29
6
11
3
3
3
9
34
16
1
28
4
18
19
12
14
16
33
27
3
16
10
13
40
18
4
14
4
29
33
10
4
2
10
20
9
10
15
21
9
7
13
24
12
7
6
50
18
22
24
33
12
25
14
7
29
2
8
11
3
41
8
13
9
10
1
23
22
16
11
7
15
6
28
16
50
0
22
1
19
26
21
1
15
4
32
16
47
17
23
25
12
3
11
2
23
11
10
7
15
7
1
18
7
26
6
22
2
4
15
27
5
5
25
32
13
7
17
9
37
7
31
14
4
12
15
9
18
36
0
14
20
8
8
18
13
9
3
24
10
8
6
1
6
23
26
1
18
8
52
19
6
10
0
15
29
1
20
27
11
17
13
17
38
4
19
16
9
13
19
37
17
24
2
7
14
17
29
5
8
6
13
13
5
18
27
4
4
0
6
27
5
24
0
32
28
2
3
18
2
19
12
10
5
13
2
34
5
8
0
10
6
12
9
4
13
9
16
22
16
10
22
5
9
1
2
2
16
6
20
8
18
14
23
19
6
21
3
6
0
3
5
21
11
13
21
3
12
3
8
3
10
2
5
14
9
0
1
7
17
12
12
5
8
17
6
14
17
3
22
7
9
12
23
0
5
1
7
4
20
3
14
6
14
8
6
1
14
10
14
15
5
13
1
9
5
18
1
9
9
3
6
10
6
10
21
12
14
9
1
10
2
1
28
7
0
10
2
9
4
18
17
6
9
3
8
12
8
4
2
10
9
10
5
5
10
7
8
1
11
4
8
8
13
2
2
6
5
1
2
3
4
8
3
6
1
0
2
3
12
3
3
0
3
1
2
3
1
7
5
4
1
6
0
5
4
4
0
2
7
2
2
3
2
2
3
2
0
2
1
1
1
1
0
