4
11
0
4
23
30
8
6
29
10
120
31
72
15
1
33
25
111
3
8
188
11
42
58
37
9
10
46
23
11
14
8
12
4
32
26
15
19
40
22
66
92
6
30
41
37
8
14
40
13
39
35
8
126
1
55
32
65
67
53
109
51
108
5
18
82
1
36
23
18
84
90
47
5
11
28
72
8
6
8
15
40
29
76
32
46
87
31
84
30
37
26
13
27
68
29
72
1
6
77
95
141
39
9
62
62
32
49
18
17
22
34
14
40
60
1
66
27
28
19
29
22
15
60
41
102
33
47
17
116
48
61
3
103
53
12
82
40
43
13
18
15
18
145
126
96
17
102
39
51
82
32
5
24
38
73
19
90
46
25
26
51
12
4
106
89
91
88
94
100
57
69
89
121
19
12
36
39
49
112
34
19
6
71
2
5
129
16
2
1
79
55
33
99
9
2
64
138
47
35
9
36
99
28
12
65
91
43
36
101
12
78
103
70
75
6
3
75
117
22
46
69
51
58
67
10
27
36
21
17
143
18
7
31
61
6
20
50
21
74
82
39
6
20
38
34
55
44
121
3
26
13
90
29
32
25
21
41
64
1
59
13
42
2
35
20
9
36
40
92
16
40
25
10
21
42
36
43
165
43
57
2
18
95
37
11
21
40
17
18
47
83
20
25
93
20
76
31
110
77
30
9
76
44
95
100
10
45
112
70
32
43
35
29
64
53
40
40
14
17
71
138
53
51
7
46
68
18
79
119
37
12
60
144
8
26
95
23
5
78
11
90
54
76
4
37
7
6
20
67
12
87
28
60
40
105
53
71
22
34
16
51
27
83
148
110
54
38
180
51
12
24
16
28
43
25
27
41
16
27
118
43
16
37
94
143
63
146
54
38
15
38
15
53
20
2
5
47
0
75
107
15
121
138
22
20
51
86
41
10
104
75
68
48
90
13
74
52
59
66
16
16
8
71
29
130
15
23
44
85
27
53
68
78
71
122
93
83
66
26
37
43
115
62
61
73
36
59
16
1
53
28
24
44
19
85
53
58
4
30
13
6
30
33
42
43
15
20
34
56
75
40
57
33
84
5
10
11
19
145
5
40
0
44
8
16
14
108
67
44
48
65
20
59
48
34
117
99
18
18
75
68
34
14
22
56
37
4
50
65
74
53
33
19
8
90
17
4
47
18
115
41
48
77
6
6
77
115
47
133
20
19
28
18
19
100
94
81
116
15
4
92
6
30
57
38
27
38
1
66
25
30
90
83
78
100
21
62
53
6
108
46
64
25
10
38
196
2
11
61
35
1
5
16
73
12
42
31
37
150
24
5
119
100
26
72
13
16
37
49
80
114
10
5
57
113
105
25
22
47
13
90
7
24
26
33
39
35
23
31
6
31
67
62
20
39
30
63
84
35
14
10
56
34
31
62
33
60
79
121
38
2
50
91
95
24
10
32
32
8
72
85
68
35
33
37
56
28
38
14
13
7
24
27
74
141
44
10
46
45
38
82
55
46
56
91
5
24
12
78
102
11
74
110
59
110
119
39
39
29
6
9
102
17
125
17
139
8
0
45
23
79
45
4
9
26
44
97
128
8
103
30
53
39
94
56
26
35
87
95
45
29
89
21
46
56
43
16
6
25
27
3
76
42
103
72
78
90
13
33
50
22
53
22
21
77
72
27
54
19
99
59
20
18
109
48
5
33
34
4
44
75
37
60
15
51
12
5
49
55
0
26
36
52
28
3
90
94
93
41
38
23
73
51
89
44
33
4
48
14
10
16
28
39
38
61
35
53
44
11
63
44
148
111
12
9
29
23
29
76
47
56
14
54
163
28
77
41
71
155
80
39
90
38
4
22
25
12
26
62
18
10
59
28
135
8
50
26
3
14
14
35
104
5
0
56
113
34
51
8
102
51
35
113
55
10
54
46
9
32
94
57
32
168
8
56
26
32
40
9
53
38
34
144
53
32
75
44
24
27
61
17
36
0
101
103
31
17
144
30
57
22
30
25
17
9
67
46
19
86
4
46
69
28
10
11
59
6
37
21
65
52
28
39
49
17
66
31
22
3
86
88
7
42
38
45
31
22
10
15
34
26
3
2
49
90
0
55
69
81
15
52
88
52
2
44
21
141
23
110
2
5
89
61
26
35
59
6
61
118
60
22
8
52
35
26
32
27
13
20
43
64
15
19
1
53
12
53
4
36
42
21
6
46
54
79
25
46
67
90
138
101
44
35
111
4
11
44
65
94
21
4
57
77
62
45
63
28
40
11
26
26
45
12
65
39
14
48
22
73
3
8
82
45
93
47
22
55
42
10
40
89
6
9
17
25
17
15
106
100
5
61
8
1
29
73
77
31
24
2
41
28
38
37
28
41
41
56
24
2
43
43
22
43
17
24
54
32
63
5
20
71
8
15
28
32
73
80
67
109
68
38
8
70
35
54
24
45
28
5
14
7
60
5
27
24
30
40
114
36
30
76
29
37
41
97
57
84
27
116
65
84
17
11
58
34
33
60
83
2
72
6
35
38
22
79
100
2
100
43
30
54
33
11
1
73
109
52
24
38
6
71
18
99
6
125
14
6
36
4
40
35
66
44
44
1
59
46
41
70
43
45
71
88
10
49
5
31
49
18
51
45
25
9
36
21
0
35
41
37
3
13
13
13
11
69
31
128
36
88
81
39
12
66
86
40
16
1
103
5
19
32
63
25
82
3
121
2
10
103
7
107
51
34
42
101
9
74
34
8
30
53
64
1
54
26
22
38
3
82
94
54
15
47
4
25
26
40
27
69
81
59
24
18
21
34
35
81
84
36
36
31
20
4
29
50
35
11
92
67
54
12
33
10
67
24
54
74
34
36
83
25
44
18
38
9
32
24
68
40
26
11
8
10
55
21
46
20
27
14
31
12
51
3
25
45
14
13
29
12
100
134
8
79
6
137
23
60
37
51
102
23
5
154
15
6
70
41
16
61
36
78
85
20
6
51
23
14
25
124
22
38
7
31
7
3
38
20
45
107
58
119
28
75
4
13
22
3
11
27
44
14
36
74
19
1
22
60
9
12
2
48
4
56
17
37
62
35
52
5
17
1
64
50
89
42
45
8
126
22
15
86
10
33
23
97
72
24
52
11
43
18
87
14
34
44
21
4
83
3
32
55
78
19
7
45
52
33
15
84
8
34
103
31
26
136
27
85
19
24
14
7
12
33
5
83
34
55
13
32
31
86
77
29
73
33
57
111
30
8
15
36
47
17
31
1
110
25
27
61
47
3
49
2
83
2
20
12
41
15
28
23
71
48
71
22
65
43
64
0
22
25
13
1
55
47
37
27
22
28
33
8
29
83
13
82
48
35
62
17
94
31
1
27
64
42
19
17
34
13
33
43
59
23
94
15
15
16
45
65
37
41
143
8
122
16
84
1
68
36
85
115
13
11
52
27
61
32
58
26
3
28
47
84
42
41
26
85
2
38
67
17
1
2
38
7
67
17
70
9
38
11
159
149
18
25
45
56
36
40
52
10
62
87
32
40
23
2
7
131
40
8
18
14
56
98
37
30
60
19
67
53
44
13
60
2
113
41
8
2
25
73
22
26
38
105
9
19
23
77
51
33
17
8
68
10
47
54
30
41
10
75
19
56
23
16
43
7
111
158
57
7
41
5
27
14
45
23
27
23
27
22
35
52
12
78
82
4
90
29
23
16
59
31
52
15
73
51
55
41
107
10
3
4
7
70
44
63
93
23
17
7
30
39
11
63
37
22
126
34
8
5
13
72
54
13
45
19
59
37
5
14
33
21
9
62
28
17
8
25
7
14
2
68
56
47
4
70
87
26
16
43
62
4
15
48
40
43
56
28
27
41
11
26
57
22
66
26
51
32
66
74
74
17
98
8
12
28
22
32
74
8
53
39
69
1
31
21
102
7
13
6
30
20
25
2
43
25
8
19
125
2
62
42
6
1
17
34
12
82
2
13
38
38
13
41
32
37
59
38
10
14
4
83
61
10
56
67
35
53
133
13
40
36
6
68
78
3
11
3
17
17
74
52
19
52
24
18
117
15
41
85
19
53
41
18
1
36
42
33
58
14
48
2
10
46
33
85
59
51
31
8
20
7
20
10
0
14
11
7
13
43
23
30
3
32
18
49
19
5
7
13
26
43
34
19
49
16
31
46
21
39
88
60
46
40
83
3
3
14
27
17
96
82
42
27
48
9
43
58
22
105
11
21
20
33
29
31
65
31
67
3
35
87
72
37
28
37
46
30
26
62
158
49
43
14
30
36
18
1
78
25
51
50
5
5
74
58
22
35
9
73
9
44
0
30
51
28
17
92
45
77
19
75
8
102
54
39
16
38
34
63
27
9
12
42
101
42
23
44
63
46
14
81
15
48
17
22
6
45
43
31
14
34
21
3
16
11
62
14
29
71
34
68
78
24
15
18
11
46
4
61
17
23
52
9
34
41
19
31
14
99
45
31
78
16
68
62
16
17
1
36
83
22
49
47
76
28
4
19
38
8
35
6
99
7
18
25
48
2
11
55
52
3
7
72
8
52
37
33
39
53
30
54
36
13
24
10
15
81
24
4
47
35
77
32
6
14
10
17
3
6
4
42
8
11
87
52
31
9
34
44
12
20
1
78
11
18
63
58
12
46
57
52
57
47
30
67
60
6
27
30
64
35
77
46
6
55
7
35
90
67
25
31
22
33
29
44
10
28
66
1
8
74
21
19
68
26
39
17
68
85
47
39
84
81
28
93
28
24
9
23
1
62
38
46
43
60
102
54
42
38
38
41
103
32
52
18
2
0
19
13
23
10
45
36
27
35
47
28
65
40
41
9
66
40
6
7
40
42
46
1
58
26
49
17
40
71
56
33
25
3
20
31
23
18
76
43
41
57
53
30
50
34
65
67
23
21
53
46
60
24
101
7
8
5
111
1
1
19
93
7
22
18
25
48
3
50
6
34
17
76
47
6
80
6
55
66
44
19
4
19
38
73
45
3
21
51
14
16
74
5
9
64
109
4
31
41
6
24
16
19
25
18
41
0
57
8
67
25
39
8
18
5
0
24
24
15
8
8
3
16
40
8
59
53
49
26
64
82
29
21
6
40
53
46
41
13
82
76
24
5
6
26
38
18
93
2
37
46
39
70
3
21
29
52
30
33
26
66
19
40
119
42
13
33
4
30
10
5
74
63
30
79
53
101
41
12
24
19
31
82
54
8
38
109
18
43
63
28
33
99
8
0
69
3
34
26
37
41
50
36
12
70
20
3
79
2
34
43
55
12
32
34
18
27
34
43
4
9
34
28
27
4
7
92
5
3
15
10
18
5
51
57
5
15
32
31
2
35
46
29
0
52
66
1
89
33
5
30
3
17
0
37
41
96
3
85
41
65
5
17
12
45
23
89
22
1
76
3
41
33
17
16
12
21
20
19
28
47
22
36
21
16
82
16
18
23
41
47
45
77
64
54
30
24
5
21
17
51
48
73
20
5
11
93
15
1
1
28
10
30
13
32
69
0
19
38
20
6
38
9
48
19
47
42
5
52
36
7
23
26
5
13
48
102
3
21
89
24
61
13
28
71
48
22
74
13
29
46
30
20
12
6
11
31
5
16
26
25
73
41
8
79
30
30
21
17
93
23
8
1
89
14
32
42
6
4
12
53
88
7
30
21
35
44
11
38
1
58
9
25
11
2
2
38
14
62
33
2
5
23
49
57
4
73
29
23
32
40
59
7
23
81
84
0
28
9
44
26
22
50
32
16
7
4
47
38
5
20
4
3
11
22
2
43
27
36
1
63
6
58
30
8
73
23
9
39
3
48
16
61
28
5
49
34
43
33
73
23
65
66
24
19
11
34
14
15
27
6
31
49
2
17
42
18
39
44
28
5
76
28
30
56
30
13
22
68
31
15
5
12
56
20
2
31
8
40
34
18
40
89
28
32
67
47
38
28
39
17
20
0
12
36
4
34
29
4
13
88
69
36
14
37
19
58
4
9
18
28
63
8
25
8
28
4
6
54
17
71
7
50
16
42
44
43
32
18
14
5
41
52
22
6
21
8
18
7
82
31
9
48
32
60
2
63
2
15
19
35
74
31
7
23
26
38
10
22
8
34
29
52
6
16
21
25
18
10
101
12
24
86
19
29
25
41
4
36
17
9
19
54
7
17
13
11
15
54
77
29
36
56
51
30
15
10
18
54
30
9
36
11
21
18
16
15
44
5
56
26
19
25
66
32
41
18
19
29
40
3
2
18
24
45
3
0
70
5
26
51
24
38
36
4
3
25
52
7
18
5
2
55
28
26
29
3
35
2
24
57
9
20
11
40
66
3
13
5
51
40
7
17
97
13
2
61
6
1
30
36
22
94
10
66
22
33
17
12
23
48
4
16
42
8
11
61
16
8
2
12
41
27
7
40
12
27
14
26
37
19
16
48
39
2
4
11
2
33
22
19
11
21
3
6
29
31
29
13
22
14
55
30
41
19
2
11
31
19
32
10
6
6
9
19
25
50
1
54
20
26
63
62
25
6
18
42
34
23
20
15
21
19
41
48
30
4
3
10
13
21
37
2
27
32
21
6
11
33
4
24
50
2
6
20
17
20
20
30
26
35
43
17
0
27
8
24
47
9
5
17
18
41
44
20
21
21
6
36
20
0
28
22
9
29
12
51
47
0
31
21
27
59
36
8
24
20
29
52
25
38
2
34
33
1
54
27
54
12
0
49
47
15
11
39
3
22
10
51
50
45
45
67
10
13
43
62
5
5
1
59
23
24
40
13
37
41
34
63
13
8
14
11
11
34
2
16
47
11
32
25
35
46
13
28
49
39
4
19
24
17
41
20
69
23
20
24
5
47
26
6
21
13
27
23
8
6
5
4
34
31
29
25
23
4
29
11
43
73
10
16
26
9
31
7
17
39
15
14
10
38
10
39
28
30
81
49
36
14
55
34
15
25
17
14
11
19
1
3
0
84
18
17
54
82
26
8
1
23
27
11
11
4
7
15
6
10
31
47
3
0
19
10
35
9
23
15
24
14
1
5
6
14
19
95
53
35
84
34
15
2
8
76
20
10
18
19
20
75
21
37
6
7
25
30
48
20
27
2
23
20
17
7
12
21
18
30
28
10
22
57
8
19
68
36
29
26
13
7
2
20
22
3
9
5
54
26
12
5
28
17
11
11
13
33
49
4
10
3
14
2
32
47
35
37
21
9
25
6
34
32
38
39
16
23
10
26
71
2
15
48
10
39
5
21
63
4
21
20
35
14
7
1
13
19
36
23
23
64
26
45
56
29
13
13
3
6
7
25
40
29
21
33
17
18
8
8
12
19
3
35
43
4
28
20
14
28
23
24
7
15
16
10
37
50
12
15
24
0
27
63
22
59
29
2
10
21
13
7
5
23
17
3
3
6
15
5
45
21
3
13
6
36
12
54
26
22
9
25
26
24
28
28
31
15
7
23
10
19
4
23
10
8
11
23
8
6
18
1
35
59
23
23
25
8
22
17
47
17
27
21
0
17
30
13
15
16
23
2
11
18
10
8
17
38
34
20
28
11
16
10
70
14
32
15
32
5
20
17
2
14
11
22
31
50
57
71
25
10
29
21
2
31
15
30
3
20
57
23
17
27
6
7
16
21
14
26
5
2
8
22
20
22
16
3
5
3
21
34
18
0
18
33
13
2
10
29
20
12
32
4
11
32
21
1
4
56
22
11
2
2
13
35
9
16
31
25
6
2
1
29
28
3
2
33
27
16
17
0
26
6
25
6
9
7
30
7
24
15
24
39
41
28
8
7
31
28
32
10
18
2
78
36
20
14
21
3
46
1
14
22
23
14
47
9
51
2
29
12
11
4
21
12
36
47
0
37
12
35
15
34
0
20
7
13
16
5
20
27
3
18
14
28
17
7
34
9
12
25
14
7
69
48
29
39
6
14
35
14
14
6
1
34
2
14
9
18
11
3
13
28
33
15
6
18
36
21
30
8
6
47
14
9
6
53
34
18
32
6
9
13
8
17
32
25
23
18
6
35
18
10
1
14
14
26
2
6
4
2
31
6
27
7
5
18
3
41
4
16
17
42
6
16
1
2
49
12
4
29
9
7
24
3
6
6
3
28
21
14
27
39
4
15
0
9
3
13
37
1
5
28
5
4
8
21
28
33
44
11
9
14
8
24
15
15
11
8
15
9
6
19
11
7
48
2
7
3
24
1
30
39
21
28
36
3
0
16
15
7
4
24
22
8
5
23
16
3
21
2
5
12
18
11
11
17
16
16
27
41
20
6
9
5
10
12
3
18
29
2
4
23
7
22
17
23
17
12
5
11
6
0
10
7
0
26
1
19
16
10
3
35
1
12
19
15
2
16
20
26
8
1
24
14
2
4
10
21
8
5
18
1
6
8
5
8
4
7
18
31
2
18
23
4
9
43
20
5
3
12
7
16
1
4
11
17
26
3
22
26
7
25
2
0
10
18
7
11
6
23
0
3
3
16
13
25
7
13
14
20
25
17
24
5
12
19
10
16
19
25
17
3
24
10
1
14
12
10
26
7
23
10
11
4
25
3
9
5
28
9
1
1
18
10
3
14
4
5
25
22
22
20
5
5
2
10
18
24
23
20
9
14
3
14
16
4
17
1
5
7
25
2
2
5
9
28
39
10
14
12
25
19
6
20
26
0
7
27
10
4
12
1
6
1
10
7
5
2
11
25
3
21
6
14
0
6
3
2
1
27
11
3
18
0
2
5
13
6
10
15
18
3
20
3
3
3
2
8
2
22
1
1
26
4
1
18
11
6
2
6
24
2
12
5
2
4
6
6
3
2
6
2
13
4
4
11
3
17
6
10
14
5
7
8
4
11
3
1
1
8
11
9
30
2
11
2
14
7
6
0
7
23
4
0
0
10
6
4
8
10
1
13
1
7
12
8
7
9
4
3
3
3
4
2
7
3
4
2
8
2
15
1
1
3
5
6
6
0
4
4
2
2
13
1
4
1
1
3
3
0
3
7
0
3
6
6
2
7
3
0
0
4
3
1
1
3
1
1
0
0
0
0
