22
32
11
1
0
69
76
103
75
92
2
60
22
2
14
9
4
125
20
33
41
11
15
22
32
8
63
7
37
14
56
9
26
10
33
27
18
23
9
25
18
8
15
81
2
42
15
43
44
30
88
12
14
23
29
46
8
12
44
49
77
45
88
12
43
19
74
48
64
113
44
59
67
34
2
74
39
40
75
18
62
80
27
47
28
35
58
58
47
19
54
31
37
47
68
100
2
30
5
48
114
20
21
76
57
82
16
1
11
1
33
52
87
40
34
75
81
4
67
28
14
68
6
12
15
20
45
38
31
51
108
67
87
2
99
20
77
15
142
109
68
10
48
17
17
34
58
19
113
83
2
33
22
54
59
21
11
70
95
18
24
58
118
49
96
61
41
53
35
70
4
59
52
15
10
20
40
31
63
12
38
42
30
74
33
12
32
9
20
71
35
19
90
35
77
6
32
96
13
79
28
2
44
32
39
76
43
48
1
53
57
68
71
50
92
14
60
41
17
14
69
17
0
22
67
84
60
20
128
75
70
38
86
55
121
5
66
50
7
87
124
156
36
70
42
11
150
78
47
15
47
7
37
0
73
46
128
71
65
79
147
3
79
80
55
96
113
44
79
10
76
14
20
23
37
38
44
92
55
9
123
78
26
11
30
137
34
78
54
9
101
74
66
9
22
10
104
55
14
29
28
11
7
16
52
54
43
17
89
30
32
98
16
138
3
7
59
10
15
119
20
11
30
47
31
65
69
61
84
55
52
64
14
25
74
60
14
0
58
16
29
13
45
44
48
59
92
23
18
28
10
80
79
18
10
23
57
28
14
123
21
10
31
18
152
74
14
123
18
104
19
150
23
99
49
23
43
43
115
41
65
40
9
106
1
56
40
5
57
100
9
64
71
81
32
61
32
132
135
33
24
13
35
0
17
42
12
35
9
2
74
47
22
13
132
10
46
55
51
4
1
80
69
35
23
10
78
53
1
34
24
76
64
62
28
5
1
4
36
107
23
8
174
60
81
11
79
6
9
22
25
48
20
29
78
155
14
26
7
120
10
0
12
52
15
117
109
31
50
14
54
5
9
61
49
66
35
148
77
64
12
34
2
3
26
21
50
67
42
31
38
64
20
9
54
70
18
32
39
14
47
16
22
1
17
35
96
7
98
126
26
27
47
70
4
61
56
75
71
33
60
16
4
47
46
87
41
62
16
46
41
63
80
31
1
58
88
21
47
17
10
56
6
22
48
37
149
52
25
68
93
18
46
38
49
7
62
87
125
128
37
30
25
189
76
33
39
10
40
6
108
62
27
87
23
56
39
110
104
82
38
31
27
44
20
57
141
3
11
52
89
69
21
26
150
35
18
100
49
27
58
18
53
21
29
22
32
23
40
37
91
52
55
10
94
29
62
12
13
31
0
25
21
28
114
32
45
46
28
23
78
114
56
14
5
24
144
38
24
5
41
39
19
99
75
57
86
81
81
54
159
15
31
43
47
31
88
59
9
35
182
39
22
31
7
87
17
54
88
53
16
75
9
32
4
48
110
55
72
15
4
89
45
19
107
47
30
92
146
129
47
23
56
41
133
92
0
52
22
60
55
47
9
4
14
175
153
10
4
16
37
74
46
44
37
41
99
28
53
34
2
40
57
23
11
49
5
16
37
57
27
54
34
5
86
76
15
30
34
41
7
33
91
51
4
95
29
30
96
75
19
28
96
29
8
127
36
68
43
104
16
48
36
10
25
35
39
24
29
63
18
5
12
5
55
0
52
60
42
53
100
21
32
150
31
75
36
71
29
75
49
73
38
140
37
41
42
8
15
21
22
61
42
94
97
84
38
29
74
44
55
18
13
18
14
3
26
97
50
36
56
25
23
15
15
4
25
29
9
27
40
68
77
30
27
54
90
21
10
36
169
15
22
31
54
31
1
13
41
43
57
12
29
45
64
45
46
27
29
8
1
116
13
4
56
32
43
35
25
73
83
60
20
101
39
81
59
47
13
52
2
90
9
26
27
65
10
56
20
30
37
60
37
21
11
41
21
6
30
75
21
14
11
49
76
88
54
84
67
127
24
46
66
9
31
111
31
38
75
64
26
33
1
42
5
1
56
100
12
95
57
19
97
60
24
126
46
87
7
22
56
16
26
103
79
3
42
12
66
54
42
21
11
13
85
17
39
25
24
19
13
49
41
75
63
3
4
22
71
31
3
83
120
107
18
83
35
39
101
108
22
49
17
46
28
36
45
95
60
130
67
24
39
42
88
51
5
58
8
20
32
25
5
104
77
25
36
11
41
68
24
13
44
24
33
18
34
34
1
9
43
12
19
35
52
79
79
37
7
26
80
67
27
75
3
10
46
102
63
5
43
89
48
49
50
41
110
34
68
65
2
78
132
19
24
33
59
52
89
33
19
39
6
56
6
2
52
82
8
22
98
28
64
38
30
16
64
52
25
14
6
60
11
59
18
68
29
25
39
53
25
18
41
150
34
90
53
10
72
74
80
99
63
14
61
47
25
73
18
5
36
42
9
37
8
37
46
49
14
91
16
39
58
21
38
32
92
30
43
41
17
3
78
52
54
51
45
17
65
24
17
4
6
77
32
20
66
4
60
65
70
13
43
19
25
71
43
6
60
31
27
18
67
94
25
6
71
57
61
11
3
87
132
79
9
69
73
51
47
55
9
64
12
14
161
71
14
11
12
15
27
9
27
39
33
120
23
77
77
6
57
20
45
11
46
31
39
6
2
31
63
9
86
79
48
44
32
62
27
4
83
120
17
35
17
54
5
50
10
82
4
56
28
6
14
14
59
126
25
22
1
36
76
53
50
1
111
50
18
153
28
35
17
11
48
15
45
8
31
1
25
29
49
47
7
2
8
57
84
16
47
93
9
109
55
47
120
44
5
44
16
51
114
29
108
4
85
8
2
97
69
22
14
10
10
13
5
46
26
23
8
15
69
68
44
1
11
44
86
0
26
67
116
71
30
1
58
10
56
19
65
28
54
43
2
38
7
81
37
71
8
23
24
9
64
98
63
3
8
7
9
12
3
17
40
26
18
25
9
58
9
16
53
98
14
14
73
42
23
20
48
12
26
75
39
58
1
49
23
25
15
11
53
107
39
14
0
37
73
59
40
24
24
32
3
88
9
89
1
180
8
104
17
46
1
45
52
7
40
23
75
48
29
54
61
12
5
16
23
41
40
49
59
47
29
7
74
6
98
39
57
12
31
75
26
86
19
42
91
60
100
111
37
6
8
40
0
24
5
91
57
33
65
41
68
48
14
10
29
31
51
4
5
99
134
2
32
60
9
31
2
20
7
22
27
49
81
4
47
67
6
42
27
14
42
34
20
87
18
8
8
54
9
5
93
12
35
52
14
67
32
81
4
51
82
30
7
31
27
102
6
32
53
73
70
48
137
3
61
4
74
1
30
30
53
61
78
1
56
13
61
37
23
20
0
46
80
117
1
8
4
52
80
40
34
13
101
18
1
11
31
19
45
19
26
62
8
51
57
3
15
107
15
13
6
39
12
117
22
5
65
26
92
53
96
33
30
36
82
6
41
54
3
65
36
7
48
62
53
54
4
31
30
19
29
93
24
30
34
17
28
79
41
48
33
12
4
14
10
3
59
11
2
37
19
46
99
84
27
75
55
82
42
17
9
44
2
2
32
36
16
28
25
108
104
89
26
70
23
80
1
32
43
9
41
91
31
37
17
60
66
16
51
19
69
38
68
9
53
10
30
44
37
13
58
42
6
15
2
45
38
27
20
26
58
81
15
35
4
54
25
3
38
27
14
22
23
6
51
58
6
5
61
80
55
59
77
87
11
3
17
31
29
8
16
46
64
49
35
68
20
1
36
7
14
19
79
104
13
47
45
42
24
14
113
28
10
17
71
12
43
20
8
44
40
73
35
83
22
35
110
73
15
143
15
23
18
109
2
64
12
85
66
58
28
93
11
36
39
88
36
26
7
53
82
24
4
25
16
9
45
58
7
55
5
16
22
64
53
64
42
21
52
69
54
56
38
118
17
14
33
60
35
1
4
38
1
25
13
24
42
11
63
59
16
12
39
31
22
48
0
11
20
67
7
7
137
18
13
45
59
15
17
93
43
3
25
56
54
59
26
18
45
24
20
37
56
120
61
22
5
50
32
20
29
23
66
28
17
71
41
4
15
13
2
72
90
27
6
28
0
29
16
10
40
67
58
48
75
42
32
39
89
23
122
43
112
31
52
49
55
22
12
101
39
61
51
19
25
67
9
28
50
4
52
38
45
78
40
1
36
8
13
73
60
43
57
42
65
54
30
11
15
1
88
11
33
17
52
102
11
76
85
45
58
11
95
80
43
38
22
60
12
12
65
59
43
4
61
10
49
3
25
40
34
13
68
44
11
53
62
50
24
11
59
15
54
46
64
3
33
84
12
12
11
16
14
17
13
51
31
36
174
52
12
14
22
27
22
6
55
30
75
129
5
26
109
3
44
77
36
14
102
2
20
17
10
64
44
27
19
81
37
60
32
4
33
4
36
62
108
51
45
24
2
24
74
33
47
30
3
66
30
73
47
43
17
4
8
62
28
97
8
8
6
18
23
22
33
51
57
14
42
32
0
50
28
83
79
10
43
41
13
22
21
68
48
22
28
21
17
21
68
34
50
43
69
73
12
19
16
9
84
15
30
72
20
17
15
113
41
38
7
27
32
101
19
12
16
13
23
47
14
59
14
41
36
50
18
3
54
119
23
26
6
24
22
38
28
13
1
56
12
63
66
41
49
38
17
13
47
30
17
40
5
10
14
35
17
65
79
61
1
25
21
4
25
112
14
19
38
9
11
66
36
25
8
12
63
3
24
6
42
11
81
12
9
106
15
32
6
23
27
47
61
2
59
22
20
14
36
24
47
32
51
16
76
36
21
54
20
59
16
20
36
53
25
43
9
2
73
6
10
19
31
2
51
3
34
8
26
43
14
1
11
68
10
24
56
40
26
62
54
43
24
44
35
10
41
22
48
49
26
1
10
19
20
47
64
20
17
56
51
29
45
54
65
7
10
47
10
27
64
6
58
13
4
21
5
33
25
28
48
35
21
14
55
2
77
51
4
32
50
6
19
28
49
55
32
3
58
25
7
52
15
72
68
10
2
47
41
3
58
7
116
25
32
86
0
45
19
30
37
33
9
2
27
11
17
28
42
81
63
26
0
6
72
20
44
11
24
42
13
12
37
2
17
22
6
3
50
68
24
42
33
40
10
54
34
36
51
11
48
20
27
42
17
11
24
1
22
77
3
26
32
46
60
8
64
29
8
1
20
77
1
71
11
26
1
22
29
23
31
33
29
14
38
77
9
80
88
90
25
0
33
4
29
5
18
66
21
48
28
40
26
14
68
15
59
22
27
51
7
50
14
1
91
28
12
31
73
26
14
42
17
7
32
37
70
23
27
4
12
49
54
23
44
27
7
58
22
1
48
36
21
20
70
7
62
22
2
67
14
17
15
60
23
47
12
15
0
25
34
8
31
24
31
11
58
33
33
6
38
15
34
17
25
42
16
4
13
124
69
40
46
32
32
47
16
60
17
23
49
32
125
38
29
10
3
84
53
16
43
12
67
21
30
5
13
89
51
49
14
38
1
27
0
4
18
5
0
48
44
44
19
15
20
65
11
10
27
13
16
1
25
29
2
26
12
89
31
10
40
15
20
21
28
12
11
7
24
4
52
25
14
7
24
3
14
10
54
19
6
34
12
10
67
45
52
37
35
4
22
3
16
46
77
65
65
34
36
4
103
12
14
36
59
63
36
37
5
30
93
25
51
11
45
35
9
41
0
97
1
16
39
1
15
10
4
86
3
47
4
34
41
42
11
21
94
56
41
69
17
1
13
27
45
17
16
39
5
21
65
11
3
5
60
1
52
51
34
32
18
33
19
41
31
31
49
30
48
26
59
3
5
14
2
74
47
22
1
55
66
77
35
17
9
37
7
72
53
54
8
12
2
14
68
43
5
85
59
11
36
32
11
6
20
3
34
41
9
25
21
39
107
14
2
33
60
5
29
10
43
16
30
0
44
12
16
39
14
110
67
90
0
48
13
15
8
43
46
29
43
6
34
48
33
30
2
64
96
1
17
60
27
8
69
9
71
67
32
14
89
60
8
72
13
73
63
7
19
45
56
12
1
34
30
37
43
15
39
27
59
45
54
3
5
8
80
81
71
17
52
56
28
38
34
58
5
56
45
50
35
12
3
2
37
18
28
17
90
30
12
21
31
2
14
10
64
29
57
50
8
71
43
21
21
30
4
50
12
42
12
23
76
4
27
10
55
37
41
69
20
43
8
24
27
23
21
1
129
55
38
47
34
53
33
35
71
36
31
61
50
10
43
44
68
4
10
27
32
3
8
19
25
49
65
27
20
44
3
25
49
19
28
52
1
27
31
23
7
7
7
5
20
36
25
14
34
13
0
4
14
34
16
13
34
31
33
21
7
59
16
56
12
51
17
17
53
29
45
42
25
19
39
44
20
42
25
8
69
28
7
23
12
18
5
44
2
23
12
18
66
52
30
2
53
35
47
14
1
3
65
13
16
51
14
44
1
15
45
0
11
12
37
22
47
10
20
13
19
19
49
13
9
28
21
25
33
5
9
5
18
28
12
45
66
15
43
27
61
42
42
16
55
2
37
49
25
16
50
9
24
33
22
64
8
30
23
68
19
18
6
17
6
28
48
10
32
8
53
81
9
16
30
11
85
41
20
65
38
43
31
9
11
23
44
5
25
1
48
62
39
18
39
41
88
20
16
14
8
4
72
59
8
4
37
1
18
2
7
39
37
12
28
9
9
4
21
18
42
8
22
19
11
31
44
41
31
3
15
16
39
1
4
32
17
17
6
11
48
10
26
4
53
22
10
1
8
35
7
18
30
38
13
1
62
66
59
14
4
36
19
0
2
6
38
54
9
14
13
23
12
2
0
65
43
66
48
1
44
7
17
7
38
16
19
12
20
3
26
43
19
0
8
7
42
19
29
20
75
32
20
10
30
32
21
10
7
5
27
20
25
4
24
11
19
28
3
33
46
14
22
28
28
53
44
15
41
6
30
2
5
34
24
7
78
67
10
24
4
6
18
2
5
5
40
33
6
24
35
2
29
31
34
66
58
50
4
18
17
6
59
20
27
12
34
7
5
20
16
1
42
29
10
29
26
10
2
10
68
24
24
16
10
50
35
22
29
13
5
1
13
27
20
17
20
1
13
17
32
55
9
20
44
39
50
35
37
6
13
13
0
52
12
26
16
7
16
54
8
15
15
30
0
24
12
43
40
11
33
28
1
29
5
3
44
13
39
34
0
33
23
7
36
41
9
54
26
46
71
8
39
2
60
33
26
28
16
2
11
63
45
9
33
17
41
9
16
7
5
32
27
13
3
14
11
8
42
20
14
29
22
37
57
13
8
46
9
29
8
5
25
0
2
31
29
33
15
6
8
54
17
34
10
16
33
27
11
25
4
11
22
38
1
12
3
37
37
9
99
37
10
29
1
23
35
13
60
6
5
7
13
38
37
28
30
16
13
9
24
26
3
32
63
19
33
25
6
18
1
10
16
10
26
46
16
20
12
9
31
44
13
22
16
23
4
35
39
25
0
38
11
23
13
11
5
21
2
32
6
21
25
15
41
9
21
2
2
3
12
26
33
6
20
8
27
31
25
6
12
52
23
0
9
16
22
10
1
18
28
3
11
9
4
37
62
17
7
5
11
5
7
13
42
27
8
26
27
16
6
32
25
27
2
85
1
4
45
9
7
21
22
3
21
6
51
66
32
20
16
9
8
7
21
15
30
12
26
29
6
32
9
26
60
24
8
13
18
10
4
9
27
34
30
23
37
10
29
9
3
25
20
23
5
14
5
21
45
5
17
31
20
2
19
23
0
29
13
8
17
19
13
9
10
4
14
20
25
33
13
0
51
45
8
4
50
35
28
12
15
5
21
7
11
4
8
27
19
26
7
21
28
9
20
14
4
5
10
7
21
16
9
21
1
3
51
22
10
21
23
23
26
1
28
30
34
5
11
6
36
10
6
0
36
26
1
31
19
22
29
13
15
42
29
25
12
34
34
23
21
9
1
8
22
30
36
2
11
19
4
15
12
16
2
26
2
17
15
21
16
36
10
21
11
5
14
20
3
14
13
10
33
25
14
8
12
26
24
10
36
3
35
7
51
23
3
18
13
6
11
5
9
14
18
2
11
30
11
15
13
7
11
3
31
6
35
11
22
11
18
20
1
9
12
9
10
26
1
22
5
44
17
6
8
7
9
31
7
18
8
13
24
16
16
1
13
22
5
2
45
5
17
3
2
12
2
41
10
4
2
9
29
2
16
45
4
14
8
3
12
8
1
9
20
2
8
1
17
4
17
43
17
17
14
0
6
28
14
27
3
3
27
7
3
13
8
11
23
3
22
17
8
21
27
18
16
19
3
3
3
2
21
12
3
13
23
28
24
2
17
19
2
8
13
10
12
11
15
3
5
13
26
13
21
25
4
16
42
12
7
26
11
6
21
3
12
27
14
20
24
18
20
8
24
19
6
2
4
18
4
23
3
42
7
13
11
6
8
16
7
20
16
5
35
11
22
30
8
23
17
0
9
12
6
10
3
0
5
7
24
0
24
18
15
11
1
2
6
1
2
1
8
2
10
15
2
3
19
15
14
7
7
2
17
1
9
16
12
10
17
14
5
5
14
18
9
14
18
3
17
11
7
3
12
4
4
25
4
1
3
20
3
1
8
22
18
7
0
21
13
12
3
8
1
6
12
9
20
1
4
11
7
16
2
6
7
12
3
18
13
4
12
0
21
2
0
8
8
7
12
0
7
3
5
3
1
11
14
5
3
3
1
1
12
16
0
14
1
13
0
1
8
7
3
2
3
1
5
7
27
21
3
9
9
14
19
2
1
5
6
1
0
13
25
9
3
6
11
3
10
3
2
8
10
3
18
10
6
6
3
1
14
10
19
2
15
5
9
1
5
5
3
1
3
10
6
1
1
2
9
3
2
3
1
2
1
5
4
1
4
2
3
2
1
7
0
1
1
0
