4
19
10
27
11
6
36
4
40
41
67
107
3
31
48
9
40
7
3
27
4
42
5
28
19
16
7
27
20
11
1
36
73
10
58
30
78
10
94
36
7
42
132
127
24
13
81
35
51
32
8
109
50
28
68
39
8
19
35
10
74
25
44
50
63
0
7
38
7
15
56
5
44
20
39
10
64
61
44
60
82
19
20
26
62
78
6
60
18
6
129
78
3
67
36
17
53
60
2
27
7
65
2
12
30
72
69
82
115
54
65
41
24
5
10
1
64
8
8
18
34
50
56
14
94
5
42
55
58
79
28
34
13
64
100
94
38
4
83
101
71
68
52
53
119
28
53
3
27
23
71
38
15
18
21
4
25
46
47
61
37
75
71
129
51
19
22
13
94
26
16
73
60
6
99
78
89
29
41
3
79
54
30
54
90
113
70
23
12
2
42
74
10
43
33
71
54
69
159
42
29
16
44
100
113
12
51
78
2
89
57
17
4
58
33
96
78
112
57
3
28
12
25
65
9
19
142
43
2
38
26
62
37
7
20
37
16
85
29
45
170
1
12
18
184
109
96
40
17
25
32
70
5
0
46
17
4
61
7
34
47
105
121
16
10
99
73
110
19
14
89
30
29
38
78
37
65
9
30
41
75
13
81
33
19
2
62
7
30
12
59
70
2
32
59
96
1
102
6
71
44
23
170
84
34
64
34
66
72
16
61
65
7
4
155
132
30
6
70
20
81
8
8
11
18
34
39
57
34
61
27
93
87
34
113
54
34
110
49
24
15
65
58
15
28
5
69
62
63
159
20
87
61
111
59
49
19
36
72
28
34
64
40
16
35
16
59
15
17
73
23
100
105
32
77
23
49
32
37
19
48
31
151
24
45
42
14
70
69
21
57
56
62
37
20
39
71
11
43
103
90
26
5
8
29
11
12
15
75
70
4
17
54
48
51
79
19
34
21
3
100
18
68
10
68
58
26
33
77
34
13
44
6
47
49
7
43
113
50
1
49
90
129
20
7
8
64
11
75
45
42
5
46
63
6
11
51
11
37
88
84
77
106
8
102
67
22
66
34
9
38
45
106
86
4
1
18
63
16
21
60
62
8
24
73
90
108
3
74
8
4
74
82
13
86
30
30
27
90
13
108
56
8
72
11
22
61
57
112
39
45
39
117
57
14
28
20
1
83
46
24
48
37
19
33
136
33
12
3
23
48
53
24
21
91
62
6
3
89
70
7
34
34
35
100
1
39
102
123
14
20
54
31
54
19
9
47
6
82
45
90
46
21
6
27
40
8
49
51
29
53
1
59
21
19
12
85
29
34
19
60
86
35
19
135
63
5
1
50
48
29
38
73
70
83
36
17
96
61
104
136
56
65
100
0
39
8
14
13
17
20
8
20
43
50
70
4
40
60
31
45
35
40
1
22
43
44
15
7
37
17
12
21
3
105
27
49
11
43
41
63
41
6
94
29
70
67
173
49
8
74
0
103
21
19
77
22
3
35
91
91
98
29
80
40
12
3
71
59
27
35
35
62
130
92
57
35
15
12
41
30
64
119
46
85
10
36
150
25
44
62
161
12
86
47
12
14
13
18
41
14
14
57
51
6
57
34
30
75
26
83
103
8
53
0
79
21
25
6
16
45
18
16
75
16
70
14
33
26
90
51
31
31
99
41
17
10
148
30
44
38
32
21
54
1
46
24
46
23
35
14
25
5
33
65
21
57
159
40
61
36
33
51
129
24
7
73
6
115
111
55
58
54
10
91
41
100
54
96
23
10
29
30
52
24
21
26
58
84
20
43
33
104
51
26
3
53
67
92
4
51
47
58
32
15
18
39
170
6
92
85
31
85
37
37
23
34
5
1
12
59
37
10
97
76
30
81
42
13
94
81
15
2
54
162
109
42
1
76
12
22
13
59
39
60
92
42
54
16
69
130
33
31
10
37
81
73
27
1
55
51
5
8
27
36
90
2
6
17
69
48
72
38
11
34
98
1
96
59
36
20
38
3
34
13
14
17
56
35
23
32
0
87
60
64
35
67
51
25
6
28
7
48
47
41
47
11
66
27
83
87
54
44
32
14
95
30
4
9
52
11
15
3
8
0
134
39
19
133
53
9
94
108
34
59
46
112
11
24
91
129
48
15
31
42
12
52
41
25
80
103
70
2
15
63
56
43
54
1
15
71
48
104
31
87
40
84
24
62
132
29
8
40
21
2
33
9
80
82
55
78
23
47
17
50
29
8
16
34
41
36
51
98
32
30
97
36
14
74
44
33
54
58
24
3
64
58
5
24
45
23
44
63
2
48
110
65
42
143
16
22
113
46
37
21
87
39
30
21
76
12
7
19
43
109
9
4
137
37
11
52
32
47
20
75
23
45
71
40
79
34
30
55
10
19
7
104
26
5
19
66
15
53
79
13
47
12
48
60
13
16
24
55
2
22
103
38
29
41
54
137
31
9
61
29
50
19
37
75
0
37
25
4
40
18
89
60
28
15
84
123
7
0
37
39
66
27
13
13
36
90
1
59
57
132
109
16
14
18
32
104
23
85
26
17
25
56
23
35
12
48
11
27
24
35
58
45
46
1
59
55
20
76
82
51
60
13
9
78
2
85
22
22
14
30
1
13
11
9
37
9
13
172
67
90
32
9
25
59
58
28
16
30
103
26
72
87
38
47
48
21
61
3
6
46
28
34
64
114
39
43
19
12
62
15
43
43
156
30
57
18
40
15
38
81
60
30
49
2
7
88
17
65
9
5
27
50
20
5
73
9
69
64
10
16
81
8
40
64
110
57
26
3
21
14
5
35
31
13
48
50
95
48
22
31
46
43
49
63
5
64
8
32
7
65
34
1
53
70
29
45
22
8
4
26
35
16
28
47
39
37
17
0
5
57
55
18
16
25
70
34
37
120
2
28
54
119
8
81
30
31
28
31
8
34
4
84
38
53
54
95
16
50
72
78
22
74
59
15
31
32
29
75
58
44
46
86
10
58
104
90
75
35
74
62
19
52
14
19
40
37
16
14
71
18
69
3
48
72
75
126
13
55
6
89
21
68
31
112
11
18
22
79
12
9
75
30
4
12
35
64
48
44
47
4
21
18
2
57
63
9
95
21
15
4
96
26
35
130
39
110
7
18
28
43
6
116
4
20
64
68
14
47
45
17
32
19
19
99
2
35
13
4
30
84
107
17
21
26
105
67
82
28
70
111
121
52
107
56
105
35
22
32
83
21
38
95
56
11
29
38
30
14
11
33
67
21
42
79
58
68
101
21
59
55
1
90
51
19
30
153
15
22
16
58
2
2
3
69
0
23
35
12
2
91
58
19
21
23
36
45
22
22
19
43
13
75
5
30
37
0
9
3
13
17
59
45
24
97
2
14
6
62
43
41
82
29
12
73
132
45
27
29
67
23
170
20
40
16
13
26
75
5
59
23
63
27
61
77
76
6
57
52
10
53
5
75
41
16
44
31
32
67
68
77
72
81
33
72
29
33
46
102
50
78
96
20
63
9
1
42
76
14
30
24
27
25
21
5
24
16
50
37
133
3
83
32
41
148
78
5
9
29
57
168
26
27
83
38
60
47
24
79
65
11
11
52
55
1
48
21
33
57
5
31
16
40
73
102
9
3
69
105
51
75
57
19
55
50
72
22
62
60
49
22
9
35
23
25
16
65
8
24
29
59
54
42
149
28
100
15
22
72
87
40
4
20
4
2
25
32
23
83
20
10
83
71
26
18
29
20
41
39
42
27
64
98
2
3
40
160
42
66
35
44
19
46
67
26
60
9
4
15
35
2
125
50
58
105
32
39
77
74
33
72
17
20
6
142
24
26
65
5
71
40
6
69
112
93
33
125
58
42
4
99
117
66
59
49
86
23
50
62
26
99
46
87
4
41
59
32
56
85
44
20
20
69
46
13
84
40
129
18
6
4
25
27
1
115
21
9
70
10
54
42
65
23
4
50
38
62
68
27
67
60
18
1
5
45
20
15
14
62
81
46
27
5
36
46
19
3
18
14
17
1
40
15
31
48
41
5
41
1
10
34
63
46
163
6
0
88
78
12
78
8
43
15
0
32
66
49
80
6
15
41
81
37
5
20
41
12
10
7
7
2
2
32
22
70
28
30
81
157
53
27
6
30
9
77
22
40
37
25
27
43
39
18
2
64
59
30
38
21
79
45
8
6
8
36
85
38
28
9
77
9
8
47
50
33
6
18
17
23
9
23
36
39
27
15
27
20
0
21
6
82
49
42
59
3
18
6
8
111
31
25
16
62
25
30
5
44
9
73
30
55
2
32
2
75
10
37
91
26
18
38
28
7
39
18
57
44
49
30
105
13
24
19
2
87
33
42
88
35
51
15
1
13
7
41
14
1
7
8
53
43
5
30
23
30
29
5
9
1
84
27
19
14
11
37
64
10
7
54
4
37
39
28
52
43
12
64
14
80
59
45
34
34
44
15
18
90
12
19
12
56
1
84
24
11
28
51
31
36
16
82
82
5
35
91
7
2
13
53
55
34
64
2
27
10
21
39
76
55
27
83
25
66
35
23
12
11
8
5
20
30
38
26
57
34
58
18
58
58
14
72
39
79
12
14
31
8
32
26
123
50
31
7
9
11
11
85
13
55
7
27
48
55
37
15
50
15
28
18
21
28
12
14
41
60
30
13
17
22
88
17
56
16
60
27
8
44
44
43
31
6
75
35
76
24
90
45
15
37
7
22
60
11
8
74
6
33
86
21
33
12
89
115
58
47
18
37
38
10
17
4
17
22
38
4
21
66
13
2
4
5
20
120
24
7
34
64
3
31
68
22
17
107
56
100
4
23
23
17
19
50
9
40
1
11
144
39
4
26
42
4
48
14
17
10
43
26
75
11
41
3
21
52
11
28
19
17
30
32
34
70
8
0
64
55
22
46
85
17
31
3
20
24
34
44
34
41
25
0
7
12
71
24
85
13
20
14
36
31
34
47
17
21
34
41
9
44
4
3
1
38
40
30
47
41
21
4
14
23
39
83
38
1
59
38
4
90
54
40
57
26
55
38
19
56
54
93
20
6
30
1
6
55
39
39
59
20
43
18
3
32
48
17
36
5
12
88
1
45
4
20
24
34
68
12
40
27
5
28
48
13
16
22
72
4
39
60
65
3
55
26
46
21
66
24
21
5
43
14
24
28
16
13
66
16
21
17
22
14
11
8
67
42
26
51
17
68
48
19
116
73
28
12
47
24
7
4
23
7
13
23
60
40
3
8
52
71
8
25
83
3
22
11
18
39
60
23
40
8
28
14
61
75
51
54
5
26
23
2
17
36
80
78
40
46
97
22
34
0
2
24
4
6
112
5
64
14
23
5
83
33
68
11
50
11
14
0
64
7
78
35
3
5
42
86
31
50
36
54
25
37
74
44
50
97
59
65
62
47
106
41
75
24
4
24
1
52
61
12
81
38
84
65
38
1
45
49
67
67
25
1
4
52
41
25
57
45
90
25
50
11
54
3
41
36
4
32
44
34
49
15
33
72
83
30
71
3
27
20
72
14
18
30
89
30
84
55
52
24
3
80
43
76
17
3
32
57
79
36
34
20
15
37
63
34
46
21
41
24
41
55
8
50
24
9
74
49
7
8
3
56
13
43
46
43
4
29
3
50
36
30
26
51
20
64
31
14
54
50
31
1
78
33
26
16
32
23
5
56
34
18
8
10
47
31
20
54
12
74
63
46
48
62
53
34
1
15
15
30
61
33
12
113
19
34
24
14
24
15
8
14
6
31
6
45
12
32
38
26
45
84
0
29
46
36
76
76
90
5
4
21
13
45
47
7
21
2
76
28
31
70
23
38
77
7
18
53
11
6
18
46
75
33
62
1
7
1
15
26
33
18
16
31
47
52
1
36
9
11
6
44
76
1
1
13
19
21
30
13
52
2
38
43
38
16
1
61
11
31
8
55
0
40
12
49
22
24
24
5
10
13
51
20
23
15
47
20
33
50
26
18
76
86
2
13
21
30
25
6
73
59
33
2
62
16
45
27
69
4
30
61
3
1
32
3
6
8
76
29
32
20
24
47
18
25
7
9
14
18
2
25
33
29
18
61
50
53
67
68
2
26
46
52
27
28
13
37
42
4
69
48
17
24
14
86
20
64
12
29
37
0
46
40
37
34
20
33
81
9
38
6
115
30
33
31
23
26
2
42
68
27
40
0
27
65
11
17
31
8
75
33
7
36
18
32
85
4
0
44
13
37
53
21
34
59
21
110
2
65
36
1
25
21
52
31
23
8
3
32
29
79
47
17
73
38
32
18
14
20
3
11
8
10
13
3
18
12
41
44
51
18
31
27
13
15
54
48
31
7
23
76
22
9
2
5
48
12
33
56
24
15
11
37
53
34
23
65
51
17
120
31
31
11
21
9
4
9
34
24
12
71
15
37
14
21
58
73
3
54
15
5
2
39
22
12
18
33
3
41
34
30
1
5
39
5
25
8
18
4
47
50
17
24
52
38
2
23
36
20
27
28
80
17
18
1
5
38
20
20
2
10
12
2
20
13
61
13
22
28
80
86
29
32
1
62
17
23
10
61
32
71
91
15
57
19
34
4
22
36
2
44
18
14
31
24
34
34
36
40
11
20
27
23
90
29
9
17
25
15
7
48
22
10
40
16
12
62
3
73
36
6
11
35
1
19
56
18
12
23
12
18
28
19
32
8
75
30
53
31
13
15
20
5
11
82
8
15
53
9
21
5
43
35
12
6
20
74
23
38
17
72
26
34
16
4
3
17
7
11
24
3
63
9
88
47
9
4
0
32
16
8
6
32
2
16
32
13
1
47
53
12
50
60
19
26
10
14
39
49
31
31
0
52
39
0
20
4
36
7
10
18
17
21
52
24
26
24
10
34
5
2
6
59
7
14
1
5
23
22
26
1
34
44
25
15
37
15
5
7
16
45
5
51
30
4
0
32
49
7
4
16
28
65
21
76
33
27
2
17
44
23
52
1
14
8
0
38
29
10
11
28
32
4
29
18
26
14
22
62
7
2
25
25
46
18
74
3
16
45
19
26
7
34
2
53
35
39
34
41
10
27
66
43
9
44
41
52
6
17
40
43
23
30
52
19
5
58
11
0
14
36
17
0
11
52
35
39
26
5
32
49
20
28
36
23
46
24
64
5
20
44
17
34
29
24
13
17
25
48
36
9
39
81
10
0
38
15
42
17
30
35
5
50
5
14
17
1
28
52
22
46
25
23
37
12
11
20
3
16
4
2
13
38
9
47
33
31
10
18
6
41
70
23
39
37
18
62
19
16
11
3
24
62
2
24
23
8
14
9
7
67
98
25
22
4
27
16
6
16
10
7
14
33
10
16
20
24
18
6
24
11
17
26
30
55
37
10
27
29
24
0
5
69
0
2
41
39
57
10
12
20
4
29
1
55
5
32
19
52
27
36
10
21
1
17
28
0
6
9
50
8
12
26
16
4
31
15
26
27
8
31
15
20
32
16
16
12
14
2
2
23
12
27
1
36
46
3
5
46
24
12
62
33
21
22
48
12
7
52
16
26
6
11
33
26
24
21
9
12
51
9
7
15
39
0
13
11
13
34
8
17
12
12
11
42
1
15
10
16
6
31
37
7
51
47
14
1
25
17
4
13
4
41
7
7
9
21
15
25
7
11
3
20
6
4
8
37
51
39
9
23
10
30
11
18
43
26
24
30
13
16
14
27
18
3
3
17
21
33
3
30
6
3
11
41
5
54
6
49
1
17
12
23
25
29
1
13
33
23
14
22
1
32
2
18
25
14
18
33
47
17
13
5
9
20
13
2
9
31
1
18
9
33
25
29
26
28
12
22
14
47
13
0
2
38
32
21
20
10
11
8
45
3
27
43
14
13
11
22
26
30
32
65
6
28
12
13
5
0
12
7
32
16
3
24
13
39
45
4
39
3
5
3
54
9
6
43
16
7
5
38
10
35
31
1
4
26
13
31
26
11
23
4
11
26
11
59
6
11
14
21
11
7
13
40
11
23
1
13
33
2
18
2
26
10
23
36
10
15
22
22
3
2
3
23
10
4
28
27
5
2
24
5
31
6
5
9
26
15
19
8
6
21
7
6
15
0
22
12
18
7
13
27
12
9
29
43
26
24
44
23
0
27
9
0
3
13
11
26
22
11
0
23
14
8
1
3
1
24
17
16
25
5
17
13
1
11
15
7
28
11
20
0
12
7
26
13
27
30
11
35
13
22
3
20
5
20
56
5
11
20
3
21
2
13
30
9
8
30
62
12
17
1
16
16
13
7
4
24
36
13
6
10
15
15
5
24
17
7
24
24
7
45
7
0
16
26
18
1
4
1
10
4
11
19
29
10
3
6
2
10
29
48
10
12
7
3
33
9
29
5
21
5
22
27
1
8
15
12
4
1
13
5
11
15
22
33
17
1
42
5
12
37
7
4
20
0
20
8
19
12
22
24
6
11
34
15
25
30
4
8
3
6
16
1
7
12
3
33
8
7
10
36
5
5
13
11
5
13
5
19
28
6
4
4
21
20
1
13
35
3
6
21
7
5
23
1
14
8
5
26
3
12
8
17
7
2
12
12
7
18
8
28
16
35
6
20
15
8
20
5
2
17
12
3
14
19
11
5
8
26
29
14
2
14
5
5
8
10
13
27
5
15
9
27
3
2
0
2
14
25
8
4
7
0
2
34
1
6
26
8
10
9
12
5
3
1
1
3
5
10
2
24
10
3
20
15
16
6
3
6
11
3
15
11
2
5
9
1
16
17
7
16
9
2
2
6
3
1
11
0
2
7
1
17
11
8
1
4
2
0
10
2
12
6
10
12
21
25
13
4
8
7
16
7
6
8
4
17
9
3
9
9
4
4
12
0
8
4
7
7
12
16
8
5
11
10
3
8
6
14
1
7
4
8
7
9
1
15
9
12
0
8
8
1
3
12
13
17
5
5
8
12
7
9
8
9
4
9
5
3
5
1
1
6
13
5
8
18
0
3
4
16
1
14
7
3
6
1
3
1
5
10
4
9
5
0
7
8
2
5
2
9
9
2
2
4
2
4
1
3
0
3
5
2
6
2
3
2
0
3
2
1
2
2
1
