4
11
5
14
41
23
1
17
14
7
6
1
183
100
0
11
11
86
92
2
11
2
41
5
24
19
25
39
20
45
5
37
101
29
38
23
0
160
2
100
11
7
11
22
1
15
15
33
77
15
35
36
34
4
76
44
68
24
77
17
4
17
3
60
83
18
7
23
17
28
51
119
39
33
35
44
46
79
64
2
52
42
44
25
0
87
56
43
80
40
28
29
72
73
60
19
1
43
16
47
13
95
96
23
34
59
39
40
26
77
91
76
62
11
13
99
22
26
13
3
27
62
7
70
152
50
71
101
29
56
23
97
35
18
18
20
32
3
82
43
20
0
58
93
46
66
133
20
67
33
81
23
47
110
177
63
10
85
87
16
20
124
16
56
16
106
66
119
24
105
76
20
3
28
12
92
53
22
107
26
4
99
34
34
35
39
49
105
100
8
13
72
21
19
14
26
46
8
36
12
6
32
75
36
55
59
104
19
15
37
55
59
190
24
78
28
59
58
0
17
62
80
133
50
125
2
78
62
28
20
38
21
55
14
49
74
33
22
127
122
18
56
33
12
81
0
5
71
44
40
12
142
46
37
57
91
24
13
85
53
97
90
7
9
84
16
96
69
17
70
14
56
7
161
112
32
69
47
25
50
52
63
42
19
11
34
65
30
6
35
42
49
24
80
115
14
129
4
7
35
0
7
85
25
69
83
27
57
7
16
2
10
87
103
24
89
2
57
0
17
54
39
81
84
69
56
28
117
29
55
57
9
44
90
21
31
32
2
31
23
1
93
82
90
27
8
19
64
81
31
0
115
53
73
5
26
5
40
63
98
122
59
7
22
73
195
62
27
45
93
3
19
137
60
54
72
8
51
82
56
27
75
49
63
24
10
39
63
46
38
53
118
64
17
75
27
13
139
61
19
14
31
143
12
21
82
61
18
18
7
82
33
53
47
35
42
86
40
39
36
33
19
106
6
30
42
56
28
24
48
32
14
40
75
1
38
73
29
34
39
36
29
4
61
30
15
4
23
77
8
75
53
92
68
58
91
118
39
0
68
66
69
31
91
31
41
110
101
83
5
30
34
68
7
16
7
40
32
16
144
23
18
16
14
2
31
22
2
21
79
39
65
93
87
23
9
32
22
9
99
99
82
52
84
43
5
35
65
25
72
76
20
49
49
33
97
4
16
21
5
43
82
6
123
46
70
68
12
44
18
55
6
19
51
22
45
84
46
11
13
8
89
40
11
39
60
126
101
92
57
56
71
30
3
30
9
23
46
45
18
22
10
80
3
46
50
87
9
34
85
33
43
37
108
93
49
58
19
83
91
23
82
26
165
17
72
9
69
50
1
67
49
59
57
61
25
18
42
147
39
47
125
20
10
35
59
1
19
146
8
18
0
6
66
57
81
57
45
19
14
47
52
23
157
19
33
83
61
180
33
103
75
67
10
82
35
1
40
22
13
46
29
43
54
40
13
58
75
188
64
78
54
7
52
29
69
12
20
100
76
15
81
53
36
20
116
8
92
64
40
29
2
36
34
19
12
33
3
208
86
15
7
48
5
34
24
39
36
57
8
10
38
10
27
0
23
24
5
7
85
9
95
19
63
46
42
59
20
19
49
51
28
76
88
68
16
97
38
93
70
3
20
51
46
25
128
28
136
88
23
32
75
92
112
86
22
37
90
2
42
11
9
77
35
88
81
76
68
16
30
16
119
19
27
64
57
63
45
2
18
43
46
30
7
62
30
25
1
5
54
74
102
123
10
30
64
100
34
33
75
27
45
111
24
93
93
14
20
20
48
12
23
29
13
9
57
21
50
29
62
40
1
14
28
28
2
8
12
3
28
50
61
53
49
10
102
29
12
104
90
149
13
21
102
26
115
25
3
21
13
12
76
72
20
86
41
78
79
75
94
18
95
87
140
8
17
60
33
49
14
33
70
84
134
38
27
38
47
13
36
67
15
19
42
43
40
69
11
33
81
37
81
65
107
99
1
79
38
31
10
24
15
41
35
40
26
20
42
99
5
78
47
135
56
67
23
41
12
5
124
32
26
27
5
66
31
61
21
29
25
21
24
34
17
135
28
107
2
28
21
8
43
27
98
56
61
25
1
39
68
103
27
124
42
79
21
9
83
16
30
86
19
98
86
26
46
2
74
29
134
176
51
66
170
23
13
46
120
32
59
77
59
13
35
4
1
25
56
43
73
74
6
138
125
26
13
12
58
30
39
28
24
26
6
40
58
31
71
31
20
27
12
7
64
36
23
70
56
17
132
54
104
8
14
19
34
133
166
57
7
57
75
96
12
67
130
12
41
7
20
24
47
44
64
54
28
47
35
40
78
75
27
31
31
22
29
5
5
56
22
152
5
31
20
105
42
51
3
3
23
81
119
48
47
28
15
27
26
43
29
76
68
31
21
11
1
125
53
17
49
1
23
80
73
5
3
30
58
83
57
46
98
96
33
61
47
9
22
81
30
68
10
48
25
23
108
55
46
51
32
13
20
3
109
49
44
2
1
28
69
2
22
60
28
11
83
25
42
63
53
35
17
73
25
4
69
43
56
52
9
58
17
22
90
39
91
16
25
51
47
45
17
65
9
14
43
71
87
12
53
41
57
101
50
27
81
65
53
57
89
23
0
34
6
38
109
5
56
13
24
38
29
124
26
62
67
61
39
34
5
45
91
2
1
51
17
1
44
97
25
17
69
49
128
17
28
28
75
117
42
2
56
98
1
87
39
9
1
64
6
35
21
49
16
6
96
36
22
79
47
15
9
34
73
95
24
61
105
7
100
2
24
33
11
92
11
106
13
44
63
76
85
50
70
48
30
32
80
37
75
99
0
66
10
44
76
7
23
26
46
51
36
2
1
24
11
25
22
19
67
52
22
20
3
40
16
43
76
51
11
26
10
91
11
36
125
82
1
90
42
7
27
49
13
11
26
77
6
6
78
88
28
1
5
60
15
27
37
32
72
7
43
35
63
46
34
19
108
57
61
55
32
3
10
37
45
16
31
3
30
16
93
6
85
13
9
14
25
30
1
56
65
42
20
1
107
14
6
1
61
17
41
17
22
45
72
49
48
7
22
31
94
27
4
69
69
53
39
81
3
81
10
57
8
22
73
22
114
22
54
32
65
18
49
42
2
1
65
23
55
52
6
20
45
79
9
8
4
87
53
57
115
50
6
74
28
98
40
4
31
31
69
38
32
24
53
60
14
39
64
40
1
83
30
22
61
44
26
33
72
33
115
24
12
18
30
81
9
25
60
108
21
152
41
9
65
43
13
78
19
38
34
11
53
46
59
33
16
51
64
6
123
5
48
88
26
11
39
134
10
17
47
31
40
12
142
5
5
27
13
32
135
91
9
41
85
30
93
117
7
15
51
93
2
131
35
37
41
73
11
2
84
9
1
3
30
83
22
27
59
73
33
39
43
62
101
73
48
21
2
13
114
12
38
34
67
58
19
5
57
94
12
26
27
33
35
20
35
166
38
19
68
48
31
7
34
41
130
38
42
25
11
7
2
5
12
34
12
117
4
2
41
56
1
100
13
39
75
40
10
48
25
57
29
13
66
79
4
28
48
14
7
62
106
31
57
17
7
20
24
24
30
9
62
47
71
23
2
45
72
34
26
24
4
61
46
26
50
16
3
49
22
59
86
42
74
80
35
61
14
10
1
90
94
1
44
64
39
42
31
147
66
66
75
10
35
19
33
2
6
36
24
12
10
94
4
15
29
59
44
53
28
4
99
43
62
34
9
11
127
34
37
29
92
65
15
24
29
31
28
18
9
12
51
32
28
10
48
112
10
20
7
69
82
51
73
116
9
42
7
33
9
7
11
14
33
8
21
84
53
33
1
11
18
10
69
9
26
18
5
10
48
58
131
86
76
37
70
56
13
24
58
94
51
51
39
31
22
60
8
26
49
53
17
74
17
25
39
16
18
59
58
7
10
86
15
78
58
9
14
40
69
51
154
17
94
64
52
17
50
24
56
10
9
100
38
26
36
5
18
23
103
25
8
8
37
56
1
93
2
42
39
37
46
30
66
26
37
10
22
50
32
92
64
51
49
46
18
36
61
16
60
77
117
20
41
1
37
18
34
27
10
11
27
16
24
47
14
19
76
67
6
30
18
62
64
58
27
49
41
23
4
7
15
16
29
40
22
104
152
35
76
6
39
12
21
17
57
67
33
12
62
27
59
2
49
1
24
42
28
37
113
49
35
34
0
19
19
71
22
51
82
4
60
11
52
7
24
41
30
70
19
53
35
25
27
119
20
40
49
4
13
59
32
99
62
3
7
6
35
26
13
45
18
59
11
10
52
31
42
37
16
37
30
38
43
65
0
31
41
27
18
14
14
22
20
21
47
15
189
25
10
52
7
5
29
78
58
20
41
70
27
32
39
17
15
23
69
18
8
97
24
72
21
58
26
43
16
5
56
33
33
40
88
62
26
30
70
42
25
23
17
5
12
51
12
28
53
2
65
10
32
62
4
14
3
53
105
23
46
0
102
0
21
58
28
34
13
137
57
36
93
3
41
5
52
25
38
25
8
17
87
62
61
18
11
19
10
35
5
14
71
33
28
3
54
3
54
50
17
19
73
76
87
26
35
0
107
52
70
0
39
14
22
55
30
77
27
37
53
4
39
94
10
39
16
91
4
127
11
22
38
21
18
46
5
64
22
62
66
41
4
43
51
12
33
73
2
59
27
23
27
37
30
42
17
30
53
71
49
17
3
20
36
44
37
118
13
30
66
40
2
142
2
33
23
27
27
17
25
13
17
27
96
38
51
8
30
2
62
54
62
36
29
81
54
49
15
18
41
58
10
41
93
33
34
48
5
31
4
45
27
59
8
50
20
3
25
17
13
10
15
56
53
52
9
40
30
3
12
15
6
23
4
95
2
63
31
39
6
32
16
4
16
58
8
23
46
21
14
21
24
26
17
12
7
45
33
46
31
45
11
39
61
15
17
31
52
24
12
13
57
48
55
79
20
6
67
5
32
14
7
26
8
52
38
6
26
36
17
16
19
29
15
13
40
41
10
20
50
113
29
22
37
4
13
13
21
24
3
45
14
92
3
25
0
24
52
51
20
60
8
35
23
21
56
22
81
55
72
24
50
34
7
2
7
0
22
40
19
21
56
15
14
6
44
8
26
10
5
116
104
21
20
36
60
5
14
24
50
56
38
30
18
54
30
71
18
8
7
17
6
15
8
19
29
54
60
11
32
37
5
41
74
19
15
50
37
25
16
47
31
28
19
39
43
14
45
30
62
44
37
33
49
24
70
31
60
41
37
32
60
21
35
30
18
20
41
2
59
40
9
12
23
37
17
5
11
21
12
18
37
44
13
15
3
10
28
79
34
13
15
44
41
60
44
5
41
15
20
21
30
27
63
48
11
47
62
48
39
0
4
45
49
24
10
93
8
95
2
20
30
25
108
95
13
4
0
2
46
57
9
52
20
8
72
27
12
30
23
26
45
23
1
11
1
3
14
45
45
32
10
32
21
2
21
32
64
22
32
76
1
17
59
39
47
17
30
5
63
23
13
37
38
44
11
71
82
47
50
80
54
12
65
33
23
2
51
7
3
61
6
36
71
17
23
22
2
30
49
50
23
113
24
22
9
21
79
6
38
17
16
36
26
54
17
30
4
14
23
29
13
30
35
31
12
43
36
67
29
41
1
42
63
15
29
8
14
79
14
30
34
15
28
21
41
41
53
55
16
7
9
22
70
21
6
36
35
13
20
6
13
21
25
25
25
65
34
79
5
17
38
8
56
2
26
23
53
28
20
9
101
23
6
30
46
24
32
32
4
49
11
11
20
21
79
17
76
3
13
10
35
5
12
37
18
40
10
25
26
34
17
34
40
30
59
25
10
24
45
28
41
58
12
3
41
12
57
60
3
20
64
36
36
52
5
38
21
15
21
14
34
32
19
27
32
13
2
15
29
29
16
16
4
7
51
38
5
8
51
41
11
7
9
39
11
15
31
33
76
35
22
42
38
12
37
44
62
19
23
36
11
5
24
92
0
18
50
26
51
37
76
50
59
5
5
26
1
30
9
15
33
10
46
46
45
15
85
65
34
80
84
9
35
19
14
10
13
6
26
18
40
9
32
44
16
24
51
63
6
61
30
14
9
36
51
17
2
21
13
20
59
6
33
44
34
27
48
28
17
25
38
15
43
13
5
5
36
28
26
3
7
2
31
35
17
5
20
93
47
18
59
38
2
2
92
32
12
30
79
1
23
37
4
11
16
37
28
8
10
10
7
39
55
25
20
28
23
14
43
8
8
34
47
86
1
4
40
1
32
45
17
1
9
52
3
4
29
13
24
17
17
1
30
61
1
4
10
23
73
19
48
31
20
18
9
36
22
9
7
14
6
8
0
11
28
6
15
23
36
21
14
44
2
23
2
42
47
18
8
45
19
2
35
15
26
9
44
25
5
28
74
22
17
8
49
21
37
26
34
33
5
16
38
1
16
28
0
68
37
22
28
4
15
13
41
40
6
4
72
19
33
28
4
2
32
9
35
21
26
7
16
8
28
17
46
56
30
80
0
36
68
42
31
19
25
85
2
39
59
0
30
21
5
60
11
47
14
44
42
36
8
20
16
61
13
34
15
2
40
9
18
23
34
13
38
21
9
33
14
50
24
5
55
1
9
0
50
3
28
0
26
4
36
57
31
2
3
8
51
28
42
19
1
18
18
24
20
0
49
33
75
2
33
1
88
78
2
44
15
6
36
2
24
7
3
6
34
13
13
3
26
20
64
16
7
15
66
40
64
31
6
23
12
35
15
1
17
4
32
30
29
4
13
24
30
10
19
22
18
11
21
18
28
8
56
8
46
1
21
7
8
24
28
1
5
17
38
20
26
12
41
10
23
30
4
19
23
21
5
41
62
8
4
3
13
56
5
34
17
4
27
51
17
66
40
20
48
14
26
48
24
5
11
30
42
19
16
6
21
7
33
4
37
19
12
30
28
21
3
4
1
35
5
17
21
20
18
4
59
42
3
47
28
33
9
13
40
7
13
4
22
11
19
1
7
39
19
1
30
67
7
1
9
57
8
46
44
43
27
50
14
3
7
51
22
2
10
39
27
37
26
50
9
34
27
5
1
5
37
3
17
27
46
57
10
32
71
27
8
15
9
36
2
0
65
5
30
8
29
36
9
43
35
40
21
0
29
17
35
25
2
8
11
34
31
47
10
38
46
31
21
23
11
10
7
27
3
9
36
21
23
2
71
16
27
5
32
18
5
71
81
39
4
23
11
35
24
19
26
3
1
39
27
22
18
48
13
16
7
40
28
42
3
27
20
36
8
41
14
12
30
12
5
36
0
3
34
16
40
8
4
1
7
8
10
21
20
48
0
41
12
35
6
12
31
45
36
72
26
8
37
22
6
8
40
38
17
10
3
24
20
25
0
17
34
4
30
3
1
12
35
34
6
11
33
39
11
11
36
27
17
26
27
19
1
8
16
15
32
18
30
13
9
7
24
10
5
43
23
22
24
11
5
38
15
18
10
25
2
21
44
16
33
25
8
29
2
30
5
51
13
30
18
24
3
33
14
38
3
5
5
28
39
5
5
10
45
0
11
57
38
16
4
9
29
15
4
9
5
20
35
43
41
23
28
19
6
10
47
42
0
30
67
20
5
39
13
13
34
3
5
10
29
1
5
4
8
35
18
5
22
11
34
2
29
8
0
24
1
41
5
8
8
28
2
27
39
33
2
18
36
11
35
1
55
10
2
4
15
20
46
2
41
25
11
27
19
10
24
12
5
1
49
4
26
6
53
14
12
21
15
3
38
14
28
22
26
13
20
7
17
31
16
29
15
13
12
33
36
6
24
9
2
8
3
11
7
42
2
18
9
12
19
11
7
30
18
15
3
5
11
32
5
40
25
7
22
1
8
13
5
12
4
6
11
27
10
17
19
35
21
34
2
10
6
27
9
3
4
8
40
29
10
16
19
8
3
9
29
8
17
17
18
3
15
11
5
4
2
23
18
4
14
10
6
41
20
21
14
47
24
26
40
17
0
20
5
6
29
22
4
25
17
8
42
13
3
57
3
4
7
13
15
21
4
8
9
13
44
12
45
50
10
16
14
18
4
44
7
27
3
6
33
5
17
1
41
33
22
36
0
16
8
4
1
9
2
27
2
24
48
14
10
1
7
26
3
43
17
33
2
17
18
4
5
4
19
10
13
12
21
11
4
17
19
18
13
5
18
31
4
27
7
0
10
10
4
21
25
20
10
0
22
12
47
21
32
1
10
11
24
4
15
17
2
18
7
33
5
2
1
41
4
1
10
18
2
15
9
18
20
6
2
23
0
3
4
20
14
50
11
25
12
20
8
12
12
0
17
8
5
58
3
5
2
5
23
11
23
15
4
4
4
24
32
21
5
2
24
8
13
7
27
2
29
16
8
8
14
20
8
31
15
28
14
12
5
16
14
0
37
39
22
13
26
9
8
34
31
23
10
8
15
13
9
5
7
10
5
8
5
9
17
11
14
33
18
11
24
11
6
34
10
27
7
10
26
6
5
22
12
12
14
4
7
5
31
37
12
14
4
18
6
2
9
12
5
21
9
1
27
23
7
6
6
17
34
38
4
16
11
5
4
6
16
6
6
9
26
11
8
11
8
12
7
6
11
26
5
9
9
9
1
13
21
12
0
19
4
10
3
13
6
11
6
4
20
5
9
8
8
14
6
15
19
0
3
13
9
18
9
1
1
2
2
2
12
7
0
7
25
4
13
11
6
4
12
12
9
6
11
6
9
7
10
13
22
15
19
4
7
1
7
7
6
13
5
1
28
4
3
20
23
3
11
14
4
7
10
12
13
7
1
1
4
6
4
27
13
1
6
11
2
19
15
4
1
14
6
1
7
0
7
8
17
19
0
1
8
8
5
2
14
8
4
7
12
14
11
9
7
13
9
4
6
1
6
10
5
4
6
8
9
4
4
0
3
18
6
18
3
1
10
3
1
6
10
3
6
8
2
7
3
9
0
1
3
19
11
1
1
8
6
1
2
5
7
0
16
0
7
6
2
1
1
2
6
8
1
8
4
2
1
5
3
4
0
3
0
9
2
1
1
1
1
1
3
0
0
