31
10
22
39
21
2
23
25
13
17
74
25
21
8
32
19
10
60
0
9
32
34
6
83
1
55
117
13
19
83
21
9
58
7
84
58
17
38
25
22
13
75
23
6
7
12
29
8
61
33
55
32
2
16
9
41
56
49
7
11
40
57
17
4
57
62
2
37
30
67
8
12
28
19
37
84
112
33
18
63
30
13
39
33
49
17
11
55
47
39
18
79
84
92
45
78
49
37
85
27
19
32
89
24
6
47
16
54
32
61
45
20
40
24
68
107
70
14
19
5
33
65
27
40
83
31
23
26
9
56
30
46
118
29
72
18
65
70
31
124
8
77
68
42
31
22
65
31
4
25
26
51
45
49
14
67
9
40
21
101
7
7
14
12
2
35
116
70
47
89
50
24
15
44
83
19
104
50
38
33
94
45
11
47
0
47
62
16
18
171
49
124
21
62
38
9
66
61
47
0
5
127
136
81
38
94
94
82
61
4
4
61
4
19
39
5
18
137
42
70
72
1
98
59
16
8
60
6
51
48
19
23
117
64
161
58
60
65
92
20
103
61
34
66
7
20
37
88
67
11
52
23
25
55
8
11
60
74
5
58
54
9
61
27
72
13
77
137
7
111
41
47
75
18
22
34
33
2
57
60
4
38
89
11
53
12
29
3
165
25
3
101
4
95
107
33
28
75
45
158
44
80
158
89
79
24
53
38
72
3
75
28
14
60
30
5
13
149
11
24
97
53
6
101
41
93
8
56
70
57
108
6
31
1
106
88
28
7
20
170
53
30
61
48
27
67
11
80
62
28
0
132
10
46
9
53
0
30
38
7
9
35
14
11
26
5
54
123
47
47
83
31
67
24
59
90
14
34
7
3
20
83
46
165
15
41
45
26
40
104
68
36
99
40
79
84
43
64
151
107
5
0
84
22
21
12
115
71
47
23
34
17
48
14
7
122
58
62
51
5
23
72
55
35
22
79
114
21
86
47
50
118
48
30
12
57
165
2
63
144
16
19
114
45
38
55
26
8
97
62
14
83
23
149
75
28
4
10
1
29
20
20
49
5
31
56
104
54
14
83
34
40
5
13
40
138
39
99
63
30
139
89
1
42
23
5
36
101
15
71
81
33
7
1
14
67
51
131
36
27
96
1
1
54
43
65
25
18
96
27
85
44
18
17
107
96
11
128
31
138
6
31
63
120
25
9
42
31
30
32
55
89
71
151
56
48
51
4
3
184
26
28
56
14
56
74
0
4
10
18
22
29
57
83
44
23
7
13
49
20
132
45
1
21
14
29
123
13
127
20
6
45
49
20
55
28
50
35
6
2
129
66
5
56
5
68
32
86
4
77
31
26
6
38
81
66
116
2
33
97
22
40
13
39
40
23
31
24
30
18
30
3
9
30
94
43
77
80
100
89
56
64
15
39
31
34
108
92
55
75
50
4
6
46
31
10
14
64
64
54
11
10
134
97
93
10
44
7
64
43
88
2
19
54
60
25
83
2
53
3
28
71
19
53
134
18
9
91
45
32
102
3
67
3
14
47
52
80
117
47
72
70
40
11
5
39
17
23
50
44
54
52
58
27
63
31
76
57
105
18
92
26
53
33
50
32
68
84
30
68
113
63
99
60
62
38
0
51
16
16
30
122
17
23
38
53
93
59
39
16
61
53
98
144
75
208
51
92
71
95
50
26
118
71
62
20
0
26
39
20
62
15
12
7
36
27
37
4
60
56
36
20
121
70
23
24
89
12
81
78
28
9
48
42
54
45
25
74
36
32
26
118
19
7
25
20
15
88
59
103
9
35
70
26
60
57
1
35
89
45
90
28
47
76
1
12
1
39
35
37
39
132
123
69
10
36
6
1
52
11
105
101
78
3
134
111
22
121
28
39
44
56
39
4
86
15
25
87
22
58
48
89
18
73
75
3
97
73
37
27
52
85
58
33
61
55
108
84
27
71
14
88
18
25
35
38
25
47
55
107
11
12
15
21
26
3
72
112
51
23
36
46
25
44
39
124
4
22
35
6
32
40
53
68
66
110
10
61
23
21
10
38
100
37
17
6
31
36
5
126
9
62
47
49
78
27
76
36
20
36
121
2
10
31
64
137
14
99
107
2
110
6
71
1
35
3
136
32
30
26
35
37
3
64
22
19
10
40
20
64
94
33
5
6
81
2
65
107
39
0
9
47
88
34
67
9
75
100
84
27
32
75
32
9
37
19
43
33
109
1
63
64
27
65
30
8
28
94
35
113
86
17
24
14
55
59
4
32
20
110
7
24
32
13
7
22
62
43
30
36
64
11
94
44
53
18
44
151
27
11
45
25
36
24
9
80
6
75
9
58
4
4
16
55
49
115
64
60
56
41
66
60
75
114
31
50
13
76
86
55
27
101
13
5
42
24
32
91
31
16
0
21
99
125
70
2
40
11
62
60
115
8
11
20
62
56
40
31
61
23
14
61
3
8
37
30
39
129
25
84
18
28
31
65
4
34
3
142
60
7
14
6
60
8
103
24
3
74
24
10
18
68
34
33
92
78
10
74
14
80
6
22
91
85
36
37
52
24
12
28
35
13
61
3
66
18
26
18
26
25
72
15
26
70
24
76
22
16
69
14
8
38
63
101
18
8
29
27
19
62
11
32
72
52
18
77
44
97
23
2
104
30
51
14
71
5
22
10
34
8
106
26
131
53
15
35
71
17
12
14
11
28
35
18
39
66
75
43
45
44
10
99
69
65
10
103
10
13
34
23
24
121
18
45
9
43
74
34
66
33
33
57
42
62
16
52
24
59
34
52
35
65
17
13
69
11
32
35
41
47
11
50
14
33
19
19
35
8
25
27
34
51
19
45
3
57
32
8
9
133
123
46
30
30
21
34
59
4
82
60
10
24
33
65
130
72
61
108
76
25
75
109
13
3
68
26
77
18
51
80
18
50
25
27
19
41
5
126
12
9
71
21
25
13
42
8
42
69
63
40
120
93
48
68
31
72
41
63
83
49
76
22
33
5
10
72
78
6
60
54
64
5
17
20
19
12
25
31
28
43
61
2
35
25
61
3
22
54
21
14
92
95
65
29
4
36
3
38
21
48
19
21
72
30
51
34
84
58
116
7
53
47
11
2
23
1
72
59
68
70
8
19
34
102
21
39
92
53
44
4
24
49
12
35
0
25
25
9
111
9
83
38
62
49
54
27
30
6
24
5
75
40
42
12
58
85
46
12
15
93
10
10
8
2
60
69
87
34
15
2
1
66
57
67
22
0
37
45
64
13
36
65
85
41
65
19
71
51
30
54
61
95
1
17
17
69
30
85
16
5
32
29
64
86
72
82
60
29
9
60
48
19
53
29
1
7
119
43
40
46
3
25
13
47
3
8
119
18
36
123
45
47
23
30
121
32
4
17
36
20
58
54
77
36
17
34
42
24
51
18
31
54
49
87
4
18
22
16
37
14
12
80
77
73
45
70
2
95
63
74
50
60
33
31
74
16
38
41
51
13
70
110
0
58
0
64
58
28
5
33
42
1
95
5
88
59
10
44
59
52
53
64
88
43
66
1
62
4
89
40
58
19
4
62
10
1
6
3
48
123
72
78
27
46
8
29
61
24
13
79
8
79
30
40
37
13
49
109
7
45
20
4
57
43
49
27
10
21
111
69
13
89
13
59
7
80
33
50
19
56
32
48
20
63
36
2
93
36
55
156
11
31
17
39
37
42
0
1
62
62
55
76
44
71
111
30
13
51
41
52
32
60
106
14
79
23
16
70
131
6
7
42
21
21
76
7
28
45
7
22
10
39
13
7
26
23
12
12
26
52
35
50
101
13
21
29
11
53
72
7
132
56
32
44
33
21
67
11
32
57
51
24
14
72
63
121
3
35
49
59
11
5
56
5
35
91
87
1
10
16
77
45
18
48
24
2
71
14
7
109
37
107
10
40
71
54
7
64
90
47
50
49
15
9
36
20
39
4
14
10
19
25
68
8
12
6
25
70
31
20
40
27
15
39
12
13
45
23
132
17
119
39
18
35
17
21
33
11
124
3
28
32
73
10
106
7
66
62
35
48
18
86
24
21
18
67
35
20
23
53
13
88
66
67
23
20
26
26
75
50
51
52
43
92
40
45
52
13
13
25
56
24
2
40
34
81
38
26
30
79
84
4
13
119
15
97
52
20
5
73
2
31
8
54
21
45
11
7
157
3
10
52
29
38
72
24
43
110
34
80
7
14
45
3
1
3
17
63
61
51
41
17
24
9
11
48
125
78
82
4
24
56
79
52
5
8
5
5
17
35
46
42
44
98
10
21
12
37
13
14
64
28
19
48
32
33
22
29
29
41
52
41
4
67
13
50
63
1
29
35
11
87
87
8
14
20
22
76
71
79
89
45
31
46
39
106
54
27
47
24
63
48
25
49
17
29
0
6
4
38
3
6
6
51
5
85
53
28
20
79
0
92
123
16
4
1
41
69
8
29
7
2
42
21
77
0
27
58
77
43
6
3
62
11
42
14
64
99
18
47
44
97
12
10
1
15
9
27
16
56
20
81
6
32
16
27
55
68
39
68
16
18
1
16
5
34
27
89
3
10
30
49
66
30
1
31
31
1
5
29
16
38
41
33
45
4
35
0
22
66
18
43
3
95
38
34
86
3
24
19
17
24
21
23
73
9
38
21
26
13
2
76
50
48
55
2
18
87
75
64
65
54
95
25
35
36
38
30
62
63
3
49
75
31
64
31
31
13
29
19
69
89
5
53
25
81
72
16
13
6
9
3
60
18
12
7
7
12
56
19
43
46
2
44
50
24
36
70
15
7
14
32
4
27
40
57
45
38
56
7
28
8
36
39
3
10
51
51
60
10
38
0
42
26
29
44
19
55
20
5
29
19
16
2
30
8
2
56
3
12
72
14
54
4
21
7
0
15
106
28
66
74
21
17
39
88
20
39
76
8
78
19
10
1
51
68
48
38
0
30
30
18
12
1
14
35
41
36
17
24
1
11
82
1
27
16
45
33
25
19
10
17
87
33
19
57
14
12
19
96
18
4
39
12
45
57
19
84
63
19
27
5
32
2
12
29
12
20
37
24
2
8
26
4
12
55
69
18
44
40
91
7
46
26
31
12
4
33
18
41
51
119
47
16
7
29
14
3
44
55
16
16
29
26
3
25
47
10
10
5
16
32
32
10
43
12
20
4
75
27
17
64
52
24
62
6
110
57
107
38
14
4
27
8
14
13
14
18
4
0
37
23
59
59
105
53
6
39
66
93
48
12
23
39
7
2
50
61
45
64
53
11
24
9
40
3
1
72
47
18
39
15
61
27
85
18
8
36
0
12
11
91
47
27
13
22
37
11
38
19
30
51
26
71
34
37
42
64
7
44
68
16
13
19
4
25
24
30
9
3
8
8
19
58
17
32
29
51
59
63
14
48
31
25
54
4
41
31
53
29
35
37
51
71
46
10
66
78
36
60
24
47
7
56
18
21
19
86
6
16
35
7
11
21
33
19
57
37
14
137
5
58
1
33
19
25
55
11
30
18
10
12
21
33
44
33
11
75
3
10
30
24
78
49
43
102
34
82
37
37
14
9
46
9
106
47
13
37
6
11
12
47
10
6
114
19
1
6
73
11
11
28
28
34
104
36
9
18
53
89
1
7
40
20
7
2
24
28
28
14
36
20
14
67
6
16
14
67
6
8
25
21
26
68
24
39
9
10
75
80
39
34
102
48
5
26
33
57
67
16
11
15
60
9
69
28
5
13
32
3
17
39
15
18
16
1
93
13
11
30
35
34
13
3
7
39
21
24
47
20
11
72
54
7
4
12
66
87
4
13
18
51
25
102
4
39
52
33
4
15
86
41
7
7
47
12
7
22
12
46
23
22
3
13
62
19
10
2
20
36
62
42
54
0
47
37
48
73
0
2
45
12
29
44
3
14
37
2
2
0
60
30
60
2
54
18
30
20
16
41
43
89
25
7
11
30
4
35
34
20
42
64
34
52
32
97
5
9
94
24
25
33
7
77
4
5
22
24
9
27
12
31
31
20
18
36
39
2
31
2
27
23
61
25
6
11
12
28
12
40
1
61
27
8
43
52
14
29
43
2
6
9
10
48
14
59
91
54
18
47
29
63
57
0
12
15
12
46
22
56
32
34
27
40
43
48
53
16
8
7
38
33
22
49
25
1
22
21
11
14
17
55
25
36
0
49
4
20
67
11
6
3
15
32
51
5
32
25
32
32
27
27
10
18
11
66
45
4
8
38
4
22
22
15
17
20
36
12
59
33
46
11
2
38
91
42
56
8
2
18
88
39
34
40
99
30
61
14
3
37
2
4
21
26
45
33
4
6
37
15
18
9
5
1
36
35
27
5
70
27
12
24
22
24
74
7
22
41
69
42
32
50
60
25
1
30
5
14
36
54
56
59
11
26
28
26
26
5
45
4
46
12
5
28
2
44
50
9
15
6
50
32
28
16
20
19
3
55
32
21
45
11
14
21
8
21
50
0
5
33
40
72
3
29
29
1
1
11
4
68
34
15
12
32
35
3
34
9
34
8
64
13
63
24
33
4
36
63
23
46
5
37
15
22
27
18
5
6
16
31
19
26
18
22
1
34
59
9
7
23
39
7
60
31
14
5
1
8
39
66
65
38
23
11
9
13
39
13
78
60
37
23
35
21
46
11
0
35
71
3
20
18
9
46
63
18
23
18
39
43
66
35
12
6
2
33
13
1
12
33
29
50
41
35
9
69
4
1
15
13
59
27
6
35
6
56
14
0
3
18
7
47
7
4
12
14
2
46
16
23
32
93
49
49
25
41
14
6
46
46
59
7
23
50
53
57
11
36
7
8
10
44
53
37
26
32
19
5
0
45
25
30
29
60
10
18
45
62
11
55
3
21
5
19
58
35
34
14
37
20
40
34
16
13
54
39
0
18
0
29
28
31
2
48
51
17
18
14
52
27
38
53
16
33
4
63
11
12
63
11
49
58
15
17
3
2
41
16
43
30
56
13
7
37
12
52
28
8
14
20
22
8
12
8
25
32
12
3
22
30
36
40
36
26
34
15
20
44
17
28
48
5
45
13
17
0
24
5
5
30
13
38
3
12
13
4
36
24
25
11
22
19
10
10
0
41
4
13
18
9
17
44
6
45
32
62
12
51
15
10
52
13
45
21
12
8
12
0
70
8
16
22
18
2
19
6
20
51
24
10
33
18
26
19
7
26
4
40
16
38
11
28
46
29
12
25
54
32
15
31
28
46
66
16
21
10
7
19
58
5
55
10
29
32
27
57
31
2
38
29
10
58
30
48
14
31
36
27
23
22
12
33
7
30
20
11
27
6
15
24
57
52
11
38
8
13
44
4
2
61
18
1
15
6
46
46
30
22
9
26
31
19
22
47
16
27
13
28
6
49
12
27
17
76
35
20
10
10
2
10
46
80
9
17
4
48
53
16
51
33
7
51
17
10
17
25
24
37
6
26
22
23
6
45
30
7
8
14
14
6
3
10
6
20
18
16
59
9
4
22
18
31
13
39
63
17
8
4
22
1
2
43
15
4
41
24
23
8
15
18
21
3
18
16
39
37
3
1
21
11
1
11
1
2
19
1
16
14
3
23
23
36
51
3
26
20
50
11
55
1
3
29
15
42
14
17
22
6
11
9
26
1
13
12
19
9
19
14
15
28
14
1
33
30
16
12
49
18
36
18
14
8
25
43
20
6
42
3
1
45
29
15
4
19
19
7
12
26
21
32
18
29
6
3
16
26
5
21
14
0
23
5
16
14
62
33
22
10
14
7
14
29
13
12
53
10
61
23
4
34
5
21
9
75
38
25
5
37
22
4
31
1
34
16
11
57
8
10
31
3
7
10
6
15
11
41
12
36
19
14
24
63
6
12
35
14
26
18
20
40
10
24
29
84
15
23
28
2
31
11
3
19
29
14
7
7
36
23
6
18
17
25
2
27
38
11
26
16
13
21
28
34
9
11
11
8
6
10
2
6
16
27
7
9
4
58
13
13
21
12
31
35
23
19
23
11
22
16
29
12
37
15
11
8
25
6
36
16
15
34
4
38
5
3
30
27
34
23
3
11
5
16
12
16
2
22
6
14
5
7
0
34
10
20
3
12
13
13
3
21
38
16
10
5
40
7
17
23
41
2
4
24
7
2
35
27
20
35
38
3
6
33
15
23
9
4
0
7
27
0
5
28
14
39
40
12
5
23
22
15
7
10
15
37
26
0
8
8
2
15
7
32
20
13
10
27
31
1
9
2
14
5
3
13
16
37
25
26
49
16
8
5
9
31
32
14
14
0
8
22
5
12
3
17
11
17
19
16
3
9
14
13
11
1
2
9
29
22
21
13
7
18
8
39
10
6
3
6
24
12
22
15
12
15
12
31
2
14
23
6
3
5
2
6
9
11
5
28
18
3
11
26
36
14
1
2
6
29
29
17
13
35
3
2
18
6
10
13
18
9
10
1
8
30
21
19
7
18
6
10
12
2
19
8
10
4
14
7
15
3
15
5
14
0
21
3
12
15
40
32
10
31
12
11
14
2
19
14
25
4
13
17
27
4
47
13
15
8
1
3
16
5
11
32
5
5
27
18
24
11
4
7
0
4
10
19
9
14
13
6
5
5
4
2
6
2
7
44
9
2
1
1
10
1
15
20
10
0
6
17
5
3
5
15
1
17
1
11
9
29
40
26
1
23
7
33
16
7
14
11
8
7
1
3
3
12
9
13
9
11
5
8
3
9
8
14
6
29
5
2
0
16
2
17
1
9
12
1
15
1
2
5
5
1
13
0
2
15
13
3
14
2
5
1
21
14
6
18
11
20
12
20
12
8
21
6
1
4
9
9
12
1
6
10
6
1
9
26
9
13
12
14
26
10
19
1
9
7
6
6
6
0
19
3
1
8
10
13
4
10
2
13
5
9
5
6
4
0
13
13
10
9
15
2
13
2
12
4
4
1
4
16
2
3
15
10
2
9
12
9
1
1
13
4
9
2
7
5
15
9
7
17
4
2
10
2
2
8
2
1
5
2
11
4
1
6
8
2
0
7
9
6
3
7
2
3
12
12
17
9
5
9
4
0
4
3
5
0
4
8
2
0
0
3
0
0
3
2
2
1
0
5
2
2
1
3
1
2
1
1
