1
1
30
53
16
0
2
118
35
9
52
11
5
10
2
1
38
81
16
5
2
0
25
15
25
15
11
8
17
98
121
2
13
25
3
40
65
11
39
54
43
14
53
147
11
3
6
96
34
23
26
5
34
0
17
49
40
78
35
69
3
31
23
2
20
52
80
23
11
32
7
2
20
21
23
15
71
17
27
24
57
40
101
77
23
46
38
35
75
47
105
55
78
22
69
37
17
69
81
88
18
21
24
37
17
31
39
85
100
52
31
134
31
7
23
5
51
27
36
34
61
8
106
42
45
111
82
15
119
16
19
67
115
59
84
196
15
3
110
104
35
7
4
71
56
37
46
70
14
97
112
82
50
23
37
6
8
18
41
9
92
59
57
73
9
5
13
5
25
40
51
7
69
84
16
22
114
0
21
49
9
18
3
84
48
38
2
126
15
30
62
41
36
6
25
61
87
40
35
1
96
27
132
80
1
66
86
93
4
70
29
87
2
18
81
44
108
44
102
8
94
69
91
37
48
58
56
75
44
22
24
64
17
15
32
30
15
43
37
15
105
0
15
82
38
65
46
44
67
36
9
60
72
26
19
77
11
87
54
7
100
27
32
71
22
21
31
10
42
53
48
13
47
28
2
7
11
35
28
13
20
7
170
54
44
18
60
23
1
14
52
13
82
68
9
14
121
28
20
64
23
169
38
47
29
4
53
79
2
93
2
18
77
117
2
73
12
56
104
68
38
11
52
73
73
42
78
27
44
63
71
76
11
14
43
59
48
16
105
3
64
61
6
8
47
13
97
9
17
34
52
47
14
55
70
130
93
20
60
125
67
41
74
43
59
35
19
23
37
33
37
87
84
76
60
40
8
39
26
105
27
31
3
21
85
3
40
5
24
27
44
8
153
12
7
28
3
40
55
50
24
66
31
109
77
72
47
68
67
29
55
94
7
43
88
37
130
25
64
22
30
38
96
128
55
54
77
42
121
34
2
76
13
19
42
51
36
58
58
88
40
54
33
51
76
31
41
78
14
9
23
31
76
79
33
61
32
0
23
46
48
13
2
99
32
26
6
20
43
34
192
42
7
96
6
24
125
6
68
55
22
22
119
18
70
31
88
78
11
78
115
32
74
66
16
82
14
34
52
65
43
72
79
25
60
3
51
71
37
82
49
15
14
44
23
0
6
27
53
36
117
90
56
17
13
0
52
78
54
83
70
101
41
72
31
18
96
50
24
42
74
1
30
84
51
25
102
8
162
11
3
47
43
34
117
49
51
8
68
21
24
50
34
16
44
36
21
39
60
6
24
67
123
17
74
20
46
85
7
110
43
19
4
26
16
19
55
35
32
83
101
31
31
104
52
74
52
101
40
64
30
21
0
20
36
57
73
31
4
83
86
7
40
11
2
45
78
45
55
31
34
15
29
56
14
26
48
74
3
40
4
52
18
64
105
16
27
90
26
0
5
14
23
40
3
104
95
21
112
8
21
38
32
36
82
117
13
83
53
90
1
89
20
65
20
48
41
75
1
49
81
78
59
7
41
40
57
1
59
9
24
104
61
10
63
118
15
14
6
25
20
11
39
35
83
11
67
100
18
38
17
40
9
49
64
20
80
9
81
14
69
36
91
40
22
29
42
110
10
79
75
9
115
83
23
79
57
39
59
38
11
102
50
32
8
24
72
41
101
73
53
6
13
23
168
45
14
8
80
27
6
42
48
63
16
62
51
108
143
5
32
16
137
15
33
87
76
43
1
32
11
8
1
11
4
90
77
93
53
20
10
76
7
57
103
34
141
37
114
43
3
61
19
13
60
34
39
74
3
11
79
73
48
58
101
5
19
6
34
47
30
27
52
53
20
77
71
19
69
7
18
11
52
3
19
7
73
18
98
68
29
154
99
11
71
38
22
6
37
73
19
80
30
130
11
74
52
51
9
3
28
75
33
12
6
42
4
101
45
32
6
70
1
63
55
70
19
10
42
32
47
42
8
22
100
81
67
11
29
14
45
71
45
59
31
25
1
25
27
28
14
7
42
47
12
0
27
59
27
29
14
32
18
73
26
197
44
48
36
58
6
23
23
53
46
30
23
47
18
40
139
80
60
30
63
110
19
83
9
40
14
41
39
59
29
54
46
28
68
71
57
75
99
53
78
27
96
18
48
11
47
73
9
4
30
7
34
0
47
92
47
39
38
26
14
26
58
71
2
29
45
42
49
96
6
29
82
40
1
2
19
22
52
22
126
44
5
68
55
20
28
55
45
43
88
36
52
40
72
21
90
78
36
168
95
24
0
62
85
71
35
41
38
62
40
39
48
93
36
89
68
19
27
110
36
145
4
71
56
15
23
79
73
39
29
16
29
100
33
93
28
10
10
111
16
13
37
93
18
27
7
57
15
41
96
93
36
40
89
16
54
135
25
78
48
26
43
34
154
30
62
15
86
38
26
92
15
55
38
58
33
122
9
5
40
52
16
112
28
34
65
114
43
97
114
18
60
71
16
4
17
67
109
15
44
41
20
66
12
17
6
17
30
63
7
19
42
36
11
57
9
23
3
5
16
50
7
16
43
103
18
14
7
15
25
8
51
110
127
105
63
46
12
37
8
56
20
16
6
11
32
13
21
54
39
26
64
8
11
32
31
110
43
119
13
24
8
49
11
34
3
27
67
19
13
23
91
1
3
82
122
43
41
61
157
55
44
53
3
23
25
29
23
40
56
23
45
37
10
54
73
57
35
81
7
1
5
21
52
29
47
7
2
63
122
28
34
58
31
2
2
38
30
49
1
0
24
15
35
2
106
80
32
79
56
29
29
10
25
10
83
51
29
10
34
14
34
29
6
40
46
19
36
8
71
45
92
63
22
8
67
86
54
104
7
3
82
48
113
50
59
23
46
78
5
47
44
42
50
25
61
10
68
15
27
18
11
22
20
8
44
103
9
16
7
35
2
49
60
6
23
58
15
17
19
80
8
6
109
94
17
46
54
37
23
53
10
43
98
63
73
3
105
58
58
47
1
3
46
1
10
114
25
12
45
18
15
74
28
26
2
28
87
36
49
11
31
104
16
3
56
6
53
20
64
39
21
14
5
61
18
0
18
29
27
93
35
88
39
88
27
21
30
107
59
17
66
18
123
9
128
55
62
33
12
39
28
34
1
50
71
7
22
15
18
8
2
48
44
56
30
18
30
63
30
4
31
3
38
105
55
73
2
51
88
83
31
10
5
37
72
48
6
70
31
35
2
28
37
35
70
19
56
7
11
4
27
14
65
3
51
90
37
63
8
33
16
44
10
7
64
36
34
5
65
18
35
22
1
10
6
52
47
24
5
9
10
38
13
19
66
36
13
73
25
4
93
80
10
9
55
176
41
57
10
25
68
65
30
15
1
45
17
5
77
40
14
99
28
52
21
34
79
18
46
52
11
54
9
9
85
53
93
15
27
99
33
103
2
68
13
48
50
46
27
60
5
84
16
33
45
22
78
28
32
12
88
28
32
9
80
2
44
43
12
3
24
22
42
0
69
108
7
24
1
33
66
21
36
63
14
69
38
18
89
13
28
5
24
13
20
13
30
34
36
41
10
10
67
50
22
8
5
49
31
8
121
47
12
62
71
54
45
10
23
4
83
23
39
2
108
86
64
42
50
72
107
1
15
43
50
47
47
33
2
2
53
92
61
99
4
27
42
139
20
43
54
21
54
18
67
5
4
1
47
58
29
57
57
1
34
168
74
71
35
20
30
36
1
19
17
1
128
10
27
12
72
16
40
52
80
23
20
12
52
44
87
69
7
77
20
39
57
74
30
13
43
42
107
85
7
81
20
28
14
54
36
54
44
29
6
36
34
49
35
33
40
9
101
10
1
45
3
48
56
69
7
8
30
21
13
108
41
30
75
38
46
39
20
14
39
30
1
1
93
21
19
14
28
140
33
16
34
16
87
43
45
99
29
21
9
29
78
23
73
34
4
44
4
6
43
51
64
73
84
19
19
23
72
26
8
76
43
12
87
106
29
16
36
97
2
7
99
29
33
43
55
5
6
36
9
76
5
9
49
38
16
30
2
13
73
28
40
3
68
47
1
16
0
59
65
79
75
45
28
29
4
43
55
43
35
40
48
59
11
12
1
24
57
1
10
7
74
23
12
56
10
36
2
28
8
24
50
102
3
40
36
2
29
23
13
116
14
55
57
3
17
48
63
18
50
19
25
76
12
13
45
61
52
26
26
55
31
23
19
25
31
49
40
75
30
83
20
65
17
1
5
16
43
6
81
16
3
74
66
42
27
0
39
76
6
16
20
51
42
6
131
73
34
84
67
58
4
28
28
8
47
3
39
62
137
14
38
59
41
71
45
36
42
72
14
13
91
35
53
23
80
33
8
15
34
39
83
62
29
8
37
100
22
16
59
34
20
49
59
2
43
11
39
0
61
0
10
39
26
27
33
5
80
19
31
27
43
30
47
6
13
5
12
24
22
32
6
43
5
92
71
62
10
18
21
55
58
48
43
31
109
32
14
51
42
65
35
27
48
8
45
64
26
26
43
21
15
40
67
17
79
134
27
33
36
3
16
38
7
3
5
12
100
46
16
34
38
33
65
11
32
60
25
52
5
46
22
37
49
7
8
17
14
22
22
21
15
55
18
11
78
1
60
77
11
42
26
5
68
57
69
27
13
58
35
61
35
81
35
27
76
8
42
24
4
41
9
23
16
34
72
86
6
36
27
32
14
43
10
9
7
56
6
1
45
105
62
7
61
25
66
6
75
64
35
25
17
20
2
41
25
47
59
12
38
37
91
14
3
43
16
15
41
8
34
97
49
25
13
37
10
50
53
49
14
62
21
0
4
67
123
31
20
35
16
54
14
105
53
70
45
37
3
43
28
10
34
48
34
15
73
42
41
45
22
10
33
95
5
66
92
30
90
13
24
19
8
34
3
79
42
10
18
62
45
24
22
8
37
19
3
22
21
4
40
50
43
52
26
31
39
42
7
14
36
27
32
8
19
18
8
3
0
40
69
10
33
13
3
37
39
41
30
24
19
96
3
7
0
32
14
36
36
59
91
19
42
32
28
34
48
70
5
82
79
44
5
70
3
16
24
32
30
5
50
24
6
52
70
29
10
68
44
3
11
61
32
91
22
15
11
21
46
41
62
78
41
44
51
2
20
35
16
13
13
49
19
31
13
11
16
93
18
68
68
59
28
18
58
42
3
23
88
10
7
3
2
13
13
53
38
47
54
96
72
7
43
18
33
60
26
41
13
27
33
106
50
40
13
42
72
18
1
14
17
28
9
104
3
24
54
6
30
46
43
8
91
36
45
77
7
7
51
82
40
90
40
20
14
45
16
19
22
50
15
11
2
29
21
61
120
93
40
21
0
51
6
46
134
71
8
36
52
91
69
14
14
14
45
25
22
21
32
73
3
40
8
5
26
41
43
62
7
18
100
32
16
1
75
29
29
4
66
108
34
23
38
40
3
35
34
71
4
70
3
20
52
16
1
9
61
11
84
4
5
19
3
49
32
74
63
45
23
28
43
14
17
47
32
14
16
32
5
15
72
11
28
32
60
48
85
44
16
9
34
33
6
12
77
28
15
13
3
46
13
0
71
23
22
19
109
8
2
47
14
23
34
35
5
40
32
15
4
22
50
73
19
42
33
67
36
10
37
2
37
36
17
97
18
7
2
16
30
63
63
33
2
29
37
2
34
40
9
5
34
26
16
38
0
25
6
47
23
70
7
1
48
15
26
18
29
32
82
50
18
20
110
47
12
37
7
13
79
21
48
4
24
12
49
82
21
29
5
25
54
43
13
22
25
8
29
74
67
6
4
35
4
37
9
7
49
25
19
58
65
61
37
54
31
7
61
31
9
24
6
55
59
38
6
25
16
16
44
40
32
22
31
7
10
84
39
76
35
15
26
31
54
67
8
54
13
19
43
37
45
29
13
50
19
23
59
41
19
59
29
17
2
28
4
42
4
7
12
55
24
34
23
22
27
74
9
50
17
49
48
50
18
61
30
51
48
6
18
12
36
50
12
5
79
54
69
14
34
82
12
1
6
82
1
30
22
13
22
32
1
47
54
3
33
59
7
84
31
50
3
17
2
41
5
0
3
16
6
17
38
24
24
43
10
45
61
40
12
23
6
29
29
2
3
38
4
5
5
27
71
36
19
71
54
32
51
18
13
6
83
31
33
18
106
29
15
32
61
15
49
3
7
20
1
26
13
9
43
20
38
44
21
17
24
3
14
70
26
9
42
35
19
62
30
28
9
13
42
42
55
30
30
17
2
25
28
34
37
16
9
71
34
1
31
64
34
69
9
16
55
15
37
11
33
8
4
19
44
4
34
46
22
14
18
18
3
60
29
4
9
52
29
2
30
25
46
61
18
35
43
14
34
5
35
40
29
58
30
5
56
27
80
73
16
17
3
8
4
32
28
15
67
14
7
37
0
22
25
11
45
45
49
57
33
33
6
14
10
41
22
31
26
70
13
14
42
35
24
58
42
57
5
13
21
17
41
10
29
15
32
56
7
1
1
25
30
6
35
23
12
8
61
33
26
20
28
28
72
38
28
62
37
2
36
29
3
28
22
68
13
3
18
38
1
30
26
29
38
14
23
89
0
13
20
24
13
20
7
59
1
38
53
42
38
14
5
25
48
28
39
24
29
13
26
16
48
28
11
18
3
1
41
9
65
10
82
3
25
4
70
19
27
57
92
51
55
17
36
35
32
6
25
17
27
11
23
47
20
18
51
21
73
59
27
12
58
19
19
9
6
1
19
5
28
22
51
45
46
1
22
7
30
22
4
29
51
32
5
26
1
29
1
5
66
15
88
9
4
38
5
14
30
32
5
34
6
5
10
14
28
9
3
6
11
46
31
29
26
35
6
73
26
6
8
9
59
6
15
33
43
9
33
0
14
18
5
29
63
13
1
13
15
9
41
11
46
4
27
11
16
20
5
61
11
50
14
50
70
19
106
3
32
10
17
24
28
2
28
51
3
8
22
25
29
3
60
40
24
9
22
22
9
38
3
0
22
6
22
1
8
10
24
23
17
1
23
38
8
54
45
7
15
19
9
3
27
35
32
20
30
28
15
2
54
27
18
43
69
25
12
3
56
34
41
27
23
38
30
1
37
19
28
15
17
35
9
54
2
8
45
29
20
34
21
3
13
48
31
63
24
5
3
3
27
40
29
46
17
5
39
36
11
9
18
51
42
38
8
8
13
49
1
9
26
59
33
14
35
2
49
12
75
19
25
27
4
17
14
4
8
6
8
44
2
35
21
31
8
61
7
0
7
28
10
45
4
13
31
23
45
49
24
21
3
18
12
8
41
2
17
34
2
83
14
88
42
1
48
10
16
16
9
44
5
61
14
22
13
23
19
21
20
16
17
1
7
7
44
3
7
19
4
24
5
42
39
18
47
5
52
22
24
24
82
20
19
5
45
22
5
10
5
31
16
9
40
59
8
32
23
8
4
32
6
14
4
7
11
39
13
56
18
22
15
19
12
24
12
35
13
8
23
37
56
17
4
3
61
40
12
9
14
36
37
44
2
16
23
56
3
21
29
3
35
9
9
55
48
15
0
27
0
21
1
10
17
38
3
1
11
3
35
7
8
49
12
11
8
1
19
32
34
21
19
2
14
6
31
35
4
30
23
20
27
8
19
63
12
33
10
9
12
3
15
31
5
16
1
3
13
4
22
17
16
5
1
19
4
31
68
9
24
18
16
14
35
44
19
6
15
13
28
38
49
3
13
35
2
11
18
8
11
12
26
16
21
4
21
17
8
14
38
3
0
29
47
5
5
15
3
3
52
18
34
8
10
26
14
27
11
4
33
5
1
8
25
28
0
10
15
11
13
28
16
8
18
12
9
3
4
19
20
19
3
14
10
10
24
30
9
15
17
22
13
20
58
31
25
25
8
24
7
13
32
28
4
9
66
2
12
12
9
0
44
6
2
14
13
7
12
6
17
3
45
7
1
36
36
0
47
6
11
23
1
15
12
3
6
6
11
3
1
9
18
10
0
13
10
32
2
41
1
10
12
11
2
4
6
34
30
15
11
11
15
14
24
4
11
16
12
7
5
11
3
24
20
8
35
26
39
13
35
41
48
3
28
41
30
37
41
25
5
32
7
30
13
38
26
9
19
10
5
0
8
16
36
31
10
27
30
25
22
14
31
38
25
3
31
13
2
29
22
26
29
44
28
17
26
14
35
4
9
8
59
2
31
20
23
35
0
27
42
35
5
2
17
9
29
13
20
1
6
2
9
61
23
14
6
17
15
20
25
26
0
5
45
13
3
18
12
1
7
38
8
25
10
15
2
35
5
2
40
21
25
11
11
6
0
5
7
14
18
2
13
22
31
25
7
3
8
22
16
2
25
57
12
21
9
6
15
9
0
56
7
9
11
20
13
10
16
24
19
33
7
31
23
12
46
31
10
9
16
11
16
13
23
4
19
8
8
15
4
1
14
26
5
4
24
13
28
17
29
11
19
8
3
9
14
3
19
6
18
19
38
3
3
15
14
20
5
23
12
15
3
22
14
14
19
25
6
31
5
1
23
2
40
14
12
24
5
24
22
20
14
28
7
20
34
8
13
6
8
14
16
7
6
17
9
5
17
10
4
7
1
23
11
5
9
9
24
12
21
7
5
15
1
7
17
11
9
2
3
3
8
14
34
18
7
8
1
3
23
9
1
6
20
17
28
23
9
15
10
8
6
0
12
20
28
6
10
4
12
6
25
2
7
19
0
3
12
8
16
2
6
29
19
7
2
4
26
14
1
7
2
8
5
2
19
15
4
10
1
7
15
1
19
12
3
9
22
13
0
4
17
7
7
4
16
4
13
5
9
6
17
1
10
0
6
8
6
11
4
7
3
6
6
3
15
1
5
11
3
3
4
4
3
5
16
1
8
4
5
3
3
4
12
11
4
5
3
5
17
4
3
12
2
7
6
11
18
1
1
8
4
4
4
2
9
11
1
16
15
0
2
9
6
3
3
4
4
9
1
9
18
0
2
0
11
0
7
0
13
0
4
0
7
11
1
1
4
1
3
12
7
11
0
5
1
7
0
10
11
4
5
7
2
0
12
15
6
4
1
1
5
5
4
6
15
1
3
4
1
1
2
1
10
1
5
1
3
2
5
2
2
1
4
2
1
1
