62
53
19
2
26
42
4
9
28
5
71
35
16
11
77
88
9
6
87
5
19
15
18
26
36
8
0
8
21
24
36
18
46
25
29
42
36
11
128
6
81
42
10
7
0
75
77
50
16
37
35
19
9
15
74
1
61
52
21
17
26
41
49
13
87
27
20
153
3
6
1
18
28
16
8
5
96
94
58
40
105
48
22
74
130
6
59
38
60
67
5
76
21
75
28
102
4
73
56
15
2
8
5
30
14
38
103
19
24
109
70
33
14
72
50
86
105
93
93
45
9
40
8
13
58
94
115
11
76
63
60
0
26
24
1
105
39
90
85
52
23
2
126
3
136
54
9
88
57
62
15
39
17
7
7
1
40
7
17
27
105
23
19
29
32
101
70
7
107
134
55
2
23
14
48
22
104
22
29
85
81
25
4
75
91
134
44
26
27
50
100
9
57
92
13
96
38
89
5
3
17
100
7
76
8
12
50
76
27
35
31
51
127
28
19
97
21
41
47
17
75
97
81
134
31
17
19
1
29
41
19
37
10
71
29
90
84
76
62
13
63
60
31
89
150
146
66
61
59
5
26
112
63
34
15
57
24
52
34
30
30
8
37
16
63
32
1
38
46
26
102
35
71
35
28
19
2
164
69
28
111
30
80
9
36
50
71
8
1
88
9
40
58
9
44
18
24
67
67
112
12
41
52
69
168
41
65
35
80
28
8
99
68
48
124
8
23
46
68
104
2
59
64
6
153
44
44
60
112
7
55
76
15
14
30
2
5
149
4
41
38
53
49
45
26
29
20
26
72
113
63
24
56
31
4
57
51
1
5
86
82
102
74
56
77
17
21
2
86
10
24
62
20
64
30
43
30
26
22
99
6
15
54
59
1
43
76
40
48
89
10
4
76
76
32
40
52
37
7
44
57
35
53
81
11
53
81
87
7
36
151
74
52
48
67
26
67
65
64
52
30
77
45
42
17
6
42
10
47
3
0
52
10
40
163
4
38
55
36
68
37
2
45
7
55
97
116
20
5
81
12
171
34
77
53
34
53
15
1
47
16
36
3
45
66
13
0
26
8
53
135
10
45
19
80
14
44
66
1
71
24
56
31
5
44
26
9
68
61
90
28
4
68
79
45
1
25
33
29
77
17
72
31
71
35
25
4
39
18
49
31
72
60
0
64
33
31
89
18
95
64
7
78
57
26
101
35
3
103
4
8
60
30
15
9
19
66
5
10
5
28
10
72
137
97
42
6
138
13
59
15
92
123
105
9
31
7
71
80
111
24
93
52
70
59
2
31
49
35
18
13
4
34
36
24
44
0
21
55
60
35
12
14
2
13
25
65
53
102
24
3
145
9
41
45
9
27
115
8
9
85
17
49
73
49
12
94
34
87
98
109
70
4
89
85
83
40
72
4
25
47
70
47
46
34
36
20
68
3
41
45
35
37
136
64
48
4
71
39
3
38
30
7
183
41
16
1
25
28
70
120
39
143
102
3
82
20
44
28
15
11
39
70
186
57
41
10
19
42
64
3
42
90
31
90
1
87
50
79
49
75
63
20
34
47
11
23
23
29
55
25
36
55
1
34
54
76
21
11
14
3
51
9
82
34
58
2
124
24
6
74
31
19
58
15
49
6
48
14
11
33
23
40
71
25
5
58
110
69
97
88
12
26
47
11
32
44
60
73
88
0
15
12
27
46
40
37
13
12
35
21
30
2
64
45
6
50
53
194
43
115
26
36
42
2
24
35
72
6
72
54
57
50
85
13
7
97
52
27
10
20
35
56
50
35
6
39
2
12
40
104
55
24
78
15
98
85
58
14
17
81
62
10
4
1
36
60
84
4
18
25
65
9
65
33
17
10
9
41
14
87
39
94
42
18
47
74
37
40
16
64
28
115
1
60
8
40
33
62
15
116
55
19
86
48
86
36
1
31
23
33
22
18
25
36
69
63
56
41
18
82
62
49
43
72
26
26
73
41
12
24
59
97
15
46
25
39
89
27
26
66
30
35
58
55
4
49
114
8
23
15
30
47
84
95
13
124
0
54
41
33
57
31
88
25
57
122
35
38
54
0
13
38
51
8
54
152
32
67
89
6
0
108
37
31
41
70
0
26
109
33
35
37
47
47
4
32
3
63
37
30
26
19
104
90
102
36
80
11
113
81
8
20
111
41
26
125
29
33
7
56
13
3
86
71
73
83
17
24
16
81
109
6
1
68
74
18
59
90
76
19
30
63
43
30
6
42
31
9
22
36
70
78
141
11
46
2
9
17
4
83
5
30
56
21
14
6
58
74
9
6
28
26
20
69
2
32
9
11
44
30
41
49
74
9
84
53
37
76
7
13
36
30
67
60
22
12
66
38
16
96
23
74
48
5
59
107
90
41
65
62
64
65
37
66
100
27
17
47
38
122
96
17
9
28
13
77
40
138
33
2
69
25
20
59
13
132
96
18
60
49
38
3
18
2
26
58
58
25
9
16
59
31
16
77
32
86
74
10
25
48
77
56
18
8
36
73
79
27
100
35
4
46
3
37
24
46
36
60
8
36
61
43
75
44
135
23
15
15
94
42
58
14
35
12
29
134
35
82
94
93
9
5
87
144
15
51
52
47
39
9
11
4
22
26
68
7
24
104
24
9
52
81
21
64
9
54
38
34
51
33
50
15
21
20
138
83
10
134
33
10
89
14
19
6
30
15
45
28
90
86
42
31
119
1
3
65
81
75
28
20
24
15
65
38
64
47
47
58
59
1
7
34
87
36
57
58
106
15
8
39
21
138
23
17
20
8
16
43
8
105
17
56
2
84
20
14
27
69
10
17
87
12
1
25
46
3
1
6
29
21
26
17
19
13
29
31
68
33
65
35
23
48
102
127
14
99
38
1
4
52
56
43
19
32
129
10
13
5
50
75
23
15
30
55
27
95
59
60
6
12
39
60
1
54
41
44
2
33
61
39
105
1
29
11
25
17
46
61
27
64
23
18
77
23
59
53
78
0
88
31
54
25
1
55
47
28
46
28
55
13
80
17
78
110
19
32
27
63
36
50
21
21
75
117
58
23
95
2
117
17
9
26
9
122
29
87
2
62
24
68
42
55
7
66
27
59
12
5
43
10
28
46
21
11
18
51
36
80
121
43
96
73
48
13
101
23
29
20
65
45
8
84
11
36
38
44
25
22
1
21
59
114
7
59
91
36
33
13
20
77
83
39
8
55
90
31
29
2
33
34
21
8
9
26
10
77
29
42
70
40
34
55
25
56
40
45
50
14
2
39
60
40
24
51
1
17
12
11
48
139
85
15
15
75
2
46
35
82
20
129
56
13
33
40
103
30
43
68
37
10
44
68
60
31
106
50
14
34
1
49
88
27
35
39
93
125
93
24
32
2
18
24
59
7
44
5
116
66
74
18
115
30
15
33
50
29
61
31
83
53
18
14
6
6
12
4
43
12
8
30
4
57
115
51
36
64
32
98
58
23
66
14
21
51
23
39
12
17
18
44
12
35
52
31
22
29
67
4
98
7
8
24
1
54
29
48
23
13
70
36
39
14
20
14
43
19
21
35
4
56
104
2
42
80
43
168
5
94
57
50
69
9
98
82
42
24
34
18
12
19
53
64
65
4
57
46
15
33
33
40
64
15
61
19
24
16
65
15
30
5
55
25
117
96
32
4
3
47
13
26
98
12
4
10
87
22
9
25
64
42
26
19
82
10
53
16
29
22
4
99
55
9
31
4
23
9
61
32
12
51
111
45
10
35
37
14
32
145
28
31
39
11
51
18
26
38
18
9
45
11
12
7
149
110
22
48
6
46
49
58
14
40
81
22
32
38
46
47
78
15
77
23
57
51
40
25
21
11
88
16
72
115
0
5
24
25
68
85
40
49
8
11
70
32
11
18
28
17
44
45
20
63
29
8
9
36
50
103
16
45
25
37
48
14
20
111
16
16
3
22
34
3
17
21
91
6
10
64
36
3
0
29
138
101
77
29
4
18
63
40
55
104
69
36
54
31
52
69
5
4
79
7
30
3
5
28
82
6
93
0
24
27
83
37
77
100
101
63
43
32
46
36
19
2
78
18
17
56
12
14
52
42
115
35
7
10
18
32
83
106
18
21
81
50
13
114
6
48
52
41
176
29
22
2
3
32
21
58
41
35
21
25
15
12
24
94
1
13
32
41
21
12
88
27
22
41
32
48
4
44
61
67
45
108
36
74
16
67
60
112
14
80
51
29
25
3
40
8
52
47
28
17
52
40
35
33
36
62
23
21
3
9
15
10
34
59
46
65
76
48
67
12
83
8
86
47
0
43
40
38
69
23
43
1
20
38
14
13
27
40
9
44
55
51
40
32
7
45
10
55
10
32
12
26
51
0
15
23
44
68
54
109
54
28
65
7
29
10
21
36
57
19
60
20
40
54
19
47
74
24
6
10
36
35
92
30
12
153
59
10
95
41
30
21
1
80
52
91
73
15
11
25
15
22
4
40
13
31
14
17
14
1
96
8
17
6
55
6
55
46
8
65
0
12
17
39
57
38
45
11
24
56
36
51
53
92
61
49
12
61
2
32
1
14
93
28
33
1
11
36
27
18
1
28
28
35
64
1
5
5
7
31
26
16
45
9
75
33
33
56
66
71
6
17
13
3
110
41
53
12
0
30
22
93
22
97
121
3
18
43
26
21
85
27
35
46
27
42
39
14
24
47
100
4
22
13
98
12
49
40
79
72
35
69
7
15
22
57
10
3
3
28
34
88
28
15
27
64
84
15
40
32
40
44
28
45
38
3
3
13
3
10
21
65
98
51
31
78
14
24
31
46
19
38
37
11
56
31
73
8
0
53
2
4
64
11
16
2
7
53
32
8
77
28
86
42
2
73
65
76
78
47
23
68
46
46
29
2
105
88
62
1
23
17
17
37
30
19
16
0
21
73
84
30
15
68
39
6
72
63
3
13
56
19
13
32
13
14
29
44
90
20
4
22
13
42
19
3
60
47
32
44
46
43
45
28
30
11
0
46
29
17
64
14
49
35
91
9
26
10
29
89
20
69
17
13
40
40
24
28
39
52
83
15
18
48
18
80
58
6
15
71
36
67
38
78
36
22
34
32
39
9
18
56
64
73
46
64
42
32
24
30
61
2
28
36
58
27
26
10
10
2
76
32
3
4
7
3
29
60
67
28
58
25
25
17
112
64
10
81
76
31
44
23
9
50
41
72
11
64
20
36
4
112
17
41
13
11
57
23
8
49
62
25
47
35
40
47
5
47
27
78
23
54
9
17
121
32
39
32
40
9
80
90
59
6
7
29
27
57
39
16
57
1
27
15
15
59
47
3
18
27
4
9
6
51
30
43
10
8
12
20
31
68
94
49
54
51
16
4
71
78
18
19
16
1
49
4
43
20
39
16
84
28
50
10
11
4
85
1
51
76
17
30
9
42
43
9
0
23
40
31
122
8
6
14
17
21
43
7
30
71
20
83
35
7
12
3
25
70
13
5
10
51
37
59
11
20
24
43
1
50
7
7
16
3
64
24
18
9
58
47
12
16
27
28
12
29
6
44
5
13
38
53
67
4
36
20
26
58
45
40
56
106
58
30
4
41
15
83
0
47
32
19
46
5
41
11
29
95
27
45
40
94
37
16
26
49
3
91
16
8
11
21
91
38
5
42
54
11
21
93
56
60
21
6
38
130
14
52
21
10
30
26
30
41
19
5
55
35
55
25
47
36
6
28
5
82
33
3
15
34
23
55
4
33
2
36
43
8
15
30
24
15
23
47
28
31
27
26
12
33
12
34
2
15
41
9
49
9
103
32
34
28
37
22
80
17
27
32
36
22
49
41
14
57
10
64
22
41
19
31
28
15
6
8
45
30
2
96
50
48
35
6
31
49
14
38
26
9
5
13
10
43
41
13
23
21
12
52
34
60
36
11
60
14
0
4
29
30
15
55
19
60
6
25
0
36
59
50
29
61
21
24
36
12
88
40
2
55
18
79
12
9
40
16
79
52
33
2
12
1
6
36
80
11
30
10
33
48
4
8
18
16
31
3
81
3
26
6
44
35
9
24
3
68
73
34
59
6
5
16
58
23
4
17
14
30
15
43
5
38
57
9
39
33
17
104
10
37
15
47
15
32
26
46
23
32
15
3
8
1
30
51
27
84
0
10
24
4
24
31
58
27
6
20
31
29
4
32
32
5
5
27
82
23
56
7
40
48
7
10
20
1
25
30
46
36
25
17
49
4
1
15
46
0
77
16
23
24
15
1
58
9
8
20
13
14
16
60
5
15
51
9
49
87
6
44
26
4
9
21
6
34
38
11
27
10
19
7
48
46
16
26
5
26
29
47
35
9
37
49
34
9
64
9
3
6
62
26
8
11
3
15
15
5
8
1
57
21
16
28
11
42
52
37
6
25
30
31
15
25
35
13
39
27
6
10
11
34
42
15
6
6
50
34
13
13
6
47
24
54
31
24
3
19
30
4
3
34
1
30
40
11
34
36
50
17
55
37
79
28
59
22
65
13
33
17
53
1
12
61
13
23
3
12
5
70
12
66
21
94
25
44
22
26
6
17
9
1
15
18
61
58
25
25
32
1
24
2
44
72
61
32
14
16
24
13
59
34
31
35
27
13
79
66
28
31
57
16
33
37
69
17
86
61
5
7
36
17
22
77
30
0
19
52
25
21
15
1
15
38
1
14
30
52
25
23
3
43
4
94
42
37
5
5
46
7
74
53
2
92
16
26
47
50
17
28
54
12
44
15
13
18
11
25
42
36
2
44
54
45
52
8
9
33
2
5
17
24
24
2
62
54
47
24
28
6
30
37
16
30
29
61
12
3
3
16
19
43
40
15
12
25
1
18
18
54
21
6
14
10
60
14
48
31
7
2
59
21
15
14
43
26
60
39
18
30
18
40
11
64
57
17
56
24
41
8
18
29
73
12
6
52
27
48
13
85
54
15
9
7
22
30
17
8
30
16
24
33
17
2
43
16
61
53
53
12
38
21
10
29
23
3
8
3
33
31
40
22
22
49
31
5
45
82
17
62
36
7
9
0
5
55
45
25
20
3
35
37
33
46
35
16
36
12
37
32
20
59
12
31
22
33
58
17
14
43
64
1
40
6
37
24
30
21
16
17
27
1
34
24
9
25
36
21
15
29
45
3
4
15
7
29
44
31
35
9
36
18
2
11
33
8
17
5
1
19
6
38
1
31
25
40
15
14
54
24
54
7
20
33
24
20
57
51
2
7
16
50
2
8
46
27
16
3
21
22
27
12
10
23
8
18
51
43
3
1
29
20
3
20
43
36
17
30
28
1
29
2
13
14
10
18
28
40
2
90
13
21
21
26
22
28
10
37
68
42
1
35
29
17
69
10
38
11
21
26
16
31
27
14
39
14
22
33
22
9
32
26
16
25
1
20
17
15
20
7
5
29
20
18
2
21
12
58
7
35
19
37
5
82
7
18
18
23
10
50
18
11
13
20
5
66
67
0
2
3
30
42
16
50
10
19
16
58
30
20
35
40
8
1
1
27
14
27
8
0
32
6
6
14
50
36
1
14
16
44
19
21
21
3
13
8
3
3
7
9
35
13
20
26
21
10
12
22
19
31
49
5
45
64
30
60
7
42
21
1
11
6
26
30
2
14
38
28
28
20
52
20
5
21
53
25
8
45
30
22
22
6
23
19
34
31
67
66
12
14
9
20
9
23
22
47
15
29
14
12
14
16
20
10
6
25
14
27
52
12
13
5
24
2
25
48
10
34
16
27
32
43
9
14
24
5
21
17
21
37
32
12
28
42
4
14
28
23
8
49
11
17
17
6
11
28
60
7
6
8
7
19
27
9
13
7
1
10
9
16
2
9
33
16
26
20
31
39
9
7
11
1
13
12
9
6
42
55
2
9
25
16
32
3
16
22
35
8
4
14
34
20
1
6
31
3
21
32
24
42
1
2
33
25
22
7
17
7
1
14
0
3
12
1
18
13
3
14
54
15
8
23
31
26
4
9
4
18
7
23
6
1
4
14
66
9
10
36
12
0
25
25
15
6
21
51
32
36
5
33
8
13
11
2
33
22
16
14
12
46
11
6
8
30
3
27
11
18
16
12
13
24
8
17
24
22
7
11
19
3
11
19
34
38
12
33
26
2
23
15
18
23
1
17
18
20
32
4
12
41
45
5
44
0
16
28
18
13
9
21
31
5
8
4
9
2
27
3
3
10
30
5
27
28
13
5
13
23
0
22
30
28
6
9
45
9
22
14
14
16
38
14
20
35
4
20
10
15
13
15
49
22
20
13
35
14
10
15
10
28
6
24
26
11
11
43
9
3
28
4
41
16
27
10
30
28
7
0
11
21
6
6
12
12
5
18
2
1
3
3
29
9
14
22
18
19
7
20
6
10
17
11
22
29
11
24
14
13
6
8
20
13
25
18
21
1
6
3
11
28
23
3
27
11
17
20
7
3
15
18
5
22
13
12
14
16
9
15
17
1
17
15
1
15
15
16
25
8
2
26
10
28
11
23
23
1
12
15
0
14
1
16
37
27
23
5
0
15
40
9
3
10
3
33
12
7
20
17
14
23
4
21
3
9
21
14
6
25
38
17
14
1
17
4
1
30
4
9
0
30
7
12
11
23
2
25
23
18
10
3
10
9
11
20
18
5
20
4
3
4
3
24
40
4
21
22
2
12
10
1
12
17
23
11
0
13
27
26
2
13
21
25
19
10
34
12
19
4
5
12
2
18
36
22
19
1
15
8
4
16
27
11
5
14
18
2
1
5
10
4
2
8
23
19
3
1
12
18
24
19
13
1
28
8
33
5
3
2
6
7
2
21
12
19
13
10
12
2
3
5
15
9
1
14
6
19
15
26
18
18
13
14
7
5
5
6
2
3
11
4
6
15
9
7
13
3
4
12
0
6
30
19
8
11
3
8
7
5
6
8
6
15
8
2
8
14
0
7
3
17
5
14
7
15
3
3
7
4
3
5
3
3
8
9
2
2
2
2
19
7
22
3
1
22
3
9
10
4
0
4
0
21
6
1
5
13
19
14
7
2
7
11
20
3
9
5
7
5
6
4
5
8
4
6
5
11
1
15
8
9
1
3
0
11
4
2
7
0
3
6
3
1
10
3
5
9
11
0
10
1
1
17
1
3
1
5
4
0
3
1
1
2
0
1
1
4
1
1
3
1
0
