10
5
13
10
29
3
3
4
45
14
10
8
51
112
84
87
4
68
105
52
8
40
96
106
124
5
29
25
24
25
4
50
6
1
33
21
19
37
2
20
22
3
51
26
7
22
14
11
41
40
45
10
2
87
24
10
24
18
86
6
150
94
20
106
40
21
35
87
28
26
0
113
91
46
12
75
55
18
43
15
23
11
105
61
68
6
0
4
3
108
129
51
35
16
30
39
5
76
52
15
75
3
33
71
32
143
104
50
40
20
22
117
39
1
114
19
26
12
71
1
44
44
133
102
18
6
26
14
6
7
15
102
73
34
38
11
85
37
78
8
63
70
27
39
47
97
80
2
61
74
74
72
75
28
105
29
48
16
48
29
97
28
68
23
5
38
93
124
130
67
1
14
52
5
67
47
88
54
35
27
78
70
35
11
28
68
65
105
104
87
96
2
40
45
14
56
39
6
72
22
38
35
49
18
8
89
16
15
67
41
115
35
113
5
68
87
75
50
71
24
16
31
52
51
38
22
18
15
67
8
63
29
88
2
19
50
23
30
9
38
31
40
7
60
68
16
12
8
28
60
61
53
38
20
6
14
96
3
11
122
124
55
104
68
24
32
89
68
60
15
8
56
39
40
99
35
16
3
39
84
9
17
13
2
96
11
30
37
16
5
11
23
51
19
115
95
46
38
11
33
52
22
26
165
14
106
13
67
1
39
56
47
146
9
31
103
42
13
44
79
20
25
51
40
188
16
15
60
20
90
113
8
64
3
8
35
71
111
52
40
35
18
79
50
30
12
3
105
120
26
98
41
13
93
6
11
30
1
64
93
55
110
119
50
33
70
24
3
47
31
20
126
49
26
17
130
36
2
38
47
15
23
85
20
30
58
46
37
35
22
61
56
11
90
57
24
45
52
66
14
39
46
112
34
4
27
72
83
55
17
24
75
97
24
72
17
26
7
9
45
50
38
116
2
42
26
152
35
52
44
1
72
38
34
46
27
0
69
58
36
43
112
42
82
114
40
56
61
29
47
12
12
77
56
44
2
88
27
10
41
1
13
4
26
55
51
89
95
25
62
109
24
32
19
24
51
84
101
55
65
35
22
0
55
15
55
42
16
103
87
23
36
7
17
93
44
87
120
89
82
15
49
46
33
39
2
125
20
29
50
57
90
95
35
24
14
79
155
93
86
91
42
102
26
20
29
135
121
5
88
6
44
2
100
46
15
20
27
14
44
64
28
7
65
0
1
15
74
34
89
64
16
114
23
82
38
42
6
10
115
45
70
6
2
63
47
86
55
58
26
97
52
57
88
16
41
41
40
46
6
5
7
10
82
158
24
59
98
18
55
53
39
23
4
6
11
102
6
98
37
19
90
55
81
6
140
29
74
15
88
11
6
99
4
18
19
77
46
26
62
84
111
130
140
57
95
89
55
74
78
44
13
141
22
10
39
34
12
52
117
54
52
97
36
24
179
33
124
34
50
20
12
164
5
79
18
90
11
46
18
90
29
9
23
31
40
57
86
54
23
21
130
45
33
17
40
81
6
46
43
20
23
1
30
51
59
68
7
82
25
45
19
14
15
25
41
51
55
23
19
23
159
14
14
89
53
128
2
22
62
41
101
56
28
134
14
64
19
9
131
69
21
84
21
130
145
44
48
31
83
4
44
7
52
2
73
31
74
83
89
28
76
1
79
64
18
45
28
20
100
36
53
93
9
56
28
83
7
113
13
15
24
16
3
41
57
28
32
19
93
0
59
7
16
36
20
96
19
20
63
49
3
4
43
28
16
65
0
85
34
74
34
44
50
1
60
6
37
39
2
74
22
25
11
43
8
83
105
67
43
53
35
15
21
29
4
76
65
93
125
63
24
25
10
196
77
0
7
47
29
127
75
55
96
27
33
62
51
31
30
60
30
39
1
21
31
8
7
60
10
18
15
29
58
45
2
6
80
20
3
8
47
42
16
33
74
48
83
8
23
102
44
54
63
32
43
32
8
16
1
37
72
40
6
66
68
40
34
125
61
62
74
1
3
36
9
60
41
53
63
57
64
14
97
54
40
1
41
74
38
15
49
77
77
99
69
9
38
59
137
107
11
6
82
68
58
13
108
21
81
12
48
48
40
10
81
95
57
15
8
47
88
78
113
55
24
101
19
13
22
121
28
32
53
5
93
47
59
10
51
59
79
49
14
11
22
18
63
39
66
3
12
23
31
44
101
42
44
51
60
129
5
61
39
87
53
45
91
63
4
18
24
46
25
6
19
10
16
1
65
44
38
13
14
73
5
61
72
95
59
11
31
46
8
2
17
21
28
15
56
50
29
99
9
37
67
48
87
19
48
60
46
68
9
12
134
55
12
36
6
22
45
43
86
112
111
20
24
64
95
15
63
26
0
87
34
20
20
110
23
4
27
15
22
22
54
27
93
19
41
39
22
32
14
58
6
54
20
41
60
38
58
49
11
42
52
95
53
11
61
4
31
32
27
159
0
58
41
54
19
4
62
54
48
75
68
42
37
107
9
155
40
11
64
7
21
40
65
17
46
66
90
39
18
34
96
42
0
74
107
54
26
59
1
130
44
39
9
48
101
7
40
51
12
59
47
26
13
52
24
21
47
37
81
7
38
3
44
77
56
34
59
64
13
11
54
20
74
49
53
15
73
8
41
4
56
71
116
35
26
10
107
94
11
34
52
72
59
48
83
3
49
68
13
2
12
5
21
24
54
77
85
3
14
141
28
51
7
25
12
9
39
39
76
9
48
9
13
23
64
115
27
57
51
3
103
38
5
68
76
55
17
124
73
35
89
67
75
72
9
23
67
10
14
16
43
38
37
47
100
44
26
17
31
0
29
18
1
15
16
86
41
103
63
57
28
2
92
90
26
39
126
8
60
35
85
6
27
0
20
20
69
44
67
12
95
104
78
27
8
32
4
0
51
6
40
76
10
7
14
25
90
21
58
55
81
35
11
49
19
79
83
35
23
52
76
37
3
24
49
70
75
18
6
14
18
64
51
17
50
15
33
9
6
18
86
61
17
80
8
70
22
76
55
61
44
13
9
141
50
25
38
128
47
5
100
30
15
11
23
99
0
50
27
23
2
63
9
17
14
14
54
24
106
58
45
39
48
31
33
43
28
85
105
85
30
99
16
39
33
46
33
58
23
59
138
12
24
84
7
53
47
30
12
54
28
74
10
31
36
85
30
38
42
56
53
19
43
14
100
0
46
27
84
123
24
26
77
16
35
28
87
6
21
72
77
20
60
3
75
32
37
75
2
56
6
28
40
37
111
98
52
61
85
98
35
16
36
65
20
22
20
1
29
48
31
74
20
30
26
13
30
22
45
75
10
34
82
52
25
2
57
20
0
65
9
32
1
4
10
10
25
4
56
26
30
50
70
21
40
22
88
36
74
74
8
120
3
3
95
10
40
81
15
95
130
8
82
4
72
103
75
15
52
63
115
5
68
69
54
54
14
22
58
52
62
20
3
76
4
13
33
66
32
9
62
20
24
33
78
21
42
54
11
1
3
63
2
10
22
97
33
0
93
53
15
43
2
12
70
13
102
28
82
39
4
20
102
26
36
16
3
67
47
18
47
55
24
7
25
54
2
9
1
53
65
63
98
79
38
42
57
17
33
39
33
92
19
29
4
23
17
14
18
76
11
80
83
27
42
47
31
40
95
59
23
37
95
56
55
51
55
14
4
65
14
16
43
22
29
97
3
17
44
50
33
25
13
3
86
15
18
17
112
144
37
7
82
96
6
36
29
20
82
6
24
51
45
65
69
21
66
4
12
26
21
98
26
1
59
14
18
8
44
8
76
22
2
16
74
59
56
74
63
28
114
52
5
13
13
14
16
47
37
24
41
41
44
20
20
74
99
38
2
8
9
17
36
2
69
62
34
17
86
62
32
59
40
23
8
67
13
42
44
2
63
28
40
64
29
15
90
23
75
44
59
36
11
51
20
8
38
22
27
53
80
49
12
35
39
13
39
28
3
91
23
23
43
33
56
39
1
45
3
6
66
37
52
0
4
61
66
59
42
28
50
102
16
17
30
37
5
23
100
41
11
70
5
13
35
48
8
12
30
17
26
30
11
96
43
24
28
17
1
23
151
54
19
7
19
33
75
50
0
74
43
18
22
115
86
21
43
43
135
14
11
6
108
27
57
34
53
28
13
34
5
34
10
31
23
31
1
2
0
141
39
36
93
46
26
53
5
4
0
38
19
31
84
22
32
4
22
9
125
15
86
9
31
44
15
35
78
46
58
8
58
43
106
11
10
29
63
86
9
7
38
36
6
76
37
18
8
64
101
3
111
98
38
62
25
1
19
51
13
102
14
17
11
86
33
26
32
15
13
6
11
31
35
20
13
30
16
28
9
74
14
105
54
67
8
56
26
29
19
17
84
35
31
28
31
38
30
69
41
66
52
32
43
119
38
15
16
10
9
10
9
30
42
16
59
7
28
50
8
51
16
6
52
32
4
53
76
9
28
32
22
105
48
69
1
26
33
10
73
25
78
9
22
17
55
62
42
67
20
54
82
13
46
48
38
40
138
15
13
16
103
8
15
66
7
7
46
12
8
35
85
57
24
11
72
5
15
19
14
75
49
1
8
37
15
39
54
26
101
32
9
2
62
11
36
6
1
53
12
98
76
34
63
4
2
54
43
10
71
111
5
55
25
48
63
4
36
55
56
50
18
23
12
37
2
66
63
31
6
72
13
15
18
8
30
39
30
38
56
8
22
56
9
12
26
62
67
53
69
44
33
56
44
11
81
35
3
6
54
68
51
108
21
23
22
76
21
20
22
46
2
87
13
9
19
6
17
66
22
19
80
15
34
38
7
67
18
3
9
16
9
31
39
75
38
27
58
19
14
18
61
15
23
69
67
3
18
1
10
29
15
84
34
21
57
5
41
8
32
21
100
28
4
46
16
120
15
84
72
19
0
92
4
30
10
1
22
27
35
24
76
11
66
46
24
106
5
30
59
20
83
16
10
3
20
8
18
79
39
16
56
24
51
40
5
30
36
34
11
25
12
10
1
3
17
9
27
9
33
24
41
28
36
8
12
79
8
54
28
118
28
15
27
69
6
29
91
64
88
25
49
13
27
6
50
66
5
20
27
4
30
21
15
21
51
4
0
40
24
24
33
4
8
24
9
6
55
56
16
19
26
94
28
11
61
2
12
50
51
0
9
65
38
5
19
29
39
17
74
3
28
7
69
6
32
24
14
39
24
69
8
10
13
6
27
25
22
26
2
33
34
19
40
66
14
125
34
42
28
16
14
10
3
90
56
62
25
22
80
26
76
17
30
62
21
31
63
20
100
73
16
2
1
14
9
38
25
15
36
14
4
10
5
72
46
28
29
59
67
3
1
9
34
68
60
21
67
99
44
13
13
4
32
0
100
3
21
82
13
53
42
12
54
1
39
32
59
91
4
15
36
17
22
35
3
20
4
22
29
50
9
20
24
105
42
11
28
58
92
5
116
59
31
3
28
7
56
30
81
27
14
30
20
28
13
50
22
22
51
36
2
18
32
38
46
37
72
4
19
10
5
38
24
47
55
38
36
27
4
13
13
38
24
8
64
32
23
26
15
32
7
23
21
14
11
58
90
42
38
94
2
21
22
72
35
19
65
9
56
21
79
12
33
14
52
19
63
35
3
15
31
3
122
24
50
28
16
14
2
44
40
89
55
35
6
38
5
2
13
22
26
57
45
5
27
85
11
29
43
19
4
22
3
32
20
52
45
70
48
18
20
43
8
23
5
73
7
23
36
19
77
4
12
26
20
20
30
48
19
30
46
15
45
27
26
52
8
25
54
10
35
51
10
21
53
24
36
6
8
36
21
11
4
15
59
3
17
91
75
26
9
0
82
8
83
26
30
9
11
12
13
7
54
7
2
18
83
29
7
12
65
45
100
52
11
20
15
58
29
5
0
23
6
17
13
20
71
34
29
3
62
17
1
21
26
4
16
12
35
75
3
0
17
29
2
15
48
30
76
69
12
15
51
45
50
24
9
17
8
23
5
32
23
38
50
41
20
9
24
16
42
1
50
5
17
9
42
27
35
60
19
81
26
32
23
75
51
39
21
12
10
1
12
83
46
16
1
33
33
35
33
1
6
9
30
5
17
49
41
19
41
7
25
44
48
26
51
75
80
32
0
16
74
52
56
24
20
28
8
2
12
34
11
35
75
19
33
44
21
14
4
43
3
28
63
32
37
43
55
17
62
41
13
10
17
4
3
13
34
12
4
26
12
85
47
22
9
18
30
10
42
39
14
44
1
11
21
22
30
10
61
17
37
5
34
47
10
19
20
1
49
37
10
2
60
12
32
34
43
14
10
118
20
14
33
89
45
7
48
57
5
5
57
92
23
65
44
48
23
39
12
26
21
29
20
10
5
24
9
26
55
8
66
0
70
21
14
12
35
67
2
14
41
49
29
19
17
33
21
13
70
12
34
23
20
32
4
8
30
38
8
41
8
0
85
27
20
22
37
78
19
60
17
39
10
25
39
4
12
26
1
22
86
20
12
2
93
22
12
65
24
5
17
21
17
21
4
40
35
9
34
8
12
67
13
38
5
29
32
9
4
67
41
52
30
64
46
18
36
17
26
85
8
2
15
30
17
36
90
18
23
1
20
21
43
20
76
14
9
16
13
16
29
44
25
35
102
40
12
5
110
6
42
1
6
14
3
31
23
3
19
6
41
9
42
2
9
43
30
38
13
31
21
14
10
1
22
51
12
44
31
16
12
47
42
48
4
16
22
14
32
1
46
65
2
45
35
8
15
36
8
0
12
21
13
10
76
55
34
35
48
11
28
35
69
46
7
9
13
30
40
48
25
24
31
5
19
36
31
24
26
58
22
0
3
58
51
9
13
7
24
11
21
64
27
2
7
18
62
8
4
45
36
44
27
71
50
21
50
12
27
18
39
35
45
13
51
17
12
78
48
39
19
35
1
1
19
4
20
8
12
32
40
13
2
27
20
11
23
52
48
19
39
18
44
5
28
30
4
72
18
29
13
13
0
20
18
2
5
10
59
62
15
15
50
35
19
2
16
16
5
25
27
66
15
40
48
63
14
31
7
29
8
38
28
1
59
20
1
6
26
56
54
41
2
25
24
12
114
53
5
37
6
53
23
2
23
19
6
9
5
33
41
28
20
17
15
62
39
12
14
7
15
24
35
18
15
51
25
7
37
17
7
51
11
24
12
24
21
20
27
23
12
13
40
15
8
7
14
34
38
25
52
10
35
19
31
14
64
10
3
10
34
24
3
9
16
56
12
34
20
38
12
26
32
20
25
45
48
7
11
11
4
28
11
10
20
67
17
39
25
6
26
7
27
3
28
51
12
15
7
1
1
26
19
34
24
20
14
28
17
50
4
70
17
21
12
26
60
16
45
4
2
22
8
19
7
2
30
4
2
28
15
42
21
39
21
19
25
14
77
47
0
33
43
2
8
22
8
11
14
11
42
44
23
0
12
6
28
35
12
24
14
17
39
16
54
63
8
15
3
18
19
23
34
15
10
16
7
5
10
29
41
14
36
24
52
14
11
32
7
22
10
12
8
37
16
12
20
6
1
7
4
37
39
19
10
52
7
5
29
5
20
21
7
45
33
10
39
23
13
29
6
13
32
14
27
19
7
3
54
19
1
8
10
2
36
15
57
61
26
14
16
19
1
58
18
4
10
6
67
17
25
6
27
36
15
3
56
24
56
27
3
68
54
51
37
12
5
6
22
44
2
22
17
56
9
36
10
15
6
8
3
4
12
44
34
38
8
31
12
30
0
28
20
20
3
4
0
1
24
37
8
19
35
25
83
1
37
5
3
6
42
39
36
11
19
27
1
10
14
7
11
11
11
7
44
33
27
7
48
19
49
4
11
4
1
36
4
22
8
50
17
12
48
11
48
10
17
24
18
7
30
12
20
31
29
14
14
26
11
23
2
1
24
25
0
7
8
26
40
9
32
22
18
2
32
10
25
12
13
33
45
33
31
2
42
50
10
37
11
27
21
18
18
32
12
51
7
21
6
14
19
8
57
12
6
3
13
24
42
22
12
24
55
17
9
17
11
12
1
19
42
40
38
29
17
26
14
32
61
9
10
17
36
12
10
28
8
40
9
14
33
1
22
14
37
36
10
19
6
21
5
25
7
16
17
28
17
36
16
3
6
27
29
5
15
19
17
10
7
59
2
6
54
7
4
10
36
17
35
11
21
8
4
17
15
11
9
11
16
10
1
9
18
4
14
43
8
32
47
2
3
34
26
0
9
6
1
10
6
23
23
3
11
8
27
12
10
17
3
5
1
37
4
8
8
9
34
32
34
4
1
8
18
4
14
10
8
0
15
3
17
8
2
17
14
2
24
8
39
2
34
5
10
12
19
14
2
9
5
45
20
22
30
25
13
13
6
9
2
27
6
8
26
14
1
21
6
16
7
11
9
13
25
8
17
9
2
12
9
12
22
10
18
17
47
0
18
23
33
15
14
8
32
14
43
1
2
4
40
9
18
39
7
5
29
4
20
14
16
19
4
30
2
8
2
2
9
6
1
26
32
6
15
7
5
49
14
7
4
26
14
14
3
18
2
8
14
22
30
0
6
15
8
6
10
14
16
36
10
4
12
16
0
6
7
14
9
8
3
17
6
5
25
3
24
12
18
43
4
5
26
2
15
3
24
9
15
6
2
12
1
0
1
20
11
1
28
29
1
3
12
21
2
11
5
13
11
9
17
5
7
0
1
3
7
0
11
13
4
9
23
19
19
19
7
9
21
7
1
9
45
2
15
12
1
9
27
14
31
7
1
5
30
13
10
26
20
1
4
1
3
7
4
16
1
5
15
27
9
8
9
4
5
11
2
4
5
1
4
10
12
9
0
1
13
12
0
27
12
1
4
20
20
0
4
9
11
10
15
2
11
6
6
7
2
12
1
15
3
6
1
1
32
14
11
2
10
7
7
28
1
2
10
7
5
5
0
4
12
13
2
22
2
0
7
16
18
9
9
12
3
20
4
5
20
9
11
2
1
2
6
8
13
9
0
13
2
0
19
7
0
2
7
8
14
13
2
8
2
7
3
1
3
11
5
3
4
3
1
2
11
10
2
0
2
0
4
14
0
2
10
2
3
3
2
10
3
5
1
5
1
0
6
9
0
2
8
1
2
1
3
3
1
4
1
0
2
4
2
3
1
1
5
