37
35
3
54
1
10
7
141
10
3
128
6
11
37
4
83
73
62
10
41
51
1
13
29
17
34
64
107
21
3
16
2
24
9
31
10
12
46
19
36
7
25
49
2
23
10
45
8
57
9
116
85
33
23
50
38
6
9
65
13
9
89
51
102
172
46
34
45
20
75
9
2
34
34
7
21
38
72
52
67
1
29
39
42
38
2
12
5
61
33
29
81
61
99
17
52
3
97
82
19
6
25
2
25
35
4
7
25
0
50
18
150
110
73
8
15
74
23
56
99
36
53
33
89
37
81
25
2
65
6
77
21
8
56
27
20
19
42
91
85
88
32
61
92
11
44
24
21
51
33
86
81
27
25
8
34
13
29
53
139
23
16
20
18
26
95
69
65
27
70
67
74
11
6
33
16
37
40
64
47
20
4
15
57
70
98
55
6
31
34
104
52
4
2
55
29
69
0
38
26
110
33
10
50
28
67
95
101
58
11
60
17
28
170
19
79
2
99
61
32
45
20
80
89
81
126
116
174
83
18
0
56
52
77
25
9
42
25
62
68
36
35
34
6
4
40
45
127
16
9
117
66
12
32
2
6
58
47
58
95
38
128
5
32
18
2
38
47
137
123
2
120
43
33
78
21
113
131
3
50
3
69
44
9
27
44
9
49
111
62
41
18
21
54
25
69
100
35
43
81
79
13
34
101
24
30
55
17
25
21
156
2
10
14
25
99
51
12
22
62
162
35
66
6
2
25
73
168
36
93
40
13
36
27
9
15
66
21
14
16
36
34
31
134
10
12
13
18
7
46
3
114
7
68
11
31
37
33
20
3
12
9
136
14
65
19
3
46
49
15
71
3
38
66
124
19
7
28
91
53
16
52
30
112
108
170
69
31
25
22
16
12
58
32
115
143
77
15
63
5
63
14
100
157
97
9
98
20
13
19
117
95
89
38
56
19
98
7
41
34
40
42
52
30
21
119
19
45
89
45
5
23
93
17
41
11
70
109
11
8
43
49
2
146
14
51
9
49
46
81
60
36
9
73
43
15
8
139
60
59
41
8
114
21
43
38
46
0
48
7
30
52
4
47
55
13
43
41
107
59
47
104
4
6
36
43
81
74
34
16
33
20
9
84
72
29
16
119
75
55
40
43
6
62
66
30
102
17
94
50
48
64
33
132
5
4
55
73
63
37
43
7
69
63
5
76
50
37
69
7
26
14
83
6
41
37
13
60
53
18
116
28
50
37
6
39
26
0
147
78
7
20
17
23
70
59
25
132
72
68
8
20
20
48
31
68
67
115
79
76
8
18
7
45
34
27
3
78
40
19
34
6
17
28
103
61
34
36
72
4
42
17
34
137
20
26
67
9
13
20
12
42
13
3
1
71
22
51
76
17
52
54
87
51
28
33
79
40
68
4
10
62
66
10
88
67
5
39
2
19
60
58
79
81
64
32
2
8
39
79
25
18
33
58
10
28
36
2
43
24
19
13
45
18
191
52
38
79
38
80
25
87
46
15
67
41
32
65
18
98
14
32
33
90
39
105
64
24
15
30
46
6
78
67
40
42
43
36
31
49
18
42
97
71
134
28
76
32
81
17
24
26
3
62
19
3
4
108
34
9
13
32
133
6
34
16
122
47
48
2
8
7
69
87
57
38
19
59
67
53
23
7
10
8
64
5
18
53
23
36
101
56
43
36
40
35
40
52
24
35
6
14
46
6
24
22
120
48
37
60
11
9
125
105
12
9
94
25
63
88
47
16
51
45
10
34
19
35
61
127
81
70
22
17
17
8
22
16
25
116
55
81
58
42
18
27
54
50
69
94
48
40
24
118
31
47
108
13
44
95
1
16
43
70
1
15
9
45
45
103
78
104
62
116
67
47
38
38
41
59
7
39
95
31
23
51
51
21
15
93
37
27
48
99
21
125
155
45
52
39
96
19
3
80
91
19
45
51
110
34
98
19
23
104
108
106
1
11
3
86
4
67
83
28
28
42
4
76
6
38
21
43
38
63
11
56
17
52
123
47
41
57
14
39
39
71
52
11
40
59
16
50
26
35
31
65
58
77
18
1
9
49
12
19
13
118
50
86
36
30
94
24
39
37
55
111
15
35
9
15
53
13
94
37
39
79
23
57
63
96
47
28
120
122
12
70
10
0
25
74
16
93
63
1
23
63
75
16
38
20
51
31
19
30
52
2
93
25
2
30
18
48
23
8
24
68
37
1
63
100
6
3
23
64
1
91
67
61
38
29
20
81
112
9
65
95
8
95
100
23
3
102
59
8
89
93
35
38
17
19
24
5
8
9
14
58
40
14
60
9
1
66
10
2
66
36
11
82
52
89
3
136
71
5
37
14
44
3
3
64
23
56
62
4
85
10
64
106
48
89
42
40
5
29
57
29
29
11
17
75
1
22
27
11
10
50
74
15
42
0
10
37
63
32
27
56
10
68
34
12
15
72
52
76
5
12
57
23
92
1
42
25
54
28
12
23
60
51
30
57
57
18
2
39
53
73
107
80
57
51
16
49
5
39
27
11
82
3
4
52
46
98
41
10
68
12
50
24
3
16
63
52
29
112
71
71
9
45
9
3
40
36
39
57
21
16
84
1
51
84
8
85
77
39
47
1
54
47
60
108
0
6
45
31
33
6
13
4
18
13
21
5
42
12
24
125
27
9
11
17
103
33
28
48
22
35
16
47
73
20
31
44
48
123
29
2
42
98
31
35
22
59
31
88
56
81
12
32
36
97
5
60
13
29
30
61
34
7
27
80
39
26
20
40
22
10
89
53
55
86
22
96
11
47
25
21
44
17
29
28
29
77
57
54
17
3
41
47
29
19
8
53
12
4
36
20
30
35
105
25
52
42
23
22
32
1
74
6
10
66
40
54
47
48
38
32
44
19
28
7
77
44
17
28
10
78
98
50
23
23
60
84
22
75
78
48
8
93
108
7
29
73
21
5
14
19
27
12
55
20
56
11
0
46
115
58
31
79
46
14
12
39
94
47
73
54
90
58
49
29
30
7
120
14
31
6
22
21
14
7
57
92
41
60
16
35
4
14
104
49
38
20
1
30
107
23
59
37
14
33
5
34
31
31
23
74
32
40
99
40
22
43
16
64
76
26
59
34
92
41
50
12
63
30
70
83
22
4
75
87
69
27
27
43
22
9
6
49
53
26
11
12
140
41
8
57
20
27
47
116
56
52
2
77
66
39
35
4
115
47
19
16
10
26
6
19
75
43
13
35
93
65
46
15
52
65
9
6
30
84
2
41
23
50
9
26
15
72
75
14
117
52
28
114
54
4
41
22
16
5
53
3
34
70
97
25
16
30
1
10
79
36
90
8
3
58
16
12
94
67
40
4
109
87
8
59
36
81
37
9
41
18
40
12
7
72
9
19
41
19
50
49
34
61
82
20
12
46
111
21
8
89
28
2
11
20
44
37
18
5
37
17
34
57
68
3
84
3
53
58
3
7
81
25
33
1
13
25
4
4
29
69
21
2
22
14
19
26
73
25
13
46
30
1
8
34
12
74
70
124
18
68
87
52
75
85
81
127
90
59
7
124
30
68
83
91
41
56
31
18
81
38
47
57
75
74
80
68
2
27
9
74
63
49
31
35
79
2
107
59
122
46
27
17
74
6
55
31
37
50
12
5
34
31
11
19
12
53
30
57
14
54
71
39
16
46
79
15
90
119
37
27
102
21
93
16
65
58
122
34
86
34
19
14
20
19
98
88
169
35
110
63
113
19
26
77
26
5
21
48
42
51
23
37
64
4
28
82
37
1
77
28
25
67
0
40
93
25
18
78
48
8
60
22
8
15
30
47
4
103
17
99
24
6
6
58
30
30
71
18
5
35
61
17
49
103
8
86
65
57
74
48
12
60
89
19
5
28
5
99
71
62
107
28
9
48
87
90
2
76
77
2
14
43
23
30
91
12
49
10
29
60
41
13
15
47
40
41
6
1
54
95
33
43
23
27
8
37
1
53
17
58
35
59
23
171
72
70
4
36
60
69
17
2
45
15
68
3
31
63
42
37
55
15
32
46
8
11
1
31
53
78
57
27
38
0
22
21
43
38
109
24
17
3
25
2
46
37
34
42
32
36
39
32
105
64
23
55
19
26
32
55
14
69
51
11
38
46
42
13
46
5
53
2
10
148
18
25
10
37
2
43
66
28
74
44
12
35
45
16
56
45
37
13
1
61
46
44
37
44
12
11
28
67
1
2
34
37
1
17
39
50
27
13
21
53
0
27
82
33
41
7
26
31
41
5
11
30
41
66
68
43
56
22
76
70
7
86
27
12
19
40
55
8
8
44
68
17
35
40
33
69
45
15
13
37
31
7
50
1
37
30
3
6
2
26
32
11
57
24
88
69
55
58
25
57
6
3
1
18
36
60
97
84
11
53
15
31
89
47
62
26
82
17
30
11
4
7
12
31
37
5
84
9
25
6
31
60
53
20
52
36
11
2
8
4
23
9
56
12
67
27
37
49
17
17
53
17
71
81
4
12
27
3
158
45
31
51
4
13
28
8
6
59
9
8
34
108
34
36
41
19
69
10
8
47
36
22
2
16
4
87
60
44
10
33
40
46
18
22
25
32
27
2
34
51
9
12
12
1
42
32
36
13
112
1
28
32
24
40
62
35
98
55
21
38
22
94
33
10
1
27
26
16
3
0
55
77
34
31
53
86
62
32
19
32
21
6
49
49
79
2
36
12
81
2
6
24
2
14
37
5
47
10
44
27
22
13
26
92
19
44
9
14
31
28
8
70
70
68
1
22
2
37
85
28
0
57
5
15
3
67
10
5
15
19
19
26
32
114
25
51
1
23
20
23
13
73
69
59
49
43
114
42
6
25
49
27
6
52
89
82
11
52
28
54
34
28
7
11
32
74
63
16
39
3
4
40
29
1
17
11
36
66
28
54
25
47
84
1
34
7
45
69
17
26
24
46
27
27
69
23
2
63
23
13
54
20
51
62
130
28
45
28
18
31
28
8
42
45
39
28
89
9
129
46
60
18
20
42
11
81
13
3
66
37
1
31
28
8
18
84
11
8
31
5
75
29
31
6
16
28
53
22
39
61
7
42
19
30
78
22
1
31
0
13
26
36
40
53
34
75
2
8
8
10
20
86
42
18
42
52
6
30
17
16
53
13
85
18
47
1
56
25
21
15
31
21
3
54
0
25
60
15
26
52
52
16
56
14
124
31
10
25
74
12
29
2
3
83
81
50
72
12
8
17
74
15
44
40
3
14
29
18
12
6
19
55
135
45
44
2
28
1
12
39
17
5
2
40
1
25
45
25
4
8
14
84
1
20
52
63
34
105
22
31
21
12
22
16
46
42
39
61
33
40
40
43
33
61
49
36
14
23
21
43
11
87
32
91
46
77
17
92
31
35
75
57
33
17
39
1
33
49
21
61
18
24
84
42
30
30
9
22
9
22
49
55
51
20
25
47
0
16
75
6
16
49
1
21
30
13
18
27
39
9
25
23
49
13
16
3
38
42
3
14
65
8
30
35
29
61
20
76
20
72
6
85
28
22
14
31
44
25
16
10
27
35
13
16
27
2
74
107
90
81
13
35
21
67
37
51
49
72
41
34
15
5
27
63
24
15
10
35
45
105
17
6
20
32
5
32
46
5
21
76
15
43
73
51
18
92
22
16
27
40
86
40
15
9
8
25
18
12
6
27
8
50
11
59
41
19
16
40
32
4
10
28
25
2
29
68
19
22
20
5
5
17
49
42
28
57
39
40
34
3
9
15
18
19
34
7
64
56
28
66
2
47
21
5
25
9
14
73
31
31
37
40
1
5
3
20
6
39
17
19
9
19
40
29
34
86
79
1
27
104
11
44
17
29
41
38
30
23
5
37
6
9
35
38
26
34
17
28
18
43
30
30
36
3
82
38
11
37
4
13
93
37
14
78
3
9
9
3
0
64
61
67
27
12
58
7
34
31
6
10
21
15
16
2
31
27
47
43
15
48
16
18
28
15
8
53
25
33
87
10
27
54
0
11
46
1
30
7
1
126
27
15
30
15
2
80
18
20
7
6
58
8
5
24
23
34
34
17
38
24
42
7
32
67
41
25
7
42
52
2
50
40
19
3
9
58
22
28
25
18
59
1
23
42
43
36
36
51
6
2
14
40
18
25
1
20
32
7
11
47
65
12
73
55
3
17
37
28
9
22
11
9
27
19
66
15
19
77
7
35
35
12
41
24
35
13
27
4
18
37
10
45
65
70
8
29
6
24
13
32
32
2
5
26
8
29
27
88
34
15
20
1
6
24
39
1
26
5
48
66
6
18
54
1
10
34
18
29
3
9
68
36
48
24
18
18
57
52
6
11
36
17
30
41
50
40
14
28
65
4
17
50
36
11
8
32
15
9
28
50
24
42
24
70
52
14
6
59
17
20
38
1
51
24
30
18
33
23
28
24
26
10
17
7
15
59
39
53
41
62
53
48
22
56
5
34
4
11
5
3
26
19
34
36
23
41
16
45
3
13
21
10
2
43
38
8
4
40
7
41
29
34
49
45
6
43
38
21
30
12
8
16
27
52
10
0
95
57
8
58
1
45
15
63
59
49
8
26
5
15
24
46
26
23
26
19
37
54
54
2
12
65
30
13
81
50
34
47
22
0
6
6
33
36
29
42
16
14
12
8
17
37
70
59
53
20
67
59
46
28
39
67
11
10
15
8
26
4
52
31
4
12
34
65
6
23
51
45
29
25
17
4
9
11
7
1
70
27
47
28
24
38
25
50
27
58
51
25
4
19
31
43
1
24
15
40
17
37
1
27
18
19
43
33
3
11
18
32
18
29
10
3
12
2
16
24
43
12
11
24
14
36
13
34
43
40
43
6
10
22
7
37
9
50
17
58
1
5
21
71
32
51
39
9
13
36
8
2
28
9
10
18
30
14
11
8
58
42
16
1
22
33
21
47
37
49
1
3
9
21
1
21
25
25
30
19
10
2
7
9
15
27
9
50
5
21
29
25
38
29
48
8
20
47
9
10
12
67
12
38
47
12
6
20
72
55
51
20
8
46
9
30
5
43
22
37
5
1
2
15
11
0
17
58
8
24
17
57
1
23
23
28
34
30
30
27
47
20
9
59
4
11
36
1
20
34
18
7
65
51
2
44
55
28
63
53
6
12
46
13
13
4
4
33
8
1
25
50
14
50
19
16
37
6
6
38
0
11
42
18
33
27
24
16
18
31
11
42
66
58
15
67
25
22
45
48
38
6
37
9
7
24
34
18
27
31
96
14
6
5
27
25
23
2
10
9
22
16
10
21
36
91
13
14
1
27
20
80
8
7
12
12
25
12
42
14
26
67
23
1
25
3
30
3
4
5
8
25
16
18
28
31
10
2
13
1
23
2
51
32
35
14
36
64
11
36
10
2
21
1
7
1
58
68
56
15
9
47
18
4
9
14
23
32
10
26
7
30
2
3
39
30
28
7
31
18
21
2
6
9
16
21
24
9
4
34
8
34
2
8
31
23
27
44
48
28
18
4
20
16
34
20
53
23
20
30
7
21
7
36
49
13
36
19
35
15
45
40
16
28
2
10
59
19
12
12
2
2
15
26
7
9
1
3
1
7
0
30
21
35
26
45
17
35
20
17
21
28
7
54
12
66
1
4
24
14
31
37
8
20
8
15
23
47
3
7
13
13
21
21
6
49
22
4
18
48
10
14
37
13
3
18
38
28
22
15
14
12
17
32
20
4
40
28
14
42
6
16
2
6
12
19
26
12
16
45
14
58
11
7
27
30
23
6
41
16
14
16
0
6
22
5
18
26
0
27
46
15
7
18
46
22
39
56
0
18
4
3
5
40
3
12
6
21
6
22
50
3
39
2
4
6
15
14
0
7
0
23
44
3
12
17
8
36
9
1
3
10
9
7
26
25
22
5
0
31
1
28
17
44
6
18
11
24
3
6
20
27
41
8
17
22
95
15
12
18
4
13
40
21
7
11
18
20
14
4
29
26
18
11
25
17
10
21
24
6
13
4
14
0
2
15
34
28
10
25
4
24
15
15
15
14
16
15
30
24
16
8
63
1
15
2
11
6
14
16
16
3
7
3
23
13
4
14
16
16
22
10
68
6
19
1
5
37
15
25
16
31
38
6
15
6
6
18
32
16
11
14
25
4
13
3
10
59
37
22
5
7
23
0
39
15
38
3
25
9
2
15
24
20
4
9
28
8
2
3
14
38
23
21
42
12
7
14
4
2
26
5
3
16
3
5
8
14
15
1
22
7
55
4
26
11
19
27
13
29
8
2
5
42
14
30
9
10
3
12
1
11
19
12
3
19
3
17
14
4
12
19
5
21
2
12
12
9
17
1
2
1
11
21
34
19
3
38
19
25
7
14
17
3
27
24
6
29
38
0
2
10
23
6
6
18
6
15
7
3
24
10
7
10
1
7
12
8
11
3
3
21
5
21
16
7
26
5
1
2
7
20
27
14
20
6
6
27
11
35
58
32
8
10
4
29
1
7
7
29
4
10
16
18
21
5
18
13
2
7
2
18
6
8
11
4
13
10
44
18
18
32
5
14
15
17
7
0
15
15
4
1
8
37
4
20
14
22
21
1
1
6
41
17
24
22
11
39
21
1
11
39
6
10
2
11
25
29
14
16
24
8
17
12
25
1
17
9
11
18
16
19
10
39
16
26
13
15
16
5
7
10
3
5
19
4
21
7
24
2
11
7
6
22
15
10
15
4
2
4
8
9
16
15
20
3
23
5
14
7
15
1
14
4
8
4
21
36
0
15
3
13
6
46
24
19
29
28
14
1
10
17
4
1
16
10
5
24
0
8
7
1
4
2
23
7
9
10
13
22
2
10
2
6
17
3
18
14
11
3
3
11
11
1
25
5
6
4
8
10
12
4
23
6
18
10
14
7
10
28
0
25
17
13
2
19
7
10
10
0
18
18
13
20
7
12
6
2
11
7
19
3
5
0
23
4
11
19
17
5
16
4
12
11
3
5
4
3
1
8
5
9
9
3
11
2
15
5
12
8
12
21
3
7
6
4
0
5
1
6
8
5
9
5
1
12
8
2
4
2
16
3
7
6
4
9
2
4
19
6
5
9
9
7
2
5
6
0
2
6
3
5
4
2
2
7
2
3
9
8
2
8
3
5
9
1
4
3
7
6
5
0
2
2
7
8
0
4
4
2
8
3
2
4
1
3
0
3
1
1
1
2
0
0
1
1
1
1
