26
1
8
32
23
44
30
1
8
19
9
13
29
52
15
16
14
31
1
15
13
17
5
16
65
18
21
24
16
116
19
16
17
17
91
75
15
47
61
16
24
33
124
19
29
31
15
34
30
26
22
75
57
32
2
40
49
26
34
21
3
10
6
48
70
56
84
58
101
12
11
3
39
33
54
62
44
58
1
23
55
25
15
14
72
3
54
41
70
44
24
32
14
35
48
3
53
22
76
16
98
12
36
49
11
35
24
10
59
33
16
63
21
34
27
12
46
35
39
82
56
6
17
70
27
47
84
3
54
61
23
13
51
86
103
38
20
119
6
35
43
50
20
3
10
20
85
71
60
62
19
52
115
40
74
77
68
24
22
90
46
1
54
27
24
49
4
128
16
48
116
63
20
28
45
94
65
20
46
89
25
121
82
97
64
106
126
34
33
93
12
72
97
81
31
95
8
53
28
155
140
20
92
42
3
30
155
48
32
31
68
73
17
21
66
79
63
9
8
25
80
57
113
0
93
74
92
86
71
103
43
18
1
132
91
79
57
166
69
17
40
6
74
44
4
53
42
57
62
52
23
55
24
21
16
40
3
6
10
96
11
9
35
54
51
35
34
90
52
27
58
10
26
121
89
17
152
88
107
35
35
60
24
47
38
65
43
39
37
2
33
80
97
59
54
8
143
31
64
39
33
38
3
56
14
42
96
24
53
91
37
15
12
25
118
43
54
63
16
34
81
69
83
50
20
25
83
70
44
53
22
94
26
12
57
54
7
0
22
20
12
59
13
27
68
52
104
37
119
4
75
86
32
94
5
101
47
17
63
21
29
49
26
50
73
11
26
92
15
67
57
55
61
31
44
24
19
18
13
66
22
48
26
29
23
37
41
48
3
26
91
45
28
66
15
29
66
38
22
21
33
20
105
122
119
39
68
40
1
45
33
65
6
1
5
33
30
16
7
139
3
5
96
79
29
95
22
31
31
12
20
5
57
53
51
71
29
49
96
40
43
7
27
13
79
84
25
46
24
56
3
51
37
15
54
103
4
70
4
87
87
4
26
3
75
57
24
117
56
25
25
90
50
28
36
15
14
118
36
111
65
48
16
1
5
17
91
76
33
6
3
12
123
16
31
37
39
46
48
24
20
70
104
82
114
23
35
68
59
12
38
91
42
13
74
98
11
56
34
41
85
68
11
21
32
88
66
28
32
33
101
8
41
24
42
23
72
93
47
12
97
165
43
16
28
26
53
93
31
44
47
32
21
107
59
32
22
44
75
32
117
15
5
75
5
80
61
63
27
29
9
113
131
111
10
60
5
83
57
50
23
167
52
117
51
54
17
51
79
96
8
16
39
90
121
3
18
7
84
23
74
64
16
38
78
22
12
64
16
3
68
44
130
3
81
45
37
15
65
47
117
25
22
16
62
87
61
77
20
32
64
16
12
15
41
61
68
9
3
23
36
61
1
55
107
24
29
29
18
80
13
102
37
82
79
16
45
16
39
28
31
9
106
109
38
40
24
73
105
87
14
60
90
49
27
9
27
71
20
45
57
24
10
11
40
8
0
27
114
20
56
34
65
31
19
71
137
79
38
45
36
86
24
1
54
15
86
98
13
12
2
43
66
32
1
67
30
57
47
7
57
73
42
75
26
42
75
43
28
35
18
83
9
69
0
99
4
20
40
87
81
28
1
18
96
68
3
19
32
70
149
40
27
38
94
63
16
32
22
78
3
20
63
12
13
55
78
117
15
14
94
112
30
29
52
36
69
6
48
48
3
42
104
59
31
7
9
6
48
8
81
76
114
26
153
94
51
44
78
75
32
113
14
85
40
0
116
23
14
49
11
17
44
11
11
77
37
17
22
59
56
12
32
50
29
98
14
115
10
40
20
124
102
22
5
40
53
47
91
94
56
82
5
22
71
37
92
122
131
103
100
53
133
87
12
40
55
5
69
25
75
18
46
161
15
51
63
115
51
23
5
42
72
14
11
16
70
21
21
28
30
29
8
47
80
51
100
15
61
54
70
14
32
62
149
102
30
4
1
28
53
40
8
78
61
7
55
5
74
65
27
35
78
31
10
58
50
36
41
40
111
3
87
15
30
45
15
14
63
0
123
44
32
55
28
18
60
58
7
51
4
32
6
52
20
33
51
36
10
21
54
75
49
69
17
100
24
11
31
59
10
22
14
4
122
9
110
74
61
31
19
63
41
105
40
52
66
94
109
54
95
111
4
64
8
8
38
129
118
59
94
78
36
50
79
55
23
32
78
16
79
59
110
31
48
32
3
13
5
11
91
12
35
44
34
49
30
9
12
62
29
79
76
24
26
128
47
5
11
36
6
71
12
23
50
50
131
10
7
2
19
54
2
84
28
67
7
112
14
54
9
28
30
47
20
75
40
56
77
47
103
17
73
7
87
7
38
32
174
60
66
69
67
18
91
113
7
3
65
73
38
18
36
12
12
122
8
62
29
82
12
81
81
138
59
20
11
86
60
113
132
5
34
70
6
3
3
74
3
21
56
36
102
52
16
50
42
26
62
26
4
82
2
5
72
123
22
26
31
78
130
5
42
44
80
58
46
18
57
16
89
0
64
101
26
6
14
68
19
64
14
46
29
6
59
19
19
60
39
80
109
40
0
70
97
21
3
24
30
80
5
29
6
27
121
2
67
17
44
26
64
19
49
7
13
119
35
2
59
64
77
77
61
32
16
6
47
70
30
5
31
8
68
50
48
18
116
19
61
64
56
89
20
34
72
39
66
125
20
17
4
35
5
33
9
33
28
18
5
71
46
50
9
2
6
31
25
11
81
95
49
10
32
37
80
37
71
15
70
24
65
20
71
59
2
41
7
27
48
19
38
16
30
9
82
49
18
49
95
109
7
3
71
36
39
59
29
58
13
33
15
18
22
74
48
30
36
17
54
23
52
77
28
39
83
108
23
11
76
2
25
89
9
32
35
61
37
0
14
1
16
23
49
8
29
32
21
38
21
60
121
30
26
3
64
6
14
35
108
51
88
38
12
50
31
14
46
4
83
37
58
54
17
86
16
94
17
20
18
74
74
35
2
46
78
19
37
5
56
50
31
77
4
8
63
103
50
28
54
11
12
4
26
140
73
69
70
22
74
10
5
122
18
57
34
20
88
24
74
111
42
31
28
2
15
56
26
4
14
66
47
32
54
31
10
84
61
59
90
28
7
25
74
29
14
19
12
59
18
82
5
38
21
16
25
5
55
52
36
4
29
52
76
68
10
10
5
64
132
24
42
39
42
35
83
9
33
21
71
43
54
6
12
26
52
3
97
10
18
18
63
9
31
20
71
9
16
32
40
21
60
52
94
86
53
98
29
29
10
7
8
27
22
76
41
10
16
58
80
55
53
20
5
81
73
32
72
25
33
8
52
10
6
51
14
20
15
5
11
17
35
16
39
68
13
22
43
67
58
34
74
3
27
12
59
26
112
65
51
36
9
22
27
0
79
17
50
49
25
29
6
9
1
88
75
84
30
11
8
74
6
145
49
30
6
38
31
61
32
29
107
36
88
35
48
18
40
38
21
6
76
9
105
4
32
39
42
16
66
89
62
61
20
3
34
30
42
21
3
51
42
72
43
3
25
16
18
40
26
28
14
14
2
36
61
91
27
24
34
61
11
43
18
6
13
36
52
39
7
28
11
20
29
51
42
33
118
102
30
9
18
15
21
12
22
14
7
32
49
2
4
6
10
33
23
58
116
22
28
33
112
108
57
27
131
34
1
43
143
16
1
28
59
41
47
61
0
38
42
47
49
39
53
10
14
60
29
22
39
59
26
47
3
134
11
24
24
52
34
8
69
16
96
22
77
88
25
0
0
10
36
23
19
23
19
48
72
14
22
67
91
12
9
37
24
37
2
6
70
73
52
45
30
56
87
56
35
43
24
2
86
0
70
85
76
47
5
8
46
37
6
7
5
25
53
69
17
27
19
12
55
73
39
5
0
13
64
63
7
75
59
41
31
8
32
174
36
3
77
4
61
75
59
11
58
32
40
98
20
39
69
112
7
23
20
36
33
115
42
47
41
13
63
24
34
8
12
12
90
13
29
24
33
23
35
11
61
77
49
27
35
19
2
1
23
103
45
4
34
33
87
197
22
31
47
13
91
97
72
79
7
16
6
38
1
5
11
1
13
63
87
33
19
25
54
49
26
29
75
38
8
8
47
58
25
64
10
2
17
14
39
67
75
64
14
38
3
82
24
46
64
47
42
23
23
70
69
18
23
26
14
80
40
126
62
20
42
23
2
69
53
15
10
8
17
64
36
49
14
11
20
61
37
66
8
43
58
31
5
53
26
68
33
8
33
7
72
28
27
48
17
37
58
27
24
42
10
47
55
115
67
3
0
35
51
81
24
33
48
18
44
15
55
10
3
75
46
7
24
16
97
12
118
23
39
90
38
38
6
28
51
21
21
3
69
16
43
75
24
50
32
18
11
44
27
38
23
47
48
2
40
30
31
34
108
31
76
31
11
76
41
94
28
3
14
53
7
24
2
23
32
76
11
95
49
9
8
33
33
41
1
43
40
23
13
43
10
42
47
33
8
43
39
25
117
55
52
20
53
24
95
38
9
8
3
25
68
1
19
38
86
26
19
93
39
15
105
27
18
6
34
40
79
23
69
35
17
8
48
12
35
11
70
40
77
32
2
11
54
36
41
44
24
67
5
29
14
10
44
34
43
11
36
79
59
8
35
32
24
72
51
51
14
69
59
14
68
62
4
17
60
26
84
13
3
25
61
4
21
15
18
6
26
55
0
18
21
49
19
44
10
60
14
17
41
17
61
17
56
0
109
8
60
54
21
35
11
47
68
37
7
86
6
1
6
2
25
13
25
15
11
43
83
0
65
5
93
45
26
74
11
34
3
22
43
89
4
37
36
8
37
26
26
53
4
25
12
76
109
4
64
84
3
14
27
13
35
31
9
54
9
52
38
5
18
5
44
21
23
69
31
4
16
19
13
25
10
42
19
37
21
84
90
29
126
8
2
19
10
75
43
10
40
11
16
27
23
2
70
12
15
58
67
25
23
51
35
20
25
9
131
9
49
16
64
26
9
56
1
4
16
18
23
51
37
30
36
25
48
19
31
87
14
61
40
5
29
51
33
40
3
7
84
25
39
36
21
40
18
59
39
20
66
6
32
47
6
21
56
61
28
128
83
67
43
50
94
23
26
44
29
39
28
20
20
30
1
5
19
5
23
0
13
26
14
48
26
31
12
28
39
33
66
53
5
64
16
64
21
64
7
10
1
20
35
24
7
16
55
19
58
74
89
28
22
38
67
55
48
16
57
19
16
69
44
3
15
0
9
51
58
16
44
14
30
43
75
36
9
43
19
3
66
13
70
5
28
35
104
39
60
35
28
45
20
3
24
37
56
84
4
42
45
14
50
35
9
13
10
21
8
33
21
11
50
20
51
8
7
30
17
12
9
13
20
29
12
18
23
60
9
24
13
7
63
45
17
23
56
53
34
31
59
20
31
23
47
26
48
52
32
16
78
60
10
3
49
65
74
8
2
50
77
2
22
14
11
51
11
16
36
10
59
4
68
1
20
35
124
52
18
6
58
12
38
14
7
4
74
31
4
15
29
57
28
14
81
130
49
19
24
32
24
44
74
15
8
1
20
19
10
10
3
40
10
53
19
47
15
17
7
13
16
0
25
1
11
12
1
81
43
58
9
15
43
11
13
35
32
23
28
16
7
24
70
28
76
27
7
42
14
3
6
26
61
20
51
21
2
8
50
18
12
18
24
28
37
67
8
52
27
87
61
32
6
22
18
8
51
63
30
18
54
39
14
47
27
29
23
5
26
13
1
27
26
13
0
50
27
79
55
8
33
41
9
6
18
33
25
34
20
50
87
37
4
64
45
30
36
34
52
95
41
40
32
34
36
27
60
34
19
46
80
45
13
17
38
12
0
20
17
58
25
15
13
20
84
3
47
63
53
5
4
13
47
43
1
27
24
20
14
43
25
31
25
59
36
14
1
28
16
19
15
4
9
23
5
32
19
46
6
21
26
19
61
4
93
56
35
28
55
5
0
22
26
73
3
27
22
40
74
20
4
52
31
25
12
32
4
4
52
16
12
28
46
21
15
36
22
24
14
20
0
9
33
13
2
6
1
31
32
21
45
8
8
17
82
32
21
68
80
34
31
24
57
58
33
4
4
41
6
17
13
38
4
15
8
32
113
64
21
54
35
6
64
62
29
32
22
15
13
17
41
31
6
3
11
19
16
9
28
44
0
15
52
18
23
75
71
28
84
15
37
58
35
60
59
21
4
54
7
22
9
31
0
58
28
36
38
14
10
45
48
56
81
6
61
18
57
33
24
36
6
49
32
10
6
46
2
50
6
26
59
9
85
6
28
28
5
37
23
22
68
46
22
17
4
92
17
17
22
7
1
50
6
43
12
27
89
8
55
23
30
22
8
20
14
64
19
12
31
22
25
38
41
5
24
9
64
2
43
45
80
9
13
75
14
56
20
13
34
18
52
18
16
11
13
43
13
8
8
40
4
56
18
44
55
50
8
43
2
21
11
8
69
19
27
16
28
32
39
4
22
6
10
1
27
10
11
7
48
47
72
32
30
7
23
49
10
35
22
34
33
17
14
44
28
20
7
28
16
3
17
48
18
7
53
2
6
65
8
11
8
18
40
46
24
4
48
2
32
66
31
74
52
1
47
37
5
40
27
41
7
14
18
10
30
7
3
62
24
2
41
94
33
44
29
11
0
11
42
14
26
21
20
60
10
21
28
21
11
20
34
13
12
3
0
67
72
12
10
10
5
36
21
23
64
12
1
6
63
25
26
11
7
1
57
27
22
19
41
45
29
31
8
12
4
7
9
15
1
30
15
34
1
58
59
52
8
17
1
34
0
25
14
29
37
83
4
48
1
79
18
83
5
29
72
2
46
1
27
8
36
40
37
16
74
17
17
22
16
33
15
58
45
32
3
0
0
13
54
35
1
5
105
4
29
46
8
13
9
36
10
36
41
87
14
49
20
26
24
8
18
40
39
9
61
41
8
14
14
5
41
48
18
6
54
42
11
57
50
5
15
15
22
20
18
3
16
50
19
59
3
28
8
28
5
8
22
7
72
28
1
53
41
28
42
38
7
55
59
15
16
15
10
56
2
26
0
35
26
89
40
9
48
6
19
16
29
27
21
18
20
11
13
41
25
4
21
10
22
41
15
21
34
13
20
12
20
44
14
13
29
28
71
15
8
12
48
22
51
8
46
30
24
31
9
28
74
45
14
12
16
21
7
0
11
17
15
3
15
3
3
3
26
7
79
36
15
13
19
45
33
39
9
7
1
21
38
1
20
46
13
5
30
35
5
17
22
47
52
8
14
30
41
16
19
21
15
6
5
16
7
0
20
1
18
15
11
26
39
35
46
2
17
28
59
21
25
14
24
13
5
17
26
32
63
10
31
52
1
25
15
31
95
16
5
3
52
35
26
45
12
18
16
58
15
24
20
22
49
12
31
27
11
41
22
11
23
33
41
54
0
4
8
17
7
7
19
22
6
8
5
6
28
18
28
0
46
4
59
37
32
28
6
31
17
43
2
37
30
12
28
23
14
14
38
9
11
46
49
41
20
19
19
5
38
4
11
19
25
5
33
8
4
9
9
22
10
21
7
24
27
48
7
11
14
19
12
47
23
6
15
17
1
8
5
1
14
24
37
23
46
44
46
2
20
23
21
27
6
19
8
59
11
50
39
23
16
37
12
59
4
36
19
2
29
14
21
9
16
5
11
5
28
49
25
17
43
31
12
26
9
1
4
26
12
8
1
1
27
4
19
30
37
13
21
3
30
9
7
14
2
41
23
2
17
12
23
7
13
10
42
28
9
8
19
7
6
10
33
7
39
2
26
23
40
17
29
0
22
2
2
1
33
25
13
1
27
17
22
19
29
1
7
14
12
25
22
38
12
4
43
14
20
10
10
13
11
9
24
43
7
4
18
14
42
22
10
28
6
28
29
6
32
69
9
37
5
34
5
41
28
3
35
17
1
14
6
3
27
33
6
7
28
14
25
13
21
7
15
23
43
9
13
6
4
20
8
16
22
35
29
24
31
1
60
37
18
53
15
7
13
3
34
16
16
31
12
8
12
28
7
0
11
4
11
24
7
14
5
38
25
5
26
28
12
2
28
42
2
13
3
24
12
36
5
18
15
0
43
5
32
17
26
41
22
2
33
11
8
15
7
13
8
12
4
27
19
47
13
4
11
26
6
17
5
11
24
16
37
1
18
25
16
1
9
17
25
0
14
1
41
31
2
16
5
13
36
7
16
28
5
19
30
11
39
21
1
20
11
6
0
34
1
4
38
26
20
34
40
1
38
19
1
14
59
29
13
2
23
32
22
19
29
9
17
10
20
11
44
9
14
25
3
22
10
7
19
12
13
17
6
23
5
52
20
4
14
2
10
34
27
14
12
0
13
47
32
21
6
5
10
13
30
20
27
13
5
1
9
1
21
8
3
8
17
13
11
9
18
8
2
8
12
8
4
7
47
20
34
26
28
15
5
16
25
9
10
2
10
15
5
15
12
18
6
7
5
14
16
6
1
22
12
2
3
2
8
3
28
46
40
6
3
13
33
5
5
1
14
6
4
20
1
10
2
10
21
32
6
2
9
47
5
9
6
47
2
18
5
21
18
5
13
14
14
2
6
3
21
4
1
55
10
22
4
2
34
3
22
4
1
10
14
9
2
1
23
13
3
24
18
14
15
24
18
3
2
18
10
10
10
2
27
7
17
20
11
6
4
16
17
5
10
3
17
3
2
4
8
15
5
2
2
5
12
26
19
16
20
4
7
6
18
18
15
7
4
11
1
19
1
5
7
3
0
24
16
9
8
11
13
20
7
1
7
7
14
5
18
1
17
6
19
10
12
21
9
6
2
1
15
3
9
0
15
25
2
16
13
15
9
26
9
4
9
13
4
0
3
7
1
7
9
9
4
12
2
2
10
5
13
21
25
15
12
0
9
2
12
3
22
0
9
6
3
5
5
6
23
9
2
15
2
11
20
13
4
12
3
0
4
17
1
2
6
19
1
1
8
0
3
12
0
6
2
5
2
0
3
0
4
4
11
1
3
11
5
2
2
7
5
9
6
4
2
3
8
3
7
6
1
1
11
2
2
9
2
0
5
1
1
0
1
2
2
4
1
1
6
3
0
13
1
3
3
0
3
3
1
2
2
1
0
0
0
0
0
0
