2
34
1
20
10
1
6
1
5
13
19
5
9
4
31
10
4
10
29
13
12
34
3
13
9
1
4
4
18
19
30
13
12
26
19
2
10
11
11
14
32
30
8
23
23
4
4
9
3
32
12
10
14
57
26
12
15
3
16
6
41
21
13
5
1
32
1
20
4
12
21
5
12
34
5
5
17
25
1
7
13
10
4
16
16
11
2
14
7
15
17
20
15
27
14
11
28
5
15
6
25
7
6
18
36
31
9
25
19
5
1
28
22
15
5
1
13
30
12
3
22
9
15
42
11
9
9
2
26
8
2
5
1
11
7
15
16
19
5
12
7
17
13
2
20
7
14
25
21
10
9
11
15
7
14
19
6
4
7
0
37
5
8
14
16
17
3
50
27
15
7
15
6
12
8
15
14
2
40
13
20
15
3
4
1
21
10
0
18
15
9
32
11
2
8
2
25
3
6
9
43
18
40
2
3
15
26
9
2
1
27
38
3
24
13
27
14
14
4
6
27
12
30
12
5
3
12
9
4
2
14
20
6
10
33
14
8
12
15
23
25
0
8
2
21
15
12
9
17
2
10
39
11
23
8
16
4
7
10
12
14
3
11
18
10
6
5
21
11
20
13
2
5
18
8
3
2
3
8
8
8
8
11
35
14
1
11
5
2
4
7
1
8
15
0
4
13
0
9
3
3
10
0
18
19
1
5
7
8
3
4
15
7
18
9
3
5
22
8
6
7
4
2
8
2
5
3
4
6
12
1
1
4
2
22
7
18
9
6
9
3
12
3
10
6
5
3
5
4
8
9
6
5
2
12
0
8
8
5
3
10
0
2
9
6
10
5
2
4
1
0
6
5
4
2
3
12
5
6
6
1
2
1
9
2
0
6
3
1
0
6
2
0
5
3
2
3
7
4
1
5
6
0
3
1
4
1
3
1
1
