38
44
65
53
27
36
6
71
4
25
5
10
8
4
75
8
56
106
74
25
42
114
55
3
27
25
15
19
26
13
69
17
56
8
34
33
44
48
11
3
8
1
17
40
51
60
50
79
23
20
28
139
24
16
110
42
4
36
39
29
17
25
1
62
58
16
17
75
59
51
12
48
39
10
37
133
10
53
54
70
151
94
71
66
74
70
21
80
33
124
38
43
1
74
52
17
43
50
78
45
22
49
93
20
25
35
40
78
6
88
26
35
11
68
43
0
21
82
72
104
40
4
9
6
8
27
12
24
40
4
81
1
38
14
13
114
35
6
28
39
36
88
5
7
0
61
46
76
109
17
26
35
45
62
2
73
81
43
83
2
19
38
114
99
113
5
40
52
9
24
83
65
14
89
54
49
28
3
38
100
106
44
19
11
19
112
13
79
75
102
25
134
45
115
32
105
16
35
89
48
26
52
14
16
76
31
75
39
97
25
54
57
7
19
0
46
47
69
34
33
38
92
125
35
44
29
70
12
26
47
102
40
30
62
71
18
24
98
19
9
42
58
47
21
49
1
146
108
26
135
50
63
51
4
75
5
34
53
25
60
66
67
85
91
40
30
90
40
61
71
45
61
3
155
2
4
35
22
57
52
54
108
16
38
22
38
37
69
50
41
9
33
36
94
24
36
142
48
60
34
49
58
36
30
59
34
9
43
29
56
117
122
10
23
144
25
14
8
117
16
39
58
40
114
9
118
78
99
86
22
98
30
14
60
91
48
16
70
11
51
128
65
57
8
99
125
71
30
3
60
8
131
60
15
10
72
14
13
64
49
124
80
1
23
31
43
6
127
1
25
2
29
28
25
11
97
64
8
53
74
44
10
15
40
35
9
40
35
97
105
40
12
2
77
57
119
3
39
41
12
39
58
84
30
21
51
81
22
55
68
36
32
137
64
112
46
20
105
69
39
70
40
0
41
30
68
114
51
41
17
65
11
56
22
88
58
70
49
33
43
85
11
26
28
23
18
57
0
33
106
55
38
55
100
84
23
64
45
83
49
3
70
73
11
57
87
64
46
41
133
60
45
51
73
73
9
43
40
83
100
96
8
65
62
19
71
86
81
119
47
42
109
14
75
3
53
134
128
48
3
56
21
3
38
15
162
23
15
93
19
6
43
63
65
14
1
71
25
87
2
51
126
35
61
157
52
24
33
14
32
86
97
94
26
10
14
48
4
66
26
95
63
79
67
45
147
57
53
49
74
42
31
7
14
51
24
58
45
31
23
81
32
8
7
63
84
56
77
16
59
7
2
65
150
48
51
18
40
67
7
58
66
64
62
6
30
57
127
113
30
81
6
67
24
60
14
36
7
59
8
24
74
27
40
84
89
44
27
13
57
8
53
30
79
2
120
20
67
96
71
38
31
18
72
126
26
51
36
117
45
24
87
56
45
134
71
53
6
17
41
18
64
136
69
31
95
11
10
81
83
107
36
13
20
6
14
48
40
53
34
68
7
79
41
8
60
65
86
17
47
24
51
49
13
68
34
60
67
49
59
12
54
3
72
88
13
25
13
19
29
46
27
53
34
24
6
27
64
17
21
17
48
52
40
51
42
100
85
72
38
27
66
3
33
10
40
107
71
89
28
99
9
12
135
43
116
4
7
111
1
52
52
36
35
2
2
56
16
36
49
67
109
11
11
39
51
39
5
15
24
25
117
60
50
40
27
43
58
79
64
2
17
19
18
25
100
55
32
61
36
8
26
90
8
36
5
68
45
18
133
10
55
5
3
118
45
19
68
55
53
6
12
16
65
99
23
49
26
19
30
49
53
0
35
40
10
13
88
84
17
70
3
42
24
48
70
12
48
156
31
4
36
27
75
50
101
67
71
17
88
80
155
14
10
63
34
8
11
37
8
83
11
24
12
114
47
26
44
82
24
33
65
11
26
22
55
4
47
36
39
0
70
39
54
158
21
30
68
79
55
30
58
68
0
31
67
0
10
4
5
16
20
87
30
68
1
83
19
19
8
55
58
79
40
17
19
79
8
81
129
21
22
6
36
47
4
0
11
37
10
88
8
24
54
99
81
16
56
9
30
50
1
1
28
34
50
12
16
128
35
23
6
95
55
78
96
32
22
61
88
2
102
83
23
18
22
36
10
2
34
6
33
2
20
35
21
5
62
139
47
50
24
15
20
42
65
25
23
139
1
30
32
4
30
12
91
15
59
100
76
74
19
51
12
143
13
57
25
26
24
55
4
3
79
64
9
78
32
11
12
40
4
6
51
61
17
118
53
7
64
31
68
20
41
13
59
22
53
44
91
75
43
29
17
50
31
18
12
36
12
50
11
14
36
43
50
35
100
13
4
92
20
41
30
13
25
44
64
63
42
65
12
76
98
20
5
18
41
53
96
26
12
15
67
83
64
13
112
38
43
63
41
13
5
46
52
52
87
69
6
7
111
70
30
76
34
26
52
67
8
61
82
76
165
9
62
29
69
18
6
22
33
21
77
0
30
15
11
99
47
94
18
30
67
66
33
6
46
52
34
83
3
28
105
52
33
25
33
48
47
16
35
38
61
10
46
1
5
31
37
56
16
21
85
10
22
38
51
8
31
24
99
12
54
100
11
65
21
70
68
89
4
70
2
38
95
102
65
23
13
17
100
0
83
9
6
68
38
30
79
42
56
106
18
38
28
77
29
71
7
1
56
15
34
23
10
34
48
72
53
44
8
27
41
68
100
50
3
34
55
99
40
34
3
14
16
41
17
15
47
6
66
33
14
93
63
11
4
55
88
59
7
12
75
59
104
50
37
120
186
39
53
52
69
55
23
82
29
52
84
14
20
4
15
27
12
89
4
58
40
20
115
2
66
2
59
1
53
22
74
25
76
41
28
41
97
49
9
5
136
75
13
47
51
15
46
75
16
48
7
50
79
0
52
3
110
19
13
16
92
50
82
39
48
3
26
8
16
32
40
20
45
37
24
28
56
5
8
14
25
3
96
44
18
18
34
12
42
71
57
41
1
18
80
27
46
14
11
61
4
16
67
26
23
7
78
11
7
16
58
9
19
4
26
70
42
9
39
35
89
31
1
13
76
73
39
35
60
5
49
54
60
30
47
28
9
63
7
17
44
2
62
3
62
122
12
10
4
10
45
52
8
22
13
28
56
115
93
79
30
35
10
26
2
63
73
29
33
18
17
58
109
29
59
120
26
55
2
17
110
38
101
1
88
100
37
22
8
72
20
55
50
57
90
59
14
20
70
28
1
81
92
30
56
15
26
46
91
6
25
17
89
52
68
19
15
38
31
52
95
8
19
49
39
56
3
11
19
50
116
86
6
74
3
8
83
136
97
84
62
5
76
79
26
26
39
30
5
46
28
31
12
44
29
14
24
88
67
45
54
50
51
3
61
134
26
74
44
50
11
5
67
13
57
7
31
19
4
54
18
24
83
19
32
32
8
51
41
15
10
136
40
89
8
39
119
4
10
47
67
121
83
74
14
32
0
110
6
39
16
2
106
38
27
94
72
14
70
28
51
21
111
1
83
38
37
26
71
121
43
36
24
19
38
105
28
26
79
8
29
49
117
40
2
134
90
15
44
39
29
39
52
13
5
75
4
26
21
75
32
37
27
32
25
37
45
17
4
24
16
13
19
4
10
7
6
50
4
49
32
83
106
16
72
6
92
11
56
93
50
48
97
4
47
37
28
39
48
79
24
69
41
23
19
69
6
48
3
43
3
30
47
1
4
61
31
20
33
31
32
0
2
39
26
39
14
72
14
42
3
87
73
76
57
26
30
12
0
14
14
13
34
65
38
20
93
31
23
14
7
9
9
15
19
29
105
34
39
2
24
67
4
23
61
47
59
10
15
40
3
32
17
72
46
135
19
50
6
35
35
106
102
17
41
54
44
23
20
27
25
10
56
45
5
11
11
5
3
32
2
39
9
32
39
109
96
13
5
35
24
31
55
60
24
5
25
13
34
100
34
17
20
62
21
41
4
12
4
54
35
27
60
37
3
2
10
4
55
30
13
72
10
7
23
93
3
11
2
57
22
58
82
96
67
6
20
157
7
11
9
5
39
78
15
30
5
66
24
66
25
7
12
54
48
1
19
61
168
33
63
43
23
5
13
52
57
52
11
26
9
17
9
23
19
77
60
10
104
16
53
19
15
41
11
16
63
7
15
1
5
56
60
64
46
35
1
86
30
33
33
24
4
62
5
3
31
14
13
18
87
5
61
29
2
35
42
45
43
13
98
32
11
19
52
47
41
14
21
53
60
54
83
26
82
46
17
13
20
0
35
10
20
17
63
112
31
94
50
99
50
16
7
30
24
11
46
58
10
10
22
34
61
72
14
23
30
10
12
18
84
37
28
36
117
55
30
13
8
55
37
41
10
55
46
53
32
31
45
17
19
45
19
110
82
90
5
126
35
4
19
23
58
50
49
40
43
32
15
41
6
16
58
35
35
63
10
18
23
74
3
54
62
29
74
15
79
53
100
21
35
27
10
12
45
3
3
7
93
28
51
23
0
41
16
50
21
27
35
57
64
64
23
22
11
68
92
43
53
5
1
57
4
72
5
28
54
57
78
11
72
10
1
83
95
29
44
109
16
44
29
85
98
28
28
16
71
14
28
21
43
49
12
4
20
6
76
8
36
8
20
9
12
9
33
3
8
35
12
18
9
0
18
103
75
60
16
9
33
2
24
12
40
53
36
69
58
21
21
42
49
23
19
26
30
15
10
38
33
23
53
53
36
66
22
37
10
38
42
66
66
4
14
0
59
43
6
49
0
6
8
40
76
38
101
18
63
53
66
17
82
7
20
10
74
30
15
63
15
25
31
7
19
44
42
17
39
42
33
42
55
53
67
40
62
24
5
15
39
62
27
17
71
16
24
18
9
15
27
35
19
51
35
70
11
42
87
28
33
49
43
88
47
16
21
30
37
31
18
48
60
17
24
18
42
5
69
1
14
10
22
0
43
12
103
29
20
19
63
79
8
24
26
32
13
48
28
31
15
7
21
30
21
37
32
39
57
55
94
67
53
45
10
19
45
37
6
24
30
17
13
13
73
35
2
35
12
27
51
89
44
12
82
4
37
73
12
9
3
25
41
32
62
6
10
54
19
91
28
14
0
51
66
4
106
51
58
4
11
38
55
6
70
3
52
41
1
53
57
49
18
15
3
83
4
74
48
33
6
7
37
28
3
37
23
6
29
55
43
42
23
1
50
22
28
14
7
15
10
5
125
5
65
25
6
13
29
14
21
60
11
6
7
15
62
38
19
13
18
18
20
16
32
72
3
16
29
17
3
29
91
0
43
69
1
31
25
18
41
3
2
53
8
8
61
110
80
30
25
74
2
21
26
62
53
19
1
45
26
69
31
32
17
3
1
6
23
20
47
6
61
45
14
14
22
95
14
31
5
112
90
61
20
37
26
4
22
44
25
9
49
9
25
0
15
10
46
22
3
29
8
17
35
33
8
5
38
14
69
45
45
12
23
17
33
18
53
14
14
103
17
43
61
36
39
2
99
44
30
82
36
54
2
22
26
29
3
11
2
84
27
3
11
0
39
64
32
87
23
57
21
19
68
40
13
7
68
1
50
15
40
83
37
88
68
39
51
10
3
21
48
47
25
10
18
77
39
5
16
0
28
7
37
94
34
24
5
1
20
51
39
53
46
17
24
55
9
8
1
55
82
4
29
23
0
24
7
31
28
60
5
28
32
12
2
1
42
39
15
3
18
37
20
84
13
34
34
20
33
54
73
25
15
6
65
11
4
54
56
29
29
64
21
16
46
42
33
6
10
21
18
1
56
34
104
31
59
9
16
47
30
10
48
10
19
1
95
17
15
52
16
38
47
54
39
15
24
16
7
48
15
12
51
27
33
3
3
50
58
12
47
27
2
31
39
20
1
33
6
50
19
31
6
23
0
18
14
22
45
37
14
13
39
18
33
1
40
5
27
62
19
5
55
11
46
8
23
11
55
5
5
0
19
56
32
9
58
22
27
27
45
19
37
7
34
13
29
7
20
7
53
2
72
42
10
39
55
15
10
30
19
31
10
8
27
12
8
71
6
58
14
13
60
2
5
15
33
11
47
13
23
5
14
43
9
50
2
9
1
39
27
24
11
17
30
89
16
38
43
2
43
7
49
1
53
27
36
32
2
11
7
28
8
9
48
93
12
9
3
22
7
25
55
22
33
28
14
11
33
20
4
16
18
32
67
47
6
64
33
3
7
42
26
43
13
13
8
40
30
17
13
42
7
19
1
78
74
7
78
36
50
17
43
16
17
20
14
21
27
6
34
15
3
3
18
8
47
3
10
29
10
90
11
55
79
37
3
10
1
62
10
60
73
10
79
10
33
38
18
1
9
21
28
43
53
2
33
17
30
15
15
20
17
77
15
4
20
11
62
9
20
25
84
21
17
7
2
26
26
2
10
8
2
14
19
64
40
11
59
22
7
73
30
32
31
17
9
11
45
0
10
12
37
21
40
17
6
1
13
26
17
37
7
15
11
34
54
12
47
28
68
23
6
39
4
1
4
5
35
20
25
14
20
32
3
22
18
9
46
5
9
73
25
63
6
67
13
40
46
10
20
70
14
16
18
7
52
31
47
1
76
3
44
36
21
13
24
12
60
8
2
24
13
28
3
17
2
6
1
19
64
9
22
30
9
4
44
35
38
1
76
35
21
52
13
24
28
15
31
46
2
14
39
8
24
42
9
25
1
25
12
7
22
44
82
8
41
26
2
23
3
14
46
18
23
29
75
17
42
6
27
2
20
11
61
40
11
20
78
53
27
20
22
16
11
45
22
3
28
7
56
12
1
22
47
9
32
8
9
21
20
39
2
16
26
69
18
9
9
19
27
47
11
6
1
38
15
12
50
34
14
26
10
5
3
35
24
15
22
28
22
9
28
6
33
53
53
6
47
22
11
27
5
19
35
13
21
1
17
20
9
21
53
9
4
9
40
16
34
29
61
15
45
37
25
32
11
18
6
15
1
36
61
4
8
30
4
42
36
26
10
25
3
15
81
4
22
12
6
2
4
37
38
10
32
32
79
34
59
2
1
15
3
12
5
67
28
30
25
30
19
49
6
34
10
85
4
3
18
9
15
2
40
13
8
21
39
25
38
7
37
49
5
22
31
23
14
8
33
50
1
28
8
18
68
22
10
30
3
61
37
10
1
72
43
12
3
6
18
10
65
59
1
38
36
51
2
38
22
26
24
7
23
37
9
15
20
1
26
34
18
31
9
67
14
41
13
10
26
33
16
5
46
16
28
57
48
5
17
37
8
29
60
30
14
19
45
4
40
27
4
68
58
13
17
47
9
32
16
31
8
37
30
4
20
10
5
46
41
46
27
46
66
30
26
29
43
16
6
0
23
62
23
8
4
4
24
11
15
10
8
22
38
3
13
8
25
11
28
43
23
28
21
31
19
13
22
25
25
46
30
1
18
33
4
5
11
5
4
13
4
11
25
30
11
14
31
12
19
7
3
47
31
4
23
49
10
29
26
39
5
2
23
17
8
20
3
32
7
65
5
50
18
3
23
17
12
10
16
35
16
7
0
10
19
34
43
49
21
36
28
11
15
22
6
25
11
36
18
15
22
29
36
1
13
14
31
34
13
39
32
43
40
27
15
7
12
2
39
38
20
9
11
4
0
1
22
6
20
19
13
42
25
20
1
34
68
29
7
16
8
14
7
38
3
20
13
9
42
15
8
12
8
22
21
7
14
7
17
2
9
15
23
10
4
27
23
46
21
4
35
10
24
22
4
1
17
35
7
6
17
3
3
23
8
18
3
12
12
2
54
0
12
16
28
30
19
33
10
11
11
6
23
17
15
55
1
6
9
1
18
34
9
22
39
8
44
1
20
37
71
15
28
43
4
6
6
18
18
5
17
8
23
43
11
33
31
34
20
27
6
12
1
29
6
2
18
4
22
13
8
11
16
5
2
6
2
7
25
3
71
24
10
40
37
27
3
31
1
17
84
25
1
16
10
47
6
23
2
0
21
5
7
21
50
2
8
6
11
13
29
3
50
26
3
30
32
26
9
6
7
3
19
12
9
13
20
8
0
15
15
5
38
3
25
2
14
20
3
37
36
43
5
11
34
2
60
42
27
23
6
41
9
0
12
7
15
21
29
5
29
34
28
23
9
38
3
9
9
20
27
15
16
7
22
5
20
12
4
32
28
21
27
15
5
4
23
12
5
2
3
13
15
24
12
26
29
3
23
2
22
20
3
9
33
10
11
6
23
35
22
13
19
23
38
5
31
25
32
5
2
2
17
25
11
39
2
3
16
4
27
7
12
31
74
5
22
18
12
10
26
24
3
37
25
2
30
39
8
15
4
6
1
2
29
24
29
17
45
23
31
26
13
24
2
25
15
11
26
14
10
30
2
14
20
2
40
11
15
18
4
13
25
43
30
10
9
5
17
18
5
5
7
26
10
16
22
22
14
29
6
8
1
31
51
31
4
15
5
14
29
9
4
4
24
9
9
28
9
16
1
10
8
15
10
28
15
27
16
9
2
33
8
0
17
14
26
8
18
7
65
11
27
14
3
1
5
1
12
19
8
14
2
14
9
14
8
4
15
8
23
2
31
42
21
21
0
21
7
11
12
0
2
33
7
13
8
10
8
34
23
20
4
10
6
7
20
37
6
27
18
29
3
3
1
4
8
15
18
10
7
18
1
24
6
29
35
4
0
32
13
14
25
6
10
2
7
26
5
9
17
21
8
13
8
8
5
1
6
1
28
13
5
5
0
14
3
20
12
7
5
12
19
28
15
0
34
32
2
5
5
20
21
13
15
1
3
13
28
6
18
10
19
10
4
17
11
20
4
7
0
4
6
8
0
19
24
19
15
10
15
14
24
7
1
21
13
27
0
11
8
6
11
9
12
3
1
13
9
6
9
14
15
2
14
17
13
3
8
1
10
2
10
14
3
5
9
6
12
5
2
9
5
1
14
12
3
3
27
17
2
2
6
12
13
1
27
6
11
12
8
3
7
4
3
13
26
17
20
9
18
9
9
8
2
1
20
0
9
4
10
11
14
1
10
12
6
6
2
12
22
0
17
19
13
16
14
2
1
5
2
8
2
18
15
1
1
7
9
6
2
8
14
2
21
15
4
4
1
6
5
8
1
1
8
4
11
1
5
11
12
7
5
1
1
4
10
5
2
8
2
0
6
8
3
1
0
2
1
3
2
3
9
3
1
5
1
3
3
4
4
3
1
2
2
6
0
0
0
0
0
