13
1
5
24
17
20
32
4
33
30
9
32
69
2
98
3
14
43
18
35
15
31
54
0
37
19
21
73
4
25
34
68
16
53
28
6
11
45
59
117
6
4
41
12
44
35
38
114
30
131
19
66
1
49
24
20
28
28
32
59
43
78
34
29
30
2
66
61
56
36
4
14
15
20
25
4
90
62
81
104
25
107
43
13
39
18
34
55
74
61
47
50
118
2
74
26
55
7
89
48
71
67
24
50
85
88
70
18
35
41
88
55
43
25
40
116
74
62
37
105
114
26
11
12
102
113
43
15
30
21
29
0
73
56
84
70
99
131
29
91
33
70
74
96
4
61
2
5
84
44
34
32
17
37
40
22
41
59
40
28
69
32
47
18
11
22
32
77
37
33
49
58
114
79
8
21
16
93
52
69
17
93
20
16
112
16
41
57
21
98
84
111
37
93
72
31
70
98
129
54
129
23
76
46
29
2
6
36
168
7
18
26
49
5
127
43
89
31
4
56
29
72
9
27
7
17
57
13
17
108
8
24
37
55
69
17
11
30
0
84
13
60
50
148
100
33
1
29
11
72
12
105
122
80
74
51
16
15
34
135
4
71
122
69
34
45
14
12
9
69
12
14
15
10
51
51
23
56
32
52
24
142
12
20
43
34
34
3
114
16
30
57
8
56
32
30
28
26
54
69
65
131
52
57
35
115
53
35
67
16
6
34
6
41
73
47
68
35
113
86
14
9
14
108
19
46
77
77
15
78
19
1
57
28
5
131
11
56
119
46
1
15
58
47
23
6
55
111
179
36
61
16
97
53
77
15
97
94
177
49
67
18
181
23
50
61
64
52
61
16
24
50
64
67
5
118
61
56
1
166
10
59
128
15
33
1
77
20
42
13
106
19
3
35
130
83
63
32
3
21
1
44
22
46
4
10
12
49
115
28
7
38
133
36
84
65
50
55
6
63
43
10
13
126
19
42
90
31
4
79
75
85
44
42
86
51
16
27
56
76
27
55
0
27
0
67
102
0
51
132
27
32
38
8
20
53
63
20
102
17
10
40
61
70
82
15
13
46
51
91
17
9
90
81
23
111
35
62
4
41
60
10
59
61
30
72
1
49
33
93
31
72
103
74
21
47
14
13
42
31
86
105
0
15
130
33
32
18
44
28
71
99
43
41
89
25
34
31
53
1
52
86
7
32
78
143
26
171
17
103
26
92
101
9
65
29
12
22
37
89
74
10
71
35
29
85
49
19
10
52
22
56
17
23
55
88
52
95
7
67
28
49
34
1
17
43
34
77
103
55
66
1
81
42
76
42
69
27
90
77
151
3
7
42
14
12
81
7
49
7
73
39
39
18
85
40
5
40
47
15
64
48
44
26
58
37
103
35
52
18
57
74
9
64
20
1
24
96
5
45
95
16
3
72
63
1
36
9
17
12
42
16
64
57
29
26
70
28
54
89
79
107
42
23
36
145
49
103
25
21
98
11
40
51
62
33
2
3
39
77
74
78
68
42
138
35
20
29
46
38
39
16
6
15
95
63
89
25
45
86
38
30
65
16
16
8
57
85
27
104
56
35
41
11
126
12
20
22
4
25
93
77
0
0
4
54
11
28
53
82
25
22
11
35
43
5
77
8
5
62
99
40
15
75
40
37
23
52
16
60
77
23
8
63
20
54
69
128
9
14
20
2
44
7
19
18
53
37
64
7
24
66
31
41
23
44
97
92
18
109
72
52
45
8
79
68
35
59
21
19
51
9
53
19
45
23
102
85
87
69
15
36
103
110
19
16
5
11
73
37
9
25
7
61
50
52
34
59
17
29
12
80
16
39
47
27
80
35
23
5
2
89
37
10
69
69
49
49
18
119
63
94
2
53
83
69
16
74
13
25
43
17
80
137
7
26
35
13
56
34
11
83
36
8
66
28
52
50
12
78
45
41
50
8
95
24
34
69
105
48
58
57
96
19
71
62
84
87
49
72
10
63
121
36
65
48
30
43
46
28
20
108
15
28
13
45
66
40
29
31
61
88
114
45
56
89
12
45
13
5
34
38
33
50
53
107
66
19
56
37
59
36
48
10
2
50
77
28
13
5
17
75
24
22
12
51
4
6
58
9
49
89
82
23
81
9
35
50
101
101
44
2
122
103
39
6
6
48
58
30
38
71
3
72
27
78
78
22
43
2
12
84
37
16
38
34
13
85
14
60
100
11
73
7
51
34
41
15
5
21
79
38
54
16
51
128
21
95
112
81
1
59
7
59
52
35
22
29
122
5
109
14
75
10
4
7
77
38
33
6
17
21
27
51
35
51
8
119
8
46
26
15
25
32
50
43
113
80
28
70
18
51
36
56
55
35
5
88
20
13
92
63
70
20
66
35
74
46
60
48
38
51
20
9
32
32
15
6
41
31
20
19
5
20
12
4
78
58
47
25
69
70
3
7
4
119
89
14
3
103
8
70
45
7
31
1
81
64
41
29
35
88
17
10
27
74
33
26
6
31
87
55
69
8
27
48
69
19
55
11
72
8
58
7
35
9
66
12
28
60
78
13
5
59
46
30
9
2
93
85
77
66
48
66
18
15
72
11
30
90
78
21
5
127
53
77
14
14
8
50
22
3
3
15
69
32
20
47
73
10
6
48
44
10
51
13
92
25
71
60
64
13
108
84
131
30
5
83
46
52
66
20
76
34
7
6
113
86
0
32
43
12
14
24
5
31
24
23
20
3
74
94
69
45
50
38
47
22
18
28
46
11
95
30
44
4
25
52
122
33
84
35
14
19
52
111
40
17
26
110
43
1
40
111
16
64
15
24
103
78
9
1
99
8
17
26
27
42
110
90
47
12
46
45
16
46
3
10
42
142
69
70
28
8
51
21
18
42
46
56
30
64
46
37
30
82
48
2
39
2
3
61
70
50
41
122
106
75
0
10
95
52
54
26
19
55
5
12
7
24
49
23
19
38
70
33
82
11
38
86
9
13
10
21
48
47
47
87
65
16
18
39
4
25
36
83
4
84
103
36
10
141
15
17
37
15
23
43
5
25
110
35
5
59
33
24
101
19
26
4
42
71
24
2
38
98
54
40
35
23
92
29
52
6
72
66
77
55
24
12
47
52
6
19
6
77
112
28
51
34
44
18
7
107
4
11
42
55
92
19
17
36
130
8
107
24
70
14
13
72
23
14
8
99
18
50
12
25
6
25
37
40
11
30
19
50
30
10
74
45
71
46
57
32
37
69
23
83
109
6
82
22
60
15
26
57
57
53
18
42
3
41
18
61
17
64
62
13
87
44
89
1
32
86
28
52
44
32
16
70
5
24
8
32
44
29
97
48
29
25
61
12
80
65
44
34
32
0
25
1
4
39
38
31
71
85
55
89
23
68
6
46
80
123
56
27
67
30
41
31
7
98
22
15
28
30
47
53
68
8
5
19
24
4
45
42
65
39
10
20
23
8
5
36
12
22
37
69
40
21
14
35
34
32
0
0
80
83
17
133
124
23
80
61
40
19
58
41
80
56
9
32
30
60
161
12
40
57
54
15
3
24
2
136
101
21
45
18
57
5
37
102
86
63
83
19
64
35
30
17
49
8
27
35
38
18
127
6
87
34
34
66
34
154
21
44
80
52
71
36
31
10
96
3
24
9
45
53
53
9
61
52
14
37
42
29
47
4
43
14
14
45
61
33
26
42
47
9
28
74
52
29
15
50
50
24
44
40
8
51
13
53
18
11
70
55
69
60
37
109
93
14
14
48
11
6
83
48
26
113
35
42
52
36
12
23
65
10
45
38
76
19
2
23
151
37
35
2
39
1
1
45
58
38
29
17
12
1
30
2
119
45
85
25
53
48
1
32
82
68
105
20
23
24
16
57
29
70
14
1
9
32
0
22
25
3
29
52
85
3
142
42
105
6
57
32
117
64
27
65
21
38
24
61
25
7
32
9
76
5
62
15
11
7
113
65
65
1
62
1
81
59
65
21
12
18
6
64
5
36
66
25
42
85
15
7
49
61
38
19
6
10
7
202
41
18
8
12
59
21
19
5
99
45
73
2
14
18
49
6
19
16
14
14
51
98
4
41
56
45
14
46
34
51
14
45
22
58
4
23
30
29
12
72
14
45
115
21
49
75
102
105
98
13
25
9
39
37
8
32
8
23
31
101
55
50
46
4
24
20
10
16
5
0
5
16
83
52
5
81
61
5
13
13
81
24
39
41
99
65
23
35
4
10
127
29
31
7
9
17
6
129
17
31
59
77
11
29
81
38
29
51
17
77
17
15
71
43
115
21
30
55
79
30
83
76
5
15
75
4
43
27
15
4
2
36
22
27
4
58
4
37
52
72
24
37
41
4
94
47
21
65
3
11
66
15
2
11
14
32
24
21
41
14
21
15
8
58
2
30
0
21
90
16
19
31
13
2
54
52
30
3
42
57
66
97
23
39
35
21
15
90
29
65
3
18
48
62
36
3
120
45
47
58
35
69
30
19
6
40
12
101
4
32
51
11
12
38
70
83
82
39
60
12
24
46
119
37
17
57
23
28
6
35
22
17
114
70
20
124
57
23
8
38
58
60
67
50
48
26
9
6
49
15
58
37
51
28
15
129
65
6
1
46
47
16
17
27
14
31
23
28
16
66
27
75
49
19
6
40
44
30
46
61
33
48
27
3
9
11
63
80
22
41
4
0
80
40
77
12
48
64
40
84
0
17
40
40
39
34
25
55
23
23
11
80
40
26
19
93
14
61
68
43
9
35
18
59
65
12
70
1
14
33
37
62
7
36
26
48
12
28
27
52
7
33
45
44
59
88
8
12
6
28
7
49
1
10
4
17
10
45
22
5
8
14
14
55
13
40
41
50
13
25
22
15
45
11
20
52
49
4
24
60
107
36
32
15
78
57
85
47
37
152
62
69
57
58
84
64
21
17
8
20
10
33
1
22
63
7
9
6
67
31
18
9
59
99
101
6
2
13
48
45
86
72
8
75
25
37
11
6
2
49
33
46
0
77
35
129
5
78
48
54
17
17
31
7
36
10
24
52
33
59
71
9
6
37
36
12
41
28
15
5
78
9
23
12
18
7
111
7
9
12
29
48
90
35
30
4
73
21
26
77
33
54
3
15
126
9
77
38
1
5
42
10
36
52
2
52
4
55
8
17
5
60
1
13
26
46
20
46
40
12
5
63
53
4
69
4
18
18
53
69
67
45
9
9
16
42
9
24
29
118
7
12
43
55
38
40
45
102
72
21
1
9
48
24
27
16
2
45
21
52
10
66
17
66
49
67
32
33
22
6
63
24
30
17
38
5
31
34
94
27
43
40
4
12
2
68
67
73
56
59
49
25
62
58
11
49
10
22
8
7
49
33
8
27
15
3
41
11
18
8
64
21
3
14
45
16
43
4
34
9
4
4
29
59
38
33
23
11
68
55
62
43
20
15
40
38
9
30
39
3
49
53
59
0
82
43
18
13
84
53
27
24
4
28
57
29
42
35
12
18
6
14
47
25
23
41
11
25
35
17
20
2
68
0
97
55
32
50
19
45
8
8
36
35
44
54
1
4
45
54
51
28
12
72
38
6
14
29
32
6
23
7
52
17
23
27
21
38
23
7
46
7
17
48
11
149
57
11
16
62
83
22
54
24
63
24
18
8
1
16
2
21
21
18
55
38
51
39
26
39
69
1
66
36
6
54
25
12
68
6
33
74
33
46
8
28
19
35
6
83
13
6
51
21
6
60
66
19
84
7
56
62
8
67
37
16
21
5
24
10
44
3
14
20
34
13
89
26
45
23
24
28
41
8
2
27
26
3
41
20
23
71
24
29
36
45
2
32
89
9
16
10
35
38
32
32
40
63
16
17
22
65
7
1
25
62
77
50
35
37
20
3
49
85
86
18
27
20
5
15
21
4
11
61
12
13
71
17
13
44
10
17
13
26
64
67
61
52
20
31
1
13
5
28
10
45
12
2
57
57
15
65
10
2
20
13
61
33
44
26
32
2
32
13
26
8
98
12
9
4
12
2
50
20
11
5
15
17
6
26
93
60
4
114
28
21
22
42
22
30
73
8
38
15
23
12
20
19
15
16
21
36
18
36
49
19
5
41
13
50
67
54
50
10
5
18
19
14
9
61
39
86
25
16
8
50
30
68
41
11
4
43
6
52
47
47
16
49
2
35
20
58
14
53
30
14
22
73
25
12
40
9
40
61
43
23
22
11
33
70
5
50
17
63
8
38
26
5
48
11
35
25
29
31
18
18
9
23
8
28
14
32
19
27
15
19
26
30
17
46
46
5
53
52
18
13
21
3
62
22
2
79
63
53
1
20
26
34
11
14
7
19
22
0
29
5
33
23
7
5
11
55
36
98
35
61
49
4
41
1
8
42
70
62
81
35
27
11
54
13
25
96
44
4
33
11
2
8
48
6
9
41
15
51
27
6
19
24
40
23
25
6
6
41
15
6
15
31
14
3
33
19
19
12
68
44
19
15
19
91
2
12
20
24
6
21
35
4
13
2
20
49
35
43
3
29
54
80
3
17
26
32
18
60
45
25
18
1
27
14
8
63
23
18
85
33
40
38
32
25
27
29
9
57
60
49
48
81
17
28
2
50
12
8
22
21
55
21
3
25
40
36
73
45
9
9
47
5
9
13
30
15
23
30
14
49
39
46
24
22
1
29
17
22
25
6
21
29
34
26
33
54
23
1
50
6
54
51
14
9
2
52
37
31
20
20
27
39
77
51
14
40
16
0
44
6
50
37
30
15
18
19
4
36
8
46
44
14
50
23
1
26
103
8
41
4
22
39
23
15
25
56
5
7
18
46
36
20
53
0
26
29
64
1
37
35
6
1
83
39
4
31
24
49
4
23
29
29
23
19
59
21
17
73
4
40
5
32
23
3
11
12
31
32
27
72
23
13
25
27
66
11
13
31
28
35
42
2
7
37
28
2
35
26
37
15
14
26
65
34
20
5
16
19
64
2
17
14
31
35
16
47
23
13
37
1
19
68
37
59
8
16
11
1
5
6
19
34
55
66
87
18
23
9
21
0
0
14
40
22
36
18
34
13
23
40
24
35
2
17
4
38
8
13
29
10
32
4
14
18
50
12
51
5
10
29
11
48
30
12
6
31
54
3
27
44
28
5
8
1
11
11
18
1
69
47
11
18
7
26
19
48
4
37
8
12
8
15
23
4
21
17
33
41
2
18
19
17
6
16
52
38
12
34
80
14
13
43
9
3
29
30
3
15
40
19
8
75
29
1
15
8
2
7
21
22
10
48
5
22
16
71
0
27
61
21
52
27
37
13
43
34
40
22
18
44
4
25
37
16
22
10
21
43
13
21
25
29
10
19
0
33
35
9
42
54
11
9
9
31
7
14
6
26
36
9
35
60
24
0
12
47
17
36
21
11
31
16
10
23
42
25
54
10
25
31
26
54
14
10
18
14
49
10
24
19
3
3
17
28
18
67
63
20
4
7
15
9
11
10
7
7
48
26
1
10
29
26
8
12
9
14
42
3
38
22
37
3
14
12
67
6
36
17
17
10
38
26
5
9
4
9
22
12
25
17
31
18
9
20
20
13
30
4
16
0
26
3
37
18
39
12
3
18
24
13
20
21
25
19
16
9
25
24
38
32
9
16
35
21
30
3
36
12
28
19
29
24
21
20
15
13
58
21
11
42
9
5
22
42
6
7
23
5
28
4
32
12
19
17
10
5
8
15
39
24
11
39
4
30
16
2
18
31
31
49
32
54
37
33
0
8
18
35
5
10
11
0
35
22
16
55
37
0
25
24
83
24
35
1
28
58
31
63
30
24
1
45
14
7
19
26
3
29
31
20
14
3
1
47
41
7
12
31
47
31
3
23
10
8
17
52
7
37
21
27
9
27
15
0
29
28
30
42
24
19
4
9
12
14
14
6
5
14
6
8
30
10
9
17
7
31
19
19
27
21
25
35
5
19
33
14
7
35
22
24
28
20
22
4
40
15
28
13
2
11
13
31
40
18
8
14
3
2
22
33
14
16
56
15
20
10
1
3
16
3
25
20
21
16
7
24
40
12
5
23
40
6
40
19
15
63
18
45
2
22
20
15
16
26
2
22
17
49
1
9
39
6
5
45
10
2
1
16
54
21
17
11
9
15
29
27
22
8
38
18
26
9
24
9
9
1
8
10
23
11
5
34
23
3
5
8
50
24
6
8
4
40
6
11
8
0
5
23
17
16
8
17
2
6
7
30
13
5
42
10
1
41
12
16
11
9
21
3
35
42
13
27
6
10
11
21
23
4
19
2
26
10
16
3
21
7
29
15
2
29
1
16
10
20
10
1
12
4
3
18
8
25
21
13
36
10
12
36
14
11
13
1
17
24
21
3
2
47
9
29
26
33
2
56
36
15
30
6
35
22
0
1
25
11
51
20
22
3
19
2
15
6
0
7
28
14
19
14
9
15
5
5
1
15
28
27
35
27
5
9
16
9
4
14
13
22
8
7
20
4
5
21
13
14
28
7
9
6
10
11
25
11
1
8
1
16
10
10
16
0
28
7
13
14
6
17
1
21
5
22
10
16
8
25
11
6
26
0
22
40
34
14
6
18
19
14
16
26
5
0
3
29
7
32
16
10
8
9
12
8
8
31
27
2
14
24
22
16
14
12
35
2
26
15
6
15
2
11
2
23
41
11
2
21
13
9
4
9
3
18
11
10
15
25
8
19
3
22
13
13
17
10
15
3
32
10
21
2
7
19
17
5
13
18
1
12
26
19
1
1
3
9
0
15
19
13
19
6
2
16
1
10
22
17
12
7
13
0
3
26
4
7
15
3
14
13
4
23
4
2
2
16
19
1
5
11
11
7
2
24
5
1
4
10
10
26
10
6
9
22
1
1
9
2
2
7
2
11
8
9
10
1
21
2
8
17
1
47
4
0
18
2
10
3
15
1
5
22
6
4
5
14
3
6
13
13
5
9
16
16
11
1
6
13
1
7
4
4
1
7
3
17
17
9
12
19
10
6
19
9
2
24
3
12
4
8
14
0
10
20
11
14
3
4
8
11
12
16
1
8
4
9
12
1
14
12
14
4
10
1
2
3
9
8
1
14
7
10
14
6
1
8
3
17
0
9
1
1
9
18
3
10
30
2
12
7
10
3
4
4
16
11
1
1
8
0
11
8
10
1
1
14
2
4
1
3
1
9
8
1
8
12
0
2
5
1
3
9
7
0
4
5
5
2
3
3
5
1
2
6
3
11
3
4
2
3
2
3
3
0
2
3
2
2
1
1
2
4
3
0
3
1
2
2
1
1
6
2
1
1
