0
4
50
1
2
4
33
6
30
23
34
80
11
8
3
8
47
7
10
26
93
18
98
14
27
36
39
83
90
13
75
12
40
22
103
88
14
111
49
64
125
6
27
15
4
34
55
24
77
91
36
19
46
31
1
13
36
24
53
29
15
41
33
17
20
49
61
129
43
35
61
112
45
35
59
31
67
54
11
31
33
15
1
49
53
104
56
10
82
33
10
75
25
7
28
69
88
43
49
13
36
41
90
41
63
17
28
114
30
16
42
45
13
56
48
33
56
101
14
76
111
79
41
94
88
33
4
26
42
45
110
30
55
109
44
59
62
78
65
39
1
28
9
21
7
92
17
12
54
15
10
61
38
38
33
137
71
12
34
60
37
88
119
64
29
109
107
55
21
23
26
43
70
81
20
73
16
40
5
41
125
100
63
33
29
50
80
51
68
50
43
24
13
77
32
0
28
39
91
17
13
187
2
31
69
106
57
57
86
10
16
3
65
37
43
30
30
11
7
101
45
201
34
29
67
35
36
63
30
120
0
94
48
61
9
11
37
50
47
62
1
115
30
2
64
6
42
42
41
5
50
41
84
80
4
21
151
102
79
27
61
12
9
62
26
81
55
8
64
46
38
73
63
36
15
69
19
8
18
100
74
18
52
54
73
69
32
39
7
42
60
8
38
8
7
52
12
22
62
18
55
46
20
12
102
43
48
62
219
111
60
34
70
46
0
84
12
189
68
58
139
23
18
48
27
81
10
19
35
48
51
16
44
96
60
7
56
50
68
117
38
34
11
30
87
48
81
24
19
24
79
83
14
75
15
142
101
1
79
66
55
20
23
26
36
53
37
42
73
8
2
12
39
24
90
49
66
118
13
47
6
54
67
61
81
7
34
19
24
110
90
28
50
94
59
15
47
7
68
107
121
17
7
10
4
83
9
5
53
9
31
44
4
47
49
53
11
63
94
19
13
43
66
177
1
20
4
4
23
39
84
39
89
3
41
27
24
39
39
64
87
13
10
128
40
48
116
89
43
61
59
121
6
147
19
4
60
44
144
6
121
3
41
2
16
70
54
27
133
35
125
132
59
71
45
36
109
33
118
32
66
7
41
33
84
9
23
16
17
37
35
31
9
112
76
115
1
7
81
30
10
7
101
75
10
35
33
117
61
59
49
79
95
53
16
86
22
48
40
32
110
21
169
37
28
13
87
35
13
62
196
18
22
30
23
34
10
7
71
40
49
53
94
37
71
30
67
34
83
1
44
23
80
10
21
30
29
12
30
57
81
25
80
49
26
80
6
130
10
32
51
86
77
60
72
6
30
34
89
24
3
6
26
61
28
70
125
52
146
92
17
74
90
34
65
28
19
72
55
5
98
8
32
39
44
29
56
90
11
44
66
32
112
29
3
71
8
24
137
123
38
40
41
109
62
33
93
29
96
90
83
21
48
33
51
93
83
13
1
115
89
110
126
119
55
13
99
25
90
14
72
0
55
86
24
22
82
17
13
152
10
63
34
62
130
47
48
57
8
36
43
4
75
112
8
21
4
73
61
41
59
22
164
21
9
27
21
25
82
5
43
2
16
61
33
4
132
34
11
79
84
6
53
80
6
22
92
137
28
13
39
99
34
83
93
89
28
29
22
19
61
58
17
33
18
5
58
43
9
70
40
106
103
88
42
34
6
63
20
18
66
56
98
70
47
14
66
126
27
150
45
23
3
38
134
48
9
53
13
60
42
59
94
76
23
13
75
19
2
25
34
29
19
50
33
11
47
116
99
115
29
21
0
2
137
129
12
61
45
12
56
79
76
27
57
23
107
9
30
10
107
38
41
86
44
75
26
31
41
40
39
75
11
39
9
35
2
4
54
4
45
8
0
26
1
6
35
67
52
21
44
58
15
27
23
23
65
65
32
69
89
63
40
93
109
15
1
74
5
15
63
92
130
96
19
32
40
4
3
34
3
35
70
24
62
46
9
0
3
52
74
53
11
83
37
82
8
79
0
55
19
0
4
27
48
116
10
70
3
20
58
12
38
53
79
1
23
64
56
106
38
58
16
6
43
39
44
43
23
37
83
42
17
51
53
24
31
58
14
14
54
66
24
52
12
145
17
20
28
95
76
13
48
27
92
23
45
24
50
27
32
17
15
28
28
41
26
24
22
117
33
38
66
70
148
13
100
73
101
56
22
84
22
73
27
41
92
5
24
81
47
29
114
39
39
28
25
39
2
40
3
107
3
49
79
53
16
62
12
1
49
74
100
15
42
30
74
58
61
6
72
6
22
19
37
27
102
7
116
142
50
61
36
31
67
19
72
36
21
92
40
84
45
1
20
43
84
33
65
66
3
69
1
1
43
49
57
22
2
55
3
96
5
64
31
139
52
48
9
51
101
149
4
25
61
16
2
18
32
73
85
36
51
56
67
49
4
63
113
10
47
62
70
104
5
2
50
60
17
44
37
41
87
30
32
69
58
40
11
34
27
15
11
29
58
83
31
45
59
36
85
66
36
9
3
54
18
89
18
69
75
91
67
20
66
3
30
24
107
1
74
15
35
2
50
34
97
45
20
45
43
62
66
93
101
25
100
5
12
118
3
44
4
133
59
96
42
76
19
53
108
36
66
24
61
18
92
52
7
25
3
68
18
88
2
26
11
9
101
42
20
15
10
48
85
82
29
50
205
54
56
23
67
25
13
102
3
116
24
33
29
4
13
44
114
67
5
39
2
0
13
21
8
63
34
27
24
32
49
6
50
32
10
24
47
9
110
70
43
21
52
40
69
18
10
28
117
67
2
37
24
24
30
38
62
71
63
72
16
51
62
90
81
69
11
44
63
92
31
28
43
104
20
93
14
62
40
29
5
125
7
16
12
17
65
5
30
4
19
34
5
36
32
12
43
6
92
44
67
51
60
10
36
19
28
51
140
86
35
98
35
39
19
39
47
80
6
39
64
20
15
33
33
5
40
111
23
43
13
125
13
9
26
56
14
2
38
24
6
75
101
106
72
24
67
66
10
34
159
19
64
66
55
91
80
43
42
3
33
31
58
103
17
27
56
45
3
58
64
30
61
15
41
48
6
79
84
75
5
52
77
46
31
83
3
50
10
53
10
42
28
41
39
86
45
38
88
49
39
27
61
67
27
6
83
59
10
23
66
83
14
40
20
14
69
81
17
32
111
4
0
11
48
7
24
6
7
21
48
87
0
48
30
30
54
21
64
45
110
123
32
86
28
35
25
19
44
78
58
41
22
69
1
32
60
34
60
45
49
50
83
48
91
25
9
20
29
0
43
19
23
34
74
50
81
180
28
21
56
105
20
38
38
27
5
44
58
40
83
30
15
3
21
32
58
91
35
1
20
50
14
80
20
102
4
36
52
8
24
7
77
10
86
20
56
35
3
36
52
38
43
17
57
20
61
6
50
86
22
31
125
34
96
46
82
7
2
3
9
50
19
89
100
75
14
54
69
35
25
35
42
133
26
9
24
31
13
15
9
51
15
26
18
45
55
18
24
19
16
77
24
15
10
75
77
4
106
114
40
81
81
73
29
16
7
12
14
36
14
15
36
73
80
27
77
21
5
2
1
11
64
62
50
32
28
17
61
64
15
25
49
83
4
17
3
13
21
8
15
60
6
32
85
17
54
152
51
62
60
18
10
8
55
113
41
23
62
4
7
1
40
51
1
26
7
19
4
18
2
26
49
72
7
9
64
3
20
7
51
103
95
75
116
10
2
18
102
46
53
81
56
3
52
46
50
10
15
87
29
47
13
66
33
3
11
15
45
30
73
49
20
47
14
12
119
16
25
29
39
105
32
45
22
82
53
3
35
102
60
84
34
65
191
9
0
34
58
50
33
31
8
19
30
20
146
29
36
4
26
2
79
83
45
38
56
78
25
52
19
20
45
53
22
20
61
12
21
2
51
21
12
21
8
7
21
51
27
57
40
28
28
27
10
55
36
99
29
6
51
23
35
59
33
13
58
18
59
59
75
34
7
10
8
28
47
3
38
12
101
38
68
14
20
24
41
36
4
1
35
81
91
100
37
23
4
15
99
5
52
87
76
148
15
25
34
26
1
25
75
43
52
4
59
44
56
15
7
13
12
81
9
65
27
75
12
77
53
42
57
43
18
9
39
4
24
8
19
14
1
42
63
26
24
44
95
40
27
0
10
24
9
51
2
35
7
123
12
56
24
37
6
31
94
50
35
74
39
14
52
20
46
61
5
65
110
52
10
18
45
80
14
43
38
66
51
50
71
35
12
43
26
28
26
37
34
20
122
78
18
43
53
38
20
22
21
33
64
9
34
54
11
20
4
51
18
0
39
9
40
35
25
4
101
32
10
28
23
31
45
53
3
42
21
17
26
34
78
72
17
35
47
84
23
74
24
39
47
1
33
20
105
21
40
51
18
34
30
28
34
49
19
8
13
13
42
47
14
37
20
55
30
67
28
26
1
68
86
68
41
17
43
47
81
61
38
17
17
4
21
9
6
16
2
38
35
52
1
21
28
6
25
61
19
93
9
5
29
14
54
2
39
45
69
35
25
82
15
89
41
23
46
11
23
17
120
54
72
30
48
19
21
70
81
17
39
1
23
10
17
13
31
73
18
69
14
23
18
6
32
56
105
2
24
68
11
31
17
3
97
13
9
41
35
69
40
86
1
23
53
25
39
36
1
12
18
20
24
31
29
12
18
44
3
38
96
8
151
98
23
4
6
1
23
13
32
17
8
118
64
15
30
47
27
59
33
12
44
49
33
122
45
11
44
25
37
37
83
2
66
49
46
13
3
73
42
23
23
40
10
49
3
42
115
24
35
23
22
2
2
22
5
12
56
30
2
29
29
71
118
80
20
13
31
12
20
72
1
3
9
21
34
41
33
62
5
42
24
5
54
59
22
38
6
13
2
38
47
13
39
14
4
11
48
41
24
72
1
34
45
51
49
2
50
75
112
52
34
30
62
21
26
101
57
4
13
4
39
79
6
28
18
80
23
66
3
46
28
38
15
9
57
71
15
99
19
59
45
44
12
18
53
64
17
78
7
3
104
37
30
85
28
12
14
34
10
139
11
3
24
34
43
23
46
71
53
49
65
12
10
1
26
40
41
8
2
29
21
53
12
61
0
39
75
12
33
25
35
22
59
36
29
3
3
98
113
27
12
30
30
43
20
24
17
26
4
91
80
21
36
3
18
28
35
38
25
68
114
2
48
56
9
25
21
15
86
1
6
54
87
19
29
33
42
2
72
22
6
44
59
102
24
8
78
6
57
56
42
5
74
57
22
15
28
20
7
24
20
33
4
18
42
70
39
35
23
19
69
48
38
49
1
2
11
74
23
19
9
49
36
40
25
43
3
29
11
26
58
55
62
29
18
3
13
45
36
52
38
26
5
29
38
78
5
33
64
98
28
10
50
59
10
44
27
10
17
83
17
24
36
44
39
32
72
34
81
48
19
74
52
20
7
82
69
65
0
16
59
45
13
22
12
20
10
43
48
100
8
45
0
6
39
5
44
43
50
33
34
45
45
94
31
41
31
54
10
19
50
45
3
15
5
52
56
4
41
12
16
20
29
7
52
3
7
42
19
33
26
4
3
27
24
0
31
65
107
29
41
33
4
72
19
104
6
92
20
55
73
1
2
42
13
34
33
7
13
34
19
18
19
63
22
12
46
18
20
38
35
6
18
0
87
15
42
16
6
77
66
11
16
9
1
21
42
61
104
53
18
20
37
6
53
18
4
1
51
11
22
7
20
26
27
54
63
71
28
11
51
20
20
39
39
21
1
7
21
26
28
6
19
7
36
8
18
36
15
26
82
38
26
8
51
4
35
17
36
18
79
59
30
34
16
41
38
41
7
31
31
52
22
34
56
15
88
18
23
37
57
63
5
52
0
12
52
19
18
39
27
14
10
21
79
30
25
25
27
79
26
51
50
11
41
47
47
3
20
25
52
15
48
78
18
60
25
82
32
29
54
24
23
70
15
5
40
52
10
75
3
31
64
18
1
23
49
11
27
20
22
22
85
20
61
32
8
36
24
57
48
23
28
41
21
0
71
44
3
56
3
32
10
14
24
9
73
19
26
0
11
40
42
0
38
16
63
36
31
24
37
40
54
38
34
95
2
23
23
45
8
45
10
71
51
9
13
46
32
64
11
14
58
27
104
21
90
13
37
9
51
27
42
18
8
55
23
20
49
19
45
31
19
17
86
18
42
38
20
9
1
64
18
47
3
23
19
17
11
47
28
33
42
82
62
2
30
12
3
3
35
1
29
34
37
48
8
18
34
2
9
38
24
15
26
33
98
9
49
40
82
6
44
11
24
8
21
42
45
13
14
35
30
92
35
34
20
31
0
36
17
49
0
64
23
70
21
24
4
56
26
0
40
35
1
61
7
26
26
34
38
22
33
11
17
51
16
22
39
19
16
28
50
27
30
43
63
7
33
14
17
46
10
15
21
54
23
16
27
12
40
5
39
36
0
40
16
16
19
30
22
6
41
5
24
19
11
26
70
12
25
25
21
17
31
22
54
32
30
55
31
22
90
30
42
15
39
87
34
23
16
25
95
23
15
50
4
35
61
40
8
18
27
35
71
55
31
36
25
41
74
4
76
27
10
41
5
76
24
21
32
41
38
5
23
38
41
13
20
2
27
56
4
18
35
45
60
35
18
3
14
53
8
34
46
44
23
1
99
61
25
10
3
43
30
1
73
32
56
17
29
47
39
75
39
21
33
8
39
4
32
24
6
56
34
29
52
7
22
28
2
5
29
15
15
4
25
19
8
31
28
23
28
28
39
17
11
14
16
32
25
22
60
48
1
17
58
25
73
6
47
25
9
30
46
24
31
46
74
44
23
29
2
1
33
32
22
2
21
72
8
0
19
17
31
19
33
19
29
6
12
26
2
0
24
15
29
81
8
7
63
21
26
69
10
21
33
4
0
39
1
45
11
16
3
59
0
21
31
1
15
10
6
42
55
28
31
46
39
52
4
51
15
17
49
2
45
15
14
4
36
3
1
34
20
11
55
12
77
10
42
6
16
32
5
23
20
2
80
32
26
3
32
22
26
23
20
34
15
8
1
55
19
11
55
28
19
23
3
1
10
12
22
58
29
1
56
25
14
10
19
24
8
5
3
15
32
26
41
59
6
5
26
57
19
10
17
2
55
11
4
13
46
6
8
61
41
57
47
17
1
31
30
36
5
17
45
48
51
69
17
19
7
25
7
32
20
17
5
51
7
31
9
9
20
11
16
23
17
8
28
17
15
4
36
29
1
11
0
14
21
0
19
25
25
31
36
56
24
16
30
60
3
13
46
14
41
5
5
14
18
27
12
24
67
18
1
18
48
23
32
6
12
11
12
18
19
19
38
1
1
56
70
34
16
57
37
5
17
35
7
39
41
6
18
3
5
34
50
6
39
2
54
16
27
8
46
1
2
28
21
36
10
19
39
43
6
10
68
25
30
48
35
51
47
10
6
23
7
74
5
7
33
7
8
26
52
32
20
10
12
40
1
2
18
16
4
12
7
16
16
37
6
34
9
21
20
13
1
42
8
25
11
21
40
45
12
60
12
9
27
24
28
20
1
0
46
51
2
42
8
32
20
19
17
47
55
5
0
35
18
1
6
36
26
6
18
16
1
13
17
23
1
15
21
6
0
11
37
4
58
27
45
10
38
31
24
36
27
6
46
44
27
24
41
13
13
49
34
47
3
52
38
2
43
20
37
12
31
6
14
7
49
41
4
36
61
34
17
33
31
13
65
11
17
11
7
47
1
14
30
1
7
3
10
48
5
17
25
2
12
2
1
17
15
4
1
1
16
37
44
69
51
19
11
0
28
22
71
39
0
3
26
23
4
35
4
7
24
13
28
19
39
7
24
54
2
10
30
6
49
16
13
26
8
38
9
24
45
20
29
38
22
11
4
6
3
10
17
33
25
57
13
2
13
23
15
12
46
15
24
30
27
5
17
30
6
20
27
4
16
7
9
27
2
28
23
25
4
13
37
24
56
11
63
36
24
10
27
34
20
17
20
11
64
10
0
16
3
8
48
15
4
15
48
25
33
19
16
5
15
33
32
25
5
9
4
27
9
24
45
21
0
30
8
62
34
27
8
23
10
29
13
9
1
18
5
40
1
12
35
1
9
15
27
5
35
20
43
20
16
16
12
38
7
13
39
2
17
15
3
15
7
0
15
4
17
27
15
2
24
6
16
26
23
6
8
15
12
9
18
8
41
19
1
15
13
14
2
7
25
48
4
19
14
36
18
15
21
19
26
16
30
32
10
39
1
58
18
2
28
7
19
5
22
12
14
47
2
6
11
10
15
7
17
15
14
22
5
10
22
1
18
12
11
34
0
16
24
17
6
2
18
2
32
31
5
22
7
21
22
22
4
31
9
18
22
15
52
12
13
18
5
36
2
9
2
9
2
8
8
38
9
12
18
18
9
19
35
7
3
2
28
23
2
21
27
3
19
19
10
11
17
14
6
4
27
17
14
1
2
14
2
15
10
0
17
10
31
2
9
16
39
3
4
4
27
11
15
3
8
9
1
11
4
33
9
2
19
2
6
32
39
7
5
5
4
1
12
24
4
26
30
2
17
1
9
2
5
24
20
20
2
6
12
38
8
5
2
19
5
2
21
10
10
15
20
7
8
5
18
8
15
14
1
35
2
44
4
11
8
12
17
11
9
1
9
21
26
4
6
1
3
1
3
14
5
14
17
4
6
36
0
1
22
22
8
12
3
7
5
37
26
2
40
14
12
2
27
19
0
4
10
15
6
18
3
14
3
0
7
11
10
3
21
18
4
28
3
17
8
17
9
5
10
24
24
3
1
14
7
7
26
0
24
3
7
2
12
5
5
22
10
12
4
8
4
13
2
0
12
10
9
22
10
8
6
20
7
0
7
27
22
16
5
9
9
16
2
1
11
0
14
1
24
16
3
3
8
16
19
5
10
1
2
31
11
6
17
15
11
2
14
16
14
10
14
20
13
25
10
14
19
9
9
10
12
7
14
1
7
4
19
16
12
6
19
21
12
5
10
2
1
6
8
14
1
6
13
18
10
5
1
4
12
14
10
20
13
16
12
1
12
1
1
0
14
13
6
8
9
5
14
1
6
9
5
4
12
9
5
3
4
5
4
4
10
16
3
7
2
3
11
0
6
6
8
14
11
4
2
1
7
10
3
5
7
10
3
11
4
1
3
4
6
7
5
5
4
2
5
3
4
7
4
8
10
0
9
7
2
5
3
2
8
12
1
6
1
5
0
4
4
14
7
1
3
5
1
1
1
7
1
12
0
5
1
1
2
0
4
0
0
0
