21
10
65
6
61
13
47
5
36
8
87
55
23
3
18
4
29
14
28
65
4
6
4
79
14
32
18
14
15
4
43
28
3
30
26
11
21
1
40
97
0
65
37
72
32
38
32
3
73
91
136
45
30
152
34
7
97
2
61
12
52
30
59
21
34
11
35
6
68
35
6
9
67
11
41
4
56
91
9
42
3
77
14
7
26
26
43
108
49
6
67
44
50
30
49
89
116
45
42
26
5
52
10
95
93
26
13
18
82
38
170
13
73
5
63
31
12
1
15
65
7
35
39
9
109
25
28
33
92
42
108
57
18
73
25
18
46
109
66
5
65
116
21
5
29
17
45
36
45
76
51
38
70
8
23
147
27
22
18
158
12
80
4
25
57
75
8
106
32
86
48
15
85
23
89
20
24
43
6
28
23
3
86
31
52
21
16
61
29
19
119
58
38
107
27
54
69
102
88
20
63
8
95
43
53
30
37
27
29
17
91
26
19
10
1
99
1
85
5
11
21
3
102
1
62
14
28
174
75
69
36
30
162
67
24
47
7
58
89
21
80
14
112
46
122
30
86
54
18
18
18
77
4
8
7
29
29
92
52
65
21
9
1
79
27
86
22
56
45
19
69
84
7
31
87
85
55
8
9
7
29
3
12
167
23
81
72
77
11
21
59
29
1
112
100
38
67
24
56
28
26
24
122
65
2
77
8
66
55
74
8
18
96
34
24
73
57
128
32
33
87
16
94
39
100
48
91
44
58
116
13
53
60
77
30
64
44
26
76
87
56
6
23
91
23
81
147
35
45
99
20
2
11
30
40
76
69
20
6
36
60
92
22
9
19
18
39
97
12
52
30
18
57
97
2
71
30
80
68
23
84
43
15
48
13
109
17
98
2
59
50
72
26
52
35
86
39
18
62
84
38
152
90
70
55
54
98
85
116
31
14
159
24
63
13
6
29
71
71
93
39
8
37
8
49
13
7
33
54
95
25
33
84
53
20
29
92
4
41
78
167
2
87
26
4
35
21
83
14
41
45
74
24
62
96
2
33
27
29
17
4
10
54
94
58
35
14
57
40
26
29
63
11
36
1
45
160
5
13
59
115
25
16
61
49
17
10
15
49
172
28
92
77
22
164
15
42
19
55
12
7
4
15
73
11
35
53
146
9
37
99
53
43
97
34
68
26
9
77
16
23
141
1
57
80
20
7
22
51
12
3
57
66
11
91
36
3
21
134
38
14
92
78
18
8
41
45
0
83
2
67
44
41
26
27
76
25
44
14
37
35
50
2
43
57
64
104
59
30
4
57
77
44
17
63
40
64
78
22
51
58
100
82
21
76
11
26
51
60
23
13
6
5
51
5
10
77
15
46
36
93
13
79
110
75
73
92
5
87
114
5
179
89
65
28
23
36
33
117
88
12
43
5
126
15
31
80
40
44
14
31
122
58
65
32
134
23
80
91
71
79
8
69
28
31
37
52
24
38
45
46
74
77
94
7
21
93
26
40
26
92
16
91
97
6
52
48
28
33
13
103
57
36
100
118
29
75
77
34
59
24
27
60
39
43
4
57
40
100
51
54
28
30
55
60
20
27
121
77
19
26
17
123
39
89
69
82
27
21
4
59
23
44
20
67
13
48
3
10
71
70
106
89
17
2
50
49
114
166
8
90
40
26
47
106
136
70
22
1
29
5
46
45
74
32
21
79
58
6
58
18
91
87
133
135
94
64
43
8
20
61
119
8
1
107
94
20
43
4
30
61
45
36
6
11
9
52
81
87
24
75
20
25
83
46
104
4
54
132
26
60
91
89
62
5
44
31
63
82
62
72
6
70
12
7
4
29
12
67
31
36
13
70
34
34
5
26
27
36
3
14
46
77
70
26
7
11
13
85
17
24
48
32
78
23
58
33
11
81
16
58
106
50
70
56
2
58
20
62
47
46
30
1
23
92
46
77
6
21
14
48
14
16
13
68
95
110
59
32
12
56
100
70
45
41
13
75
74
70
85
12
30
5
3
39
1
43
109
44
18
2
25
95
89
100
50
6
60
150
23
69
63
17
103
44
8
53
30
95
43
81
85
29
22
36
9
60
41
3
28
59
18
47
14
29
25
86
75
29
47
31
16
38
49
66
33
32
34
37
21
26
54
82
33
53
18
90
77
8
10
101
46
28
4
16
8
60
27
8
14
74
9
36
45
24
89
15
50
1
4
48
44
1
42
25
39
20
26
53
35
15
57
11
21
76
32
112
133
47
83
46
11
36
52
5
10
5
29
55
14
71
17
68
36
76
56
69
12
9
60
180
21
77
70
31
10
38
20
45
42
65
26
37
17
2
2
10
73
34
43
118
11
82
25
22
26
29
15
74
61
33
10
88
81
90
70
62
56
24
77
74
22
89
66
3
2
21
48
54
54
21
7
22
80
47
74
95
122
11
36
24
56
93
19
64
119
12
66
137
29
55
89
37
73
17
3
4
113
67
74
5
50
48
6
9
143
29
67
56
60
13
10
26
80
99
4
57
11
76
31
7
39
8
27
68
93
79
38
17
64
57
92
35
43
30
2
55
107
123
19
35
25
66
15
79
93
34
21
45
41
4
53
20
22
85
4
44
1
39
47
104
20
23
63
56
29
11
41
16
41
31
49
34
70
4
44
92
97
28
9
1
42
51
107
64
39
54
13
33
82
47
56
51
70
31
53
8
2
14
35
39
74
0
56
42
16
44
45
155
11
35
31
87
57
10
26
22
52
1
119
16
13
70
75
15
39
78
24
3
112
47
20
26
18
27
80
2
51
45
58
64
13
39
2
16
3
64
31
20
27
3
119
95
54
3
38
24
14
37
98
52
12
13
32
39
3
16
5
35
64
74
65
50
5
44
29
21
8
44
43
11
52
65
48
82
64
10
39
52
59
44
19
0
42
80
16
10
5
15
33
51
164
70
31
73
38
63
36
51
44
1
4
85
106
5
50
45
40
78
16
46
24
9
37
24
44
70
2
96
4
46
44
5
60
20
28
15
48
37
17
8
67
51
12
43
42
16
93
74
39
15
35
79
68
4
36
11
22
64
27
8
20
26
50
44
108
49
18
60
17
42
7
67
50
14
83
73
23
122
35
143
17
0
56
7
14
127
135
10
48
32
76
68
47
14
1
59
8
22
42
61
51
3
29
4
13
78
2
15
27
7
58
0
66
1
53
86
11
9
24
14
80
122
3
102
19
48
80
38
34
42
42
36
8
43
19
19
35
42
27
7
44
28
40
6
72
44
9
37
19
41
9
48
8
11
72
81
47
67
87
53
23
31
8
72
46
46
38
98
47
26
24
34
8
17
65
92
7
136
3
63
28
34
1
25
90
62
2
96
35
83
8
41
47
23
9
63
33
68
108
128
26
61
50
67
13
61
32
36
53
68
48
50
32
113
9
38
57
0
84
22
53
26
27
46
28
50
26
4
16
156
85
67
54
6
18
24
23
5
36
1
1
49
54
111
10
36
33
137
95
42
13
89
59
31
25
11
122
15
49
106
68
35
29
6
85
17
70
80
25
2
40
64
18
23
46
82
69
15
32
1
12
75
2
69
63
30
68
0
28
43
10
39
73
29
43
6
66
111
7
16
34
81
30
43
37
49
2
6
26
0
9
70
56
49
69
8
17
3
111
12
7
46
125
18
14
80
12
42
45
55
126
24
34
4
79
32
42
68
22
18
5
28
54
15
17
1
38
16
6
23
91
38
45
20
21
27
39
94
1
15
59
4
37
71
25
12
77
67
47
20
73
74
48
25
14
53
48
40
28
25
6
1
64
88
59
2
9
35
94
20
35
27
29
0
12
119
11
5
86
8
0
32
30
7
12
35
4
13
90
48
40
21
47
15
25
12
44
22
42
7
36
112
73
29
13
2
9
76
82
5
10
34
44
16
2
47
12
49
16
47
39
21
30
4
9
22
60
76
22
21
28
15
3
69
5
13
46
10
10
20
19
12
4
2
46
27
87
25
47
29
33
106
74
1
44
3
68
8
47
1
14
3
9
14
77
35
30
73
7
12
7
14
17
45
7
74
7
4
33
54
36
22
3
4
60
7
13
8
54
20
26
81
47
9
13
32
12
10
9
29
24
4
51
28
10
17
30
64
40
31
60
42
35
65
21
23
105
33
87
31
42
105
32
9
14
54
22
26
31
64
39
38
2
29
15
29
45
76
9
11
42
86
13
78
4
37
60
30
5
34
29
75
11
42
74
5
5
33
28
81
79
49
13
11
36
36
5
40
17
23
25
120
7
42
24
63
9
26
55
85
51
30
45
63
18
70
111
19
24
11
87
4
39
41
10
49
3
72
52
41
16
58
22
12
20
64
12
7
64
45
24
22
7
36
18
4
12
29
31
63
15
48
36
42
37
13
75
37
41
19
116
2
31
4
74
10
16
28
15
9
27
35
17
13
47
43
7
59
26
15
42
68
2
63
72
23
23
6
7
69
2
21
5
24
21
61
59
1
21
50
33
41
23
31
19
69
107
3
26
62
104
39
7
3
46
9
57
19
14
109
27
115
10
12
11
1
11
26
82
36
10
35
54
30
70
35
44
15
39
115
56
39
28
109
3
14
1
24
32
78
36
12
44
81
48
37
82
67
38
28
36
34
64
19
36
3
9
30
97
0
1
91
12
39
11
56
28
66
25
15
23
31
20
4
74
31
3
11
15
123
61
0
31
50
42
13
39
12
41
34
22
1
3
95
38
20
10
1
7
15
43
83
28
7
3
49
13
6
99
18
90
35
9
23
39
24
71
3
22
94
31
22
35
66
12
42
15
49
87
49
48
11
78
5
39
21
69
40
8
20
5
59
11
34
24
19
12
18
50
0
53
23
73
80
11
2
39
95
13
4
13
24
37
13
93
64
0
3
17
64
17
63
9
70
13
13
7
19
28
118
18
36
15
71
13
12
64
72
62
26
49
47
61
33
11
42
19
22
53
33
10
5
68
43
41
28
3
27
38
29
29
16
31
21
10
62
6
2
39
6
6
70
64
7
28
36
18
45
49
51
10
29
24
22
41
15
32
39
20
45
45
10
52
29
27
19
4
61
36
20
15
22
17
55
99
105
28
36
42
24
58
35
1
70
6
29
74
135
77
97
4
30
48
6
15
27
37
29
21
3
7
55
91
53
60
5
62
27
40
9
12
50
91
11
71
3
26
46
49
20
45
18
13
71
51
49
1
6
43
1
48
15
19
2
10
10
15
43
69
39
13
11
81
88
27
51
63
43
73
30
19
11
14
16
18
43
1
15
53
27
7
38
91
26
3
22
99
48
68
34
88
13
5
46
61
46
71
17
17
48
72
27
18
65
61
38
16
31
1
17
26
15
11
32
12
30
10
33
12
84
3
13
101
53
0
48
16
57
20
39
84
28
7
12
20
39
8
46
6
53
6
30
48
10
11
15
26
78
17
74
21
90
66
4
8
19
78
36
19
28
81
2
24
26
46
10
63
60
47
13
38
5
9
79
18
1
33
19
23
12
27
13
77
31
38
75
16
15
53
52
28
98
31
53
30
40
76
45
9
0
16
19
21
45
26
48
94
14
23
3
53
23
17
24
22
4
1
42
13
33
6
23
3
43
79
56
21
14
40
4
49
14
48
73
24
55
50
6
0
60
55
56
39
49
32
41
40
22
40
52
11
16
24
28
54
53
16
37
101
25
56
42
53
6
75
15
22
35
23
91
10
31
108
54
1
76
45
29
16
51
58
30
27
75
22
24
3
22
35
67
37
17
8
35
40
49
2
1
11
29
10
39
12
63
3
15
57
3
15
9
46
31
3
42
32
37
60
18
34
42
4
95
21
47
24
37
16
90
6
14
19
9
21
3
36
36
1
8
53
42
67
24
16
2
19
40
98
34
20
1
18
3
40
35
12
99
2
37
27
25
20
15
51
44
8
18
19
29
89
16
46
0
17
10
30
2
45
94
14
23
12
28
4
25
69
2
4
6
11
32
5
24
17
41
14
62
18
29
25
30
39
9
83
24
19
2
19
26
63
22
24
19
23
79
71
5
11
24
17
45
14
34
24
27
23
48
25
23
28
3
18
4
4
14
18
24
48
28
7
48
2
32
52
40
26
2
48
43
9
27
85
19
12
38
62
22
19
19
34
48
18
1
64
20
23
16
3
1
92
72
42
23
64
15
57
35
79
17
60
2
52
9
43
6
18
7
6
38
48
33
13
62
1
5
93
5
53
55
13
25
21
11
35
21
11
1
12
74
2
53
15
43
37
31
5
78
55
22
60
44
44
22
60
15
25
44
29
32
7
17
12
2
8
42
17
23
1
36
25
19
59
14
23
34
45
0
5
33
4
40
93
6
2
27
17
48
51
61
51
26
7
13
21
10
44
96
39
37
47
2
18
5
17
11
51
15
3
18
22
50
7
0
16
23
56
59
35
9
20
55
4
49
56
23
12
3
5
17
51
2
114
26
14
29
8
83
34
38
4
13
21
41
6
20
30
21
6
78
48
16
28
19
38
57
74
14
7
8
26
5
10
22
30
6
42
37
23
36
77
20
2
15
5
44
3
22
90
72
19
41
14
5
26
28
16
1
32
39
77
27
31
31
55
46
60
0
9
31
90
16
21
21
9
5
46
63
29
91
36
52
35
49
31
43
33
3
41
15
10
0
27
30
18
38
11
57
15
47
23
60
0
8
25
41
41
12
35
38
39
36
19
67
9
15
8
28
78
24
11
17
30
27
1
65
8
21
4
25
3
6
10
55
24
48
24
2
10
36
39
56
58
57
71
9
4
11
16
8
51
11
38
40
28
37
52
81
38
15
1
20
9
9
62
56
13
34
11
88
30
22
6
3
68
12
14
22
1
40
20
18
9
12
19
27
35
22
24
47
34
20
38
7
33
3
29
21
47
1
27
12
33
9
0
12
28
1
105
41
38
26
13
24
19
20
58
49
75
9
1
103
41
9
17
9
52
18
5
1
10
7
48
36
107
51
22
2
29
7
33
8
2
21
14
30
79
35
11
77
21
0
47
65
11
15
39
30
79
19
7
30
34
13
4
6
14
63
52
26
68
15
9
4
13
13
26
22
1
22
20
4
22
8
35
29
39
51
10
36
11
2
8
9
0
26
15
55
47
35
21
14
5
7
15
45
34
53
8
36
20
53
30
27
3
24
6
30
47
40
6
23
30
11
24
0
75
51
50
67
10
25
29
24
21
8
13
10
10
60
7
17
37
36
9
16
19
1
25
66
14
35
30
32
19
17
14
23
26
60
16
10
14
21
9
56
10
20
7
8
28
8
8
38
43
28
16
0
6
71
18
6
66
14
20
7
32
4
71
2
5
24
30
23
21
22
2
9
12
22
8
6
23
6
14
37
55
41
12
36
21
18
3
1
13
41
14
30
13
10
3
33
41
10
0
30
17
1
22
39
51
3
4
19
32
9
24
16
50
10
11
41
2
57
43
14
63
47
13
7
37
13
32
12
35
26
21
3
8
6
3
6
30
22
4
66
3
68
11
7
31
2
14
29
18
32
8
16
5
15
17
4
17
0
14
7
36
17
8
2
6
19
55
7
30
10
7
7
21
41
15
30
12
23
6
59
11
10
30
5
14
9
36
7
29
1
12
9
17
48
17
9
4
18
75
39
3
9
24
54
7
8
9
12
0
7
30
10
20
59
4
7
17
30
6
30
14
67
11
38
6
42
3
9
48
81
33
6
2
6
1
31
5
14
10
16
68
15
24
28
7
21
28
8
41
32
27
6
34
6
34
7
17
38
0
7
9
11
20
2
16
44
9
8
18
32
2
27
26
3
4
53
23
14
5
33
7
31
14
14
36
4
32
8
10
15
29
33
49
1
46
37
10
14
18
14
7
9
42
56
19
9
1
2
8
36
5
23
17
5
5
44
32
53
15
3
30
34
45
4
64
26
50
45
3
27
0
4
22
10
40
32
10
44
17
9
21
58
4
6
8
28
9
7
24
7
11
26
49
11
46
3
26
1
35
5
8
37
22
16
38
14
4
3
49
24
19
2
13
21
29
52
47
13
10
2
30
24
11
17
31
11
23
26
67
48
30
40
18
6
18
7
1
0
35
24
31
21
10
27
10
14
26
42
30
3
22
28
11
5
17
37
20
24
11
2
9
17
45
23
2
12
35
22
37
14
33
24
7
9
30
12
18
21
3
1
31
4
2
34
10
26
16
19
0
7
4
31
18
63
14
16
0
36
34
30
40
10
4
20
14
27
30
14
11
83
8
22
12
26
5
4
21
3
19
8
14
0
6
35
33
17
13
20
29
2
26
3
18
10
8
5
36
11
7
21
10
8
30
3
49
39
38
24
1
6
67
7
23
21
2
20
37
3
8
44
1
43
1
18
13
19
41
16
21
27
11
7
0
32
43
5
38
11
25
18
18
12
4
32
10
21
8
19
12
24
13
11
19
27
7
28
14
6
25
8
13
7
12
30
30
5
14
7
29
34
6
24
7
33
16
4
17
24
8
1
13
1
10
27
15
30
10
1
1
1
0
39
8
2
23
14
18
52
6
6
5
19
15
6
30
20
31
17
10
3
21
9
6
2
6
21
17
35
19
3
9
5
11
23
5
21
1
13
0
24
17
31
36
21
1
3
29
24
15
58
1
20
17
5
15
6
30
6
10
23
3
19
13
13
13
9
7
3
10
16
11
32
12
3
11
22
22
11
11
27
11
26
17
47
9
13
7
7
11
19
30
11
10
1
28
3
19
16
15
9
11
1
27
7
1
4
18
35
13
22
3
1
7
9
4
2
50
3
12
7
35
5
23
28
7
11
11
20
10
4
10
3
15
4
38
8
13
28
10
28
3
5
14
8
12
6
13
14
28
1
8
11
12
4
10
18
24
2
17
7
25
5
6
9
1
12
9
17
9
0
0
15
5
1
7
15
2
23
2
17
29
11
10
3
17
6
11
4
10
5
0
27
3
22
31
12
25
9
1
12
3
10
3
4
17
23
4
10
4
7
2
16
28
9
21
2
0
8
13
8
5
7
8
0
19
5
7
7
9
2
24
9
3
2
2
9
12
13
2
25
10
6
4
17
20
4
9
5
15
16
5
12
5
6
1
7
5
3
12
3
10
14
2
14
13
8
10
6
13
3
12
2
15
5
17
23
4
16
20
11
6
3
1
6
10
6
0
5
10
12
19
4
5
21
27
12
11
16
2
12
12
7
24
3
6
9
6
5
4
6
4
12
9
6
9
8
8
11
1
10
2
2
2
7
3
9
8
17
3
6
2
10
10
3
1
5
7
2
7
2
3
2
4
1
0
1
1
3
1
4
2
0
5
1
0
6
1
1
1
1
1
2
0
3
0
