39
4
1
24
9
1
31
12
26
17
38
86
3
98
13
8
5
56
67
3
83
39
19
22
22
47
2
21
79
111
32
46
21
36
1
152
34
7
33
3
17
20
30
35
24
74
16
7
39
33
1
16
14
10
54
45
64
5
91
19
29
17
1
53
20
66
2
8
66
13
15
11
7
21
31
162
25
54
8
117
15
113
64
37
59
68
28
13
38
61
52
38
69
37
65
22
79
36
141
89
9
58
41
28
57
15
5
1
6
28
43
13
16
14
38
83
24
110
23
28
52
18
16
93
11
83
5
44
41
34
90
22
40
57
116
56
32
42
26
51
16
39
58
52
45
0
80
59
33
25
61
70
49
38
61
17
1
9
41
76
74
27
42
101
50
61
6
49
66
15
90
57
14
2
47
49
162
42
27
20
55
5
54
18
58
53
64
41
53
66
65
47
99
7
79
107
23
40
29
22
75
3
6
3
20
7
9
81
38
20
131
54
48
96
17
93
23
140
114
70
65
125
55
8
28
89
67
16
58
175
39
73
86
52
72
169
83
89
11
129
73
3
87
4
108
11
23
65
38
47
8
23
39
10
29
148
124
50
29
11
110
69
53
78
3
49
59
1
43
45
0
88
10
41
13
75
120
115
8
34
73
39
10
64
30
80
46
25
29
27
33
8
55
17
2
11
78
75
12
38
51
5
59
55
44
25
73
15
110
26
59
24
41
6
11
31
91
20
24
2
42
26
30
32
94
44
17
4
49
112
15
2
29
79
90
14
56
2
33
86
4
82
5
50
4
84
45
32
42
10
34
24
84
3
6
32
90
154
30
80
34
30
184
18
83
92
12
43
68
14
111
50
48
1
95
70
0
22
4
124
37
144
4
1
46
71
3
12
25
53
26
93
90
107
21
27
52
18
21
68
53
16
6
37
64
7
3
73
129
45
45
15
70
90
136
34
30
9
90
31
65
144
48
78
57
28
24
69
37
139
70
61
6
11
1
58
69
110
34
25
7
103
58
75
12
51
5
68
3
22
5
26
38
18
21
110
4
22
4
35
39
42
21
24
55
22
29
8
40
2
36
45
8
60
74
2
48
16
38
55
59
65
87
85
26
73
55
86
52
4
9
39
3
19
16
32
25
14
53
23
12
95
15
37
56
42
15
55
97
63
12
84
107
88
30
28
24
83
26
33
43
111
68
34
66
88
74
73
57
93
1
67
8
76
5
49
121
5
5
32
43
41
3
83
49
3
18
73
27
61
24
50
12
102
16
47
129
84
33
6
64
25
13
25
51
61
18
39
61
14
76
4
35
22
7
66
22
11
49
55
7
1
60
28
13
65
17
28
6
23
74
7
21
70
46
72
22
3
10
73
13
4
23
11
6
28
17
43
59
33
28
61
23
62
10
13
109
56
5
24
43
25
74
29
98
28
11
125
58
7
9
15
72
50
120
16
57
102
18
121
37
42
50
10
0
13
38
118
30
10
49
26
61
7
70
18
60
116
100
73
11
26
41
57
62
35
10
50
111
87
25
6
1
54
111
30
97
23
3
34
102
8
60
20
56
8
4
131
20
110
17
22
88
119
24
23
35
69
57
60
34
13
100
45
10
29
64
6
2
18
53
29
52
57
30
6
91
11
39
15
69
40
25
21
38
89
79
12
66
49
37
2
14
63
15
3
10
46
24
3
40
92
99
32
33
53
5
4
31
11
5
23
24
41
32
48
73
4
27
22
0
57
19
33
13
117
18
28
10
20
23
36
44
24
79
144
12
8
79
71
26
48
93
26
47
54
65
65
28
41
101
99
3
31
71
43
65
10
29
10
66
63
46
18
12
7
24
16
60
6
100
30
138
7
23
53
118
12
52
69
52
46
16
111
115
37
33
36
0
3
30
11
36
43
15
13
109
93
2
67
11
41
8
2
83
20
34
32
5
28
32
34
41
59
20
47
17
51
60
41
56
74
49
62
40
94
19
9
90
60
60
102
17
27
30
29
30
3
44
41
5
10
5
58
76
3
1
61
4
35
34
19
110
124
83
3
40
26
150
32
8
41
34
41
5
6
28
40
46
67
49
14
22
92
160
10
97
14
49
66
80
46
85
29
13
74
18
14
2
4
44
94
49
98
27
98
147
41
15
57
12
86
110
84
68
69
29
10
36
33
2
12
56
38
33
9
33
14
60
113
5
60
99
61
27
13
5
29
1
20
20
39
150
56
79
2
25
11
80
2
12
25
12
33
99
5
18
10
23
47
109
4
30
96
53
35
15
83
47
91
51
82
70
43
36
40
70
36
83
33
9
32
102
115
49
32
54
80
11
45
80
31
60
37
61
50
5
55
26
78
23
45
53
69
25
8
45
31
18
70
58
2
4
55
16
47
132
12
53
82
6
38
13
23
45
55
65
23
37
89
67
45
75
19
65
62
11
52
56
5
17
67
49
5
33
121
23
56
7
13
11
42
14
14
7
48
83
64
15
22
66
41
112
26
62
20
65
51
57
21
8
25
22
55
12
68
8
52
47
28
17
62
42
33
62
78
59
55
25
19
10
33
27
15
98
21
14
12
25
105
20
63
19
34
0
56
13
50
2
56
38
105
2
31
24
15
86
82
59
31
18
37
105
12
32
24
84
22
16
32
39
12
68
26
47
7
64
23
15
31
36
9
88
74
81
45
5
23
74
27
61
76
57
18
32
16
33
9
12
32
73
7
36
82
16
50
67
36
47
15
23
43
116
22
117
39
14
75
18
27
13
48
2
49
3
46
80
114
20
6
2
18
60
18
57
5
11
52
25
4
8
0
5
86
31
9
66
115
15
1
8
50
32
83
2
12
9
84
14
24
27
39
14
149
53
31
71
14
6
42
29
19
49
9
82
86
67
25
64
9
30
3
15
86
33
2
74
47
16
25
32
30
15
78
15
31
49
4
48
31
18
46
47
10
47
19
20
8
13
49
68
96
43
82
2
36
72
8
100
29
54
61
170
43
45
72
9
11
51
1
14
23
1
32
38
7
10
8
11
45
36
2
44
11
37
22
4
28
35
21
38
48
15
33
54
43
51
3
83
21
46
11
2
8
94
38
53
69
6
57
111
2
92
122
31
35
157
47
46
13
5
136
59
59
21
31
90
98
2
37
20
42
125
63
10
18
6
60
42
40
47
10
5
12
15
61
45
0
34
55
14
48
38
51
23
115
60
18
66
19
52
11
20
36
7
3
22
99
75
38
9
17
17
54
18
143
6
11
6
26
88
66
49
48
62
66
17
36
54
50
102
95
67
5
1
23
22
68
27
31
19
45
9
3
46
8
16
10
69
52
7
64
45
30
48
5
32
16
85
51
14
20
82
15
10
40
63
22
29
69
54
5
38
50
47
33
25
40
66
11
31
144
56
26
110
24
14
27
40
86
77
36
93
88
25
6
29
6
39
118
36
51
2
23
61
32
48
39
12
19
17
125
93
1
15
44
23
33
26
73
27
59
57
13
135
48
63
6
7
11
93
33
1
29
3
17
113
8
33
54
8
42
19
2
30
20
4
31
50
54
7
85
51
13
12
33
4
1
15
52
24
42
50
46
44
49
35
14
17
0
118
44
9
51
54
28
16
22
33
14
42
5
13
115
23
40
19
31
6
15
96
2
97
82
45
65
3
63
85
126
14
43
8
31
4
3
29
20
70
33
14
129
5
15
21
80
46
84
84
80
73
63
23
42
2
52
55
27
71
11
9
19
38
8
4
24
68
49
1
25
17
71
1
10
57
25
62
16
51
18
16
4
39
3
64
81
22
46
5
43
14
88
14
22
1
8
75
25
16
31
64
50
11
9
45
56
110
97
1
60
49
1
62
41
40
38
40
41
19
20
27
61
40
3
36
20
41
65
21
13
67
44
19
74
30
94
30
36
2
46
42
20
97
19
39
1
45
45
58
61
11
26
4
6
36
23
28
55
15
82
114
20
11
19
14
30
49
17
11
7
62
8
58
21
34
20
97
1
50
22
27
11
14
10
72
65
34
41
1
62
73
27
111
61
8
14
17
3
5
9
32
117
21
87
94
114
29
0
30
48
27
96
7
19
49
35
27
33
24
46
48
12
1
140
53
23
61
30
4
46
42
12
48
7
27
95
5
103
20
27
32
16
31
35
53
46
56
45
50
63
131
43
43
40
34
8
64
42
78
49
11
118
37
134
62
48
118
18
42
18
13
35
18
35
7
48
9
7
42
16
33
92
43
69
32
40
22
46
47
12
38
15
23
10
68
26
31
60
68
5
59
9
2
8
36
81
11
38
24
31
18
65
43
53
46
6
31
95
27
75
18
44
40
89
124
47
5
23
18
35
40
64
69
51
15
12
18
29
23
10
60
15
20
6
85
25
62
10
44
42
6
83
17
0
12
39
60
39
6
25
33
72
109
58
7
76
80
25
3
4
111
32
24
7
2
113
97
8
5
40
29
54
58
73
26
1
16
23
20
12
93
73
25
16
66
91
8
142
13
42
42
103
37
69
10
31
31
66
19
11
89
97
20
35
8
35
9
57
65
112
67
54
49
43
34
71
2
19
89
4
70
4
73
3
21
30
20
7
95
92
11
21
50
75
23
7
42
37
3
67
7
34
73
48
10
40
33
31
71
28
47
40
57
16
10
20
42
18
69
37
2
43
25
20
64
54
1
40
33
61
14
10
141
29
44
28
47
29
15
21
47
60
17
30
23
18
1
27
5
87
34
3
13
55
15
35
30
49
38
23
8
34
8
91
38
39
64
55
30
92
30
41
77
16
7
44
13
5
62
70
42
68
45
38
23
74
22
19
21
62
12
62
73
18
66
83
20
89
54
28
0
8
55
52
33
41
7
58
8
11
19
117
64
22
22
12
31
46
38
5
88
29
1
50
53
8
2
87
31
87
5
41
53
58
19
14
8
100
17
48
6
11
46
92
26
3
12
45
1
84
56
74
26
39
46
45
44
24
15
21
7
29
44
15
22
60
2
21
66
13
29
57
10
9
9
15
38
6
65
9
41
34
17
21
30
79
58
32
30
61
11
14
5
32
20
26
30
25
5
70
34
12
33
44
87
11
23
62
45
33
17
85
28
11
9
34
63
5
44
83
38
18
33
28
16
16
62
68
8
30
67
12
76
40
17
80
76
62
36
40
46
3
12
33
37
114
34
55
6
21
17
40
21
1
58
31
37
59
11
13
59
9
3
27
15
64
11
35
102
42
19
47
51
63
64
26
57
31
17
26
1
13
41
39
39
31
11
5
81
24
57
2
52
3
56
8
16
32
37
15
20
50
29
11
80
27
10
30
18
2
34
48
56
7
46
26
16
10
49
36
10
23
78
26
21
89
17
3
52
9
16
3
16
85
8
41
56
16
53
14
33
50
82
44
5
52
15
70
16
14
6
69
35
96
25
33
9
27
24
19
103
17
96
92
21
7
1
67
60
65
15
47
59
17
0
35
57
52
6
40
44
19
19
26
32
1
17
6
3
18
15
7
45
73
7
13
20
34
42
45
69
4
56
37
45
37
22
38
74
32
14
37
53
14
19
62
45
15
12
8
2
38
19
34
13
13
11
24
36
16
5
86
15
52
40
19
50
5
24
58
44
2
30
53
32
84
37
3
8
5
29
15
29
53
25
29
5
19
13
31
41
8
56
64
25
26
31
47
6
27
18
8
5
26
40
20
30
27
74
41
50
3
51
24
20
5
10
19
38
29
17
24
13
50
37
61
51
2
13
29
18
18
80
26
10
24
38
15
59
46
23
36
53
32
62
12
26
32
22
29
17
17
20
10
38
2
29
18
15
31
47
50
37
40
20
23
42
7
45
55
47
71
28
4
27
53
11
42
40
25
18
5
52
32
55
39
28
26
51
30
4
15
9
42
11
13
79
26
17
35
62
35
44
39
41
40
20
9
20
29
30
9
72
13
16
19
81
4
47
9
27
27
14
17
23
0
16
5
24
10
21
4
72
26
12
37
7
17
5
84
5
52
51
6
11
24
43
30
19
5
10
97
10
20
8
44
33
8
26
32
66
29
42
11
28
14
5
6
43
28
4
22
82
21
53
100
26
21
5
36
1
19
12
15
18
13
33
19
42
1
22
27
62
31
26
19
17
10
24
6
22
0
4
33
73
47
59
12
35
31
3
54
11
1
15
29
29
58
2
33
40
22
19
41
1
8
47
31
11
67
34
39
89
17
70
12
32
35
28
46
55
49
33
6
35
7
14
3
3
6
16
6
17
11
13
25
25
22
50
30
3
15
3
45
16
43
47
30
29
7
18
15
21
52
49
2
113
17
18
6
51
15
19
22
21
37
20
4
25
61
16
38
25
47
23
44
10
23
71
28
52
19
7
18
79
38
14
5
6
45
12
33
12
90
30
66
9
2
22
20
9
2
10
28
21
66
55
36
29
48
4
48
9
22
32
50
10
35
62
29
51
68
32
15
20
28
3
18
11
55
4
10
24
66
9
22
20
10
5
52
65
5
32
25
29
31
6
76
34
4
11
3
54
43
46
43
75
14
62
4
18
6
16
25
28
3
22
12
73
1
5
20
32
8
52
40
42
49
5
19
50
17
9
66
10
38
24
34
38
32
8
47
95
21
23
10
9
2
41
26
30
35
5
34
2
81
3
21
4
7
13
36
13
20
19
4
102
1
41
60
33
63
19
10
5
35
4
8
22
21
11
17
22
25
12
7
50
44
14
26
46
16
2
19
4
13
8
56
13
7
13
24
33
34
18
64
22
15
3
8
8
8
34
41
9
45
54
9
34
7
18
26
28
47
24
15
75
9
13
5
9
40
0
32
41
63
9
4
36
13
23
28
33
13
1
5
36
18
29
56
36
10
12
5
10
20
44
23
7
34
44
18
66
24
9
10
2
9
19
10
25
5
5
8
35
26
15
15
2
12
60
86
8
3
5
28
44
3
20
13
61
6
42
18
38
3
23
4
90
39
57
15
15
2
51
49
23
24
71
17
2
16
13
41
1
19
38
18
11
4
26
42
22
2
47
27
33
5
29
51
42
7
47
20
28
52
49
11
26
24
0
27
8
32
26
2
13
2
44
49
22
3
11
12
33
12
6
51
16
29
2
7
26
43
6
28
12
1
74
8
7
68
44
28
2
22
8
30
39
9
14
43
26
41
26
4
23
1
21
7
27
23
13
4
84
25
5
7
2
30
27
5
24
11
27
16
48
24
31
49
6
45
1
28
40
61
4
60
14
27
9
2
15
19
20
50
31
37
6
9
37
37
15
32
13
20
13
49
7
4
6
19
24
41
15
6
40
44
17
16
2
16
27
54
1
5
18
25
23
10
5
31
10
35
7
63
41
22
27
21
34
5
1
33
13
17
49
11
15
45
7
11
28
16
51
2
67
17
25
3
27
2
20
26
2
5
12
49
27
29
11
28
25
59
37
46
1
30
5
18
44
3
14
33
19
9
37
16
29
57
58
21
24
26
30
14
66
49
10
27
19
46
40
24
14
1
8
49
6
17
24
9
20
22
23
20
23
40
17
10
35
2
16
45
39
3
49
16
42
14
11
20
5
22
5
29
49
29
38
10
7
41
11
10
23
19
17
30
12
12
22
15
21
27
44
11
18
20
7
13
21
48
4
33
34
47
21
42
16
28
20
31
13
46
21
37
26
9
8
27
33
3
3
32
68
54
41
25
5
17
11
12
28
0
22
7
7
24
1
8
8
41
33
36
6
33
42
4
16
25
1
76
19
12
45
45
40
22
47
9
7
7
0
23
2
54
19
2
24
16
76
22
44
27
22
27
1
37
21
45
26
2
43
31
24
34
49
42
7
10
7
7
19
1
35
13
11
34
22
2
53
51
7
17
28
19
11
27
15
51
52
8
8
21
12
9
4
17
28
1
8
51
12
34
9
38
4
55
37
10
19
5
16
13
24
20
38
6
3
3
15
26
2
22
6
9
15
12
13
40
6
38
14
12
40
8
19
14
10
45
59
32
8
27
1
7
24
10
17
39
6
60
23
4
7
45
2
27
16
27
29
11
6
38
10
17
9
31
3
13
33
11
12
47
10
13
4
12
23
8
17
14
1
11
18
8
5
25
35
4
9
15
5
24
16
16
37
1
8
2
9
25
3
27
6
35
7
12
19
27
8
53
16
34
19
9
8
24
7
15
54
40
19
11
49
35
10
24
34
9
13
17
5
23
12
56
29
13
19
21
19
10
9
1
40
25
19
15
3
7
36
32
50
14
62
13
3
9
43
24
3
5
39
10
21
19
37
26
11
34
2
13
0
2
27
20
34
25
22
5
26
3
2
12
8
36
36
18
18
16
2
14
11
19
15
5
3
8
31
53
8
22
17
8
17
22
10
11
34
22
28
14
4
20
20
7
9
6
22
38
22
42
15
8
5
4
10
0
14
5
13
27
0
11
5
4
20
17
0
31
6
18
7
17
31
36
4
10
20
28
22
10
10
11
3
35
7
9
36
7
20
8
4
33
17
22
9
26
23
3
24
11
8
9
0
21
10
39
5
20
4
12
27
24
1
14
1
9
0
2
8
26
16
1
9
1
24
10
9
34
26
22
18
3
9
10
2
1
4
0
1
8
15
46
0
30
6
6
22
17
12
7
26
22
0
3
8
12
2
22
23
4
6
28
10
7
3
1
8
46
5
14
10
30
19
14
5
4
1
8
0
14
13
6
36
18
20
11
9
15
6
22
17
7
2
44
6
38
4
15
11
9
14
2
5
13
6
23
17
16
29
18
22
5
10
18
30
4
32
18
15
16
5
8
6
10
19
1
32
30
11
13
29
14
41
6
2
3
18
27
2
13
1
26
17
0
24
1
0
33
14
4
20
20
26
8
11
8
35
15
3
10
10
7
53
14
24
16
3
11
17
6
20
21
21
13
2
6
2
23
7
1
18
8
21
3
16
6
0
4
22
17
13
14
0
30
32
7
9
5
19
2
4
18
20
19
3
8
2
6
10
6
25
0
17
19
15
9
11
26
10
2
8
11
2
18
16
3
17
10
18
7
16
13
7
7
13
4
16
8
8
11
9
16
4
11
2
16
13
14
11
12
16
4
36
11
21
11
8
6
24
2
12
5
18
5
18
22
1
3
1
7
3
4
11
16
21
12
6
11
7
2
20
5
14
5
0
11
5
1
3
16
9
12
7
1
3
5
6
1
3
6
6
3
8
5
3
1
7
4
4
0
9
10
4
4
11
0
14
3
5
8
2
5
4
5
14
1
4
8
17
5
1
1
12
3
8
2
4
6
1
4
5
2
2
9
3
0
8
1
7
5
8
5
1
9
1
2
3
0
9
2
5
11
2
7
2
2
8
0
3
1
10
4
3
0
6
1
4
4
1
4
2
2
2
5
0
0
0
0
