23
33
105
29
1
3
4
8
48
10
12
25
18
105
40
55
60
7
18
11
100
59
13
27
175
10
15
34
65
105
13
40
108
30
5
6
11
52
11
21
0
35
64
2
14
14
17
48
32
68
65
32
33
49
17
41
54
31
57
21
39
52
15
3
57
16
33
25
37
17
57
43
0
13
82
6
49
26
33
24
32
52
12
19
58
63
23
40
97
73
107
44
30
4
88
28
65
80
114
7
18
113
82
29
51
40
94
23
33
7
64
44
111
111
147
53
22
43
45
51
22
134
73
39
53
34
14
48
38
17
36
40
45
172
3
55
33
110
6
92
1
68
8
43
18
44
9
51
44
35
31
53
7
19
54
52
23
28
11
48
15
40
1
24
65
38
42
54
15
36
21
7
82
16
94
131
10
69
92
17
13
13
12
7
13
66
20
33
57
38
10
37
36
116
116
86
121
24
20
149
48
1
59
40
13
24
77
35
50
47
55
26
18
156
78
32
20
115
84
3
4
20
53
20
45
9
32
26
38
27
91
99
128
57
19
0
79
70
39
41
109
113
9
78
27
41
26
78
21
65
14
45
61
65
96
64
38
83
48
71
22
13
151
108
56
54
22
71
104
44
22
73
62
30
4
35
125
64
59
29
6
20
89
23
4
22
18
14
29
56
21
44
126
90
75
16
70
92
5
1
82
23
34
11
171
47
56
8
24
46
87
49
60
9
111
47
71
170
8
32
8
57
76
1
67
34
145
86
39
53
192
104
35
66
75
2
5
90
23
8
4
45
18
73
35
4
3
11
116
7
27
69
2
43
25
26
16
55
61
46
78
63
67
13
28
50
24
58
36
18
36
55
96
84
125
87
63
38
21
2
68
8
83
27
4
39
127
22
26
17
38
16
41
85
59
26
78
31
32
86
15
43
47
20
45
166
38
34
24
56
16
87
17
23
51
2
71
71
27
134
30
33
88
32
44
82
62
39
19
48
56
62
140
38
27
78
46
39
97
19
6
4
35
26
4
39
38
74
16
67
10
88
2
60
58
33
15
6
7
22
86
31
69
61
70
7
31
71
32
99
67
71
2
146
14
75
70
16
85
40
10
49
170
13
4
17
3
126
18
40
52
49
19
2
30
23
85
45
15
108
78
4
45
84
61
126
20
50
7
46
18
77
62
12
78
39
8
58
51
88
101
54
37
14
30
15
122
35
78
44
26
137
18
22
95
67
65
16
70
19
8
99
115
0
80
22
40
9
19
110
66
38
37
54
59
66
68
53
18
5
23
36
83
60
3
23
21
111
3
42
45
20
40
94
120
146
70
116
36
19
52
19
71
103
103
5
7
48
67
23
0
58
65
55
60
0
9
20
81
17
31
16
96
68
70
73
38
115
20
83
33
57
87
59
32
46
45
18
14
18
17
12
16
3
1
31
105
31
37
36
72
52
12
31
9
94
64
64
94
42
42
113
35
6
26
62
25
53
39
97
19
17
30
114
10
37
6
21
46
110
75
65
13
22
66
51
30
56
58
101
100
120
27
79
56
71
57
92
39
0
3
34
75
29
148
26
26
1
107
97
45
110
8
51
67
9
6
56
63
19
65
6
46
2
15
28
77
2
57
73
126
18
14
38
24
1
86
79
99
1
16
68
5
17
62
37
37
61
50
66
2
1
30
42
45
7
76
64
153
54
58
6
39
60
83
7
3
37
61
26
10
7
25
8
120
16
36
15
34
18
34
8
67
10
27
130
53
54
6
33
62
37
144
48
52
86
57
43
1
86
16
38
60
45
58
67
3
25
33
39
87
94
62
13
16
62
42
62
1
9
85
10
21
33
60
20
29
56
55
89
51
18
96
57
12
43
140
4
34
44
47
29
62
5
91
18
45
40
21
46
53
42
58
32
66
19
4
67
40
10
41
101
23
68
75
40
58
28
34
15
18
101
4
6
100
23
77
51
22
78
56
1
45
48
22
48
93
2
55
130
29
26
57
32
28
22
16
15
72
6
40
22
43
32
38
95
55
17
38
66
42
2
116
29
128
134
31
52
50
17
36
77
82
7
35
69
65
114
83
3
14
44
34
56
59
107
44
102
0
21
20
7
70
9
59
82
39
97
23
63
49
11
56
54
97
91
106
7
99
88
35
73
130
95
144
51
45
35
126
13
22
16
24
25
21
10
15
24
42
73
13
27
28
10
52
64
9
19
10
18
65
47
59
84
21
39
38
16
69
41
107
16
39
67
23
25
83
98
67
14
109
9
29
5
29
51
32
66
1
34
6
145
7
26
19
2
7
19
39
121
40
34
42
28
30
66
116
43
62
32
46
43
121
3
57
23
95
64
29
119
6
23
31
40
66
76
119
25
93
24
50
24
2
77
96
8
77
43
20
15
64
21
31
88
84
50
111
46
74
48
119
45
9
103
95
86
26
58
16
17
51
47
81
15
78
28
33
18
39
26
24
1
20
64
78
21
23
113
7
27
49
45
39
77
45
17
31
32
39
17
87
53
32
19
14
58
56
8
15
5
35
60
2
46
35
45
93
19
55
23
131
21
71
76
50
30
38
53
26
23
109
14
71
93
36
53
54
76
50
45
44
46
117
30
94
86
29
57
36
32
51
18
26
77
50
10
28
80
10
9
30
2
73
102
28
68
66
27
34
83
92
115
0
10
16
63
52
39
19
71
24
15
14
23
38
56
38
55
63
45
8
1
124
51
9
25
35
55
21
22
15
13
47
84
35
55
4
152
61
4
47
34
55
12
113
41
131
138
13
21
9
15
27
37
23
57
72
36
108
6
19
19
48
44
101
5
8
56
11
7
54
64
34
8
79
88
35
14
11
73
81
4
44
5
53
12
14
66
8
124
62
20
54
45
73
9
55
41
3
80
14
43
55
19
51
14
42
114
6
30
6
90
119
20
7
42
11
109
35
18
57
1
62
6
45
62
24
2
49
73
24
97
10
96
103
104
38
16
6
35
75
51
15
21
3
9
82
106
82
34
41
35
27
13
89
12
42
22
24
3
2
46
61
3
75
35
18
33
44
38
34
75
94
69
71
62
61
16
37
11
15
101
15
34
29
26
5
90
70
25
46
21
118
8
34
23
14
25
68
105
100
24
31
58
82
49
118
22
12
15
53
37
24
38
33
6
48
90
47
74
26
22
93
21
51
21
24
8
7
57
19
123
2
55
29
29
40
25
33
22
32
52
36
29
17
22
70
4
127
11
19
9
5
23
1
15
24
39
68
46
85
32
19
83
4
19
33
60
122
31
58
19
61
14
71
20
22
40
4
62
39
48
8
11
7
18
28
1
58
40
23
15
89
77
21
28
12
152
52
10
25
3
26
11
59
4
19
29
37
13
54
32
12
17
37
62
46
49
4
96
17
24
45
3
70
104
9
78
74
35
104
3
56
50
14
20
18
90
53
28
60
27
27
33
47
73
34
73
0
30
70
6
31
60
60
17
7
39
58
38
7
29
12
0
20
10
27
35
4
71
41
31
47
33
13
123
34
62
76
54
79
16
103
27
50
54
12
9
80
57
39
10
20
52
40
33
35
46
54
25
21
23
55
87
60
49
33
19
56
47
21
51
32
10
16
98
23
85
4
46
15
134
40
61
39
54
1
80
33
13
65
30
73
24
26
12
19
134
80
55
41
45
11
25
36
59
15
36
48
8
0
19
30
83
104
14
15
26
61
57
24
81
10
60
74
73
50
34
73
49
60
9
16
4
1
68
40
22
41
41
13
86
107
78
72
60
73
4
33
41
32
20
17
42
17
22
15
32
30
80
41
25
17
59
54
35
37
10
49
46
14
37
13
8
135
8
16
66
8
18
19
13
32
36
77
17
37
39
49
28
50
127
54
2
26
56
72
25
11
103
34
49
75
71
25
15
31
62
2
83
2
75
32
43
9
38
5
28
72
27
57
37
19
58
23
31
62
28
45
6
24
12
58
78
85
32
27
92
13
46
2
27
35
9
62
53
64
102
29
13
36
43
82
84
10
23
56
56
49
31
12
21
81
3
58
32
53
41
21
60
57
33
47
23
62
43
1
3
2
26
41
61
66
50
18
6
27
58
1
63
41
45
35
97
30
37
63
80
69
65
18
22
18
57
60
85
31
47
88
79
14
87
29
98
51
64
15
8
57
38
48
56
34
119
58
21
31
7
2
58
32
16
39
23
12
1
53
52
166
27
7
50
80
15
28
26
54
87
78
46
3
33
14
8
4
14
33
10
15
59
53
61
12
64
39
78
49
19
13
34
15
21
32
6
65
59
5
37
27
21
43
92
6
39
70
29
16
11
49
21
34
61
27
29
13
77
30
2
22
4
36
14
134
29
10
37
28
10
1
42
36
9
6
49
92
68
1
58
27
45
57
95
39
47
74
15
5
3
66
49
91
14
51
35
40
37
10
74
71
38
28
28
69
22
51
5
19
2
10
47
3
39
28
18
42
0
56
14
10
18
35
57
46
25
8
13
99
45
60
17
73
59
12
19
22
42
41
33
11
3
15
42
29
2
24
85
7
10
22
4
1
17
63
48
80
8
54
34
15
7
95
19
38
45
96
24
43
25
49
5
4
58
9
12
9
11
18
4
17
91
17
10
79
4
57
3
11
81
67
39
39
38
4
88
10
25
43
10
71
34
34
26
85
62
37
38
46
71
6
35
16
52
6
3
6
11
21
86
16
87
3
29
67
1
8
18
4
12
17
23
11
38
21
71
23
37
15
19
20
20
89
26
77
23
15
32
122
30
35
24
10
13
40
5
9
1
46
11
22
89
11
14
25
19
66
16
18
5
17
5
16
93
15
71
64
57
64
17
25
32
20
43
14
41
18
6
0
54
73
54
11
2
6
5
89
20
16
12
99
37
38
25
55
89
51
9
75
75
0
14
2
16
4
64
24
45
62
62
68
16
27
43
2
26
5
64
24
20
36
48
30
30
43
13
1
70
7
38
4
12
41
90
58
32
34
58
48
26
24
28
73
5
54
80
49
42
28
20
24
10
2
7
54
59
39
50
21
62
2
35
6
48
54
50
9
58
23
55
5
48
35
42
60
14
8
72
76
35
29
32
98
0
57
82
15
33
30
15
13
37
54
11
9
40
36
30
35
18
82
50
16
7
11
60
19
51
119
37
44
39
20
92
15
44
15
16
58
19
20
2
28
7
25
27
44
22
40
10
42
19
8
74
48
85
11
6
23
15
37
3
8
22
2
15
24
25
33
6
13
74
57
40
2
79
10
50
78
45
25
55
14
106
22
70
5
18
101
33
7
19
43
39
55
6
74
4
27
27
47
80
71
6
65
24
56
97
25
11
84
17
39
10
24
0
0
106
51
25
17
39
38
19
18
61
49
13
21
14
6
19
8
25
24
101
14
3
8
33
67
49
92
37
13
47
9
43
31
8
53
21
34
25
21
16
45
74
33
17
32
66
4
117
29
13
1
34
56
87
11
14
25
38
24
31
1
2
10
43
59
62
83
20
86
14
32
9
14
16
92
37
28
15
20
5
131
36
49
120
30
19
7
55
20
35
77
20
13
30
3
27
7
36
40
21
9
10
30
44
26
7
77
73
25
9
22
7
5
62
32
15
47
65
6
22
41
30
28
83
23
88
24
18
6
16
40
8
65
8
7
14
31
49
22
12
30
61
55
25
0
13
10
46
48
69
58
32
12
57
7
1
27
31
4
38
18
24
69
38
42
4
45
24
11
51
19
48
48
20
15
40
1
9
17
80
15
5
30
43
45
6
26
24
60
43
35
26
44
23
23
10
15
81
38
31
58
32
8
3
55
20
2
34
10
52
25
33
71
10
1
60
7
23
16
18
32
44
30
16
3
51
36
21
50
44
21
21
48
34
31
11
7
4
25
11
68
4
16
11
2
3
59
64
20
42
3
37
77
3
39
40
24
24
2
38
3
79
44
74
12
33
4
38
6
18
1
48
18
4
27
18
50
30
12
29
28
44
80
34
12
71
13
68
16
44
2
41
20
71
27
37
81
51
27
46
18
74
6
62
1
11
61
18
53
24
17
12
39
52
48
94
17
33
28
7
20
35
22
14
29
10
8
63
90
50
42
12
19
31
33
28
23
1
16
4
33
0
47
94
5
41
20
18
20
18
30
30
12
53
63
3
18
35
8
85
36
20
48
25
73
67
19
41
10
49
52
30
41
57
60
33
26
67
4
66
11
21
50
44
65
28
1
16
27
5
10
11
8
17
36
21
27
24
3
10
52
25
72
1
14
47
21
14
40
13
31
3
27
14
31
42
44
36
46
7
8
17
52
20
39
3
25
58
35
37
11
33
27
4
14
20
12
56
31
34
80
48
23
7
37
1
3
21
67
63
27
16
32
13
33
26
1
13
11
19
86
4
15
29
6
43
32
7
12
34
4
40
49
2
2
50
28
44
2
59
11
9
85
49
30
11
19
26
14
78
9
31
8
39
84
11
2
41
12
17
21
16
47
8
58
30
90
67
23
48
68
12
30
53
5
65
28
16
9
36
10
35
9
31
17
1
13
45
9
67
15
56
7
5
19
11
34
8
9
42
20
30
10
49
43
67
2
14
11
47
43
5
2
52
20
37
2
32
20
39
24
83
51
32
1
72
43
13
13
33
103
53
24
22
1
22
7
40
21
51
107
39
14
6
3
58
28
30
15
3
16
29
28
22
14
56
29
13
27
59
53
25
39
40
16
20
23
25
13
2
67
76
5
12
35
63
34
5
25
23
8
2
32
8
38
63
8
57
26
32
7
63
3
37
43
25
3
48
11
26
0
5
26
14
30
45
73
20
42
52
88
43
37
35
14
7
3
12
3
3
11
22
17
17
42
19
14
9
7
71
26
38
30
34
18
34
50
40
58
8
44
34
88
86
7
30
5
23
43
31
3
13
60
12
90
23
20
15
35
13
28
10
29
19
17
19
13
8
45
23
0
45
52
28
25
20
43
14
14
10
26
85
15
24
1
47
77
0
71
48
69
2
35
15
14
13
18
74
11
3
27
10
94
35
9
20
12
49
13
111
2
12
22
53
34
2
67
31
25
45
10
6
29
1
51
1
23
30
3
7
19
25
27
14
24
11
32
27
36
24
45
23
9
18
6
8
29
3
43
7
17
41
12
37
22
27
19
3
55
18
16
29
23
6
13
19
18
1
39
1
13
9
52
0
15
40
14
9
13
0
55
12
22
32
32
36
15
17
0
6
49
19
8
30
49
61
10
14
36
13
1
17
24
32
12
24
28
50
8
45
32
8
57
16
42
40
24
23
13
34
17
47
25
29
37
43
4
2
4
9
28
59
34
26
4
18
7
30
33
2
30
5
34
16
48
25
2
39
4
23
19
55
43
36
27
23
1
10
7
31
0
33
12
65
55
25
32
4
28
5
18
38
10
12
1
6
39
56
57
1
30
44
44
21
1
6
40
7
19
12
3
26
78
35
7
63
1
12
1
33
0
17
29
58
25
37
41
9
23
60
14
16
22
5
46
39
3
72
34
26
23
16
24
9
42
13
6
41
17
12
7
4
24
33
28
7
27
16
29
14
4
1
48
6
22
28
44
0
30
6
3
41
23
50
9
36
7
19
23
20
86
11
7
15
11
14
39
8
4
18
6
41
17
12
0
32
26
20
24
19
8
58
18
56
31
8
15
32
28
45
5
19
36
28
1
16
10
9
10
10
6
19
2
25
34
21
1
47
16
26
41
28
43
26
13
45
6
8
3
9
7
45
14
5
34
27
0
24
12
33
33
2
20
47
1
50
16
57
7
25
16
11
34
11
43
28
29
53
0
50
3
7
21
30
20
6
27
7
7
4
14
49
21
2
0
12
29
54
1
13
23
25
19
29
35
32
19
25
4
5
43
27
3
24
3
13
4
11
46
29
21
29
0
31
24
4
53
21
40
33
13
23
13
6
57
1
20
34
19
5
15
15
10
18
2
10
30
19
47
14
3
27
22
30
56
19
32
15
40
5
29
11
29
18
31
24
21
56
5
3
52
34
12
39
5
29
1
28
5
20
15
36
4
13
7
29
1
34
9
31
10
5
1
3
47
10
25
10
31
20
20
7
7
12
15
15
41
15
5
22
18
41
13
33
13
12
18
33
22
40
38
33
10
24
40
7
4
16
66
19
18
32
13
27
11
0
17
24
3
10
16
17
9
17
42
6
30
1
22
6
15
57
15
25
22
1
16
6
8
29
11
6
5
25
34
16
18
2
0
8
26
16
13
2
3
33
9
6
3
35
7
32
13
6
24
2
18
23
26
15
8
6
58
8
15
59
16
13
18
8
6
41
10
26
7
2
2
21
6
29
7
2
13
20
7
5
14
2
31
17
32
21
4
20
11
1
1
14
32
2
11
3
16
28
44
12
10
20
1
22
22
6
9
5
19
14
7
10
6
15
19
21
5
5
32
15
11
7
2
19
39
8
11
29
9
31
6
1
11
15
38
15
28
3
13
43
9
7
12
5
36
16
5
2
31
8
31
4
0
27
19
3
2
8
8
13
10
50
15
15
20
12
7
8
12
10
21
20
18
47
27
33
2
5
11
11
9
7
43
24
3
1
27
26
1
4
9
29
23
1
37
42
9
3
5
0
19
8
26
1
32
13
12
9
13
13
8
25
29
30
12
0
0
21
12
16
20
26
3
6
26
15
22
0
14
9
21
26
31
21
5
2
39
19
14
13
20
25
0
20
2
15
30
25
11
17
19
27
24
9
17
10
3
3
9
51
4
1
8
20
31
28
19
4
21
35
9
32
14
28
23
2
4
28
8
2
5
8
9
4
10
0
3
32
1
8
2
1
8
7
26
41
9
27
16
2
9
1
16
23
8
15
19
21
9
11
22
17
9
1
11
29
13
23
5
21
1
22
6
7
20
3
18
21
3
28
5
4
20
26
11
13
25
2
23
12
7
15
8
7
1
34
7
14
19
9
4
6
20
15
22
7
4
3
8
10
1
24
7
21
23
16
2
8
21
2
5
6
8
3
10
5
16
5
15
1
6
9
3
10
3
14
3
10
8
15
3
21
17
1
15
3
0
9
5
3
3
9
4
23
13
10
2
9
22
2
5
6
2
22
13
4
6
12
1
9
3
1
4
7
24
4
1
14
4
12
10
1
2
6
7
22
13
3
7
1
15
13
5
3
1
1
2
14
5
10
14
5
6
11
3
6
9
12
13
18
8
16
1
12
3
8
16
5
2
9
9
3
10
8
11
1
14
7
18
6
12
0
2
3
20
7
8
4
5
14
6
4
5
2
5
5
3
27
10
9
7
8
11
5
0
1
14
9
1
8
1
6
10
1
13
6
4
7
10
5
5
3
5
4
5
9
11
3
6
6
4
0
1
7
0
3
1
1
0
0
3
0
6
2
1
3
1
1
4
0
