25
1
92
77
32
13
31
53
11
11
1
21
5
7
32
14
14
16
9
21
15
31
85
2
35
18
30
20
16
20
0
7
50
33
8
81
91
2
15
64
36
16
78
28
23
23
32
58
21
4
31
11
39
14
33
142
53
87
10
38
44
159
13
54
40
64
3
21
62
80
93
84
2
2
90
14
4
16
14
66
6
60
44
32
9
23
1
24
37
128
64
79
73
62
41
40
55
21
3
34
66
28
48
53
35
79
7
49
2
12
100
41
105
11
100
68
7
54
18
0
11
20
30
90
4
145
6
31
22
8
8
26
108
14
101
69
40
61
94
40
26
18
36
115
67
70
73
38
36
51
4
36
36
80
113
10
32
35
21
75
20
93
84
1
31
9
83
31
4
26
80
61
164
60
38
36
70
3
11
84
76
27
12
35
23
36
4
13
104
54
36
76
61
81
35
100
110
116
11
25
43
28
4
17
11
34
17
54
80
17
27
25
36
31
27
83
56
49
19
78
30
4
108
92
22
18
54
0
40
50
8
61
41
52
159
32
39
25
106
63
38
11
18
68
67
19
18
1
68
13
32
61
25
47
31
108
60
41
107
117
1
28
8
14
69
43
57
133
67
22
93
22
14
56
90
153
82
6
40
90
15
66
51
61
61
90
1
45
65
7
33
19
213
20
42
56
86
121
49
112
104
96
1
31
114
22
1
106
61
38
38
56
108
72
33
16
50
33
67
150
51
29
77
68
31
1
30
51
82
57
85
23
2
24
15
106
6
81
24
19
28
39
35
7
87
21
18
22
2
10
18
25
94
8
34
5
49
96
116
28
11
26
56
24
70
75
59
37
65
4
14
36
25
21
60
33
24
56
50
11
121
72
27
13
54
47
108
5
71
48
53
46
44
12
28
6
56
20
53
25
14
55
1
81
32
7
63
40
104
113
33
13
30
19
65
48
59
47
40
86
41
77
46
64
19
63
31
60
28
33
120
2
40
39
13
52
10
147
66
69
39
93
130
45
26
92
27
42
68
26
101
15
66
9
6
53
47
21
4
25
13
54
23
106
42
4
31
12
52
23
43
6
9
127
19
90
30
122
84
21
146
75
23
84
89
22
15
72
38
39
21
27
51
32
11
2
139
45
49
46
9
111
19
8
37
29
54
32
21
68
4
25
70
27
30
5
60
47
109
90
24
12
53
43
59
5
87
59
123
30
28
101
138
88
108
11
48
54
51
14
31
100
30
61
25
32
62
26
88
0
43
24
44
71
71
58
19
14
20
31
121
28
30
110
43
9
65
26
2
12
49
4
95
62
41
63
44
47
32
101
7
41
34
48
7
63
44
8
10
44
11
11
24
10
63
43
96
13
39
43
124
42
52
80
2
181
41
13
1
119
1
66
31
76
12
131
106
32
42
2
59
16
150
15
94
37
63
110
59
15
38
65
8
36
16
43
30
46
48
95
86
94
6
50
8
90
25
45
9
54
48
1
54
42
88
39
22
96
0
29
2
51
38
99
25
98
3
12
47
39
58
26
2
41
62
47
10
30
25
20
80
3
26
11
83
26
78
58
13
66
15
10
11
71
37
15
17
34
7
53
10
15
80
1
33
61
9
105
11
94
152
73
145
67
18
30
67
53
85
92
13
98
15
26
14
40
4
91
30
15
79
70
171
66
54
18
26
72
23
50
68
78
171
55
24
64
58
26
42
10
60
83
44
53
27
19
50
75
23
11
77
98
13
9
7
89
23
30
70
30
20
63
31
71
31
7
1
36
138
22
37
29
12
75
85
7
77
28
127
64
53
149
0
72
47
69
56
2
64
34
71
45
15
61
2
30
83
56
8
19
61
37
18
28
33
1
2
56
18
35
37
119
15
39
16
5
50
73
37
5
85
16
79
67
61
29
55
7
53
60
71
26
27
8
37
45
20
72
86
96
42
26
42
22
6
72
17
25
35
37
42
15
4
42
48
72
20
7
39
35
7
21
129
79
106
4
42
59
32
69
37
135
57
15
134
8
31
143
63
32
15
75
22
47
12
6
32
9
13
4
84
29
106
175
40
52
24
36
38
67
83
71
90
2
16
63
7
14
32
38
43
43
49
69
41
39
24
82
34
26
29
26
35
11
50
7
7
1
6
31
3
16
57
4
16
65
137
41
22
0
81
31
102
97
70
40
55
32
18
64
77
7
11
20
13
42
110
2
46
27
24
82
49
17
38
114
89
28
19
54
26
3
2
52
135
27
11
23
125
24
23
24
15
58
37
76
28
51
57
12
57
95
88
70
81
84
99
33
11
38
72
25
10
27
5
51
18
38
10
30
18
60
5
82
57
11
46
7
39
105
4
132
44
66
63
45
24
22
0
39
79
11
1
20
136
58
23
1
31
9
46
33
63
81
22
36
15
62
62
77
41
33
109
95
10
77
46
5
63
71
33
45
43
91
25
4
54
16
8
76
99
48
23
52
23
113
9
43
28
98
43
78
53
140
4
1
111
59
41
0
32
60
39
107
7
68
14
51
47
36
65
24
72
11
24
9
7
70
76
11
2
109
35
51
11
3
99
23
14
47
55
138
16
1
34
83
12
69
54
74
46
68
21
61
22
57
4
122
1
10
44
33
74
67
47
62
3
31
107
50
43
97
81
46
17
56
66
52
16
96
60
6
35
14
82
5
81
1
21
34
44
37
15
22
41
27
36
8
7
12
7
29
7
58
70
41
8
39
110
122
42
74
27
78
92
21
126
125
12
36
19
65
98
75
3
55
43
54
28
10
20
7
50
86
35
59
46
14
30
44
45
35
8
87
70
19
9
9
14
31
4
48
11
27
114
22
70
16
71
88
18
91
101
2
63
34
19
75
47
54
61
78
103
9
31
14
112
23
65
8
8
28
54
102
23
25
59
1
63
1
67
12
34
37
96
15
47
123
20
22
35
10
18
10
2
77
28
31
26
108
9
76
42
122
57
3
43
96
50
65
60
76
30
26
37
58
82
37
101
34
8
111
7
26
48
66
60
40
48
65
10
69
9
48
22
24
91
31
25
16
82
18
20
1
38
107
4
1
45
80
14
103
7
158
68
41
125
40
51
5
0
109
88
54
7
77
72
41
39
26
8
17
54
25
125
34
139
50
17
0
109
18
59
109
68
62
17
0
13
12
103
8
67
50
24
36
98
14
121
98
47
71
53
72
59
41
40
11
6
26
34
22
78
42
11
3
20
28
57
21
3
92
80
5
4
57
33
37
134
8
17
13
66
28
96
43
26
21
4
92
76
7
9
7
38
84
38
6
44
21
10
99
66
20
29
73
9
70
59
20
30
39
29
16
59
100
40
46
44
31
33
58
54
16
16
90
28
60
56
107
50
14
64
2
39
65
36
121
18
12
21
3
63
16
88
46
82
67
53
84
3
117
46
8
75
31
19
54
46
41
30
26
112
49
109
37
11
9
132
113
8
35
2
56
20
68
17
90
72
6
54
53
10
14
23
61
5
4
67
49
2
48
32
31
23
25
34
16
41
77
51
33
63
45
58
23
3
55
6
1
56
14
58
7
119
105
100
2
36
8
6
28
58
85
45
6
33
40
10
48
7
33
1
18
5
25
20
7
18
11
17
9
104
106
4
10
55
99
97
28
7
10
67
58
31
58
66
10
10
40
15
39
60
88
75
23
21
58
96
92
9
1
16
24
63
36
27
106
3
48
34
74
36
22
9
9
54
60
35
93
101
1
82
3
73
96
24
96
6
64
35
1
10
31
18
5
59
43
17
12
139
5
66
6
34
55
10
41
58
24
42
33
78
106
53
127
13
44
56
40
42
14
34
22
4
23
30
68
23
87
36
34
66
5
24
15
17
14
4
18
57
56
17
85
55
35
93
72
52
17
82
11
30
8
55
13
24
15
45
28
64
2
56
18
90
70
50
71
19
50
71
34
65
59
56
53
30
8
12
67
2
107
47
27
1
42
71
63
49
43
22
136
85
16
70
6
26
26
24
13
33
22
1
21
15
14
19
23
54
26
34
36
75
66
39
19
22
4
47
49
94
71
34
8
11
32
34
17
44
2
16
3
88
129
26
8
3
14
11
82
43
61
58
43
78
46
6
60
8
1
9
49
18
83
9
42
39
60
61
5
39
20
73
133
78
81
40
11
70
23
65
25
52
21
38
48
58
149
7
6
5
69
87
51
80
56
63
76
74
1
29
36
26
92
27
19
27
23
91
48
55
48
41
29
10
49
26
1
83
41
87
51
68
15
4
21
43
76
17
2
24
62
12
51
74
68
26
127
0
11
35
5
23
13
65
89
43
14
27
57
37
25
47
57
65
6
57
56
0
65
14
84
7
22
96
55
44
33
19
12
100
21
51
59
11
6
33
30
63
44
116
19
45
32
65
5
46
69
17
12
67
11
24
2
22
30
45
11
24
21
14
65
37
34
13
26
81
10
82
8
11
4
56
47
71
30
50
24
30
5
16
18
40
68
5
58
9
70
32
18
88
7
43
39
25
5
25
52
65
67
73
6
44
104
26
3
8
24
38
6
80
12
6
6
75
80
12
7
69
42
77
63
12
17
12
12
9
26
15
94
76
45
10
36
62
13
4
42
30
0
37
9
74
51
11
20
21
11
0
56
14
48
7
37
35
17
1
83
72
76
95
50
21
76
43
26
14
29
78
32
72
82
77
12
3
34
47
4
53
91
26
54
73
4
4
11
19
26
6
30
20
2
32
25
8
3
2
70
40
2
18
108
0
9
41
30
72
71
16
5
34
55
1
51
1
65
61
7
69
9
93
54
11
59
37
15
28
19
4
5
21
6
85
53
12
34
97
13
66
25
19
27
26
68
100
16
3
22
41
42
60
48
11
24
146
50
87
57
41
23
12
47
42
42
38
38
14
13
5
3
17
11
31
11
29
59
9
24
8
7
79
4
30
24
43
23
2
30
42
59
14
33
0
94
47
43
2
41
27
25
5
92
28
5
7
19
36
49
11
16
20
9
36
2
4
61
20
6
40
2
14
78
4
42
21
0
75
41
47
21
31
66
9
19
14
35
79
21
15
33
30
138
18
12
43
1
17
19
62
29
17
22
23
3
36
16
24
35
23
76
35
77
17
28
52
86
30
72
20
50
9
49
25
36
29
29
36
5
16
22
11
26
33
12
22
12
50
33
45
16
42
27
52
1
37
64
68
28
14
28
48
8
28
5
38
58
72
21
14
9
42
62
61
41
55
11
16
5
12
95
35
2
101
46
4
55
10
20
37
6
47
10
52
9
20
11
45
17
33
1
47
16
28
6
9
49
1
45
8
73
0
12
9
53
7
18
19
68
81
53
49
6
54
14
13
1
11
66
31
10
15
37
17
15
14
35
17
17
13
24
16
44
4
9
67
15
15
15
92
21
61
50
84
45
15
60
15
24
51
25
8
88
3
96
61
39
10
44
60
105
20
23
3
22
31
35
92
10
35
97
31
93
97
13
39
6
25
25
38
16
52
33
5
105
71
48
28
55
30
31
50
36
45
48
2
38
23
5
72
42
35
8
24
21
89
7
0
3
45
22
107
85
3
59
84
103
45
19
34
35
73
18
11
25
90
60
17
59
21
25
6
74
25
44
34
44
19
67
59
37
19
13
32
55
16
11
65
25
51
71
83
1
40
45
48
26
15
6
26
17
67
38
17
26
39
22
65
69
15
52
10
71
7
83
41
10
69
10
16
35
40
91
59
45
108
38
27
70
6
2
68
22
42
37
1
19
21
10
3
48
73
24
4
41
71
33
6
37
39
9
1
7
54
10
36
17
31
75
4
73
9
24
32
25
5
6
0
7
45
69
25
8
42
44
67
21
54
32
62
4
59
4
67
51
6
47
41
4
37
4
22
33
54
8
30
11
70
80
34
21
1
23
32
12
91
46
58
34
87
53
0
32
7
15
11
21
65
20
68
2
15
2
3
43
29
44
48
18
63
43
26
13
15
18
20
28
76
8
16
8
55
23
23
17
2
45
20
7
14
5
58
21
47
42
25
21
19
55
50
1
2
6
24
55
4
18
21
78
62
36
20
35
44
83
4
18
24
17
45
11
17
22
27
26
38
32
18
71
26
33
2
10
26
20
2
27
25
54
13
66
39
21
24
7
30
23
58
18
60
18
53
37
1
9
30
17
17
32
49
4
1
26
21
21
16
21
23
64
32
2
32
115
6
8
20
24
27
30
33
6
36
28
5
20
2
13
20
10
38
21
25
99
38
18
43
25
20
37
38
57
0
4
0
11
76
35
0
36
15
40
31
10
0
61
31
42
27
3
47
28
30
3
66
5
27
48
73
12
9
6
71
39
5
16
8
28
45
25
6
14
76
4
7
6
31
6
15
32
4
28
25
26
6
11
20
23
42
77
25
2
6
6
24
20
48
17
1
8
45
7
1
14
22
52
70
28
19
11
4
22
70
52
14
13
53
29
91
0
76
22
0
33
36
1
70
43
1
8
76
40
50
26
92
62
0
1
6
23
21
15
26
42
52
5
4
7
31
3
2
47
1
58
23
16
0
53
20
3
2
3
9
13
50
42
14
3
44
50
4
30
17
1
16
20
19
43
71
44
7
76
45
46
24
18
60
36
11
45
6
5
24
1
15
26
21
4
6
36
2
17
62
3
13
0
3
34
20
84
63
9
47
45
70
34
69
25
43
30
71
31
12
81
72
18
15
75
32
54
8
106
8
11
17
22
26
49
55
12
16
5
11
18
43
34
16
7
78
42
16
1
19
21
20
25
55
10
23
62
71
6
6
50
20
23
34
4
53
30
16
86
16
14
29
22
77
17
11
42
10
16
18
40
31
30
22
10
3
28
2
59
86
14
6
17
63
14
44
27
46
38
31
49
56
29
3
11
8
8
28
40
31
38
8
3
43
11
2
49
27
61
12
28
5
2
19
29
5
24
29
17
77
12
65
1
95
7
50
27
28
37
16
32
48
15
9
27
5
30
25
12
46
84
3
20
4
51
34
60
4
6
14
2
8
50
4
58
31
18
7
9
25
43
34
55
27
36
64
16
1
20
14
0
30
9
48
53
7
57
36
21
3
13
54
40
10
64
4
23
9
5
81
21
43
32
1
35
24
48
17
21
15
67
29
44
9
32
49
49
16
21
31
3
22
19
16
36
45
12
3
25
8
28
32
51
34
14
20
26
22
26
48
16
10
12
2
24
29
38
0
41
49
12
40
19
4
13
19
16
32
23
14
12
28
7
45
16
39
35
42
17
9
50
41
49
39
22
33
0
20
41
26
15
32
7
32
10
56
25
28
43
1
9
49
54
3
42
47
5
15
4
52
1
15
26
20
6
0
25
18
25
45
44
4
1
21
35
15
39
24
16
5
48
29
20
6
28
22
0
27
22
13
30
43
35
30
50
21
79
35
20
21
3
41
20
33
4
13
29
32
22
13
21
24
58
40
31
16
21
24
27
54
6
26
2
59
26
27
82
14
4
34
21
47
11
27
37
19
59
24
33
14
17
52
79
19
4
10
50
4
16
49
12
34
23
48
13
19
52
27
7
0
25
5
25
12
45
52
20
18
20
40
15
1
33
29
37
42
57
17
1
11
11
39
30
36
1
19
20
39
54
7
13
11
23
19
18
2
44
69
54
9
13
13
21
54
26
16
7
26
13
56
33
20
11
12
10
0
58
41
41
9
9
29
22
31
31
35
7
22
35
29
84
33
8
3
18
1
14
5
37
4
2
23
15
15
54
52
10
14
6
55
22
10
22
14
6
29
15
14
41
33
23
1
27
3
18
15
34
26
33
22
25
15
21
66
60
31
9
13
41
23
37
43
0
57
7
33
17
11
10
8
11
18
39
29
19
1
9
26
40
14
20
1
2
14
21
36
2
62
36
32
2
0
42
15
5
42
28
28
22
37
16
11
54
14
32
15
3
4
35
21
21
26
25
19
4
14
11
12
5
52
15
26
29
10
3
3
7
18
32
54
4
30
14
25
27
3
18
37
10
20
44
6
46
40
2
30
16
31
10
8
43
12
8
7
15
21
9
18
52
30
32
6
10
23
3
63
6
4
10
7
11
51
6
0
33
15
6
24
20
10
30
2
2
19
16
55
10
5
8
33
29
4
7
18
9
2
10
16
17
10
8
17
10
11
28
11
0
21
7
7
8
20
55
18
14
30
11
40
15
29
29
4
8
29
3
11
11
43
18
5
10
30
18
54
20
8
11
14
28
16
22
15
8
23
15
41
11
16
5
15
29
2
5
42
15
3
4
19
15
13
3
15
21
15
29
3
24
38
10
24
16
11
11
20
15
10
32
12
23
10
40
7
26
13
21
22
2
48
6
35
13
17
25
13
3
4
19
5
29
14
9
11
16
13
24
1
9
24
20
25
0
5
31
38
23
11
61
17
26
48
5
19
2
27
26
12
43
4
6
1
32
20
39
30
9
26
4
8
19
47
0
24
34
29
33
7
23
26
1
31
9
9
19
53
18
3
34
11
9
3
2
32
46
28
8
24
12
3
6
18
23
11
12
25
10
18
12
47
23
14
5
14
4
33
11
39
19
48
3
6
24
11
19
14
18
8
17
44
11
20
0
20
1
11
31
8
22
40
19
1
46
8
26
15
0
2
22
18
29
17
0
9
18
2
8
29
0
12
9
4
1
25
10
15
19
6
8
8
15
4
11
9
2
2
14
11
3
10
30
6
23
3
27
5
15
6
17
7
5
7
30
14
5
21
7
2
20
15
9
7
2
10
6
9
2
22
11
22
18
2
24
10
14
0
12
3
9
13
18
27
10
36
3
8
29
10
19
9
19
1
13
3
16
19
1
6
4
7
16
16
3
27
21
19
20
6
40
5
7
2
15
3
19
15
28
6
9
2
5
22
2
22
14
6
14
8
10
12
19
9
6
31
13
7
4
1
1
18
30
21
9
7
33
16
17
1
8
19
6
21
6
19
12
8
42
30
1
5
21
10
31
10
12
12
3
12
8
5
18
12
18
7
7
3
21
12
1
13
16
14
7
12
0
5
13
22
6
19
21
7
6
11
6
18
4
6
16
0
0
1
6
2
19
7
19
14
16
12
7
7
15
3
9
6
3
5
18
1
8
13
6
10
7
5
0
15
22
0
15
24
1
8
7
13
3
0
15
1
8
5
9
3
14
17
24
7
13
14
7
4
9
3
5
14
4
7
7
12
1
11
5
10
6
2
21
6
24
1
10
0
19
7
18
1
4
0
9
10
3
2
7
9
32
3
4
9
7
4
6
5
11
4
2
0
2
5
2
0
2
8
7
2
14
3
2
1
1
13
9
1
5
13
4
9
2
6
4
4
7
2
6
3
10
5
5
2
7
0
3
8
6
5
3
3
3
6
1
2
4
4
1
3
2
3
5
3
0
2
4
1
1
4
2
2
1
1
1
3
0
