2
10
36
46
30
37
1
2
19
12
14
123
5
3
42
56
25
11
3
11
20
93
39
44
4
23
10
8
14
21
5
22
19
33
43
32
7
126
38
32
194
44
42
19
48
25
33
49
122
27
9
4
38
102
31
8
16
26
16
20
6
41
58
6
39
49
23
30
2
57
23
9
46
72
30
40
10
10
4
14
46
51
49
5
30
39
102
42
37
60
45
3
123
12
11
46
39
29
80
17
18
57
17
37
4
117
43
13
54
67
42
33
52
76
57
23
65
147
39
29
69
68
21
8
111
3
80
95
27
56
124
67
4
66
76
44
38
54
7
5
90
66
25
40
55
24
1
32
16
80
77
90
40
26
90
18
107
35
45
23
1
66
110
56
14
5
53
75
34
36
6
125
66
133
63
15
29
24
6
97
29
16
5
15
61
8
87
41
20
59
86
138
54
7
30
17
29
28
13
134
68
76
92
61
50
5
106
12
55
79
31
8
26
8
84
41
64
20
81
28
63
85
57
34
144
9
70
73
92
29
16
134
1
62
59
17
45
39
32
56
44
80
103
36
58
68
80
100
45
77
32
142
67
102
31
31
47
8
77
12
28
12
6
23
2
8
94
22
106
52
27
40
13
69
64
20
25
55
66
95
86
75
49
152
79
54
38
75
88
18
153
28
41
43
58
53
76
27
29
17
74
14
122
110
0
106
22
33
69
64
29
98
51
88
33
48
48
58
172
53
46
9
72
33
81
30
66
35
49
77
15
106
17
42
9
56
17
65
76
61
72
5
44
49
13
36
24
56
95
32
75
46
44
16
75
27
179
43
31
40
25
33
46
88
52
1
22
72
27
19
74
37
26
39
139
16
120
12
44
53
37
148
20
36
26
12
16
54
40
27
10
1
23
48
10
2
28
1
26
49
39
59
60
37
120
133
51
69
46
12
124
93
31
36
32
18
90
24
35
2
138
50
19
32
41
115
17
9
44
119
10
24
41
47
39
76
69
116
15
92
25
28
91
91
23
36
131
16
41
39
53
1
10
27
20
132
89
17
59
32
18
53
58
39
84
55
65
4
87
115
24
11
87
95
3
162
10
72
87
27
10
72
60
36
90
147
24
4
20
2
34
16
17
34
5
34
36
66
68
57
77
29
19
2
21
69
73
47
10
86
65
121
8
51
9
128
24
8
28
33
51
16
25
69
9
32
55
67
27
23
4
27
14
3
23
16
3
45
84
65
89
62
71
105
61
22
88
83
12
35
50
25
13
174
69
23
7
12
14
27
2
96
80
46
90
111
32
20
34
34
43
45
6
65
212
91
15
12
53
63
68
29
91
44
34
80
75
18
47
28
2
5
77
71
14
19
6
22
129
33
28
50
3
35
76
50
55
36
21
13
37
1
122
26
19
122
19
17
37
36
29
7
142
7
24
109
56
46
24
42
48
13
7
27
14
29
43
36
15
80
100
91
13
17
81
150
118
32
92
8
50
53
3
147
38
2
29
31
5
107
45
15
154
31
56
51
42
7
25
19
51
65
29
11
12
68
53
134
42
96
14
121
14
45
28
12
38
29
77
67
77
70
23
26
120
23
0
35
39
59
11
11
33
56
73
24
1
9
13
94
54
36
43
69
74
27
49
34
5
141
29
32
23
36
7
11
58
142
2
4
133
59
62
23
41
48
32
29
93
36
20
53
65
30
28
16
33
23
5
76
41
67
36
132
54
56
5
82
12
131
123
79
7
63
71
61
52
132
66
35
13
27
1
24
11
54
2
60
54
17
30
52
6
38
3
66
39
33
21
68
62
37
53
67
56
83
5
5
12
72
88
53
25
43
26
24
3
4
66
54
48
105
81
67
24
3
78
32
29
97
68
31
48
69
53
70
31
21
79
62
34
31
9
74
72
12
22
1
18
62
15
128
51
26
105
104
31
54
35
3
66
52
59
43
6
87
11
27
78
37
120
15
25
106
33
49
57
17
1
35
18
64
33
29
121
3
11
25
76
65
1
83
26
29
33
13
69
100
83
102
16
42
45
74
84
13
32
55
25
56
26
37
97
54
81
108
107
32
10
128
61
108
10
90
37
54
44
28
28
79
54
9
98
126
12
28
22
35
28
38
94
34
20
109
42
65
77
71
85
89
25
20
117
62
34
52
9
70
73
62
21
20
60
34
20
16
8
33
79
32
62
15
69
37
32
30
98
31
77
47
49
16
54
78
11
23
134
2
69
59
40
31
19
77
3
28
50
60
44
111
45
23
79
0
57
25
48
24
78
44
57
57
44
7
76
64
23
121
93
1
28
27
34
66
25
40
40
2
16
1
34
40
5
7
28
53
12
102
61
8
64
37
25
2
20
29
26
53
82
50
59
9
60
25
11
75
37
16
7
3
78
40
33
28
14
46
14
80
6
86
80
4
17
24
24
143
8
86
4
129
26
67
21
83
1
8
88
8
3
101
47
3
123
56
8
109
91
22
54
19
42
56
56
92
33
24
39
94
106
46
6
34
86
48
14
127
9
31
13
27
6
4
17
84
65
9
9
97
95
53
108
97
26
14
29
121
63
27
6
16
34
28
0
47
56
100
29
25
2
18
21
43
25
32
27
35
23
44
32
72
31
37
64
2
73
13
17
26
44
31
54
18
13
58
31
2
6
21
68
58
17
5
6
70
97
100
44
51
21
81
50
28
102
42
67
52
12
5
53
66
103
26
58
14
36
24
34
4
46
7
18
31
8
3
89
110
50
30
19
12
63
50
29
63
38
33
72
22
13
8
29
33
100
51
2
53
23
15
32
92
61
63
156
31
38
68
136
76
9
5
26
26
49
14
39
20
58
13
3
11
65
43
31
10
45
16
3
45
34
22
35
75
2
5
25
107
45
63
28
56
27
16
46
6
46
42
47
91
16
60
137
47
92
3
69
42
29
60
47
20
43
66
69
13
2
11
48
1
42
37
71
16
12
65
107
46
20
36
17
57
9
37
42
0
26
47
2
50
8
13
13
13
0
23
54
6
88
32
57
34
27
29
17
67
53
97
54
23
26
3
42
48
27
66
68
30
7
28
35
44
115
7
36
8
83
95
11
61
71
6
20
16
35
37
22
17
10
29
98
64
61
87
7
29
33
19
30
8
57
1
113
15
72
46
4
6
96
86
16
19
38
44
11
1
95
40
3
18
52
119
15
49
57
6
8
93
4
12
5
59
42
51
30
84
13
78
16
67
2
64
90
14
17
80
17
95
75
61
50
13
6
14
59
148
78
9
0
42
15
5
54
28
2
34
36
61
13
44
114
74
60
5
97
26
34
2
33
1
11
28
90
137
72
42
102
116
4
64
20
6
28
85
29
24
34
77
112
7
60
8
32
43
79
65
22
34
16
26
21
51
0
39
104
38
34
7
69
90
55
33
26
34
63
49
22
83
26
77
54
5
18
11
9
8
27
81
5
16
93
4
45
45
34
37
45
9
18
19
31
65
23
9
13
62
0
50
44
10
24
10
86
110
2
76
42
21
66
66
53
32
50
0
80
0
48
83
55
46
22
20
25
3
8
20
11
69
41
3
73
29
1
28
98
5
74
17
18
2
6
44
20
91
32
90
12
72
55
40
39
4
27
142
25
63
57
22
20
0
16
75
13
39
31
30
15
44
37
52
17
19
42
31
23
84
7
10
29
48
35
55
52
45
6
10
125
3
21
123
74
14
23
64
39
59
92
12
19
31
6
28
121
52
11
4
40
16
26
14
14
75
20
37
53
96
7
46
32
39
46
41
80
18
46
5
28
31
57
8
64
19
8
55
9
41
40
23
6
20
30
16
34
104
24
6
67
16
8
71
34
52
78
11
82
60
18
8
36
166
15
49
40
43
29
93
20
6
3
12
27
9
33
48
104
67
29
5
58
40
49
57
57
6
24
2
60
50
9
82
5
68
10
27
45
39
52
3
51
47
2
27
13
28
13
61
85
22
4
61
53
96
31
26
11
16
60
15
26
67
61
3
165
35
91
104
63
74
46
20
57
17
41
11
25
32
35
14
40
15
63
8
5
27
16
87
67
40
8
57
23
48
56
63
48
20
7
46
7
28
52
92
2
26
37
25
21
56
90
12
35
9
47
3
57
9
30
40
94
19
55
13
29
13
29
54
15
94
4
31
88
68
82
28
42
9
1
45
30
20
57
37
42
63
44
43
45
14
25
34
8
3
35
17
14
7
47
45
64
32
94
36
72
80
41
101
29
1
40
22
26
11
55
4
38
52
97
16
23
69
145
13
113
28
40
37
4
0
5
25
8
37
92
20
45
22
72
18
91
53
49
46
58
122
45
25
34
65
57
24
45
18
45
9
34
4
9
29
41
81
14
85
30
88
33
10
37
27
24
42
72
50
82
2
9
27
5
115
2
64
102
9
50
17
35
13
43
38
32
75
27
5
47
0
86
25
100
33
0
8
27
21
20
18
91
4
31
3
17
49
23
68
37
18
30
37
5
75
18
37
68
19
29
54
166
38
22
25
13
65
104
41
11
26
36
41
27
38
17
36
66
19
63
30
67
20
41
19
1
85
14
10
41
8
38
22
41
53
1
31
7
38
10
20
47
11
116
100
30
22
50
14
54
2
22
49
23
15
40
45
26
97
30
44
24
54
48
26
21
31
39
0
30
40
51
16
16
49
8
3
31
15
75
37
12
26
4
3
74
80
88
33
98
17
27
33
16
3
20
74
29
8
66
31
42
51
43
3
70
20
49
12
15
38
50
45
15
12
63
14
43
52
7
70
71
19
18
26
31
81
24
44
51
24
5
47
50
33
50
59
8
11
12
73
59
115
63
2
7
46
58
32
0
39
40
72
8
19
16
1
79
50
76
2
50
19
32
14
82
34
47
16
15
1
57
9
52
61
29
0
3
59
8
7
41
43
91
44
3
15
29
24
17
1
21
11
121
60
62
59
64
48
22
76
48
16
4
3
49
24
129
21
82
30
11
11
81
19
17
23
9
21
20
29
11
3
6
76
31
26
56
33
8
62
50
23
6
16
3
7
19
10
3
4
46
5
47
31
21
44
6
64
42
35
11
105
53
28
5
55
16
24
9
10
2
94
75
35
53
8
29
62
5
3
26
3
57
67
114
51
1
2
68
30
11
49
38
33
10
44
57
1
44
32
10
20
99
15
13
6
75
25
24
2
13
20
30
73
27
20
0
53
3
24
6
7
3
26
28
52
73
32
20
73
25
2
64
15
6
106
59
10
17
46
50
7
37
31
20
42
1
34
74
75
84
98
19
32
16
18
46
23
4
15
9
35
16
13
141
60
84
31
15
47
3
13
41
93
29
56
8
19
14
10
2
21
39
90
42
73
21
10
65
16
26
84
19
91
22
11
58
94
13
66
114
116
10
37
18
3
15
82
9
77
17
29
11
52
22
12
48
23
55
19
10
60
8
9
11
32
11
6
56
25
41
14
5
69
25
30
82
17
10
145
8
14
85
2
14
67
64
66
20
13
92
3
64
7
51
11
18
1
29
63
28
18
11
57
8
11
27
8
22
28
61
52
10
12
63
61
101
33
9
27
21
26
40
13
75
40
53
10
1
67
21
73
21
93
47
3
3
3
13
29
33
3
34
11
25
25
18
2
25
26
20
48
54
15
47
4
72
22
15
16
68
6
70
30
14
35
9
43
21
14
55
39
26
17
44
55
21
43
20
52
32
54
5
11
66
5
18
56
35
7
6
24
62
8
8
34
15
9
29
81
26
10
52
24
28
10
3
40
36
2
14
55
2
20
44
16
80
26
1
5
69
35
30
20
18
49
21
50
63
33
50
10
31
67
0
49
9
30
2
10
21
3
5
35
24
23
29
102
3
21
34
4
49
28
96
62
93
33
19
19
19
48
6
35
5
6
21
30
40
54
24
15
73
24
28
25
8
25
30
4
30
32
57
52
19
3
26
61
29
32
36
28
47
80
28
61
4
2
5
21
36
72
44
21
67
48
52
20
3
24
3
36
59
15
26
1
37
22
45
41
2
109
78
33
10
19
41
67
56
31
4
37
56
9
13
29
31
18
80
22
9
26
38
18
39
8
19
22
45
2
58
6
45
2
3
7
4
37
14
61
36
31
20
33
29
24
23
65
13
19
27
13
23
25
42
21
14
24
56
16
2
18
14
31
25
18
9
57
59
52
58
68
54
19
11
45
46
22
22
29
4
12
14
22
60
8
27
2
72
0
20
26
37
9
48
45
50
10
29
5
14
5
35
27
30
108
46
27
38
81
23
0
20
42
13
3
51
1
74
43
38
12
16
57
27
18
30
39
54
43
71
30
98
2
3
45
17
9
23
64
11
1
6
31
18
13
26
52
3
6
47
60
62
24
37
8
4
32
55
17
11
4
3
40
16
53
25
52
14
1
7
7
1
54
61
25
16
4
6
35
32
88
17
74
3
19
3
1
38
10
19
20
73
36
4
26
19
9
23
3
33
30
24
18
21
68
31
43
61
41
10
35
21
25
15
25
19
3
6
31
18
14
23
18
4
76
68
19
14
40
37
32
10
6
60
17
17
2
22
27
17
20
73
9
21
29
3
53
11
32
52
62
47
43
59
27
37
47
4
9
45
25
35
2
14
63
23
27
2
39
53
36
28
18
67
11
18
18
46
42
24
2
17
2
12
2
38
8
16
29
2
7
27
5
27
5
20
46
10
23
53
8
29
29
50
43
33
57
27
15
24
6
50
24
2
9
48
6
77
32
35
34
21
13
10
4
11
50
18
33
55
11
13
3
29
58
11
20
32
53
49
5
41
15
27
65
55
76
32
26
9
53
14
116
38
29
86
54
9
9
46
41
18
11
1
47
18
31
15
61
43
3
22
12
43
6
2
1
78
4
47
4
42
24
91
71
19
15
5
5
18
53
1
4
114
62
36
1
23
20
64
19
3
13
16
87
26
51
18
4
54
29
16
66
4
31
16
28
1
4
4
27
62
9
13
8
1
52
25
21
5
14
17
52
16
4
7
6
3
49
34
55
49
20
50
58
41
25
75
16
14
11
43
58
1
4
33
26
24
7
8
27
22
37
12
8
7
49
2
17
42
0
11
10
54
8
50
40
15
25
29
23
9
45
39
5
9
9
41
45
31
36
6
3
1
14
9
6
33
18
6
34
17
27
5
39
5
47
6
27
6
26
15
21
22
23
31
6
13
5
13
3
56
19
30
65
19
12
35
6
20
17
5
12
2
63
8
27
15
42
1
7
31
30
13
25
20
11
40
2
25
60
9
30
3
32
27
58
37
81
12
0
9
65
42
49
8
10
21
17
15
21
41
6
18
31
17
2
2
0
18
23
41
15
22
39
24
17
35
31
50
5
23
55
3
35
49
25
18
20
27
17
3
7
1
20
42
33
0
26
6
28
47
19
23
43
53
16
25
12
4
21
4
15
42
1
18
15
50
1
5
15
11
14
1
26
4
68
1
15
11
4
35
41
44
10
29
98
23
1
29
8
61
17
38
21
11
52
18
20
32
1
26
19
9
22
49
4
3
30
34
18
13
25
26
14
21
13
29
43
12
40
16
27
31
13
4
27
31
17
6
14
40
0
40
34
16
1
24
4
27
6
19
22
0
19
24
16
29
12
32
36
17
53
5
5
30
35
7
41
2
70
21
7
16
19
31
4
22
42
42
10
6
40
2
33
24
2
44
20
27
8
18
1
5
23
15
27
30
38
29
4
26
10
15
7
25
29
30
4
24
44
7
49
1
3
21
8
8
5
18
14
3
20
34
14
6
16
19
8
15
4
15
19
33
68
38
16
31
22
34
32
34
3
5
5
17
21
1
40
30
47
19
23
10
44
63
15
2
18
16
37
14
48
7
11
7
35
6
4
19
24
20
39
16
9
33
16
1
57
10
5
19
23
7
9
31
92
16
9
24
41
21
13
13
11
32
14
5
9
10
16
30
44
20
27
21
19
26
12
35
21
12
10
23
14
24
26
13
1
2
18
16
10
28
58
18
14
20
32
38
1
14
9
27
16
23
30
12
21
27
8
26
12
32
58
34
18
13
12
13
41
20
30
29
2
12
13
17
1
45
17
34
4
10
22
8
5
14
0
25
25
18
18
40
24
20
17
25
6
53
11
59
26
20
8
34
6
10
27
40
11
37
24
21
29
5
11
32
10
23
9
1
7
24
19
35
19
26
6
5
35
15
35
25
2
38
10
34
32
14
2
4
9
21
2
1
23
8
23
5
9
10
28
5
54
22
6
38
28
10
27
21
39
23
25
15
23
36
4
30
56
10
3
32
6
1
29
1
16
3
35
18
2
14
29
39
30
10
22
29
3
21
2
24
37
11
0
19
13
49
17
6
21
1
25
6
27
12
13
17
8
5
2
22
8
0
11
14
2
14
14
32
24
9
26
1
7
5
12
38
22
18
11
11
22
26
17
8
13
8
6
32
42
15
56
18
7
7
3
6
5
15
15
29
14
24
8
15
2
7
23
23
19
1
34
19
7
43
8
25
9
20
5
32
17
1
10
5
11
10
9
18
17
6
26
23
7
0
8
8
15
9
10
8
6
23
26
27
30
3
5
16
4
29
19
8
33
33
30
23
20
9
22
6
5
4
12
25
7
29
3
9
8
17
8
23
7
6
10
13
6
18
6
6
9
24
7
32
25
36
20
11
7
11
17
2
9
6
4
2
35
27
16
6
23
29
14
11
11
18
1
4
26
10
10
15
17
9
13
16
8
19
21
7
10
38
10
32
17
13
4
14
26
2
10
13
4
22
9
20
11
11
5
18
19
3
34
8
2
20
12
3
1
12
26
0
15
36
14
1
22
12
2
11
18
5
1
29
8
12
9
14
5
25
1
5
12
27
22
14
17
12
1
0
3
17
29
3
40
18
4
3
13
17
19
29
18
7
3
6
6
31
21
8
20
4
17
15
37
9
19
12
19
15
11
37
11
3
1
7
2
4
4
7
16
14
19
19
6
8
28
11
12
7
21
6
18
6
3
19
4
11
4
4
3
20
4
14
3
9
27
18
3
13
8
1
3
20
11
11
12
13
24
2
6
5
11
4
5
18
5
7
18
14
2
18
9
3
14
6
6
7
1
5
15
3
3
2
16
21
1
7
13
3
3
27
6
13
8
5
27
7
1
11
16
12
7
4
7
9
7
4
0
8
5
11
9
18
2
2
25
1
3
10
13
8
10
9
1
16
7
1
8
11
14
0
2
6
9
3
0
6
4
15
1
1
5
2
9
19
4
8
4
13
3
5
1
5
1
9
2
3
14
10
0
3
1
8
7
1
7
16
2
7
7
2
5
5
5
7
11
2
6
0
9
0
8
10
1
5
0
10
6
3
3
8
2
13
2
18
1
9
7
6
2
0
2
3
6
2
6
1
0
2
0
2
5
7
0
0
3
6
3
3
1
6
4
1
1
2
2
1
1
1
4
1
1
