9
10
40
2
14
4
2
76
1
80
20
40
14
11
52
22
52
60
74
1
29
34
92
101
4
60
11
5
9
97
2
14
22
164
37
14
34
38
22
13
21
18
11
40
17
1
5
45
44
33
26
27
14
53
8
43
8
4
35
53
21
32
6
24
54
15
81
20
47
55
45
3
120
37
86
4
18
30
75
36
74
49
25
49
41
35
13
4
73
49
47
9
14
58
1
32
12
10
12
89
19
3
43
7
59
108
103
6
48
12
8
23
79
10
28
19
52
5
65
4
48
43
53
5
53
28
31
58
145
49
18
7
19
16
31
18
28
107
29
11
65
37
69
32
54
136
131
75
11
58
50
55
80
26
21
5
28
99
145
17
21
15
26
67
75
76
23
144
59
30
81
40
26
63
26
40
107
8
10
133
23
29
39
25
3
32
46
21
69
64
46
63
46
61
6
16
7
178
35
6
15
83
40
113
9
140
18
21
38
93
72
106
177
1
24
11
87
28
0
42
153
30
21
19
69
37
16
13
12
42
19
58
102
77
29
90
62
0
29
20
46
56
13
9
66
26
99
51
107
2
86
44
32
47
8
75
23
55
31
118
49
18
37
13
53
10
25
33
37
21
74
9
41
5
9
27
104
46
9
15
8
58
74
15
36
37
7
21
76
15
142
57
22
102
21
113
115
36
127
68
45
95
41
11
23
7
50
35
37
4
10
26
84
63
25
16
57
68
44
65
81
20
29
48
6
3
15
123
161
26
10
0
45
28
7
15
101
28
56
15
153
95
5
23
81
37
60
47
22
91
2
105
85
57
105
31
102
36
16
65
66
40
23
44
50
3
2
73
12
31
11
88
14
5
85
26
97
5
49
42
9
27
23
92
59
3
39
29
50
26
84
14
20
67
82
55
36
36
112
139
43
46
19
50
131
4
33
16
0
40
194
85
33
106
34
83
25
119
14
60
76
61
26
6
14
27
67
2
102
99
80
34
30
80
6
38
37
54
33
24
40
38
55
20
10
63
55
41
80
59
34
59
76
79
19
109
43
11
29
68
10
31
114
19
117
76
48
15
54
49
52
10
65
47
6
10
10
50
29
68
18
57
23
42
30
33
24
44
116
67
7
50
35
48
22
22
32
9
43
8
165
91
2
55
85
64
29
38
5
19
30
44
46
6
72
11
71
56
11
97
18
47
37
43
3
42
3
12
47
21
52
53
40
59
16
104
85
1
12
28
37
7
46
78
75
132
37
35
4
25
7
107
19
14
9
31
10
8
64
64
39
69
26
32
145
55
49
24
17
45
39
42
36
53
17
46
67
11
24
53
29
47
25
46
4
21
4
13
107
8
41
12
13
40
23
33
64
56
7
39
4
61
64
89
26
30
17
30
125
69
106
33
42
71
120
21
6
56
63
3
2
7
32
61
30
55
33
3
17
113
5
53
43
84
79
3
4
39
1
41
24
1
49
24
91
16
39
35
63
10
49
99
88
12
73
81
90
36
24
29
5
39
3
61
30
64
105
1
43
98
87
27
16
83
103
60
39
21
152
40
81
33
25
101
37
39
72
85
4
7
51
28
89
75
106
33
42
46
8
81
21
111
53
14
18
38
11
2
58
46
8
28
45
61
95
70
12
10
2
43
97
27
50
78
21
98
72
4
2
24
48
29
3
32
10
40
23
88
145
4
71
40
115
83
70
24
22
12
92
62
8
48
12
13
44
88
50
43
48
44
30
58
35
92
39
12
19
55
18
20
100
56
6
10
13
10
12
33
41
54
10
10
31
106
58
14
35
112
31
53
26
95
24
5
40
16
22
4
56
49
4
20
79
17
35
22
10
107
67
8
39
62
25
81
60
93
4
35
55
49
68
115
89
126
163
20
97
23
2
10
8
0
124
41
7
54
20
35
27
100
61
23
76
76
38
60
1
12
36
95
42
19
58
2
6
83
80
49
12
14
19
19
3
6
38
50
93
29
73
62
43
57
44
12
114
14
51
18
10
71
18
103
51
90
78
46
110
3
33
61
21
18
15
7
20
30
18
91
34
33
62
10
8
21
31
34
14
3
8
37
16
64
49
70
1
57
36
53
90
41
2
24
14
173
57
22
32
34
41
77
62
24
38
56
75
14
19
80
62
80
64
81
70
23
15
36
6
2
95
36
33
51
22
16
0
4
75
22
6
22
8
60
21
19
41
26
127
65
11
48
55
32
98
129
21
32
48
5
59
143
156
5
116
53
13
115
8
37
8
18
87
59
29
32
16
91
54
50
66
14
49
56
13
71
24
40
5
88
52
32
98
7
47
38
67
12
187
30
2
40
91
73
62
25
38
91
49
49
37
39
168
78
78
1
12
23
55
34
2
8
88
72
36
54
8
78
35
47
53
2
40
18
48
60
124
1
12
21
91
126
6
54
20
71
44
7
52
19
53
83
48
103
53
47
48
85
4
46
6
80
2
74
52
2
40
77
33
30
50
13
47
40
9
58
27
6
149
74
27
28
29
27
48
32
104
108
36
57
53
22
8
72
51
72
41
2
9
78
1
59
1
15
18
13
19
5
38
55
20
81
35
31
27
27
38
23
89
23
198
0
111
17
87
0
18
70
11
39
2
53
53
100
20
45
50
66
68
27
76
96
57
9
21
5
71
10
15
30
82
36
101
2
18
28
7
54
20
40
44
1
58
33
7
9
10
86
87
14
11
85
51
49
26
55
50
168
25
24
89
49
132
122
11
24
34
23
53
35
8
7
33
115
23
102
17
80
125
40
66
32
41
13
21
50
80
7
33
45
49
15
18
36
21
3
126
15
144
39
21
45
20
125
14
67
37
27
99
2
39
20
35
88
2
34
45
1
66
66
69
39
54
33
4
42
39
45
36
5
5
60
12
19
7
85
8
36
95
40
62
46
44
73
79
36
130
80
33
2
19
43
47
36
1
19
15
69
73
7
67
52
104
55
66
11
75
30
83
43
20
34
62
7
15
22
44
59
76
4
50
33
81
114
46
62
8
41
60
37
50
23
63
107
44
136
14
26
21
37
43
27
45
2
7
1
48
114
38
26
5
15
5
33
58
54
18
128
55
60
45
9
31
14
9
80
26
35
49
53
69
19
79
71
34
26
50
69
87
18
24
42
61
1
85
14
14
93
12
30
33
124
22
20
10
51
36
8
35
30
54
14
23
57
30
13
8
0
2
43
30
8
130
41
66
93
5
39
20
48
12
60
37
1
18
9
54
65
59
53
92
17
31
62
17
33
5
35
41
19
41
9
14
48
14
75
15
54
35
17
61
34
54
89
119
128
35
7
9
88
26
38
50
72
27
82
12
71
43
5
43
53
135
10
3
83
39
20
2
20
70
76
60
40
31
20
43
154
18
31
8
7
60
71
14
59
7
10
64
5
55
3
14
74
35
64
4
10
13
62
3
107
19
24
59
85
35
14
18
57
43
66
11
50
18
16
20
8
57
38
133
75
25
48
11
9
4
102
6
25
70
88
15
59
55
43
57
6
3
74
5
17
27
85
5
29
21
69
68
100
31
61
4
14
9
0
62
39
6
13
1
75
77
13
8
69
32
7
10
40
15
146
12
37
46
7
20
40
13
6
52
30
70
66
41
3
64
79
32
55
11
38
23
53
0
34
3
29
23
120
17
35
22
41
51
55
99
74
116
23
38
10
74
1
39
71
72
7
9
99
37
47
31
40
73
90
19
24
2
8
0
98
30
46
68
39
128
31
63
61
42
38
18
3
66
40
25
61
42
88
35
8
4
41
38
58
86
90
109
69
65
23
48
5
51
101
45
31
84
23
13
2
21
18
72
70
33
20
8
25
39
41
47
42
12
7
9
28
4
8
23
63
11
29
90
13
71
36
23
12
77
25
9
49
14
28
148
44
75
11
63
82
53
93
30
40
11
75
30
8
43
26
54
35
0
16
4
62
21
41
34
100
30
88
16
55
17
63
65
1
69
75
43
31
107
9
30
12
54
30
36
22
63
43
6
49
30
34
59
2
62
11
17
17
6
33
23
114
3
51
22
10
0
66
13
36
154
6
66
28
104
43
6
26
37
53
9
4
32
5
65
36
2
44
35
13
62
57
19
42
38
26
12
1
4
8
33
39
15
51
33
22
66
69
2
20
22
48
75
90
48
66
24
49
23
37
84
29
153
30
0
12
20
12
1
36
17
63
12
36
109
36
13
30
3
13
101
111
27
13
72
36
86
104
98
46
48
57
78
109
71
34
30
19
1
74
0
55
69
117
35
4
7
31
62
35
30
49
8
68
22
31
72
0
10
5
38
17
27
31
53
7
40
37
25
39
14
6
41
40
7
13
44
85
25
110
58
53
23
78
32
12
1
27
112
55
10
7
84
16
36
48
63
22
72
17
112
50
64
14
7
82
58
9
34
32
10
30
49
114
13
68
19
64
32
20
3
34
31
2
8
33
33
22
38
1
23
46
38
11
84
118
78
10
70
21
10
5
72
89
49
16
9
26
74
108
14
37
25
13
61
16
4
10
5
9
69
1
19
22
35
21
80
16
23
62
8
78
2
52
49
104
31
104
30
21
2
57
37
38
47
28
13
18
40
55
6
45
16
78
40
71
120
7
5
33
42
44
69
11
50
30
27
36
24
4
23
60
47
81
112
14
42
53
21
23
32
9
37
43
26
21
19
52
20
34
57
52
11
47
61
15
39
46
28
30
16
47
29
37
17
8
4
26
37
11
36
25
100
81
28
10
54
101
35
8
14
3
52
15
17
10
22
30
4
32
97
5
27
56
34
31
25
59
20
25
45
78
27
4
5
74
0
58
30
28
74
22
25
57
25
12
1
7
36
6
20
41
6
20
4
32
53
23
41
10
2
34
71
21
51
66
122
6
74
4
52
12
68
2
4
69
107
27
5
66
82
46
26
51
43
33
14
36
81
5
43
22
15
33
15
42
7
0
35
18
23
10
24
29
28
16
11
1
36
37
4
62
39
51
103
4
1
18
58
30
40
33
37
38
28
47
84
42
20
33
2
4
18
5
44
119
18
27
56
81
18
55
30
14
14
4
59
34
17
35
34
53
13
36
28
1
36
79
40
27
54
60
9
41
53
12
14
33
63
25
32
19
34
22
12
12
40
14
21
37
56
59
15
42
17
6
39
6
63
37
22
54
87
16
101
49
15
42
11
43
4
6
36
4
54
31
40
37
16
69
20
3
1
10
36
0
41
36
58
37
77
6
0
55
46
26
56
38
41
129
140
1
57
14
37
72
26
24
101
18
22
2
6
58
103
48
11
16
28
8
4
80
39
34
1
32
20
26
15
10
32
59
38
3
30
87
24
32
7
25
30
10
31
31
64
46
60
19
74
35
6
31
16
96
35
12
8
89
68
35
17
24
11
68
30
20
12
45
98
22
18
62
42
30
76
76
12
70
23
36
30
18
36
3
81
2
6
58
74
36
48
5
13
26
19
14
40
4
22
61
5
2
4
81
50
34
23
35
50
44
17
3
23
1
18
5
35
13
19
65
62
6
66
55
31
60
109
54
11
37
61
15
22
12
114
75
21
63
9
21
19
17
40
30
65
47
2
9
25
8
39
7
55
11
11
19
31
20
45
31
25
25
45
7
60
31
55
67
53
6
23
5
62
31
86
4
6
11
8
26
28
88
75
19
63
5
4
75
11
42
7
51
67
43
33
12
71
74
37
13
35
17
39
39
44
44
20
9
5
6
20
13
33
46
27
20
48
19
49
4
9
1
63
35
23
54
35
44
79
30
6
38
18
61
6
2
11
19
8
43
7
69
2
49
31
28
40
31
38
0
28
19
101
24
45
47
4
25
19
67
19
71
36
6
22
31
6
22
31
50
5
20
58
18
51
22
15
10
12
5
55
43
8
50
30
21
23
16
3
16
58
37
52
11
30
18
40
31
22
26
52
17
9
88
21
40
21
26
43
21
10
17
32
8
51
1
52
20
18
15
69
23
7
23
56
66
83
57
6
17
23
68
30
23
33
33
44
8
41
1
9
32
0
17
10
25
16
39
19
6
13
22
17
2
53
40
69
18
76
37
4
2
9
17
25
15
35
13
50
76
51
8
68
49
36
2
59
19
20
38
66
41
31
5
89
72
20
38
6
1
14
44
2
10
14
9
23
51
22
14
15
28
4
2
43
4
13
34
12
31
53
43
29
14
17
43
40
94
16
13
6
14
42
6
32
38
29
36
17
32
15
15
51
3
20
61
10
57
30
39
42
29
42
36
6
73
26
24
4
27
47
30
34
23
12
15
5
42
20
21
13
19
19
24
17
18
4
6
69
34
18
22
37
63
1
26
9
8
30
14
4
29
23
46
87
14
11
70
24
104
1
28
52
33
10
71
9
35
21
78
67
44
7
7
4
18
57
0
21
17
5
43
1
39
16
25
88
5
60
2
23
68
28
10
30
59
57
1
15
39
2
17
13
43
28
76
11
13
44
4
6
26
3
25
15
70
5
31
57
15
39
26
53
43
80
14
14
46
37
21
8
68
22
61
15
1
46
32
26
52
22
17
3
41
54
10
21
17
61
51
49
3
18
44
44
2
35
64
32
28
16
18
65
8
32
42
11
17
46
51
2
15
40
28
4
75
35
17
6
7
23
3
21
53
8
11
61
36
39
9
24
51
37
51
1
6
41
13
46
71
4
17
5
49
16
42
28
78
51
19
8
62
9
0
71
25
55
27
13
20
21
10
35
13
1
1
43
36
22
37
13
20
3
68
39
63
33
49
16
56
28
16
1
35
56
5
10
25
54
20
80
52
20
13
21
10
26
41
3
36
22
51
8
5
8
35
51
12
20
23
23
4
32
25
28
56
3
58
19
17
0
55
1
7
19
9
13
38
21
8
1
30
30
14
16
11
25
3
9
39
17
19
4
29
1
8
14
8
14
24
31
1
35
46
32
51
28
12
37
56
6
16
10
36
13
17
27
27
5
29
6
54
20
9
39
67
13
29
26
20
5
39
42
18
13
18
12
29
95
12
4
49
13
14
16
76
1
41
30
34
21
35
14
2
1
74
45
41
65
9
22
73
0
72
0
24
62
21
1
16
39
40
26
41
41
9
5
41
24
1
3
21
7
10
21
8
22
15
36
24
31
33
29
20
54
6
30
10
49
17
21
9
72
1
2
47
6
8
44
22
4
4
34
52
15
27
48
39
6
18
30
1
55
20
31
31
35
51
88
43
2
44
52
3
46
51
2
12
61
43
43
17
50
26
25
26
19
27
9
16
20
5
24
12
14
22
8
62
5
26
34
1
49
6
14
16
21
16
15
33
16
39
23
30
1
14
9
37
31
20
36
39
47
8
43
29
9
61
61
10
37
26
14
7
7
29
17
15
81
10
12
1
36
21
43
25
47
16
1
18
13
10
22
10
55
26
15
20
56
36
15
29
26
25
4
3
8
25
28
5
8
27
58
55
15
25
10
22
16
36
16
33
44
10
1
19
7
15
47
13
15
58
21
9
39
13
12
17
42
21
6
16
39
33
9
49
41
11
11
4
12
11
21
64
21
31
14
56
7
17
4
44
21
11
19
22
7
32
5
2
24
2
25
9
9
21
6
15
30
18
62
10
63
29
27
29
1
14
12
4
38
6
28
24
4
34
23
40
3
15
56
23
13
26
54
33
56
16
64
87
6
13
33
22
13
12
7
26
8
18
24
15
20
16
23
10
1
10
14
8
8
15
6
23
49
57
40
12
10
5
10
12
51
55
18
10
44
20
9
19
20
8
22
2
7
22
15
21
2
16
32
10
2
16
7
34
1
49
22
6
7
53
18
21
17
9
10
45
12
39
11
18
33
9
18
35
3
23
23
8
28
9
0
1
14
40
18
29
17
7
13
44
4
6
17
18
6
21
71
13
57
23
29
37
11
3
3
44
3
14
24
20
9
7
5
11
19
6
2
12
22
10
47
14
9
13
41
19
26
34
37
42
34
39
5
15
12
4
6
22
38
10
56
11
16
5
3
32
16
48
33
29
5
26
6
26
27
18
32
1
29
18
10
17
6
3
8
31
22
47
6
9
42
6
19
27
6
12
33
2
4
24
9
13
9
14
33
16
2
24
4
21
19
9
38
24
4
18
5
40
10
13
19
31
28
18
14
12
17
36
23
21
11
23
14
27
31
53
9
36
54
19
28
3
16
17
8
20
2
30
26
13
26
2
10
23
26
8
5
14
60
2
25
6
21
18
9
4
27
5
30
43
22
29
8
33
5
6
30
11
8
26
19
18
3
58
6
19
35
20
39
14
33
5
3
7
12
34
39
23
9
3
36
26
10
44
48
18
4
4
30
12
26
21
18
8
4
7
25
29
10
6
21
13
29
14
0
5
7
7
14
29
15
11
32
17
19
4
1
18
6
13
2
16
20
8
3
23
3
8
11
15
4
18
9
3
37
3
16
16
8
58
12
2
13
15
7
12
18
0
13
8
15
14
23
8
8
9
31
15
13
17
25
11
10
4
30
12
1
28
16
0
16
25
8
46
18
14
23
14
5
24
11
41
1
1
6
7
9
37
22
29
8
39
24
23
21
14
5
4
13
11
22
10
23
1
30
22
1
5
34
21
19
5
15
11
14
7
23
11
21
22
8
42
5
13
21
12
40
5
20
37
16
7
6
2
13
7
18
20
2
36
33
21
19
6
16
14
1
1
11
4
5
16
8
51
3
22
31
7
18
10
6
1
20
9
29
7
30
12
10
26
6
17
20
2
24
23
9
18
4
2
0
0
12
20
23
4
22
19
15
21
13
19
2
10
38
12
22
42
13
1
34
2
16
38
12
4
13
12
45
12
26
14
17
23
3
22
8
2
18
14
14
8
20
21
6
3
5
1
10
12
8
22
19
42
6
23
5
17
3
28
18
18
43
2
11
2
7
20
9
35
17
1
20
6
5
13
10
7
12
6
2
26
31
25
3
5
6
2
7
7
2
7
14
19
7
1
2
27
14
31
17
25
13
40
16
20
15
5
5
20
9
11
8
8
10
18
17
10
19
3
27
17
30
12
7
3
8
6
2
6
0
8
18
25
24
13
27
7
7
22
2
5
26
13
4
9
14
3
7
14
7
12
2
2
17
6
22
2
2
4
9
11
15
15
6
16
4
21
17
16
5
2
11
6
17
1
3
0
14
1
15
1
10
17
8
7
13
4
4
6
1
16
11
11
4
2
10
12
2
9
16
11
1
2
10
9
1
5
11
22
8
1
1
17
8
10
5
7
6
13
3
11
15
2
6
15
17
8
0
7
5
8
6
13
8
20
3
6
8
9
2
4
8
9
3
18
3
12
9
20
6
6
11
2
9
2
1
18
8
1
2
1
8
9
6
0
7
4
1
1
7
5
8
7
0
6
15
2
22
2
4
9
6
5
1
3
6
3
2
0
7
4
3
10
7
4
5
4
0
14
4
7
2
1
4
1
2
2
1
2
1
1
0
0
