15
62
37
41
4
29
10
13
70
82
54
8
1
63
13
11
24
4
9
6
21
77
24
19
87
8
12
91
57
76
5
37
72
54
52
37
48
11
14
76
33
4
20
20
34
13
18
25
7
34
30
57
23
47
149
43
2
167
16
8
11
9
134
40
32
33
24
48
29
53
11
28
23
73
7
44
76
25
12
6
11
22
132
30
66
25
87
73
67
5
10
42
84
47
67
38
53
48
33
10
64
24
52
32
102
88
41
68
47
53
106
23
69
6
54
28
21
98
36
114
80
74
2
49
1
76
37
21
41
1
6
8
26
77
33
43
15
42
57
10
58
45
57
73
91
83
2
66
22
27
175
42
77
89
61
2
107
127
4
58
44
71
21
64
54
4
72
24
120
124
58
110
71
36
36
45
90
41
49
73
14
48
65
44
35
106
26
68
44
39
57
21
66
13
8
74
43
11
70
15
86
24
5
31
33
39
21
3
83
12
23
29
53
32
72
81
65
28
8
45
111
112
8
41
29
57
38
23
104
39
34
104
85
27
102
95
19
6
34
63
71
85
45
31
34
6
53
42
7
56
86
33
75
66
6
7
115
13
51
31
12
15
25
40
32
29
17
31
24
37
105
18
1
38
16
10
4
2
57
23
19
124
24
33
5
98
163
33
57
90
96
50
1
21
48
26
57
5
36
44
37
27
11
19
21
3
30
6
47
117
74
52
23
45
37
92
73
38
61
108
86
37
4
37
41
25
126
24
80
88
1
63
28
67
5
157
57
34
43
11
28
18
19
4
24
124
137
15
21
18
40
3
9
131
37
70
2
90
20
2
12
54
45
84
4
27
21
17
22
62
31
98
25
31
0
38
39
11
10
39
50
28
49
58
21
103
31
24
64
35
113
21
16
74
45
53
70
21
1
111
135
15
46
15
12
39
4
29
37
10
15
64
94
24
95
40
29
5
97
40
34
26
40
47
26
52
44
53
84
47
3
41
92
64
91
111
55
60
6
0
73
55
57
22
48
1
44
132
151
32
7
51
26
55
73
41
53
63
161
95
33
37
27
21
29
4
7
57
40
46
22
5
57
70
16
64
17
56
75
78
6
21
52
155
67
133
16
65
56
49
11
27
48
44
22
43
5
77
72
17
12
29
30
138
10
2
25
11
40
75
130
56
69
50
15
0
87
32
41
48
64
111
37
69
49
11
102
20
77
68
57
31
15
95
39
107
102
49
68
86
21
47
30
52
24
73
29
5
20
148
0
94
20
56
80
24
64
79
53
30
73
6
51
17
37
61
83
55
9
120
47
50
78
28
17
12
68
181
12
52
96
62
213
14
63
74
28
30
51
4
21
6
53
67
108
62
84
15
33
59
48
118
0
141
106
14
31
66
20
55
123
64
56
5
45
37
93
57
113
55
32
87
26
0
17
42
136
11
40
13
32
50
6
28
5
41
25
95
89
29
16
98
9
94
40
2
98
125
77
44
4
51
19
118
47
36
31
42
29
1
70
22
41
9
26
103
13
21
28
87
44
104
69
44
98
101
9
1
120
7
83
48
16
21
19
16
51
60
65
15
15
10
19
18
6
12
79
102
8
62
86
31
62
10
9
72
85
5
143
57
95
48
102
34
12
3
44
33
6
55
19
99
46
29
26
43
69
4
3
81
11
52
56
17
104
1
44
70
23
28
42
105
146
33
60
88
1
9
18
14
20
6
7
31
29
1
13
75
56
104
78
79
3
46
46
19
23
5
34
5
93
41
116
40
1
17
14
91
38
39
59
1
44
51
2
30
36
88
10
73
3
36
8
4
132
67
76
6
55
53
47
23
48
68
13
44
57
59
15
19
68
77
11
26
82
34
61
90
11
42
37
32
50
104
20
6
109
5
32
88
34
111
10
86
3
24
39
46
32
32
68
15
26
18
19
75
50
32
2
98
37
10
71
49
24
105
37
72
67
52
21
10
48
93
124
8
45
13
89
117
34
68
31
79
8
117
102
30
31
37
64
1
88
45
52
15
14
54
33
30
34
7
137
109
53
89
44
28
1
49
26
53
37
27
5
10
8
63
69
37
65
7
2
38
23
99
54
40
58
30
35
61
32
33
23
137
64
12
120
9
45
41
102
0
62
97
27
44
52
77
22
98
75
17
14
114
51
27
57
94
18
27
51
81
35
45
44
5
47
101
55
27
36
128
82
34
99
60
42
39
78
7
82
6
68
54
30
18
35
14
7
22
33
118
96
4
64
39
25
36
4
13
74
43
100
49
25
52
42
26
87
6
51
62
24
40
77
53
7
24
16
28
46
59
7
20
5
7
27
26
51
40
14
78
6
50
6
50
68
37
98
21
23
38
59
9
32
30
9
55
33
2
36
64
121
17
39
1
9
65
56
90
64
11
31
9
18
54
5
26
41
49
14
62
35
29
44
52
20
15
13
120
82
54
16
38
35
26
14
38
49
11
4
7
2
68
127
93
11
64
38
40
44
25
35
56
17
2
119
16
110
23
102
66
8
16
1
77
33
62
12
65
38
111
16
4
6
16
11
69
37
75
12
22
1
107
30
50
31
46
58
43
6
10
125
27
25
5
44
64
27
146
39
106
56
23
2
4
44
41
61
37
14
1
33
10
65
66
31
10
51
15
25
80
6
52
92
27
18
6
114
74
2
33
25
45
14
35
37
23
1
70
9
48
37
85
2
21
49
108
12
5
39
194
44
17
35
128
96
122
15
101
1
39
58
37
53
16
16
44
15
65
54
9
4
82
129
86
12
22
9
34
62
31
41
1
66
24
30
27
14
38
10
61
41
8
27
94
90
47
129
54
87
30
1
26
28
14
7
44
25
34
13
17
7
50
132
79
138
7
48
117
123
28
30
99
36
5
0
59
13
40
58
16
96
55
96
70
40
1
40
115
2
18
3
81
52
20
89
108
35
20
83
1
5
179
57
4
37
11
29
22
56
78
10
14
65
16
9
9
82
16
11
11
70
2
6
13
85
13
13
35
103
22
140
42
76
7
64
69
13
35
16
1
52
65
4
62
10
13
56
11
5
71
147
35
115
70
72
40
78
17
23
14
59
10
30
6
6
78
46
46
93
109
3
6
1
12
61
71
61
83
30
17
11
31
3
65
6
65
30
53
45
9
94
34
64
72
47
129
44
25
84
1
47
34
36
30
150
32
42
27
37
40
14
58
79
42
51
15
34
22
58
59
9
91
29
24
33
16
125
39
68
35
90
24
55
91
16
25
19
31
6
35
12
18
39
9
58
14
10
39
5
22
33
50
115
64
19
46
12
102
72
25
110
29
65
89
42
31
53
61
17
17
83
29
61
38
87
61
24
57
16
41
32
54
43
29
39
31
37
21
25
74
11
4
91
72
69
74
26
129
137
89
6
4
24
7
29
35
55
31
21
11
50
6
6
34
47
16
23
58
41
44
5
2
13
13
10
45
58
81
40
13
89
57
49
41
45
27
3
79
25
41
49
2
61
29
13
36
78
66
23
18
0
22
5
24
77
51
16
69
37
60
57
24
101
21
0
69
29
75
9
130
48
16
17
79
30
103
46
9
162
72
59
26
36
1
19
41
24
38
35
54
24
0
6
6
2
32
7
5
3
43
44
56
129
48
33
44
28
68
81
55
31
79
113
56
5
23
4
11
6
11
34
16
64
7
76
17
22
24
33
29
54
31
59
3
85
10
95
43
68
46
74
12
35
32
47
10
18
10
31
47
17
61
54
105
5
2
17
44
37
29
30
44
49
31
23
89
86
27
2
23
90
22
12
8
18
34
71
3
39
86
16
71
50
20
12
71
8
7
26
46
43
49
123
76
99
17
81
15
18
31
36
17
74
52
62
19
43
100
115
68
55
23
26
80
6
106
35
2
25
5
52
25
0
10
134
38
15
43
31
37
51
33
26
12
30
65
65
7
62
51
5
14
38
55
53
27
96
58
52
16
40
28
39
16
109
56
14
50
29
33
8
71
97
81
117
118
64
7
98
43
0
7
81
53
79
36
36
10
52
2
34
22
28
5
59
53
41
35
27
5
37
12
18
31
30
25
5
1
6
71
117
102
124
47
67
59
36
18
33
4
19
23
29
55
12
26
13
56
10
33
11
50
2
27
32
40
20
95
54
22
31
56
84
60
167
4
41
80
65
76
43
47
11
49
30
27
67
27
51
2
25
19
17
103
41
1
38
17
20
42
17
36
38
22
28
78
10
77
40
37
21
33
64
8
88
48
18
17
46
97
24
152
25
34
29
112
113
20
27
84
27
38
30
77
3
36
40
45
19
15
42
29
65
57
62
72
3
11
82
23
30
1
55
71
65
10
89
28
49
100
55
6
29
16
37
2
81
6
80
58
71
4
21
2
44
37
26
110
1
50
49
42
40
42
26
4
78
47
7
59
23
40
59
83
20
27
40
5
28
25
3
73
82
17
29
7
10
71
20
36
57
71
40
7
128
45
8
30
31
47
17
9
23
19
3
45
48
103
37
35
70
107
76
5
12
136
1
47
5
23
22
76
12
14
85
82
109
55
41
97
2
44
41
36
16
48
32
97
27
2
55
99
31
10
5
61
33
58
36
88
43
26
68
61
19
62
24
37
18
42
21
7
16
50
64
21
18
32
30
10
48
42
61
3
69
63
4
20
42
49
1
29
46
41
70
54
100
61
72
15
46
116
7
11
69
44
7
5
27
36
50
13
49
37
41
50
23
5
84
23
37
11
18
89
23
31
47
10
55
32
40
2
0
80
104
49
115
67
23
13
27
17
33
16
9
39
40
23
117
18
32
46
52
32
33
26
38
61
35
19
29
11
60
32
56
4
15
34
32
64
63
11
61
54
52
38
51
17
12
108
26
46
78
31
36
53
39
50
18
14
13
20
124
69
68
19
36
22
41
37
21
38
57
8
60
7
2
42
20
24
11
9
4
70
33
8
35
4
27
84
14
6
12
55
57
56
85
40
3
26
26
65
10
13
14
11
7
38
3
32
34
8
80
20
7
56
59
3
4
45
104
48
33
17
62
38
22
29
15
79
94
18
32
9
48
56
11
6
28
31
84
88
31
53
100
5
42
68
16
37
54
6
64
6
43
3
51
11
3
24
19
1
24
35
75
2
51
23
78
47
21
44
5
30
59
21
37
38
51
7
4
80
59
2
42
48
21
82
6
8
13
2
12
45
5
62
1
122
2
42
34
43
7
5
30
26
48
15
3
17
25
17
12
12
4
41
32
112
31
41
64
35
62
13
12
6
26
41
7
27
32
56
21
26
66
59
70
7
32
103
22
86
23
42
47
18
1
37
33
25
8
7
53
33
4
34
17
77
11
45
48
40
33
1
25
12
47
10
5
55
38
49
32
17
96
26
64
40
26
19
16
75
38
0
55
51
66
15
22
41
69
25
69
6
32
2
11
66
17
4
21
9
28
3
1
14
19
10
4
31
13
29
5
22
63
72
86
29
37
79
2
0
55
21
44
35
51
39
73
58
62
64
26
19
58
17
26
4
22
2
6
42
26
15
74
13
28
31
51
11
5
42
0
35
43
86
12
72
1
28
41
11
11
72
38
0
68
14
5
30
45
13
64
58
24
32
4
153
25
67
13
34
21
31
31
46
23
6
34
56
20
3
33
50
40
9
54
10
50
43
36
29
31
23
19
0
2
31
59
19
35
23
71
2
66
18
3
48
39
37
44
38
41
17
24
39
13
15
46
60
42
3
43
21
25
51
36
41
20
29
0
16
1
52
58
21
13
11
21
12
13
19
33
14
59
27
9
12
31
38
11
5
39
47
20
60
13
32
53
4
1
53
20
4
10
44
51
17
16
5
17
19
6
51
64
20
7
0
21
8
73
25
54
49
135
0
53
38
14
12
10
34
11
57
4
27
27
41
47
82
55
9
34
30
64
1
13
31
3
13
48
58
12
66
43
6
34
9
66
8
26
48
19
16
17
60
60
10
12
29
33
34
19
43
26
4
8
46
18
9
47
8
19
57
10
10
1
12
60
5
32
1
15
112
63
9
10
45
93
4
16
113
14
27
8
51
5
16
70
1
52
4
5
47
48
30
16
4
17
22
14
38
11
39
14
24
0
4
0
10
60
49
3
33
2
28
80
3
3
40
57
42
5
65
59
73
32
45
100
8
57
31
92
22
36
7
6
15
6
15
91
26
16
15
89
30
1
49
17
8
58
10
0
17
36
16
21
8
31
28
0
27
14
40
31
55
19
19
9
11
33
41
23
29
25
8
38
1
6
13
56
19
31
24
10
78
3
18
47
24
60
7
80
22
108
15
40
7
7
35
27
51
3
1
25
23
13
12
2
37
24
27
77
4
33
33
28
15
21
8
3
30
13
65
21
29
1
6
11
49
40
32
53
30
24
52
60
37
85
1
63
28
16
29
99
8
30
79
11
27
10
23
10
11
53
25
1
16
31
7
68
45
8
14
3
29
2
13
37
72
69
54
11
17
7
10
1
32
38
48
7
63
0
28
34
42
15
6
31
19
43
25
19
6
51
18
34
5
30
9
34
62
23
20
23
14
69
12
24
17
40
11
14
60
8
30
8
2
4
69
1
9
26
26
12
29
40
11
74
8
44
8
3
0
37
72
1
17
2
4
70
41
11
19
24
19
44
17
2
8
56
14
4
36
47
4
52
19
22
7
21
24
61
16
6
5
7
33
36
39
60
7
20
53
13
2
43
24
9
51
38
37
19
0
5
2
6
81
17
29
3
24
53
47
2
28
74
3
6
49
51
20
36
34
18
0
51
40
7
65
37
14
0
10
15
13
4
17
27
39
23
49
43
9
18
21
8
5
42
65
117
71
10
22
10
48
20
8
2
22
8
16
4
38
28
27
20
52
1
15
12
79
37
10
44
29
57
50
45
18
9
57
64
79
37
27
22
38
35
15
18
86
36
39
65
12
47
0
3
14
20
6
27
73
4
35
25
56
12
1
55
20
1
47
2
16
18
44
14
4
27
62
43
66
7
26
15
21
5
5
5
23
6
37
18
14
34
27
73
33
10
36
15
3
57
2
2
17
14
13
10
49
33
5
20
10
23
64
3
28
3
17
30
8
11
28
22
16
27
26
21
16
26
39
32
31
17
15
8
18
69
38
37
5
25
55
19
10
40
15
51
41
24
21
1
72
28
12
1
24
29
35
16
74
42
21
4
34
33
6
7
9
27
5
45
68
14
36
33
23
5
31
31
67
39
1
32
12
23
56
20
31
20
31
14
15
27
17
0
17
26
25
56
0
3
18
9
56
26
9
49
10
21
2
46
10
74
2
24
17
27
54
26
50
20
49
2
27
37
6
9
36
6
4
9
95
5
8
11
19
24
48
10
7
50
0
15
33
36
14
1
37
35
33
18
8
47
13
21
14
18
3
5
11
26
27
4
37
59
8
12
44
19
33
20
16
19
12
18
24
22
18
11
13
3
39
37
37
40
49
22
35
1
37
41
29
25
2
21
1
7
69
24
22
19
8
6
2
25
40
35
22
0
39
38
52
5
0
27
15
24
36
2
31
19
38
8
7
16
61
25
27
31
4
39
27
26
9
22
30
1
28
24
24
15
5
26
16
43
13
25
1
24
17
3
17
32
8
31
10
24
39
23
1
15
33
17
32
3
41
10
15
15
26
29
1
8
63
49
26
2
17
40
6
53
23
20
64
5
11
39
14
4
30
42
26
20
5
6
14
10
8
21
25
7
26
49
18
32
29
10
2
51
18
66
2
16
18
17
27
14
2
20
58
9
18
12
30
20
10
3
2
57
5
25
28
39
16
30
15
10
11
33
17
50
48
10
28
13
16
64
33
40
5
13
10
33
23
8
1
17
18
40
16
12
4
14
1
47
7
28
24
24
10
4
9
12
23
11
18
19
61
13
9
6
36
8
38
55
21
18
53
13
47
9
12
9
23
27
55
12
1
24
14
24
17
7
24
30
5
20
0
9
19
41
32
30
35
0
43
20
49
26
55
3
33
35
10
21
6
47
25
23
6
20
1
27
11
37
6
36
22
19
6
5
30
24
25
36
4
36
0
11
3
33
2
26
16
14
25
14
20
9
39
48
27
30
12
39
53
35
47
14
23
22
35
10
18
10
12
10
17
1
18
16
13
24
43
43
0
48
11
17
8
9
24
13
23
22
32
31
45
13
10
3
38
0
25
14
40
11
25
17
13
0
8
3
43
24
16
15
6
11
8
64
16
9
23
55
21
4
44
20
4
51
13
52
27
41
23
15
2
14
19
26
17
11
23
15
24
29
6
14
27
33
2
18
11
40
11
3
10
2
26
6
6
19
23
24
31
21
10
10
24
3
38
5
27
11
8
4
21
28
27
6
16
13
6
48
17
10
5
23
4
7
9
16
19
33
9
43
20
20
32
13
13
20
15
13
18
46
6
18
2
30
13
4
11
12
5
21
2
19
47
12
2
34
32
29
9
34
17
37
16
1
28
28
17
10
8
3
12
4
10
7
36
12
29
10
14
9
1
10
10
70
15
31
2
3
28
10
38
5
2
26
8
12
27
23
12
38
40
10
7
26
15
36
35
40
12
5
8
20
23
13
11
23
9
2
50
18
1
5
14
19
18
27
13
5
19
7
33
6
13
3
28
29
15
4
16
7
42
24
54
1
32
5
22
11
14
10
8
24
26
4
14
5
5
8
32
0
15
12
11
15
8
10
15
52
21
26
21
27
11
15
5
22
31
12
1
7
12
5
15
3
28
15
40
8
3
26
16
27
24
11
23
13
28
10
32
49
2
7
5
0
20
8
16
13
7
6
24
12
6
20
12
49
21
14
4
10
26
4
22
10
3
9
3
8
3
2
20
5
9
28
9
3
25
31
27
0
6
10
24
2
19
17
41
13
8
35
3
7
14
6
0
12
8
27
16
13
2
6
6
18
9
4
9
9
18
13
33
4
8
12
25
2
6
18
15
27
6
3
17
0
13
3
16
6
1
5
10
1
2
22
17
21
38
1
19
3
3
4
3
2
13
1
2
2
5
25
6
6
30
1
25
20
4
4
15
9
1
1
3
3
8
9
17
12
5
22
3
0
4
2
10
26
14
12
8
9
13
0
2
2
12
12
8
19
8
31
15
14
23
31
5
4
20
5
10
14
11
6
7
13
0
16
3
9
19
22
3
17
2
1
2
15
7
9
14
1
19
4
15
1
10
3
6
15
26
21
8
7
17
2
15
6
7
7
18
22
6
17
11
8
14
4
3
18
7
13
2
6
19
8
0
5
5
5
11
12
10
21
7
1
5
11
3
1
11
15
4
6
15
7
8
8
14
16
12
4
0
9
4
10
3
6
1
1
0
6
2
21
9
1
5
4
1
9
7
6
1
1
2
7
1
2
6
3
10
11
4
6
4
4
3
3
1
4
6
6
5
13
0
5
1
2
0
5
9
4
6
1
2
8
3
7
7
2
3
1
3
1
6
3
1
7
1
3
1
1
2
0
3
0
0
