10
2
2
14
8
22
13
3
1
7
5
32
30
3
13
8
10
6
44
28
52
12
17
3
7
17
2
12
1
21
18
9
4
10
20
17
1
23
25
19
1
3
3
14
22
20
14
1
15
28
6
9
12
2
20
25
11
4
7
28
20
8
22
6
13
14
28
4
5
17
36
34
23
13
7
13
1
41
11
11
37
12
17
24
0
0
28
8
8
21
20
14
3
11
16
8
11
15
1
16
13
10
13
15
4
11
4
25
7
3
6
19
3
35
8
28
10
26
4
22
29
18
14
7
9
2
2
2
1
2
9
33
12
14
3
16
10
5
27
3
34
17
18
8
6
69
2
3
13
12
2
21
18
1
12
2
8
2
19
19
15
1
12
7
11
30
3
14
40
1
1
18
1
44
7
25
17
8
32
8
3
9
24
27
8
6
8
7
26
8
3
19
29
23
5
1
2
2
5
2
12
21
11
1
16
18
22
3
1
10
34
25
1
31
8
6
1
19
2
8
8
11
16
5
11
11
21
13
3
3
0
2
16
34
0
23
12
6
9
16
3
2
3
16
3
2
6
29
19
0
4
21
10
8
0
20
12
1
5
12
11
8
3
6
14
0
15
10
13
4
0
16
10
6
0
9
16
13
10
13
17
9
22
8
2
20
8
1
15
8
10
2
12
10
18
6
2
10
8
7
14
8
0
6
19
6
1
4
10
6
15
15
4
3
0
17
0
2
5
10
1
7
15
2
10
8
0
12
6
11
10
2
2
2
11
11
2
10
6
1
4
6
3
0
7
12
6
7
6
3
9
2
10
5
7
5
1
1
5
1
0
0
4
5
1
6
1
3
7
0
3
1
1
5
9
8
4
3
1
7
4
2
8
1
10
0
5
1
1
2
6
9
6
5
1
0
7
3
1
2
13
6
10
1
2
4
0
1
3
0
0
1
2
0
3
4
0
2
0
0
