36
34
23
26
37
1
20
3
16
3
79
16
79
32
28
12
7
13
19
63
7
2
21
21
2
3
58
111
17
47
16
17
13
25
89
4
2
10
23
32
11
28
18
31
13
30
41
12
17
7
14
93
27
43
1
104
78
39
20
90
45
61
1
46
46
16
172
4
9
25
29
15
32
42
30
77
42
121
20
84
6
35
99
24
11
64
47
91
48
76
32
33
5
2
40
12
63
51
45
47
20
40
10
102
72
27
38
87
11
93
20
34
35
49
163
27
52
25
38
71
71
39
8
83
46
10
15
87
20
14
68
81
20
2
51
34
4
70
36
28
63
66
44
40
89
75
4
81
42
149
133
29
37
29
56
63
56
48
21
4
73
3
10
6
71
93
14
50
133
96
49
49
59
88
9
24
132
58
41
84
53
67
43
133
64
50
7
41
80
117
24
11
36
19
10
18
32
69
1
110
74
20
130
8
5
21
19
0
76
56
76
50
4
17
20
40
10
40
89
10
2
31
44
69
18
2
14
27
36
28
112
38
61
34
2
20
111
84
35
58
49
45
17
35
50
8
22
74
9
61
12
22
31
3
48
6
20
17
34
69
52
64
38
13
88
6
6
22
61
49
53
1
77
63
104
35
37
31
4
38
123
50
73
28
20
97
9
62
35
9
17
12
137
39
40
51
2
51
37
72
12
40
46
60
63
107
45
71
7
127
120
106
43
36
51
1
61
29
34
7
24
92
60
31
79
78
11
36
23
171
79
31
47
86
91
48
33
30
6
12
59
22
77
2
2
23
142
16
8
28
16
10
39
85
84
16
6
27
62
116
7
23
47
115
60
9
10
74
25
5
23
23
13
82
8
7
74
56
26
21
57
61
92
84
8
61
9
12
33
50
10
8
35
105
34
7
89
80
55
80
49
115
149
98
66
78
33
117
0
9
12
42
81
15
57
28
24
54
48
49
23
25
16
18
14
9
30
165
23
48
24
20
6
45
33
10
28
51
14
3
90
9
15
168
38
59
6
40
2
5
22
111
29
19
71
35
77
1
88
68
152
18
41
32
61
26
18
28
101
55
75
2
47
83
27
142
11
92
79
1
45
12
44
35
95
33
22
17
4
87
118
26
90
56
27
36
10
14
22
152
28
49
19
64
32
105
4
8
25
30
12
72
3
41
25
5
10
17
42
62
103
70
0
64
77
43
30
14
4
2
115
107
12
52
20
38
61
42
58
76
113
47
61
45
104
57
23
16
86
17
37
23
31
20
88
43
85
26
13
98
17
5
24
52
104
6
29
126
58
167
17
4
53
55
100
109
103
154
43
74
73
18
67
13
18
56
43
31
74
4
26
26
3
55
21
32
59
1
50
55
42
15
66
4
28
56
199
96
3
54
17
7
1
5
72
30
44
44
1
29
76
46
35
60
77
80
58
22
76
8
30
39
34
22
43
26
5
57
1
67
79
27
102
47
8
5
24
83
14
75
23
48
12
47
76
105
45
73
80
61
24
18
11
50
8
26
21
11
81
69
23
4
40
21
142
29
13
44
2
49
18
35
24
2
78
31
40
35
44
11
75
97
52
74
122
64
46
23
63
5
41
41
97
106
30
36
59
18
26
94
71
4
92
27
13
68
9
13
108
84
28
88
28
60
100
34
59
37
17
19
101
43
99
91
69
59
70
58
35
68
47
103
86
50
42
24
126
71
15
16
1
68
38
36
18
12
19
17
20
15
26
80
123
91
25
17
19
3
60
1
33
68
27
76
115
59
57
68
18
48
39
52
29
18
29
27
63
7
59
5
20
73
36
27
6
77
46
59
83
23
29
77
12
48
26
50
18
22
73
114
113
147
79
10
48
72
60
65
26
29
60
10
112
36
103
21
94
48
37
23
4
5
35
43
48
62
19
12
31
111
66
95
10
2
42
46
41
36
35
30
155
15
61
13
48
76
18
20
40
55
38
0
5
11
106
31
147
22
37
24
62
0
58
25
34
15
66
88
43
64
67
104
4
13
130
29
36
70
67
26
108
134
6
32
72
24
16
65
25
71
8
43
97
15
83
10
22
39
7
2
71
60
3
22
19
113
123
35
5
66
13
27
17
56
21
7
57
65
9
45
132
134
37
34
6
37
37
1
18
53
125
33
42
25
18
36
30
60
1
50
32
41
75
36
71
6
65
114
69
39
45
11
82
32
42
72
10
3
44
2
52
81
111
45
14
29
30
26
42
51
20
48
23
42
29
81
3
2
67
35
50
72
41
1
32
2
18
44
54
54
59
48
13
26
70
23
52
54
19
23
67
5
28
25
3
41
32
66
22
44
23
31
6
28
85
60
78
49
17
17
92
137
23
32
14
10
34
37
31
8
61
43
125
4
101
19
48
67
20
95
21
4
27
53
24
3
26
111
26
91
86
7
5
13
11
43
6
25
112
59
13
20
58
23
6
84
70
65
38
66
53
8
61
48
76
4
96
51
97
4
17
9
63
80
149
16
133
63
28
11
65
52
4
9
13
15
60
34
89
29
5
45
9
184
24
6
6
6
58
32
77
31
27
32
27
1
3
51
105
48
11
45
42
58
72
30
61
19
67
23
54
85
18
45
9
53
17
15
74
11
3
49
31
87
7
80
31
15
22
65
20
103
53
18
15
72
64
39
30
79
64
109
27
65
3
36
41
32
24
8
67
82
86
0
27
7
35
50
13
104
6
5
24
46
93
61
48
84
84
68
27
37
17
28
15
47
125
60
2
50
28
47
8
47
48
3
52
27
97
31
12
8
53
54
4
113
5
13
44
59
116
38
24
38
7
50
46
58
65
32
6
57
38
4
42
12
54
98
25
49
14
4
61
42
94
74
55
6
5
14
23
9
16
16
50
64
53
25
50
24
50
76
145
70
13
33
58
83
75
15
36
10
113
116
67
55
33
10
97
23
0
26
82
21
33
63
12
12
51
45
55
13
60
127
37
36
49
41
23
11
77
33
42
9
10
56
10
52
58
49
1
38
72
14
61
142
106
79
65
4
27
26
35
85
6
61
39
46
78
13
91
32
61
67
43
59
57
61
11
19
27
5
2
24
37
45
49
77
54
30
48
23
66
16
38
32
48
86
36
144
27
32
36
19
10
51
41
4
76
64
74
61
40
10
18
35
10
37
73
134
7
30
12
52
71
37
24
72
90
85
16
19
12
81
26
53
18
6
52
40
57
14
17
37
51
105
60
56
6
12
80
32
11
8
7
37
81
36
264
36
56
4
12
35
29
106
95
19
68
2
49
113
56
65
22
94
7
42
59
3
27
51
81
59
18
37
29
26
22
9
3
20
34
32
92
13
36
19
4
60
51
35
3
174
0
42
27
13
143
17
21
54
34
118
30
72
39
36
82
75
59
53
20
57
42
2
67
50
63
68
27
10
17
6
49
133
96
67
6
72
24
40
113
19
14
25
71
8
34
34
99
88
108
53
47
26
48
39
57
64
26
52
19
135
45
53
35
10
24
21
19
11
4
77
18
58
54
25
31
57
25
14
81
70
4
87
80
6
10
68
44
2
35
48
81
45
11
17
22
13
21
21
50
8
29
18
46
53
36
17
82
37
57
28
10
12
29
32
56
39
2
8
28
42
89
6
16
31
12
73
75
25
59
20
28
36
25
97
28
4
81
15
66
52
16
9
15
22
8
47
17
3
22
78
21
52
6
19
15
81
10
5
23
74
27
48
117
43
18
97
10
39
45
35
5
137
7
87
21
49
49
29
18
7
0
54
86
9
27
81
83
14
13
32
17
60
5
104
32
46
53
59
25
22
12
1
41
45
64
58
53
10
22
68
56
18
16
26
6
85
61
29
47
66
42
34
7
81
28
14
4
25
16
62
11
16
13
19
12
22
60
61
5
27
57
30
10
7
45
5
149
73
23
96
42
46
76
20
68
70
82
72
4
22
43
77
31
36
54
31
3
25
21
53
41
55
21
54
10
14
47
2
23
35
7
4
12
11
71
20
22
34
7
58
5
41
76
13
62
24
3
12
73
17
31
63
109
114
66
23
14
58
48
51
86
23
29
19
4
43
10
13
40
129
140
51
48
32
20
10
14
26
29
80
10
28
56
8
28
25
75
27
1
3
32
58
56
29
136
34
79
4
39
52
62
26
17
78
2
18
39
76
10
6
24
48
18
57
40
4
26
13
53
5
19
9
31
35
14
97
9
14
24
46
38
17
103
11
38
49
79
4
38
50
15
16
56
0
65
55
44
63
8
78
37
38
38
8
62
5
99
21
11
48
87
44
45
14
112
33
67
30
37
7
92
24
22
33
9
78
31
76
3
1
32
85
83
5
17
69
69
34
35
15
36
97
19
41
26
18
70
11
6
36
29
13
78
0
50
58
40
82
31
4
37
26
46
15
13
26
66
177
30
40
69
93
31
4
36
87
12
63
78
37
62
42
8
14
10
39
24
44
20
7
52
16
79
85
8
41
29
16
65
14
46
16
98
50
5
49
13
4
41
11
67
79
62
140
36
6
26
59
4
67
53
2
53
42
20
9
20
32
97
11
35
2
5
24
8
19
50
89
17
24
12
13
1
57
120
23
13
15
61
41
54
52
4
31
71
3
56
34
65
41
28
16
61
48
5
29
23
9
27
5
9
47
2
52
62
41
52
30
71
87
34
31
59
19
68
2
19
64
28
80
141
54
46
33
69
10
56
1
109
64
49
55
106
44
67
69
9
10
47
33
71
12
43
72
15
9
29
37
19
26
54
39
26
92
26
19
20
45
3
32
45
21
43
61
53
15
59
31
39
71
27
35
28
24
17
23
40
74
53
14
34
87
14
61
49
33
69
88
15
52
59
90
38
15
31
17
17
13
24
60
74
14
11
20
53
67
18
76
39
66
59
35
73
21
54
57
35
83
75
5
95
7
6
2
22
16
10
29
58
19
120
33
39
69
5
114
15
42
7
10
6
1
1
7
40
7
43
6
13
92
13
28
8
76
100
32
94
19
66
9
34
29
8
50
37
6
61
20
53
74
73
65
46
44
28
56
102
37
0
90
26
31
21
5
29
5
13
70
14
53
77
28
49
32
22
10
2
22
32
45
57
46
37
38
43
15
86
7
17
9
4
29
19
45
41
6
49
5
48
57
60
52
21
28
47
67
49
25
31
43
18
63
49
33
4
30
3
53
27
23
43
48
46
9
9
53
60
40
18
45
59
35
50
15
27
20
3
6
38
14
32
25
50
53
19
20
40
59
54
9
50
45
5
85
10
52
15
21
4
90
13
26
6
19
22
41
7
68
17
135
8
38
19
56
25
55
88
11
26
22
68
51
13
76
24
27
37
50
30
21
90
16
17
12
36
66
6
47
50
20
23
25
22
36
6
79
70
54
100
58
12
60
35
27
26
2
2
33
21
36
11
51
22
29
81
18
105
56
4
10
37
27
10
8
32
75
52
50
2
79
23
87
15
51
15
40
7
90
68
2
78
46
3
4
34
44
53
6
43
3
26
35
46
29
51
22
45
14
78
6
18
38
47
11
73
53
6
19
23
9
15
62
48
55
21
0
32
48
20
4
54
26
2
12
38
69
51
37
20
47
7
44
40
79
86
8
68
17
25
20
11
28
10
46
41
17
47
24
55
100
41
58
15
82
48
56
27
0
43
75
1
60
77
59
2
32
16
38
61
62
17
7
21
25
67
27
6
15
7
35
50
29
97
67
71
109
5
7
24
42
29
35
71
29
13
29
34
61
32
16
61
72
63
19
13
63
33
19
2
7
14
56
36
60
11
2
48
27
56
78
22
22
4
14
19
47
47
59
48
27
33
21
5
2
47
12
42
14
4
57
32
46
13
36
44
20
65
9
22
17
5
78
66
39
25
1
15
38
30
3
22
15
10
3
26
98
57
2
24
57
50
10
26
3
27
42
18
10
72
9
17
40
29
50
18
29
9
23
4
49
44
37
56
31
30
27
46
68
100
42
40
34
18
31
5
56
52
2
0
9
13
9
37
30
64
21
28
13
7
6
63
92
45
38
33
42
67
12
27
33
30
15
0
34
7
29
56
33
30
27
19
34
54
32
94
0
5
10
33
18
26
76
16
73
50
6
10
37
22
23
0
72
77
28
8
62
13
48
23
60
27
34
47
26
35
13
28
33
24
57
84
28
89
14
46
84
9
2
15
12
16
8
20
31
28
11
12
24
27
47
30
53
39
20
14
29
25
19
31
9
58
9
23
59
79
28
45
61
54
17
33
4
20
71
32
7
23
13
17
45
52
5
23
34
25
38
14
13
16
24
46
33
43
65
7
112
39
61
55
21
10
44
31
26
3
3
40
51
38
14
17
4
18
5
28
50
61
27
6
38
11
5
25
3
41
74
59
37
10
1
45
30
8
14
36
22
18
30
13
48
19
0
74
9
18
26
57
18
2
6
5
51
41
22
43
68
58
16
24
3
110
15
23
8
5
34
3
38
25
23
33
39
74
23
72
42
25
84
16
27
8
5
6
3
7
6
16
34
39
20
18
23
18
9
64
5
19
7
15
5
60
64
42
51
8
57
55
18
37
43
8
66
41
7
19
8
5
3
18
7
1
12
5
9
0
46
2
29
16
46
41
49
36
52
21
34
6
1
11
23
10
38
9
4
15
61
64
6
39
6
17
100
54
3
47
33
21
7
44
26
12
12
10
19
0
34
29
26
45
21
19
41
6
39
71
11
13
15
29
25
102
34
63
35
18
11
75
65
71
16
33
4
17
53
20
19
6
43
1
15
28
13
29
54
6
67
20
49
45
20
40
2
48
42
11
20
22
3
24
3
21
42
11
32
34
24
5
46
69
5
6
16
9
31
35
59
40
54
5
3
6
12
61
18
7
25
16
30
30
18
18
29
61
26
31
11
7
43
3
31
34
5
10
2
27
65
27
21
3
57
19
9
19
22
28
28
20
60
67
25
1
13
2
64
1
26
43
12
7
91
72
43
18
26
8
15
4
7
40
66
50
93
5
54
65
12
55
10
46
38
22
29
15
10
2
1
32
34
9
36
40
33
14
27
6
45
16
40
6
53
1
8
27
17
35
2
7
40
14
64
5
69
36
15
37
11
0
24
11
42
6
58
44
37
24
72
58
39
19
19
39
28
17
3
4
50
33
62
67
68
27
13
62
0
53
3
24
14
29
6
1
28
23
65
14
66
8
16
68
48
4
33
67
17
14
43
16
23
18
19
26
18
1
1
11
30
2
15
41
2
54
25
12
25
7
72
26
30
3
3
34
6
1
32
29
27
21
36
28
22
3
1
19
16
28
71
35
23
57
14
47
15
5
37
6
2
15
2
20
26
22
14
18
50
24
14
4
15
11
10
29
2
23
50
3
23
15
42
21
23
6
30
10
17
9
31
57
20
26
40
46
51
42
17
7
13
44
39
61
28
26
1
41
1
75
49
38
17
4
32
8
44
33
6
27
42
20
35
9
3
19
71
7
13
7
41
26
3
7
9
18
36
29
50
31
11
30
11
32
5
48
14
17
11
31
3
23
4
8
58
31
15
36
27
1
27
69
49
9
8
29
72
42
29
32
9
18
46
33
15
24
11
25
10
9
42
9
6
38
6
30
33
5
25
31
13
23
30
24
6
96
17
67
56
26
7
15
33
33
19
18
54
32
3
26
6
20
9
11
12
39
21
10
37
21
8
12
17
56
25
18
30
11
13
28
2
19
35
35
5
41
6
19
33
4
53
17
6
18
34
14
21
2
5
8
25
29
22
45
62
4
4
5
8
64
33
27
15
17
82
41
10
15
24
18
27
2
30
8
15
29
9
33
17
32
44
5
31
5
35
13
10
36
10
11
21
31
15
30
43
40
28
18
29
8
1
7
32
22
20
47
4
11
24
0
31
78
22
25
9
25
30
12
23
20
3
38
41
9
11
35
12
9
0
16
18
23
1
26
0
8
33
6
6
23
24
1
25
44
50
1
38
32
18
78
27
39
20
3
33
35
0
39
1
21
8
55
35
22
2
13
3
18
34
55
19
28
11
45
4
39
1
16
23
5
54
13
9
7
59
15
21
29
41
34
25
26
44
20
26
9
2
9
12
46
19
25
10
6
1
1
20
20
31
4
36
29
1
34
43
39
63
24
5
30
11
7
3
2
19
40
3
34
16
22
17
6
37
19
12
43
21
37
15
0
40
9
25
6
40
19
4
11
12
13
20
40
26
28
6
21
25
22
18
51
24
28
40
13
17
1
14
29
3
18
7
15
2
16
1
3
28
8
11
11
21
11
32
22
11
30
23
12
12
20
23
25
30
38
38
1
33
6
2
31
21
9
19
8
7
6
1
2
14
24
34
7
11
27
8
27
34
5
26
0
35
17
34
6
17
8
33
19
12
30
10
11
4
29
15
9
21
14
14
9
6
6
44
10
7
15
4
26
23
8
5
17
35
21
27
11
28
33
28
8
16
2
6
20
25
22
3
3
14
13
49
31
26
43
15
40
12
19
44
29
9
31
10
4
4
20
17
5
6
11
12
6
56
32
37
5
19
18
1
21
50
12
6
22
0
12
13
34
13
9
30
2
13
38
0
16
13
46
13
8
53
20
1
32
17
31
11
16
12
13
0
13
26
23
24
7
2
14
5
22
5
18
16
37
20
5
5
7
4
10
7
3
1
15
22
44
6
21
11
23
14
12
27
39
21
9
7
3
16
14
15
2
6
6
36
3
39
6
12
14
45
26
10
13
40
7
11
22
11
13
10
23
6
3
5
10
8
16
8
5
21
14
16
43
37
32
5
2
13
10
2
26
11
18
2
2
4
3
25
18
10
17
25
19
33
5
23
14
6
20
5
2
29
5
3
13
9
38
6
10
2
6
24
4
8
19
5
11
8
1
17
9
25
29
1
8
1
25
8
22
4
19
2
2
22
12
8
1
22
4
15
19
2
1
11
30
22
6
2
5
31
7
23
6
18
6
15
25
19
4
5
13
13
11
13
22
2
9
2
15
6
2
19
11
13
18
14
12
8
39
22
12
19
15
17
6
12
7
7
17
17
3
10
2
8
26
4
3
14
5
22
29
15
16
21
12
21
2
1
13
14
3
13
3
15
2
5
2
15
5
23
12
18
15
4
19
1
25
5
8
6
8
12
11
13
25
4
5
12
5
5
5
7
8
4
2
17
6
6
15
11
0
11
4
4
28
8
19
28
28
4
2
2
7
9
3
16
12
11
4
1
3
6
8
2
13
1
7
19
11
12
10
7
5
1
6
19
5
8
5
1
11
9
0
2
5
3
1
12
7
8
14
11
6
1
11
10
4
13
10
6
14
8
8
3
14
9
7
14
7
5
3
19
0
24
0
4
1
2
2
15
3
2
19
3
3
0
0
5
16
1
1
7
3
2
1
13
2
2
18
9
10
11
3
6
3
1
3
11
8
2
4
8
10
12
6
6
1
6
3
0
7
1
4
10
2
7
3
3
4
2
5
3
1
5
4
4
7
5
2
2
3
1
5
1
1
2
2
3
2
0
