12
1
30
46
11
11
83
4
8
11
1
44
66
45
8
75
91
27
33
2
2
89
18
79
18
1
1
4
15
97
18
35
8
64
0
96
32
2
37
25
14
11
22
71
36
5
19
38
84
30
51
2
44
32
83
111
91
2
46
101
53
115
34
25
79
30
6
6
13
56
37
11
1
66
11
59
1
9
36
5
33
11
93
78
194
108
4
104
8
28
15
74
30
57
19
61
27
47
42
4
2
62
61
72
28
1
9
35
147
64
54
82
112
20
19
20
37
62
18
48
20
127
47
23
64
43
83
62
102
61
36
1
42
38
67
125
84
11
17
54
32
53
54
8
98
40
107
64
111
5
31
78
61
37
105
2
54
100
4
40
27
16
88
89
73
38
44
44
43
26
42
92
75
16
97
25
40
27
43
68
25
61
28
3
43
118
1
28
36
28
20
40
102
65
42
3
65
89
20
126
91
1
78
94
53
53
61
69
79
117
37
5
29
59
2
23
24
82
100
15
6
109
85
5
76
21
50
47
24
24
9
34
17
23
50
45
54
2
80
13
55
45
17
27
95
79
3
19
56
35
18
50
16
75
11
1
80
31
110
51
16
20
82
34
18
28
90
36
48
87
61
49
61
2
32
42
62
60
43
34
73
91
76
49
90
21
76
10
89
62
51
11
205
10
21
88
17
43
29
55
50
39
37
5
14
16
10
92
57
10
107
5
7
17
28
32
7
24
17
116
6
30
62
38
65
85
48
134
3
86
89
14
12
18
24
61
8
12
7
52
77
84
243
21
75
34
26
10
17
172
86
85
41
134
25
0
43
134
66
8
14
29
108
77
50
10
18
217
96
22
79
60
76
81
76
13
101
35
50
64
7
59
13
21
129
3
33
11
45
68
38
40
35
30
72
39
34
70
44
12
38
31
36
1
9
24
20
36
3
32
10
46
89
101
41
67
30
18
57
56
13
44
4
37
27
40
69
32
34
77
33
30
174
43
5
19
5
103
22
18
48
43
82
21
2
36
54
31
133
58
23
17
32
47
60
10
101
74
71
42
82
13
41
12
11
38
36
10
14
69
110
60
101
63
15
42
47
63
83
24
38
24
73
3
61
31
34
4
137
119
44
12
51
85
44
30
23
117
60
27
11
45
20
9
28
5
147
29
16
30
20
49
79
57
29
56
40
21
48
31
37
53
75
11
69
101
22
90
16
6
43
16
8
58
16
64
11
33
26
6
96
102
84
9
31
65
49
36
21
102
1
25
77
56
8
107
63
63
25
83
74
77
86
128
43
31
77
40
48
73
0
87
169
14
3
70
11
36
2
29
69
24
149
53
94
31
15
89
20
17
91
63
52
20
6
16
22
70
15
123
37
32
15
72
16
7
58
17
48
101
59
25
39
46
60
7
147
20
66
12
27
6
55
13
69
43
100
23
4
98
21
1
34
75
51
57
62
16
2
37
92
61
53
5
37
18
11
138
4
50
31
40
40
34
36
58
33
107
107
23
27
44
8
61
122
1
48
108
21
8
70
49
38
88
12
72
12
42
87
50
127
64
3
91
70
39
25
7
60
44
40
41
98
9
34
25
159
55
63
39
27
46
19
76
51
11
5
34
70
29
7
16
68
6
111
76
11
76
51
22
153
75
1
133
110
21
32
59
19
105
26
67
121
21
52
75
61
12
4
101
97
4
37
47
62
30
87
54
23
2
31
56
81
53
89
52
17
10
46
77
88
105
27
78
44
66
0
8
25
18
22
48
58
54
47
85
8
0
17
31
17
24
20
39
4
9
33
12
84
115
15
18
11
40
48
40
46
63
99
23
40
1
66
21
39
12
48
31
74
6
10
10
1
1
23
47
42
148
100
40
29
36
32
93
4
119
24
15
65
47
94
84
7
37
12
12
69
104
89
15
22
6
107
3
37
84
28
1
8
66
25
40
109
6
52
85
5
48
53
43
50
61
10
5
15
45
108
21
52
84
76
7
14
11
62
20
21
67
11
17
108
11
11
55
19
18
41
75
22
29
53
21
9
27
39
5
44
61
69
40
15
75
47
100
51
96
81
38
18
20
23
37
8
55
105
83
8
39
52
18
3
27
1
9
1
83
2
23
38
13
46
65
55
25
36
44
53
16
31
9
89
61
40
112
19
114
71
93
16
44
16
48
40
2
23
23
20
4
13
22
3
5
66
16
19
6
76
13
29
95
40
52
37
15
130
2
72
46
26
135
32
43
4
32
104
1
19
60
34
16
2
71
93
34
161
86
67
3
0
46
15
25
11
31
40
6
93
27
8
50
77
61
10
26
67
151
89
65
24
24
54
75
41
57
14
7
10
20
25
67
15
25
23
10
20
66
51
3
91
4
177
40
50
69
112
58
25
53
1
11
2
22
105
5
24
20
37
22
43
19
6
62
40
43
1
33
106
6
71
22
80
64
6
112
99
17
1
36
55
22
30
47
96
12
13
18
4
46
66
4
45
13
18
45
4
14
43
64
47
31
87
15
75
24
26
59
15
41
71
84
11
22
13
44
8
9
9
44
48
91
49
38
15
63
37
1
10
24
97
31
68
70
86
77
36
9
52
51
12
6
43
47
37
116
5
25
21
73
57
47
19
32
76
83
44
49
1
8
16
38
54
50
56
6
46
42
34
8
51
53
30
20
41
52
59
4
19
83
1
95
18
63
64
31
76
50
23
41
27
11
47
10
24
79
27
76
49
28
58
34
83
43
35
28
87
73
14
53
63
9
21
44
6
2
9
33
117
32
42
54
21
107
35
30
90
41
10
37
39
23
46
12
25
62
31
1
71
10
8
1
18
60
40
1
46
37
74
67
19
9
109
111
2
21
13
126
53
39
53
85
33
44
109
25
10
77
15
41
17
13
15
4
15
150
50
8
23
57
69
5
12
60
56
44
111
6
24
40
19
119
27
8
30
99
14
67
2
85
2
33
19
96
38
77
43
11
8
44
38
4
49
93
2
19
47
151
69
57
37
1
33
8
57
78
47
48
25
6
58
43
22
8
25
107
3
87
89
14
36
24
30
80
105
0
65
5
32
77
64
44
6
23
55
85
50
5
49
32
19
56
85
108
10
17
51
148
29
6
24
1
11
24
80
47
29
30
44
68
90
11
13
51
67
33
23
50
13
29
39
14
16
25
23
69
92
11
76
68
44
84
35
89
20
94
15
99
16
17
72
45
70
139
19
50
6
3
43
63
70
25
32
7
17
80
32
1
40
29
139
33
28
12
3
2
2
74
81
24
3
39
11
21
2
26
23
44
14
12
38
62
44
75
67
32
84
5
43
35
20
93
48
2
37
60
30
116
2
56
22
7
8
6
68
33
26
84
43
49
20
54
20
35
116
56
123
39
50
23
105
31
35
102
46
11
12
4
24
18
100
11
63
27
12
65
38
112
77
130
57
73
5
36
74
56
30
45
62
14
37
14
55
72
7
28
53
52
48
38
7
33
19
78
11
25
51
19
34
63
54
12
39
48
24
43
23
115
80
1
16
23
5
10
59
25
74
40
1
84
22
53
53
98
54
7
32
35
59
113
30
36
11
84
14
54
16
120
54
116
49
12
65
33
61
20
11
16
32
28
32
48
79
47
32
32
76
5
51
3
3
72
8
18
40
26
48
31
47
8
67
38
66
14
66
76
12
17
69
32
55
32
2
76
2
44
104
101
53
13
18
12
118
20
42
63
27
48
37
100
71
69
106
69
35
22
6
14
0
17
84
16
10
7
10
15
66
14
17
53
52
47
12
72
29
51
23
15
11
44
11
25
64
26
32
64
40
21
25
5
24
36
104
58
18
30
69
93
35
45
76
6
137
29
9
53
10
39
35
99
1
48
34
30
47
64
18
11
42
29
41
46
6
90
45
6
24
2
94
86
33
33
85
69
41
11
34
141
21
80
58
69
20
32
129
10
80
77
37
85
70
2
22
75
55
61
50
9
74
82
13
42
34
59
84
49
30
19
58
30
7
18
17
46
4
22
76
7
2
2
8
30
28
47
13
58
115
20
61
50
65
67
55
44
37
32
33
26
6
47
43
37
126
91
44
106
28
26
1
67
36
71
24
72
46
3
13
30
123
77
76
11
21
47
29
42
9
112
70
31
123
13
47
49
30
54
2
16
40
53
60
85
3
11
44
14
1
18
28
15
25
24
5
10
12
70
50
10
76
86
19
88
16
58
18
40
6
37
20
90
19
3
7
62
70
3
20
18
51
34
30
41
133
89
23
63
68
16
81
37
108
7
95
7
41
84
1
61
18
81
7
23
55
30
113
7
21
30
39
26
71
1
21
55
58
11
55
82
9
126
58
40
80
65
34
12
35
4
22
9
27
44
18
56
31
4
7
20
16
54
30
1
74
4
1
37
44
54
12
41
51
16
14
30
36
93
14
30
15
11
28
26
40
31
48
14
38
87
84
39
33
10
14
52
55
27
7
18
18
18
20
26
20
2
11
33
14
72
42
25
9
7
41
27
3
29
45
8
12
108
32
8
47
93
69
30
50
30
83
31
58
121
33
11
29
1
58
43
87
28
1
23
21
70
13
92
52
28
3
31
57
15
26
57
89
51
30
4
2
66
55
7
12
4
45
31
28
35
17
81
1
23
84
24
91
24
39
36
72
37
12
57
51
31
0
9
58
30
11
43
35
79
34
2
27
22
16
18
57
73
3
18
22
11
22
25
73
6
4
4
39
9
28
103
64
26
43
40
23
72
77
62
13
32
27
37
79
106
6
11
43
15
72
60
65
38
34
18
31
15
18
56
72
24
63
70
10
21
26
54
30
2
23
11
26
32
60
25
37
2
12
51
100
10
18
3
19
14
10
78
52
39
82
42
108
25
51
7
44
100
87
52
35
19
45
20
34
79
25
44
46
53
32
33
82
50
73
36
16
12
72
55
1
6
28
26
1
22
19
32
59
42
38
25
114
21
4
11
46
43
14
50
32
60
76
7
79
30
80
33
40
7
46
35
18
6
43
9
72
36
75
22
5
72
17
19
44
35
54
62
20
30
72
67
89
76
27
26
3
83
37
5
77
23
78
31
85
13
60
21
2
56
64
24
1
29
51
14
31
7
15
86
20
5
63
61
12
108
60
56
47
29
8
44
13
43
45
21
56
107
36
45
4
26
69
7
17
53
13
77
3
17
10
54
1
57
62
2
41
80
4
28
37
36
7
47
15
6
65
19
4
54
9
34
8
50
33
19
82
1
9
99
52
10
54
10
40
87
53
1
6
14
20
18
29
17
12
27
69
14
22
27
61
98
57
3
0
75
13
84
26
2
30
17
23
70
13
1
128
25
59
13
18
8
85
30
34
4
46
24
10
9
78
16
7
25
19
16
97
38
6
9
40
35
28
14
17
32
50
2
7
4
132
56
12
3
66
51
3
45
2
16
125
31
6
23
9
32
12
30
16
3
8
25
5
3
14
6
45
129
37
57
6
27
18
5
47
71
35
2
74
56
20
5
103
11
49
3
6
24
19
30
13
30
82
5
5
2
7
44
7
44
24
46
44
66
71
13
44
0
62
1
25
10
17
54
61
4
33
8
5
20
5
47
115
6
12
7
32
54
40
2
79
56
28
74
14
18
48
53
108
33
53
10
13
63
15
7
17
17
23
34
50
41
8
52
0
49
16
20
15
31
48
3
42
46
25
49
0
24
8
10
25
14
13
71
3
53
56
2
22
11
48
56
20
30
4
23
72
23
39
10
59
49
31
11
7
17
30
45
72
5
1
65
58
45
17
16
64
46
22
44
31
62
2
32
69
26
1
3
49
30
95
3
12
20
16
23
30
47
8
4
26
38
6
27
5
37
17
45
60
17
35
4
34
7
14
47
12
57
18
38
22
34
3
54
23
39
9
15
69
18
69
22
83
17
39
24
33
14
52
54
31
65
25
11
77
18
52
26
14
26
13
83
3
56
10
16
42
43
48
3
22
20
11
19
13
80
22
3
10
37
22
67
37
40
50
34
66
11
112
14
32
50
39
61
20
9
6
74
5
68
85
25
63
2
9
35
88
109
37
2
13
29
23
21
8
48
4
46
28
14
32
6
97
50
97
5
48
35
5
10
36
7
32
28
17
36
40
5
7
53
22
38
45
22
14
30
0
56
24
37
9
22
24
21
2
12
4
61
11
44
25
16
31
14
3
30
30
8
2
1
2
17
15
33
40
36
39
6
15
17
25
26
46
62
7
40
8
14
6
13
36
40
55
23
44
37
9
20
76
5
22
58
31
71
46
52
7
69
12
20
4
47
14
40
25
18
49
79
49
84
14
10
23
57
36
16
42
52
19
2
50
50
13
23
15
1
2
47
14
47
30
48
9
4
48
90
38
35
18
29
8
21
9
2
31
15
12
3
11
13
50
26
13
31
31
47
9
18
3
47
12
34
28
81
33
36
7
6
50
74
13
32
39
22
22
12
34
30
31
26
20
25
26
12
17
62
1
2
4
9
52
69
76
38
20
2
111
39
60
22
35
15
6
15
19
51
32
54
28
5
35
23
3
30
13
30
4
3
26
33
42
0
31
14
14
8
9
33
33
24
61
9
4
30
8
57
32
21
26
26
11
15
8
1
36
26
11
43
26
46
15
19
3
72
24
6
54
21
16
9
12
74
21
21
25
12
6
68
55
37
46
7
6
14
40
29
5
11
8
26
26
17
16
32
1
35
45
14
102
7
26
13
76
6
25
56
15
20
2
17
24
60
24
38
42
59
74
4
21
7
39
17
20
46
34
3
76
16
20
30
69
8
25
17
30
56
61
12
19
21
13
38
63
9
2
76
29
25
15
64
16
7
32
22
26
66
25
20
43
17
6
16
2
26
21
31
63
28
1
17
68
16
31
8
39
8
3
11
19
20
18
26
50
43
14
31
83
5
33
62
50
27
8
18
37
68
12
25
16
31
2
19
32
10
23
15
24
46
1
53
12
6
60
66
20
53
23
46
43
15
5
38
16
20
55
7
33
18
0
54
38
75
19
14
43
23
33
13
22
2
55
0
6
25
54
19
14
30
63
4
28
43
8
55
39
11
19
15
0
13
5
11
52
6
18
12
33
45
19
21
3
22
59
44
43
25
5
37
5
12
1
11
20
19
14
43
7
33
68
66
39
47
8
17
20
60
18
8
21
76
15
11
46
12
39
53
18
20
3
62
23
39
4
60
7
3
17
9
23
16
26
20
2
27
17
9
88
18
42
32
13
18
10
53
10
23
19
12
1
7
42
12
0
6
35
89
9
12
13
11
2
28
13
1
3
8
68
27
22
24
56
3
30
12
13
19
26
57
39
7
3
22
47
65
24
6
25
11
15
30
69
25
58
17
35
10
58
7
24
14
1
35
6
23
26
10
33
25
45
57
1
27
22
18
26
43
48
7
27
8
4
12
1
34
34
18
35
21
21
41
37
20
28
33
8
36
53
43
44
2
28
23
1
1
50
48
25
63
13
18
22
6
29
70
20
35
36
73
11
48
35
9
53
37
32
3
11
53
38
8
9
90
1
5
46
10
26
9
22
38
6
36
14
7
38
1
3
14
18
2
34
28
40
34
9
19
64
21
26
2
56
22
40
8
1
1
15
32
48
3
9
41
26
28
26
10
49
24
15
21
24
18
4
15
25
12
29
41
3
7
3
22
4
13
58
2
21
34
91
41
5
26
17
32
23
3
30
4
21
48
69
34
11
37
0
19
16
27
49
16
9
26
17
41
28
24
32
25
5
11
38
1
85
15
10
22
47
51
28
8
3
15
1
1
19
36
24
18
10
31
8
23
31
18
18
23
17
19
2
6
8
30
1
9
47
15
27
8
11
26
55
11
25
66
8
6
15
10
32
28
47
17
10
38
22
1
31
49
16
14
26
18
18
3
11
20
35
14
32
15
60
11
17
33
9
17
17
5
31
40
56
22
20
15
36
14
13
70
28
20
11
13
15
5
5
22
13
19
52
43
0
25
25
15
27
1
2
18
38
45
1
29
61
8
8
11
63
1
34
5
30
65
21
12
46
29
14
4
6
35
2
28
21
32
35
39
10
5
0
2
25
7
9
33
21
18
10
31
34
4
9
22
20
8
24
11
16
44
8
28
46
16
17
13
20
3
52
3
0
25
24
11
17
40
27
24
27
38
5
19
1
23
27
8
17
11
15
18
47
68
10
9
24
3
63
40
6
18
5
6
33
13
7
9
43
22
7
18
14
20
25
3
5
38
34
5
38
4
23
2
11
19
2
5
20
7
34
7
3
23
11
13
5
9
8
30
1
26
28
0
21
1
19
27
1
1
13
50
12
58
17
9
34
4
1
4
6
36
10
32
15
26
3
33
1
51
1
25
42
9
20
13
23
2
36
20
32
0
20
7
6
25
20
7
2
43
6
26
32
5
7
8
11
43
6
50
27
17
34
1
30
14
17
16
22
2
27
38
11
5
26
16
38
27
4
6
0
25
7
2
24
14
17
16
36
8
4
31
7
25
41
58
1
8
22
6
2
16
3
26
12
37
10
31
43
11
26
1
21
12
30
4
15
8
9
42
10
14
10
35
7
12
15
4
11
16
15
10
18
26
20
13
18
32
0
19
25
17
15
9
23
6
10
21
37
3
3
17
8
23
20
13
34
2
5
16
45
20
9
14
2
8
26
4
24
28
4
7
6
11
46
5
10
5
12
27
22
5
22
6
7
10
26
6
15
28
9
4
4
28
7
1
17
13
43
17
23
14
28
16
16
5
1
37
14
2
28
13
48
1
2
2
36
32
27
9
24
38
17
10
11
17
5
13
30
46
16
1
25
15
27
16
27
3
12
39
17
14
1
42
15
14
24
5
20
14
3
10
3
16
13
12
10
21
20
10
9
1
2
23
6
40
12
14
40
17
6
23
15
10
26
1
26
6
13
2
7
2
21
11
5
3
2
5
7
12
30
11
38
12
10
4
16
13
10
2
33
5
3
13
11
12
50
13
23
3
29
2
11
0
2
7
11
13
20
5
24
5
6
4
10
6
1
5
10
22
19
10
27
15
8
5
30
8
12
6
28
20
22
3
8
28
8
11
1
12
16
2
2
10
17
5
16
12
23
3
7
6
3
16
15
17
7
9
3
7
8
3
9
38
20
1
1
26
9
5
5
2
2
13
23
10
12
3
21
1
13
34
14
3
1
9
10
8
6
5
3
1
8
13
14
27
15
0
12
12
2
10
10
8
1
7
5
5
9
16
3
22
8
26
5
2
4
1
6
0
14
16
8
8
3
7
11
11
7
3
5
8
14
18
6
3
9
8
3
4
4
8
9
10
2
15
7
16
7
1
10
9
5
9
9
13
0
9
0
0
8
0
3
9
17
1
6
3
6
5
3
7
7
2
12
2
5
6
9
1
13
5
0
6
7
5
2
0
3
5
12
4
5
9
9
6
2
16
1
1
4
6
3
5
12
6
5
1
5
9
1
4
4
6
0
5
4
13
1
9
2
0
5
3
5
7
2
2
5
7
2
2
2
2
1
1
2
1
1
1
1
0
0
0
