17
31
2
7
42
13
1
50
1
68
30
1
44
122
25
32
15
2
20
57
2
5
7
3
36
23
3
10
8
57
103
10
1
113
1
27
25
62
12
33
88
28
31
31
8
7
7
14
24
22
31
9
8
34
30
40
6
18
8
42
7
19
7
7
60
55
36
1
55
55
71
29
104
6
19
10
56
21
101
21
2
60
10
80
42
78
52
42
118
81
17
76
88
109
35
68
40
69
12
8
18
29
39
60
45
67
13
47
7
58
45
14
103
65
169
7
91
62
9
21
37
39
73
7
51
4
15
13
60
2
4
21
7
149
48
87
12
29
137
45
38
47
16
89
17
55
83
4
65
15
43
87
7
72
29
10
14
38
36
95
25
8
58
7
131
3
19
77
30
73
82
68
67
60
31
135
18
88
8
55
97
54
27
34
10
30
15
36
19
94
42
85
43
30
45
32
19
14
11
87
11
27
57
55
23
14
28
17
1
59
2
10
116
108
4
9
23
25
88
7
99
21
42
25
24
11
89
15
24
12
53
7
4
155
50
104
31
120
41
33
9
76
80
70
72
46
108
52
29
78
82
11
41
23
111
111
61
54
78
45
46
14
15
45
51
4
18
36
17
53
60
49
70
40
43
16
8
10
4
22
68
61
44
7
18
13
30
17
30
7
84
14
30
7
64
55
74
43
35
19
31
56
9
38
104
30
57
50
48
51
9
32
74
16
47
31
22
15
30
75
57
48
44
11
87
79
26
131
19
39
14
20
82
82
28
78
74
54
83
28
2
2
51
61
36
60
39
11
85
24
28
100
76
39
110
14
39
88
43
106
16
39
66
14
93
161
123
175
141
35
46
82
27
102
40
62
4
69
41
81
65
74
20
56
33
26
5
62
94
50
6
38
2
27
106
66
13
26
34
118
6
68
23
94
48
57
9
34
23
2
58
133
119
102
156
59
40
33
52
78
23
11
6
70
11
36
27
107
122
26
138
76
76
7
52
72
75
0
170
116
41
82
10
9
58
164
20
96
60
90
8
48
36
14
115
34
69
45
20
15
6
24
12
15
49
11
39
43
70
45
27
18
11
46
21
56
40
47
41
6
33
106
79
50
64
4
11
70
10
17
57
108
54
53
1
63
55
82
18
50
78
105
110
81
56
4
126
31
111
33
23
61
146
71
23
3
57
3
12
137
33
98
59
38
51
45
58
68
137
159
36
38
8
81
37
43
91
51
55
62
50
14
20
16
12
102
14
16
104
84
171
89
27
135
74
59
34
5
23
100
54
33
6
15
43
53
30
22
161
43
37
30
45
9
70
8
33
93
56
34
57
110
16
9
8
9
39
84
29
49
70
20
7
46
27
11
59
2
72
8
87
122
62
54
4
3
60
30
4
13
33
82
115
27
34
87
55
19
43
18
22
119
24
2
52
20
154
11
31
106
15
0
43
113
70
18
42
57
20
74
130
62
8
16
42
73
28
27
94
109
86
64
4
50
94
15
73
35
77
46
19
86
36
46
10
30
6
18
35
135
113
48
43
53
95
2
35
24
44
53
4
40
15
51
11
20
17
71
31
95
8
0
20
110
70
30
45
46
8
25
79
108
42
41
63
32
4
1
66
142
73
5
42
15
41
1
40
32
55
63
39
12
40
55
123
30
38
59
98
60
85
51
114
29
19
103
136
22
25
129
57
75
33
63
88
24
59
80
4
4
58
31
61
40
14
70
57
19
103
79
60
100
24
29
33
77
85
5
85
45
17
10
15
90
3
36
126
21
36
95
14
58
43
8
18
110
142
43
1
92
83
1
32
2
75
44
95
80
31
10
13
105
2
57
3
116
110
65
18
12
80
55
23
75
13
5
75
5
127
0
21
36
87
0
7
30
24
33
63
28
91
36
44
3
66
23
16
88
41
53
47
125
58
130
10
35
93
56
86
26
19
6
61
82
5
162
75
83
19
31
52
49
44
6
65
66
81
71
26
21
12
5
1
25
14
81
101
62
50
25
22
4
92
86
11
37
46
36
17
52
34
5
2
4
180
11
4
32
5
45
12
88
73
153
71
25
74
114
29
66
27
4
139
29
71
57
68
53
1
57
15
44
3
15
38
28
0
100
140
13
17
54
9
89
3
65
56
113
48
12
20
102
34
3
64
33
19
23
89
77
42
50
1
54
18
7
88
8
39
0
45
43
29
27
49
6
173
29
52
21
87
21
94
21
42
16
6
20
94
49
20
90
63
49
83
24
54
7
89
33
76
13
25
14
22
51
26
50
43
45
37
47
59
8
37
69
0
49
21
8
52
25
1
32
68
35
25
69
54
6
13
10
111
91
80
68
25
51
55
24
25
43
68
65
15
1
53
27
40
31
18
18
33
33
12
85
44
61
72
28
38
31
49
39
87
25
1
88
104
24
15
103
86
25
3
13
27
154
69
19
77
39
40
71
32
36
156
62
29
37
93
14
64
4
34
193
45
22
38
9
130
95
8
6
31
56
47
8
15
4
12
64
33
1
146
65
36
13
133
23
44
10
13
16
33
18
52
4
20
65
82
32
74
32
33
45
57
1
37
71
130
30
23
1
27
46
44
41
44
37
36
87
31
133
53
61
3
13
39
62
17
27
16
13
10
1
107
6
23
18
1
102
102
13
140
27
25
50
55
75
8
48
53
100
31
90
59
41
69
7
33
84
8
32
77
1
27
3
48
52
85
64
23
87
26
96
16
33
105
35
54
69
31
61
10
25
34
49
33
45
43
14
103
18
69
22
94
106
48
31
28
17
5
40
38
84
39
16
76
44
2
116
111
44
57
6
44
83
60
60
18
78
48
40
47
14
16
39
3
54
26
42
53
52
21
6
41
38
7
28
18
88
30
6
20
10
27
12
82
43
43
15
34
35
20
85
59
60
17
31
43
23
99
82
27
0
34
20
29
73
83
43
20
95
2
77
71
9
64
22
29
35
92
54
0
38
32
7
24
26
51
157
13
24
39
80
63
41
17
19
6
49
1
25
29
35
1
34
12
60
28
66
1
83
37
24
39
65
148
43
8
11
5
144
46
9
24
29
77
42
4
115
13
69
63
13
74
45
90
74
67
47
38
42
13
106
39
22
28
83
55
49
28
92
62
87
20
111
50
19
134
80
23
43
4
19
81
28
39
48
2
7
74
20
15
40
24
78
67
36
127
13
81
16
4
16
12
73
60
41
36
42
22
35
59
38
14
32
14
53
61
20
24
46
1
70
16
13
15
31
42
47
18
81
29
16
57
12
124
13
12
84
32
30
44
42
2
48
65
48
86
73
15
51
38
30
50
53
65
41
53
11
33
52
69
53
52
9
1
4
26
10
27
49
17
22
66
29
26
53
71
55
44
52
5
3
7
106
4
13
11
27
105
20
5
28
113
40
30
22
5
94
46
26
36
17
88
128
122
50
48
13
55
26
6
19
0
17
63
21
30
24
11
6
19
17
14
33
83
19
72
28
66
85
31
8
5
9
29
68
14
11
27
30
6
34
5
66
92
26
7
11
3
83
130
68
9
75
104
101
8
85
123
4
27
20
52
32
49
25
52
5
79
56
16
25
97
5
14
3
82
46
13
13
20
77
48
31
4
8
18
84
86
72
51
35
5
29
11
1
10
18
41
71
13
51
20
8
34
40
19
12
59
81
44
21
21
62
41
16
47
7
16
19
77
47
20
64
42
40
69
32
13
13
95
19
25
31
5
27
49
7
26
1
34
73
199
8
52
71
25
1
43
32
26
24
62
87
11
10
80
20
13
7
34
2
40
0
53
81
89
12
20
61
17
33
22
53
107
46
6
44
53
12
18
82
6
33
44
34
19
43
15
40
26
70
37
92
13
3
0
23
25
2
104
2
27
16
21
95
2
23
59
56
65
46
23
53
77
54
13
63
40
19
54
31
10
65
29
44
11
26
22
42
15
13
71
10
24
123
18
65
54
56
4
28
33
12
12
52
62
61
11
74
4
39
19
27
31
83
77
57
10
0
52
20
50
62
7
7
80
25
13
20
20
16
2
11
91
3
20
34
31
45
54
34
25
77
45
11
34
23
2
34
11
28
24
80
4
73
47
20
63
1
24
35
11
92
96
33
70
6
37
26
16
48
2
3
87
6
16
11
5
14
82
23
58
8
2
15
27
44
31
63
70
17
50
2
124
40
19
5
61
31
74
42
14
31
62
17
19
72
18
60
70
56
78
102
80
8
42
47
71
53
21
76
24
105
23
83
4
16
33
15
66
87
29
40
38
60
3
25
105
145
156
8
46
54
17
64
35
37
95
1
68
23
31
75
14
4
25
16
98
69
48
15
14
28
112
9
13
30
43
60
8
63
58
31
19
37
8
30
54
38
48
84
23
32
2
62
65
1
32
13
31
4
17
44
33
105
87
34
49
44
42
6
10
38
47
1
41
5
91
102
7
66
12
59
48
38
26
1
8
16
41
23
30
52
45
46
25
65
43
80
4
39
26
6
77
8
4
1
10
3
70
4
49
32
9
101
17
8
26
26
51
55
52
14
48
101
67
25
44
34
40
132
29
77
49
76
59
48
132
94
39
58
59
37
20
10
61
18
30
0
2
31
2
14
36
3
3
19
17
15
52
35
38
19
28
25
47
38
17
18
10
90
56
18
18
27
5
64
6
37
32
50
66
53
70
21
49
19
61
19
39
48
56
58
20
137
33
9
18
59
70
10
3
21
88
58
7
9
41
6
40
52
12
44
57
42
36
22
5
32
12
55
33
2
38
10
79
37
34
41
65
3
49
10
54
27
88
17
61
16
17
98
45
66
24
27
16
42
23
59
32
7
48
45
32
101
45
15
31
31
20
41
79
17
46
27
8
26
49
9
75
34
7
12
27
38
26
68
33
41
7
147
5
58
23
51
7
18
60
37
6
5
17
27
66
13
5
19
1
71
14
42
19
86
2
24
53
54
82
35
32
12
28
15
87
25
22
71
18
53
37
65
32
47
17
47
34
19
58
80
49
12
1
21
51
41
49
24
30
37
5
37
8
53
23
7
43
36
37
82
36
89
30
10
79
25
29
20
131
41
2
20
44
12
87
36
0
30
53
96
7
46
46
32
41
51
23
3
54
5
14
8
16
73
35
30
41
40
16
33
15
8
10
35
31
73
37
23
37
14
36
27
59
11
57
88
0
22
33
7
14
36
6
42
53
87
51
18
7
37
70
0
33
25
63
17
65
49
35
30
22
36
2
26
2
23
52
112
4
48
9
13
22
7
1
22
25
35
25
61
47
29
14
65
44
86
37
77
2
47
3
74
8
44
94
31
3
57
7
70
33
93
8
76
21
10
94
39
64
13
36
35
31
4
57
50
43
15
19
30
62
32
33
78
78
14
63
23
4
47
0
46
3
29
3
51
16
6
7
70
18
71
50
11
37
29
67
22
63
66
10
17
66
41
19
22
17
12
64
24
52
19
24
36
47
27
29
17
2
35
13
8
44
2
52
23
9
64
75
44
55
6
68
7
12
24
42
17
61
7
23
50
68
12
43
26
49
10
16
9
26
3
42
35
44
0
13
3
1
67
73
34
30
5
36
12
8
61
54
15
61
73
43
107
37
8
6
42
66
59
10
1
74
42
50
16
72
26
40
11
15
8
4
44
10
71
45
41
19
55
0
20
42
44
19
41
24
68
19
33
87
10
6
17
2
14
27
105
23
10
23
30
4
37
37
32
79
10
45
52
23
9
29
31
1
59
3
38
49
20
34
25
2
40
20
31
13
33
34
18
3
19
44
39
73
26
54
21
30
8
35
4
0
44
14
54
34
31
22
44
16
87
38
1
56
21
67
11
27
24
36
76
5
15
15
33
104
15
28
14
19
71
16
44
37
6
2
31
1
14
23
56
57
7
25
38
41
34
31
20
58
3
41
1
30
9
25
24
74
10
55
37
29
43
4
71
49
29
58
66
6
16
73
3
49
9
14
75
14
32
59
24
65
95
21
57
2
13
24
85
5
9
48
24
82
30
23
10
9
117
4
15
138
10
65
11
28
21
57
44
9
34
82
54
93
43
89
43
3
44
4
75
13
11
7
6
9
14
39
18
86
29
74
28
12
50
21
1
5
25
43
22
39
72
25
79
23
6
61
31
53
26
19
27
6
3
47
29
48
64
61
4
33
29
103
51
84
5
88
62
9
20
23
46
40
9
8
49
58
4
75
27
32
16
66
28
5
5
31
18
64
17
46
23
57
51
30
38
7
21
10
5
8
47
31
1
20
27
72
73
90
8
36
29
26
43
20
45
7
19
65
1
23
93
53
21
28
44
6
24
21
38
7
33
45
0
39
35
11
39
46
16
50
9
30
33
59
14
37
26
2
21
4
64
51
54
42
33
38
22
32
9
19
13
13
26
2
7
42
34
52
5
8
20
32
19
27
31
21
10
85
53
30
51
99
6
28
4
4
52
1
82
33
76
21
14
16
31
48
11
53
57
35
74
21
42
33
50
37
76
15
46
3
61
42
20
37
16
12
24
79
73
2
9
24
38
93
30
59
16
26
44
17
22
2
107
32
3
5
19
38
83
21
23
26
35
24
22
34
12
19
2
29
46
12
76
8
9
42
68
8
35
61
25
5
38
38
38
96
94
0
8
23
18
27
56
42
38
41
30
50
22
32
39
23
40
58
24
32
22
16
59
9
1
10
23
53
35
7
17
46
1
33
5
11
52
4
31
30
5
42
15
23
53
37
39
33
20
50
6
15
33
14
42
25
74
0
2
41
58
75
0
70
16
1
11
39
29
48
34
59
76
78
19
10
57
40
6
42
38
38
32
45
5
53
22
70
35
38
4
16
29
20
35
42
15
7
7
40
26
85
50
1
20
8
20
31
13
31
5
8
48
40
2
4
15
24
12
9
5
3
21
24
11
32
28
32
3
15
33
9
40
46
12
26
4
13
24
41
20
21
27
9
26
11
19
35
78
23
71
3
24
25
21
84
29
26
37
54
24
75
2
12
13
17
14
23
0
5
48
31
35
14
35
93
21
34
49
12
68
45
9
25
55
6
8
70
24
39
9
14
0
58
38
50
12
54
17
26
59
2
2
5
27
56
2
65
78
16
24
14
53
22
39
37
50
47
57
18
32
57
23
21
53
7
36
28
3
0
41
25
12
25
7
15
43
63
15
33
3
22
7
36
34
37
74
37
5
27
4
34
43
17
30
8
50
27
19
0
44
8
11
18
20
11
1
3
69
73
49
25
32
31
0
10
62
11
27
19
0
9
5
41
18
76
33
14
22
6
43
19
6
46
3
16
25
46
24
66
62
33
30
27
10
30
17
8
22
20
22
2
19
52
6
39
9
85
15
30
1
5
6
5
17
2
30
14
5
17
58
16
13
28
0
19
13
12
41
3
7
14
2
26
28
5
32
4
13
36
3
15
12
16
23
21
10
5
20
2
2
67
19
21
1
34
3
16
63
13
62
23
12
15
50
83
21
85
28
12
17
18
9
4
20
1
15
12
4
30
4
18
24
3
9
12
36
47
37
12
9
21
25
54
45
25
77
37
29
31
15
1
23
0
50
33
10
27
10
15
8
20
19
5
31
41
5
22
1
6
22
17
27
16
23
32
12
52
8
65
18
43
9
55
1
23
21
0
13
11
3
35
54
28
39
25
63
34
26
23
9
61
23
19
10
21
19
47
57
24
12
66
30
37
11
64
18
35
2
5
58
31
22
12
3
23
18
45
21
17
42
12
4
34
29
39
19
26
6
21
10
4
9
10
35
35
47
8
19
40
35
23
9
10
4
42
16
2
16
3
3
76
21
59
26
3
74
3
5
17
0
10
40
21
37
36
5
5
28
19
14
34
14
29
15
25
17
7
25
8
43
55
33
12
16
20
41
3
13
36
9
16
1
19
48
13
7
3
32
19
27
25
8
27
12
12
28
46
52
56
21
46
3
7
5
8
35
15
41
6
50
31
0
15
0
40
19
30
34
44
32
4
16
6
23
15
2
26
22
6
49
15
44
2
11
41
40
26
24
18
16
2
9
7
10
26
16
12
30
37
9
33
23
1
29
10
29
45
5
40
12
57
43
10
10
16
37
35
21
25
15
22
51
3
22
11
33
0
12
23
7
26
32
35
15
27
5
44
37
8
4
24
27
13
57
38
20
15
2
48
34
17
44
35
16
1
58
32
7
7
61
17
14
4
13
7
39
41
20
13
7
18
30
9
14
14
65
17
20
16
10
5
3
12
16
1
31
17
21
12
13
6
28
6
20
4
36
52
7
5
11
3
22
11
8
5
0
10
21
16
44
13
39
6
17
13
5
0
16
26
5
20
11
10
29
11
73
10
24
17
15
11
40
33
18
17
10
6
15
15
12
19
35
31
13
17
23
12
10
10
20
11
45
43
27
11
8
41
22
10
13
14
7
2
3
15
27
10
0
9
59
20
9
1
21
25
20
39
3
63
13
3
12
4
36
27
9
9
5
1
10
1
2
29
35
24
14
20
13
13
8
3
6
17
34
63
30
4
60
3
9
24
7
4
51
36
9
2
1
12
7
25
31
16
52
36
43
1
14
22
0
23
8
1
21
24
15
6
18
13
46
31
29
7
12
2
28
24
32
4
24
10
4
26
8
4
19
1
3
2
4
2
3
30
44
9
0
0
24
26
11
13
23
14
34
73
14
25
3
9
44
21
14
10
5
12
4
13
12
4
12
4
9
0
18
4
7
34
7
0
2
28
1
14
27
8
14
4
16
10
3
2
40
3
4
18
1
19
14
25
3
22
0
19
10
15
20
2
28
6
33
10
8
5
0
47
28
7
11
3
19
2
7
3
28
2
15
29
11
1
23
11
4
27
3
14
19
3
4
14
11
4
16
7
26
4
13
23
13
22
18
4
5
13
16
8
13
34
4
8
35
19
15
4
41
11
7
6
32
19
12
17
12
16
16
3
28
3
41
4
4
2
18
37
14
0
40
8
7
3
17
23
2
15
8
17
0
1
11
34
3
15
19
41
5
12
8
4
22
12
31
8
12
23
36
1
6
7
7
2
14
2
13
8
23
12
0
12
38
2
3
2
51
9
11
31
24
3
2
7
6
7
14
19
23
7
28
10
5
14
27
18
13
4
0
5
2
4
5
8
5
4
14
13
24
6
33
23
19
6
14
2
8
12
22
7
4
9
4
8
20
8
2
36
9
3
6
6
20
9
1
12
10
1
5
6
2
24
1
29
21
24
9
7
9
7
11
6
12
11
32
5
4
1
10
6
5
12
3
3
10
2
17
5
1
3
5
20
9
3
8
7
5
0
10
19
4
5
8
5
7
7
1
3
6
16
13
2
3
14
17
15
3
12
2
18
19
13
1
3
0
4
7
10
0
7
2
12
7
7
20
8
7
7
2
2
5
1
2
2
1
6
8
2
7
12
3
1
1
5
8
2
8
13
5
5
1
10
12
22
4
2
4
1
12
11
6
1
7
1
1
6
4
2
3
11
9
0
2
6
4
1
8
0
3
4
8
8
2
1
7
0
1
1
2
1
3
7
3
1
5
3
1
1
0
0
0
