12
28
91
51
10
2
11
52
0
5
3
52
40
79
4
4
8
71
23
8
9
1
45
50
71
19
21
54
13
7
5
22
40
63
4
33
127
1
38
14
8
140
35
75
84
0
40
4
43
37
13
41
8
13
83
53
6
56
19
52
94
45
45
14
1
43
43
48
61
104
10
33
25
18
28
166
50
134
14
33
4
60
67
13
41
23
4
29
5
59
127
34
50
68
38
126
6
12
66
67
34
10
38
24
79
77
7
17
31
32
91
61
8
75
30
12
113
39
29
56
87
55
14
89
19
2
52
55
78
25
45
52
15
59
63
60
72
9
3
139
29
77
0
89
71
35
11
2
62
31
9
54
41
97
69
32
39
12
142
31
43
100
2
49
64
78
43
109
24
30
27
4
22
51
21
27
75
46
47
8
82
60
76
15
28
4
10
11
131
95
32
67
30
46
36
4
109
78
68
61
16
170
121
51
49
13
83
138
172
2
77
73
65
28
98
101
39
33
33
6
16
14
96
8
14
6
75
114
2
8
25
38
67
32
69
17
75
58
34
45
43
30
58
31
58
8
18
7
123
13
76
18
4
19
38
43
89
27
15
5
11
4
113
23
44
99
21
123
8
116
28
90
22
2
70
75
46
64
17
30
84
36
60
22
114
28
11
70
2
141
23
30
42
66
17
68
3
35
31
84
9
115
106
2
0
48
59
22
0
9
29
99
16
21
24
18
37
59
74
104
5
43
63
57
98
19
69
11
49
115
19
61
44
15
50
30
16
30
74
35
116
2
2
62
32
5
75
16
10
116
91
67
59
44
27
33
10
6
95
41
92
115
40
37
58
51
23
119
30
6
85
19
26
68
78
51
21
109
98
6
70
66
93
47
14
92
40
77
28
53
9
0
84
6
59
12
129
104
20
5
13
2
67
34
50
39
209
38
26
72
19
18
56
11
84
3
1
31
56
25
48
12
43
50
37
65
6
110
146
28
29
39
61
50
44
128
34
69
11
92
40
22
11
19
85
67
19
3
116
4
144
38
5
88
37
68
11
89
51
55
2
89
10
24
18
116
143
36
2
24
36
18
50
68
26
35
24
179
25
117
3
85
73
32
74
50
72
5
68
64
3
58
38
2
23
60
81
1
60
22
8
85
50
47
16
64
2
19
45
67
104
30
69
115
8
21
51
145
90
102
4
37
47
7
42
63
67
28
11
14
36
58
33
91
21
33
4
55
137
51
11
10
23
9
27
29
39
1
7
133
114
72
57
4
38
57
9
27
25
28
86
53
76
4
59
20
59
82
52
89
60
34
34
77
24
7
125
92
51
35
69
28
59
112
2
53
32
26
32
14
130
80
7
51
68
102
36
13
20
102
0
73
39
23
22
3
36
9
67
102
37
20
114
28
46
43
16
18
84
57
37
142
19
84
14
49
108
48
1
7
29
58
120
54
90
2
28
54
21
42
55
26
11
62
69
25
7
29
42
71
19
17
10
79
101
13
32
34
96
54
38
95
55
2
35
113
47
107
28
52
5
8
42
29
84
71
29
40
83
71
14
29
14
77
16
65
41
48
56
9
3
37
41
58
83
32
69
6
21
69
27
21
86
79
93
4
93
79
29
32
0
74
55
41
90
114
12
93
74
7
52
104
24
16
18
55
41
11
46
1
17
103
84
53
80
41
19
108
46
84
32
144
36
147
4
27
53
80
28
100
57
65
74
10
39
1
55
73
108
26
127
35
79
32
86
6
43
26
14
57
11
55
22
71
6
74
7
43
93
136
11
12
93
1
56
99
27
22
15
2
23
63
108
32
49
61
74
57
8
29
43
42
25
82
15
34
36
28
8
73
115
7
87
50
52
36
81
138
10
33
2
1
35
11
104
33
29
4
80
28
6
78
33
82
39
106
76
49
89
63
17
135
49
58
3
3
22
45
38
48
116
16
8
29
21
170
23
93
26
44
30
85
18
25
48
3
7
105
57
24
39
10
74
107
37
92
97
17
32
36
36
35
16
108
1
26
2
20
69
46
13
74
86
88
50
92
54
92
67
75
80
82
106
4
22
84
41
14
70
82
36
8
6
78
73
59
40
27
54
60
40
6
15
19
28
12
49
81
1
88
15
19
40
38
58
150
32
53
2
13
78
2
9
81
39
116
32
34
14
68
0
47
54
59
3
23
32
17
39
41
26
7
19
94
31
78
44
18
33
73
152
134
11
49
10
58
28
8
18
16
91
23
74
14
13
113
25
27
18
37
38
85
71
104
42
89
143
66
5
44
99
32
39
12
48
33
120
42
1
11
103
23
92
54
56
8
75
79
2
89
36
68
66
7
49
35
9
8
16
2
64
31
93
110
71
84
67
38
68
57
80
84
76
38
38
45
168
8
124
5
5
16
2
102
9
32
37
47
53
69
6
31
35
7
43
14
2
65
91
68
2
23
78
50
74
93
142
14
38
59
27
132
2
56
45
55
47
9
14
108
11
104
5
16
62
39
103
11
46
8
35
99
2
3
17
73
37
39
68
20
51
36
27
136
28
43
69
106
57
11
146
42
34
66
40
2
68
98
115
17
64
48
49
54
88
24
79
23
12
15
27
36
17
1
10
61
44
61
15
46
72
11
46
22
78
118
4
43
43
43
15
84
52
42
54
23
19
4
121
49
19
68
39
89
30
14
41
41
25
9
117
36
74
59
59
16
91
85
22
40
51
33
94
9
15
39
0
4
62
45
9
55
90
65
56
40
53
41
5
68
30
4
28
54
24
127
75
47
101
51
25
35
41
35
27
63
69
55
29
53
56
49
18
88
43
15
143
16
39
96
15
20
90
22
28
1
10
74
40
25
77
9
32
86
59
83
51
79
25
26
50
20
27
85
16
25
54
37
46
58
17
7
40
49
20
18
23
85
74
86
53
62
13
4
68
14
103
40
40
88
12
108
85
95
6
35
70
45
31
36
67
18
44
49
3
16
57
55
35
13
63
6
4
125
18
46
4
11
72
47
14
30
112
190
85
55
31
18
42
22
20
49
137
113
16
18
33
23
13
102
87
30
113
10
17
42
48
62
24
121
61
29
22
8
79
12
12
24
85
28
20
38
131
37
49
40
22
34
96
93
105
23
117
64
32
16
60
58
20
40
22
34
99
105
80
7
14
15
51
6
79
65
26
48
10
48
93
85
22
12
26
20
20
18
36
43
55
43
49
18
18
8
82
31
73
44
17
40
33
40
66
42
17
30
7
28
51
79
39
29
41
36
36
19
78
39
0
18
46
22
91
12
18
20
9
95
53
33
23
54
55
73
39
38
34
100
46
35
103
15
6
111
47
79
89
43
54
92
16
56
26
67
7
1
18
24
22
2
22
18
7
49
63
79
76
115
38
6
2
50
56
61
54
15
8
12
32
4
28
6
93
31
34
53
28
15
21
70
61
10
7
24
10
38
98
3
21
87
69
77
53
17
36
65
100
80
1
32
78
29
69
3
70
35
148
19
97
89
50
10
28
20
9
65
21
41
34
6
34
31
39
41
21
33
10
38
1
112
23
58
10
57
83
2
47
17
32
52
26
5
20
54
40
6
57
42
132
32
95
63
23
4
45
63
6
25
20
14
139
13
43
19
47
2
50
45
70
7
77
30
29
50
57
98
21
14
7
11
87
27
51
103
63
11
9
8
76
25
83
50
6
44
25
1
41
12
76
97
16
48
102
88
131
18
13
20
38
74
59
54
24
11
15
95
37
25
51
65
59
58
25
89
6
69
33
16
30
37
17
47
78
82
34
21
108
31
2
47
5
42
3
71
47
27
42
53
15
39
103
26
20
9
80
95
25
7
64
2
25
21
41
67
10
33
50
45
40
9
82
75
110
50
110
78
27
8
59
108
27
5
75
63
27
8
54
35
57
35
2
2
73
95
81
12
2
35
15
73
30
24
15
4
58
15
148
2
92
29
45
87
106
32
39
44
12
73
84
64
18
15
28
22
19
26
31
39
5
32
98
35
1
85
25
58
3
7
41
18
39
84
70
1
20
59
17
35
71
41
27
31
26
47
14
48
30
51
1
7
19
110
59
18
31
28
5
85
54
4
14
52
44
29
2
43
58
59
69
10
22
11
53
66
51
38
171
28
4
41
30
44
1
44
79
48
5
25
24
34
33
49
75
7
24
6
4
7
10
77
38
28
20
8
3
29
24
3
1
6
38
38
68
16
5
47
34
34
77
23
16
77
42
9
33
2
19
32
85
17
96
67
85
12
55
36
75
50
27
47
6
22
58
11
110
17
30
27
13
6
22
11
19
48
28
33
14
40
19
14
58
15
6
8
61
13
4
15
45
71
17
3
51
12
27
17
101
32
80
40
49
34
8
38
23
2
94
21
54
62
49
33
63
80
5
6
4
49
67
39
17
20
16
31
89
73
66
11
5
21
35
32
44
3
37
40
15
46
10
25
72
27
55
8
35
3
51
47
37
85
10
16
54
40
16
25
3
50
28
35
5
60
10
65
8
70
49
35
76
67
45
3
9
4
48
34
7
7
74
20
81
24
22
36
83
14
83
51
44
16
82
42
3
18
79
8
34
18
13
89
31
107
12
69
152
47
45
21
86
4
20
7
64
24
17
11
127
25
22
49
3
36
54
4
5
73
13
19
4
3
78
29
12
4
39
87
54
55
37
14
1
29
137
72
34
34
72
57
45
58
10
55
4
10
8
74
2
69
26
7
1
24
45
58
35
22
28
38
58
107
7
31
42
12
29
37
61
88
52
30
6
40
13
42
31
26
30
9
16
38
10
32
0
38
14
29
32
51
3
20
50
85
9
35
21
43
59
32
37
8
3
29
48
27
23
35
62
54
29
35
49
99
20
50
3
40
72
26
54
31
14
30
17
35
31
3
70
2
29
11
32
81
9
15
43
6
11
17
75
67
65
24
7
110
13
30
67
35
61
25
29
15
55
51
44
112
101
86
55
27
48
0
48
13
24
39
5
13
21
25
14
51
61
3
32
83
43
34
57
80
80
8
18
67
38
6
46
6
75
63
29
22
24
34
10
5
43
67
88
21
8
95
35
26
0
10
54
33
30
57
65
105
42
39
13
32
34
4
28
66
2
61
62
3
10
15
11
4
41
130
39
94
47
30
48
36
51
54
69
40
25
72
18
50
8
44
2
45
84
9
29
20
28
28
3
62
14
19
6
39
8
63
65
9
16
133
4
35
46
14
5
24
31
99
32
19
42
100
12
18
60
28
65
53
75
21
13
70
43
14
62
25
56
58
40
7
18
41
24
13
19
26
3
57
17
22
33
12
45
6
41
138
73
14
3
42
59
25
51
81
32
13
48
32
21
36
79
19
5
32
87
48
1
15
29
57
42
31
61
11
78
13
31
19
27
0
42
21
47
13
21
68
36
104
10
39
28
133
58
16
40
25
27
51
35
5
29
34
36
14
20
29
10
35
1
1
41
25
22
27
16
21
4
57
3
55
23
39
12
3
49
20
45
27
45
85
42
35
1
26
29
10
6
71
5
17
26
6
41
22
82
30
51
39
36
8
4
34
53
32
37
63
2
62
17
23
11
7
35
60
28
76
10
48
10
22
35
15
79
4
15
24
60
40
29
35
32
4
21
4
87
21
57
19
37
9
11
33
74
74
39
107
29
7
15
29
45
6
2
10
26
46
25
3
46
36
19
25
19
2
91
35
36
17
2
5
12
90
25
5
31
16
23
38
78
63
43
31
45
17
37
48
31
2
40
56
18
8
11
65
19
73
86
59
86
45
51
9
52
36
29
61
35
86
18
5
37
35
60
86
22
7
70
32
25
19
54
44
34
53
2
41
6
40
47
51
29
29
24
24
28
51
51
4
12
41
13
32
46
75
60
21
24
37
55
47
25
22
33
13
27
17
53
50
10
27
23
40
3
45
45
26
50
73
38
84
9
8
87
11
40
21
41
21
5
84
25
45
18
17
73
22
38
61
10
69
1
22
11
19
11
15
8
2
67
7
1
95
28
13
16
34
12
30
41
67
11
17
21
44
36
7
18
38
18
59
20
4
37
8
10
23
69
42
6
3
9
6
38
6
115
17
21
47
23
20
6
30
9
14
5
3
8
17
50
21
47
109
20
31
82
42
29
16
18
3
14
16
24
29
27
35
43
15
3
34
13
18
80
56
11
9
79
12
24
47
68
8
2
21
3
40
18
43
0
5
27
2
41
48
1
10
16
1
16
20
40
57
9
3
37
30
38
47
9
0
14
18
25
46
1
1
73
3
39
99
17
2
36
28
67
18
20
48
0
19
23
0
28
61
34
60
33
4
44
31
35
4
20
96
31
37
42
51
10
3
12
50
12
2
51
42
20
54
115
8
30
5
28
33
22
42
16
35
33
2
9
10
7
0
15
55
55
21
21
8
36
70
5
46
26
10
14
34
84
26
32
27
53
61
76
32
17
37
22
66
17
74
112
19
68
3
20
62
15
23
31
32
30
39
22
11
31
37
20
2
20
0
1
9
62
12
23
80
10
25
16
27
83
33
30
55
23
22
11
9
31
33
11
15
7
20
40
0
14
8
31
26
19
1
15
1
6
24
5
15
48
83
27
58
28
41
33
18
37
41
27
1
69
4
29
20
27
25
54
4
2
41
6
64
52
15
9
4
4
37
30
9
1
4
50
56
50
51
26
31
7
49
5
2
10
7
70
20
47
8
18
47
44
19
37
16
7
53
17
8
2
14
3
15
36
99
47
13
15
49
70
28
67
66
36
27
79
17
47
28
24
37
53
47
8
36
44
39
31
25
14
63
17
131
17
56
15
23
46
32
18
12
29
6
9
58
0
4
33
24
42
13
42
54
7
36
40
42
1
14
31
52
18
57
28
71
11
6
14
14
13
1
45
5
67
27
10
25
15
22
51
28
15
60
15
44
11
31
25
29
14
58
13
7
20
21
52
1
12
37
37
34
14
27
30
20
104
43
2
2
1
0
25
55
22
23
13
39
3
14
35
32
0
17
41
35
17
26
13
77
24
45
27
11
63
2
25
31
46
12
17
16
43
16
44
69
87
24
16
62
8
19
29
23
46
8
18
1
23
45
5
3
45
18
25
41
43
1
56
30
44
2
31
2
38
73
7
30
5
11
8
15
22
53
24
2
37
14
11
7
38
11
23
14
18
17
68
4
39
80
8
3
2
4
13
43
18
4
58
16
60
65
48
22
1
14
12
2
32
24
2
9
1
28
8
15
25
25
26
24
9
18
9
24
10
27
6
2
55
3
23
6
14
76
18
53
21
12
21
18
8
33
14
20
14
61
19
9
86
19
48
20
21
9
44
12
41
33
19
23
16
26
52
13
40
29
44
8
35
10
88
9
21
22
48
6
37
19
19
13
11
7
7
15
23
45
24
34
10
44
38
1
38
6
10
23
9
27
38
17
31
17
43
48
16
5
18
6
22
7
25
49
48
12
40
72
2
8
17
7
25
71
16
27
9
20
46
15
11
8
17
60
9
4
3
23
54
80
36
31
21
22
35
24
11
28
6
34
9
17
12
18
12
20
2
44
35
4
13
19
49
17
0
4
21
67
22
66
61
27
22
19
20
33
30
24
4
28
32
32
3
2
31
45
9
17
56
0
2
13
20
35
10
66
28
6
1
55
35
76
25
17
37
4
44
3
6
54
42
31
9
36
43
3
16
10
22
3
4
5
25
4
24
14
45
9
23
62
10
44
52
5
24
13
19
14
41
15
43
39
54
3
14
22
49
10
20
37
25
8
13
21
11
15
48
52
4
15
11
19
2
6
24
32
28
22
65
9
7
15
43
47
10
14
21
48
42
14
22
28
37
21
19
16
1
12
15
23
18
1
11
1
41
10
14
21
1
17
0
28
26
22
0
2
18
4
36
38
4
35
37
38
1
3
36
14
8
5
2
23
21
18
32
10
4
9
18
12
3
10
21
3
55
21
9
20
4
23
32
35
10
6
15
2
55
35
33
0
17
13
13
2
32
10
37
48
10
8
30
21
2
36
24
8
8
1
3
9
31
9
6
20
13
40
35
30
20
56
27
50
19
21
50
19
33
37
47
16
7
3
11
8
12
41
22
28
1
29
9
13
41
24
14
3
11
7
16
32
38
6
0
8
5
43
41
28
8
23
19
16
10
39
8
2
46
7
67
4
0
5
9
11
17
33
37
10
18
21
19
44
3
44
5
12
33
28
40
18
4
19
32
15
32
31
31
19
10
35
2
3
16
27
22
18
11
27
3
5
42
18
11
30
50
4
21
25
49
10
0
29
24
8
1
4
10
20
17
1
3
25
2
43
15
13
33
19
34
15
4
30
20
11
9
34
10
18
36
5
11
10
15
16
46
6
16
32
0
17
36
14
24
2
12
6
11
1
6
14
6
16
29
44
39
9
17
24
16
9
17
18
2
26
4
12
35
4
21
9
30
9
20
15
2
5
29
3
30
15
36
28
21
6
18
6
13
16
1
32
7
16
10
14
10
5
0
5
23
34
2
13
1
14
9
42
29
21
37
9
1
12
25
23
2
62
2
32
7
9
1
11
9
8
6
4
3
0
23
25
11
9
22
1
10
10
10
4
35
23
8
35
22
0
15
16
3
47
10
10
26
16
38
1
4
15
34
5
6
7
3
30
17
38
12
23
1
14
37
43
20
3
16
1
4
9
6
6
26
10
18
0
14
28
4
0
3
8
23
0
27
29
23
14
27
38
10
2
11
7
26
26
0
17
16
11
6
10
48
11
19
1
21
3
25
8
36
7
10
15
17
17
29
10
42
7
10
19
2
10
43
1
18
15
8
10
24
24
1
12
22
17
17
1
4
12
11
3
1
5
18
5
9
29
5
24
7
8
9
1
2
6
21
15
13
20
15
5
46
4
35
2
19
25
15
9
15
2
3
7
8
9
8
23
13
17
6
11
13
33
26
1
11
3
20
25
24
20
2
2
5
3
3
18
17
13
19
23
3
35
27
35
12
4
20
4
3
5
11
18
4
6
12
10
15
32
16
1
9
9
22
4
23
3
9
17
10
8
15
27
3
4
1
17
14
31
4
1
16
7
23
12
5
6
23
4
2
2
9
21
2
10
22
5
1
14
22
11
12
3
0
3
19
6
7
0
15
11
5
15
11
4
27
8
5
25
16
13
2
23
5
6
3
10
10
13
3
10
5
20
17
10
1
16
1
19
22
8
14
11
34
15
16
26
6
24
14
19
14
4
14
6
6
37
11
6
5
54
8
11
7
15
40
1
30
2
22
8
16
14
2
11
5
10
1
3
6
8
6
14
9
20
2
6
10
6
11
7
3
3
0
8
5
7
8
8
3
8
12
18
6
4
14
15
6
16
9
7
4
13
3
0
12
6
5
12
6
20
15
11
16
26
6
13
5
8
12
17
12
7
22
6
14
12
14
0
10
3
6
3
17
10
3
14
3
4
11
11
2
10
6
8
3
2
6
1
6
9
5
13
11
6
2
8
2
3
14
2
1
6
4
13
11
5
1
5
10
4
8
2
2
0
6
4
1
2
6
7
0
1
3
2
5
3
3
2
2
3
1
2
5
2
2
4
2
1
2
2
