30
71
106
16
1
16
101
31
6
23
9
5
8
13
52
2
8
10
18
35
131
10
17
29
31
9
16
47
35
18
15
6
26
107
44
31
58
50
5
127
42
29
0
13
29
16
30
25
25
80
72
24
59
14
28
7
21
96
50
6
42
3
59
101
20
78
48
14
11
29
2
32
19
77
25
34
23
8
76
18
33
64
39
12
33
60
17
26
30
49
58
56
16
84
47
33
37
27
18
115
109
5
32
10
21
77
27
5
81
27
25
73
17
68
41
11
24
113
93
40
78
61
16
106
44
8
23
4
66
2
37
45
49
105
25
78
59
9
57
68
2
48
32
32
60
99
27
49
113
87
9
48
13
51
7
16
12
13
14
70
40
14
58
53
61
53
24
77
12
17
27
147
15
41
31
33
26
15
99
59
79
44
19
83
69
8
42
72
27
101
97
35
32
10
40
29
52
18
93
30
55
56
33
10
16
29
130
34
78
35
148
55
81
32
20
43
10
25
84
23
12
116
12
36
46
6
50
62
124
24
39
62
182
30
52
83
6
102
5
66
34
58
11
129
3
27
63
26
60
8
19
158
8
39
96
16
66
21
48
82
24
10
40
7
48
48
33
39
6
45
18
14
60
47
30
26
20
37
77
96
3
31
0
69
51
104
42
102
23
22
55
24
21
56
56
96
4
9
71
10
19
142
38
116
44
54
32
5
22
7
16
62
39
121
68
89
48
12
95
4
75
23
12
128
82
71
19
6
48
160
33
12
32
61
66
7
59
62
64
14
97
27
46
48
7
43
20
23
2
14
34
60
90
108
22
48
7
51
41
80
73
71
5
23
17
15
8
65
67
46
39
85
32
61
49
10
5
74
36
49
12
55
44
71
25
89
17
0
81
91
71
2
23
64
2
44
56
61
88
14
1
41
45
6
71
7
104
31
3
43
28
101
21
70
67
12
60
3
60
37
41
10
32
16
2
63
54
22
65
72
41
60
28
79
73
125
33
20
60
9
70
171
13
124
61
33
4
70
121
23
85
4
7
42
33
35
101
17
57
19
87
15
109
40
162
55
135
2
15
38
25
2
20
49
32
56
38
7
18
33
18
40
109
58
46
40
107
49
9
54
56
41
53
105
78
29
104
35
23
49
34
25
20
2
5
17
34
12
44
54
80
53
15
13
23
3
72
45
15
19
48
57
35
19
57
79
132
109
26
94
67
185
35
95
97
45
36
73
97
26
17
6
19
32
46
60
52
15
28
132
26
26
93
52
86
24
3
49
9
29
25
73
19
22
8
42
30
10
17
32
100
29
24
5
27
32
106
6
58
89
103
44
10
19
71
61
70
97
54
71
24
76
25
50
25
67
18
81
40
70
15
30
31
17
50
14
32
57
55
34
55
16
13
37
10
106
28
88
48
153
12
8
28
12
3
7
53
30
75
46
39
40
23
78
98
118
16
30
56
1
79
53
104
5
31
106
28
44
5
9
114
107
130
8
30
62
2
8
48
62
23
10
41
45
36
9
82
97
85
1
12
92
13
57
22
47
84
88
92
7
50
67
47
96
29
24
0
10
67
77
148
109
7
17
31
15
3
56
56
62
48
44
63
28
42
74
23
43
106
21
0
89
10
12
67
81
43
111
6
30
16
46
7
50
141
64
38
1
41
112
12
104
43
13
27
62
72
4
43
36
72
30
1
138
46
10
12
45
25
79
47
37
28
107
68
13
38
24
61
66
69
23
16
18
72
52
10
87
18
15
28
0
15
132
40
15
33
11
51
42
28
42
92
55
105
46
53
4
80
12
17
93
67
84
25
59
0
2
27
46
80
50
22
10
30
43
75
57
70
32
51
101
63
26
76
13
23
16
74
21
33
74
19
43
19
2
23
34
52
3
103
100
33
50
11
96
19
69
17
29
67
4
0
1
70
9
81
29
31
27
30
79
36
92
48
3
35
9
57
30
120
29
47
30
2
62
97
62
1
59
8
120
0
10
65
18
22
61
32
110
64
64
9
138
11
47
9
78
32
7
26
80
19
1
47
39
21
19
77
29
50
12
20
79
33
63
74
39
34
63
69
2
64
28
11
1
131
50
29
64
38
3
79
20
105
58
25
97
22
77
112
4
10
57
35
131
28
51
15
51
72
5
15
49
23
16
46
111
16
8
20
27
48
70
4
45
10
40
47
143
12
6
53
57
16
16
43
46
66
51
8
32
19
86
77
94
16
5
41
99
26
62
108
124
4
7
25
3
46
63
93
17
52
43
13
28
23
25
57
47
59
36
12
8
128
7
10
65
21
62
54
84
18
42
19
67
73
121
25
69
101
49
41
54
104
19
16
99
43
70
34
130
57
3
9
85
20
50
48
61
39
89
73
7
20
108
18
21
39
75
11
99
16
54
8
24
39
18
54
34
28
19
11
27
50
11
14
19
82
51
92
8
6
63
51
22
38
46
13
77
9
46
15
34
40
10
59
9
48
112
68
102
41
23
132
18
26
8
65
69
53
34
28
23
126
45
8
102
24
5
7
66
29
26
13
74
25
16
29
50
65
3
5
6
9
23
38
33
47
32
18
14
47
96
41
90
37
81
30
21
130
46
31
55
51
129
26
31
1
61
67
36
33
25
19
20
64
20
22
23
62
4
110
50
58
88
112
112
59
56
134
25
9
19
117
83
25
34
84
41
27
53
17
7
54
18
22
24
15
32
36
12
81
51
12
43
52
31
14
5
69
27
68
39
23
11
23
24
25
99
51
77
56
82
12
44
76
68
50
5
20
6
15
25
53
80
50
98
48
38
36
47
16
45
64
121
61
9
64
43
9
51
2
64
90
6
3
90
8
1
61
77
0
53
22
39
34
66
75
40
33
28
18
26
109
66
80
51
29
8
45
68
36
43
50
10
109
66
60
22
13
19
9
82
46
61
81
40
49
48
32
127
38
74
27
50
18
49
42
78
14
35
105
4
27
38
70
72
4
10
74
62
20
90
97
34
34
46
77
25
28
46
129
90
79
73
66
2
72
39
49
70
47
49
33
106
23
4
66
44
10
77
46
66
28
99
83
6
41
2
50
24
14
39
15
21
52
116
55
76
13
10
3
69
58
47
36
47
97
41
53
62
2
53
14
60
22
42
48
22
35
17
16
4
22
46
2
42
75
60
56
26
94
31
83
17
25
84
40
89
3
146
19
68
68
50
80
120
33
19
18
59
47
38
122
65
28
24
5
37
25
51
80
4
29
68
34
57
63
30
46
50
94
28
17
15
11
13
30
6
99
1
16
3
37
17
46
53
82
8
24
56
70
20
10
27
4
29
42
73
99
39
1
26
76
18
61
56
1
47
81
33
81
35
38
19
1
41
19
49
66
14
63
80
55
59
21
83
6
2
19
36
44
7
98
3
62
26
59
113
120
2
9
65
19
35
7
47
29
34
9
54
69
14
6
65
14
126
64
84
35
32
26
57
14
30
25
80
18
81
6
3
14
23
80
15
35
12
48
25
1
51
106
30
68
30
82
33
42
18
61
1
31
53
13
69
25
34
53
40
46
65
25
16
3
52
10
23
34
6
85
42
59
7
26
17
17
99
9
92
23
61
76
44
9
116
11
35
53
112
8
74
13
9
81
41
54
1
13
60
23
12
23
30
19
14
57
37
7
121
36
49
34
64
50
28
8
29
30
110
20
17
25
10
80
7
22
3
28
38
70
4
128
32
4
1
61
52
31
49
26
34
22
41
43
35
11
22
99
19
29
57
15
60
12
3
83
5
56
37
86
128
101
21
51
40
13
95
16
86
55
26
0
3
58
64
58
25
5
70
16
27
38
102
92
10
48
46
11
94
29
42
32
44
54
23
18
12
12
59
44
79
10
30
17
26
93
17
58
18
6
17
42
24
27
16
25
133
73
67
3
82
59
49
39
34
116
29
39
58
104
12
38
52
31
53
68
32
26
110
12
49
52
8
85
5
14
11
31
42
80
100
24
24
35
26
45
65
16
29
54
27
50
84
64
71
48
34
26
42
85
78
37
51
12
42
22
51
29
22
33
14
24
13
43
40
15
42
15
79
26
32
11
75
24
27
40
45
7
3
18
22
59
36
7
41
32
86
93
39
0
50
29
20
11
17
106
41
80
56
54
4
82
29
15
5
51
43
13
12
50
130
71
33
6
60
56
29
16
26
17
133
87
0
20
16
49
34
11
17
85
39
20
82
9
77
64
11
41
52
107
26
36
46
5
93
22
63
2
1
17
37
9
54
70
44
20
1
26
23
3
32
54
3
10
59
1
5
24
28
39
3
13
37
34
11
17
26
92
26
24
50
62
35
66
8
25
47
20
32
23
90
50
2
22
58
29
9
49
84
22
63
10
47
1
49
16
50
48
16
33
94
22
33
28
36
7
46
117
27
25
14
63
54
81
33
23
40
21
10
32
1
5
16
44
41
0
10
48
39
71
2
22
44
97
132
18
66
44
1
15
50
39
23
69
72
83
2
8
23
50
74
22
30
50
4
8
5
80
63
74
0
30
31
70
20
32
47
9
27
31
26
110
23
37
27
17
28
7
1
8
23
101
25
7
66
136
13
22
46
27
63
35
14
26
7
23
38
53
46
77
22
37
46
82
15
12
29
38
93
26
22
54
37
52
26
31
12
4
20
4
17
6
5
125
62
88
67
32
33
10
92
11
91
32
51
24
37
46
26
54
5
18
74
29
62
12
21
5
43
13
19
41
19
13
51
41
52
88
66
29
17
7
18
35
0
62
28
72
62
52
34
55
86
48
46
34
54
69
106
75
11
35
4
52
2
34
18
10
58
32
32
11
8
49
34
20
43
35
42
70
45
54
10
54
4
63
17
13
7
6
23
34
38
65
65
25
36
32
57
23
90
42
3
16
58
4
32
9
6
43
24
30
35
4
2
15
5
19
39
32
7
71
47
32
78
19
87
128
20
24
16
53
25
48
58
19
18
11
54
96
5
15
8
24
68
21
42
2
58
60
11
45
29
7
9
56
38
22
30
65
29
64
29
85
11
5
103
3
96
49
35
40
59
48
33
52
32
9
80
11
59
10
42
28
28
35
65
33
48
45
18
11
9
22
23
27
11
38
1
142
31
81
12
13
35
1
24
42
7
67
37
35
19
78
40
2
144
51
20
34
14
73
42
20
63
5
16
1
31
29
20
23
84
90
6
30
59
8
51
44
26
76
39
128
29
68
24
51
79
31
6
19
15
24
10
77
21
10
38
19
35
20
21
82
13
22
93
44
35
23
88
31
38
64
30
44
0
78
20
4
76
34
20
58
46
3
67
20
42
82
67
26
157
41
3
6
10
40
35
54
28
39
9
18
39
34
70
25
41
25
23
61
33
37
46
14
8
32
77
16
55
15
40
42
4
32
25
52
9
55
18
21
18
13
11
27
98
47
16
30
31
105
37
18
31
46
11
95
48
52
19
25
28
13
33
59
50
9
42
88
77
89
43
8
66
39
19
106
60
55
34
7
16
20
114
67
16
31
20
7
33
4
2
20
20
102
35
39
34
21
0
5
54
64
27
17
3
28
1
49
30
66
105
1
60
63
30
33
32
41
6
42
28
34
51
20
21
52
36
8
19
60
15
79
30
87
77
30
30
44
49
43
24
26
17
17
30
64
120
17
93
26
44
82
36
54
27
28
63
5
38
15
8
22
65
72
33
16
8
30
35
7
10
12
14
40
13
41
2
97
5
17
40
26
41
125
14
50
31
27
40
36
3
40
47
51
10
7
41
34
26
52
29
54
29
34
8
26
63
46
15
36
11
5
28
16
32
69
2
12
2
28
50
36
0
66
24
52
109
64
100
24
45
13
42
81
67
27
27
37
22
13
2
57
38
34
13
66
36
55
5
38
4
50
16
31
42
5
21
21
59
27
35
19
28
3
57
30
36
43
10
7
29
10
1
84
27
30
14
55
15
52
44
4
38
4
28
11
29
4
39
63
26
6
47
33
8
7
4
45
84
42
17
65
1
42
45
4
73
21
70
28
12
19
6
6
20
72
9
23
11
33
18
45
52
10
84
14
61
3
56
11
1
33
11
0
2
15
12
10
51
28
36
59
14
57
73
26
1
20
47
77
35
84
11
86
50
41
5
20
29
47
16
7
0
47
9
6
15
13
10
20
23
60
3
27
26
11
18
20
5
9
24
50
29
37
53
25
20
52
5
12
25
64
69
33
45
49
9
1
1
24
49
17
37
11
21
64
5
52
25
23
2
46
0
28
8
75
32
11
14
17
29
19
5
26
5
18
44
13
55
22
17
127
29
19
60
26
12
41
22
5
68
9
3
3
27
91
33
28
17
46
7
33
22
17
24
1
50
1
19
8
36
19
10
16
37
10
34
97
52
36
80
41
6
35
32
27
20
53
103
16
31
57
44
67
25
9
41
12
2
28
35
21
11
23
0
78
7
4
6
29
79
12
40
15
18
18
33
25
55
68
24
20
1
11
23
30
1
55
18
28
52
26
29
32
60
1
53
21
18
12
5
49
11
38
34
44
21
24
2
48
21
31
91
27
15
16
38
29
15
25
27
19
31
49
51
57
42
74
37
15
35
64
26
62
12
39
6
2
1
62
23
7
27
18
25
28
84
31
33
57
7
1
16
21
13
35
32
3
4
35
56
27
28
1
25
40
46
44
80
18
44
8
64
19
14
18
45
11
30
37
54
22
45
8
28
5
34
19
2
26
35
22
45
6
51
116
48
45
26
10
54
49
30
96
59
21
22
26
18
7
12
11
34
4
44
44
19
41
7
42
9
22
9
25
28
51
49
40
24
46
27
9
13
67
52
31
29
54
53
34
30
22
7
53
47
56
32
29
39
61
8
51
45
71
25
34
4
15
19
3
38
128
87
6
13
3
52
27
3
10
19
19
18
15
39
28
13
16
2
14
50
12
59
0
91
30
53
41
41
21
17
17
17
47
56
17
26
54
57
29
47
14
43
3
11
12
50
34
58
44
48
32
7
21
33
35
38
28
28
27
18
19
3
6
11
17
47
45
10
3
12
7
9
129
3
27
16
21
2
54
7
46
35
79
16
18
13
44
32
20
54
53
18
36
1
51
26
4
74
2
27
34
23
25
54
26
6
48
17
47
22
34
40
1
5
61
1
56
25
1
36
5
15
17
42
25
4
40
56
5
6
21
10
5
17
27
3
11
31
28
2
34
40
11
18
54
63
31
13
23
19
28
48
25
49
15
11
17
61
67
10
37
59
30
5
0
45
63
13
9
70
15
26
16
14
39
29
19
47
2
5
32
18
7
37
10
45
6
75
21
33
38
29
17
30
22
17
31
56
9
55
20
70
46
33
13
17
11
37
15
2
31
9
53
23
10
0
9
86
12
14
0
20
54
40
5
26
26
8
5
8
34
56
26
37
4
9
50
9
56
10
20
9
30
34
2
59
8
31
16
46
25
6
22
19
41
45
2
17
10
10
35
6
5
16
13
1
35
0
9
34
24
22
41
12
5
23
85
19
3
1
54
9
20
27
10
29
4
73
28
9
2
41
35
50
5
41
14
11
7
16
5
23
5
11
20
5
68
22
37
1
22
24
18
76
5
30
4
11
29
18
2
17
15
4
18
8
53
26
11
4
78
5
11
33
24
21
5
33
4
41
14
49
2
1
21
4
29
20
31
28
3
68
46
42
56
23
21
49
8
23
25
12
40
8
13
29
7
4
36
52
1
6
35
53
43
23
14
25
2
16
35
16
14
59
20
26
2
18
9
4
9
43
46
30
5
103
17
16
2
2
17
4
14
7
1
20
48
41
51
19
50
24
5
9
29
36
44
39
27
23
19
35
3
17
12
23
3
50
16
1
29
14
16
7
1
2
12
10
14
18
31
9
7
5
22
28
15
55
30
15
8
28
34
9
13
6
25
18
27
13
28
11
32
3
44
28
20
7
2
35
26
5
1
7
6
31
35
22
25
27
27
9
31
7
70
6
3
18
6
70
27
13
16
9
3
3
7
2
71
49
13
4
12
39
22
10
3
27
16
8
10
30
0
31
8
40
1
8
11
12
18
41
13
13
4
29
61
50
12
61
54
38
61
10
2
16
32
39
3
18
25
4
32
25
9
7
12
36
46
12
2
0
27
3
46
20
7
29
5
54
13
24
12
11
37
7
33
13
3
3
11
7
5
30
14
26
3
7
32
40
5
51
4
44
23
20
3
15
48
32
16
7
4
55
18
4
5
8
11
20
8
5
24
11
36
18
17
12
5
32
28
6
43
21
10
22
30
2
7
17
3
39
3
5
18
10
16
27
11
36
24
34
17
20
12
8
14
13
8
12
13
13
46
10
23
11
35
12
26
12
5
1
11
19
7
39
18
7
14
10
31
19
69
28
32
1
18
30
27
49
19
14
4
36
40
5
24
9
2
21
16
2
3
10
2
36
1
2
17
5
12
27
15
17
27
14
28
66
25
7
22
8
17
29
0
29
27
30
10
6
4
36
1
8
2
37
9
22
19
24
26
59
7
48
8
8
15
8
12
1
22
18
11
17
19
29
10
1
6
49
10
40
11
8
28
38
21
7
6
22
44
13
48
27
34
5
2
32
5
4
4
5
17
11
16
6
17
31
3
1
1
16
10
33
17
27
38
8
3
24
44
32
6
5
0
11
13
11
6
1
29
14
40
2
24
35
3
20
12
2
21
4
23
4
14
38
37
15
21
28
3
12
8
6
19
50
30
0
3
3
48
10
2
4
20
31
35
18
35
10
18
5
4
14
1
1
24
17
2
43
22
16
14
12
18
20
9
1
23
6
27
43
10
23
16
4
13
3
0
37
17
14
3
13
38
5
25
14
1
14
22
19
27
15
23
7
34
7
17
7
2
13
0
7
29
31
10
2
3
30
24
18
11
14
30
21
16
29
37
50
11
29
9
5
14
10
6
1
1
2
14
33
12
32
15
2
6
13
19
12
6
12
19
18
14
24
39
22
7
14
7
8
4
26
9
8
16
16
8
11
4
35
8
5
15
47
14
7
21
2
4
19
16
26
4
10
14
5
13
8
21
19
21
9
7
9
5
3
5
7
11
15
3
29
18
14
2
28
32
3
10
10
11
28
31
10
20
10
6
22
10
6
4
20
23
8
28
9
12
1
19
14
18
18
3
15
6
11
4
9
11
1
29
26
5
19
5
24
17
17
4
24
0
0
1
18
7
1
15
15
2
1
0
4
26
24
10
6
9
11
5
3
4
9
26
8
19
29
15
1
3
9
4
1
5
0
1
1
18
20
15
18
11
5
10
1
6
5
1
2
2
10
15
3
1
9
11
10
14
5
1
3
5
7
4
25
5
6
17
10
8
4
9
4
14
1
11
8
4
2
12
19
3
17
11
9
17
7
9
4
4
8
12
5
10
17
7
1
11
8
2
8
3
14
3
5
2
23
5
2
4
9
7
2
2
1
4
8
19
5
7
1
4
5
9
4
5
16
5
0
0
7
6
1
1
1
12
2
6
1
16
7
5
2
2
3
5
2
2
2
3
1
6
10
0
1
9
3
3
2
1
9
0
3
5
2
5
1
4
2
5
4
1
1
2
4
2
4
2
0
3
1
2
2
1
1
