2
34
54
14
20
0
77
77
42
49
47
11
6
36
20
22
73
1
12
9
11
15
51
21
37
13
39
26
20
37
4
51
13
26
73
120
33
37
33
29
15
21
5
36
8
56
54
23
5
16
48
0
41
7
78
50
43
36
114
84
46
60
23
34
83
37
47
39
36
9
66
59
30
51
21
47
58
50
33
38
21
73
51
78
60
57
43
87
42
4
1
22
63
18
2
80
8
57
4
76
36
29
25
67
78
42
108
94
81
33
0
38
8
59
5
16
35
133
0
80
21
25
36
36
94
15
96
23
61
15
24
21
35
12
97
15
41
84
15
120
18
35
15
5
50
58
31
122
63
16
17
5
64
76
69
44
29
41
21
60
73
65
30
35
17
26
58
37
40
1
67
47
35
54
78
50
56
128
47
19
118
25
65
30
15
43
22
107
0
12
120
53
17
14
42
157
18
5
57
28
88
75
112
10
20
18
43
55
33
77
90
27
12
29
78
5
21
31
28
73
9
109
53
43
36
12
78
75
123
67
15
24
36
12
12
76
154
11
45
22
114
1
59
24
109
94
93
44
80
5
20
127
80
2
45
50
44
105
54
115
26
33
137
74
53
92
69
30
68
5
31
51
34
53
20
66
5
70
12
119
3
34
65
108
49
32
51
116
32
32
34
2
13
130
21
13
64
54
40
28
97
108
61
92
55
9
29
54
36
45
122
17
173
147
2
14
38
46
21
50
22
115
82
39
54
21
46
42
10
26
40
44
38
70
27
1
71
38
30
83
31
42
16
96
36
26
6
10
55
79
58
1
134
54
56
56
24
7
43
156
34
38
135
70
77
36
42
21
3
62
98
34
106
16
101
8
90
46
28
15
85
16
10
78
66
41
10
6
43
59
63
24
96
68
24
126
86
61
4
90
132
25
67
12
91
148
31
5
52
45
55
18
60
173
49
18
18
51
24
37
77
19
13
20
76
76
77
90
14
72
53
83
44
91
47
7
36
23
72
35
53
56
119
34
39
61
38
16
23
29
0
78
31
56
75
8
18
41
105
86
99
10
33
50
20
75
49
3
186
89
38
47
40
14
56
48
31
89
123
34
97
9
29
21
1
7
29
49
3
37
91
40
22
91
108
65
21
1
9
63
47
129
81
28
60
25
152
3
29
3
55
88
60
80
75
50
18
14
16
85
77
42
23
42
9
1
65
9
75
1
24
19
44
114
12
87
10
14
0
46
84
43
7
43
49
51
64
113
27
46
48
6
52
86
70
87
46
16
93
110
4
53
26
73
23
92
27
50
2
37
65
29
77
18
37
40
69
50
14
43
7
37
34
62
6
9
62
50
161
31
19
72
137
58
40
51
42
81
18
92
29
32
26
55
158
7
25
47
28
21
33
43
7
114
110
33
26
94
98
8
78
69
55
56
66
10
47
13
104
51
36
11
26
19
8
12
28
94
48
77
87
56
68
118
56
22
28
6
40
20
68
164
41
62
114
48
71
48
23
54
64
92
12
26
3
8
72
23
11
48
14
72
48
34
95
142
37
92
53
5
32
9
26
51
24
76
19
17
34
31
19
28
4
8
9
3
10
2
13
40
19
69
15
48
8
18
38
70
14
42
1
118
41
35
49
50
34
41
17
26
79
53
43
0
29
4
84
92
106
25
45
131
66
120
2
40
34
6
36
37
32
31
202
1
23
47
43
30
7
42
51
110
51
88
33
3
39
74
15
1
28
59
100
33
8
13
17
67
54
29
11
43
24
114
116
93
108
58
14
53
52
68
78
19
51
14
36
6
33
9
5
116
110
12
12
7
71
47
35
28
60
82
72
135
57
6
53
84
62
17
54
54
33
67
35
39
49
66
29
29
12
17
18
9
77
4
14
26
44
20
12
9
17
13
43
14
42
9
25
73
50
58
105
13
19
49
24
34
18
76
58
65
55
5
47
3
56
1
53
91
9
17
30
40
1
69
29
33
196
34
40
65
118
60
53
12
9
23
23
22
9
36
87
91
122
12
26
83
55
69
58
41
5
17
6
79
1
22
56
3
122
64
4
6
57
73
90
51
85
50
24
10
14
28
78
38
37
51
56
52
55
119
10
5
0
20
46
12
39
25
87
2
93
58
29
28
21
65
7
57
69
26
12
3
33
22
61
56
60
70
77
31
16
59
94
62
31
126
104
5
34
137
59
49
68
67
45
46
78
100
40
34
16
56
29
30
51
59
24
10
38
14
35
104
71
39
24
36
66
158
2
50
9
16
81
29
61
7
27
195
15
35
53
36
7
21
68
56
94
47
12
95
109
9
14
24
19
57
18
31
34
87
16
41
72
27
80
29
29
50
0
35
56
39
3
138
53
72
55
52
25
35
22
29
28
6
73
5
23
26
35
17
5
72
10
10
100
16
8
74
63
7
121
79
62
9
62
24
33
50
87
53
39
44
14
17
4
72
42
26
82
3
116
66
47
85
6
57
43
38
47
111
83
23
34
60
5
39
35
40
6
6
25
9
12
133
16
112
41
68
93
27
35
48
11
1
57
48
69
15
150
68
46
95
16
61
38
93
3
25
17
52
13
60
52
37
37
22
183
10
29
51
124
8
9
76
8
15
5
85
32
27
52
5
52
6
59
0
1
25
14
74
47
102
12
19
48
20
36
0
89
25
84
82
78
25
42
56
92
12
70
124
2
80
82
39
91
57
25
16
5
23
26
38
47
4
63
45
46
138
1
60
19
18
16
18
38
34
42
28
12
19
30
71
31
112
91
45
24
85
48
18
117
68
13
39
43
11
15
58
23
43
30
33
7
15
46
41
10
3
5
48
144
77
47
37
20
35
37
24
29
44
44
4
37
40
34
97
18
12
88
15
103
4
10
107
47
34
125
28
68
90
14
85
59
20
7
102
47
31
53
29
40
22
94
67
28
59
5
64
49
62
17
1
12
5
10
37
46
17
28
122
14
14
32
16
45
5
98
25
37
40
25
10
114
68
13
83
69
68
6
74
21
61
34
17
42
126
96
18
44
88
92
112
15
55
106
56
22
1
9
66
11
13
32
27
37
14
3
117
52
16
11
54
30
40
83
32
4
18
94
33
34
35
42
21
6
82
106
14
49
37
41
20
97
6
14
7
32
33
63
22
4
11
42
19
42
19
15
32
126
1
10
5
13
31
73
6
6
19
52
28
90
17
14
78
19
45
13
73
87
11
7
14
32
6
86
71
45
41
12
101
51
26
13
11
39
66
134
27
69
6
16
4
21
27
40
7
17
13
103
37
12
30
80
70
50
46
1
82
100
22
67
50
41
92
44
30
126
25
124
46
50
9
56
27
2
43
20
29
29
61
6
98
68
38
7
26
30
46
34
4
42
93
35
38
15
31
29
53
10
33
34
47
62
16
41
6
6
46
30
44
52
24
26
70
45
90
33
0
24
67
26
77
59
47
30
18
7
38
46
10
20
52
60
41
13
6
47
56
102
18
49
58
44
10
4
95
33
116
32
35
47
26
14
12
1
2
20
28
2
1
14
6
18
70
39
61
71
55
31
67
19
25
13
104
52
84
14
13
24
21
7
20
56
7
29
61
14
90
55
150
18
10
19
81
25
37
73
60
36
26
85
59
15
1
13
19
3
0
3
107
149
16
32
74
19
30
106
6
30
25
51
39
44
107
39
13
51
9
7
19
62
11
83
87
11
12
161
22
93
76
9
76
40
4
41
18
34
37
0
19
110
10
106
101
103
64
6
53
37
45
6
29
47
92
36
3
81
61
82
53
29
88
30
6
7
60
69
76
72
48
34
52
27
62
13
27
10
37
3
1
61
22
76
73
134
46
27
18
20
49
30
40
15
52
42
30
54
70
22
11
68
10
76
90
14
40
23
9
28
50
42
14
18
70
43
16
43
113
15
64
27
46
112
37
74
63
29
115
27
68
30
3
61
18
88
11
70
14
36
41
52
28
37
13
94
21
50
72
26
40
18
37
33
74
59
22
3
6
26
53
76
93
36
9
78
13
84
14
3
74
114
44
11
71
20
9
26
7
2
20
100
127
2
10
6
36
52
61
7
126
1
28
21
10
83
6
67
10
36
18
19
25
6
111
17
11
24
42
25
85
71
16
2
6
25
47
67
53
48
14
20
14
70
8
27
45
14
41
22
4
88
5
9
23
11
15
28
93
5
30
51
12
2
2
124
15
71
79
70
4
11
100
25
40
60
4
23
50
30
35
52
36
70
27
40
7
32
129
19
15
39
34
15
62
6
25
26
55
74
64
58
50
52
28
69
20
101
41
10
38
38
5
29
94
27
62
77
87
24
26
1
20
39
63
19
3
35
32
2
8
78
70
148
55
41
31
4
12
14
30
17
33
46
4
2
78
10
20
46
11
49
51
22
6
35
8
33
27
25
43
10
61
96
1
4
130
34
24
43
34
39
27
86
3
38
13
31
46
56
56
41
47
151
1
14
6
1
83
7
59
16
50
108
30
17
23
40
68
29
21
24
29
11
21
27
55
117
12
3
10
30
35
6
41
14
14
10
26
103
40
56
27
46
113
89
60
16
7
9
72
10
42
23
30
51
20
45
88
15
10
10
78
30
69
85
58
93
6
9
41
24
35
60
39
43
10
59
24
38
43
93
17
63
41
21
8
39
5
33
82
20
55
7
4
70
16
20
33
0
32
29
117
22
0
44
53
5
2
60
27
139
76
25
22
52
105
2
26
11
9
45
37
32
19
68
51
54
41
83
71
11
17
8
14
118
6
25
25
101
44
2
60
8
41
55
24
24
66
22
18
10
58
45
1
2
5
73
44
53
53
68
30
16
20
36
15
3
42
70
39
19
52
2
31
22
42
18
2
34
31
35
61
12
8
41
28
12
36
101
1
35
38
14
44
114
10
12
54
16
22
73
29
40
32
50
39
98
85
77
23
11
16
1
49
25
28
95
48
33
33
13
62
53
104
5
32
61
4
26
17
40
40
16
52
6
0
23
20
9
16
13
50
78
116
1
15
114
44
141
8
89
7
43
27
55
18
12
13
22
29
1
27
45
43
2
41
0
24
4
6
45
25
65
6
10
34
29
3
96
7
67
95
9
33
14
61
17
71
11
16
46
82
117
33
12
23
64
93
9
21
23
48
46
12
76
30
84
33
14
9
9
30
22
39
18
36
25
20
3
5
71
49
39
44
39
17
25
55
2
12
37
7
19
17
14
31
7
43
28
63
43
88
40
10
27
58
20
13
62
36
49
17
40
27
20
10
52
26
61
4
9
49
22
38
95
37
39
28
23
18
10
66
18
1
25
57
92
33
55
17
77
33
83
61
23
8
56
44
17
42
52
13
76
16
72
62
50
18
14
3
14
1
45
5
13
30
57
26
72
13
30
23
44
35
89
30
11
16
12
22
2
6
52
54
68
13
62
86
82
23
127
58
50
52
112
74
13
64
42
20
6
81
46
14
51
6
56
89
10
45
23
38
36
27
50
12
13
8
6
65
1
36
131
41
69
44
24
56
51
7
72
11
12
2
36
5
48
75
120
47
50
17
17
30
49
65
31
28
41
43
4
37
26
6
11
40
15
121
29
66
6
55
23
56
28
13
46
66
16
19
10
3
50
14
62
15
12
54
9
8
0
20
10
22
32
89
44
91
104
79
14
48
2
39
5
40
24
86
17
86
62
45
6
46
47
2
32
14
13
18
78
0
15
3
40
28
2
60
9
52
47
14
24
24
17
40
2
12
1
78
35
62
54
0
55
23
55
37
33
56
25
37
59
19
21
1
12
16
39
9
10
6
10
61
77
5
38
43
23
11
71
108
53
37
45
39
16
6
79
107
104
35
24
16
36
16
25
10
6
27
56
19
20
27
71
16
89
73
2
25
52
20
157
17
89
58
28
51
44
11
17
38
18
90
29
40
9
44
28
57
51
39
7
25
15
60
38
24
60
20
12
41
4
4
60
2
47
68
26
4
67
21
56
46
10
35
23
45
3
16
74
35
3
40
52
1
77
19
18
40
2
26
47
29
4
51
8
23
62
43
11
6
25
102
5
36
59
49
85
2
12
23
89
61
42
63
3
15
35
60
17
55
29
61
86
15
48
23
67
20
32
59
20
53
34
30
9
42
55
81
13
71
12
13
27
1
20
10
40
53
72
21
5
23
29
54
7
83
32
16
55
3
81
3
22
4
11
29
1
6
73
9
19
53
8
33
95
6
5
18
16
10
28
32
25
7
12
36
37
12
28
48
26
13
3
74
50
9
67
87
28
59
54
55
49
54
11
8
5
9
23
22
7
2
7
52
5
28
21
5
36
18
8
39
16
22
43
32
6
13
38
34
36
46
8
36
64
67
92
7
59
47
1
47
40
40
61
51
49
66
55
10
26
51
0
18
12
36
69
30
5
23
31
39
13
36
6
16
19
20
41
36
12
37
47
52
27
70
15
41
32
54
16
29
8
14
7
6
36
5
31
34
19
47
14
43
39
43
30
16
10
37
20
12
18
69
31
11
58
40
9
20
60
5
44
41
49
4
14
43
44
8
16
21
20
51
4
32
40
52
37
69
16
26
20
31
18
27
52
19
14
65
4
5
33
28
37
5
7
55
131
6
13
11
52
52
29
4
69
40
1
20
41
10
17
4
18
30
19
15
6
18
49
23
36
60
32
43
45
23
9
26
42
8
14
6
28
27
57
7
61
20
24
56
3
3
13
53
3
13
9
3
67
33
53
0
20
9
12
20
1
14
42
62
27
29
4
17
55
31
84
25
4
25
30
45
45
11
16
7
13
16
60
90
56
2
79
9
26
3
72
13
30
24
12
12
85
47
9
35
43
58
12
5
41
32
14
16
37
36
2
2
15
11
32
24
1
27
7
9
75
16
45
4
22
43
33
58
11
26
50
50
23
7
16
18
79
6
12
83
17
19
31
8
31
16
23
59
45
6
45
13
17
46
22
1
26
41
16
23
17
19
3
35
6
36
48
53
23
36
11
8
34
35
83
3
53
59
2
8
81
53
33
62
16
13
70
35
24
29
50
8
34
23
2
47
79
68
7
5
9
27
12
37
22
3
50
59
15
50
21
70
23
61
30
21
2
37
30
22
3
35
48
23
37
78
25
6
31
29
52
4
19
23
10
28
52
23
25
50
7
25
61
11
23
46
37
17
1
24
55
13
41
34
75
2
2
23
55
15
68
10
12
32
18
53
12
10
21
3
33
68
5
9
30
46
37
22
3
10
37
8
20
24
36
17
14
39
36
4
7
26
8
27
8
16
59
0
38
26
15
29
12
9
36
57
25
6
12
42
17
23
10
43
31
28
2
23
63
29
27
11
31
16
15
33
50
2
29
17
23
2
15
6
39
24
27
30
40
37
21
24
1
6
20
47
13
38
20
17
14
13
19
47
55
1
33
19
67
20
16
32
52
46
14
36
6
3
44
22
62
28
26
67
32
11
46
40
6
8
22
14
54
36
23
11
70
31
20
15
29
14
5
4
16
11
25
25
29
3
42
16
40
11
5
17
54
25
31
30
44
76
4
38
29
16
10
10
19
1
12
23
5
41
44
22
30
6
5
58
0
17
10
37
4
20
7
14
48
23
7
87
48
25
30
17
22
36
2
34
1
24
52
70
54
38
26
16
45
24
3
28
11
41
2
19
25
19
42
11
9
1
19
4
4
8
52
18
15
21
20
1
48
18
7
9
6
35
10
18
24
34
39
9
10
30
67
1
3
5
23
17
16
58
28
24
29
47
22
10
13
8
24
28
3
32
11
38
28
6
30
12
16
28
13
72
14
18
40
0
10
3
38
11
7
30
14
18
1
29
40
0
26
28
23
19
32
7
12
15
17
13
0
29
3
41
49
46
16
16
48
2
52
15
13
18
8
6
25
47
32
16
35
8
1
3
10
6
2
7
19
32
31
14
26
3
10
32
13
36
23
2
36
2
40
9
34
22
55
16
21
10
4
27
10
1
26
23
8
7
7
64
17
38
58
30
37
12
74
39
11
31
27
4
0
22
3
27
44
12
6
39
12
0
52
24
24
19
28
57
24
25
25
3
6
14
2
25
3
23
10
20
13
35
11
30
38
2
16
24
48
46
5
23
21
4
7
17
37
1
26
23
44
38
6
13
39
6
0
3
11
20
3
15
17
17
14
36
7
4
9
17
10
55
3
20
23
20
11
29
3
3
7
51
41
29
14
68
24
10
5
1
38
29
25
6
2
7
5
47
14
31
46
38
13
7
25
1
5
9
28
5
15
12
10
19
25
10
12
16
6
40
1
14
20
52
3
26
26
24
15
2
0
14
23
1
11
12
1
16
13
4
27
14
1
10
4
7
3
29
9
13
26
45
11
27
33
15
18
19
8
22
11
28
8
7
4
25
25
9
4
36
4
63
2
21
25
17
7
32
54
0
12
3
23
22
19
3
20
3
66
12
48
8
24
11
13
10
16
6
18
6
31
14
43
5
9
17
19
20
3
8
25
46
7
1
19
43
18
56
0
33
20
3
6
21
34
51
29
26
40
0
4
21
59
8
14
18
7
2
1
16
4
2
2
3
17
24
1
3
50
34
19
13
12
13
5
13
20
6
9
27
2
9
26
30
9
0
36
16
31
11
5
11
1
29
17
19
8
32
30
1
26
3
12
1
22
16
12
2
5
19
6
19
13
1
35
3
21
12
11
18
10
0
1
1
24
28
48
45
23
14
20
8
35
0
7
19
4
20
8
8
1
16
43
23
1
10
4
11
3
3
14
17
36
39
18
10
10
6
11
12
1
6
37
12
46
21
10
29
30
4
30
13
2
18
5
23
14
18
35
19
17
35
19
34
16
1
1
32
26
10
11
15
12
35
12
2
18
6
17
24
6
2
4
1
5
37
11
18
21
3
33
14
7
30
4
1
5
40
12
17
7
11
14
8
14
17
15
25
9
7
11
20
26
1
21
25
10
17
31
15
7
25
7
4
9
15
15
1
8
4
14
28
17
23
10
13
14
40
4
16
2
8
16
4
3
9
1
46
5
23
17
10
10
2
22
3
12
13
31
6
7
21
32
26
16
4
15
21
5
12
15
2
0
11
14
21
7
9
4
15
1
2
11
9
8
10
10
9
15
5
2
14
5
24
8
6
3
9
13
15
10
20
7
37
13
19
12
0
25
5
13
18
4
12
12
10
15
27
12
21
8
2
13
15
4
24
22
5
1
16
7
16
8
3
34
2
14
40
13
15
20
3
1
5
8
3
1
12
1
15
9
9
6
3
1
16
1
11
2
3
19
2
5
6
5
1
5
0
3
16
0
0
2
5
1
3
25
10
6
11
16
4
1
2
7
9
8
5
2
30
5
11
3
5
19
2
4
4
18
1
12
2
0
0
4
9
2
19
12
6
5
7
3
6
20
5
10
0
5
3
12
10
2
7
12
4
15
0
3
4
4
18
1
9
5
7
15
31
16
1
5
1
8
0
4
7
5
10
15
0
6
5
7
0
6
8
1
9
4
0
13
3
5
2
3
2
20
8
2
2
1
1
8
1
6
2
2
1
10
5
0
2
3
2
5
9
6
0
6
4
4
4
4
9
4
4
1
4
1
9
0
6
1
1
0
5
1
1
0
2
9
2
3
2
2
1
