4
1
4
34
91
67
5
35
92
5
6
10
49
30
127
6
13
94
44
80
8
5
32
45
19
15
13
47
6
93
14
1
27
26
5
17
3
17
74
14
17
39
96
16
29
20
25
104
8
32
42
95
24
137
51
8
9
25
46
30
52
26
13
118
78
32
34
39
9
56
51
40
38
28
17
3
40
62
12
23
112
40
27
3
34
5
47
115
94
25
15
41
32
30
77
37
36
49
112
29
48
48
15
16
80
99
78
71
78
65
29
62
29
47
33
46
106
61
20
18
6
50
13
33
74
41
72
23
8
147
18
16
62
87
96
74
51
80
6
31
3
35
75
9
16
18
50
45
19
10
116
52
22
80
23
2
70
40
35
22
1
34
74
60
15
34
84
48
55
76
7
107
35
66
8
46
59
22
23
76
26
123
153
43
41
91
129
66
109
14
48
105
28
175
23
60
78
15
34
88
15
55
14
2
70
36
33
19
8
56
44
7
67
16
52
45
44
30
142
168
14
22
17
94
1
80
15
15
1
21
58
12
1
49
65
70
57
58
47
46
43
61
122
49
9
7
63
12
90
91
17
89
24
36
15
36
16
72
130
111
9
29
95
52
15
21
111
89
13
6
109
26
6
50
78
58
5
4
83
42
3
39
25
118
14
15
38
31
43
45
96
123
24
47
8
68
152
68
74
63
111
0
37
48
14
71
2
5
24
95
47
3
77
10
19
102
118
56
9
130
80
53
28
84
18
3
62
103
19
3
143
18
63
145
54
11
78
93
59
109
82
5
18
57
11
104
48
31
5
43
46
34
89
93
51
28
45
32
26
5
21
17
14
21
76
60
53
27
35
9
22
8
30
76
13
30
56
31
116
17
129
6
6
88
77
151
100
28
3
23
31
35
23
63
41
101
21
4
26
59
61
11
102
82
53
180
8
40
50
70
130
56
39
9
77
178
53
27
47
10
8
6
55
95
39
60
25
75
23
110
50
63
78
60
52
29
14
112
40
81
35
8
54
23
24
74
9
0
36
49
34
80
6
23
42
145
24
47
2
43
8
36
135
50
41
119
85
31
25
16
25
85
73
92
61
45
10
59
44
52
36
46
83
2
21
30
14
157
50
68
59
21
25
84
153
26
8
108
44
114
9
62
11
52
4
5
11
47
30
22
116
69
58
24
79
1
5
12
40
13
84
3
42
53
65
87
2
66
45
39
93
87
68
1
56
53
80
98
97
15
10
80
88
69
56
114
83
75
86
60
17
59
63
23
55
46
71
130
15
49
35
13
10
53
2
15
28
42
43
10
93
126
163
88
92
76
11
135
74
38
74
10
123
49
40
112
47
168
15
36
59
15
11
54
8
94
1
25
12
173
67
53
14
77
143
5
20
25
105
68
43
89
105
52
68
38
93
18
49
4
99
27
2
57
94
36
43
9
105
45
24
67
52
3
5
39
111
53
99
33
94
60
0
19
41
98
78
16
20
26
57
37
54
9
42
28
19
56
87
120
53
7
39
3
93
28
28
82
13
5
8
21
110
8
28
65
33
117
125
23
61
82
74
51
67
36
0
30
19
55
41
2
67
19
96
27
119
59
1
28
27
22
61
90
125
122
114
46
63
11
89
93
29
13
104
83
53
26
7
14
6
16
65
112
42
118
68
118
20
19
64
91
51
45
20
45
158
39
6
74
61
44
62
140
15
29
109
72
37
3
22
4
57
11
222
25
24
33
129
62
56
40
25
59
61
13
8
52
193
21
100
53
33
23
21
2
68
1
31
8
13
29
59
48
39
59
43
85
6
8
9
31
62
16
62
2
41
16
27
17
46
40
38
15
133
2
64
91
132
70
52
0
14
35
1
61
26
71
10
79
27
51
10
85
88
14
76
44
32
101
173
73
62
12
22
65
17
11
30
72
148
73
1
0
84
56
4
30
34
74
99
10
87
194
37
125
40
27
62
101
54
99
6
40
6
17
9
0
39
53
57
80
106
84
162
17
42
29
15
44
57
4
96
6
146
124
45
70
24
11
60
28
23
59
43
26
47
56
28
115
100
99
133
9
6
113
11
25
21
25
105
73
22
10
9
42
30
69
37
49
13
118
86
28
50
60
28
20
110
59
5
25
67
9
15
128
116
42
22
52
41
83
43
83
76
31
44
18
24
3
43
19
12
38
97
103
18
35
22
96
6
52
49
85
13
3
38
108
89
2
104
27
139
121
57
25
79
38
3
27
2
24
35
82
27
42
68
0
40
1
32
27
9
30
0
17
81
5
3
41
92
46
19
62
12
52
85
11
43
50
9
73
77
24
4
80
136
48
105
17
49
60
43
26
52
27
26
1
97
90
35
67
55
6
6
137
12
7
11
31
27
9
65
36
7
7
58
17
3
53
77
104
68
6
27
2
57
112
80
85
1
53
26
46
38
42
70
33
17
30
28
6
29
5
49
17
21
60
37
5
78
32
68
13
19
19
80
29
32
6
54
10
35
53
219
27
46
70
155
9
29
68
29
28
46
69
35
13
60
75
47
40
30
100
62
83
61
24
89
39
14
12
73
47
45
3
57
45
54
83
19
27
32
7
80
23
44
63
49
79
30
52
34
30
33
28
8
42
30
17
47
1
13
81
25
69
15
18
101
25
21
31
67
15
91
27
30
34
9
22
14
11
19
46
11
29
27
106
7
34
70
90
12
166
47
52
60
40
73
32
73
48
19
53
16
81
21
71
12
35
94
32
9
41
43
43
10
29
69
96
82
34
11
11
79
16
38
28
9
61
70
67
64
10
23
103
1
66
17
9
34
115
6
101
110
50
115
175
67
34
2
35
54
19
75
65
65
12
120
17
42
18
50
36
63
40
18
29
12
57
0
78
49
79
39
41
1
34
14
137
62
49
14
102
2
1
86
45
27
19
7
48
158
25
13
89
36
75
13
28
82
84
8
44
12
74
53
76
5
68
61
50
112
7
49
87
47
78
61
31
23
60
39
13
2
39
25
10
109
75
29
104
25
5
84
15
42
1
36
23
9
30
75
27
78
23
84
58
3
109
58
9
14
102
56
79
47
52
67
45
26
29
127
38
83
49
61
92
114
28
3
9
42
32
68
12
44
44
75
42
12
65
61
66
7
36
55
50
14
20
38
21
38
0
77
7
23
73
2
24
19
66
94
8
18
50
66
18
36
27
76
52
11
60
11
77
91
70
72
45
55
37
45
29
18
43
34
64
80
59
5
3
38
4
25
19
1
57
41
84
44
26
41
17
27
87
52
3
29
37
67
38
140
12
90
44
40
62
111
90
65
62
4
144
66
0
34
91
75
91
22
15
15
75
38
77
24
4
50
26
94
14
75
19
46
43
0
62
45
57
19
60
41
85
15
67
35
28
24
64
22
56
69
85
19
52
13
22
5
46
13
10
8
11
54
35
41
33
27
57
38
3
16
47
18
75
6
23
135
42
52
152
50
32
43
9
97
26
41
27
5
34
59
51
18
115
10
20
32
20
16
30
37
0
16
6
17
20
33
10
26
47
33
10
46
92
17
84
24
93
2
61
35
15
7
42
20
7
108
67
80
45
121
74
71
63
3
24
49
8
59
83
34
46
26
123
46
28
58
45
29
8
14
32
164
1
54
21
27
69
35
70
6
10
50
21
37
26
50
8
6
13
35
47
51
6
45
43
69
8
140
26
20
6
59
23
51
73
14
35
50
125
38
9
14
46
13
95
7
15
55
63
86
6
0
33
85
2
99
27
47
23
50
33
31
24
51
25
14
66
69
48
1
71
41
77
32
1
2
84
54
141
5
41
53
18
26
41
26
42
9
26
31
142
39
102
19
57
48
46
98
52
19
24
20
8
46
19
19
7
34
152
12
33
70
66
72
34
58
143
82
10
36
55
12
19
32
22
111
26
61
52
7
30
13
5
1
21
67
38
55
37
25
19
54
20
23
18
8
1
84
21
87
53
40
79
65
53
34
37
51
63
32
14
2
66
49
47
22
59
10
56
48
35
21
23
3
34
7
21
12
55
45
51
1
41
16
8
57
39
118
72
3
13
72
10
32
55
35
0
46
78
41
35
86
19
24
28
17
22
19
37
42
73
0
3
32
5
31
94
3
32
13
20
11
15
64
14
70
70
39
1
40
85
21
2
129
91
56
7
4
1
23
57
69
63
58
29
82
10
43
47
91
3
33
46
26
71
12
20
59
7
47
15
67
18
14
73
57
75
21
48
52
122
24
20
79
84
6
2
126
12
17
25
55
2
94
43
1
14
39
24
57
14
34
7
65
36
44
54
56
85
41
32
7
26
40
33
32
2
61
54
7
41
11
23
20
45
3
8
51
60
9
13
27
32
12
1
6
11
58
1
13
44
32
29
11
17
76
54
24
84
7
65
23
18
82
18
11
37
14
57
97
41
40
56
60
100
85
56
81
3
9
4
47
69
11
9
22
9
59
5
3
9
1
52
3
27
59
102
23
64
31
27
40
45
12
41
20
39
71
19
4
5
38
25
29
64
14
59
35
18
21
12
22
38
65
67
4
0
74
25
15
79
14
63
69
47
24
71
15
16
51
16
16
19
88
27
35
46
25
42
12
86
77
60
10
14
37
63
20
45
4
65
23
26
64
14
27
18
28
49
7
9
7
8
4
70
31
9
21
9
12
61
65
54
52
62
51
21
28
6
1
11
22
68
6
13
86
25
48
28
43
98
5
7
27
19
16
62
7
5
46
8
58
56
1
75
29
22
27
36
116
4
41
55
22
31
7
27
54
28
24
102
7
35
4
9
13
40
102
13
10
3
1
12
21
13
47
55
50
34
10
22
1
37
17
71
47
97
31
48
15
19
11
15
49
44
39
50
17
29
6
34
29
38
82
11
54
39
65
24
93
45
28
9
21
23
76
33
6
63
24
72
23
14
20
36
5
62
27
87
93
5
26
18
40
24
7
19
44
37
87
11
74
108
10
34
67
29
13
22
17
7
25
27
90
54
22
116
33
49
41
71
8
14
22
3
72
53
44
51
30
9
38
61
35
36
37
60
20
15
83
18
22
77
42
2
14
14
5
69
49
33
14
9
29
33
27
38
8
35
56
24
54
8
23
62
23
33
23
56
14
73
28
5
9
58
28
42
5
43
90
24
28
18
50
7
13
8
9
7
81
9
25
10
49
31
40
8
53
8
30
12
51
25
32
20
0
19
0
54
30
103
3
38
51
45
16
58
6
32
46
4
45
59
5
24
36
46
34
14
19
17
1
9
42
42
41
29
15
9
116
20
16
40
9
55
33
52
71
47
4
21
4
73
12
38
25
4
8
34
17
9
40
65
5
4
25
68
39
30
39
59
19
34
23
5
38
83
45
77
33
26
13
27
40
81
60
1
56
0
23
71
14
10
42
31
24
10
12
10
16
44
20
22
32
16
29
9
3
33
73
45
3
12
20
25
48
28
85
13
11
13
39
10
7
11
36
2
37
13
18
58
40
48
3
17
82
92
39
5
94
35
27
71
35
78
22
75
35
11
32
2
23
29
43
3
39
53
8
22
1
9
11
65
37
32
11
34
63
22
7
38
45
34
31
3
34
23
30
28
31
81
14
85
6
8
12
20
19
42
75
11
36
51
8
25
12
56
47
67
4
7
47
18
13
40
60
21
25
15
46
12
0
72
3
2
59
11
42
145
68
21
20
18
105
54
60
12
65
18
21
41
7
45
5
10
46
17
51
20
24
43
12
27
37
26
12
11
38
12
9
21
22
4
65
39
88
30
10
56
10
23
21
15
72
39
34
38
1
68
46
31
34
12
10
21
13
11
20
12
68
21
61
3
33
12
18
103
32
22
55
12
3
52
13
51
118
57
55
35
45
55
17
31
12
34
46
31
3
5
23
44
59
10
61
25
64
3
56
43
32
14
59
1
15
55
3
22
12
22
32
54
11
36
34
60
36
24
28
6
27
32
1
45
75
25
19
60
22
13
32
50
1
6
23
11
57
35
112
51
4
67
32
25
1
48
38
94
9
53
7
24
53
42
17
18
108
10
36
13
24
49
51
1
13
73
61
44
21
6
21
8
18
48
34
16
30
43
40
17
53
49
62
2
27
2
28
7
37
28
34
43
39
16
13
34
15
5
6
2
43
15
40
30
39
75
18
33
8
33
47
17
98
15
89
26
72
20
16
37
8
39
36
34
6
2
13
49
84
26
29
7
42
29
49
35
22
12
10
25
25
1
15
28
9
35
15
16
71
11
73
43
20
10
5
45
10
1
33
93
15
82
93
30
44
29
26
38
44
43
63
16
18
54
11
25
29
26
9
18
76
23
1
16
21
40
13
49
10
10
46
39
17
20
30
19
25
65
13
28
14
12
4
81
58
23
10
33
27
8
28
35
25
8
23
23
64
0
45
21
2
50
16
55
47
16
19
31
75
27
51
6
3
30
68
15
40
7
13
14
14
19
17
10
60
21
51
8
62
15
48
105
23
38
1
7
23
2
52
37
3
55
20
80
8
30
33
51
7
79
64
50
22
42
42
57
12
94
31
6
57
63
17
31
34
19
79
33
34
0
16
51
9
35
50
3
6
27
7
15
23
18
4
35
3
52
94
20
26
1
79
42
7
64
11
92
16
1
22
55
35
27
25
35
0
29
44
4
34
45
19
6
54
49
39
60
16
13
13
2
54
24
73
3
22
78
8
54
13
10
38
73
60
35
25
26
23
39
27
33
49
17
60
36
25
5
30
37
1
60
32
12
27
40
13
62
57
80
63
15
48
34
42
15
29
8
8
46
10
12
18
1
12
13
90
5
82
22
12
38
28
48
35
16
20
13
41
4
82
43
6
30
9
22
12
52
12
106
15
47
27
22
47
26
101
49
1
19
14
35
6
31
41
28
14
42
15
20
15
19
6
12
7
11
12
7
26
48
2
52
72
27
10
12
13
70
50
14
17
41
20
28
23
18
4
6
51
30
31
38
41
49
20
29
8
62
18
8
48
14
36
71
17
90
62
20
0
5
14
45
17
4
67
23
12
0
39
29
32
29
39
8
16
57
49
0
4
43
48
38
29
35
42
18
31
49
46
15
39
21
24
41
19
51
48
1
35
31
27
32
17
23
100
70
10
31
12
2
11
2
29
10
7
51
32
16
8
5
8
6
7
63
7
48
23
36
1
6
44
22
39
36
29
40
25
54
13
39
48
1
18
38
2
20
36
8
19
38
6
12
5
10
29
47
15
27
36
70
18
18
6
70
12
23
17
22
37
6
53
26
36
5
67
13
21
27
33
28
23
44
45
85
14
27
14
100
43
51
44
33
38
18
20
36
16
40
45
47
50
16
54
8
13
30
29
5
22
4
6
47
20
32
15
43
8
44
21
10
50
43
21
2
24
35
16
1
2
16
10
2
28
23
25
21
37
38
33
21
15
39
119
20
28
32
40
60
26
11
1
15
10
1
25
34
29
44
21
7
5
45
25
4
36
7
19
1
75
5
55
27
76
3
42
18
19
27
13
47
16
28
63
5
1
8
36
15
12
8
44
27
43
38
21
17
56
12
8
21
37
35
12
44
26
16
44
8
11
18
2
11
12
6
31
23
27
6
15
2
51
27
17
19
25
17
30
41
2
4
17
11
3
37
30
7
8
43
0
7
23
49
58
3
16
1
21
51
9
51
46
28
35
2
31
40
46
32
29
25
33
34
21
19
11
6
11
4
32
19
22
23
2
5
14
2
14
4
25
56
98
21
9
29
13
29
14
48
13
41
12
50
40
18
25
41
20
28
29
33
24
6
16
4
38
3
24
11
14
59
10
46
7
26
56
20
5
13
13
17
11
38
21
6
10
12
11
10
17
17
7
58
4
24
50
31
23
14
71
16
34
17
21
19
12
3
5
22
13
3
3
35
51
20
14
12
24
41
32
5
12
35
9
1
9
16
8
23
15
56
21
11
53
25
54
10
8
30
9
19
36
31
36
59
11
47
37
20
17
19
11
81
0
47
8
28
26
17
9
2
7
24
28
30
15
16
2
2
43
7
0
2
12
19
3
14
4
27
27
20
8
33
17
13
65
47
31
1
58
14
13
29
26
58
18
28
34
61
38
38
12
30
25
14
14
23
19
1
45
1
16
58
20
4
34
10
3
1
43
25
5
7
13
25
23
14
6
16
14
26
28
23
35
3
22
49
23
33
30
35
33
3
18
10
54
6
30
4
2
3
24
20
23
58
39
14
34
3
67
9
21
8
7
12
2
0
4
13
47
22
13
8
5
1
40
30
9
18
28
11
47
33
25
25
10
21
23
33
15
6
44
8
39
11
21
9
16
10
9
6
3
61
7
11
17
25
8
6
8
14
15
15
27
33
23
2
13
20
16
18
32
44
1
21
2
8
35
23
17
51
30
17
8
19
70
14
20
18
28
29
7
19
1
28
4
10
8
20
5
5
25
15
26
7
9
13
84
17
1
41
5
8
34
18
20
23
11
5
23
19
15
10
30
3
17
10
44
31
32
14
34
23
7
4
16
21
17
34
37
38
4
11
15
23
43
32
23
24
28
2
10
13
10
8
21
9
48
13
7
27
16
17
15
34
3
2
2
12
9
79
31
13
24
17
11
34
23
15
15
21
36
20
70
17
42
65
3
6
9
40
17
24
1
6
17
13
13
21
8
5
33
46
6
6
33
2
16
19
4
10
7
1
11
8
34
43
4
15
1
32
34
9
24
15
36
7
3
13
3
16
25
5
31
13
39
11
33
9
14
12
66
11
11
22
12
11
32
6
5
5
12
23
21
36
14
4
15
29
19
10
25
16
5
21
2
20
5
27
10
0
26
25
2
8
5
3
16
2
21
17
27
1
10
19
8
5
5
4
33
5
10
3
3
8
6
22
3
0
3
4
5
1
7
10
17
3
19
5
4
13
19
29
14
26
0
9
5
2
44
5
38
2
8
19
3
18
6
17
15
19
7
3
14
31
11
15
5
21
9
20
3
8
9
3
2
8
12
36
35
3
1
15
36
2
36
17
30
17
2
12
16
20
12
2
13
13
12
15
25
6
4
10
49
4
31
19
11
5
11
44
0
8
25
16
24
6
18
17
11
4
11
4
17
29
3
20
6
15
22
5
19
15
4
19
25
27
10
13
3
2
31
18
15
13
2
15
7
7
4
16
16
11
30
5
7
8
32
0
22
16
8
18
13
14
1
5
21
9
10
9
9
4
9
9
22
11
24
5
9
7
25
3
1
5
15
12
13
7
5
1
13
2
3
5
24
12
15
6
6
13
6
0
6
4
2
31
1
22
7
7
6
11
18
3
1
25
1
22
11
9
1
6
8
13
0
5
17
6
5
12
9
0
6
12
14
4
7
3
4
7
2
4
9
18
6
10
16
9
5
2
1
1
14
5
7
9
12
17
24
5
7
16
7
17
7
6
7
9
8
6
1
2
7
10
4
3
17
21
10
13
10
2
9
11
3
9
3
3
2
4
12
5
5
12
6
3
17
10
18
11
10
6
12
0
9
6
5
1
1
3
6
3
13
7
12
2
2
2
1
7
3
3
11
2
3
9
13
5
7
7
3
2
9
1
10
4
8
5
1
1
10
4
3
5
12
5
8
5
3
6
1
4
4
6
0
2
10
6
0
2
1
1
4
6
4
0
2
0
0
0
