32
28
5
22
15
43
39
53
4
41
16
7
10
26
0
31
56
17
12
30
20
19
70
4
43
56
151
19
24
12
24
12
10
87
96
49
68
26
25
17
33
26
14
38
23
25
18
15
153
127
6
34
36
114
56
20
23
52
135
50
75
33
23
19
40
10
31
4
61
6
113
34
15
27
43
2
47
11
25
59
27
78
24
53
4
7
92
36
30
68
16
12
45
55
7
190
73
1
58
13
15
91
24
8
9
104
4
62
9
46
53
11
69
45
0
68
40
99
46
32
14
18
108
8
31
118
43
35
84
93
44
40
89
85
14
10
15
29
89
21
69
52
2
11
85
4
39
57
40
95
38
1
6
9
46
94
28
126
41
125
64
16
20
30
99
26
72
41
22
19
23
44
56
30
46
14
71
17
5
19
72
15
23
34
64
21
80
118
113
99
11
79
3
4
99
57
27
92
47
41
24
15
78
86
31
99
121
49
38
98
74
92
93
48
22
10
53
76
7
100
45
22
38
52
136
33
15
19
33
14
10
31
18
65
62
39
34
24
52
20
119
10
35
63
55
11
130
51
46
8
27
41
26
92
36
36
7
30
32
48
61
22
20
76
31
73
10
13
113
2
26
1
25
84
10
42
58
48
125
85
80
110
69
33
83
16
79
155
96
48
71
20
18
15
155
14
93
36
44
77
59
13
48
10
104
53
64
75
121
22
59
29
17
102
18
60
73
38
0
22
21
98
162
20
6
52
51
8
40
22
2
18
95
17
37
86
64
82
12
157
29
131
10
31
76
91
29
56
91
25
215
22
43
108
48
35
38
3
11
73
47
50
6
41
48
21
80
55
82
10
59
9
73
7
19
12
16
20
1
103
28
29
42
7
63
60
2
7
18
12
53
22
77
159
96
57
36
51
22
29
135
36
49
60
125
24
64
107
3
11
4
12
52
18
37
8
31
10
26
39
72
56
169
37
101
64
42
23
0
43
12
59
61
85
56
53
46
93
17
17
26
23
77
31
31
62
110
65
62
52
17
75
18
20
152
12
7
23
28
43
57
52
5
46
78
27
31
40
69
103
22
93
10
38
54
34
11
47
22
92
11
25
4
69
32
26
5
54
3
87
37
37
96
41
44
24
64
109
4
30
13
19
3
117
47
13
33
1
54
21
27
90
28
50
158
107
63
49
68
44
33
35
91
34
108
71
10
58
84
15
24
91
3
48
68
89
61
58
5
59
37
37
0
46
67
1
41
106
51
83
25
42
54
40
74
14
27
25
69
64
53
7
137
7
32
84
44
133
10
7
107
109
49
30
31
4
150
62
6
65
44
7
27
58
70
85
41
47
45
113
27
24
148
1
33
128
38
49
17
102
124
74
94
17
58
45
85
17
28
31
32
32
102
69
82
91
59
13
71
74
166
34
5
16
65
52
18
47
27
34
100
67
47
14
11
139
5
10
23
5
27
3
51
79
115
78
30
16
23
58
21
33
34
98
28
166
64
84
7
23
27
13
11
3
11
88
56
51
119
2
2
121
20
66
53
144
72
61
36
29
54
5
8
5
8
98
9
25
1
47
35
22
87
34
63
81
59
40
63
43
56
23
15
37
85
6
45
43
62
39
29
46
34
30
165
48
57
53
65
36
6
24
7
80
19
120
59
127
7
60
36
11
13
33
23
23
17
28
53
94
8
31
154
64
80
3
71
33
53
45
61
18
13
53
51
36
10
43
26
5
13
30
26
42
30
85
63
67
125
43
62
5
26
101
69
1
4
85
49
74
89
123
67
47
22
6
34
115
89
26
57
24
48
44
50
24
32
118
40
41
69
100
21
87
5
12
31
17
16
38
50
12
35
107
51
48
88
79
22
47
118
48
113
13
37
75
2
85
79
43
12
63
7
2
28
7
28
48
63
57
68
13
81
29
70
12
14
37
1
47
34
38
1
30
1
77
99
41
33
16
1
7
10
96
55
128
90
16
24
34
111
58
5
15
18
5
37
82
2
26
94
39
117
28
58
88
64
45
189
36
38
43
23
41
1
34
25
39
94
3
10
50
24
41
31
85
34
64
19
15
42
43
66
3
22
110
19
0
47
101
69
18
21
4
43
89
36
49
33
104
8
82
135
69
107
26
95
42
99
61
52
80
54
35
20
22
28
19
1
62
59
16
119
38
3
3
24
41
5
73
39
29
62
20
25
28
78
7
26
59
134
50
40
1
21
108
6
47
19
29
98
105
36
2
38
56
37
27
40
95
35
60
26
9
12
40
2
7
99
24
0
8
16
99
40
64
100
62
9
22
36
9
31
18
45
8
65
52
43
4
106
31
3
92
31
19
23
13
37
1
92
29
89
46
51
87
21
69
61
36
39
51
6
59
73
35
63
15
60
20
40
118
22
47
49
48
11
82
2
7
70
25
8
29
2
66
27
20
66
44
20
83
14
47
21
97
18
72
57
16
4
84
47
56
135
57
28
20
70
11
20
2
13
43
19
98
85
21
19
20
81
0
8
64
36
45
10
16
101
38
27
69
162
8
3
17
98
22
2
19
107
70
23
76
44
61
53
20
23
31
58
6
55
21
41
75
42
96
23
67
42
50
31
43
89
57
26
50
89
111
134
18
25
44
20
75
16
47
8
73
38
40
5
0
54
37
11
68
58
15
18
78
78
7
31
103
98
32
29
55
98
5
37
42
5
37
10
89
33
45
58
59
1
126
5
74
9
91
61
11
29
37
18
47
76
13
58
65
40
65
111
2
59
28
20
26
93
35
105
49
62
75
81
32
179
54
72
43
28
89
68
57
57
50
6
55
12
21
38
3
42
2
47
70
33
0
123
88
84
65
143
27
87
115
8
86
28
36
5
28
57
39
50
42
74
5
8
31
73
43
47
120
27
7
12
9
1
33
75
0
43
22
35
31
10
21
99
102
37
26
5
11
77
29
32
30
1
4
21
31
15
47
63
47
43
28
77
59
12
58
53
12
46
39
6
44
41
30
78
30
25
113
14
11
47
17
43
52
107
62
57
100
9
47
30
118
0
76
23
28
2
17
17
7
15
10
8
23
97
7
14
107
146
89
92
29
21
39
30
6
29
77
28
10
35
55
4
11
40
73
79
41
80
42
107
94
49
70
80
108
31
28
23
39
31
48
69
77
96
44
9
32
6
45
48
29
109
37
54
23
37
58
39
26
0
19
90
52
32
77
50
24
17
7
74
3
27
10
34
44
17
9
26
11
73
69
10
5
31
73
62
24
16
33
15
61
54
56
28
18
14
38
50
39
9
13
36
49
89
29
33
39
35
34
54
12
84
28
95
44
6
5
60
34
11
51
43
62
20
71
16
57
64
43
80
50
25
26
15
32
36
42
57
71
147
9
58
66
96
12
17
23
23
21
29
24
65
93
47
27
21
12
3
33
24
104
15
7
27
48
69
50
18
61
25
40
49
13
44
46
47
21
4
11
62
62
20
36
68
9
1
70
68
6
84
35
40
42
5
34
159
57
22
29
45
42
10
4
83
2
28
12
1
38
22
55
45
86
46
5
24
17
4
13
19
48
56
92
8
67
7
28
105
18
28
31
77
2
29
36
12
40
58
35
22
83
51
108
53
18
38
40
147
113
67
19
5
88
127
18
10
116
8
24
34
18
63
35
49
75
71
24
39
16
61
34
31
8
0
27
38
55
51
50
20
31
8
121
62
58
10
5
89
38
39
10
18
8
69
53
11
11
37
0
38
15
38
75
12
48
34
19
13
27
66
83
8
77
28
40
54
98
4
35
21
43
35
74
121
66
6
58
26
35
38
145
66
1
15
68
77
9
66
65
63
19
59
6
33
58
73
15
35
53
10
22
32
12
2
17
38
1
4
9
71
45
72
74
61
85
3
8
30
5
40
103
75
7
68
104
37
30
34
40
6
39
87
2
49
3
37
5
66
1
55
3
56
32
33
8
22
35
19
131
59
5
8
51
48
63
83
119
35
25
51
19
15
24
56
92
16
73
35
2
66
73
33
79
19
58
62
16
21
60
16
51
25
38
41
27
14
60
29
7
21
96
97
63
28
46
34
7
20
100
59
33
73
11
3
11
13
24
47
26
2
75
10
32
9
30
64
34
44
22
9
92
12
14
118
42
93
25
15
12
12
39
43
74
55
35
110
46
112
39
63
53
29
13
38
6
28
28
72
36
27
3
6
26
21
62
40
7
43
40
139
22
9
77
45
14
61
55
33
29
24
11
99
38
20
41
32
14
6
17
27
74
54
38
18
16
38
22
72
45
76
31
86
2
31
5
3
53
6
49
108
22
16
46
20
80
53
12
93
20
42
62
15
33
30
15
41
94
73
63
43
11
34
33
47
13
5
45
52
8
133
21
28
85
30
13
22
4
105
48
11
68
14
0
22
42
28
36
42
13
20
7
102
9
16
50
50
81
97
78
39
16
47
41
17
4
37
42
13
54
48
31
55
11
7
18
31
11
13
107
60
19
29
29
105
5
34
12
55
54
0
46
0
20
18
23
18
19
132
50
14
47
49
77
15
50
21
18
25
8
30
19
33
49
74
45
10
44
46
23
64
52
83
25
120
66
58
54
64
14
35
126
67
11
10
32
47
64
27
18
1
27
21
147
9
113
42
6
12
12
104
57
7
50
8
27
47
41
27
76
26
16
57
39
40
7
133
5
11
4
37
26
62
30
39
46
28
48
22
10
14
10
1
72
4
53
64
50
35
29
16
94
5
62
12
22
21
19
5
48
22
31
55
47
8
53
57
5
50
52
81
9
42
4
103
10
74
19
5
74
20
26
26
47
21
14
10
37
25
107
75
17
5
2
24
58
15
0
36
64
42
33
76
9
62
13
3
8
14
31
8
25
61
19
2
22
50
107
23
29
36
11
2
3
25
2
45
27
85
31
3
10
48
118
45
6
12
2
19
33
10
10
22
78
30
70
15
3
39
63
46
74
59
47
22
10
8
80
41
3
35
28
41
5
28
27
52
66
37
40
15
68
18
42
17
35
12
41
90
61
11
17
3
0
37
26
22
30
16
2
38
6
62
65
28
21
2
105
26
29
28
68
17
43
22
66
19
6
6
29
29
4
46
28
42
71
73
9
35
52
6
14
23
32
9
13
16
88
11
68
34
56
25
19
17
71
31
42
12
42
47
70
33
44
109
20
68
41
16
18
38
65
23
81
63
19
21
25
112
20
24
39
94
66
6
17
90
83
80
35
29
28
73
50
4
39
51
14
29
49
4
58
55
41
8
22
39
67
78
37
30
74
41
28
25
6
6
31
10
39
18
33
45
20
58
61
51
13
20
41
49
49
8
24
6
55
74
58
38
55
27
11
17
23
28
16
10
20
55
36
33
13
36
2
9
23
15
39
16
36
68
46
10
62
9
44
49
25
77
31
21
13
38
36
37
18
31
58
61
63
26
31
4
12
36
10
6
82
40
71
29
25
59
37
55
3
71
6
23
74
115
53
38
39
24
24
70
38
17
44
38
32
56
43
49
51
49
20
37
59
25
46
14
0
10
38
45
64
46
11
41
30
30
71
10
1
76
18
26
35
6
28
20
12
27
37
2
9
36
36
1
10
48
20
16
8
32
63
8
29
2
4
25
44
38
78
7
49
25
49
70
37
31
74
16
39
36
55
3
12
66
12
98
0
57
0
89
9
22
7
53
9
28
115
89
36
24
1
4
24
33
70
10
104
25
18
61
55
6
29
15
33
41
81
15
37
30
28
32
15
64
8
13
41
5
30
2
70
21
52
5
20
63
77
43
30
105
4
2
18
28
32
40
15
2
28
86
36
54
25
53
8
41
31
3
76
4
0
8
22
80
33
30
9
34
98
57
40
59
66
36
44
44
55
48
38
34
88
7
73
39
80
76
4
21
6
16
25
42
11
1
17
44
6
25
25
35
45
20
60
68
71
17
0
14
16
66
33
24
38
11
55
47
114
12
2
28
10
22
54
44
15
13
33
13
41
25
6
23
32
9
103
8
3
91
0
25
59
21
1
18
11
70
25
72
30
0
56
33
1
32
28
48
55
0
96
68
28
33
43
20
75
12
29
63
5
28
39
37
23
45
18
3
3
2
13
22
32
14
67
31
55
55
7
25
37
75
54
4
34
77
86
34
2
24
15
43
48
25
56
29
12
38
1
16
91
62
21
52
52
15
12
29
32
49
38
71
21
35
14
9
21
8
28
44
2
14
39
61
41
12
44
4
17
51
34
22
30
6
23
43
15
53
5
36
38
35
26
28
70
6
66
74
18
12
10
73
38
38
15
64
44
8
11
29
10
73
74
10
22
53
7
42
95
10
51
36
2
21
34
14
18
14
1
53
37
29
41
10
35
59
9
33
119
31
23
23
63
94
9
10
34
29
30
21
50
5
34
5
21
61
19
8
39
25
10
47
45
24
30
16
29
79
37
69
54
33
32
34
6
19
31
41
6
25
1
10
7
2
47
8
39
4
13
13
49
30
2
24
52
34
2
35
6
44
36
31
35
18
38
53
14
1
13
39
6
33
2
2
24
49
28
13
36
15
13
36
71
4
59
3
19
21
19
12
14
37
53
14
16
42
30
22
25
10
16
29
7
19
34
10
44
28
20
30
54
23
41
59
52
52
17
32
14
33
10
17
39
17
13
92
26
29
19
40
1
78
11
21
39
32
50
27
59
59
22
35
11
9
0
22
26
88
33
46
10
0
2
18
49
20
2
23
23
33
14
29
33
14
9
20
22
43
11
31
68
12
11
48
9
65
2
50
0
14
52
66
22
47
23
1
16
24
46
16
60
15
22
36
26
27
5
21
10
25
52
16
89
99
80
28
7
65
15
28
3
24
50
30
62
74
1
47
31
68
24
53
31
41
22
39
51
2
34
8
3
35
21
46
11
23
89
28
5
22
10
14
13
64
23
5
15
11
59
43
31
1
4
18
38
9
26
21
4
87
7
42
18
25
45
63
24
34
6
44
2
12
2
39
10
34
55
23
27
2
20
16
33
14
24
22
38
5
9
63
31
63
36
37
37
56
23
69
26
4
4
20
16
43
13
39
8
17
23
46
59
32
19
35
17
30
16
6
17
7
21
49
16
4
10
51
32
48
46
23
26
12
38
4
17
30
20
0
16
8
35
11
43
10
51
27
71
13
0
60
0
27
7
34
18
1
3
27
15
25
32
4
28
28
41
63
2
0
17
3
50
71
22
18
6
65
25
35
35
40
17
27
29
54
30
6
3
38
17
4
46
11
9
5
2
5
59
32
58
22
28
3
38
76
40
12
20
20
46
3
49
39
49
7
8
11
54
18
2
14
31
27
5
18
11
2
23
25
10
14
48
5
22
8
2
10
55
21
5
3
1
53
20
34
8
14
10
78
30
30
26
30
19
19
26
54
5
50
11
41
7
6
40
7
20
35
45
26
21
30
16
37
35
2
6
27
3
53
19
24
20
23
33
17
15
28
1
6
25
10
5
45
34
3
48
12
4
6
19
1
36
13
11
31
31
53
26
42
12
31
36
16
11
24
31
44
39
16
5
22
24
21
46
21
42
6
47
11
40
20
2
25
18
52
24
27
17
15
27
24
20
23
6
3
24
24
9
22
49
14
31
46
28
2
13
33
82
22
40
12
29
53
38
13
10
36
39
23
14
53
2
15
33
32
4
46
10
93
66
18
55
18
38
15
17
1
17
10
2
41
20
34
25
18
14
3
53
9
9
12
39
5
13
26
50
0
13
5
21
14
73
14
1
4
20
33
53
11
3
26
16
7
10
37
17
38
12
50
2
13
7
48
22
33
0
21
45
26
16
12
17
94
23
11
13
21
3
14
20
2
0
29
12
11
13
9
12
39
43
10
24
29
41
12
2
11
13
30
7
22
26
25
13
19
43
20
10
7
33
31
29
45
28
11
5
59
24
22
14
36
15
17
24
20
20
40
41
17
61
5
12
2
4
44
20
11
35
49
17
31
5
59
3
33
32
28
28
36
4
11
13
7
26
29
41
22
31
4
36
26
1
6
32
52
14
16
32
14
25
6
3
9
29
4
8
18
5
5
22
33
1
33
32
3
29
62
20
8
20
0
31
13
44
42
30
4
4
62
18
11
64
34
6
38
41
3
11
9
1
18
8
33
27
17
40
19
46
2
5
12
29
31
23
43
2
21
0
18
18
5
12
13
5
6
6
51
35
5
30
28
31
22
13
38
19
15
6
31
51
2
5
6
32
0
63
3
76
19
55
2
17
28
13
21
38
17
2
12
36
30
10
10
33
17
8
13
13
38
27
9
3
8
10
6
17
67
6
46
3
50
18
41
30
5
41
17
2
12
21
34
46
15
33
33
4
4
3
40
34
1
14
0
15
18
2
25
20
3
31
67
7
23
45
26
6
0
33
33
7
32
54
19
10
10
7
15
29
6
32
23
12
7
3
16
14
40
20
18
5
6
18
2
18
35
0
13
13
24
28
53
3
23
26
17
41
46
26
52
31
3
12
31
8
24
13
14
11
5
1
0
5
3
19
1
28
9
10
8
31
18
19
1
41
19
0
28
3
36
41
11
50
26
2
32
3
58
6
34
15
19
32
4
2
35
8
48
18
4
15
11
30
38
31
6
1
39
12
20
15
40
22
20
14
13
12
25
12
19
34
10
1
38
2
13
46
4
25
2
35
5
31
6
15
27
18
10
25
41
8
7
39
29
24
64
36
48
22
55
21
46
10
6
3
18
19
12
7
1
33
20
18
11
13
30
6
12
1
22
5
31
12
17
18
4
24
26
52
18
0
6
30
2
8
2
37
23
4
25
17
48
14
33
46
29
8
1
6
49
4
12
3
17
15
17
17
16
7
2
8
6
4
19
8
13
5
3
42
24
4
5
26
36
1
6
9
2
5
17
2
28
13
20
4
16
4
5
23
19
25
0
14
4
13
11
31
1
35
9
35
28
16
19
10
8
12
13
12
22
33
23
1
28
24
10
38
18
18
2
1
1
18
19
2
2
5
3
4
2
13
3
31
14
16
23
34
12
7
0
2
3
10
27
18
23
10
1
8
8
9
0
12
4
4
32
11
2
7
6
18
6
16
10
26
31
14
15
7
9
33
1
6
16
3
1
13
8
28
4
1
28
9
21
3
8
1
37
10
1
11
5
18
1
1
12
12
17
9
13
7
31
11
13
2
6
6
8
12
5
5
27
0
19
4
11
3
20
8
24
17
6
5
0
5
7
5
7
4
25
0
6
18
29
7
13
1
4
2
1
8
2
5
14
11
8
10
26
20
7
4
8
3
13
1
3
28
3
14
8
20
3
18
22
3
20
10
12
10
0
17
7
25
17
5
8
1
6
10
12
6
16
19
13
8
4
6
16
6
3
13
8
12
3
11
14
2
4
10
1
2
6
29
21
3
2
6
7
23
31
12
4
4
6
12
6
1
9
8
1
3
7
14
7
17
14
8
21
15
8
7
1
7
21
5
8
10
3
2
4
15
6
5
1
11
7
17
12
12
1
9
2
0
8
6
6
0
10
5
1
1
17
11
1
6
0
9
3
11
12
13
5
1
5
5
3
2
1
1
3
7
7
2
1
10
0
13
8
1
8
1
2
1
2
4
9
4
1
6
1
2
7
1
2
2
5
4
6
1
2
1
2
0
5
0
0
8
3
2
2
2
4
3
