52
2
26
54
13
4
18
62
10
73
34
16
102
8
6
27
5
4
27
15
14
8
9
57
2
166
51
7
40
22
103
81
31
76
33
23
20
1
26
42
34
2
12
43
1
8
16
18
11
50
35
42
31
5
66
6
10
24
8
29
34
36
64
60
48
44
18
45
19
17
70
7
36
14
71
41
65
26
40
82
45
113
41
10
20
53
63
15
42
87
53
61
89
45
92
63
77
27
0
22
53
5
23
24
9
43
92
4
20
7
4
4
43
2
7
47
27
107
147
43
7
30
47
9
36
167
86
46
105
21
68
60
39
44
42
52
23
30
105
3
61
36
42
43
51
55
18
57
84
27
40
99
18
52
128
118
37
93
12
5
110
31
42
19
67
2
70
16
67
50
20
7
43
51
44
18
2
60
12
50
17
109
24
44
150
108
67
45
25
17
22
11
4
131
25
4
43
41
12
52
25
70
147
100
31
68
49
130
26
40
128
103
57
1
13
35
92
157
27
40
50
131
2
63
13
40
48
90
66
1
29
164
24
44
18
84
8
31
53
14
132
34
14
37
3
110
97
162
41
24
24
7
55
57
10
34
14
19
2
164
14
39
37
113
92
34
39
63
3
134
47
55
31
22
12
85
56
1
44
25
41
50
36
4
62
4
72
35
108
54
39
139
123
82
18
59
24
14
3
54
97
4
101
7
84
62
49
67
25
40
32
81
1
3
51
75
25
40
90
36
69
103
7
158
57
116
64
124
8
88
44
76
90
46
31
45
17
64
76
139
111
14
28
15
35
24
0
74
131
7
63
66
26
76
106
64
54
42
25
61
13
12
36
57
103
2
21
63
111
16
104
103
28
25
13
82
59
49
53
2
46
10
94
75
44
53
28
29
52
31
9
53
33
12
89
26
8
87
48
13
60
50
62
3
69
34
42
10
40
20
87
27
76
48
52
71
7
26
43
21
145
42
54
2
57
16
7
139
89
17
19
69
153
62
24
27
63
153
92
12
70
9
6
90
33
27
101
7
57
9
14
106
37
95
59
95
0
95
67
25
34
100
45
38
2
63
36
14
33
68
42
14
35
65
28
109
141
55
91
48
23
79
23
49
83
92
27
103
45
57
19
48
50
41
23
106
38
31
119
17
49
32
18
38
11
65
61
113
2
59
13
92
107
42
79
28
40
45
48
3
138
50
75
56
74
39
51
51
62
41
66
47
10
9
7
24
94
25
20
66
94
22
41
95
13
69
49
14
68
98
5
21
8
122
30
65
7
69
83
23
31
12
38
130
87
37
14
72
70
15
17
44
79
67
51
67
33
18
8
29
60
49
39
19
53
130
7
29
77
13
9
63
109
25
90
78
17
70
130
64
77
94
41
117
60
91
102
67
87
58
17
1
23
78
37
33
20
55
1
11
16
16
10
97
74
31
135
6
88
7
75
135
48
12
21
27
45
20
38
52
43
21
164
72
84
54
81
73
19
16
67
159
45
7
10
9
28
50
29
6
68
38
38
81
6
7
60
34
0
59
15
17
84
31
16
54
66
61
66
85
62
22
32
31
23
19
16
76
101
102
21
8
4
22
5
44
66
80
42
24
131
45
23
115
29
32
5
31
133
15
54
75
63
16
22
116
125
8
83
46
36
90
49
34
82
28
10
68
15
52
18
67
55
72
14
8
52
67
50
22
28
9
7
32
52
4
4
12
27
63
44
12
21
28
96
52
74
12
0
7
37
83
5
61
57
38
66
22
14
98
79
25
31
46
153
26
87
43
72
97
78
51
28
57
74
67
12
32
3
34
96
84
74
30
65
138
89
145
17
80
28
54
24
4
23
38
80
62
48
43
10
13
39
23
92
55
31
101
59
39
5
7
13
85
49
16
19
17
66
26
14
48
21
159
160
5
6
20
36
0
64
15
50
79
111
15
0
36
54
29
102
58
82
70
26
26
42
10
1
37
88
48
29
32
29
76
155
88
93
66
33
37
60
12
33
122
22
28
96
77
15
25
4
132
18
21
17
36
89
34
54
62
20
61
56
9
44
41
30
10
17
72
118
66
14
40
90
34
22
38
32
90
19
2
24
48
49
16
46
4
9
29
78
90
37
25
30
61
71
19
53
25
68
51
1
87
48
47
41
128
48
18
8
24
29
29
47
3
96
3
24
27
10
8
50
93
85
30
31
20
17
37
66
9
4
29
41
49
160
97
10
22
5
66
74
61
95
93
50
69
60
42
33
51
71
4
15
44
46
34
69
6
49
56
11
37
47
31
7
47
37
19
85
51
25
40
6
9
51
58
4
3
27
42
8
55
139
59
4
24
16
65
43
16
11
43
31
26
29
20
54
0
2
30
59
48
25
76
14
13
6
19
7
30
54
55
61
17
3
77
8
41
9
53
41
146
9
88
51
32
17
31
59
39
39
93
39
77
20
93
3
3
46
23
18
57
0
20
33
11
68
43
13
43
105
29
5
16
118
53
50
26
73
126
9
25
83
17
43
11
32
27
14
2
14
26
120
45
30
20
40
58
31
73
112
24
60
58
16
77
71
9
31
19
49
67
28
36
34
11
62
53
39
11
101
39
70
36
126
57
68
18
65
30
62
106
39
22
85
132
43
5
58
21
3
20
58
53
64
35
45
1
5
64
30
21
11
100
9
72
51
44
113
53
9
42
54
38
29
71
3
51
53
5
72
4
53
6
17
81
52
35
37
64
44
43
142
37
14
52
34
23
34
28
56
38
85
8
58
44
59
6
28
14
32
50
19
6
10
26
59
54
28
21
93
37
80
18
92
13
41
73
19
0
109
99
32
18
37
18
70
11
30
106
23
81
52
42
46
45
78
27
44
26
49
55
50
82
34
57
70
21
59
31
28
40
29
8
81
12
45
76
1
14
27
51
20
6
92
6
45
51
5
72
28
12
84
65
5
3
16
23
74
113
17
37
29
17
44
101
50
6
6
40
13
56
82
118
52
14
36
116
112
115
28
30
100
1
69
9
86
5
38
54
36
68
4
25
28
39
23
70
73
113
10
8
3
59
10
8
52
65
13
42
118
36
16
44
166
105
16
33
62
100
33
17
32
10
43
44
112
62
59
88
29
46
12
19
32
61
17
58
15
64
10
4
0
64
25
99
41
17
7
16
11
25
46
20
47
2
32
73
36
4
65
40
121
5
68
15
41
8
16
44
25
22
38
66
71
90
9
53
38
64
65
118
51
48
10
33
30
21
81
11
73
55
74
1
24
20
7
53
66
57
9
50
32
8
55
23
65
1
79
63
57
58
51
48
9
2
5
36
32
104
6
21
39
79
97
6
2
119
33
40
28
21
30
36
118
18
15
11
16
6
20
81
13
11
63
160
8
52
19
22
29
36
43
31
6
71
57
6
35
29
3
45
64
21
45
24
62
41
5
42
7
34
124
50
29
14
97
71
66
63
33
13
19
3
63
31
6
7
13
40
55
31
48
26
50
104
74
71
7
27
93
66
66
75
55
26
6
67
58
24
6
37
12
55
81
107
38
24
17
31
89
81
97
84
52
40
38
11
58
22
34
49
2
35
35
51
3
19
49
33
50
11
50
33
63
59
14
33
48
11
37
31
12
58
57
55
45
49
30
45
70
124
67
46
51
4
12
4
46
54
33
56
6
31
11
39
61
34
114
64
8
9
7
56
5
62
29
21
64
11
31
84
47
10
10
46
21
65
22
22
28
72
53
21
31
34
87
4
55
36
15
11
24
40
121
18
41
23
28
61
15
3
90
49
106
91
66
65
103
34
154
11
66
31
22
25
15
22
127
58
42
23
2
8
71
112
75
126
0
17
31
38
34
26
81
27
22
26
34
9
2
19
45
68
41
35
111
20
128
3
79
6
16
23
20
59
36
47
63
100
15
55
54
4
60
1
28
14
46
73
53
64
43
41
80
28
5
36
46
31
68
18
64
53
13
20
36
4
53
68
8
35
30
20
37
82
14
9
19
65
87
68
48
34
18
14
99
2
12
1
59
41
24
55
37
47
49
32
29
32
96
24
6
18
8
57
67
36
54
0
46
7
20
52
38
5
24
83
23
2
100
22
53
19
10
23
43
83
16
10
23
95
8
41
63
57
44
23
58
16
78
15
44
8
47
10
64
34
67
95
20
46
25
74
88
13
22
4
36
18
31
132
51
49
99
33
5
100
6
10
93
19
102
36
54
9
22
13
52
43
33
23
27
33
0
4
75
31
29
32
18
58
56
55
40
76
7
10
19
110
70
114
14
3
35
21
136
45
22
4
24
3
13
140
31
67
53
15
49
53
23
39
21
9
35
32
7
23
67
22
62
14
87
26
23
72
5
59
15
71
64
26
80
48
7
50
69
60
20
103
10
51
3
46
0
23
9
46
23
24
4
34
84
40
40
3
48
68
8
8
68
16
105
21
43
75
38
2
28
9
22
9
74
54
37
69
12
43
53
8
23
43
59
34
38
11
42
4
62
8
59
34
26
22
19
26
45
73
29
10
32
0
41
7
10
9
37
92
52
17
49
53
14
35
35
79
39
62
15
20
4
26
69
53
34
50
40
15
26
5
85
88
69
26
128
97
31
8
0
10
14
9
34
8
45
15
7
11
72
24
14
57
18
9
56
36
39
27
66
63
47
16
40
48
24
39
71
36
50
46
39
65
3
16
3
18
68
23
22
20
22
54
12
1
1
7
1
104
7
30
53
78
8
21
35
60
62
28
8
14
64
15
6
34
1
46
32
36
36
41
31
22
15
72
24
63
55
66
30
33
27
5
17
58
82
47
7
55
141
24
10
51
69
12
8
85
28
126
25
34
51
59
16
37
55
57
0
16
28
22
6
33
40
1
67
20
22
29
3
61
5
11
39
45
59
27
0
11
39
2
34
75
6
12
70
114
28
20
8
62
67
28
28
53
3
11
12
28
71
64
102
46
24
58
31
46
42
1
97
72
66
63
107
77
15
26
3
26
40
127
4
56
55
20
12
26
45
23
34
38
2
3
5
5
59
9
38
87
45
59
40
19
91
19
67
24
79
8
36
147
107
46
5
66
20
76
86
59
58
12
38
21
36
20
27
16
133
56
45
40
45
29
26
18
26
5
106
52
32
14
17
53
29
31
42
35
51
54
51
35
12
57
77
41
122
23
22
8
19
34
38
19
71
28
45
41
69
29
7
54
93
67
26
8
8
1
61
38
6
28
17
10
7
17
15
60
38
83
1
62
34
126
24
10
75
16
51
15
25
55
4
37
65
17
81
63
39
81
59
18
14
57
11
3
109
114
2
22
101
14
30
66
51
35
73
6
2
14
4
42
4
69
32
52
42
1
14
69
36
111
40
12
93
91
21
43
99
11
39
52
29
21
3
13
15
8
17
38
33
6
69
20
10
47
2
29
14
29
15
31
51
51
14
14
38
2
14
32
32
24
19
25
44
61
6
42
2
31
10
18
2
77
23
0
40
13
66
1
50
28
46
82
14
90
33
13
27
13
80
70
2
37
10
27
47
45
61
47
7
36
76
10
11
47
28
26
13
22
48
13
26
63
42
3
69
44
79
51
18
20
51
66
37
29
16
39
31
46
20
40
4
26
36
39
8
56
13
1
98
21
71
22
54
40
8
24
78
41
42
16
26
14
82
41
50
45
40
7
47
16
44
42
55
53
19
38
13
1
3
22
51
4
11
4
18
45
79
19
20
1
34
27
15
10
17
3
19
26
65
31
49
19
39
82
57
45
31
34
11
37
14
83
43
6
49
45
21
20
20
33
20
15
18
29
33
35
10
70
47
24
69
41
97
6
63
30
1
57
6
45
54
47
6
26
23
17
24
50
43
24
4
8
2
28
10
46
9
44
50
27
29
60
33
13
14
40
33
15
84
70
45
3
16
1
68
95
5
42
18
37
4
69
3
29
34
16
39
10
16
59
4
32
17
0
63
44
16
10
63
29
84
38
57
3
3
38
87
50
22
5
9
2
22
43
52
21
10
7
19
24
3
30
63
17
4
50
9
25
62
34
38
107
57
47
43
2
4
15
27
41
1
6
40
38
20
16
47
22
33
22
12
13
36
50
5
17
50
26
4
20
77
25
82
56
14
107
25
14
15
38
35
37
63
62
2
37
3
45
23
45
30
53
15
4
24
11
41
14
3
80
32
109
48
47
53
90
36
24
3
3
15
11
28
20
8
34
16
58
75
19
18
11
47
61
6
17
33
0
9
25
9
6
7
26
28
66
1
23
38
30
64
20
44
3
14
45
4
19
37
25
15
10
9
23
45
42
66
34
19
19
82
66
5
15
28
9
47
6
24
6
50
7
47
60
11
20
7
15
26
47
54
1
29
17
4
22
5
63
39
29
24
44
72
23
23
14
46
1
32
5
4
3
13
2
30
119
34
7
15
2
22
41
103
53
46
66
10
18
53
64
49
4
12
37
3
37
24
40
20
11
79
18
7
49
44
11
15
23
30
4
28
38
1
14
26
48
70
66
12
25
50
2
23
52
31
48
12
30
14
31
36
16
4
48
12
20
28
21
19
13
62
30
25
59
20
11
19
3
26
15
4
24
6
15
29
54
23
50
5
23
24
38
12
34
20
70
1
61
70
11
35
6
40
66
25
36
4
25
46
74
17
2
13
2
49
26
7
28
0
52
66
0
31
15
2
15
34
11
34
53
57
67
7
26
38
18
52
38
3
42
18
21
33
52
83
31
23
3
18
4
34
20
0
32
36
1
5
18
12
42
31
46
51
57
7
43
37
34
37
45
27
7
6
54
42
8
22
29
27
8
31
33
49
6
44
7
32
40
47
40
7
23
20
57
60
12
5
47
94
24
60
46
91
68
31
24
13
50
18
29
76
6
25
41
5
5
3
13
58
22
0
17
43
34
31
1
56
28
20
83
9
15
27
35
17
56
33
35
32
17
32
47
68
20
44
20
6
23
120
53
35
12
48
1
27
29
52
31
39
7
82
11
29
2
46
38
23
18
24
4
6
5
7
21
3
13
42
12
46
32
16
17
50
32
9
4
44
8
42
46
41
65
34
33
16
73
6
53
3
14
36
48
35
46
22
58
28
34
35
7
36
75
29
4
7
6
4
62
5
3
39
76
11
73
1
7
20
2
30
9
15
7
12
28
30
20
17
53
32
22
19
27
52
60
7
27
33
67
8
16
26
59
13
6
2
4
24
70
12
11
18
10
21
4
23
26
67
13
46
1
37
16
23
13
11
13
3
27
44
39
72
19
4
8
24
31
6
18
21
1
16
21
64
66
12
1
2
11
15
6
31
24
83
30
47
0
25
60
15
20
44
4
5
12
18
20
38
44
21
19
10
51
34
42
60
14
4
9
19
12
56
31
4
27
3
16
9
54
11
12
16
9
22
17
45
24
44
20
59
3
37
26
17
19
47
20
14
41
15
23
7
6
20
16
1
81
7
6
17
11
12
31
2
16
10
9
38
51
34
40
34
10
34
43
37
6
25
12
57
21
4
63
4
29
83
33
13
4
6
69
7
1
29
17
25
8
1
27
57
21
30
22
36
36
13
7
35
20
3
7
16
31
1
27
15
17
1
21
9
61
52
14
10
23
26
23
11
4
31
10
3
17
54
7
26
13
10
31
53
14
63
35
1
2
6
32
12
1
3
39
9
15
59
6
39
6
27
64
72
7
27
38
13
22
23
5
12
39
6
27
19
29
15
33
23
18
22
38
33
19
4
13
9
34
56
24
10
7
32
17
17
27
10
30
41
21
24
16
48
30
17
38
20
34
34
8
11
17
29
44
28
1
14
42
8
3
15
14
10
12
30
57
5
26
20
11
29
30
36
39
5
1
38
37
29
36
9
4
13
24
25
25
26
7
4
29
9
37
14
30
29
12
86
31
6
47
17
15
38
31
11
26
37
41
11
21
22
2
25
17
23
46
10
12
3
19
18
15
28
2
0
2
9
10
17
27
11
18
22
20
33
46
40
25
0
3
17
25
22
25
41
20
1
40
33
5
52
43
75
23
5
24
17
41
15
18
25
66
1
44
28
7
15
17
39
26
18
27
36
17
60
27
38
2
18
42
44
27
50
14
9
38
40
13
27
12
22
13
20
38
11
4
3
41
17
66
20
4
20
15
34
22
4
7
2
20
9
40
45
49
9
29
3
33
30
6
6
33
28
6
1
24
62
45
32
12
9
4
15
13
16
20
8
41
7
27
16
18
0
32
40
25
25
3
11
32
17
11
20
37
18
7
52
14
55
8
23
16
32
54
12
5
14
32
7
2
16
10
32
52
21
17
2
4
10
34
16
16
41
20
57
4
6
9
2
6
10
2
26
24
7
31
23
27
23
3
6
14
11
9
11
4
14
33
19
40
3
26
14
37
32
20
11
20
35
40
9
5
37
25
18
33
15
11
11
7
3
13
31
21
21
30
26
5
28
19
32
14
50
4
25
57
9
2
34
35
7
65
18
23
0
7
13
42
13
5
14
25
31
8
42
28
38
38
28
1
5
11
16
7
23
3
9
3
3
12
2
51
9
21
32
7
4
14
1
11
7
5
89
6
33
16
32
10
16
10
2
1
16
26
21
6
5
22
22
8
22
23
19
3
21
39
8
19
6
2
50
12
2
28
21
6
13
16
8
9
5
13
14
16
3
23
10
15
15
57
15
10
38
14
21
42
1
8
34
34
18
15
58
23
30
12
39
8
31
1
12
30
20
11
23
3
16
4
12
31
13
23
1
30
9
18
7
20
38
10
8
10
14
9
46
26
0
34
29
11
14
30
7
41
17
7
2
22
17
13
5
3
7
19
19
13
36
28
7
2
0
9
21
23
24
9
31
2
14
32
56
14
13
22
7
36
3
19
16
23
5
17
19
9
24
22
10
2
9
23
3
7
29
0
17
17
18
28
7
3
1
32
4
19
4
13
16
6
17
6
16
11
23
4
2
5
13
0
0
0
38
0
1
35
4
1
22
0
12
20
4
9
10
2
9
2
9
16
2
16
44
7
10
21
7
7
31
17
7
3
15
4
9
4
12
20
6
47
3
3
8
12
10
24
10
21
28
11
3
12
0
5
16
4
16
4
7
24
19
8
23
18
1
23
2
5
6
29
2
11
23
39
0
15
9
11
3
23
3
9
7
2
5
14
11
9
5
18
10
17
5
12
8
22
1
3
14
2
4
18
55
17
5
13
24
24
19
5
10
8
1
2
8
3
3
15
10
17
42
9
12
14
8
34
3
16
24
12
16
7
12
11
5
2
3
11
12
15
4
2
5
9
19
4
11
21
27
4
10
3
12
2
10
10
5
8
1
17
2
16
7
26
10
16
8
0
5
1
15
2
6
13
18
4
4
1
22
4
5
10
2
18
12
10
16
16
9
13
8
10
5
0
2
40
2
5
24
6
10
5
5
15
16
15
3
9
12
5
6
15
13
2
9
17
14
18
9
11
3
10
7
10
12
6
2
6
4
5
8
0
5
13
9
5
6
8
2
18
8
14
1
4
8
3
2
8
8
0
5
6
7
2
1
16
14
3
8
3
3
18
4
4
1
4
2
13
4
4
9
3
6
5
4
5
1
8
3
12
4
1
8
6
1
9
10
4
1
7
4
3
5
1
1
3
4
2
9
2
6
4
3
2
2
6
2
5
6
1
1
8
2
3
6
6
3
1
4
4
4
2
5
0
4
0
1
1
2
1
1
0
