15
18
56
31
3
12
85
9
4
28
21
3
23
13
7
94
12
9
20
43
52
6
65
48
18
38
23
6
21
19
52
1
27
42
23
25
41
57
80
4
22
3
12
92
12
25
26
19
41
68
42
42
27
30
74
40
46
21
49
35
27
13
43
23
46
4
136
66
63
34
2
61
8
11
17
91
0
32
27
6
11
20
3
58
29
91
93
19
81
22
192
51
19
149
55
92
60
84
109
7
4
48
79
13
57
46
84
66
45
44
64
71
2
27
26
73
34
4
21
3
39
6
75
63
23
70
124
15
5
16
18
69
90
40
14
4
75
27
8
85
37
20
13
9
16
4
82
15
94
90
17
70
23
10
98
31
2
31
43
51
63
132
69
18
25
75
8
11
116
74
120
117
10
74
154
34
18
99
88
116
16
2
30
37
86
81
58
27
17
37
218
69
104
40
29
3
65
97
39
6
15
74
30
59
85
97
103
203
72
82
15
90
27
38
42
44
62
5
48
10
8
83
13
60
7
9
122
59
68
12
81
41
46
58
35
59
35
30
158
47
33
36
16
79
8
20
14
25
9
84
34
11
95
110
74
72
3
37
12
22
9
14
12
36
47
61
12
61
47
91
76
8
38
169
27
150
133
4
40
34
67
50
91
80
113
17
88
69
151
125
42
14
20
88
94
106
66
7
63
9
45
16
10
23
58
2
16
79
92
117
31
14
97
129
16
103
28
36
34
4
116
62
83
59
106
51
99
29
28
43
83
14
0
114
126
15
11
145
22
39
43
2
31
64
10
8
64
23
18
11
32
28
165
49
36
48
67
110
17
38
42
89
113
60
67
51
60
32
75
11
31
68
30
118
157
51
121
44
108
46
37
62
111
29
81
37
27
0
23
73
56
7
53
36
53
24
7
85
72
41
104
114
178
35
136
50
57
51
39
22
60
51
121
48
23
77
55
38
42
59
107
22
13
97
0
73
23
63
36
100
14
28
58
86
40
66
58
11
3
24
61
59
29
32
104
13
69
80
70
3
37
86
1
117
26
104
19
28
23
4
47
99
39
17
26
70
73
7
49
47
68
71
42
55
137
1
42
89
38
42
62
27
13
60
27
60
66
71
5
85
107
25
10
20
43
104
30
71
1
50
57
174
21
8
58
38
108
38
123
23
44
8
136
28
26
36
43
19
117
43
48
32
20
62
68
14
208
138
46
102
33
109
3
100
6
69
30
43
54
27
72
45
136
16
99
54
169
70
23
1
35
36
99
84
61
45
15
11
53
68
40
53
11
9
100
60
54
45
82
17
46
65
63
76
99
31
20
11
4
90
44
12
52
119
45
1
36
4
85
37
70
37
93
13
19
17
70
26
42
29
10
70
7
76
54
71
121
26
36
48
57
28
6
18
62
12
51
3
54
50
21
2
5
34
15
66
48
50
124
99
56
108
1
54
24
76
71
67
85
68
38
76
84
85
54
138
38
72
41
11
55
9
18
114
99
78
54
100
26
3
114
110
20
17
66
76
23
3
83
57
55
3
20
17
98
21
30
103
86
112
20
71
35
55
68
78
30
3
112
142
28
43
2
17
31
15
43
14
49
60
4
7
6
66
175
37
14
50
111
51
55
117
9
132
5
16
16
72
17
51
32
53
47
48
85
8
105
19
98
17
13
21
67
48
89
68
135
65
11
1
27
12
63
32
23
95
72
85
67
58
153
38
6
22
34
113
59
45
17
5
12
39
75
76
57
13
73
49
31
114
165
56
42
14
6
53
15
83
119
78
33
31
58
54
8
12
86
1
80
5
41
47
78
21
73
86
44
33
43
9
139
13
141
5
54
1
68
23
40
18
28
75
82
12
52
59
17
24
36
37
22
138
127
31
17
54
54
82
16
33
17
77
43
67
97
24
21
60
57
13
5
62
31
19
14
11
45
36
42
4
79
67
30
57
1
82
28
35
57
22
84
132
12
125
44
136
64
50
58
11
1
46
9
36
25
15
64
8
83
76
23
35
33
13
41
101
87
93
5
77
15
55
31
4
33
47
0
71
98
7
167
1
37
74
61
39
19
110
31
83
6
2
125
69
18
37
9
1
9
110
55
25
1
15
5
69
62
78
119
34
79
10
37
22
112
21
48
4
23
155
5
44
128
24
132
67
20
102
79
1
10
50
80
33
55
79
58
149
44
5
67
3
9
178
4
158
48
57
33
5
68
21
19
17
72
89
37
1
107
14
91
6
30
47
69
4
49
23
77
61
20
29
64
2
37
14
58
20
0
63
28
74
7
25
36
113
28
95
36
88
74
3
30
66
53
0
57
117
69
78
4
50
42
10
102
68
4
24
85
27
47
107
6
2
11
65
89
73
9
28
4
57
58
109
26
188
67
49
61
30
29
12
46
53
6
2
45
38
107
124
53
20
147
66
41
10
37
25
25
70
75
40
84
21
16
86
41
54
52
54
57
125
61
10
2
27
6
83
6
20
36
67
98
47
13
4
66
24
78
11
22
40
89
11
14
22
22
33
27
6
60
24
2
78
8
24
23
66
49
100
22
78
14
46
22
51
66
57
15
30
39
25
28
98
10
178
69
104
76
12
51
82
16
31
59
5
40
49
9
31
26
60
118
50
5
19
32
85
21
21
25
41
33
16
49
99
52
26
105
35
38
19
32
54
58
107
57
90
23
36
54
35
76
8
51
62
22
2
32
35
22
26
31
6
23
71
36
71
29
39
44
28
54
25
75
4
9
109
8
39
2
11
30
4
55
65
12
69
87
25
39
98
43
116
61
53
24
35
10
65
40
21
66
38
1
65
95
47
80
20
36
15
65
1
40
141
95
39
25
57
29
23
114
79
100
135
20
28
13
61
96
16
5
12
11
1
33
10
61
44
38
11
32
12
67
69
5
31
49
28
81
67
82
17
9
52
32
11
135
99
24
80
20
54
97
22
33
79
19
126
9
43
11
54
27
23
16
77
26
13
20
49
5
8
4
20
79
57
35
30
61
2
34
19
32
32
40
15
36
75
87
66
8
8
32
57
34
36
35
1
57
86
21
23
31
44
10
82
86
15
35
1
65
70
102
10
24
46
64
37
97
44
5
12
26
0
1
11
28
11
22
30
7
66
2
7
8
33
29
27
78
84
70
87
17
63
31
13
44
30
21
58
30
67
30
10
70
3
56
51
9
13
26
30
58
12
52
54
30
34
56
29
77
2
13
72
115
64
10
24
51
5
110
22
54
23
62
15
9
21
83
66
1
17
27
17
23
9
21
89
22
123
4
133
38
29
57
5
55
69
13
64
1
54
25
10
20
29
84
39
36
44
27
54
50
14
59
32
38
26
49
5
13
104
19
19
99
9
30
7
3
78
23
9
38
6
12
75
12
91
65
16
96
22
54
9
71
9
62
3
48
26
58
65
62
4
42
130
27
60
9
17
29
75
5
22
0
21
45
39
26
74
55
11
83
15
4
76
145
49
17
71
63
13
84
14
0
74
18
71
19
54
82
20
15
32
2
38
56
8
40
18
9
18
102
27
50
123
33
46
10
8
4
73
25
7
98
33
17
85
10
2
50
21
17
124
7
51
3
72
43
16
26
29
97
31
82
27
99
66
76
7
4
32
29
74
85
12
21
50
25
100
74
56
48
29
23
64
59
61
39
71
29
26
14
42
35
95
39
13
83
76
28
73
38
24
5
34
24
14
31
9
65
0
125
100
49
26
45
57
51
25
30
53
2
30
39
121
10
50
44
83
53
33
55
51
30
14
41
135
93
52
16
10
90
74
74
7
11
4
85
12
22
10
85
44
81
47
65
53
53
38
46
39
24
8
58
29
58
63
3
52
96
14
31
48
26
10
92
98
55
1
17
55
9
11
71
55
34
51
55
47
24
9
14
12
79
2
15
65
48
71
26
8
92
46
16
37
41
54
42
95
59
55
83
28
52
19
31
141
29
51
25
19
14
49
65
21
50
69
18
28
90
13
24
35
23
97
29
48
71
23
48
61
71
36
27
46
41
35
30
52
34
51
33
82
23
27
27
4
56
44
10
19
1
10
5
69
94
97
20
5
10
52
85
5
20
32
23
11
39
67
11
52
91
7
52
90
10
35
30
10
10
38
26
52
83
24
28
78
14
72
19
4
5
49
18
31
10
52
5
86
23
20
21
46
43
11
84
40
20
10
14
28
80
98
17
2
20
2
77
27
38
3
11
37
41
23
38
27
4
22
68
19
91
20
54
17
33
3
46
38
56
47
94
82
14
83
51
15
9
1
1
53
73
28
21
18
26
25
28
15
50
5
29
13
35
3
12
48
30
26
11
26
17
19
1
46
6
47
6
0
26
2
15
5
23
14
110
24
37
43
54
51
20
88
1
31
41
10
6
70
66
56
15
78
84
90
2
2
81
45
11
89
56
8
26
2
15
3
35
22
40
40
17
29
23
23
51
11
51
5
32
17
10
6
12
35
95
27
25
32
3
14
24
47
11
31
3
27
73
33
56
68
7
3
69
12
2
0
33
56
24
124
36
36
36
29
37
77
0
42
27
36
34
54
1
56
88
75
99
68
3
104
56
18
21
94
26
1
46
29
116
22
14
8
11
44
4
55
76
30
37
45
109
3
50
58
17
5
2
50
34
68
38
23
25
17
8
31
41
108
90
34
59
59
9
7
38
77
34
29
120
10
25
5
59
31
32
30
15
1
9
38
61
12
74
4
37
74
26
4
1
14
55
14
16
32
53
13
99
87
52
37
16
32
44
39
25
30
65
15
8
27
8
3
5
92
20
62
21
34
66
116
6
11
41
105
69
4
23
59
75
75
27
27
2
94
61
69
26
57
37
59
12
13
37
45
4
46
35
12
37
85
52
35
20
19
55
31
52
60
53
14
37
2
131
100
103
10
11
21
40
25
31
39
42
6
4
0
67
66
44
52
27
55
21
31
44
32
61
3
20
8
46
37
4
50
27
38
49
45
7
7
34
53
22
11
7
6
30
23
72
7
6
28
29
26
76
14
34
34
28
49
58
5
58
21
68
10
3
8
9
39
26
2
63
27
35
23
76
12
20
20
6
25
11
54
31
132
8
23
1
3
26
27
11
6
48
79
29
79
84
4
46
21
11
43
59
26
6
14
50
106
70
21
1
20
64
43
54
7
22
47
36
29
1
18
7
10
96
22
9
23
7
139
11
12
33
24
9
28
39
42
11
46
38
21
10
13
63
114
33
19
12
46
22
37
82
16
6
68
14
59
3
8
2
19
9
77
19
18
54
5
13
109
28
85
65
6
38
12
30
45
13
22
63
57
37
21
37
26
8
1
4
12
45
3
51
13
94
1
74
38
25
4
63
75
53
126
48
42
29
25
16
4
0
109
1
24
47
21
60
14
65
19
16
29
47
63
10
65
1
2
6
16
16
40
16
99
29
7
5
66
32
24
15
59
3
37
15
21
36
10
51
15
51
13
50
2
8
25
28
24
14
33
5
40
11
39
56
40
73
77
44
64
12
43
55
32
96
15
15
6
69
14
26
30
28
34
3
45
14
5
14
14
25
14
3
43
28
12
34
14
29
12
6
12
36
59
86
100
18
37
41
48
31
11
18
17
10
17
27
22
46
3
3
93
18
23
22
28
33
15
45
23
77
32
68
4
8
0
11
12
12
60
21
33
33
10
13
63
42
18
7
2
26
33
3
57
105
10
21
13
10
25
1
27
2
60
39
14
1
1
83
18
14
46
6
17
22
6
2
49
39
36
48
41
78
40
27
64
18
33
42
81
23
92
2
7
67
12
1
22
46
24
65
43
30
69
19
27
1
50
47
16
39
34
15
39
25
22
57
26
22
18
9
7
40
36
8
41
28
15
84
9
19
12
60
60
16
43
45
17
46
17
73
6
6
16
76
11
29
1
43
18
4
16
11
27
76
46
35
20
52
26
43
79
20
98
14
14
60
22
54
53
30
3
37
15
30
26
82
69
5
19
61
9
80
13
45
58
9
77
11
18
11
54
68
19
114
14
18
33
10
6
39
25
6
9
66
124
20
25
11
27
45
39
6
26
13
22
53
43
29
2
5
43
15
12
27
72
40
32
58
4
24
40
2
9
10
63
67
31
11
15
55
10
17
8
42
40
19
24
12
3
66
110
50
52
9
58
27
13
50
48
32
30
27
1
84
12
62
14
38
58
54
55
43
40
69
3
46
19
22
55
7
64
56
35
5
4
124
3
57
22
65
19
54
45
71
14
4
21
10
5
28
2
18
27
60
10
1
6
14
47
37
41
25
84
98
18
5
64
44
21
56
1
22
30
34
56
41
27
7
47
2
62
75
10
2
14
61
34
8
8
15
0
0
37
4
8
9
15
36
69
2
34
26
35
21
22
30
23
11
40
31
26
57
24
63
6
19
27
17
9
8
28
60
3
17
28
65
66
33
17
1
67
49
29
21
18
14
44
14
37
32
11
43
59
28
13
4
43
48
10
74
9
18
20
4
37
19
30
22
15
37
27
77
50
38
55
23
20
5
12
61
13
6
35
38
27
21
39
45
39
65
14
29
17
26
6
41
31
47
5
4
9
29
12
3
36
32
60
5
39
21
3
51
35
62
25
12
54
6
76
12
100
20
11
18
54
33
23
12
12
52
37
20
33
27
71
36
22
57
6
59
2
64
22
39
33
1
72
74
30
13
42
16
52
2
152
21
39
47
66
33
65
2
65
22
36
34
28
14
44
53
43
4
0
14
66
41
24
34
2
7
35
72
8
3
39
26
24
4
19
48
16
67
38
9
20
27
7
19
19
11
60
5
33
24
0
15
5
27
39
24
39
50
33
10
58
13
20
22
17
37
37
48
4
73
40
50
69
17
12
25
7
10
6
17
38
3
1
44
31
8
12
19
105
65
19
16
9
4
10
50
17
20
52
56
31
60
48
1
39
44
18
9
1
15
7
14
7
9
15
60
53
20
6
27
0
6
6
60
22
11
76
42
4
22
48
32
21
14
20
1
12
3
22
37
53
7
26
17
27
11
21
98
18
60
74
12
3
9
90
20
2
34
43
9
12
5
34
73
9
12
19
25
4
8
24
11
13
65
23
11
38
22
31
38
58
6
49
22
0
40
48
24
83
44
20
12
0
5
28
15
39
26
2
25
4
20
37
18
17
10
24
7
19
34
67
16
19
27
25
115
25
12
5
16
49
5
32
13
5
29
19
11
58
6
50
12
0
0
33
73
28
9
20
43
11
29
29
13
3
25
16
41
7
8
24
33
23
14
4
18
17
2
60
1
8
34
42
7
23
1
49
4
34
27
17
22
28
1
23
65
58
1
30
17
22
10
54
31
11
47
37
23
17
26
9
34
5
1
5
2
28
36
62
9
12
45
19
5
43
50
1
2
29
29
26
5
1
34
6
50
15
37
8
25
42
13
2
17
35
37
32
5
14
18
20
46
40
44
65
58
51
20
9
39
53
6
14
15
56
21
28
14
9
15
63
20
4
2
40
52
37
16
31
17
39
24
2
11
7
17
15
41
7
19
64
0
9
30
24
15
4
32
40
12
12
16
12
36
1
8
8
33
24
36
60
36
61
52
29
45
22
11
29
20
22
5
4
12
34
30
15
6
48
15
1
17
34
5
21
13
6
22
29
2
4
29
42
2
10
30
10
18
5
45
39
82
31
11
47
49
36
8
31
14
40
24
9
12
1
60
65
63
7
19
7
9
15
30
23
51
27
8
56
1
4
3
36
11
44
27
19
62
5
24
38
1
11
19
12
8
23
47
32
76
33
15
5
1
45
26
6
58
35
11
56
12
44
17
2
40
21
22
36
9
21
6
10
17
20
11
5
24
19
5
21
33
24
13
7
44
25
13
60
21
11
26
15
29
41
23
4
14
3
20
4
24
7
26
22
17
38
6
41
11
16
12
40
11
17
39
12
19
0
34
12
32
49
26
5
5
23
7
57
15
24
52
58
14
30
44
42
26
32
22
2
39
56
17
76
12
6
15
5
11
16
8
21
30
42
30
11
19
2
4
23
10
23
2
19
2
41
14
63
5
0
50
21
23
36
34
40
24
9
17
25
54
10
15
22
27
8
10
10
9
21
14
6
20
30
62
3
51
42
4
9
15
11
21
20
3
31
4
14
37
46
27
81
30
26
11
12
64
14
38
45
34
28
21
48
6
20
29
5
40
14
13
13
18
0
35
3
11
17
10
11
23
11
15
24
2
88
33
2
14
11
19
11
6
5
30
18
31
19
38
9
19
2
2
47
21
26
37
22
22
9
11
45
10
21
26
10
15
32
38
5
0
20
31
20
14
11
3
52
16
4
33
14
39
26
28
19
20
18
0
0
5
14
14
5
28
17
25
1
22
9
5
14
31
7
18
40
42
12
7
17
16
11
5
25
10
26
31
2
9
1
14
3
5
19
4
19
13
18
2
3
14
31
3
1
20
4
29
2
1
1
37
18
42
7
43
1
21
20
23
5
7
28
3
4
36
9
0
26
29
16
10
64
3
0
7
4
25
1
0
58
1
19
23
20
14
73
23
27
20
18
10
35
29
32
17
34
35
10
15
11
2
16
1
12
12
5
10
21
14
25
5
28
4
18
10
25
14
5
2
0
38
9
4
13
12
30
33
23
38
23
7
45
53
29
30
0
3
56
18
23
3
33
26
3
1
46
12
20
10
24
7
47
26
24
5
6
11
16
52
25
21
8
15
26
52
5
52
35
8
6
20
19
14
1
23
15
12
10
22
3
14
23
34
3
1
21
21
2
44
20
6
37
13
2
23
16
23
55
19
2
5
20
3
5
14
32
31
16
14
0
5
14
9
1
1
13
32
26
9
17
6
3
45
47
16
10
14
5
10
5
9
39
1
14
13
19
14
7
31
3
39
15
45
10
11
4
48
3
16
2
30
40
14
4
2
6
16
15
9
29
3
3
7
4
11
36
15
7
22
20
8
3
24
10
24
10
21
19
1
2
15
1
37
14
6
11
13
12
5
20
6
20
6
22
13
17
23
1
7
6
29
9
20
23
28
8
14
5
30
12
17
1
36
12
6
15
13
22
12
5
11
5
12
40
6
21
12
16
11
11
6
4
7
12
21
19
14
0
16
9
4
6
36
14
16
22
18
14
19
10
13
8
8
20
2
6
4
16
7
18
16
19
8
19
11
21
6
0
7
22
18
8
27
15
11
9
5
15
5
5
11
13
2
12
36
20
21
41
20
1
5
23
12
20
19
15
22
1
3
17
11
9
15
7
8
5
9
2
4
10
4
2
19
8
12
0
9
14
1
5
0
10
32
21
18
3
2
11
1
6
9
1
2
1
7
12
25
2
7
2
13
3
32
3
17
3
24
21
15
13
7
0
6
12
5
2
1
11
8
15
7
2
4
9
3
1
13
11
8
17
1
9
3
2
3
23
6
17
15
2
5
1
4
6
32
1
10
4
6
8
1
4
19
3
6
9
10
5
5
5
5
8
0
5
1
4
7
3
1
5
5
10
12
5
11
2
17
6
5
13
8
1
9
7
1
4
1
8
0
5
4
8
8
3
12
9
1
5
0
2
4
3
4
9
12
6
11
1
3
0
1
10
5
0
4
7
13
2
0
7
6
0
2
10
1
2
3
3
9
1
1
3
7
3
2
2
4
6
3
3
1
7
2
12
2
6
0
0
10
0
6
6
0
4
4
2
2
4
4
0
2
1
7
1
1
0
0
0
