38
11
2
1
1
4
6
4
6
20
7
6
20
5
10
22
10
10
1
6
11
11
6
10
9
11
13
15
7
7
4
23
5
10
7
9
16
13
5
13
25
1
11
10
19
46
55
34
9
53
4
9
5
15
23
9
8
23
28
35
9
16
13
28
19
42
38
19
13
23
8
3
15
14
7
7
6
19
22
1
8
18
18
10
32
24
9
1
17
10
16
42
3
4
9
1
26
34
2
15
3
32
4
52
24
1
40
31
16
9
5
38
0
4
24
2
3
33
9
23
5
22
18
15
5
1
10
44
17
8
3
15
3
6
24
4
26
28
4
23
14
4
22
20
19
3
9
2
2
11
9
33
12
21
2
4
26
34
2
26
7
7
8
20
2
16
6
23
11
12
16
21
25
22
5
13
19
11
17
3
20
25
19
16
35
8
11
21
1
12
15
16
2
26
2
15
13
6
24
12
23
24
4
30
0
26
7
6
12
27
16
13
34
1
17
21
16
15
3
3
2
9
11
8
11
16
6
11
0
10
20
1
5
10
8
11
11
22
9
5
29
24
11
3
18
20
8
10
28
18
0
9
7
5
10
11
1
2
6
10
8
0
1
12
8
4
6
8
6
15
12
1
1
11
16
4
1
4
4
11
3
13
3
3
13
7
12
5
1
4
11
3
9
6
19
11
7
6
12
14
25
3
0
2
10
2
10
2
8
2
24
11
6
18
1
12
4
7
10
7
4
24
1
6
5
2
7
3
14
3
3
3
5
2
1
3
3
3
2
5
8
9
4
7
5
5
12
6
6
2
7
10
1
7
12
11
8
16
13
3
8
4
1
1
5
13
10
18
5
1
15
6
0
9
0
0
1
2
2
4
2
14
23
5
3
4
1
0
2
7
0
7
0
1
1
5
5
5
1
1
3
2
1
4
1
10
0
1
4
1
6
2
2
0
1
4
1
5
6
2
2
2
2
1
1
1
2
2
3
2
