134
47
2
5
82
4
76
11
3
80
62
5
6
2
42
60
58
13
49
7
32
69
9
20
4
18
10
72
11
15
48
7
30
7
39
25
23
57
11
6
18
24
15
23
69
26
23
22
23
28
53
36
24
28
8
208
5
31
32
27
7
27
85
3
75
36
24
42
54
38
20
41
9
56
39
84
168
34
29
17
18
60
6
40
39
24
7
105
95
37
24
24
62
45
106
15
29
43
163
5
45
16
96
13
7
44
97
181
77
101
26
21
73
91
49
22
29
24
2
3
116
50
57
22
83
40
10
69
9
13
28
94
62
31
172
11
36
82
24
52
40
41
65
46
46
24
87
41
101
77
74
43
29
20
63
22
41
17
80
116
0
3
29
55
67
88
12
4
47
86
146
44
56
45
21
27
51
46
95
22
59
157
85
119
79
61
57
14
37
40
40
123
53
26
50
19
77
37
130
33
25
3
76
17
62
35
46
89
78
40
118
106
102
170
27
100
11
36
77
77
15
60
11
9
115
90
18
73
46
33
7
15
80
102
22
17
71
16
39
89
64
53
6
53
30
90
55
91
82
120
28
83
64
51
7
13
8
40
163
73
74
58
114
31
41
14
6
123
10
37
74
128
11
89
44
45
17
52
94
66
18
42
40
4
16
14
106
135
79
20
2
37
12
87
120
36
67
25
103
90
15
14
53
91
47
55
37
36
44
94
2
8
12
27
121
74
96
10
48
103
5
87
77
75
27
55
30
31
26
32
93
19
21
101
53
25
24
53
17
44
27
48
9
73
82
36
81
16
191
67
64
62
10
60
5
98
66
8
35
119
42
33
17
15
31
54
49
30
18
27
15
12
77
28
62
140
34
41
79
22
12
29
19
29
65
58
13
3
128
43
39
83
10
6
16
31
177
27
80
127
35
47
11
48
19
86
80
2
132
23
104
58
135
57
171
77
60
35
13
2
20
88
71
4
18
80
56
86
11
1
83
102
35
67
60
52
111
147
45
32
22
18
48
81
24
70
34
59
121
49
22
32
66
172
29
7
17
86
38
5
55
98
171
6
3
18
67
16
56
6
50
32
29
94
16
53
67
27
12
31
76
2
61
12
33
95
71
66
21
24
32
80
20
7
13
30
51
43
56
8
91
33
13
5
95
22
129
22
104
37
54
89
53
67
81
60
8
79
38
55
26
37
40
21
80
62
38
10
5
38
118
9
10
99
74
58
125
56
37
3
19
97
79
129
35
39
35
29
71
38
20
89
44
28
54
118
47
25
120
77
5
46
66
81
2
68
123
49
179
19
19
33
70
69
14
47
15
78
17
22
65
27
41
120
25
2
16
146
80
99
20
46
109
121
21
56
18
25
40
104
48
71
29
72
29
33
71
4
16
43
25
63
4
77
69
25
6
0
21
22
72
61
6
44
24
77
55
59
14
3
53
18
75
47
36
12
25
26
26
4
91
78
73
86
39
72
94
66
119
22
32
60
58
22
5
14
92
31
76
9
77
142
117
9
22
52
36
47
118
26
8
41
19
21
68
14
119
51
19
23
68
16
70
25
49
38
15
119
1
41
101
15
46
48
127
19
38
46
69
29
31
153
47
2
24
26
90
73
10
65
29
26
7
11
49
6
114
51
16
67
0
97
67
32
63
25
12
5
43
56
23
4
1
39
16
78
32
27
3
105
64
28
61
45
84
58
37
33
4
14
31
8
59
67
21
5
26
7
81
82
34
40
22
105
42
108
43
6
22
38
115
64
88
28
20
44
6
31
53
38
76
81
80
32
8
29
60
30
90
9
7
25
18
0
73
45
80
20
56
15
104
75
50
22
90
8
36
52
3
4
56
26
12
37
23
57
2
38
10
45
47
126
104
11
41
23
30
9
92
13
63
63
73
88
72
18
130
18
87
140
3
52
77
63
5
76
19
38
0
23
72
73
103
84
82
72
48
101
95
77
3
58
122
2
30
18
67
35
35
24
48
8
8
22
118
0
27
68
3
0
52
90
51
7
26
35
57
10
2
46
1
79
59
24
12
59
14
77
4
50
57
43
18
28
34
68
46
24
26
55
51
82
1
25
19
14
94
50
37
87
13
101
103
100
94
16
72
56
4
55
104
41
21
16
97
17
4
83
24
9
17
21
45
17
112
107
146
31
2
8
7
52
9
35
47
28
67
64
55
59
62
70
39
91
64
0
65
81
60
17
85
79
24
33
17
10
1
27
91
66
68
107
54
87
57
30
16
28
136
18
0
52
64
24
26
19
45
76
1
27
112
26
53
29
79
17
64
10
18
24
11
96
30
129
23
126
82
9
48
15
33
23
38
99
11
38
32
15
75
11
42
73
69
48
55
74
157
64
37
60
40
23
23
62
39
35
23
3
31
6
18
39
9
50
45
59
50
27
7
30
80
36
29
77
44
18
20
89
54
57
103
8
6
3
25
36
2
73
26
40
124
50
14
118
89
61
93
40
111
127
56
8
83
57
39
64
29
31
87
24
84
112
8
45
1
11
45
56
23
71
4
54
10
59
6
44
54
57
48
13
25
57
45
39
20
39
17
34
32
42
84
21
36
6
13
16
37
12
21
31
21
28
5
79
81
16
46
77
3
13
38
16
63
38
95
91
50
44
18
43
42
1
26
26
10
35
21
105
16
54
88
14
35
17
9
27
12
70
18
19
31
19
23
6
27
38
20
30
6
42
92
12
37
35
31
71
68
2
21
7
33
46
61
23
64
5
25
71
47
38
76
84
1
17
85
21
60
87
56
8
128
24
4
97
66
21
40
70
90
76
26
49
52
4
11
14
37
25
27
9
19
57
10
11
10
77
41
9
9
7
41
43
65
31
20
35
51
73
8
1
34
12
47
16
4
101
40
10
11
34
150
42
2
69
38
59
20
6
35
6
34
20
124
5
35
102
15
29
13
49
43
40
42
92
82
50
43
16
79
6
143
49
10
44
4
62
26
25
44
37
47
121
68
18
12
46
49
12
23
5
17
72
14
82
5
5
43
9
61
143
15
82
21
12
61
17
97
17
49
31
23
45
121
12
111
27
26
94
57
18
22
39
64
65
103
52
93
26
2
106
119
23
30
6
3
30
40
24
26
4
53
5
21
46
9
26
28
33
10
40
31
95
5
73
22
37
28
16
64
21
3
9
53
40
54
1
36
23
34
18
81
58
18
2
63
7
30
5
39
86
11
33
108
40
55
95
36
9
37
10
20
43
97
48
53
21
12
65
14
8
63
26
19
36
46
28
32
62
78
24
14
97
83
27
65
63
9
23
8
125
24
93
24
52
15
53
72
58
62
78
25
13
28
38
4
51
17
69
41
6
41
97
65
42
26
160
75
33
9
6
19
3
29
7
83
3
36
37
14
6
19
1
1
3
90
12
112
126
40
37
34
98
77
24
32
66
11
35
30
107
9
17
32
47
31
56
68
35
1
16
23
33
10
93
58
36
24
51
24
43
18
60
6
30
69
3
48
3
95
33
55
12
75
97
74
27
61
33
77
105
84
14
25
22
7
8
99
18
83
7
38
58
23
6
23
18
6
101
27
16
10
23
47
14
29
2
5
81
16
104
67
60
24
50
28
19
8
18
90
82
8
47
37
9
48
26
55
9
34
10
11
26
12
73
55
62
40
6
58
36
103
61
24
21
13
65
72
41
10
14
65
58
16
53
27
26
103
1
68
16
57
64
20
9
36
23
24
5
8
96
50
2
151
47
33
31
60
61
38
34
3
58
37
65
47
39
6
13
100
40
3
46
39
6
35
43
16
53
31
23
70
23
39
55
80
71
17
53
58
88
19
19
33
15
35
54
101
40
42
32
74
69
27
16
8
3
53
89
96
75
36
24
28
38
51
49
1
87
14
66
88
81
2
50
2
24
62
95
1
51
19
101
30
48
61
31
9
101
47
5
14
5
16
0
3
3
39
17
60
37
77
16
92
70
56
3
27
63
5
31
6
46
115
50
20
24
54
7
13
8
8
47
31
9
35
64
25
36
66
69
83
0
13
8
27
8
52
24
74
39
9
68
71
17
2
37
93
29
43
74
108
30
4
59
32
85
73
36
29
160
2
24
74
22
47
22
28
1
12
2
14
2
50
12
74
64
34
30
34
87
10
6
104
35
32
30
65
72
50
48
109
44
65
95
85
20
87
34
8
4
26
59
26
22
5
116
38
22
19
9
27
15
7
40
84
28
30
60
36
57
3
50
33
11
60
1
15
5
6
1
71
28
29
54
31
5
5
7
21
37
39
47
45
10
125
28
38
60
98
48
13
116
96
3
4
58
9
88
27
59
56
9
54
18
4
52
43
46
48
15
68
6
22
9
53
3
58
8
64
42
20
116
29
10
113
70
50
18
64
14
1
92
12
51
16
26
53
40
79
48
3
84
22
30
62
60
11
58
37
61
37
53
38
33
8
26
26
35
13
56
22
18
7
3
37
106
52
8
81
27
25
15
2
59
5
43
15
29
79
2
148
31
8
52
77
68
13
32
36
22
44
59
82
7
67
109
94
51
3
1
8
35
6
87
96
54
52
64
12
102
16
37
44
8
58
49
36
45
88
41
3
17
0
8
57
3
32
21
1
49
20
11
72
81
22
19
9
54
25
12
0
76
33
41
42
34
43
1
18
25
37
17
10
5
15
34
78
36
122
94
37
4
14
24
71
22
33
84
47
30
107
69
60
24
29
5
34
23
31
4
83
67
32
90
11
34
47
47
37
48
46
61
1
64
28
50
5
45
109
89
23
69
43
21
5
20
29
109
37
29
8
36
42
4
4
60
38
19
34
75
102
29
26
22
19
3
16
18
43
37
32
10
3
32
67
22
59
9
44
3
52
34
47
55
17
8
51
110
32
25
1
12
26
14
4
29
8
14
37
1
28
30
5
35
25
39
75
2
38
49
11
35
59
67
13
11
93
51
26
9
8
22
72
18
63
77
21
10
5
33
35
22
53
16
26
10
17
74
12
12
32
16
74
21
51
93
21
56
12
51
19
67
75
22
14
45
61
4
51
21
54
78
14
49
14
49
26
12
41
38
32
14
51
15
9
16
3
7
5
3
21
18
43
78
17
11
84
39
59
69
26
65
31
70
27
65
26
42
32
93
31
90
61
4
32
45
34
92
56
36
52
21
60
66
41
17
3
11
50
16
39
28
80
46
70
39
12
3
39
54
12
22
69
93
52
38
4
9
32
27
64
45
42
26
33
1
43
27
27
16
43
18
70
49
3
22
76
71
49
39
50
10
58
66
23
23
42
52
12
61
45
9
26
47
17
32
39
28
2
11
64
59
77
58
40
3
89
98
54
7
71
95
11
12
34
17
56
12
27
20
52
61
29
9
23
65
5
51
58
5
26
26
40
7
36
16
21
44
8
64
45
104
64
57
90
20
15
30
74
13
26
19
23
23
64
54
49
17
3
13
19
112
19
118
92
28
9
12
10
24
30
12
30
14
89
13
32
66
40
51
14
75
54
29
63
69
23
32
4
72
17
74
23
17
41
44
17
64
18
49
52
67
13
67
21
45
43
4
17
97
18
33
20
13
82
2
51
7
98
1
60
7
55
19
42
23
3
11
69
17
29
60
64
12
12
69
17
22
40
2
7
58
2
49
11
19
14
40
51
31
52
10
38
54
20
56
33
5
1
32
31
81
9
72
26
34
32
79
17
23
71
7
37
19
7
53
38
33
41
9
13
47
23
87
16
10
5
72
15
49
8
23
56
17
26
2
11
41
14
37
35
32
60
30
9
26
50
9
13
75
38
28
33
33
77
6
45
30
113
3
37
44
48
4
16
26
2
3
47
52
34
5
13
14
59
102
1
7
40
38
90
48
30
20
8
22
3
27
8
33
37
93
3
33
17
61
2
82
72
67
2
29
17
31
30
53
46
66
31
26
33
45
44
49
35
34
45
46
60
46
43
56
22
9
22
56
6
66
9
72
32
10
58
9
41
26
23
64
32
42
10
86
24
35
49
48
48
17
0
61
34
61
18
23
31
53
2
29
51
2
22
25
3
64
60
10
71
15
39
79
15
50
27
5
16
38
10
32
22
67
6
24
58
16
4
34
14
87
3
6
8
32
45
37
12
20
36
14
47
48
3
13
33
1
46
52
93
8
35
30
0
5
16
40
8
40
22
28
50
6
42
43
11
3
84
10
28
93
46
54
2
44
23
15
0
51
1
21
6
36
31
40
25
51
17
42
19
50
4
14
6
8
3
32
50
24
131
41
20
17
72
32
91
27
39
13
30
26
60
47
44
69
3
44
43
20
64
49
27
7
0
87
77
10
18
65
13
50
39
56
18
24
56
8
13
38
36
28
15
68
3
22
14
14
20
45
42
46
66
26
19
27
35
2
20
18
45
7
3
28
56
52
77
23
10
33
66
9
27
37
71
22
9
21
18
43
28
47
9
33
70
29
9
61
25
9
23
88
10
11
46
90
23
7
67
11
54
32
53
54
2
16
52
46
25
43
45
13
26
2
9
25
23
36
3
20
48
29
78
8
20
17
20
2
28
3
43
38
2
58
46
26
62
30
37
5
52
48
45
27
26
4
72
54
24
0
7
19
20
24
4
12
18
21
8
30
13
42
2
19
0
17
11
16
9
21
1
13
32
46
39
18
26
53
27
44
26
44
64
3
12
20
11
21
9
56
117
83
0
30
6
21
34
20
46
38
44
11
7
28
45
2
15
29
2
22
14
17
31
14
26
11
5
22
18
29
34
36
66
36
31
51
25
29
1
119
2
56
51
23
55
24
6
8
65
4
16
19
8
20
2
69
52
6
77
35
16
4
15
53
4
14
57
29
10
39
22
17
37
54
45
50
30
42
6
45
18
57
11
13
93
2
41
1
18
29
16
7
64
38
18
68
36
16
15
90
5
26
28
24
3
31
26
30
19
24
22
20
7
19
10
95
24
5
15
9
33
78
23
41
11
4
64
55
13
74
64
15
11
12
7
48
24
23
1
36
67
2
45
76
36
26
53
23
3
15
24
17
14
56
43
35
28
55
42
11
27
14
37
35
24
21
80
2
6
57
80
29
6
42
22
16
5
22
47
0
31
35
20
22
84
12
58
37
87
8
3
3
14
21
8
17
28
5
1
45
9
8
19
46
25
36
21
42
41
7
50
15
36
4
52
4
18
67
0
20
19
26
33
18
4
53
11
4
16
3
42
64
35
38
2
13
29
1
25
9
33
13
17
50
1
37
18
47
9
16
14
26
48
34
27
12
4
4
5
10
39
30
6
74
42
10
3
27
12
27
20
26
20
6
53
63
20
57
21
23
4
7
16
32
23
64
4
11
30
3
34
2
30
10
28
12
61
71
28
49
10
23
33
67
42
9
15
10
23
49
20
6
41
12
10
12
22
28
18
67
2
8
3
20
38
65
38
46
32
44
34
11
59
22
1
7
21
2
36
18
26
35
32
35
0
4
27
6
2
23
17
6
26
23
28
8
24
18
46
43
1
44
39
2
35
56
26
15
118
22
40
2
21
54
5
33
36
22
0
25
85
37
1
12
16
11
82
34
11
12
22
32
12
6
3
1
40
17
25
18
19
37
38
29
68
19
1
36
35
20
5
5
19
16
3
65
14
18
20
68
59
24
27
14
23
3
49
21
5
44
5
20
48
48
43
5
26
49
32
8
26
33
36
17
41
61
7
12
6
48
13
7
27
7
34
22
36
16
6
3
24
21
7
11
51
15
19
4
29
41
20
1
11
39
44
6
10
17
25
42
22
30
28
13
19
34
5
30
6
6
14
24
43
40
0
6
26
16
5
32
59
18
8
23
35
22
36
17
34
16
26
40
24
14
2
4
74
0
70
2
11
26
10
16
39
17
2
35
10
6
30
23
34
32
3
5
34
32
51
11
9
14
26
39
35
3
19
3
17
15
33
9
33
7
0
14
27
61
9
55
2
29
23
23
2
19
20
10
65
46
2
14
40
3
3
0
0
57
18
27
11
17
4
17
18
4
43
21
35
40
32
0
18
13
34
8
16
41
25
32
39
36
57
10
21
12
27
4
21
32
57
6
4
19
14
21
11
18
17
24
28
11
108
9
19
45
26
13
29
32
23
5
18
20
30
31
9
39
21
19
35
2
46
11
10
14
27
3
73
7
4
29
29
5
1
5
47
8
15
12
36
23
32
41
8
4
45
0
6
55
14
36
21
30
27
59
9
16
8
15
12
24
46
11
36
3
23
8
62
19
16
26
16
15
3
30
19
20
22
9
38
4
6
20
38
18
5
5
59
4
23
10
23
31
20
6
18
25
2
19
10
14
3
32
2
19
9
39
21
0
20
6
0
3
11
42
37
10
24
38
19
46
5
21
5
1
33
11
30
4
34
3
9
1
13
21
7
18
3
57
18
21
56
20
7
34
8
3
0
25
20
33
9
18
6
21
34
32
34
20
37
16
9
42
3
23
15
31
0
3
26
17
32
0
9
0
51
8
10
12
6
12
20
22
3
33
35
11
22
9
59
29
10
0
45
27
33
14
16
21
20
24
1
25
23
10
12
11
17
3
20
11
38
2
19
12
8
21
9
19
3
19
1
24
18
4
7
7
11
24
5
24
1
9
30
25
3
24
7
26
36
25
54
7
1
13
23
10
14
5
13
35
2
6
14
3
15
20
1
13
34
17
38
35
9
13
1
16
15
21
2
28
11
7
3
19
15
12
18
0
5
7
32
19
2
12
9
41
6
16
41
27
5
23
8
11
37
20
39
7
0
25
21
7
8
12
14
6
3
2
5
21
31
9
29
7
0
11
20
5
11
8
20
35
17
14
21
24
17
4
8
33
0
3
22
2
6
6
14
1
11
3
35
26
21
16
11
12
2
28
16
8
26
28
27
36
2
8
10
1
5
13
12
3
3
7
5
25
26
22
27
11
19
7
11
2
16
9
5
1
5
42
23
5
33
5
10
8
18
27
4
11
5
6
34
11
17
1
7
6
11
14
5
18
3
15
13
3
26
1
6
11
9
13
4
9
15
5
7
4
22
8
13
7
5
24
9
3
3
31
34
2
18
12
34
12
0
8
3
7
8
3
20
3
7
18
28
10
9
5
23
19
16
5
23
12
13
4
21
22
8
11
6
8
22
0
23
29
13
14
27
14
31
38
8
1
6
16
14
0
10
16
4
5
3
10
20
1
10
30
37
11
18
31
2
22
2
25
7
19
5
19
28
13
8
1
15
7
27
2
6
7
12
4
3
14
32
2
24
6
21
4
10
10
3
0
18
22
5
14
22
26
23
2
15
5
8
1
9
2
6
11
16
10
3
20
5
7
8
9
13
15
4
14
10
33
6
28
22
13
7
16
24
7
5
5
8
17
7
9
9
11
4
0
5
4
27
14
3
7
4
6
6
1
10
0
6
4
5
0
6
25
5
5
22
7
5
21
8
1
10
24
3
2
9
1
1
7
5
19
31
3
2
4
9
17
13
6
3
2
6
2
19
2
2
4
19
15
6
0
10
2
8
3
3
8
8
0
9
5
5
5
4
8
1
5
3
1
8
16
10
3
10
5
2
2
4
18
3
2
12
17
9
0
7
6
1
1
6
5
13
13
2
7
2
6
12
2
18
4
7
4
7
2
10
10
6
3
3
3
7
15
5
6
2
10
14
3
5
5
2
0
3
5
5
1
4
4
6
7
3
8
1
4
4
3
10
1
3
0
5
1
1
1
1
1
0
0
2
1
1
1
1
0
