19
0
64
83
31
9
37
70
13
2
10
29
21
38
11
53
11
8
6
14
16
7
25
14
51
45
10
30
10
10
26
83
33
88
21
9
13
86
6
15
76
19
36
48
17
23
2
45
47
6
12
27
137
16
4
10
17
10
14
29
81
54
2
21
44
48
43
14
34
19
110
8
49
45
77
51
68
77
65
63
54
47
13
25
10
16
71
49
1
11
10
37
43
18
97
19
9
18
47
58
48
5
56
68
1
45
28
23
79
8
53
8
102
42
69
91
18
120
143
34
10
15
57
64
18
15
92
76
106
4
84
34
67
26
8
53
24
22
16
42
50
37
13
62
12
52
22
73
47
10
75
49
42
9
123
126
43
33
89
8
82
56
29
58
79
101
0
3
144
57
33
75
25
19
53
23
32
81
163
80
44
42
43
54
38
12
102
29
4
14
34
45
19
24
23
103
113
77
13
21
31
48
8
110
73
57
45
19
97
98
40
10
44
114
48
69
97
180
85
12
10
94
11
96
28
32
7
14
22
3
1
54
27
41
19
54
31
53
37
4
68
4
60
11
34
30
30
35
66
1
74
13
78
30
41
31
44
19
29
40
77
63
60
23
54
149
62
81
48
127
109
122
134
37
114
2
90
44
54
19
36
27
108
26
20
33
18
11
8
24
3
83
83
37
25
15
2
116
111
51
1
54
59
21
122
19
3
69
21
16
19
26
20
27
37
4
46
9
7
3
84
77
16
95
62
6
87
55
87
9
16
60
104
89
91
72
13
110
133
56
85
80
83
55
119
60
45
56
5
54
66
89
26
78
16
38
77
61
35
122
24
76
23
12
55
8
23
15
71
35
106
6
16
33
31
73
85
30
67
34
3
19
42
23
57
3
25
28
42
55
22
74
15
89
14
81
110
20
108
18
58
50
123
55
5
15
51
22
54
112
66
19
63
19
14
80
70
27
71
18
57
49
51
35
61
41
51
69
64
72
12
98
35
44
67
15
108
68
71
48
38
140
19
83
103
139
45
113
21
23
7
77
1
85
19
3
43
59
55
27
6
7
28
54
45
64
56
18
89
35
11
42
70
50
88
14
61
25
98
15
78
27
22
11
46
39
56
13
31
11
21
93
37
20
105
55
51
13
3
15
28
33
33
59
105
43
21
72
7
53
41
46
23
57
16
27
9
39
6
16
4
86
63
44
64
49
55
31
10
57
33
99
15
105
2
65
60
86
20
64
33
113
45
51
24
65
24
54
0
19
78
164
69
109
23
53
81
53
71
54
41
19
34
27
12
12
45
30
3
3
90
65
36
32
42
58
50
2
13
24
119
10
20
39
111
51
27
47
86
40
34
4
67
50
49
27
18
7
12
95
102
5
69
5
15
14
14
127
109
99
20
56
45
74
51
72
16
23
65
78
38
0
53
77
81
101
55
27
52
5
66
20
39
2
31
23
36
12
12
81
57
149
15
67
90
3
85
8
39
16
106
24
101
94
69
38
10
23
12
105
9
15
47
63
1
3
18
49
24
55
14
74
41
31
4
4
104
36
112
115
55
36
80
46
44
115
16
1
26
82
29
33
26
44
35
22
3
89
42
12
25
54
49
134
62
1
6
4
134
3
85
24
27
78
19
36
11
73
55
11
29
101
21
71
125
48
69
43
19
9
18
29
11
63
95
26
114
2
87
81
39
19
63
138
6
30
12
61
58
42
34
32
6
38
82
6
92
74
49
44
39
73
126
90
66
4
75
14
36
39
11
4
6
32
103
20
21
1
7
35
31
99
30
94
41
27
45
105
55
76
8
49
1
18
18
30
35
105
62
3
17
9
2
2
27
74
38
44
21
29
16
23
24
59
14
21
36
7
29
59
39
37
7
37
1
60
9
7
69
44
58
2
13
101
32
72
48
15
27
33
1
159
6
30
49
54
65
56
16
20
60
10
110
48
14
56
26
6
78
61
3
6
18
33
17
73
34
21
13
33
56
97
115
46
29
54
3
11
51
98
85
23
9
7
30
20
14
26
18
71
37
20
80
77
7
17
29
41
19
9
87
39
13
54
80
10
52
42
40
44
38
41
5
111
42
11
102
42
71
11
49
68
6
54
115
30
4
3
82
3
55
13
12
10
60
33
11
45
63
65
31
57
7
24
109
62
4
26
56
40
40
51
67
62
52
25
38
6
43
36
53
22
11
49
78
5
36
29
52
108
10
73
54
90
75
3
12
23
16
18
40
105
37
3
90
54
31
54
37
53
67
50
24
13
124
126
107
5
57
119
111
10
73
107
29
47
3
70
47
42
13
17
160
84
32
26
37
10
45
43
74
33
47
83
50
7
76
170
62
41
125
1
29
2
45
3
31
79
22
80
64
42
8
33
15
22
114
64
55
56
122
11
5
12
46
97
25
50
57
43
16
38
44
63
43
51
16
51
57
88
79
57
6
39
20
38
77
82
42
32
7
46
54
50
6
63
3
44
27
12
86
195
4
3
46
84
32
38
66
157
29
43
39
77
40
108
82
111
63
41
37
45
17
27
141
91
54
20
38
18
0
4
21
0
71
57
87
14
19
82
103
93
48
93
11
92
14
23
1
57
95
118
34
31
12
92
39
36
14
52
70
7
23
4
132
32
2
83
28
53
36
76
16
2
13
93
73
77
25
56
26
103
9
49
83
15
63
96
31
4
71
59
126
8
54
97
24
58
96
27
21
20
57
27
56
65
54
30
28
101
39
58
39
70
31
27
30
83
23
56
42
43
57
119
46
4
32
6
26
119
30
27
67
42
52
48
64
51
24
12
114
74
115
31
29
31
28
15
32
36
22
87
21
10
27
79
52
1
21
2
60
50
42
59
11
57
61
6
143
58
10
11
28
1
35
23
2
28
55
62
63
4
11
13
16
108
8
55
50
87
4
81
3
2
10
73
76
26
99
40
13
25
17
36
95
44
4
80
17
116
27
6
18
81
26
90
9
75
28
40
80
30
14
26
10
7
18
72
35
97
106
30
49
86
3
36
18
8
67
22
19
32
128
19
53
20
68
56
1
28
3
49
2
7
103
1
108
32
71
3
23
41
67
10
52
4
8
7
98
5
93
30
36
67
26
69
31
7
4
0
70
2
128
38
21
57
14
12
22
26
24
56
76
42
78
60
98
25
95
89
43
15
161
71
24
28
52
55
95
15
34
51
20
25
71
99
46
36
1
63
12
30
69
74
20
5
75
31
29
25
3
5
11
78
23
27
9
7
60
28
11
91
5
42
31
6
61
57
81
43
18
4
35
7
115
57
8
170
31
17
30
15
50
49
7
70
43
2
130
36
56
19
30
5
13
47
24
151
29
19
39
3
17
100
100
1
37
28
56
17
78
29
58
32
23
41
110
124
66
58
57
23
106
73
95
30
73
26
29
32
35
95
29
17
82
77
98
73
10
12
57
70
27
2
32
23
6
62
25
116
12
8
7
102
38
17
18
25
58
3
7
25
69
82
1
64
123
18
59
45
36
51
41
97
117
25
41
1
61
63
73
123
27
5
70
82
73
8
40
49
33
113
35
14
65
28
19
16
23
18
82
93
33
18
15
47
13
36
16
11
5
14
79
42
24
86
16
16
58
35
33
5
36
53
12
8
46
57
105
23
32
38
18
50
98
5
22
20
4
31
34
58
98
26
17
6
83
10
50
56
96
13
86
106
86
48
76
15
56
75
15
103
15
69
8
60
35
12
95
76
57
3
130
10
69
20
107
4
8
51
59
6
53
3
59
39
71
96
19
11
39
48
3
22
24
17
52
71
6
11
19
127
14
69
14
69
11
1
57
16
18
45
6
28
46
51
76
6
2
70
32
34
7
8
40
17
66
23
20
15
17
30
80
31
29
35
15
41
12
7
64
68
13
15
27
78
97
20
7
52
27
4
34
63
28
130
53
33
5
103
33
25
120
75
35
37
40
81
46
20
15
9
74
4
16
54
55
78
9
54
25
11
71
54
40
13
30
23
34
25
60
22
42
48
24
85
92
94
74
46
27
27
72
80
42
21
28
4
8
50
8
15
24
74
95
10
40
80
17
62
3
40
41
85
30
116
9
12
5
36
27
24
24
13
5
28
39
15
55
18
94
64
29
66
14
7
46
3
29
74
55
7
1
92
30
64
13
17
28
86
0
13
11
79
84
18
23
31
12
90
24
8
25
31
17
47
39
12
72
25
10
84
18
21
35
46
10
30
24
79
24
9
57
15
7
73
46
38
15
92
21
1
8
21
19
122
95
59
41
33
23
36
32
16
48
80
84
15
34
84
42
19
28
15
79
30
55
1
7
25
91
47
42
40
30
9
100
67
20
62
113
43
30
3
8
30
5
9
24
53
84
23
3
63
39
87
41
50
83
79
40
15
35
20
4
14
50
45
5
25
71
8
13
36
13
93
57
74
40
20
15
39
51
14
17
3
56
11
51
1
51
61
52
10
69
78
39
13
18
22
29
48
11
12
63
5
48
52
19
16
67
15
25
107
13
7
8
59
82
78
50
14
36
25
28
60
47
16
34
53
17
15
27
75
21
10
17
50
87
33
39
15
23
13
14
53
97
18
16
61
73
32
21
28
35
8
145
47
36
42
82
10
20
35
24
33
43
7
2
3
21
72
60
1
75
61
25
16
38
56
19
59
33
29
49
16
40
35
45
18
29
75
33
36
66
82
39
6
18
7
12
83
57
20
32
66
32
28
33
3
74
17
18
38
19
78
32
1
37
21
9
11
15
35
45
23
36
56
25
63
9
59
8
6
58
32
11
32
6
54
65
4
47
19
94
21
26
24
52
8
32
24
53
86
8
41
91
57
6
56
53
36
47
46
70
26
10
12
48
35
51
0
86
3
21
57
70
36
55
52
2
0
61
5
3
5
160
74
107
47
112
60
62
17
56
112
94
34
10
47
6
47
55
24
16
55
57
11
3
10
45
102
28
17
46
7
39
5
42
15
60
35
49
18
24
10
43
15
56
3
8
27
57
70
43
28
73
65
77
33
55
16
19
41
4
34
18
125
58
74
9
14
53
0
31
55
67
54
25
15
46
6
38
89
88
93
71
45
13
20
3
5
79
29
15
18
9
48
33
76
17
29
86
82
60
45
66
40
2
46
0
15
2
12
37
108
5
27
36
28
1
16
4
38
53
37
44
25
21
12
32
25
37
60
5
51
21
1
37
40
1
7
7
106
5
69
0
68
36
41
15
1
27
61
29
137
2
42
11
15
1
47
22
46
76
47
38
14
104
45
2
78
32
29
13
30
18
61
19
5
90
7
66
16
92
8
6
5
110
16
23
20
3
8
3
22
11
6
24
19
24
18
107
55
10
55
64
28
27
45
74
43
31
3
29
26
18
8
97
27
14
61
36
6
52
6
39
128
38
9
13
62
21
68
28
53
40
34
16
46
5
10
55
17
55
5
45
21
15
86
33
66
64
37
16
5
46
37
95
35
40
29
4
0
27
16
6
25
47
22
57
18
45
9
46
32
14
25
58
22
7
41
2
6
12
55
42
11
8
14
52
63
12
26
11
40
22
15
62
30
26
101
3
8
62
47
26
51
42
31
9
52
51
47
15
30
52
73
3
58
47
41
32
58
10
69
15
45
49
56
59
10
52
30
0
38
7
27
23
13
66
29
103
1
20
12
17
108
5
7
4
45
5
22
32
63
28
42
6
80
52
6
25
2
78
62
35
13
3
21
24
2
33
15
34
17
46
7
55
8
12
30
7
24
59
43
45
28
33
11
41
13
10
104
3
19
77
23
60
86
12
12
31
38
4
20
9
10
7
42
27
5
4
93
32
20
10
60
2
12
11
32
2
44
13
7
101
29
9
36
18
9
37
30
71
9
28
46
32
3
6
47
15
11
5
57
14
29
30
27
64
2
18
23
49
3
15
20
59
22
5
17
6
0
68
2
43
13
0
6
15
13
22
16
2
91
20
0
14
14
61
82
40
33
6
50
16
39
50
24
1
53
50
11
10
85
27
68
30
40
31
19
10
15
18
18
13
4
1
54
48
97
82
47
40
15
18
16
27
27
4
42
25
42
77
0
33
16
95
85
14
4
30
66
24
27
75
50
34
1
48
30
3
6
38
9
40
13
16
3
50
16
43
27
6
24
27
12
81
48
39
58
55
9
11
19
37
49
27
31
23
63
29
31
51
25
44
78
21
61
25
86
21
25
12
36
47
5
37
14
57
35
9
18
34
37
11
67
21
49
24
5
32
69
17
26
33
26
77
37
55
81
15
3
16
25
14
41
29
18
26
6
54
32
20
37
28
53
54
3
34
116
43
24
82
13
31
6
18
21
39
37
23
65
0
55
11
35
40
31
24
54
44
40
4
32
14
33
37
12
23
2
56
26
8
2
28
5
38
17
49
2
63
8
33
22
47
32
7
23
10
90
113
32
21
75
39
36
19
40
62
55
60
0
9
11
45
93
13
44
8
21
40
23
70
28
70
50
47
10
12
35
11
51
44
21
32
28
44
53
29
10
31
17
3
18
15
7
24
35
9
75
8
4
13
22
2
12
52
12
3
19
78
75
13
9
29
35
22
16
41
19
22
6
16
41
67
20
61
14
32
21
58
15
54
44
20
6
49
3
33
21
9
6
28
13
10
36
6
26
46
13
3
96
10
42
27
32
17
65
32
1
29
82
38
4
2
48
54
50
94
15
9
84
34
69
41
44
42
29
17
7
9
55
19
40
25
9
16
30
20
6
35
65
10
57
25
58
14
43
22
0
18
26
24
5
25
27
6
56
17
13
30
19
14
9
5
34
19
8
15
66
58
62
14
7
22
25
62
14
1
58
43
3
1
9
19
71
17
2
73
27
23
18
11
36
17
25
40
38
23
12
29
9
30
15
20
38
40
19
86
5
29
26
78
1
44
38
73
56
54
3
65
23
19
2
36
32
31
26
1
10
22
37
56
15
32
5
16
11
11
11
37
34
8
33
71
23
68
71
21
17
26
24
19
8
83
25
18
22
11
4
45
30
8
12
20
27
19
50
66
28
84
8
8
52
35
58
20
30
18
46
38
58
1
3
53
13
9
17
6
12
21
46
35
47
12
9
37
3
33
12
13
17
29
33
70
38
28
25
18
54
27
38
34
2
41
27
30
14
16
26
11
59
2
21
16
79
32
16
29
16
42
50
20
23
17
26
3
16
3
64
48
37
70
14
16
25
27
19
48
11
61
62
31
53
42
12
46
41
22
0
44
77
6
56
34
17
61
12
6
4
24
83
25
2
21
10
7
2
4
41
20
50
25
66
20
34
9
30
65
8
44
32
49
22
45
11
88
33
15
8
44
28
32
81
23
11
71
8
4
23
16
15
19
63
48
10
43
16
19
17
2
41
85
36
22
24
16
5
45
11
40
22
43
22
20
18
34
47
9
44
16
49
42
14
34
13
12
2
24
6
63
32
44
58
18
7
3
29
8
1
40
65
86
34
13
2
37
2
5
64
9
50
2
3
6
23
3
25
38
44
42
18
2
9
14
6
39
23
2
56
39
49
23
8
14
10
23
13
16
14
3
18
9
1
39
9
19
19
16
28
21
41
32
1
7
21
19
0
31
29
9
7
51
28
30
59
41
44
19
34
2
6
12
27
24
3
76
60
16
3
9
14
1
9
24
12
47
21
2
55
39
18
5
10
2
26
33
7
28
6
12
86
8
21
15
26
26
5
50
4
13
27
34
23
25
50
9
16
19
24
29
4
50
23
9
16
9
13
48
41
50
13
19
11
11
15
25
5
10
8
13
17
18
41
4
19
26
52
14
33
12
30
5
59
18
39
3
17
10
73
10
18
5
9
58
40
23
8
5
27
15
18
44
43
21
22
15
10
15
38
76
4
81
34
14
18
18
31
35
18
39
27
23
8
56
32
30
3
45
9
1
15
5
15
1
42
14
53
28
2
12
13
10
44
7
32
7
1
2
26
34
43
11
27
22
6
0
37
28
9
13
18
1
19
26
23
28
7
3
12
11
64
6
15
7
16
33
27
8
30
11
20
18
47
29
4
14
27
48
43
19
8
4
36
9
13
1
5
45
16
6
21
23
18
34
24
11
26
10
7
0
24
27
23
18
15
47
9
6
25
1
25
15
30
37
10
28
15
17
28
26
17
27
16
17
27
13
45
26
11
36
7
32
9
39
9
41
0
63
24
37
7
1
16
14
35
25
13
53
6
46
53
5
42
57
7
37
31
68
9
29
41
70
60
16
10
49
42
3
48
14
5
37
21
15
8
11
7
38
20
35
27
15
41
3
18
55
26
70
7
7
22
2
3
3
12
20
34
30
20
9
56
6
7
12
7
29
7
34
25
38
10
6
9
28
2
46
5
30
41
62
3
37
16
5
11
12
6
52
18
31
3
5
51
4
13
31
3
4
22
56
5
16
23
9
11
3
8
12
4
7
5
19
6
13
6
5
4
25
2
12
7
37
38
25
9
12
6
39
19
7
29
28
3
8
19
39
3
12
15
24
18
17
39
8
12
22
72
19
17
38
11
23
3
1
26
27
21
13
13
25
22
11
15
17
23
23
5
27
18
12
48
5
20
6
17
2
33
23
15
2
3
12
20
2
14
21
18
20
51
26
15
7
6
4
6
16
16
6
4
3
19
23
35
8
25
5
6
15
11
11
4
20
18
8
6
9
11
47
31
2
19
23
17
15
2
12
49
13
0
4
43
23
33
1
11
48
10
36
12
25
36
11
7
18
2
9
6
6
25
6
9
17
4
26
22
39
9
13
5
69
18
17
14
8
1
22
25
2
8
3
19
3
10
12
12
14
9
20
7
34
3
1
3
2
4
1
4
27
11
11
32
3
11
24
18
3
30
18
23
2
4
10
6
33
7
11
24
3
6
5
13
33
18
38
21
5
13
8
4
12
15
2
5
17
13
22
2
3
30
33
25
7
37
4
23
4
10
2
21
13
8
8
25
29
10
3
18
8
0
31
5
10
26
13
4
30
13
6
24
7
47
35
12
29
9
4
1
3
31
9
5
22
1
20
24
9
20
15
9
7
28
35
9
4
21
2
5
10
2
0
7
6
2
25
9
13
9
23
22
19
22
0
4
24
10
24
17
7
1
1
16
18
5
25
10
0
21
8
24
9
9
1
28
21
17
9
2
8
23
7
3
1
20
2
3
17
9
24
17
5
6
37
18
13
8
8
7
9
8
6
25
7
22
6
30
0
3
13
9
10
14
21
7
1
19
16
9
19
14
7
1
14
6
9
20
15
11
3
15
10
5
34
21
19
23
6
11
19
2
24
2
2
19
21
2
4
19
7
11
4
0
4
8
11
8
4
10
4
16
12
15
30
4
7
8
17
10
6
11
4
2
23
16
6
25
15
2
7
2
2
17
3
13
10
27
18
9
6
8
8
14
8
5
8
11
19
7
3
18
2
0
15
8
5
2
3
11
17
14
11
5
6
5
7
13
24
24
1
2
10
8
20
4
7
5
6
21
6
9
11
5
21
19
13
10
7
2
4
2
16
5
12
10
1
19
5
1
11
1
4
11
4
4
2
2
11
18
2
6
16
2
2
8
6
4
1
8
7
3
2
1
5
2
7
17
8
5
20
1
6
8
11
8
5
9
1
16
1
5
3
11
9
17
2
5
6
9
1
13
2
13
5
8
0
3
5
4
1
4
3
4
4
2
2
6
3
7
4
4
3
11
7
3
2
3
1
5
1
11
0
5
7
1
4
4
3
1
3
1
3
2
0
2
0
2
1
1
