20
0
26
10
2
20
5
5
6
20
50
29
93
13
116
69
36
7
3
9
24
11
27
56
21
95
1
29
15
20
11
5
30
24
30
4
56
37
4
24
3
98
8
27
25
32
13
39
19
3
8
35
30
75
4
109
50
41
80
23
80
34
45
53
46
60
30
114
20
20
23
10
34
24
43
72
10
60
19
26
8
51
127
34
45
78
59
45
15
24
5
11
60
103
47
15
45
56
20
31
0
14
79
27
17
39
2
93
54
36
39
107
107
20
33
17
8
45
41
3
46
46
36
37
15
78
52
78
37
46
49
32
67
22
53
13
10
32
29
76
44
90
12
12
50
32
55
112
3
42
78
17
25
36
9
94
20
0
62
70
41
57
19
58
8
42
45
87
6
68
44
134
2
1
91
120
122
40
79
29
129
31
57
60
70
32
51
19
72
89
35
1
87
6
57
19
42
86
37
109
2
83
90
43
4
32
27
17
13
29
0
87
85
104
23
144
53
96
14
5
2
34
24
29
0
24
4
93
3
59
63
48
35
18
0
31
154
3
22
53
74
47
64
71
69
73
80
11
77
13
54
44
110
23
17
1
114
69
102
46
13
112
12
2
79
46
84
54
9
37
44
29
93
61
4
6
191
30
72
52
57
52
45
159
26
46
18
16
43
45
25
76
39
7
44
51
67
56
82
25
22
54
69
21
85
46
23
27
64
74
42
14
119
65
73
7
25
46
23
37
28
118
74
78
16
26
175
80
32
21
7
46
42
3
21
60
17
37
71
85
26
40
37
69
80
12
74
132
54
4
6
49
36
61
3
53
80
68
63
63
44
51
15
58
78
18
21
79
31
7
90
49
61
32
35
2
113
62
49
37
16
38
52
22
47
98
23
3
30
7
47
3
19
6
98
20
67
43
28
56
65
3
71
54
26
9
78
72
6
104
35
53
72
67
57
121
48
21
15
9
79
137
14
58
18
19
3
71
118
33
5
18
0
38
36
50
67
40
80
22
32
94
17
19
6
52
55
28
46
26
105
18
96
6
82
123
98
71
70
110
23
18
8
5
17
153
22
77
21
63
16
89
62
0
16
70
95
32
66
64
164
7
34
41
74
25
79
8
18
72
56
6
15
9
12
8
47
10
23
43
31
26
17
2
72
53
30
4
92
11
56
4
58
68
117
18
22
0
73
89
29
65
50
38
1
1
70
44
102
104
90
40
92
95
16
42
14
2
73
88
62
69
20
131
7
14
32
106
30
92
6
159
67
141
39
30
98
14
92
55
22
35
54
75
64
24
2
79
29
40
5
24
33
166
67
101
1
99
5
60
139
8
86
67
26
37
34
45
11
121
60
24
45
50
106
2
33
24
6
89
80
101
49
4
38
21
39
6
10
19
15
7
49
59
57
102
76
164
35
29
93
33
6
59
181
15
34
122
85
14
52
36
20
4
30
73
36
20
24
19
82
56
50
131
41
94
67
73
14
23
38
28
143
54
31
46
1
121
25
18
34
12
3
83
5
95
29
53
67
6
76
43
29
38
47
17
34
54
8
46
19
40
79
5
45
29
99
41
17
14
28
21
107
99
109
31
139
65
59
4
27
3
67
107
31
55
57
101
32
3
9
94
22
138
103
85
32
41
34
72
39
32
54
36
40
74
56
2
13
90
68
40
33
17
97
10
21
103
48
75
91
23
18
85
43
98
110
78
68
45
111
27
70
10
76
32
51
9
38
99
67
29
96
27
62
100
45
62
24
113
56
105
14
18
3
5
48
33
6
55
4
57
59
54
47
31
75
8
14
107
51
85
83
11
41
17
32
11
41
101
53
50
106
73
16
25
117
40
49
114
68
25
76
30
43
54
43
64
30
81
59
65
24
187
29
92
29
6
43
62
114
55
1
46
25
12
52
89
32
28
65
60
74
17
151
13
37
126
36
60
47
54
53
55
50
54
44
47
1
17
3
43
17
19
65
52
64
51
52
92
89
22
34
19
1
36
52
61
4
64
101
88
32
49
13
49
29
50
95
22
77
14
21
110
16
75
20
28
10
0
104
99
4
16
11
84
106
43
61
40
11
35
27
51
59
14
13
65
25
131
65
30
125
31
52
92
66
59
43
20
20
9
13
16
56
33
27
29
36
18
13
41
9
17
71
5
52
52
63
7
9
64
50
41
67
7
22
43
69
93
13
86
32
18
33
3
59
95
76
34
90
18
107
103
31
51
20
87
38
86
116
6
46
39
48
1
9
47
70
47
35
49
57
40
36
27
45
62
128
9
72
46
50
9
10
12
44
41
23
69
92
31
93
28
44
4
19
28
34
44
22
28
31
43
31
2
28
2
2
45
21
26
24
50
30
64
72
59
132
40
69
36
54
34
58
1
2
47
42
32
11
44
38
88
14
31
2
85
21
21
48
77
83
31
3
10
5
7
61
78
43
4
59
50
5
60
36
7
77
3
103
90
110
39
8
94
2
110
19
62
23
4
82
10
68
49
82
57
97
104
11
39
82
4
61
3
88
29
73
46
31
109
43
51
36
49
65
74
21
30
40
32
22
2
37
2
13
45
20
130
79
6
47
40
19
11
35
8
68
20
55
83
23
80
26
65
55
130
38
25
73
0
54
75
112
69
80
149
30
54
56
23
1
45
58
33
46
24
10
27
45
5
42
16
61
110
46
12
40
46
73
59
62
9
4
75
76
114
115
15
26
35
94
27
9
12
11
64
46
11
83
71
29
89
41
19
38
32
65
75
94
57
15
3
96
21
63
38
18
26
50
81
60
54
23
23
59
56
11
22
88
75
119
21
18
13
15
102
13
17
32
12
23
38
34
18
4
116
61
63
16
61
74
76
67
56
23
10
113
74
45
60
51
25
40
24
66
36
21
65
55
39
68
8
71
30
18
13
41
11
23
42
67
14
10
36
53
110
88
107
9
63
45
125
88
49
21
2
73
25
28
54
135
35
22
26
93
6
27
11
13
80
20
53
13
55
114
30
47
31
13
10
92
11
133
1
90
46
94
56
80
88
12
10
30
86
21
7
45
3
93
38
77
1
29
93
29
15
40
62
28
18
22
41
48
79
57
73
59
46
30
23
56
85
10
74
83
67
25
8
30
25
13
12
53
177
100
81
11
84
27
143
41
26
125
86
93
66
80
70
65
28
14
1
19
63
16
4
118
28
11
17
75
42
56
47
41
134
18
63
5
3
42
9
55
14
68
86
50
47
66
25
3
38
64
2
12
99
23
68
114
56
26
32
7
17
77
54
34
53
7
17
90
8
37
44
39
32
17
67
44
137
40
3
98
58
49
42
44
64
72
2
121
24
57
103
16
5
95
82
3
161
113
61
57
0
19
41
6
81
10
7
53
51
44
49
36
31
55
1
53
47
96
112
51
25
58
69
54
59
7
23
82
37
93
3
96
51
41
31
41
47
77
40
53
0
20
37
11
34
52
39
16
16
23
17
47
23
30
50
52
150
12
19
20
47
70
27
114
42
24
138
51
2
126
62
80
70
36
41
108
20
15
18
37
25
3
66
3
53
26
42
85
87
14
42
42
56
27
11
23
32
46
26
76
23
43
46
7
21
61
33
82
14
32
78
90
3
12
5
66
31
81
20
19
12
20
33
11
28
25
14
2
81
68
48
48
38
56
15
73
37
1
57
87
30
20
39
93
87
61
17
13
2
33
36
43
58
82
69
28
66
75
61
8
24
13
2
6
11
0
39
36
29
14
14
29
56
90
20
45
14
14
52
99
26
17
102
3
6
7
13
9
41
29
36
96
48
58
33
43
99
15
77
28
46
2
100
45
48
17
119
39
23
96
119
9
50
25
27
56
23
131
17
41
36
15
34
33
26
44
16
43
46
15
21
24
3
47
48
24
65
82
48
6
37
65
94
18
15
54
12
17
23
44
17
57
35
40
0
0
46
89
18
2
16
144
70
24
37
75
19
14
31
23
20
20
29
69
62
11
60
18
5
30
36
60
137
4
18
12
21
72
89
112
65
18
14
21
20
84
11
1
25
20
5
24
65
46
16
4
59
46
78
68
20
58
9
19
90
99
74
32
112
104
2
20
19
11
42
43
16
79
60
23
96
67
21
25
8
10
24
6
38
3
34
3
27
14
41
17
29
35
3
36
12
6
32
37
50
18
25
26
8
68
33
3
3
96
85
15
76
28
64
27
81
71
50
26
43
84
33
14
14
44
41
39
49
22
23
80
30
24
27
29
73
46
35
20
7
12
98
2
27
57
108
32
39
38
80
31
36
32
9
20
63
8
37
74
122
127
44
122
27
65
26
8
44
35
23
1
40
83
27
13
20
23
6
66
6
23
43
68
20
1
36
2
40
166
81
7
24
15
42
92
24
51
69
67
42
38
39
92
52
9
58
30
83
61
11
24
11
31
108
16
73
25
45
36
30
35
40
29
66
5
8
38
70
60
21
2
73
27
85
35
7
24
14
8
60
60
28
32
79
10
60
22
11
30
87
80
25
30
57
13
71
9
12
21
57
20
12
49
9
7
17
45
51
62
36
13
54
34
51
90
9
3
25
63
65
60
22
15
23
47
39
47
12
26
32
3
35
85
19
17
13
72
21
2
20
20
37
43
39
64
102
21
20
83
30
101
5
16
18
33
13
57
80
60
8
20
40
24
34
20
18
58
62
30
12
25
7
86
2
59
20
31
38
77
27
9
31
111
16
19
66
36
22
19
34
27
3
40
30
103
64
47
16
22
81
55
81
11
33
2
84
33
15
106
1
35
56
62
36
82
29
39
8
56
32
36
41
28
60
4
18
84
44
2
6
58
56
38
3
93
39
71
47
18
28
0
86
69
100
91
52
48
29
29
90
79
36
52
31
104
14
47
41
14
19
75
61
19
49
59
10
54
19
25
95
10
19
38
14
35
10
29
39
40
16
91
45
34
78
10
17
9
60
53
63
19
106
4
75
48
62
55
66
1
31
3
15
41
50
15
84
2
18
45
55
76
2
38
105
41
46
31
17
26
5
106
29
43
80
63
22
30
70
24
63
17
53
1
11
17
3
45
23
48
63
0
53
30
79
43
47
37
57
42
28
2
43
63
21
20
24
114
6
13
54
2
15
68
78
26
37
38
14
2
41
10
25
8
58
37
98
27
1
7
24
71
44
23
53
11
18
2
24
46
0
54
66
38
95
48
83
17
73
7
50
61
24
41
38
70
40
31
2
67
1
10
23
16
3
15
29
57
17
53
21
50
1
40
17
12
13
5
32
60
5
29
59
78
81
15
31
9
11
56
46
42
9
35
22
58
83
94
78
1
42
25
31
35
40
19
60
122
1
28
4
79
42
14
60
18
156
29
80
35
16
20
102
60
39
12
1
34
4
26
11
57
24
51
11
5
80
49
48
5
3
63
37
23
64
80
44
83
33
62
34
73
41
39
44
9
55
8
22
21
57
1
45
22
39
8
15
8
40
38
27
49
54
43
52
40
6
30
12
26
7
120
10
10
77
3
37
13
27
10
52
14
9
61
28
26
138
61
87
66
89
20
16
35
3
45
31
29
32
16
15
46
73
63
4
43
3
11
29
24
56
19
3
15
42
24
9
36
40
15
119
22
74
18
22
44
105
66
62
13
73
89
5
53
50
97
14
15
51
25
113
27
83
17
38
35
6
10
12
7
2
3
28
35
60
52
27
14
40
57
10
26
24
40
44
1
7
11
13
65
100
37
40
22
14
76
55
52
10
25
63
4
37
26
32
18
17
50
55
61
18
14
61
19
48
36
53
111
25
36
51
17
65
6
28
9
0
46
13
18
52
76
19
48
12
52
14
15
13
42
9
4
11
24
57
44
42
52
18
14
26
9
52
19
68
41
44
17
3
29
21
23
96
116
36
30
18
14
50
49
31
68
39
13
30
75
11
29
21
1
43
23
23
19
70
30
12
40
42
36
4
19
32
42
38
7
29
48
64
31
52
38
31
82
21
14
0
105
33
23
79
34
2
45
29
5
32
39
25
7
8
10
101
21
25
8
23
11
31
30
9
9
23
106
48
7
28
69
58
22
27
63
56
14
21
39
131
30
104
30
7
35
18
16
24
35
24
83
59
25
2
10
40
51
57
86
25
18
26
3
55
3
12
63
43
62
22
41
86
59
7
23
7
82
32
47
40
32
51
3
32
14
39
29
47
32
13
42
5
9
28
7
21
15
47
22
20
40
35
58
39
68
12
39
32
8
25
4
36
10
10
42
57
47
19
6
89
30
71
5
19
30
26
36
25
5
96
4
45
24
11
11
37
56
2
11
2
59
49
29
16
19
8
54
20
5
61
29
12
13
4
0
53
43
5
26
29
49
16
39
49
27
40
31
12
91
135
10
22
6
42
46
11
41
35
7
12
1
7
101
17
42
15
17
0
74
28
11
36
31
28
26
53
11
40
41
3
22
18
29
38
54
3
6
33
44
27
5
32
5
24
4
75
12
12
42
52
74
61
29
20
21
21
78
14
18
18
6
77
31
35
85
59
98
31
18
61
21
11
67
60
28
5
51
32
54
29
12
9
38
67
66
11
59
25
43
17
77
11
15
32
44
37
33
49
15
49
84
1
5
9
19
97
76
0
20
43
5
47
11
44
16
19
19
4
15
0
6
37
18
36
37
48
1
9
6
50
35
20
22
34
7
8
39
32
9
74
11
12
27
42
15
10
37
42
32
9
29
9
46
15
20
3
16
67
26
7
23
12
79
46
6
33
20
10
67
4
44
61
33
10
10
25
2
31
17
39
2
6
10
53
40
2
27
44
62
48
0
10
9
50
61
48
2
12
38
35
24
10
9
11
68
43
28
53
28
53
6
6
13
8
66
19
89
46
21
29
3
11
34
20
29
10
26
3
21
58
10
43
4
15
28
14
4
73
11
35
43
50
17
16
32
27
23
54
26
67
26
25
33
15
8
36
8
1
9
40
31
28
22
16
11
8
21
7
2
7
67
14
64
26
8
50
2
23
34
40
3
10
8
8
50
36
21
22
25
13
39
13
64
0
70
53
71
60
0
34
11
72
16
9
8
18
28
46
12
9
1
8
57
10
18
17
35
49
17
31
26
29
58
39
38
33
12
12
33
23
45
0
17
8
7
29
6
29
41
69
14
19
98
40
2
29
6
38
17
37
0
44
71
27
25
27
15
13
30
16
3
39
26
20
20
49
28
1
2
16
21
2
39
2
57
27
31
18
38
13
13
18
5
59
28
5
3
88
6
15
35
55
29
12
13
2
27
36
62
27
2
18
32
27
49
58
4
57
25
28
22
3
34
73
29
27
43
16
61
57
24
14
7
1
26
23
19
1
22
5
21
25
19
41
33
63
25
50
50
1
51
0
51
43
52
36
12
68
4
28
16
1
30
36
29
56
12
42
1
21
32
14
3
34
61
10
22
22
47
39
34
22
32
34
19
34
56
34
51
62
10
4
11
39
66
10
56
21
28
35
73
58
9
3
16
14
27
28
9
36
38
24
1
45
53
1
21
19
6
26
3
17
15
23
9
18
29
16
10
19
47
4
20
41
27
1
23
29
7
10
20
14
60
36
21
104
8
3
120
31
3
43
24
11
62
1
28
0
35
16
18
1
25
19
11
43
26
6
23
9
22
18
12
25
14
57
9
5
12
8
86
40
14
3
21
38
9
65
15
5
54
61
8
24
17
14
8
61
10
60
8
24
21
37
7
1
16
8
2
28
3
35
9
31
0
18
33
18
46
20
5
3
52
22
27
29
77
67
16
46
24
16
21
7
14
63
20
28
6
46
37
37
28
23
17
11
56
20
9
30
48
20
47
29
41
13
11
24
39
10
5
78
45
27
26
19
23
16
29
24
3
11
13
31
13
1
10
30
4
15
19
10
53
30
7
15
27
49
45
1
4
46
30
5
31
14
9
6
27
5
76
71
10
54
24
55
32
13
67
18
19
48
40
21
53
30
88
13
29
3
14
17
11
22
28
2
12
32
33
64
2
10
17
23
13
4
28
16
19
3
27
14
25
33
8
1
22
15
22
19
1
9
34
25
4
10
13
22
1
50
2
21
15
29
9
7
12
14
26
29
48
56
3
24
10
4
10
14
5
38
32
40
21
1
18
34
15
2
8
1
10
1
11
19
5
4
21
11
12
45
28
57
4
26
13
18
44
6
24
2
28
1
23
20
6
10
20
13
14
22
26
35
15
18
34
3
2
14
8
4
51
20
4
22
39
40
28
7
45
21
2
71
2
9
35
57
6
24
6
13
4
26
9
17
5
29
56
12
2
52
26
4
36
5
33
28
5
20
47
31
10
2
13
20
27
17
2
4
35
65
38
4
25
16
12
22
2
8
53
2
29
54
77
2
78
8
8
8
29
2
52
19
4
64
19
15
0
30
37
13
53
19
14
4
2
10
17
10
24
53
10
31
5
18
11
15
10
51
14
2
2
8
1
55
38
58
7
10
24
38
20
18
18
7
10
31
2
5
8
21
15
7
19
45
10
17
5
18
49
13
14
3
0
10
7
16
12
6
0
10
16
50
30
6
53
22
20
10
31
9
6
22
0
28
3
16
2
22
1
17
24
8
2
18
24
12
0
2
0
14
5
13
17
3
0
8
15
64
42
3
6
21
20
13
4
31
58
15
2
21
5
8
14
6
29
10
25
21
5
10
3
0
13
9
4
1
6
0
5
16
30
21
62
34
13
13
21
9
15
5
11
39
7
25
28
7
28
10
17
10
21
36
39
39
0
6
30
23
15
9
20
17
3
4
32
4
54
43
35
38
4
47
9
35
2
34
14
19
7
22
23
4
2
15
3
20
11
5
34
47
13
30
1
13
0
40
15
5
10
25
10
13
19
14
15
8
40
19
11
9
31
16
56
23
24
6
12
18
48
22
32
6
3
11
5
15
10
25
24
1
12
0
51
17
24
12
15
5
16
12
13
8
7
5
5
20
10
24
14
10
9
15
32
8
7
0
11
11
21
13
7
1
19
49
15
11
2
4
2
9
41
27
3
16
42
12
8
22
11
21
2
32
13
28
4
19
12
5
15
20
30
5
18
8
0
38
26
11
21
11
7
4
21
6
3
10
15
14
2
17
20
39
2
11
6
5
7
30
18
1
5
3
14
18
13
18
23
11
4
14
11
17
1
2
18
1
34
10
2
10
13
4
3
21
21
15
18
17
11
0
33
31
3
11
25
1
2
8
0
9
7
17
26
12
8
19
16
10
29
25
1
9
6
16
21
29
9
20
5
5
11
7
9
20
12
5
4
26
7
7
12
5
17
10
6
4
22
1
7
7
7
14
18
22
28
9
19
9
16
3
2
9
1
28
15
23
15
10
5
21
15
16
4
0
9
5
17
12
11
3
18
22
13
18
3
14
2
12
3
5
30
5
0
12
1
7
4
25
5
20
23
19
24
11
8
6
4
0
2
1
1
4
10
0
17
4
12
6
3
14
9
20
2
7
7
1
24
10
16
9
21
4
2
11
5
5
9
19
13
5
6
11
10
9
8
3
12
19
30
6
17
18
5
16
1
10
10
4
1
2
8
6
14
3
11
16
4
10
11
3
8
14
8
10
3
21
11
11
2
7
3
3
9
1
7
9
12
10
7
1
8
1
5
5
5
0
4
4
4
10
4
8
12
8
1
9
3
2
1
4
8
1
10
5
4
7
4
2
11
2
4
2
1
3
1
11
4
3
22
1
7
8
1
6
1
3
2
6
6
2
2
3
1
3
5
10
1
0
4
1
1
3
6
0
0
1
1
0
4
0
2
0
2
0
