44
1
67
17
13
11
3
42
50
14
19
34
53
80
8
23
5
8
49
32
42
20
4
50
22
46
7
5
106
120
18
0
48
23
30
35
42
29
46
76
124
40
19
30
84
72
1
39
5
12
5
9
33
29
39
91
16
30
6
49
55
22
9
31
57
72
73
53
14
68
52
38
42
48
14
94
42
144
66
24
29
9
25
35
48
4
98
30
29
86
55
86
22
16
30
77
42
7
42
3
62
14
27
22
36
71
16
49
29
49
64
25
4
30
56
24
36
115
43
98
57
82
48
84
99
14
94
14
29
31
35
7
3
6
4
16
44
4
33
112
2
91
19
43
53
83
45
6
41
8
40
59
19
63
143
113
57
77
46
39
13
6
130
135
58
63
17
50
71
43
4
38
34
39
126
1
42
54
1
13
2
96
87
77
118
34
100
61
85
94
4
80
4
6
51
3
51
43
51
16
64
43
8
44
94
10
37
92
42
35
81
12
72
63
6
63
9
27
35
76
35
51
18
17
13
149
90
81
80
28
34
11
22
83
33
28
29
30
71
66
26
80
171
57
66
62
64
87
120
64
90
36
50
23
7
154
125
11
13
40
4
137
30
1
90
6
40
32
13
11
85
30
140
46
19
5
83
92
105
5
42
48
30
48
121
79
77
100
2
7
45
46
120
13
83
6
60
12
21
33
119
8
201
73
29
28
23
15
14
39
36
17
18
63
61
45
116
10
9
95
5
18
29
157
28
5
2
86
163
107
13
35
14
86
92
26
32
108
92
123
41
3
20
138
2
5
4
59
25
80
3
84
113
56
17
76
1
189
41
19
20
70
59
78
28
58
78
12
69
48
10
57
2
62
19
10
35
21
8
6
52
3
109
80
26
139
14
70
0
45
45
59
9
11
99
57
62
53
62
58
101
4
1
17
41
46
114
55
77
20
84
3
65
98
102
31
39
45
7
13
30
2
45
74
55
102
138
17
4
11
91
58
73
42
2
67
121
10
71
42
66
34
97
13
13
21
58
50
54
38
32
12
1
15
35
6
56
7
24
10
73
3
7
41
3
7
28
36
47
21
138
24
1
19
10
76
5
1
17
9
37
73
67
29
39
65
93
3
110
18
86
5
59
97
77
36
18
22
0
81
29
85
88
69
30
60
36
8
114
111
76
6
108
118
96
113
38
13
35
11
43
70
22
55
50
122
10
62
67
18
18
53
98
16
13
27
108
6
23
97
12
73
16
20
56
25
33
37
5
40
17
112
19
17
36
46
15
52
113
74
1
4
34
12
26
102
106
97
43
19
70
42
65
40
141
40
11
1
72
96
58
25
83
45
18
17
88
38
114
42
67
32
98
4
3
63
100
5
34
42
90
20
48
63
44
59
80
19
72
81
43
23
7
112
55
69
79
47
1
35
99
40
2
24
36
7
22
32
36
15
12
16
96
77
38
91
43
118
2
10
30
45
55
11
61
73
101
44
72
98
32
5
17
98
110
62
45
84
15
51
85
36
59
8
48
14
21
11
15
87
64
131
29
34
42
33
69
25
46
102
53
49
77
22
99
11
79
10
118
5
28
55
65
33
46
5
15
14
105
11
32
59
133
31
105
193
30
18
53
97
89
132
2
40
65
80
47
4
124
54
51
60
77
28
38
22
33
32
62
56
37
116
73
26
3
160
105
5
3
30
115
103
5
89
9
9
34
89
42
43
4
28
92
75
27
80
3
34
8
55
27
37
53
90
6
43
45
69
50
84
4
42
28
69
2
96
45
34
56
132
53
72
4
45
85
127
15
5
8
49
47
13
38
54
25
7
19
92
24
57
43
12
13
56
50
12
54
24
106
117
18
56
76
97
102
31
69
85
5
48
64
27
121
8
5
67
46
65
55
29
1
52
20
0
37
31
32
114
34
29
25
61
4
94
49
26
79
30
1
74
102
43
102
63
47
97
65
81
2
55
55
35
73
28
26
54
4
99
48
65
12
2
27
5
49
44
10
55
37
31
42
36
42
8
28
46
42
124
45
39
39
77
8
25
70
114
68
30
25
57
63
5
71
28
24
28
71
64
32
69
26
111
117
88
25
40
4
54
49
68
7
42
19
25
33
16
122
31
12
63
134
46
40
72
70
26
38
63
57
38
32
39
45
116
128
34
14
42
91
1
46
124
70
108
84
85
9
2
116
31
23
13
124
22
74
61
66
63
116
127
121
66
30
16
14
96
14
6
36
35
15
51
0
62
28
78
92
9
126
14
16
39
1
68
56
19
14
0
49
19
54
6
88
70
1
24
15
8
50
35
58
84
15
65
30
21
129
59
2
53
3
34
47
97
0
25
86
95
24
21
62
44
21
88
33
66
11
14
32
79
33
2
7
1
5
46
182
13
17
21
29
26
29
21
101
8
80
38
2
61
74
45
92
6
23
44
72
54
45
70
16
105
56
7
133
75
59
73
85
7
21
50
78
59
19
23
27
20
30
26
14
3
25
47
46
98
133
15
40
43
9
16
14
46
81
64
61
66
40
74
28
63
9
24
16
34
42
17
2
14
13
37
23
20
13
28
81
78
33
75
152
43
33
37
7
33
4
23
71
7
10
108
53
17
10
45
5
73
17
26
23
32
72
27
8
40
61
72
14
136
39
72
79
51
99
17
85
46
55
22
19
0
24
80
8
67
17
100
52
99
17
0
76
6
31
75
62
62
22
2
4
4
42
87
55
17
93
58
23
1
24
47
43
67
15
0
38
1
5
52
82
56
31
29
54
86
44
53
4
1
76
31
20
44
36
72
74
13
53
37
108
91
83
65
45
3
11
25
22
37
84
15
14
32
74
58
2
78
42
5
13
25
29
14
87
17
4
49
26
12
12
60
39
38
19
56
70
5
62
8
69
1
78
16
12
40
61
37
85
43
13
21
65
9
84
0
40
23
16
58
18
20
6
17
25
1
55
67
76
104
73
36
90
20
58
126
47
71
67
71
10
22
24
92
35
40
25
64
94
1
7
6
83
11
65
126
79
54
9
6
20
23
25
24
31
73
16
23
51
23
73
7
87
54
26
69
72
22
62
17
6
66
68
10
88
7
20
25
53
8
5
34
37
73
17
53
21
43
53
87
115
46
35
17
75
58
126
9
28
28
10
69
52
52
4
39
28
19
15
4
29
63
65
31
16
64
125
76
24
43
4
10
70
24
4
28
66
5
55
25
43
52
40
12
39
63
20
96
38
25
5
7
98
94
71
40
18
24
30
68
24
19
34
8
29
44
72
72
96
7
38
70
54
154
19
19
137
13
90
19
11
198
5
27
5
23
91
24
46
130
33
38
29
24
41
27
18
62
52
14
67
32
63
90
23
5
0
120
117
8
36
21
16
35
70
48
24
1
2
78
1
48
77
84
32
27
19
31
16
0
26
16
50
1
22
60
119
40
53
82
75
40
37
29
30
71
14
5
17
27
8
7
35
83
61
18
7
12
59
6
16
2
20
8
42
71
11
34
91
39
16
38
37
37
14
51
79
4
21
0
39
62
18
63
7
78
84
3
104
9
71
30
82
98
66
97
8
57
91
21
53
39
36
126
9
25
1
118
36
61
29
22
9
46
5
118
100
17
1
49
84
14
22
88
38
13
29
3
20
11
16
29
0
66
40
7
53
13
20
29
2
55
30
63
22
4
28
65
137
12
42
58
42
6
79
110
21
61
9
15
42
24
61
32
64
73
55
53
68
0
37
85
93
61
36
103
53
75
28
109
54
52
85
98
63
18
3
18
27
11
25
46
6
54
74
65
94
17
93
42
2
74
16
23
131
85
20
51
59
58
23
14
27
40
19
7
16
4
47
67
7
48
40
96
24
8
50
34
30
10
38
0
9
62
59
37
29
7
16
81
76
38
50
13
122
8
25
33
26
59
113
70
7
33
69
9
68
127
18
99
9
2
16
8
30
56
48
1
14
45
47
99
71
4
34
84
38
35
72
36
16
20
36
23
20
13
56
15
53
26
38
103
30
29
24
10
13
10
43
50
21
10
47
24
81
54
2
5
15
24
47
1
28
97
41
96
76
56
36
7
70
33
28
24
90
36
29
22
45
53
19
147
19
76
102
35
17
30
35
15
96
83
33
50
26
16
57
8
8
33
98
96
39
17
15
24
3
12
13
29
28
70
3
20
26
84
8
19
33
31
53
39
16
7
33
31
30
15
21
15
20
1
62
42
44
42
156
9
29
1
14
19
23
68
78
44
2
74
37
31
21
32
13
32
37
6
72
19
39
95
28
25
17
67
28
28
24
35
13
60
75
56
128
71
22
41
71
30
47
10
20
68
25
29
26
98
5
14
42
28
110
47
58
95
11
50
99
25
36
115
24
74
56
72
37
2
84
39
12
50
4
57
32
50
15
49
2
31
125
14
97
34
9
14
2
13
69
23
4
100
27
1
32
20
32
0
16
25
56
50
6
45
33
18
27
32
15
58
50
20
80
32
10
83
20
41
72
62
74
14
12
1
28
40
24
6
35
28
24
76
45
6
4
123
83
93
63
69
40
28
25
63
60
133
73
38
13
1
16
7
23
10
81
26
7
67
86
23
19
46
10
10
17
20
20
35
24
47
4
29
24
14
5
22
32
9
10
74
25
12
29
106
45
72
27
26
32
29
15
59
14
142
37
46
13
30
80
59
61
88
104
79
40
81
58
29
62
43
45
66
14
43
48
25
45
97
69
9
31
11
31
39
44
38
45
31
103
45
0
22
2
22
22
35
9
31
14
24
23
90
56
49
68
81
58
10
53
31
1
55
4
4
39
52
13
46
11
19
19
86
20
38
27
0
27
54
46
6
62
18
44
26
68
27
66
18
28
28
81
32
49
30
6
67
19
44
27
32
20
39
38
12
60
54
12
27
75
85
28
26
57
8
3
17
85
64
20
25
91
135
57
18
90
44
43
58
13
20
52
45
75
35
78
16
32
13
18
91
46
8
169
135
26
68
25
35
15
39
40
24
43
83
44
48
10
29
82
111
39
26
14
8
54
2
73
14
114
63
40
29
69
15
29
28
4
34
13
13
89
13
5
51
18
51
41
33
12
12
13
17
25
33
33
77
13
1
8
5
15
23
22
44
38
81
32
56
79
34
21
14
53
36
17
45
37
38
12
49
33
33
127
7
85
1
64
4
23
37
75
22
13
24
12
47
35
2
60
24
2
17
49
59
23
39
1
34
75
27
4
92
26
23
52
13
65
73
25
49
14
29
26
56
38
53
18
97
81
2
8
17
43
16
22
11
36
57
39
45
52
64
45
54
59
10
13
26
13
38
14
111
1
3
9
72
19
4
125
14
16
21
6
44
3
61
56
26
23
9
51
50
9
4
102
75
10
24
7
40
10
11
1
1
32
0
32
27
8
46
20
4
65
13
6
62
8
25
38
0
26
43
5
21
11
28
37
51
65
52
107
13
24
26
32
14
15
5
21
41
10
88
2
2
35
73
27
29
17
56
26
23
85
26
19
72
19
35
11
33
12
18
5
24
38
18
8
18
21
49
8
57
4
43
38
101
43
38
62
26
19
33
35
46
46
25
34
13
25
1
63
63
60
28
17
49
12
34
27
38
12
56
1
9
15
45
57
14
123
2
16
44
21
53
8
61
12
25
20
33
65
70
41
71
24
34
42
10
13
13
5
34
5
39
11
29
11
36
73
54
47
0
5
34
17
23
18
41
24
21
15
42
80
7
1
50
3
21
15
39
40
16
28
11
26
26
91
14
38
18
1
44
34
41
93
28
50
20
41
35
3
27
12
25
42
1
6
92
61
53
21
9
36
31
48
85
45
53
1
24
5
21
28
2
0
26
28
58
1
16
59
2
74
23
34
17
4
33
15
32
18
73
26
40
58
27
28
37
9
18
8
69
39
13
41
8
47
9
20
18
51
4
14
37
8
56
35
52
38
27
5
57
11
7
45
32
46
20
24
109
43
44
38
7
5
7
18
17
15
25
8
2
20
46
36
35
16
61
28
49
5
52
15
15
9
46
28
61
42
37
22
56
125
3
65
34
44
32
23
35
26
17
103
9
0
34
22
41
17
37
12
25
5
1
10
98
22
38
25
10
63
34
3
14
25
45
27
121
50
25
32
35
19
17
27
47
69
108
49
16
7
30
47
8
14
10
23
3
3
33
23
19
43
38
36
37
37
43
63
25
12
30
14
22
56
43
2
2
48
20
22
4
2
29
47
12
45
11
7
7
25
39
10
96
23
25
7
28
32
14
48
7
14
47
14
25
2
38
29
0
81
3
39
46
3
114
29
62
11
20
58
44
13
52
19
11
53
61
15
11
63
8
11
28
60
1
63
18
10
69
64
12
86
2
38
64
2
56
11
2
4
58
11
11
34
29
113
45
42
10
32
20
22
9
35
13
44
1
4
44
25
44
16
13
10
51
44
27
11
46
35
8
65
14
3
15
1
30
58
54
26
82
28
4
32
43
86
28
50
2
2
11
74
65
1
55
15
7
86
57
8
19
42
42
69
39
56
35
41
43
46
2
10
27
13
27
31
47
91
7
64
48
31
9
8
32
17
20
32
17
21
34
11
22
8
11
34
8
51
4
22
86
7
75
19
5
3
91
29
11
15
24
13
6
28
14
25
31
1
22
16
42
23
50
32
19
14
37
3
79
25
12
2
42
10
21
18
42
29
45
19
64
41
34
26
18
7
28
34
19
14
36
31
15
19
51
2
71
30
1
23
30
47
55
16
15
58
14
85
18
24
48
22
41
27
3
5
73
25
21
6
34
26
53
27
54
2
43
79
19
8
2
5
88
77
29
11
17
46
34
4
1
26
8
42
75
55
8
20
59
20
11
1
10
84
26
1
59
15
16
20
47
26
11
46
38
15
30
33
11
43
1
0
18
15
12
31
45
53
27
7
3
3
80
42
3
12
86
26
16
49
24
23
3
18
0
2
7
52
21
44
9
0
2
58
23
15
24
24
25
56
40
30
3
14
3
51
26
27
41
9
9
56
59
55
2
9
10
5
12
38
57
4
72
72
75
59
44
6
16
16
19
79
18
21
60
32
61
39
24
19
63
2
34
104
22
16
40
0
60
1
33
23
37
29
18
65
8
34
0
23
23
5
25
51
57
61
24
21
2
36
16
18
7
14
53
67
35
27
2
16
16
46
36
23
39
45
54
51
27
4
15
11
19
16
12
13
34
1
6
30
37
48
49
20
25
12
16
34
11
24
72
39
3
41
72
32
25
8
26
12
1
37
9
6
46
26
40
13
47
22
23
9
7
23
11
19
24
20
38
26
61
2
41
55
39
3
11
6
23
3
57
5
17
43
29
51
1
63
35
2
2
9
5
0
30
7
7
21
42
25
11
35
18
2
50
11
6
22
36
47
9
22
23
11
5
34
14
7
43
9
78
6
30
9
27
18
28
34
49
36
17
41
28
22
28
5
16
0
30
81
37
7
44
21
63
3
42
1
37
30
9
16
30
8
0
38
20
13
0
42
46
34
9
41
43
9
41
29
47
11
20
32
4
8
1
12
19
19
9
8
42
22
7
31
10
12
16
30
42
5
7
7
16
27
52
25
3
28
36
43
43
78
14
16
22
27
15
14
5
22
4
5
74
21
52
18
41
7
0
40
10
14
19
25
106
36
3
1
10
7
1
18
1
50
16
12
48
32
45
15
35
1
3
29
5
4
5
21
24
22
44
14
6
46
10
13
22
20
115
21
56
17
31
57
39
38
36
20
59
14
6
39
29
20
63
55
10
32
26
4
41
41
14
20
11
16
3
19
7
22
39
17
12
81
57
7
18
41
28
39
5
4
17
5
32
64
6
45
26
17
19
1
64
113
50
35
16
22
21
16
30
12
36
6
11
9
1
12
17
25
11
12
0
32
46
12
9
31
18
12
16
43
0
12
26
46
38
51
13
23
12
7
12
1
5
24
19
8
44
31
21
66
51
15
18
2
52
49
6
28
17
12
37
66
1
3
1
36
15
43
19
24
24
12
18
7
15
0
20
30
9
12
33
7
49
7
11
39
24
4
4
15
79
37
16
30
46
25
3
14
14
21
0
20
28
5
5
33
36
5
3
2
45
62
15
10
19
14
36
5
17
21
43
26
15
26
30
33
58
8
46
25
23
14
15
34
73
10
22
9
22
6
54
18
16
2
5
1
10
24
4
1
47
17
34
12
22
16
14
10
37
27
39
24
10
1
32
3
21
36
9
34
13
4
12
31
15
6
15
21
23
45
33
1
3
12
33
2
19
17
27
26
16
33
0
24
46
52
18
35
66
20
34
11
22
29
19
7
8
3
1
19
10
14
28
25
16
29
1
9
2
40
54
30
14
39
6
45
26
10
38
15
42
19
18
17
1
33
15
44
9
17
5
30
27
12
9
2
0
11
0
8
11
6
20
8
25
0
7
14
18
4
33
32
23
15
70
34
6
2
14
15
28
21
26
33
1
19
20
13
21
7
13
22
17
23
23
27
9
4
24
13
7
23
10
20
38
31
16
16
15
12
11
7
18
16
25
11
31
41
13
8
5
24
27
31
14
41
4
1
4
2
32
40
35
10
14
16
21
6
12
5
6
37
28
34
3
28
19
22
8
20
12
24
19
14
22
18
4
9
6
40
7
36
34
0
6
3
32
11
27
34
24
13
9
14
2
17
37
5
7
1
14
6
17
48
29
24
41
4
22
0
3
30
6
17
15
28
24
27
39
26
36
10
14
26
4
31
23
16
20
27
20
21
5
1
34
53
10
15
1
14
61
17
14
37
5
14
12
15
0
46
3
13
11
25
2
11
15
1
37
21
5
35
16
4
8
5
31
32
13
32
9
2
1
5
33
16
11
35
2
3
1
7
30
29
1
25
1
17
2
3
20
2
9
32
19
7
4
16
4
15
12
2
6
15
27
7
10
17
1
12
13
6
41
62
9
16
2
12
12
25
1
12
5
9
31
10
15
3
13
15
24
15
6
30
6
47
16
18
14
3
3
29
1
9
1
9
24
20
5
38
23
14
14
4
30
3
57
5
18
33
11
22
12
12
4
9
25
1
22
21
22
26
11
4
4
0
3
5
16
26
21
40
21
2
37
1
9
11
24
30
9
6
1
13
7
32
7
9
27
25
16
3
23
34
6
23
1
5
9
0
8
3
29
22
9
17
20
3
12
16
22
21
3
22
19
10
0
4
9
9
3
13
5
7
23
19
14
8
14
18
36
3
16
3
3
15
16
25
9
3
14
4
15
9
0
39
23
4
10
10
1
13
21
29
2
13
16
6
24
41
11
20
5
9
17
11
0
14
22
17
13
16
12
15
15
0
3
8
15
24
3
16
6
22
4
19
12
17
4
5
16
0
12
2
4
6
14
17
40
0
2
20
31
0
6
20
17
4
11
19
25
12
1
17
4
7
1
8
40
25
3
1
15
13
8
13
29
1
23
0
2
3
15
8
14
11
7
9
11
14
3
14
12
10
1
9
12
16
2
9
4
10
40
10
6
2
9
15
7
11
18
6
4
11
22
26
10
5
8
14
8
7
2
3
15
7
7
2
1
11
9
4
0
1
5
8
11
7
15
6
9
16
8
9
6
12
5
10
15
20
6
3
6
7
8
4
6
2
9
8
14
9
3
3
7
9
12
14
7
1
12
2
9
9
4
6
1
1
2
12
12
8
4
4
9
13
9
1
2
4
7
11
2
16
7
11
5
8
0
0
4
1
1
6
8
11
3
1
5
13
0
10
5
2
7
7
2
2
3
4
0
6
2
0
2
11
0
2
3
1
1
1
1
1
0
0
0
0
0
