72
15
92
2
5
31
9
33
7
6
22
1
35
20
12
9
4
46
75
114
3
38
18
11
57
53
29
15
88
1
71
30
58
42
27
23
9
30
210
32
4
45
17
63
9
14
32
28
29
33
19
40
8
4
27
21
19
1
46
63
36
49
50
11
47
70
28
24
51
14
62
5
54
45
106
54
3
15
53
15
30
76
63
13
178
11
45
30
26
72
48
40
27
19
49
42
50
13
50
136
78
88
18
16
0
35
67
39
119
21
37
9
52
29
1
20
87
76
10
98
15
63
50
33
23
120
34
125
60
29
49
39
52
34
19
7
14
11
47
50
43
52
12
16
65
88
39
4
148
0
10
66
128
96
43
40
33
30
6
33
9
62
14
32
68
10
1
35
151
51
46
3
14
115
11
77
55
66
3
41
14
74
87
35
43
4
50
152
145
13
8
55
19
90
32
66
5
10
31
100
53
76
1
149
6
137
117
94
91
5
101
8
2
89
25
57
26
39
7
54
14
124
14
49
27
91
12
20
100
13
14
126
112
12
40
9
36
9
42
68
62
127
28
13
22
30
40
11
104
26
18
88
47
13
73
16
29
73
16
16
35
122
37
18
40
104
12
68
106
42
78
49
63
100
129
14
58
134
15
66
67
13
14
82
113
108
17
46
22
34
85
53
94
65
7
54
31
62
61
30
8
29
77
72
10
178
30
30
178
139
51
56
20
20
32
62
0
28
70
5
11
30
115
3
18
13
56
108
52
60
47
104
32
12
44
35
49
59
15
33
81
89
85
57
107
18
122
68
81
34
37
11
68
21
104
7
124
35
82
3
66
20
108
26
46
50
26
91
22
70
21
159
51
34
0
87
51
98
15
36
98
61
48
86
36
23
8
123
90
79
16
73
4
2
44
21
95
8
22
0
16
113
71
26
7
13
25
59
70
149
93
10
25
71
36
126
40
78
45
63
69
116
42
63
7
49
26
62
87
141
168
33
0
69
25
81
8
4
11
4
90
75
4
24
125
82
13
53
44
91
28
75
39
7
11
95
31
7
37
0
30
45
13
54
54
67
11
29
99
164
113
58
117
97
168
4
108
106
55
7
41
4
6
113
82
61
78
53
78
89
75
17
80
141
39
33
33
36
75
54
46
129
47
61
3
39
13
14
71
5
96
44
27
69
6
43
31
92
57
47
89
43
13
93
49
56
35
11
25
27
25
21
44
56
45
88
38
28
65
91
46
21
43
17
37
30
2
13
101
70
4
1
63
117
97
43
68
49
61
36
99
57
109
27
72
74
50
27
90
56
15
29
39
28
50
37
132
66
41
31
26
100
10
41
10
42
55
16
91
171
18
23
5
44
52
25
6
75
41
48
70
10
22
9
76
44
30
92
40
92
28
45
17
56
10
60
72
37
16
33
32
65
45
60
22
16
27
96
77
26
41
78
62
19
10
29
55
18
27
61
60
8
2
7
1
52
66
39
43
24
10
15
102
29
53
148
5
4
128
37
64
35
28
67
57
10
40
142
35
92
63
3
113
25
1
58
48
25
94
48
10
11
25
33
30
64
58
25
11
2
69
55
88
21
131
63
71
102
34
7
7
12
18
158
48
18
93
151
81
44
102
63
24
28
101
80
119
6
65
15
2
76
6
22
27
81
56
38
82
24
9
10
69
68
12
57
1
18
56
112
73
9
49
16
19
54
16
27
72
13
42
94
95
20
86
1
39
44
48
11
24
52
90
68
17
56
11
11
7
32
49
146
45
38
22
58
33
73
7
155
99
45
83
83
59
54
20
47
9
28
59
31
33
42
25
12
4
10
28
54
107
99
87
69
27
64
42
34
17
1
6
87
13
57
9
13
7
74
70
146
44
5
46
91
49
32
88
85
31
52
75
81
57
23
66
41
78
49
73
62
2
27
124
12
42
11
155
96
63
44
30
149
123
63
36
2
79
20
12
79
48
16
92
108
107
139
63
36
129
61
7
81
38
11
25
31
47
56
58
15
82
80
101
40
51
12
20
22
40
59
73
1
34
110
42
9
73
108
2
12
46
153
30
84
72
23
55
90
50
25
86
39
44
18
48
75
71
108
91
27
44
85
2
8
56
138
22
56
46
7
25
61
103
45
85
68
4
11
28
81
38
70
51
69
7
60
92
66
70
28
150
2
117
29
26
113
38
19
33
2
85
42
54
39
94
105
58
15
32
190
24
6
56
26
47
129
12
15
52
34
12
111
119
29
101
46
75
38
38
6
49
21
49
26
63
115
53
40
27
69
50
10
12
45
60
31
25
70
12
5
4
79
110
38
30
87
61
27
5
14
60
49
80
63
105
27
68
114
21
15
25
42
73
145
83
49
28
64
4
10
125
33
70
57
70
51
52
66
169
27
144
30
37
74
28
27
94
87
13
26
41
18
16
37
49
10
26
64
37
22
72
4
122
57
7
65
124
34
104
3
91
56
46
49
27
26
59
31
9
38
41
58
97
99
34
56
99
99
81
53
34
53
10
68
49
65
14
75
90
45
53
69
72
23
68
44
35
2
109
57
13
136
5
35
15
19
35
2
51
39
30
36
79
77
4
51
9
15
93
2
5
25
34
53
30
11
101
44
72
69
113
79
3
10
58
83
0
10
19
21
55
21
36
64
18
22
45
44
46
45
9
179
101
64
87
110
29
94
33
100
181
80
89
35
77
116
5
23
67
109
32
126
66
46
19
31
33
7
1
10
38
24
39
15
30
43
34
38
42
17
17
149
93
42
107
27
6
53
8
31
47
15
37
59
143
28
42
45
23
8
21
7
0
46
58
16
33
54
126
31
19
25
3
36
5
68
9
4
19
59
16
20
62
96
61
22
75
1
14
33
76
74
15
131
81
48
114
49
40
76
10
19
70
0
161
40
39
74
18
82
6
19
5
3
26
25
58
57
24
14
88
78
93
69
53
93
81
57
53
10
28
23
48
46
1
9
26
8
62
108
16
16
110
125
17
74
2
5
5
67
37
16
38
20
60
67
38
0
2
9
5
22
89
22
27
112
19
37
102
63
44
35
13
67
31
9
5
26
4
3
46
20
26
5
42
17
53
19
27
78
21
23
46
3
71
115
57
34
3
35
112
72
9
33
73
51
8
6
44
4
11
22
27
3
10
38
47
60
41
64
133
45
23
21
75
3
52
9
16
87
65
1
11
46
31
37
66
17
22
61
0
24
4
44
11
52
18
3
63
113
2
20
120
17
45
160
19
66
0
38
39
15
26
56
28
9
4
58
13
51
45
20
59
31
77
89
22
66
7
32
119
24
7
32
22
37
19
81
27
54
86
18
56
8
32
49
6
39
34
58
75
17
30
32
10
83
79
113
15
2
7
10
52
70
0
115
87
50
31
15
12
29
29
102
45
69
44
25
2
49
50
11
83
35
7
55
7
114
52
32
62
45
23
19
62
12
134
64
11
10
46
22
8
72
28
6
45
74
11
7
12
16
165
88
31
65
48
98
12
65
15
35
21
112
36
11
7
32
11
66
77
41
40
48
32
30
40
46
31
2
51
7
71
14
27
32
4
39
16
43
145
3
29
38
51
32
62
74
0
22
1
19
1
65
33
27
19
12
31
48
56
81
59
55
108
20
72
29
16
35
71
7
29
66
22
75
12
2
46
20
3
70
32
10
42
17
1
15
14
31
0
123
9
20
102
21
9
4
8
42
24
75
10
79
39
46
6
39
72
2
7
57
24
99
34
62
53
5
9
40
29
3
15
8
50
29
42
72
50
34
20
3
46
36
20
43
11
74
66
14
46
25
123
36
69
18
38
81
9
68
37
5
3
110
15
36
43
25
30
19
32
9
7
32
31
36
58
9
31
38
13
41
50
30
44
9
24
4
17
39
58
21
52
7
38
37
0
70
84
25
52
104
73
5
71
59
101
11
33
1
29
103
7
43
35
16
49
34
49
56
26
67
102
17
18
24
43
7
25
96
60
15
11
3
59
2
91
65
39
23
57
85
86
6
44
9
34
0
26
42
35
25
27
29
6
70
17
14
106
20
119
11
12
108
35
53
11
32
11
6
26
73
70
7
16
37
35
43
60
50
73
11
16
38
3
25
74
28
4
12
49
9
20
78
28
11
44
93
16
7
11
57
59
44
26
47
2
12
24
24
1
81
48
102
85
77
27
20
16
22
19
34
1
44
73
2
73
66
23
13
19
48
8
30
2
5
15
46
15
53
105
47
40
14
67
29
119
67
2
81
39
8
7
18
69
61
37
18
14
135
10
76
58
46
61
16
53
40
157
25
26
25
17
66
9
12
30
46
2
22
104
2
48
44
47
82
38
105
66
35
42
6
99
3
85
94
65
91
51
37
22
33
72
96
22
0
40
34
13
53
49
101
35
102
58
12
62
111
22
107
18
41
37
17
68
7
73
47
28
27
48
22
67
12
51
19
45
39
18
25
26
55
6
6
25
79
35
34
79
38
40
73
33
9
59
58
48
3
46
8
24
22
28
10
69
23
105
83
29
26
5
6
9
27
95
1
60
26
31
77
65
10
47
70
61
36
57
17
70
56
66
40
1
9
10
4
38
104
72
19
14
71
74
46
61
27
31
6
22
13
106
37
54
25
68
10
19
49
68
35
68
20
27
17
17
51
68
19
1
25
113
86
20
92
33
15
2
20
24
84
23
55
3
12
25
47
28
100
60
33
60
8
6
30
41
23
16
75
31
8
50
36
15
59
53
3
42
17
55
41
110
49
28
14
101
18
22
57
3
49
59
17
30
41
16
14
68
16
43
122
5
18
12
57
15
35
3
5
77
6
116
0
63
44
39
43
47
23
1
27
10
22
26
2
32
23
17
35
104
12
14
40
36
7
10
5
111
28
32
38
47
5
50
18
62
38
57
32
28
46
0
30
44
64
69
16
30
80
44
4
73
20
18
4
20
54
23
39
2
29
99
71
35
14
59
12
22
71
97
52
66
19
47
54
32
87
38
70
11
45
1
27
62
27
71
61
68
44
59
5
69
73
34
56
8
4
32
63
3
7
8
39
19
18
14
2
43
50
77
12
12
6
71
43
82
10
28
39
3
123
47
41
36
34
4
57
15
19
56
30
67
33
13
98
67
8
103
43
33
7
11
46
8
39
57
26
91
16
13
4
16
58
0
23
54
20
84
24
74
17
72
51
15
48
14
57
123
109
5
39
59
112
60
18
34
25
25
7
46
7
23
79
35
15
95
38
27
1
0
50
0
9
73
48
39
39
62
8
7
23
0
81
4
104
8
85
37
44
79
26
4
30
20
7
21
67
2
20
23
0
59
52
35
60
9
21
8
1
10
22
53
9
6
32
6
34
80
43
17
65
63
16
6
32
51
119
36
2
11
60
21
76
1
74
8
42
1
49
12
12
11
21
68
30
74
30
39
70
4
21
54
5
2
20
81
31
24
9
10
30
8
36
21
30
26
86
32
99
24
5
43
68
87
62
10
73
48
49
17
97
109
28
23
48
1
9
52
1
9
21
11
8
22
19
60
34
49
30
21
16
51
66
92
55
54
33
19
55
65
24
32
54
28
83
78
19
7
41
47
87
5
1
15
20
22
33
61
21
28
56
17
1
51
5
15
77
14
14
7
28
7
20
10
7
2
37
55
34
48
42
21
63
57
34
14
99
13
19
50
43
19
14
22
81
42
12
14
38
8
13
65
21
16
18
47
4
21
73
6
39
112
17
41
16
38
46
14
14
28
52
4
29
78
0
20
22
66
40
0
5
35
28
19
12
9
27
10
90
48
15
77
48
51
13
76
46
23
34
20
12
10
16
41
20
43
97
6
37
9
11
75
88
43
34
24
64
13
10
35
26
70
23
2
32
84
23
9
10
13
72
51
18
60
17
8
78
55
5
23
6
58
36
50
18
20
7
3
43
42
68
66
13
31
40
3
41
29
11
21
29
9
10
50
3
99
33
8
63
26
30
18
13
1
19
23
45
20
63
9
56
87
73
49
61
69
12
84
47
7
15
6
9
15
59
44
52
42
15
70
24
21
41
94
40
11
46
3
39
37
23
32
22
12
8
51
73
20
32
57
73
29
30
16
20
62
67
32
17
48
28
19
34
29
10
89
21
11
22
19
63
29
83
34
48
22
29
90
14
12
37
52
37
17
61
28
45
65
5
32
32
95
32
32
35
34
3
12
12
58
16
29
34
12
32
21
10
53
43
60
24
38
49
2
84
36
4
60
37
5
17
19
14
35
35
63
18
9
13
2
23
80
30
77
41
5
46
33
59
38
5
9
46
46
4
78
28
69
14
35
12
31
6
0
8
44
27
6
51
16
23
7
23
38
81
91
39
25
4
74
68
32
53
18
65
11
13
10
65
23
48
21
58
13
100
11
9
7
37
29
51
17
77
34
52
55
126
18
5
33
35
54
9
46
88
5
26
1
28
12
61
24
49
85
7
39
2
46
47
75
16
16
68
6
6
56
17
65
55
68
22
12
51
14
56
2
23
47
12
16
18
50
11
15
72
28
19
17
33
3
15
34
40
19
9
40
11
8
21
5
8
8
34
35
24
7
42
5
15
18
4
33
34
53
13
5
40
35
35
103
6
7
21
58
13
10
7
7
22
48
53
78
32
8
21
23
6
12
32
27
5
53
45
32
26
17
21
25
17
22
64
5
45
37
0
18
40
6
6
11
21
11
45
79
42
26
32
11
4
4
30
21
12
15
73
42
18
42
88
7
4
71
12
9
17
17
34
10
14
14
50
21
95
46
25
34
25
15
8
9
19
4
51
76
27
12
27
44
1
39
34
56
23
18
20
58
11
18
0
34
91
9
42
62
9
7
11
30
28
27
15
20
6
22
30
37
53
51
13
3
24
82
14
48
39
22
15
5
87
16
0
2
75
9
44
58
59
17
68
0
30
1
24
39
42
28
8
32
3
53
7
28
27
32
23
68
9
13
1
28
0
3
14
37
46
31
54
31
20
50
14
19
38
24
12
11
2
27
9
15
40
30
6
20
9
30
7
15
70
5
18
80
43
16
37
4
4
32
1
14
107
21
24
16
51
33
2
30
19
27
43
5
0
13
44
54
11
3
33
20
47
24
9
42
2
15
21
71
11
6
29
19
49
0
15
28
22
6
15
11
24
43
84
13
10
46
31
25
30
20
25
6
91
11
14
14
37
22
3
27
39
15
3
24
11
5
30
18
38
28
26
24
11
28
50
38
13
25
24
58
32
19
36
9
35
4
38
11
28
34
19
9
12
22
54
12
74
37
25
45
3
5
6
17
29
13
4
0
30
11
63
3
25
23
28
55
3
12
53
8
15
39
18
21
12
20
20
12
10
41
8
19
18
8
41
27
49
6
17
13
74
7
26
11
16
4
25
48
7
25
9
21
25
13
3
23
11
35
4
18
66
43
45
28
1
4
13
22
5
8
46
62
25
16
91
10
27
7
35
27
14
17
38
23
31
2
7
47
13
31
0
37
59
4
8
14
35
0
26
19
44
7
51
13
33
24
6
41
21
16
44
31
76
11
28
8
4
9
5
23
6
30
16
21
36
27
50
50
34
7
9
28
22
34
68
24
29
21
3
10
60
5
23
18
19
1
8
8
43
17
30
69
10
25
25
8
16
44
28
2
6
9
2
20
47
10
8
26
0
88
3
10
45
3
19
30
16
21
7
35
3
11
37
41
60
47
11
9
28
9
43
4
1
3
11
48
21
47
8
10
16
7
26
17
43
44
65
34
32
37
7
51
3
14
29
46
8
51
34
6
34
38
11
36
17
25
9
45
39
8
31
2
19
6
4
2
17
3
12
28
28
10
15
52
21
41
43
34
17
27
12
10
5
17
77
17
38
12
6
3
2
18
14
18
13
45
56
26
17
6
0
13
30
18
35
34
24
2
20
49
6
2
29
27
42
5
20
1
2
29
25
52
46
11
27
17
23
23
12
2
5
38
11
16
0
31
92
34
36
21
34
65
38
0
22
45
6
1
41
20
22
25
7
29
22
4
16
7
1
24
5
0
8
38
31
29
19
30
30
18
12
6
12
13
4
16
45
6
11
33
36
28
13
21
7
22
45
1
10
4
23
28
27
33
13
11
60
55
7
21
38
21
16
6
6
5
34
14
22
33
24
3
10
15
15
69
1
25
15
5
19
6
43
27
17
32
55
2
36
15
31
19
9
25
59
8
12
10
17
13
7
30
3
8
28
39
37
8
46
17
13
12
14
8
1
15
35
50
9
28
8
22
20
37
11
19
39
13
1
13
5
0
8
52
2
27
16
19
8
19
11
19
46
9
5
53
13
1
7
11
31
20
14
8
22
3
40
0
16
48
5
3
9
23
15
23
16
5
52
6
35
27
1
10
15
38
8
24
8
13
9
16
13
25
35
41
14
3
48
13
20
9
13
10
8
17
20
1
33
12
25
10
22
3
14
6
29
26
2
2
20
6
2
8
10
9
1
16
5
58
26
14
19
55
30
9
21
0
35
51
29
2
11
48
39
32
3
26
27
31
16
33
30
19
7
3
2
17
13
28
5
6
17
2
16
32
27
15
17
9
6
26
13
28
7
23
38
9
14
17
21
39
20
13
6
53
13
16
32
6
15
5
2
4
75
20
17
33
43
36
15
17
6
14
0
24
56
12
25
3
44
10
11
3
40
58
16
8
7
15
4
14
0
33
0
43
9
27
1
22
4
18
23
14
22
27
11
9
18
6
13
3
15
9
6
22
10
9
11
6
40
3
7
39
4
8
16
0
30
28
11
18
13
26
35
12
20
3
41
27
4
12
16
1
35
33
31
1
17
3
45
8
21
10
5
3
1
7
23
30
20
1
8
33
8
33
2
12
3
23
31
20
11
6
20
3
23
24
7
17
5
2
46
9
30
12
14
6
14
1
22
42
1
12
21
25
20
9
32
19
6
17
17
13
60
24
19
29
15
2
12
29
9
27
10
14
7
9
30
24
13
17
34
32
6
12
5
7
1
32
4
1
10
16
24
37
40
25
20
6
7
2
1
5
7
29
10
3
2
12
47
8
21
18
0
43
16
8
20
8
3
8
58
17
15
16
14
7
2
44
6
8
2
2
18
5
12
16
12
5
24
13
24
4
1
32
4
10
38
22
32
1
20
5
13
10
19
17
2
24
7
6
7
10
13
3
17
27
11
4
0
25
17
19
42
14
20
11
21
12
17
6
4
7
8
17
5
16
5
30
19
15
8
2
20
3
17
1
6
22
26
16
5
1
14
26
5
18
8
10
5
1
12
9
18
22
5
10
34
11
1
9
7
2
11
20
4
7
1
6
3
1
4
10
17
2
0
17
17
5
29
6
22
3
5
28
14
18
10
4
0
10
6
2
16
10
7
9
17
2
12
17
15
17
5
16
8
25
16
9
2
32
9
28
18
4
14
6
11
17
32
11
3
26
15
15
7
15
1
1
4
7
23
11
3
9
20
8
7
16
0
19
10
15
5
10
22
8
6
3
13
7
19
2
11
7
3
5
1
9
6
11
6
11
22
2
13
20
7
2
15
11
18
1
2
7
5
6
9
6
4
1
4
4
9
15
10
2
11
2
8
6
3
29
1
25
8
3
11
7
16
2
0
2
3
1
12
4
2
3
1
2
3
1
20
1
6
9
13
9
9
4
5
13
14
6
6
10
13
5
9
11
6
10
4
2
3
8
2
4
11
2
0
4
13
6
2
2
8
3
2
8
5
0
0
10
6
2
10
12
2
9
4
6
1
1
5
5
8
10
3
4
2
0
8
1
4
6
8
2
3
3
6
2
2
1
1
5
1
4
0
0
0
1
1
5
0
0
1
4
2
