4
1
23
12
71
53
17
36
22
2
1
10
5
7
2
10
16
7
79
21
17
15
6
37
44
17
37
19
2
52
85
111
27
14
4
96
12
28
3
45
81
14
19
33
67
104
41
35
3
40
49
23
30
53
62
2
15
123
30
8
11
76
62
60
31
45
12
33
11
55
24
37
45
116
4
55
3
19
88
92
97
69
35
7
67
43
34
103
51
13
7
27
3
32
13
91
38
35
48
13
43
54
8
36
86
25
8
6
64
40
32
9
28
20
24
10
20
73
115
62
35
113
89
92
58
90
15
18
101
72
74
58
93
25
121
36
64
7
3
36
28
10
18
24
3
41
58
118
158
59
7
19
2
55
28
20
3
11
52
25
96
67
17
104
9
107
33
81
0
78
36
23
10
96
51
14
50
25
58
35
97
6
90
32
29
3
32
65
6
98
13
4
90
58
14
12
45
14
16
17
32
72
22
175
26
55
39
33
43
51
34
37
43
60
24
30
1
151
6
49
64
14
22
96
19
25
63
29
26
16
0
34
56
26
9
8
66
21
42
135
50
178
11
41
80
112
93
34
34
131
59
131
91
48
0
11
143
23
19
91
52
37
23
31
104
9
62
58
18
103
38
28
68
4
1
4
34
98
95
12
25
40
89
36
8
35
8
155
77
13
68
9
18
95
36
62
76
80
38
120
108
5
23
80
34
37
43
88
11
5
79
65
29
87
10
101
51
80
7
3
58
12
13
12
23
46
105
70
67
31
17
74
20
22
85
18
108
73
33
92
13
24
22
24
15
132
20
59
39
73
38
98
15
70
32
72
24
50
12
94
15
109
59
134
51
106
46
78
29
106
47
76
137
7
60
33
3
44
5
57
2
66
22
2
61
41
93
31
57
36
28
33
34
32
102
97
62
2
60
53
67
6
46
22
83
87
111
20
12
9
0
0
70
21
141
24
38
61
34
104
31
62
12
72
70
110
9
66
15
17
40
68
19
31
54
42
4
42
17
1
9
55
171
73
62
14
27
46
104
52
103
6
24
47
44
29
39
29
7
22
57
46
93
16
39
71
17
137
48
84
2
191
61
26
98
14
88
129
36
6
24
35
14
51
9
11
117
4
2
23
199
98
55
38
28
54
44
44
160
85
88
17
37
7
40
35
73
70
0
141
81
44
33
83
8
13
28
11
66
118
1
16
65
97
45
58
128
58
3
79
26
11
19
94
4
40
16
14
36
58
16
20
96
6
135
2
84
58
24
4
10
24
89
36
56
75
114
1
1
20
125
79
15
29
49
30
30
59
22
58
9
14
27
35
74
37
84
45
95
14
41
28
59
10
124
29
14
58
62
11
20
121
10
39
23
20
75
47
58
19
25
121
4
87
37
54
34
70
7
75
74
20
32
21
22
133
26
34
107
28
144
10
20
69
4
28
53
8
17
31
94
27
59
39
58
50
6
46
80
29
43
23
104
166
37
151
3
8
5
48
99
95
52
2
21
83
4
54
124
78
98
55
30
100
35
49
77
26
120
64
102
27
106
30
51
89
82
38
16
4
17
41
21
23
39
66
41
20
1
147
25
71
75
24
13
29
80
20
131
25
76
23
2
34
103
29
50
27
85
117
32
57
54
68
57
26
49
57
45
103
24
123
78
22
1
25
78
18
42
72
48
29
27
25
45
59
1
51
12
30
0
136
63
93
69
44
33
18
126
28
17
33
9
65
113
9
35
40
37
64
154
194
123
33
85
21
13
132
48
37
124
1
28
15
49
17
7
41
54
27
16
71
51
12
13
10
39
68
19
58
5
32
113
26
66
38
28
31
56
9
84
59
10
101
0
6
43
63
49
21
6
29
32
18
185
12
76
33
3
54
20
7
95
33
70
86
48
49
27
30
32
4
43
26
17
80
73
24
48
63
84
22
9
29
114
99
145
16
14
7
44
0
50
46
60
16
116
63
93
52
50
41
16
113
12
97
72
87
43
28
69
85
35
35
78
69
43
56
12
41
10
46
18
25
47
88
113
63
75
131
4
4
58
15
55
102
15
28
33
8
52
48
23
83
40
27
88
16
34
176
21
5
45
12
61
53
19
4
25
27
35
91
0
48
47
40
19
140
48
76
27
49
20
27
93
23
18
61
5
28
49
7
15
10
41
38
71
14
103
20
52
5
83
81
39
45
15
108
71
49
66
24
3
31
66
74
36
124
18
82
19
65
10
36
4
6
12
73
42
63
10
26
5
67
3
154
9
5
49
26
68
2
53
6
28
107
56
49
102
79
11
73
14
63
59
28
8
139
17
31
61
2
4
39
34
89
84
68
3
17
50
1
40
44
53
19
105
23
145
58
102
25
10
35
69
70
114
18
91
12
5
31
22
23
35
47
99
37
70
17
107
55
57
50
70
61
24
39
58
66
4
15
8
6
21
27
55
16
21
38
71
67
3
69
82
56
76
24
55
24
8
63
87
24
19
118
87
12
16
28
30
24
63
34
42
115
70
65
41
43
76
3
0
75
55
22
117
106
50
23
39
20
21
1
33
8
12
31
45
49
96
23
41
16
9
84
6
33
15
83
4
127
35
32
48
46
35
29
68
99
30
41
39
68
47
29
71
36
61
0
90
3
103
61
60
34
12
96
32
40
26
78
69
34
29
164
7
14
27
74
68
14
42
101
1
74
77
47
70
89
66
17
62
10
0
30
1
40
38
12
12
3
39
32
16
89
13
72
38
21
30
11
17
54
14
97
39
28
84
37
57
60
70
73
69
6
12
25
27
6
22
52
26
24
48
13
41
71
32
30
108
19
10
25
10
76
70
62
18
70
74
39
80
0
107
6
47
2
111
26
44
15
45
110
17
35
174
16
37
17
110
7
87
26
21
61
112
54
68
49
71
15
126
40
75
45
11
42
51
14
46
3
62
82
49
49
23
19
0
27
38
30
16
96
85
43
87
111
118
70
8
113
67
10
26
100
17
48
29
98
48
22
36
49
11
17
81
42
18
28
24
75
36
16
43
43
94
10
18
60
18
98
53
36
6
25
30
47
49
6
66
2
63
40
18
44
96
131
20
41
38
9
34
113
35
28
9
36
82
58
32
32
26
31
87
95
50
13
17
5
40
49
47
23
135
60
22
34
47
75
2
10
26
35
15
9
2
52
47
60
15
70
68
36
9
6
4
94
21
46
70
49
37
51
34
44
56
44
28
18
61
39
53
18
47
4
118
53
121
71
106
48
96
97
50
37
55
25
5
34
125
76
43
55
49
6
52
9
57
79
126
41
16
41
2
125
83
82
63
48
13
17
65
74
39
64
28
35
33
109
45
3
6
6
21
37
57
47
32
114
10
32
15
64
48
40
55
7
30
81
50
50
35
38
12
26
74
63
65
36
52
53
1
17
17
33
11
53
90
18
24
70
22
36
100
1
92
73
79
54
18
12
80
17
81
102
30
23
61
61
18
70
27
26
74
17
7
46
13
7
73
12
79
7
31
19
63
31
59
23
24
20
3
56
24
128
23
12
22
100
49
38
180
21
7
34
4
23
32
3
82
2
1
39
66
69
54
7
9
28
69
140
32
78
27
10
4
23
4
20
67
14
52
47
43
7
14
9
48
57
76
102
13
45
37
14
11
42
46
23
66
69
9
59
20
14
19
13
24
7
98
12
61
5
12
2
60
6
45
73
13
63
44
19
55
63
73
22
71
24
28
79
47
5
51
21
23
2
82
11
15
2
6
28
94
70
32
39
67
34
28
43
29
125
47
76
26
40
9
65
69
17
6
16
120
44
57
78
82
31
5
26
45
45
3
65
31
25
4
71
27
29
44
6
11
68
48
27
70
6
78
22
45
23
65
62
59
13
8
6
88
16
10
65
63
1
41
132
71
24
53
13
21
22
53
35
23
30
78
65
80
25
55
21
118
99
59
95
14
23
46
109
49
68
30
16
14
13
0
44
48
28
78
71
113
62
0
54
5
22
9
48
27
32
26
13
33
14
46
11
37
58
95
15
1
11
32
15
54
0
29
38
55
1
29
39
1
90
27
20
16
29
66
32
39
53
23
104
23
133
36
12
19
13
101
2
67
109
66
25
14
21
41
47
44
65
27
96
59
35
23
45
45
6
84
6
100
15
69
5
70
15
113
27
119
5
35
41
2
10
36
3
119
13
16
19
61
6
17
35
78
24
37
62
48
6
51
18
58
9
5
2
58
95
68
38
44
89
23
57
53
10
96
15
17
113
13
64
35
41
68
4
20
23
67
38
44
17
1
36
21
38
51
91
71
12
61
17
27
79
9
48
15
43
10
29
33
38
18
11
17
84
40
20
53
92
64
14
14
45
56
12
26
72
60
22
97
83
46
35
16
51
37
21
58
97
37
119
24
20
30
17
31
62
17
23
19
28
60
135
26
46
38
66
10
15
21
4
2
40
6
103
41
8
28
67
17
39
28
83
51
10
22
81
39
33
22
3
60
7
58
73
39
79
8
68
34
107
40
21
66
86
19
28
85
55
5
51
61
120
25
19
9
95
24
48
8
12
45
40
60
39
33
85
46
1
78
30
48
71
56
34
12
38
29
43
19
50
9
23
15
28
5
52
16
71
5
11
14
42
43
6
33
26
28
33
57
78
12
53
73
16
19
12
10
16
65
60
31
42
15
59
46
62
22
49
5
31
22
63
13
20
93
4
27
13
13
55
74
79
16
26
21
74
44
27
21
50
25
11
36
23
22
0
64
3
4
68
55
88
12
66
46
58
17
25
135
100
9
40
8
61
22
58
22
31
12
12
22
4
23
62
11
67
2
69
71
55
4
1
57
78
43
13
48
26
9
22
44
61
37
6
4
13
3
25
15
98
35
78
66
69
27
1
27
81
42
16
39
13
61
22
53
8
24
55
50
28
2
17
22
15
4
11
79
70
47
3
75
21
19
7
81
39
6
25
35
96
14
59
57
92
42
4
23
14
27
1
32
37
44
40
83
10
62
72
63
22
56
5
33
103
8
5
4
92
42
30
12
56
16
16
21
43
48
11
2
15
12
82
42
34
43
4
95
22
45
59
33
61
41
47
55
99
97
26
32
28
7
10
83
98
18
40
20
82
53
19
12
50
8
60
4
1
49
35
33
52
60
12
28
46
108
12
43
48
3
54
4
53
11
43
32
1
31
18
51
31
77
35
8
22
33
75
23
15
64
7
28
12
43
50
42
49
66
4
55
5
40
37
61
6
23
41
17
15
68
69
97
46
14
11
4
7
2
31
18
61
61
7
102
84
50
23
104
57
27
33
52
24
41
38
17
5
49
3
7
51
125
29
43
9
28
5
3
27
3
65
76
10
62
29
19
2
0
12
64
40
33
40
5
49
105
60
0
27
31
109
25
42
9
8
35
34
44
35
10
16
17
54
93
25
34
67
28
9
43
16
15
0
4
53
57
36
4
33
25
9
3
37
27
18
56
89
4
60
29
72
62
24
7
27
5
79
58
27
37
13
50
29
2
18
22
25
11
39
50
31
24
4
78
35
6
15
0
19
85
62
24
56
31
28
23
4
46
121
5
33
38
36
17
25
9
23
43
6
36
88
33
33
25
74
49
45
27
34
10
65
20
2
30
20
29
33
45
18
31
22
15
15
2
6
40
41
1
11
70
80
56
32
7
44
20
19
26
10
11
116
17
53
85
3
44
12
10
33
64
23
28
40
7
24
11
45
1
22
57
19
9
29
9
26
88
21
22
26
9
24
14
107
50
71
6
8
31
46
35
18
68
57
6
2
14
12
47
124
25
7
71
4
34
23
7
39
3
3
10
18
40
5
28
12
91
22
11
7
56
12
50
28
10
41
14
10
26
39
39
47
11
18
2
54
19
78
95
9
1
33
24
1
14
1
10
12
27
27
96
77
65
47
1
40
1
65
63
25
56
11
25
74
22
38
53
14
48
6
54
60
13
6
51
30
29
64
40
71
90
19
78
18
35
19
6
56
4
65
40
0
2
5
30
30
51
45
16
42
10
33
13
63
9
34
2
36
30
16
27
32
71
40
34
12
59
3
48
38
44
22
66
95
68
23
38
97
22
33
50
24
28
62
46
38
24
71
29
28
4
13
12
39
27
68
65
86
5
93
43
20
6
18
20
42
6
30
18
7
83
7
29
2
56
39
41
50
48
13
25
51
17
46
38
8
5
28
21
44
30
63
9
24
38
10
40
58
16
20
15
57
55
15
42
16
37
39
72
21
16
47
26
4
25
20
41
13
22
26
47
27
16
15
12
15
84
45
12
40
24
31
36
1
15
10
75
4
63
46
42
35
22
32
5
15
18
40
6
18
40
29
3
20
17
44
55
44
4
20
29
9
24
11
36
38
10
6
81
15
38
55
61
34
9
40
1
15
0
32
50
22
45
30
69
42
28
15
64
23
2
14
2
5
79
26
10
25
33
5
37
18
62
14
22
6
55
10
15
1
13
38
13
17
33
30
12
35
16
28
35
71
56
14
49
41
13
7
5
52
6
36
23
35
46
6
92
24
55
32
8
51
12
42
18
33
5
9
109
29
7
18
53
15
1
27
24
11
5
55
44
20
22
33
26
55
0
24
8
17
2
16
48
27
28
17
61
12
31
4
38
37
6
15
27
25
76
30
36
39
22
50
21
74
1
77
61
27
35
22
32
42
49
15
4
16
5
33
55
22
35
24
45
46
35
22
10
56
24
36
22
17
34
0
48
36
1
67
19
30
8
24
28
17
9
15
12
43
54
69
79
59
39
17
47
17
37
17
78
75
2
43
24
22
25
67
37
21
28
1
14
60
25
29
66
21
12
23
19
42
48
7
10
5
21
46
61
53
29
18
58
60
3
6
13
18
33
8
109
14
20
5
13
31
25
29
19
1
29
3
19
27
63
19
12
80
7
14
68
3
43
60
11
30
49
36
28
62
12
42
17
26
33
6
33
59
44
23
29
10
14
13
22
1
9
80
2
24
2
29
2
7
8
77
5
31
35
26
1
26
72
9
17
1
23
1
23
16
9
21
40
44
36
18
19
17
41
32
34
43
24
22
44
24
1
74
28
14
69
2
7
2
13
3
12
10
20
53
21
24
0
0
12
10
9
30
5
57
43
25
48
46
35
49
29
0
17
48
16
64
7
15
54
5
50
11
14
45
10
57
68
62
16
31
2
45
12
11
40
30
14
26
38
10
23
57
40
16
4
14
1
20
11
3
16
33
1
12
14
25
18
33
52
14
9
11
46
57
44
27
33
10
51
16
45
55
5
37
39
2
25
30
14
5
19
14
34
70
28
27
65
50
14
19
15
20
12
13
61
76
49
11
10
32
39
13
6
25
17
70
23
10
66
3
14
0
19
22
18
32
28
13
69
41
66
23
41
52
62
4
23
23
2
24
41
41
14
1
27
10
30
37
6
16
5
23
76
44
14
28
28
20
12
30
7
6
43
12
5
22
20
4
15
3
31
9
20
19
31
18
6
22
30
4
48
11
29
26
18
21
3
9
9
30
42
35
11
37
23
39
42
3
25
16
20
44
22
9
54
17
42
29
3
9
58
86
58
55
0
6
25
14
7
21
22
26
10
21
17
88
25
15
6
6
10
55
3
20
3
25
10
10
23
5
7
5
19
22
31
17
42
6
58
42
19
4
4
5
19
1
38
32
7
20
3
18
42
35
6
6
33
7
52
50
3
19
0
35
14
48
5
15
2
28
37
2
19
38
4
22
13
60
27
25
26
4
8
18
2
21
32
0
20
28
6
10
28
10
9
8
3
10
8
65
17
5
25
9
48
6
11
39
28
34
10
21
20
73
11
1
57
42
47
4
5
14
58
7
2
29
3
55
13
48
89
29
23
14
12
10
25
13
17
18
7
42
103
6
0
14
79
20
34
21
3
9
6
3
1
32
44
19
24
12
32
2
20
15
2
29
42
2
27
12
18
13
6
37
17
0
42
24
38
40
8
9
44
49
74
9
28
2
28
9
16
15
21
29
63
8
25
13
4
9
14
50
36
11
11
23
2
10
9
21
0
43
28
30
35
26
9
59
9
11
20
39
26
11
11
4
33
2
29
2
6
42
16
30
16
24
21
4
7
8
35
36
5
38
24
14
14
7
29
3
6
1
12
17
12
21
26
4
2
20
9
26
20
21
9
42
28
18
37
9
15
1
7
49
62
22
4
54
8
9
9
23
43
0
13
1
17
21
26
25
8
24
4
8
8
8
20
15
98
1
41
22
44
15
35
12
15
13
21
26
18
4
32
14
3
25
49
32
7
24
22
9
16
14
28
26
51
14
23
0
25
6
11
28
1
24
47
1
15
28
12
7
18
69
1
0
10
41
9
5
8
19
6
5
12
8
8
5
22
75
10
14
16
37
25
55
6
40
25
1
21
23
4
33
8
107
57
57
25
29
11
2
21
10
18
53
29
5
4
15
3
20
37
21
12
14
33
1
12
5
15
6
37
12
3
21
22
7
18
28
42
14
17
16
0
18
27
34
2
3
8
25
48
12
25
12
3
41
39
3
23
13
34
2
14
18
15
3
33
12
1
4
12
13
10
23
12
12
4
44
28
18
8
11
37
4
43
16
24
23
25
37
18
8
13
11
20
7
21
19
10
52
8
1
1
41
3
18
10
17
12
33
9
26
23
5
10
24
25
26
3
8
11
44
10
17
18
4
1
10
17
24
13
29
4
2
29
1
28
3
16
7
19
7
49
13
27
18
37
20
33
27
34
11
20
15
24
8
6
10
12
26
21
29
6
26
8
39
7
20
53
26
12
15
3
59
3
27
2
36
21
18
23
6
1
13
35
0
35
8
33
17
8
11
19
4
13
0
3
3
0
25
12
1
37
51
26
4
8
10
17
18
21
45
9
31
9
29
20
9
42
43
19
5
13
30
10
25
14
2
20
37
7
4
10
48
9
6
38
27
20
8
2
4
23
10
24
4
18
1
0
20
4
31
10
5
50
3
9
42
30
8
23
14
23
7
24
13
11
1
12
29
6
1
0
6
19
2
6
17
18
7
9
24
11
31
21
24
3
11
29
6
13
1
10
8
10
12
2
18
8
32
13
11
2
14
13
15
32
3
14
8
15
3
15
18
8
20
7
25
5
27
4
37
17
13
8
2
27
37
9
14
18
20
11
12
19
9
3
19
3
11
16
7
19
22
11
6
3
10
12
12
0
4
12
9
13
14
32
26
16
29
10
15
15
3
12
8
15
11
19
13
16
14
6
29
2
16
1
18
49
34
12
12
11
0
16
26
5
24
6
29
6
13
3
14
14
4
18
12
5
15
15
5
1
3
14
43
4
5
28
2
12
14
39
7
12
6
11
31
19
2
7
7
4
14
7
4
4
11
12
18
5
10
16
11
10
7
10
5
23
10
4
11
13
21
9
10
2
11
18
8
11
6
7
1
35
10
22
10
10
36
27
18
6
16
20
13
14
17
11
7
10
3
15
3
14
1
5
12
9
7
5
15
7
7
1
8
19
24
15
7
16
1
3
7
16
1
5
17
12
3
3
2
1
5
4
24
5
0
6
5
9
20
3
12
14
22
0
4
3
2
2
11
10
3
2
8
18
4
2
7
4
2
5
9
4
18
5
3
1
14
1
6
11
7
10
17
1
2
5
6
8
10
17
7
2
7
0
17
1
12
6
10
5
2
14
11
6
18
4
12
12
1
1
3
16
16
16
8
8
11
17
15
6
1
18
5
4
6
13
10
13
8
6
4
6
15
10
8
4
6
13
0
3
8
10
2
0
3
5
1
3
2
7
4
7
5
3
6
0
4
8
5
7
1
2
2
2
2
2
3
1
4
1
0
2
1
2
0
3
11
0
2
4
1
1
0
2
0
