5
21
57
100
158
28
55
3
37
43
30
31
77
40
13
13
23
43
17
46
13
69
42
33
52
55
25
57
54
18
65
25
41
4
71
14
15
11
1
55
2
56
29
13
11
33
12
7
60
49
41
28
36
19
7
11
22
22
101
52
35
42
1
45
23
33
18
58
116
54
39
71
48
75
1
107
7
64
143
11
10
20
52
62
37
68
13
51
7
87
43
26
88
79
51
67
5
98
40
13
26
9
94
29
27
88
118
57
20
22
30
54
45
34
37
12
75
97
21
116
2
75
44
27
74
16
18
4
66
33
26
55
66
66
15
161
6
10
1
10
126
67
47
14
42
80
7
43
31
5
35
71
54
32
11
43
152
69
36
14
54
83
6
71
37
7
66
3
49
92
60
76
12
80
18
88
63
17
23
51
2
39
25
20
26
99
34
26
68
28
74
13
79
16
88
91
50
154
38
31
33
29
66
52
38
98
65
71
94
59
94
76
88
17
14
40
15
36
39
121
46
14
99
0
27
79
88
7
20
10
30
59
91
89
165
60
62
56
1
28
61
53
25
102
75
4
17
60
46
35
104
23
20
44
56
37
46
172
56
7
44
69
79
92
29
17
111
12
56
92
47
64
2
27
54
112
39
114
51
29
47
100
31
51
42
12
121
6
32
122
45
4
62
18
45
37
79
38
62
25
26
31
48
38
48
11
12
34
21
40
15
129
86
29
34
9
26
53
30
53
47
111
79
14
35
42
24
75
61
55
153
160
97
149
129
155
85
62
0
71
6
7
102
10
67
176
35
157
25
100
19
62
4
91
14
56
138
12
82
3
34
22
19
30
126
57
151
36
18
11
53
86
15
65
33
12
40
31
41
76
16
2
11
76
34
72
15
38
25
11
8
14
136
11
143
79
127
42
23
16
8
35
44
61
109
15
121
34
61
24
15
35
68
15
35
124
0
45
94
26
54
28
16
50
9
12
121
3
32
72
118
94
58
62
45
25
27
20
76
4
43
53
35
26
67
4
34
102
37
10
16
53
48
3
20
39
3
43
6
40
18
87
10
25
134
19
10
40
88
46
20
106
57
79
30
49
2
23
48
1
32
47
6
48
58
56
114
32
88
99
13
0
85
1
51
30
69
8
67
33
6
5
55
23
35
29
10
56
22
39
37
22
57
25
51
38
39
28
166
38
15
63
81
27
61
23
53
66
2
61
25
56
65
61
31
16
46
63
25
125
43
23
54
135
4
25
79
30
25
29
98
80
13
28
73
11
32
30
26
61
35
63
52
23
7
2
30
82
22
40
77
24
71
59
28
88
51
13
29
11
59
31
29
21
5
117
20
45
17
3
16
32
32
21
43
46
70
36
42
79
59
18
35
61
5
97
22
3
99
187
3
5
40
38
38
64
132
16
27
2
18
3
112
1
7
18
22
41
38
38
61
79
74
18
20
14
139
64
95
73
5
119
2
4
63
65
28
13
94
47
16
69
51
36
18
62
27
51
105
64
74
68
12
70
86
16
10
12
18
36
74
35
7
10
48
50
38
40
58
45
34
30
0
7
42
50
6
6
80
98
40
21
5
39
6
18
60
77
27
9
41
60
4
130
23
10
75
50
9
15
79
57
16
28
84
6
24
32
41
58
20
50
103
19
66
46
9
83
24
11
107
25
75
12
30
84
66
58
63
46
21
10
57
79
74
6
49
121
75
162
40
25
77
14
36
9
85
28
89
33
92
16
29
8
53
50
8
45
171
68
27
77
60
12
112
11
55
114
10
37
33
3
10
81
33
42
29
50
74
62
10
59
63
90
20
48
80
55
51
54
47
19
32
44
34
34
3
31
37
45
95
45
32
21
35
53
32
20
60
23
3
52
43
90
187
178
81
1
90
46
24
116
41
10
46
31
56
9
56
3
26
14
21
1
44
24
15
39
36
196
19
37
19
78
23
61
79
64
28
56
65
52
15
28
91
66
101
71
114
29
25
80
61
45
64
35
116
9
4
57
2
49
121
50
61
49
64
45
5
19
24
94
25
56
7
39
24
38
29
14
48
43
35
63
166
24
47
73
84
48
20
2
107
79
44
92
8
39
18
16
96
60
20
52
25
68
16
55
12
53
37
48
28
14
136
29
15
39
78
31
6
11
22
44
129
43
117
44
91
37
59
10
24
103
65
28
11
73
38
43
85
13
83
37
13
53
29
43
98
85
33
13
94
86
8
12
7
91
23
60
51
28
17
42
83
31
63
48
91
166
35
89
20
71
29
22
66
11
22
105
57
54
124
49
70
108
3
65
0
86
9
143
52
9
103
73
57
46
41
123
30
69
82
6
103
57
5
78
4
85
12
92
1
35
26
94
15
48
12
2
69
12
89
94
6
50
51
42
22
15
71
19
13
59
76
43
101
39
3
49
24
46
21
109
124
103
66
33
20
65
44
13
21
58
60
19
30
8
50
56
22
22
50
4
4
37
47
44
65
12
93
51
51
46
46
4
96
34
62
90
13
30
49
15
81
32
93
8
51
28
37
9
27
31
70
64
71
40
56
123
21
35
12
106
21
75
9
15
71
79
39
50
13
33
28
25
44
6
18
148
95
135
10
27
19
17
10
100
9
51
57
69
45
23
79
25
37
81
117
48
24
76
111
7
0
7
139
56
30
0
58
8
83
20
8
97
81
15
103
13
7
2
35
73
4
28
61
22
2
5
2
43
37
18
17
39
1
30
47
3
39
3
43
9
16
56
91
17
22
51
18
35
44
111
39
10
15
138
94
73
31
31
48
35
19
16
1
49
11
14
14
22
6
79
31
3
35
84
20
25
145
63
66
41
120
54
91
54
99
29
44
46
8
61
56
15
106
35
62
88
35
66
56
27
49
3
84
25
12
45
16
35
66
70
31
63
36
19
0
44
112
65
70
72
16
21
31
1
29
27
5
70
73
44
59
116
100
51
29
18
23
70
52
59
3
42
45
30
63
16
19
2
29
20
17
53
13
99
46
54
16
123
66
40
63
20
71
117
46
27
140
42
25
7
14
68
3
14
129
108
74
109
52
30
26
46
119
68
16
88
76
60
3
20
50
26
21
15
52
63
51
27
17
48
24
15
25
9
46
41
42
4
33
7
42
16
13
23
40
68
64
44
65
7
75
24
86
101
69
38
72
75
6
26
15
60
19
37
62
9
45
47
33
47
56
24
15
34
25
111
110
33
28
53
40
8
23
39
46
65
57
77
40
26
12
66
62
41
35
52
53
25
71
26
4
7
55
36
119
109
55
37
59
32
27
5
33
199
49
8
132
49
26
48
44
13
13
22
28
35
40
25
97
50
45
58
5
30
39
94
7
33
88
17
22
80
8
82
120
21
48
62
39
100
9
12
1
11
37
106
35
77
89
58
21
31
35
17
111
57
5
49
40
44
97
26
17
15
0
51
26
1
14
13
3
10
0
36
64
42
28
94
10
10
78
38
112
58
75
105
16
44
27
2
10
112
7
106
20
29
23
73
2
16
30
43
66
73
49
15
35
13
8
61
55
7
37
13
25
19
11
11
29
61
1
11
21
32
74
41
84
16
5
43
51
103
33
43
64
13
18
99
45
4
8
79
41
29
2
40
59
29
51
26
44
26
20
9
47
26
61
30
87
53
57
3
56
103
62
53
34
37
53
213
100
11
17
24
14
69
21
19
36
6
68
54
59
45
23
74
51
43
1
61
54
13
84
1
61
21
108
60
46
8
75
6
43
80
56
98
61
51
37
51
50
15
56
34
47
1
4
6
49
76
21
113
6
57
84
75
3
24
46
69
28
66
16
6
7
117
10
28
17
30
18
40
17
70
40
8
27
49
58
28
87
25
107
13
21
52
2
25
122
23
18
27
42
32
21
21
53
5
38
5
42
56
48
6
20
30
40
16
11
124
11
6
48
98
35
52
30
9
23
20
82
60
45
61
84
22
58
25
13
31
116
25
41
23
14
48
100
39
52
90
18
9
15
40
56
18
27
42
10
133
127
10
70
51
0
85
47
17
90
100
31
8
41
22
20
3
25
74
7
10
32
5
48
26
40
26
74
28
93
7
50
144
32
39
31
54
31
53
11
6
44
40
6
33
29
24
2
8
39
123
82
38
34
16
56
13
3
38
43
51
12
31
63
7
50
18
41
68
28
74
4
14
20
93
54
4
1
3
21
26
62
11
2
3
19
51
45
40
5
27
61
63
55
47
51
93
15
15
7
29
47
150
16
123
66
2
29
40
51
68
29
75
3
35
86
14
8
35
16
51
23
23
59
42
54
12
9
56
26
45
43
13
14
2
2
15
48
21
19
90
21
59
31
81
27
8
85
68
42
50
6
8
33
65
104
51
132
31
5
25
8
35
29
53
35
57
67
27
74
36
41
41
35
33
34
53
65
8
5
65
1
18
27
7
61
10
1
17
25
15
7
29
1
21
70
117
24
33
48
13
101
9
74
28
62
23
19
7
7
70
65
10
39
83
11
8
101
36
29
102
11
13
58
56
37
35
66
45
45
19
92
24
43
57
119
94
0
88
8
3
20
79
25
24
24
53
7
12
8
36
3
23
95
41
15
126
24
74
2
28
58
4
50
41
6
9
110
81
70
14
3
59
66
51
65
29
119
31
73
90
11
29
102
38
8
14
36
99
18
1
55
53
53
36
22
5
10
70
28
18
63
53
0
54
38
23
7
25
9
21
56
27
35
29
21
34
53
39
1
15
47
19
12
79
60
118
3
24
36
20
36
6
50
38
46
30
3
26
29
82
28
79
15
36
47
45
57
22
100
26
43
16
37
5
9
60
29
4
65
116
16
55
21
10
10
47
44
41
54
33
40
9
10
30
29
72
30
74
25
10
30
21
128
51
17
50
66
2
24
60
19
140
6
35
5
18
40
9
2
34
71
56
51
42
80
55
7
46
53
14
38
2
12
6
19
45
20
65
27
21
41
54
34
3
105
14
4
9
70
7
16
27
60
45
46
38
4
7
28
52
29
13
13
31
3
81
41
32
17
45
78
33
33
70
29
61
11
43
30
73
25
23
20
8
72
62
64
20
42
56
9
71
78
95
109
116
49
9
63
68
1
63
65
50
47
26
40
52
21
51
101
74
102
21
68
0
54
33
20
19
24
33
66
46
125
62
0
39
0
6
46
31
3
19
10
11
53
2
28
22
27
56
49
22
69
20
34
65
11
16
80
50
18
50
9
15
63
66
67
112
95
20
35
26
7
46
53
29
35
3
80
3
58
4
52
0
60
51
81
7
2
49
60
72
7
30
18
45
32
80
19
31
6
17
51
81
16
5
11
5
7
20
13
51
33
26
26
22
11
103
35
11
29
18
15
26
20
3
1
1
72
36
17
41
51
30
42
48
1
40
23
42
98
65
44
48
20
63
10
8
48
83
65
13
165
44
3
26
17
44
42
83
25
41
130
9
49
4
106
87
16
45
24
7
59
38
45
1
10
10
16
19
39
1
15
51
16
51
27
47
18
54
24
22
57
2
80
52
4
53
48
61
17
68
78
20
56
74
1
36
11
13
35
90
12
20
4
12
74
35
17
2
56
14
35
15
20
15
2
12
33
40
4
73
75
26
28
23
11
46
115
10
28
4
20
34
7
10
56
1
22
61
5
75
29
21
31
52
47
27
42
6
56
12
24
26
30
9
39
59
69
49
4
7
92
48
28
61
12
31
20
33
40
9
6
27
12
14
56
89
23
30
27
18
1
28
3
4
40
64
57
36
6
94
13
11
3
8
36
49
109
32
1
67
22
22
11
52
58
125
53
7
10
69
14
5
33
75
6
24
40
82
55
67
20
30
31
4
2
4
11
39
41
1
19
35
3
25
7
81
125
30
46
42
9
26
57
37
70
1
29
27
46
5
67
80
45
50
37
100
6
51
83
52
3
10
52
3
1
32
9
22
9
99
21
1
7
45
42
5
10
28
10
25
7
15
0
0
49
51
39
33
17
4
17
43
31
9
24
55
130
47
92
87
69
1
59
50
25
57
42
8
35
67
2
49
70
10
14
60
80
22
14
14
62
39
24
11
32
42
74
10
22
91
3
41
31
9
7
12
22
8
13
29
38
65
17
22
13
10
83
39
18
10
37
26
30
49
11
6
16
15
25
50
62
42
40
46
20
67
109
21
30
50
28
88
36
31
18
10
5
13
93
8
1
57
43
70
32
2
7
74
18
41
56
53
36
67
6
3
25
17
9
25
55
84
48
79
26
58
12
50
3
1
18
17
5
58
48
4
30
1
27
14
110
48
1
26
41
8
35
28
11
93
12
17
62
20
39
1
3
41
90
14
16
8
57
25
24
3
1
29
35
8
38
15
12
2
91
5
4
42
21
11
25
61
19
36
40
24
38
11
33
31
16
25
36
7
17
9
75
46
18
0
3
31
46
34
22
2
23
18
61
15
3
70
22
14
4
28
50
6
49
13
57
27
18
12
88
58
29
80
10
51
13
10
11
0
41
5
28
1
21
8
30
16
23
36
30
61
31
35
30
4
59
55
21
43
7
6
9
83
6
67
32
42
31
48
25
20
53
1
61
23
14
18
1
23
29
1
58
28
17
6
17
28
59
33
62
68
18
15
2
29
82
20
34
39
52
8
40
23
52
32
18
23
40
46
14
4
15
35
28
80
10
13
46
65
12
18
1
17
12
44
32
70
12
79
61
24
12
19
11
12
36
68
11
79
11
75
3
49
16
21
2
14
14
8
23
1
1
68
49
12
2
37
31
43
26
25
26
45
42
27
35
31
7
9
28
20
28
76
11
7
22
19
7
34
19
29
17
40
28
44
23
15
19
22
41
17
16
23
11
20
77
19
63
22
20
40
12
24
10
39
15
50
52
36
26
9
19
16
52
84
34
66
26
12
31
17
2
31
5
42
7
46
31
18
21
22
6
7
38
42
1
40
4
38
23
19
6
12
54
33
66
38
58
10
39
48
24
7
95
68
33
11
4
24
34
19
47
8
22
55
15
40
4
13
5
46
42
37
19
32
44
18
8
54
47
5
20
73
31
2
8
82
69
15
11
34
36
23
14
20
45
47
18
39
7
5
61
34
14
17
5
16
8
15
35
29
34
1
7
42
7
65
26
3
30
5
48
33
7
9
29
35
72
3
49
73
36
28
22
22
57
34
15
22
10
10
58
29
25
42
37
2
19
6
22
42
18
27
12
7
93
36
39
32
17
16
34
39
64
29
28
7
8
18
35
34
45
29
41
11
24
11
17
22
24
42
102
29
9
62
5
2
4
36
12
23
34
21
2
22
36
21
8
22
18
12
14
29
64
19
5
2
27
10
7
64
17
28
22
48
28
7
18
65
10
62
17
27
9
6
23
20
20
2
55
5
67
15
22
26
26
70
37
26
18
70
44
1
11
2
52
10
21
59
21
35
12
85
17
10
14
3
59
36
13
16
8
45
38
32
28
0
5
23
9
13
62
10
17
15
36
18
25
26
40
0
52
9
18
51
66
9
5
55
67
53
35
21
14
13
39
16
22
22
13
22
51
18
34
53
6
42
16
1
46
3
4
12
26
52
2
18
27
23
31
68
10
4
7
59
35
16
4
10
15
6
27
4
3
12
56
27
18
7
31
19
36
78
14
12
13
43
20
80
12
25
1
11
20
18
48
2
29
7
17
21
4
0
8
29
23
36
8
15
19
9
38
40
33
9
22
8
24
14
2
5
19
12
14
18
14
2
6
39
19
5
16
0
23
19
5
16
51
24
21
24
41
8
20
15
16
59
49
26
26
35
37
17
65
14
4
49
19
43
26
23
34
11
11
10
10
5
41
23
61
11
35
45
16
36
9
18
10
1
43
19
11
16
7
89
43
33
22
16
32
25
11
38
4
6
51
48
50
52
21
28
15
44
32
15
27
7
17
14
8
24
42
19
22
12
40
2
37
25
26
34
34
24
16
13
8
32
11
15
11
5
39
1
30
30
9
3
76
43
23
4
13
52
38
21
26
5
2
23
72
21
1
58
21
6
23
24
19
29
71
25
34
6
4
18
28
54
17
53
9
5
2
16
16
11
3
24
16
1
15
31
12
22
23
18
15
35
4
71
34
68
15
24
3
8
9
21
12
9
3
41
9
14
2
14
26
48
22
38
65
68
3
24
11
16
56
19
9
19
0
5
9
15
65
19
5
21
40
33
12
7
16
29
6
12
4
40
16
11
1
49
3
21
11
47
28
43
38
48
7
5
33
2
17
17
17
6
45
9
18
32
18
16
37
7
21
3
20
12
40
11
26
4
22
24
63
34
11
12
18
1
11
56
14
50
2
11
33
16
37
57
31
2
41
46
31
5
25
18
4
5
45
21
10
8
60
23
37
31
27
19
46
23
24
36
7
3
7
7
8
10
25
2
33
17
3
31
10
55
23
3
29
14
59
27
26
17
18
39
15
11
21
23
21
4
15
19
2
16
2
8
17
54
42
39
15
25
24
0
0
34
11
16
18
44
12
23
30
21
57
18
50
15
3
22
41
10
13
15
5
8
45
9
3
13
5
7
0
21
7
19
22
8
79
4
9
20
38
46
35
15
23
17
7
18
14
7
6
55
19
31
36
10
10
53
4
2
17
32
45
13
10
14
18
42
28
15
0
15
9
13
12
20
14
18
41
15
21
14
12
10
4
5
12
27
15
1
31
25
31
21
2
13
15
14
23
18
4
24
13
35
7
3
3
13
9
29
29
22
16
22
2
3
11
23
13
43
35
38
30
9
27
17
11
9
19
16
30
9
31
16
28
12
2
44
12
18
11
0
55
0
5
21
4
20
8
9
20
3
16
12
9
28
17
17
12
24
24
43
2
35
20
38
16
19
8
8
17
0
16
58
15
3
3
25
3
16
7
9
22
17
1
18
36
9
6
9
4
9
19
23
16
35
17
19
3
8
34
46
29
22
2
19
12
46
6
26
9
16
11
6
2
7
28
24
11
2
51
21
3
8
4
34
21
3
29
17
9
34
8
20
22
1
44
6
29
11
22
9
49
4
6
32
5
11
3
24
14
14
24
1
7
8
8
12
30
2
34
0
29
24
58
29
0
39
40
20
1
12
3
19
14
7
22
16
11
1
9
7
31
28
14
18
28
17
32
17
19
29
12
71
1
10
11
25
17
13
19
22
0
24
14
6
3
19
29
12
28
14
5
17
14
5
10
25
13
4
13
40
10
23
40
16
19
3
16
29
17
30
16
4
2
11
17
8
20
1
12
30
21
3
9
6
26
17
9
5
8
3
19
7
20
26
17
2
7
20
11
7
12
22
14
22
25
8
0
5
34
20
9
3
13
9
7
4
23
4
13
4
18
3
22
1
30
5
6
11
14
3
11
13
1
35
7
16
0
9
16
5
3
9
7
3
14
8
3
2
14
14
3
20
12
4
6
15
4
13
23
8
13
22
2
11
17
6
1
1
12
14
24
1
6
18
8
10
0
24
26
14
20
1
24
0
23
7
9
8
1
29
20
7
3
13
15
11
10
22
3
9
29
13
5
34
1
6
2
4
12
7
10
9
25
15
2
6
14
2
5
12
21
10
14
6
10
3
3
12
16
4
3
9
0
2
9
18
9
18
14
10
1
15
4
1
10
2
3
9
0
8
2
21
8
3
10
3
6
11
3
12
1
2
7
7
12
8
0
13
6
4
7
3
8
2
23
7
5
3
0
2
3
2
15
8
2
14
9
11
4
0
6
3
7
0
12
2
5
7
7
8
6
1
15
0
4
3
5
4
2
15
18
8
2
0
10
1
1
8
2
7
2
4
1
2
3
3
2
6
10
5
6
0
2
4
7
3
3
11
9
1
5
0
0
8
2
2
2
2
0
6
1
1
0
2
1
1
0
0
