24
94
6
35
1
29
0
70
19
72
10
6
43
70
4
27
15
7
13
7
34
32
8
7
47
21
58
2
18
38
2
26
21
14
14
52
42
62
2
127
1
18
59
32
65
7
65
18
22
16
10
28
8
3
10
25
17
39
60
8
62
29
45
48
1
29
64
41
33
7
46
9
31
29
16
62
15
69
28
15
33
63
19
94
28
40
17
58
9
23
53
65
122
108
20
36
137
109
76
50
79
50
2
35
30
43
32
20
47
11
101
134
105
144
73
67
26
6
18
76
59
38
48
51
15
18
34
6
127
75
43
6
56
9
48
53
91
7
10
17
42
21
30
54
45
32
2
54
30
20
45
16
42
16
81
28
2
25
1
26
37
86
31
105
64
55
119
27
57
42
30
38
20
37
12
5
91
12
46
3
37
55
22
3
118
118
54
5
24
64
35
25
92
52
64
117
70
47
44
3
31
113
49
29
23
33
13
60
8
19
110
45
106
38
27
67
13
36
85
18
25
102
37
68
16
24
107
52
74
19
51
82
11
31
17
30
90
121
39
22
30
80
121
58
46
11
14
8
57
65
21
68
88
78
78
61
30
57
135
54
65
9
53
80
1
43
48
40
7
9
103
58
155
35
73
45
47
54
19
7
12
153
69
57
11
7
1
7
95
87
23
45
41
3
25
78
48
126
52
7
57
57
58
64
12
50
44
75
140
12
126
74
1
122
13
145
82
60
44
43
98
131
8
15
52
59
111
73
30
46
74
59
125
39
14
82
37
50
61
1
68
18
20
87
229
20
53
38
63
70
76
56
109
52
156
31
32
82
16
118
6
79
26
28
117
4
20
2
70
86
17
9
209
49
3
100
70
20
113
50
59
47
68
88
8
81
41
38
26
88
86
95
38
9
96
85
59
12
110
29
58
9
49
25
17
64
10
49
15
28
61
25
162
13
45
5
27
26
118
91
131
65
105
82
23
20
16
21
59
65
32
60
34
98
94
0
67
38
35
33
101
46
24
62
92
93
78
36
59
69
39
153
56
131
1
18
24
45
56
18
45
30
46
67
52
89
14
70
61
16
41
59
75
58
27
96
13
64
73
62
40
49
4
89
4
13
20
58
94
45
34
108
28
20
29
27
39
77
73
5
10
68
44
23
64
43
37
98
29
33
56
78
10
23
160
66
107
27
64
31
12
61
96
151
31
54
7
83
24
101
58
64
47
16
1
0
57
23
17
79
93
30
37
48
92
121
21
13
95
153
12
81
99
79
30
51
57
61
6
55
76
68
47
93
115
52
13
27
10
42
58
13
80
13
51
78
118
95
10
157
64
11
19
156
45
58
24
32
24
19
81
18
33
3
36
20
59
40
23
33
52
112
32
44
37
44
72
26
65
56
19
132
5
7
116
30
116
8
23
62
69
25
32
74
27
62
61
15
57
53
78
65
5
39
12
19
40
11
24
71
25
36
23
56
9
74
113
48
24
64
94
1
71
8
15
17
56
66
23
76
83
76
3
64
93
3
35
4
91
42
10
60
33
78
46
47
96
89
2
46
49
14
93
85
82
51
69
20
40
87
68
20
48
5
12
92
77
20
85
13
7
6
7
12
128
30
65
38
62
30
10
64
78
38
20
76
19
59
6
71
13
90
39
1
47
61
44
48
20
98
81
32
73
12
111
21
5
136
12
36
14
3
53
3
29
101
14
72
31
155
70
85
60
166
81
17
86
8
16
26
10
75
78
73
42
165
16
76
16
20
66
39
16
61
0
28
37
29
16
25
46
72
67
68
17
140
151
99
59
32
10
134
91
11
121
79
64
16
15
159
31
118
35
20
134
143
102
21
30
56
49
41
15
17
63
45
10
48
55
21
13
8
6
67
10
126
34
40
17
15
53
14
68
29
46
15
100
38
1
59
46
48
55
5
24
107
71
80
40
85
48
18
43
41
36
17
67
133
137
98
36
68
73
59
107
6
25
51
48
47
12
107
2
13
76
21
6
21
15
58
65
26
7
2
81
2
32
107
29
20
24
40
14
46
6
16
4
24
114
5
24
40
13
10
2
40
4
14
9
84
32
93
144
43
10
40
26
16
46
79
23
27
36
20
2
34
98
70
36
6
24
65
84
8
27
105
218
73
39
27
75
5
5
99
23
36
71
66
2
67
71
47
12
42
35
60
132
12
67
28
88
8
8
13
19
27
20
35
13
99
53
13
67
10
54
10
27
33
27
52
60
153
15
99
64
26
122
1
24
14
47
30
17
1
25
19
14
109
36
6
18
73
29
33
56
21
21
39
25
82
45
51
5
17
15
87
5
20
12
17
53
62
60
29
15
33
60
63
5
25
37
59
2
26
7
80
28
42
64
11
98
108
28
64
31
14
56
40
1
36
14
71
9
61
128
34
104
92
5
18
77
36
68
6
64
39
87
75
119
6
35
70
69
51
47
46
70
62
40
22
28
37
81
69
6
62
12
156
11
16
43
29
101
115
18
38
23
81
36
19
64
5
82
57
38
41
56
36
1
14
79
46
46
21
19
64
94
11
4
54
73
22
94
91
110
16
16
27
72
52
15
87
24
11
26
70
62
19
42
25
15
80
61
53
41
5
58
90
6
104
0
19
36
103
69
66
31
26
55
65
3
10
45
91
53
4
30
0
129
27
1
58
85
18
81
89
82
15
31
46
19
46
70
18
10
58
102
39
50
57
19
70
4
71
65
27
9
58
2
4
45
77
21
26
65
43
15
28
69
113
51
5
15
95
64
31
91
86
57
64
32
61
21
103
16
11
15
19
33
4
21
5
66
4
1
59
7
62
55
129
38
29
22
20
54
75
61
6
29
45
135
39
37
3
12
43
6
33
43
15
46
39
99
4
12
93
13
38
121
100
53
76
8
79
43
96
48
9
26
47
31
33
5
56
30
1
100
161
22
42
23
9
31
18
23
32
148
24
59
85
28
57
40
5
32
75
41
19
65
46
54
22
19
11
55
13
109
26
41
10
14
70
30
8
39
13
44
46
19
10
35
19
32
85
74
2
69
42
39
49
41
62
16
44
7
32
6
51
64
8
6
64
6
73
7
5
4
45
40
10
14
1
45
32
8
30
16
56
32
35
79
50
7
6
25
50
30
48
80
51
0
17
32
21
104
69
41
71
34
75
7
21
73
36
31
41
0
2
15
67
52
91
57
13
74
2
96
56
33
33
32
19
1
19
7
16
60
31
47
82
41
87
29
66
8
86
44
52
27
13
47
21
4
81
81
49
63
78
32
28
0
75
58
6
12
7
11
19
51
106
158
31
21
2
106
4
39
59
50
6
15
50
17
24
40
21
6
87
12
26
130
14
61
10
40
66
77
56
118
42
30
62
49
96
19
14
1
18
56
3
20
18
33
46
16
66
11
49
61
28
67
4
6
10
3
83
25
31
50
30
64
45
91
30
76
55
3
19
56
27
16
77
42
114
35
6
2
5
35
55
36
57
18
101
28
18
3
41
9
5
3
50
99
14
75
43
25
12
24
0
68
33
22
13
57
14
146
40
76
18
2
4
10
7
164
39
58
69
19
4
18
81
89
16
49
27
46
36
19
1
60
99
59
30
31
4
7
14
29
77
1
49
15
98
2
19
77
11
47
69
1
80
29
135
38
15
79
16
69
57
72
49
36
18
53
132
50
72
9
87
101
15
96
9
18
23
12
199
35
39
98
26
39
8
8
41
62
16
5
71
25
31
62
48
59
10
4
35
35
38
75
73
1
9
41
72
60
2
46
64
45
47
8
65
37
83
51
11
30
18
15
55
42
34
4
0
36
17
0
1
63
83
14
6
38
36
53
40
22
4
18
40
64
49
8
5
67
24
29
24
19
27
38
45
29
27
8
44
21
85
58
38
24
56
12
60
75
78
7
16
52
9
104
10
60
46
34
30
83
55
14
55
7
40
70
30
34
0
38
19
154
57
83
44
9
116
92
3
60
63
31
51
14
0
85
13
18
65
11
48
21
48
35
24
49
23
20
10
22
24
38
28
70
86
16
25
55
58
17
40
22
30
32
10
16
37
86
34
66
20
23
82
18
25
82
3
5
122
89
28
99
23
22
51
8
11
50
73
90
14
51
96
24
42
58
60
32
43
23
14
43
18
81
34
9
30
26
73
26
67
10
51
2
97
21
53
30
54
21
47
9
4
20
57
59
15
18
50
50
27
47
22
27
25
77
55
2
48
3
5
14
41
80
6
39
86
20
0
45
18
7
38
100
14
31
0
39
8
21
21
54
28
1
12
79
45
116
81
5
8
50
26
2
67
22
22
19
7
64
9
56
14
32
102
2
99
20
15
58
121
86
79
1
34
27
12
30
49
60
25
25
60
10
76
64
13
30
2
27
53
24
55
23
49
17
17
13
39
10
22
32
59
11
42
45
25
5
23
86
63
19
8
45
5
63
18
28
24
74
70
65
81
33
93
22
1
42
61
1
130
5
9
2
45
32
137
14
66
92
22
43
67
46
81
5
59
15
42
50
19
17
1
108
58
57
32
75
45
20
89
61
70
12
14
108
49
29
20
21
80
12
46
62
13
33
93
52
33
35
51
11
0
58
12
14
13
35
7
12
7
15
160
21
19
41
39
73
18
4
116
38
125
63
42
41
21
26
88
45
88
33
28
32
40
116
15
19
9
95
22
24
3
11
14
25
17
1
73
19
55
9
110
41
36
31
60
25
26
18
49
81
59
70
25
30
1
27
7
31
23
21
52
23
52
8
62
11
36
29
2
2
24
83
41
78
11
43
31
69
41
34
37
51
18
55
9
13
8
70
41
2
103
55
11
116
73
80
1
8
30
39
7
38
98
21
13
13
93
2
50
1
35
22
102
40
22
86
43
19
57
24
34
33
75
3
50
81
12
13
69
18
14
41
19
33
4
41
20
33
27
60
56
74
22
105
15
71
15
60
16
49
4
66
14
54
39
67
23
33
66
44
28
86
40
62
15
19
19
65
6
24
7
20
96
36
64
59
21
46
10
37
25
54
18
49
45
20
34
46
13
41
14
81
10
61
94
18
26
41
75
5
27
70
83
14
24
10
31
52
16
91
0
30
32
18
89
43
29
23
47
19
29
49
44
3
29
31
40
15
58
12
57
16
59
11
72
83
24
65
19
17
56
63
4
87
9
37
29
75
79
77
39
68
9
10
77
32
38
7
11
7
11
40
37
51
52
38
123
42
64
92
31
9
20
86
23
20
9
22
20
54
50
31
9
27
41
50
34
54
41
16
16
23
14
56
9
43
4
18
79
3
21
4
14
42
24
11
29
55
72
25
14
8
36
94
70
19
55
69
50
34
39
36
59
33
54
15
20
22
41
21
55
66
23
3
57
28
30
91
8
2
47
79
48
12
37
37
19
89
47
28
27
35
0
34
24
16
5
74
21
57
7
79
46
49
53
52
87
47
4
28
34
70
105
10
85
16
20
16
3
46
16
89
6
62
66
47
23
7
23
7
32
14
38
20
21
51
52
90
52
20
53
40
42
33
45
93
45
24
2
59
16
50
64
25
22
9
13
22
22
18
23
13
64
24
9
29
11
19
6
87
78
34
89
22
29
118
15
7
38
0
29
39
33
23
66
78
104
19
35
31
90
77
5
30
56
20
21
60
16
21
96
27
5
25
38
18
37
37
4
13
14
42
15
42
30
30
2
21
14
48
42
57
62
41
13
3
34
64
3
8
35
7
26
49
2
4
23
10
81
88
33
56
0
8
77
45
44
18
53
13
4
1
50
10
32
15
21
24
20
61
6
57
10
65
49
33
55
33
35
39
4
76
23
57
4
76
39
47
94
8
39
21
72
91
13
26
37
68
49
55
10
17
21
1
53
120
52
33
34
3
2
48
1
9
29
95
37
2
47
3
27
54
21
9
46
8
59
46
6
8
69
26
9
2
64
36
9
7
91
9
41
87
39
23
35
56
18
54
62
72
45
18
20
23
3
9
9
33
3
57
33
22
25
6
38
15
61
22
18
33
51
18
28
19
18
26
50
37
26
70
26
88
7
35
94
5
75
20
8
73
27
25
20
3
62
13
1
61
7
16
11
2
40
13
33
43
108
33
18
9
22
30
82
23
54
14
55
12
4
124
11
27
52
49
50
26
7
5
7
36
55
16
19
4
21
17
32
29
16
72
23
41
65
5
25
44
0
25
8
32
74
73
17
54
39
5
32
26
44
6
31
2
94
38
7
21
77
32
19
35
74
21
45
53
24
30
37
36
18
41
15
47
42
34
0
10
19
65
65
10
15
8
1
2
37
15
26
29
42
10
43
35
81
17
23
25
12
77
4
11
6
27
12
37
44
9
52
8
21
30
27
1
63
80
34
25
22
28
7
52
37
3
14
60
31
10
64
84
13
27
26
8
74
32
30
90
31
59
12
10
15
46
25
70
57
55
33
3
44
2
52
31
14
31
6
0
47
14
43
0
8
103
0
36
54
38
25
117
7
6
49
39
19
52
23
42
84
23
4
14
37
12
38
9
65
27
76
11
14
45
38
60
22
32
47
18
14
9
12
18
20
17
17
14
43
18
48
25
29
15
57
3
40
19
35
20
11
32
17
10
34
62
13
9
80
67
5
1
24
31
23
13
29
41
38
3
0
9
25
67
0
13
35
50
35
11
30
34
102
43
19
9
69
47
66
11
13
42
28
94
58
4
14
32
9
43
11
3
7
26
6
14
53
51
96
25
49
3
10
1
62
24
26
25
39
37
4
16
1
32
43
58
53
33
8
20
3
0
4
14
41
36
41
9
71
33
18
61
36
8
59
70
5
22
62
19
23
21
2
64
31
12
12
12
1
82
53
8
41
3
16
2
27
17
33
18
97
34
38
1
25
6
5
53
29
36
36
11
21
37
85
53
52
5
3
107
6
54
14
21
31
30
10
3
0
26
8
30
32
5
1
38
42
23
5
12
47
73
24
41
34
23
2
20
6
20
13
45
13
48
18
82
4
65
4
65
35
73
23
44
47
45
8
14
34
3
11
42
6
49
16
10
42
24
27
15
1
69
61
33
2
60
10
30
21
4
16
42
9
13
27
17
9
30
2
43
13
17
20
7
4
64
25
12
52
34
6
19
4
15
23
13
42
20
17
4
36
67
16
2
5
34
29
14
58
52
22
1
16
16
48
20
10
20
111
12
13
1
2
13
47
19
26
14
6
27
44
77
36
18
7
67
49
26
15
6
69
1
63
4
28
26
31
1
1
37
26
22
17
84
31
30
4
5
4
76
18
3
19
2
48
6
24
27
51
58
17
13
24
27
16
25
10
10
51
51
20
1
9
23
29
23
48
6
19
16
43
36
19
15
12
6
18
14
33
42
2
26
23
23
7
5
57
8
15
31
45
48
44
10
33
30
24
32
5
4
4
24
32
5
22
53
9
10
33
40
48
35
43
47
4
65
45
19
1
2
25
54
14
23
0
32
3
11
44
45
5
33
28
0
22
111
68
19
36
27
63
21
0
89
16
18
40
33
29
48
4
14
16
16
16
29
14
9
30
29
55
6
40
4
37
21
35
21
22
17
19
18
75
33
44
34
9
8
20
32
28
8
54
33
20
7
7
92
17
38
29
32
41
15
3
13
1
3
24
3
38
0
5
19
86
65
25
17
8
33
78
28
7
12
46
3
14
30
17
2
21
49
11
30
15
48
7
6
3
3
34
6
50
20
36
1
16
8
23
16
5
0
16
36
4
22
22
4
48
16
47
5
21
28
38
27
45
3
28
2
33
27
3
53
30
21
2
1
19
55
1
62
30
7
24
18
52
14
1
39
8
7
27
12
20
28
3
20
22
4
9
25
17
27
2
16
16
24
78
36
23
39
49
32
21
2
18
26
24
22
55
39
35
23
3
36
58
74
18
43
2
6
18
3
5
7
52
30
80
10
16
33
16
27
35
44
17
59
3
21
33
11
23
19
2
35
11
75
50
41
27
17
4
16
11
6
3
12
6
32
22
9
73
67
22
3
22
23
66
40
83
5
67
36
33
40
15
63
28
8
13
14
7
33
16
20
37
25
22
34
11
28
20
52
16
24
25
1
14
27
1
16
67
7
23
15
18
11
5
51
7
9
37
31
29
29
10
40
55
31
7
47
39
29
38
8
8
34
1
37
26
12
27
22
22
4
17
83
12
0
1
6
22
5
5
9
14
4
40
29
22
9
27
24
7
24
10
6
20
42
14
47
22
48
29
68
14
3
27
2
11
24
14
1
42
4
6
41
4
4
3
1
38
33
41
48
2
11
10
2
13
77
13
11
45
3
6
74
8
33
35
8
12
33
3
42
51
7
14
57
21
7
0
25
3
53
7
2
6
9
8
20
5
32
38
8
50
14
66
2
15
30
47
37
13
20
36
38
3
13
46
12
0
11
6
16
49
51
19
7
11
0
12
10
18
25
49
49
36
2
45
13
3
26
24
19
7
20
8
17
14
51
10
1
25
2
17
43
17
16
2
37
13
15
17
15
16
17
8
7
7
12
21
3
24
46
21
32
2
0
15
43
19
11
13
24
3
6
16
11
22
1
2
16
3
26
9
1
3
15
11
9
33
4
51
26
16
13
31
59
6
30
6
2
5
27
26
5
13
13
4
4
50
3
10
17
49
12
30
22
0
28
17
5
29
11
21
12
19
48
8
34
28
20
0
21
19
3
5
31
4
1
39
18
25
36
6
40
13
6
25
7
25
7
17
29
33
27
11
2
32
25
8
15
5
16
3
16
17
10
20
7
5
20
8
32
30
30
6
8
14
14
16
10
48
9
26
7
26
11
1
13
4
8
30
2
13
31
14
25
9
18
8
13
9
37
26
2
10
2
13
8
4
43
6
7
22
18
5
4
32
28
14
21
11
4
28
18
15
10
10
10
40
21
13
2
2
16
37
16
14
15
25
16
22
14
16
22
34
66
19
34
19
20
3
14
14
13
6
5
29
10
8
3
18
13
3
10
20
12
31
23
13
31
9
28
23
2
20
7
11
3
31
33
25
27
5
22
32
9
3
29
10
32
34
27
3
17
12
11
32
12
6
6
3
12
14
33
6
2
11
6
17
17
24
1
28
41
32
19
7
10
3
28
9
14
2
4
16
9
22
20
11
15
30
18
30
17
4
38
6
42
16
14
11
23
17
25
12
11
18
28
5
5
8
27
16
32
18
27
11
27
13
22
3
13
17
6
12
32
25
17
2
8
16
6
13
1
43
8
12
4
18
27
25
15
20
7
3
5
9
11
19
14
12
2
25
15
20
9
28
20
1
2
11
9
11
4
5
14
2
5
2
2
8
17
3
10
6
17
13
9
13
19
16
12
1
15
17
6
11
5
12
7
11
17
4
16
13
0
35
24
8
25
10
16
24
4
10
15
1
11
9
5
23
33
1
1
1
10
13
10
8
25
18
12
22
7
4
5
19
5
25
14
6
31
6
1
15
23
34
15
15
20
11
14
11
4
2
11
3
30
8
19
9
4
15
33
3
4
8
0
12
11
10
29
27
2
12
6
1
2
2
8
2
4
4
8
20
12
16
15
3
3
15
7
15
13
5
2
8
2
4
25
8
18
9
5
5
12
6
7
14
8
22
21
1
2
2
3
9
14
24
20
10
13
13
0
6
8
5
13
4
0
8
12
12
8
5
5
10
1
12
18
13
15
2
10
2
2
3
8
20
4
7
14
3
1
3
2
2
9
9
1
2
2
10
12
1
4
1
3
12
4
6
10
6
11
9
4
4
9
4
9
7
4
8
4
5
5
9
6
7
2
24
3
1
6
0
9
4
5
0
13
3
4
6
0
2
13
5
7
0
2
1
4
3
3
11
2
6
2
6
1
4
4
4
3
0
2
5
6
0
2
2
2
2
1
1
1
1
0
0
