8
30
71
12
10
21
39
9
2
58
8
0
10
6
45
9
14
7
33
19
23
2
19
15
10
24
28
9
37
3
9
120
7
22
69
114
14
60
86
52
89
22
9
2
78
23
42
34
83
68
76
7
23
110
33
48
34
0
5
25
46
24
123
8
18
35
21
65
67
29
43
23
21
26
38
71
14
25
17
44
51
41
75
95
10
65
14
21
6
70
20
53
11
73
77
21
6
40
69
96
19
46
104
20
35
28
5
51
90
119
34
47
107
33
88
0
156
38
29
8
15
145
11
57
66
83
26
67
36
46
118
32
6
113
5
120
108
88
76
28
84
77
51
56
97
2
6
67
59
31
162
138
8
15
13
65
25
75
45
34
73
13
70
108
15
69
88
72
47
31
84
153
10
60
73
12
28
80
17
43
60
67
74
52
7
5
58
102
179
27
48
10
9
5
26
75
48
79
33
37
34
8
13
39
29
101
4
38
12
21
49
13
49
4
61
4
74
83
58
149
18
91
68
16
9
56
119
46
119
4
19
37
11
18
11
82
64
123
118
57
35
85
66
35
73
62
74
34
12
65
78
77
32
141
4
82
30
85
26
73
124
53
92
69
27
12
85
59
43
53
51
147
186
1
8
12
58
0
91
76
23
11
17
77
3
21
39
95
3
140
61
3
66
6
39
82
65
120
4
102
19
31
38
158
27
61
101
10
58
66
33
42
156
33
13
9
21
40
55
24
165
20
30
44
15
100
3
57
19
46
14
56
9
29
82
51
27
125
46
4
27
26
41
38
66
57
15
7
52
122
42
63
3
35
34
34
41
95
73
50
10
84
82
162
71
132
13
5
5
95
28
3
27
29
29
159
148
38
74
26
82
1
8
25
62
20
44
25
59
51
72
32
21
147
26
53
129
44
50
32
120
22
91
73
64
30
70
97
30
3
33
22
74
54
32
11
25
16
18
27
17
71
25
6
56
116
81
31
39
36
60
40
56
91
77
40
110
59
93
31
89
19
15
37
63
70
81
28
90
1
28
70
24
4
27
61
83
25
21
4
43
12
26
86
36
41
50
53
45
99
27
33
1
101
10
14
65
38
77
44
46
55
95
11
33
84
1
11
1
20
126
53
50
14
107
21
38
67
86
95
78
22
2
1
119
83
99
109
54
64
91
15
59
8
83
61
51
22
24
16
37
27
31
14
71
7
108
7
107
93
112
34
38
3
6
27
26
81
83
15
41
70
83
137
1
26
99
13
87
3
5
77
4
9
43
72
90
69
26
14
40
14
21
12
87
16
115
63
52
41
55
83
86
20
60
19
39
10
6
93
68
40
24
105
14
24
46
72
4
24
29
4
14
111
5
29
21
126
104
44
114
66
33
97
22
83
66
17
12
38
77
25
27
33
61
14
13
20
205
15
176
3
28
31
101
2
124
48
60
9
48
96
53
3
29
14
3
34
68
97
6
140
43
68
133
48
96
17
33
35
153
39
25
14
53
92
105
39
51
121
170
86
15
22
121
74
25
5
63
70
59
12
113
65
43
7
10
75
56
77
12
7
22
32
8
84
3
26
15
11
53
55
7
3
38
94
23
27
78
18
6
22
31
63
59
19
87
15
48
75
24
87
14
44
78
47
42
33
31
27
63
48
27
33
4
29
109
76
23
71
18
33
109
34
66
25
71
24
36
122
134
58
39
34
76
72
45
6
0
109
98
42
44
38
59
139
17
14
1
71
1
9
11
12
20
23
28
37
115
75
32
74
44
129
29
10
4
45
44
93
49
138
105
28
16
53
37
135
111
141
3
136
15
47
88
60
1
28
12
11
43
83
12
2
25
10
33
58
29
17
70
25
4
144
133
96
12
26
2
41
69
27
101
11
6
109
54
8
91
24
3
49
79
80
12
42
23
51
16
140
13
28
49
34
56
18
35
69
103
1
28
69
106
50
94
34
9
21
45
9
54
154
1
65
142
11
9
94
14
33
25
145
42
6
12
20
42
35
64
4
22
3
99
88
23
29
5
11
57
3
128
57
41
103
21
50
3
39
55
47
47
69
60
79
40
25
15
60
114
111
26
25
46
36
64
27
54
11
14
126
30
54
10
97
40
43
75
10
28
110
30
74
31
24
70
65
1
38
167
34
14
119
1
91
33
22
122
51
25
145
38
80
22
23
69
37
29
37
25
7
22
59
76
79
33
30
29
38
13
10
14
81
0
8
73
67
3
47
53
29
34
73
49
110
32
106
137
90
12
46
64
51
70
33
49
26
72
0
5
50
140
40
76
16
0
23
67
9
39
7
21
101
41
19
28
35
73
13
120
37
109
25
37
10
113
44
45
45
3
21
35
22
128
51
28
62
73
3
15
38
23
42
108
51
37
29
17
20
4
145
36
44
52
22
11
39
122
101
47
48
125
49
18
72
0
48
75
22
128
59
12
43
122
83
38
58
25
14
85
2
160
75
27
17
18
18
16
39
11
19
11
72
19
24
58
34
48
6
55
31
66
27
9
34
99
17
23
55
49
50
31
73
114
21
7
21
15
29
49
36
2
19
69
27
71
1
25
31
44
48
10
72
47
145
49
68
79
69
19
7
13
35
51
6
17
132
70
19
17
5
16
42
41
93
15
32
46
70
16
52
78
14
15
21
18
24
41
77
18
33
40
0
98
98
58
23
139
25
9
31
62
64
20
22
29
70
20
21
24
30
10
80
16
47
61
13
66
99
29
11
9
20
3
12
35
65
38
53
78
40
23
66
10
30
98
91
1
143
26
95
54
3
33
94
72
77
56
36
6
59
51
10
100
105
45
21
4
12
10
32
40
98
30
39
17
9
18
74
13
49
53
7
53
33
91
33
28
41
57
0
46
9
3
34
40
25
37
9
33
39
21
29
82
51
11
22
53
19
40
67
115
30
17
48
9
30
114
2
46
6
3
16
15
85
13
54
24
28
15
66
64
29
39
136
38
11
55
48
27
38
42
82
28
0
67
1
8
49
46
69
23
0
49
47
60
32
75
22
19
52
58
75
1
67
43
10
63
62
21
47
76
115
2
8
22
76
42
29
31
39
11
120
95
111
118
74
28
134
128
27
37
26
12
78
35
128
48
5
61
43
43
14
71
7
11
93
31
14
47
111
26
64
119
35
123
48
19
63
69
91
7
1
76
40
10
59
129
7
73
23
37
62
28
9
48
55
34
2
77
39
34
82
12
119
56
88
49
85
43
17
5
53
39
57
18
15
30
4
47
40
32
31
34
32
80
17
42
78
65
116
9
25
42
48
107
38
5
17
29
21
8
11
30
35
1
4
41
31
87
23
91
27
69
7
43
41
67
46
37
86
51
69
49
56
53
37
5
57
51
85
0
69
28
80
102
41
38
17
8
29
5
52
81
21
40
81
69
40
9
7
68
2
47
6
4
59
12
56
40
60
63
35
14
57
9
2
37
5
6
65
88
48
64
111
38
56
91
12
12
55
1
10
10
2
31
127
22
45
30
28
12
18
25
50
16
57
27
15
8
144
16
31
5
10
41
9
147
28
28
2
77
33
16
8
108
60
69
23
82
3
21
25
77
21
93
50
89
6
9
27
56
28
19
17
36
133
35
26
104
63
48
37
22
4
11
9
8
18
21
24
26
1
34
9
48
22
1
63
38
15
19
74
59
94
3
34
70
9
40
83
40
90
63
50
86
28
2
50
49
36
27
24
53
52
60
12
37
20
5
29
93
1
50
1
22
48
2
18
5
182
98
32
5
74
38
36
55
18
4
42
107
30
8
60
4
14
16
28
66
7
29
62
7
46
7
5
4
13
6
5
30
6
67
23
16
29
63
69
1
24
8
30
49
34
52
134
48
9
35
69
53
33
33
25
73
4
85
40
77
50
72
25
7
7
29
15
50
27
1
50
2
112
6
11
51
92
5
41
20
93
34
119
23
27
68
24
11
51
14
23
43
15
5
32
27
55
19
13
51
44
8
97
68
26
52
26
54
12
8
41
28
1
164
49
35
120
37
32
46
29
14
67
0
5
23
17
144
30
37
64
15
23
86
84
44
96
56
26
31
37
71
27
38
4
85
1
65
10
60
92
28
5
3
12
38
25
14
47
22
37
1
86
39
11
20
76
28
45
42
46
20
16
3
6
34
58
39
71
47
32
62
35
23
85
26
47
3
28
8
18
53
14
23
8
9
40
45
22
74
0
29
25
20
35
31
39
18
67
6
19
97
14
50
20
48
39
21
22
0
2
31
32
51
17
33
105
94
89
62
19
39
9
70
21
21
88
23
7
21
12
65
4
11
62
8
42
44
38
11
25
46
17
4
33
54
49
70
8
42
54
6
38
16
2
101
95
5
4
56
13
13
8
84
37
52
19
34
41
47
35
17
17
22
1
6
27
9
12
40
20
3
71
0
48
27
30
26
2
23
12
6
6
52
31
28
91
4
45
26
35
41
71
81
13
63
85
27
64
40
43
68
8
65
32
44
46
13
10
6
44
2
73
57
21
60
46
13
20
3
58
3
81
39
63
11
29
8
20
85
61
59
53
5
58
64
17
70
42
31
72
24
4
99
2
55
50
63
36
68
21
67
136
1
74
39
16
36
24
50
13
14
20
36
1
39
84
67
21
58
11
21
41
98
39
54
50
24
24
18
119
70
13
60
33
83
37
34
36
22
12
15
35
26
70
23
24
10
5
37
11
17
58
1
18
11
61
43
19
29
27
87
14
57
54
54
30
19
13
48
39
125
44
45
18
66
76
6
3
14
62
4
7
67
46
53
3
13
35
51
20
2
56
49
51
2
75
8
106
55
42
34
73
36
90
58
7
8
39
57
16
59
89
50
11
19
30
15
9
11
16
56
43
41
34
33
46
76
66
25
32
14
92
40
71
15
27
4
59
1
99
13
79
41
85
16
59
40
53
68
61
36
40
22
18
25
65
33
52
31
31
32
68
34
4
29
22
9
57
18
67
4
3
9
21
32
17
55
58
5
18
46
1
36
77
23
28
16
37
86
25
47
80
7
36
29
17
113
25
52
49
77
36
46
39
68
27
3
53
32
79
27
34
58
50
1
71
45
23
54
52
10
39
59
12
56
44
27
6
75
89
26
39
30
8
115
19
16
49
27
12
18
49
47
59
111
22
0
19
31
44
57
80
77
22
22
32
49
27
58
15
13
42
28
33
31
71
17
66
68
3
22
65
33
13
27
37
2
8
41
26
50
78
12
16
129
10
37
28
63
49
82
18
49
27
12
44
10
28
2
77
67
3
11
46
11
89
42
2
53
65
39
7
31
39
21
84
2
25
27
121
52
57
75
0
44
36
47
15
76
19
13
86
26
30
58
40
51
40
63
98
26
96
34
28
1
65
11
15
43
21
14
40
8
32
29
18
22
55
22
6
13
22
8
16
23
65
44
2
42
4
37
11
16
22
80
32
20
48
37
19
30
11
28
86
44
13
12
31
39
30
74
67
3
5
84
93
28
13
5
38
6
1
49
10
66
0
26
38
28
19
83
81
59
51
30
27
24
39
104
15
48
100
36
73
26
35
18
34
70
7
28
8
18
52
6
75
7
11
67
48
79
19
23
33
2
10
37
15
39
44
65
33
5
0
73
18
54
14
59
20
65
74
39
51
118
44
67
30
3
85
15
45
3
16
57
26
19
50
29
26
69
48
19
57
46
13
84
70
41
3
42
0
32
62
53
15
36
7
82
25
3
23
26
10
13
34
45
37
27
50
53
34
29
5
32
0
25
38
28
29
68
2
71
13
20
25
3
61
27
20
4
25
18
6
67
24
2
24
26
25
120
25
36
62
24
0
71
5
11
19
56
13
50
31
70
31
5
53
18
1
68
46
67
4
15
7
68
32
8
126
84
23
29
20
40
22
117
25
1
2
72
60
36
8
11
10
66
19
14
20
13
45
53
90
32
14
49
51
14
40
10
24
54
104
31
9
18
65
43
29
39
16
27
0
17
67
10
52
22
37
28
17
52
8
35
18
11
4
8
22
19
14
33
44
19
35
4
28
40
52
45
19
0
18
12
16
38
3
44
16
16
27
8
68
28
26
47
0
55
81
49
6
29
30
3
49
11
51
21
28
20
13
23
27
6
11
0
71
28
16
61
21
81
8
51
7
26
57
29
16
40
20
28
8
73
34
9
44
17
72
18
51
23
7
19
21
68
107
0
42
12
15
43
32
7
132
70
43
47
12
117
28
36
1
36
33
46
5
30
17
24
15
63
28
110
12
43
23
68
67
100
40
15
50
33
31
76
26
22
12
16
13
30
91
8
61
56
61
30
0
39
30
1
26
11
29
11
2
1
49
37
15
44
53
77
53
77
26
30
33
26
31
63
26
12
14
52
36
75
86
65
51
103
18
31
24
92
8
54
35
64
47
45
23
76
4
8
23
40
9
4
57
33
47
12
54
1
37
40
80
0
40
35
33
40
33
17
55
45
18
20
41
68
37
7
93
19
33
75
5
11
40
35
100
59
20
33
11
42
10
15
10
10
35
5
22
18
30
14
7
13
64
19
79
0
16
23
4
1
16
46
50
68
21
32
11
0
107
28
1
15
20
42
18
12
6
18
55
53
53
44
39
18
5
48
12
26
42
67
112
39
81
15
13
68
39
9
44
28
62
13
27
82
7
37
30
33
5
39
77
60
15
13
6
22
41
51
19
19
99
75
6
51
10
42
3
6
19
27
34
9
38
61
36
15
23
66
5
56
4
45
24
27
25
44
70
59
38
55
1
61
46
56
87
2
24
6
76
19
2
23
47
9
50
60
67
7
62
10
31
25
55
21
28
9
38
57
15
22
24
18
0
7
100
21
5
10
35
77
73
35
11
69
47
23
55
39
43
44
33
56
2
52
83
33
37
22
8
4
25
50
47
11
38
13
8
5
26
4
32
42
17
22
34
18
51
51
23
24
33
14
46
4
23
12
38
34
46
25
40
85
51
25
22
27
18
78
59
29
35
19
2
12
12
28
35
32
26
5
15
12
17
52
81
9
5
17
58
55
90
11
28
33
25
27
89
46
40
48
21
24
16
50
95
45
40
8
15
14
8
29
18
7
3
19
57
14
3
8
19
32
29
17
22
46
10
54
20
31
57
34
29
19
32
6
7
11
26
25
18
26
17
46
50
58
57
15
66
8
41
35
49
20
38
2
28
33
39
0
36
19
25
9
8
18
6
19
10
5
41
61
37
7
80
1
42
9
38
14
18
25
53
1
46
59
17
48
12
61
28
40
22
32
33
25
12
48
15
2
49
28
10
20
14
24
22
44
50
29
5
12
14
34
26
24
6
39
27
41
1
57
6
17
24
30
4
7
38
25
38
24
77
9
21
36
17
77
27
9
42
10
31
66
69
31
22
4
31
36
7
29
18
0
56
40
51
32
46
18
28
31
5
4
10
7
49
22
17
24
68
24
18
40
31
39
24
54
8
17
38
6
41
4
43
66
42
11
51
10
6
3
33
32
24
37
0
3
29
8
25
46
8
10
44
42
5
27
48
8
6
65
29
1
23
6
54
20
44
48
40
57
21
21
39
5
20
36
25
57
42
11
25
25
25
9
78
35
12
37
18
27
6
49
1
15
8
20
11
10
34
35
38
2
10
20
39
64
37
10
32
26
81
30
2
36
16
29
46
50
31
15
31
8
50
24
30
24
48
18
16
41
1
61
24
5
8
28
14
10
19
2
19
8
25
10
50
23
21
26
13
4
11
5
52
32
74
10
2
0
13
34
4
21
22
3
25
29
53
12
4
9
15
16
6
22
1
10
28
25
27
54
14
40
32
44
57
50
3
17
13
33
9
15
12
2
21
5
65
55
31
47
18
6
19
15
53
53
20
5
10
7
1
37
4
43
11
14
21
4
3
17
11
45
29
3
27
6
18
3
51
43
23
27
70
62
53
55
13
7
57
5
43
27
46
29
35
55
36
17
31
7
0
20
7
24
0
44
4
47
55
21
5
6
19
30
53
8
14
13
0
14
24
24
44
10
12
27
44
11
35
12
2
32
42
18
14
12
11
28
49
15
21
5
41
17
12
25
26
27
27
10
2
10
17
28
20
67
30
50
23
47
21
2
48
10
56
33
4
2
27
9
20
10
28
29
34
7
76
35
0
41
9
53
3
12
29
21
28
11
21
49
27
5
35
26
21
4
19
21
3
14
6
24
30
30
11
54
43
13
5
73
46
14
1
17
74
27
36
26
14
21
36
53
6
11
10
10
39
3
7
43
38
4
64
2
29
50
46
21
9
4
14
9
6
24
32
31
18
24
15
1
6
14
13
24
14
8
39
20
47
8
34
18
20
3
7
24
20
54
24
37
17
0
15
22
14
6
57
4
33
13
10
6
12
20
13
24
5
7
26
5
9
5
22
19
16
40
11
6
28
1
4
43
46
20
27
10
24
8
4
15
14
5
37
15
12
7
15
24
13
41
37
47
20
6
14
12
10
20
1
15
21
2
30
18
26
10
49
17
49
21
12
4
30
5
1
5
0
36
7
30
17
2
0
18
36
16
19
22
0
50
46
4
21
2
29
21
3
6
24
11
25
12
22
32
42
1
2
14
0
17
33
1
22
27
13
51
8
17
34
20
24
25
3
20
30
7
9
4
21
16
1
26
11
22
59
19
51
8
6
11
1
12
4
14
7
32
9
7
15
13
10
21
10
8
12
18
9
31
26
22
2
6
14
49
1
15
6
68
2
20
19
3
27
26
22
30
15
13
3
23
18
12
18
27
22
9
27
26
9
18
6
43
25
13
11
16
16
12
5
7
18
27
23
18
20
31
28
36
8
8
25
26
7
0
6
7
12
22
32
9
8
23
33
15
31
0
26
5
14
16
20
16
27
29
24
28
5
8
34
27
7
18
10
16
3
11
2
16
22
35
20
23
28
2
11
2
16
14
18
29
1
5
34
24
42
26
26
15
18
5
2
17
23
30
9
26
19
8
16
61
34
6
36
37
6
25
5
2
12
47
23
64
3
0
37
18
29
24
15
19
14
35
0
2
29
26
10
67
20
31
20
29
9
14
19
0
12
13
19
7
25
29
25
6
10
19
5
19
19
9
3
4
0
14
9
18
38
25
15
14
29
7
12
19
8
4
15
8
38
7
12
44
27
6
8
6
22
6
36
9
20
2
13
3
8
4
4
39
4
2
14
17
14
10
9
10
21
14
45
9
16
25
15
25
6
30
33
17
23
6
3
15
19
27
8
18
16
3
13
10
43
12
12
15
22
15
18
2
16
8
17
18
19
17
4
16
18
10
15
21
3
18
14
24
24
20
11
46
12
8
11
14
10
25
4
13
8
11
6
5
4
2
17
1
10
2
0
2
1
14
5
18
0
30
3
5
4
4
19
8
1
26
13
7
3
16
2
1
2
1
12
13
2
4
1
4
14
2
20
1
15
3
8
16
12
7
5
10
34
14
14
5
16
12
2
6
3
12
6
11
6
14
0
8
3
12
7
2
32
16
6
8
23
1
6
14
17
9
5
24
11
0
26
17
24
11
11
5
1
12
12
20
4
6
24
28
18
3
8
33
1
11
6
7
20
3
9
9
3
4
5
4
7
0
7
21
4
7
4
2
17
4
10
3
20
9
8
15
32
9
4
21
3
13
11
8
7
12
24
9
18
8
14
12
21
5
2
38
7
26
3
1
17
6
15
1
9
9
12
2
8
4
5
9
1
9
2
12
1
5
2
20
1
5
7
2
4
1
1
12
4
15
8
10
1
11
4
12
5
2
2
14
3
1
4
0
15
11
1
1
9
1
14
7
3
0
3
8
2
5
2
5
2
8
6
4
3
3
1
10
13
5
5
1
6
4
3
1
3
5
0
5
0
4
0
6
2
2
5
8
2
3
1
10
5
2
6
2
6
0
1
5
2
5
2
0
0
0
0
