9
6
115
20
2
83
28
40
43
37
18
21
40
26
1
117
12
2
76
54
42
21
11
46
2
20
40
85
7
89
15
53
18
16
90
25
9
16
1
18
28
12
36
48
54
14
30
38
31
62
37
48
19
60
48
116
50
88
40
2
52
19
8
163
35
64
5
87
33
25
56
97
34
24
16
35
28
41
24
59
13
100
7
52
64
42
76
1
82
59
48
34
27
104
78
28
9
68
57
44
76
20
71
104
73
1
42
79
13
37
27
85
174
4
33
20
24
9
75
5
23
32
26
36
56
47
15
64
46
82
55
216
29
59
117
103
191
47
5
5
15
62
10
53
119
10
128
21
21
135
159
45
37
31
54
15
50
75
93
42
29
51
5
35
99
24
89
25
49
64
70
17
9
36
30
45
101
43
49
85
25
33
2
34
59
37
57
0
52
69
44
135
55
80
73
3
11
5
0
48
25
22
16
79
2
54
60
48
13
33
0
24
1
49
23
22
60
101
104
17
36
28
57
65
17
75
19
15
50
30
63
85
72
51
51
11
12
21
69
42
21
11
80
40
83
51
32
15
62
19
19
26
86
160
8
15
47
76
71
66
16
122
47
111
35
53
38
67
78
82
163
40
7
121
38
54
53
16
36
32
26
29
12
8
62
6
48
30
8
84
70
54
55
62
91
68
34
26
41
46
16
20
13
4
2
249
11
67
40
49
61
13
50
46
17
14
16
12
71
31
0
61
20
68
74
8
68
87
89
20
86
41
8
1
92
41
5
76
12
21
44
19
80
119
75
64
11
22
12
7
4
50
72
50
16
27
15
11
103
63
28
86
13
11
88
52
6
99
60
38
15
26
57
67
55
83
83
1
91
46
16
65
74
37
6
6
9
102
23
19
48
28
41
89
54
55
19
15
32
1
33
7
8
69
132
62
24
38
55
23
60
59
136
22
57
49
31
77
41
1
21
48
39
15
109
33
59
16
119
26
51
3
4
78
38
91
36
38
46
78
44
57
93
11
65
34
25
95
111
32
69
20
72
95
125
59
7
51
39
18
47
5
226
0
24
39
16
101
69
96
29
32
67
80
106
8
48
44
51
75
72
69
41
60
11
122
32
4
79
96
56
40
8
19
171
22
61
10
45
42
13
25
54
30
5
23
4
92
8
99
21
124
97
26
4
47
62
88
146
85
78
50
12
106
17
18
48
85
35
78
39
41
30
89
26
75
39
141
81
20
50
70
32
63
44
28
46
47
10
21
86
10
66
33
56
135
39
60
35
18
95
93
47
43
36
90
61
9
60
43
10
75
96
26
52
27
103
91
176
31
105
41
63
23
33
11
11
24
18
22
54
59
89
114
82
86
104
59
53
35
89
81
77
166
52
149
57
26
12
77
52
55
27
0
73
6
38
40
112
64
25
12
41
32
0
36
125
84
59
2
54
36
5
51
79
126
15
44
54
110
53
158
0
51
81
20
62
143
114
44
22
64
21
7
28
111
78
18
94
12
20
31
58
40
6
51
22
64
53
21
21
104
142
60
43
10
29
24
4
50
70
8
100
156
83
53
49
44
14
13
14
30
91
13
49
51
46
75
132
3
54
15
186
3
66
133
91
127
51
9
27
12
29
79
131
16
31
38
23
103
97
86
81
13
14
105
23
56
0
70
25
17
9
9
96
37
101
62
46
42
17
22
24
67
73
47
1
78
23
59
120
103
82
40
24
17
55
22
36
45
25
17
23
86
43
113
87
55
104
16
30
147
46
82
39
51
57
70
55
46
43
59
44
3
91
64
86
106
21
61
47
105
1
37
53
32
46
65
200
90
36
25
44
22
10
56
18
25
39
58
52
5
54
86
49
26
21
17
7
55
46
37
99
81
26
77
16
123
18
77
10
51
59
55
55
39
43
36
5
20
34
54
4
81
93
23
34
45
30
1
41
15
84
33
66
47
15
23
81
38
43
2
40
125
11
21
3
27
63
80
35
40
20
113
10
42
49
36
75
61
11
9
53
61
67
98
109
55
32
32
3
27
8
100
39
44
75
50
11
11
72
18
107
82
18
38
37
106
68
24
63
45
11
1
15
34
46
98
8
71
10
27
9
108
62
29
10
18
68
47
104
3
25
25
95
32
17
2
9
16
26
8
66
125
40
93
70
127
71
16
52
23
81
12
12
91
117
41
3
42
186
88
35
98
11
160
46
44
52
34
17
33
127
21
48
12
145
50
18
2
18
4
50
3
3
7
9
58
17
41
33
9
54
92
24
54
35
14
8
33
19
24
87
29
55
43
65
102
85
12
53
34
21
31
7
21
76
20
86
60
69
120
124
77
152
53
34
29
13
26
13
91
38
38
35
77
43
55
9
12
18
5
61
15
18
21
34
47
34
80
23
15
35
43
29
26
146
31
50
41
2
13
5
79
8
44
10
29
3
40
10
29
112
19
44
6
9
126
24
41
149
41
51
8
30
121
8
45
71
48
33
123
39
76
44
96
6
84
44
22
86
6
11
45
115
40
33
46
36
29
43
31
28
2
75
31
6
4
52
11
26
94
2
74
31
146
28
8
43
153
20
36
4
38
13
38
72
22
91
150
24
29
35
13
28
103
65
112
1
27
87
20
25
29
35
1
50
14
53
10
5
12
59
26
30
37
21
20
17
52
42
8
12
121
4
14
40
29
36
46
8
80
1
31
43
19
23
76
60
60
63
66
40
107
7
35
4
23
20
46
66
40
44
58
36
49
80
78
87
64
48
25
8
23
46
10
14
17
51
26
3
17
80
62
11
14
127
4
56
33
4
33
3
115
69
81
14
30
81
57
166
5
47
32
50
70
29
14
110
73
65
13
42
2
59
44
20
13
9
25
41
21
3
6
113
13
14
51
9
38
90
0
11
79
72
51
18
15
12
8
51
5
83
61
48
47
7
1
78
46
57
38
8
19
98
69
74
14
65
3
72
81
6
61
62
62
99
73
99
41
73
56
15
41
37
135
27
20
56
18
29
12
155
15
15
60
15
2
14
12
74
10
62
13
53
36
29
42
10
3
16
10
8
42
100
0
62
54
44
0
98
21
1
83
49
43
148
10
18
26
30
7
56
6
54
3
40
14
90
26
72
55
62
44
77
25
70
18
52
7
6
73
11
42
38
64
8
51
141
45
17
105
21
10
5
6
60
14
35
28
1
40
40
1
141
82
29
20
25
23
54
23
61
119
7
8
19
124
131
58
51
16
30
104
29
73
71
43
52
31
2
35
23
11
32
79
93
62
101
56
16
115
3
14
28
72
32
57
2
66
86
135
22
57
64
64
14
22
23
97
48
22
71
3
45
45
18
25
86
107
77
7
54
4
133
40
31
11
12
12
18
57
118
1
106
16
19
87
56
17
123
13
50
15
76
55
29
55
26
36
120
16
62
4
62
62
17
3
28
11
43
35
5
8
116
60
52
6
31
124
26
37
72
40
38
115
58
8
97
36
34
60
19
58
87
78
8
28
54
74
38
55
10
0
35
74
27
132
30
33
10
90
55
70
95
71
54
85
21
13
9
93
58
6
24
82
36
31
37
43
36
11
130
99
21
14
29
49
32
45
56
14
22
3
41
101
45
17
13
41
28
68
35
66
8
24
96
61
103
51
107
40
3
7
12
92
71
22
70
13
5
89
9
63
26
32
0
64
15
33
36
7
110
36
9
100
70
19
4
10
120
2
109
30
25
12
55
69
33
42
2
35
87
140
8
79
67
36
74
12
99
5
12
17
62
31
28
43
24
40
1
102
93
12
29
24
1
90
21
63
35
23
16
102
41
50
11
9
9
19
55
1
89
37
4
23
29
4
43
2
20
7
7
16
93
29
27
17
25
34
51
12
6
109
7
61
68
54
9
14
52
55
25
10
40
38
61
23
57
12
41
46
89
31
44
21
58
37
60
25
8
17
21
47
68
37
119
1
102
40
19
60
8
24
91
25
10
25
5
45
72
11
40
20
17
8
73
83
29
46
107
83
21
1
58
30
37
62
24
30
32
10
9
42
16
61
20
21
52
8
44
29
12
18
21
11
13
3
61
63
28
63
69
16
103
12
51
7
79
2
20
80
25
5
30
14
77
6
111
97
9
59
43
32
37
85
40
11
58
100
78
36
53
72
45
23
16
14
35
65
9
37
54
16
3
76
13
21
76
39
115
22
39
17
36
19
115
56
23
60
34
20
19
71
42
19
1
79
13
30
6
18
3
1
7
48
23
16
150
80
7
30
36
45
22
87
12
4
56
93
57
55
28
69
1
69
64
13
61
57
8
33
48
51
18
73
60
41
33
0
74
144
56
71
18
62
51
14
55
4
15
19
65
130
93
77
103
27
5
13
22
5
20
8
3
13
16
74
98
9
80
6
38
2
52
12
29
71
20
67
20
51
65
36
40
17
92
42
64
20
38
2
74
24
42
44
8
99
131
5
73
30
24
5
48
74
34
8
17
11
29
51
6
56
36
36
25
47
7
44
7
14
16
62
9
1
65
5
30
38
10
51
32
61
18
60
51
64
32
6
109
5
59
74
32
36
7
22
18
0
60
58
78
96
10
53
77
34
38
24
16
69
42
49
59
28
32
80
80
33
41
39
23
60
20
9
36
48
40
7
53
40
40
17
10
48
30
30
49
28
51
23
14
33
17
52
77
65
28
77
13
0
87
19
33
50
68
56
108
23
72
58
37
23
1
70
27
14
48
0
86
24
29
37
8
53
46
46
107
17
95
22
24
17
29
44
64
8
4
8
58
27
43
45
6
52
21
23
42
70
85
6
6
115
10
58
70
65
78
6
17
26
75
28
76
16
8
71
61
42
9
49
12
100
18
85
37
56
24
8
5
8
53
8
4
35
42
23
30
6
82
36
9
34
11
38
33
69
56
56
7
2
6
29
39
45
15
17
68
30
12
4
58
44
26
21
7
31
16
22
25
79
17
1
20
114
89
23
108
37
52
35
10
30
64
14
5
20
33
7
98
14
5
70
51
15
90
35
25
57
39
79
100
75
35
87
1
46
44
18
53
9
52
46
5
33
3
32
7
65
51
6
85
35
18
27
31
79
4
43
2
21
28
10
43
81
69
36
36
49
24
18
28
57
48
119
6
36
7
8
41
38
14
36
35
28
12
43
46
3
85
31
27
17
65
23
24
30
0
129
67
39
101
47
8
46
74
83
7
10
45
15
41
47
11
39
55
40
32
38
44
37
82
51
8
19
23
63
23
27
33
39
5
40
77
97
87
8
20
61
77
55
76
40
11
21
75
24
154
21
34
60
58
24
14
38
16
26
7
26
19
5
72
67
17
100
15
47
33
55
47
144
13
81
6
40
13
35
22
139
33
10
43
12
73
24
7
38
19
13
33
13
37
57
50
89
2
49
53
23
41
1
20
28
18
62
54
31
24
5
9
12
25
25
22
81
4
4
10
29
39
6
52
56
128
67
6
65
94
120
43
12
115
33
43
37
98
23
78
40
7
34
9
26
8
39
10
1
51
9
32
78
13
20
29
64
60
94
9
4
30
26
35
37
40
14
2
14
18
35
30
44
56
14
65
97
19
59
56
24
18
13
5
37
11
33
6
4
13
126
62
66
49
15
68
15
47
4
45
78
30
9
31
2
23
48
93
6
42
17
11
38
61
34
23
24
2
0
13
79
52
79
16
46
18
50
50
6
2
98
38
76
5
93
22
50
53
132
50
12
42
55
4
19
46
42
101
8
19
17
39
26
9
25
30
21
18
73
30
3
12
4
4
102
38
60
43
89
35
80
51
15
55
64
6
12
54
30
22
38
9
44
75
76
9
38
1
43
34
25
58
21
74
72
49
55
38
38
8
15
37
7
6
26
16
8
7
69
47
42
28
17
33
3
2
35
25
36
13
62
13
61
54
2
54
15
13
133
45
2
8
36
14
11
2
40
2
102
14
15
28
32
16
30
66
4
38
65
51
30
69
8
40
8
94
51
24
3
39
67
9
39
73
42
2
30
42
25
21
5
7
93
18
15
21
28
17
6
53
78
56
11
17
6
41
53
23
62
77
2
41
22
36
7
27
14
11
30
0
32
8
56
83
64
10
37
5
10
22
16
46
65
10
7
3
43
63
40
27
23
2
7
39
42
24
52
19
15
5
8
8
25
52
39
13
11
38
107
25
29
3
2
26
3
2
19
42
46
6
6
9
18
61
58
0
67
35
52
17
25
6
26
8
11
22
49
30
23
21
11
2
36
64
3
21
25
80
1
27
10
65
1
49
56
9
37
35
25
49
14
17
3
7
64
40
28
1
41
17
9
16
69
33
58
14
9
91
68
63
18
36
29
13
45
14
62
24
68
63
17
22
23
7
62
21
37
22
20
27
60
6
26
128
21
6
24
30
71
65
68
32
24
45
16
12
35
26
2
29
8
74
18
120
1
86
112
5
42
32
17
28
45
32
50
11
2
48
22
62
59
47
35
56
65
4
12
93
23
49
29
85
17
4
107
80
11
7
62
24
8
33
22
9
78
56
52
41
3
17
5
40
79
6
9
32
15
39
34
10
18
22
35
34
63
13
5
26
89
12
60
5
38
54
62
34
60
34
7
5
35
35
4
30
23
22
42
12
3
15
13
58
57
4
29
48
24
80
6
9
8
11
20
37
6
24
36
21
48
73
48
45
48
18
64
72
1
36
60
13
7
41
48
2
22
37
23
22
55
33
49
69
76
51
40
68
33
5
71
16
24
6
50
42
4
12
7
23
37
12
47
37
32
54
38
41
69
64
32
12
1
47
17
28
8
40
34
15
14
31
51
4
6
27
7
19
69
32
29
46
0
2
4
24
63
11
22
42
25
0
43
23
17
6
30
51
45
15
6
63
11
67
25
18
34
11
59
12
10
17
47
23
43
76
30
10
34
26
12
5
12
20
32
23
74
10
91
26
26
36
24
16
60
7
10
62
26
20
1
18
56
35
85
0
34
36
81
16
53
42
19
72
25
33
24
23
7
34
82
12
32
61
40
46
5
4
8
1
70
3
24
19
21
9
9
35
34
41
5
10
6
63
16
13
43
3
20
39
9
22
10
4
24
15
38
58
32
3
13
2
42
45
8
1
16
35
30
36
34
58
38
22
23
26
57
3
13
57
14
59
30
26
2
55
40
50
49
31
17
23
19
17
9
31
9
22
21
18
19
22
16
89
35
23
39
42
41
32
3
2
3
66
74
35
9
39
0
58
20
5
32
86
2
33
3
66
15
33
2
70
38
17
51
65
8
10
63
40
6
11
54
22
17
86
45
16
3
25
57
38
14
22
43
4
6
21
2
4
1
34
11
3
9
73
3
1
28
23
57
36
41
75
7
18
34
20
51
28
59
29
20
7
30
5
5
39
17
28
75
38
24
3
22
21
11
58
2
12
8
18
38
3
22
15
36
61
17
34
16
29
12
24
9
32
6
23
43
19
10
11
46
46
15
41
5
41
25
31
21
5
20
34
15
20
39
2
54
10
4
19
9
2
26
9
9
52
22
32
29
21
2
42
2
36
22
1
27
13
7
14
2
33
54
8
24
6
25
11
34
98
31
76
11
17
23
73
10
47
17
3
15
9
82
16
74
15
21
41
62
32
24
32
5
26
25
11
93
13
20
7
45
0
13
7
30
3
1
9
10
52
3
8
30
4
10
34
41
11
16
52
81
61
11
18
44
15
41
10
57
10
5
14
4
40
62
15
14
16
51
47
28
2
16
22
20
1
14
12
31
4
50
0
43
13
24
26
18
15
57
2
69
29
58
45
47
17
17
5
41
13
14
35
16
2
44
21
47
21
45
24
10
50
32
15
21
5
35
43
11
16
46
22
0
12
66
3
14
45
48
47
64
16
15
48
15
14
30
34
40
39
12
16
53
17
45
18
7
7
29
19
49
9
23
7
29
42
8
61
56
50
2
20
1
5
26
28
75
10
44
28
42
4
33
1
18
5
3
8
3
29
46
5
78
30
29
1
3
1
42
9
67
23
28
2
62
12
31
1
5
11
21
24
16
21
4
42
21
9
18
51
27
4
56
12
16
28
37
22
42
3
17
52
16
24
38
17
22
26
8
10
13
15
12
19
1
28
14
29
34
19
27
18
8
19
47
28
24
45
32
19
14
16
2
30
25
10
21
37
21
50
29
29
1
37
55
43
47
10
34
18
32
23
16
40
13
15
27
12
7
24
13
5
48
50
47
11
13
23
24
61
27
42
56
9
13
55
8
70
6
7
15
44
91
34
41
6
22
46
12
9
35
29
29
12
9
12
15
1
21
15
22
5
2
13
48
43
20
22
21
7
19
10
43
10
41
16
7
22
24
10
6
79
5
4
6
21
18
18
33
71
42
1
27
12
3
19
2
22
11
24
13
20
6
2
22
24
71
1
46
21
14
23
6
13
3
13
47
15
43
41
35
15
36
26
14
2
6
20
12
34
18
28
38
0
28
9
15
11
15
57
6
6
1
32
22
12
21
63
17
11
19
41
11
34
45
83
10
17
18
23
8
24
3
28
25
20
29
15
14
2
8
7
30
3
34
8
37
5
28
2
1
41
1
20
33
1
16
31
13
15
37
32
5
7
21
15
9
4
45
1
7
18
43
7
9
59
10
17
17
52
23
24
12
15
12
8
28
40
21
39
11
48
26
52
18
11
49
16
23
34
12
15
20
34
40
15
7
14
28
2
25
25
12
9
6
36
45
6
24
4
26
23
16
6
14
17
8
36
16
26
20
27
6
31
2
18
13
23
13
48
56
45
14
26
14
26
0
23
21
8
13
32
16
10
25
33
8
16
43
0
20
9
40
12
31
25
31
49
33
15
38
11
14
2
27
4
1
36
11
6
14
16
20
11
5
21
23
7
4
19
36
11
22
52
3
2
6
19
0
4
26
5
26
2
13
23
6
12
21
2
29
0
22
22
10
9
32
18
12
1
16
7
2
9
9
25
3
15
44
15
27
9
13
6
24
17
13
12
26
7
41
22
5
1
5
24
6
6
5
22
8
10
0
37
21
8
0
26
20
11
11
24
5
7
32
14
5
1
13
32
10
17
6
24
4
13
13
26
4
5
15
18
18
4
25
25
9
14
6
6
20
18
2
24
1
7
20
27
22
16
23
15
27
3
5
39
20
0
13
18
7
6
14
5
13
17
24
5
4
14
6
16
19
11
22
24
21
9
3
37
15
10
21
6
3
18
25
1
25
26
21
13
6
3
11
28
3
43
2
31
16
23
6
18
27
19
4
27
24
17
8
5
11
8
18
2
9
9
21
40
0
2
7
25
10
16
2
16
3
17
3
15
10
21
3
21
1
26
20
6
20
24
16
10
41
23
2
6
8
0
1
4
16
6
2
20
33
4
11
20
10
20
24
0
16
5
5
11
9
7
4
33
18
9
24
1
2
18
10
7
13
24
1
18
12
16
24
16
6
20
7
7
19
4
21
4
2
4
11
15
8
13
15
1
11
8
16
8
8
29
5
19
0
11
3
10
18
10
22
19
10
8
13
4
18
5
11
5
18
2
10
3
11
10
8
17
5
8
2
9
19
8
20
9
7
1
7
0
8
8
18
1
1
7
7
13
18
8
22
4
11
4
7
7
8
11
7
2
1
8
5
3
13
15
10
31
9
11
1
19
6
3
2
17
6
26
3
6
6
6
10
8
5
2
1
9
20
12
3
7
3
6
6
17
13
4
24
2
5
2
5
9
2
8
2
8
6
11
2
8
15
13
4
4
11
11
2
2
14
2
2
1
14
8
6
4
2
0
5
3
10
4
8
5
3
7
14
4
1
22
8
8
6
0
3
6
5
3
3
8
2
1
18
2
1
1
3
0
4
1
14
2
7
5
0
1
4
8
3
1
3
10
7
4
2
5
6
1
1
1
4
7
4
0
11
5
1
2
0
2
1
1
0
2
0
2
0
0
2
0
2
