9
1
21
1
6
41
9
26
5
4
9
3
4
11
5
2
2
33
12
30
16
7
11
8
3
28
12
33
7
22
11
28
35
7
38
23
16
9
16
17
33
2
13
39
35
10
21
11
1
27
24
3
19
4
39
48
8
27
5
6
18
22
4
13
19
38
14
8
36
32
9
9
5
16
27
11
42
7
9
5
12
22
17
4
4
17
4
4
4
11
8
35
2
19
13
9
0
53
2
11
17
5
15
6
20
6
9
0
0
5
10
8
1
28
4
7
28
22
9
20
1
27
12
8
22
15
10
10
39
7
7
7
1
3
19
32
7
22
6
34
5
16
14
15
1
3
12
3
20
8
34
3
0
10
20
13
9
11
14
2
27
3
0
16
31
11
17
14
13
4
14
6
43
16
23
15
24
11
12
9
5
13
2
0
33
12
20
6
6
32
17
22
24
0
9
29
17
11
3
2
8
23
13
0
2
10
8
16
16
0
4
15
41
17
3
5
4
21
9
33
16
2
4
18
2
20
23
28
6
16
3
1
15
5
5
16
10
13
0
5
28
10
3
28
8
9
21
10
13
4
10
3
6
22
12
6
2
37
21
5
5
18
11
3
10
4
7
4
2
2
8
12
16
1
10
4
15
12
7
9
1
6
16
7
8
21
24
10
1
12
4
5
7
2
13
6
7
9
5
17
20
12
11
7
14
0
12
5
10
0
2
11
2
22
1
9
0
6
14
12
3
6
15
6
5
8
4
17
2
7
5
14
11
7
22
13
10
24
18
1
13
13
10
5
10
4
22
0
3
7
0
7
9
7
16
1
1
5
9
5
9
22
5
8
8
0
4
8
2
2
10
2
8
3
4
12
1
14
4
4
3
2
9
1
3
15
1
4
2
6
8
6
3
1
6
8
10
10
6
3
1
0
0
5
5
12
2
5
2
4
1
3
6
4
2
11
3
2
0
0
3
4
6
1
3
1
6
2
2
3
1
11
5
1
3
2
1
1
0
0
