6
16
14
51
3
53
42
5
41
120
135
77
75
99
13
19
89
6
44
70
58
19
8
43
19
30
10
30
35
70
90
27
52
22
3
48
252
13
63
21
34
76
89
35
17
16
26
47
38
34
18
109
20
55
3
46
59
31
21
37
32
30
73
148
134
43
39
55
168
0
70
61
64
30
96
64
33
64
52
19
34
6
41
24
41
50
5
143
6
79
50
20
50
49
30
81
49
69
73
81
61
50
69
43
22
39
114
97
8
54
13
41
79
61
49
6
32
31
7
66
137
38
84
99
44
48
24
82
77
47
6
46
111
85
28
58
32
38
5
120
27
73
96
58
53
127
44
91
91
32
69
36
31
60
15
12
39
41
63
62
157
94
49
95
105
89
12
29
31
41
47
58
17
0
33
23
70
16
59
77
14
91
40
61
5
11
17
34
54
3
26
20
8
20
150
13
49
3
122
50
21
15
68
49
57
20
11
42
52
149
36
138
40
21
13
91
17
135
14
32
110
22
64
27
145
10
37
103
21
61
109
74
106
34
52
97
45
16
3
31
19
32
32
116
72
36
45
13
41
60
118
57
118
26
31
72
61
20
140
14
52
33
33
8
14
83
54
26
80
92
45
57
5
19
18
35
1
12
56
67
80
16
40
0
106
21
48
42
100
69
45
7
42
24
63
20
16
39
92
75
53
27
87
16
38
52
122
99
14
41
33
43
20
67
16
40
3
35
6
75
17
148
91
17
67
42
78
36
46
127
13
11
72
23
157
222
42
52
38
20
75
4
33
29
42
93
28
70
41
94
46
42
92
43
23
22
84
49
44
23
6
87
37
64
99
88
104
1
63
28
69
99
8
48
33
59
150
46
112
10
69
19
113
40
64
147
76
42
67
96
62
15
52
44
89
24
12
45
51
80
3
96
4
23
128
9
53
30
12
12
3
25
25
86
50
64
20
122
0
26
10
95
12
77
128
14
47
27
30
69
66
108
141
9
36
7
63
35
13
47
56
123
33
48
91
31
53
2
12
98
49
46
30
14
42
5
75
35
12
16
58
34
35
98
114
28
77
35
20
67
11
10
89
48
3
75
44
68
130
41
23
63
17
22
4
26
118
84
46
42
13
4
69
14
33
1
28
24
58
80
25
49
38
29
114
83
90
85
11
23
59
2
1
80
1
39
81
76
40
134
134
15
56
59
109
62
93
121
12
62
36
20
77
65
63
139
107
59
31
63
3
49
31
17
60
100
4
2
23
3
38
20
59
38
46
0
79
100
27
29
3
69
17
4
112
35
43
72
27
24
29
11
42
36
116
119
38
47
50
57
21
63
148
84
51
68
29
98
4
121
16
4
70
17
83
54
86
52
62
21
32
36
98
70
67
25
1
49
107
62
96
42
19
66
37
25
111
23
34
1
27
2
68
42
61
36
23
165
33
1
42
87
18
35
84
106
29
62
16
137
87
44
45
66
61
16
98
17
65
24
56
25
77
85
17
38
84
12
132
41
83
120
74
1
111
10
25
54
92
10
51
70
98
7
47
89
58
82
44
58
24
85
120
2
40
32
140
69
76
11
49
21
41
23
78
3
126
2
3
86
54
65
152
96
99
102
4
102
69
20
7
13
10
7
121
11
24
77
31
38
25
39
29
31
33
62
144
52
36
87
32
93
3
11
39
75
16
27
23
2
21
40
44
28
67
61
88
51
24
66
4
70
28
55
74
7
42
68
75
46
20
24
20
10
71
5
8
2
60
33
55
114
5
36
67
78
33
49
15
29
92
12
38
89
30
19
31
8
31
42
6
36
149
82
77
4
10
9
89
14
59
120
51
168
73
89
38
20
47
11
174
41
64
127
91
22
47
76
93
40
50
34
61
26
86
11
10
4
39
115
25
78
50
44
109
22
11
15
53
11
18
15
31
32
28
19
1
8
116
126
28
30
12
31
35
86
72
14
41
6
14
19
12
107
46
90
30
25
47
72
47
39
83
61
116
60
25
76
7
79
28
113
18
22
36
47
44
64
20
55
30
171
18
44
15
103
8
55
78
5
118
59
40
74
56
122
20
17
80
24
86
51
45
0
10
92
75
30
105
85
49
54
102
123
77
15
26
11
83
100
2
62
13
43
12
21
90
9
108
74
4
38
35
48
66
27
110
108
14
32
172
53
47
3
31
28
189
39
44
16
104
3
6
57
27
68
80
14
6
34
51
32
24
63
73
58
33
46
127
67
114
19
66
3
77
22
4
62
24
37
45
3
90
47
28
35
56
5
73
34
73
14
130
12
4
65
61
43
80
6
61
89
83
55
27
1
27
48
24
77
42
55
84
62
35
75
157
73
82
76
16
39
62
172
28
20
134
35
10
12
80
19
11
70
25
15
28
33
100
64
67
84
173
16
5
4
74
7
33
115
26
56
13
16
19
86
97
81
93
32
23
67
2
42
77
23
22
9
58
51
7
65
4
51
63
8
63
6
23
106
51
26
63
37
46
52
63
59
14
40
57
98
39
45
87
33
38
63
64
17
47
16
9
28
24
156
50
26
44
69
8
43
1
26
16
54
24
42
3
72
7
18
10
51
66
42
14
48
89
43
25
69
58
25
29
46
77
14
55
67
2
41
41
91
30
21
26
53
39
61
29
71
6
4
33
10
16
61
13
86
46
176
56
37
100
108
23
40
24
19
9
25
55
63
26
39
40
4
7
9
28
64
2
26
59
22
53
19
2
48
86
141
95
72
19
14
77
24
22
6
51
0
56
53
3
66
46
74
18
12
15
18
21
9
121
73
92
118
65
95
18
24
11
5
20
75
42
33
20
88
18
45
76
34
55
5
16
20
7
89
14
2
54
25
11
22
19
51
56
32
20
2
51
12
90
30
92
54
24
28
28
11
146
23
40
6
6
44
13
4
33
73
12
53
1
9
87
35
51
74
34
16
47
3
52
6
7
104
52
32
44
95
61
11
62
15
33
63
40
8
87
12
79
34
5
128
5
37
8
31
49
8
119
75
18
174
15
6
16
95
58
44
1
11
9
34
104
3
10
44
38
36
15
86
73
116
62
47
24
33
31
81
22
23
53
4
76
53
96
22
33
98
27
12
2
1
5
85
84
14
107
47
19
22
81
24
9
69
65
12
129
44
16
4
4
81
32
40
39
74
65
31
31
59
31
47
37
70
28
12
3
54
25
31
40
45
24
36
81
53
5
15
24
29
25
96
30
14
48
54
67
53
39
14
68
10
94
23
11
97
46
46
15
36
5
55
74
35
89
39
66
51
76
21
7
62
22
148
35
67
15
99
44
0
9
69
47
9
44
61
4
52
4
88
86
56
34
39
108
71
58
6
2
29
53
30
82
4
58
114
78
105
22
108
31
9
39
2
69
97
6
61
22
87
48
57
84
27
50
90
7
4
4
97
32
7
127
91
39
75
22
31
30
8
3
25
82
58
25
41
14
118
0
33
23
78
32
74
5
34
0
38
57
47
40
61
27
54
56
63
49
12
65
35
29
14
54
68
77
61
11
58
15
35
29
51
49
35
57
102
6
11
68
38
19
24
20
62
33
1
21
18
41
20
40
7
28
53
11
29
23
30
63
60
23
6
137
26
36
45
28
21
28
12
56
107
11
51
94
26
8
13
50
36
33
13
73
102
15
23
55
3
29
13
38
18
51
63
31
59
2
86
44
17
93
75
36
28
70
6
62
51
1
81
56
14
103
9
23
131
14
71
15
9
29
76
168
38
12
16
88
13
7
38
40
35
73
3
103
27
7
76
22
16
37
29
33
8
37
34
15
28
61
86
22
58
108
6
65
62
37
25
6
106
35
26
37
87
98
32
3
19
21
34
44
84
93
26
82
59
81
8
106
11
20
13
75
35
6
18
15
65
16
32
37
26
53
61
67
36
4
43
69
34
71
35
58
8
59
49
38
107
40
11
90
27
27
84
50
5
27
67
11
101
2
8
10
43
14
11
0
18
45
51
31
29
101
14
72
33
9
21
32
55
88
51
68
48
21
132
21
74
81
25
27
53
20
34
33
81
65
32
9
35
86
20
55
12
67
13
22
125
111
27
31
86
97
127
78
6
36
45
52
71
1
167
25
20
82
8
55
67
12
23
26
18
69
140
72
161
2
39
51
98
38
24
23
8
19
22
47
22
54
54
48
9
64
83
57
25
110
31
0
26
1
45
37
20
15
24
51
80
6
16
63
75
121
55
53
53
108
59
42
5
76
61
61
30
91
35
17
20
57
29
1
4
23
83
58
83
2
51
24
54
34
46
22
7
10
23
47
37
57
57
2
47
13
109
56
23
69
42
61
80
18
8
79
33
10
3
54
45
26
56
31
54
6
29
24
142
36
6
20
4
92
60
25
34
26
4
48
54
41
4
63
6
10
2
11
9
7
26
70
17
15
21
23
25
27
14
52
79
81
26
29
11
19
52
69
55
53
29
58
147
72
22
41
37
77
22
52
57
41
56
40
49
23
9
23
45
67
12
35
62
16
11
43
22
21
61
20
40
71
1
72
72
20
15
26
63
6
6
58
18
6
41
54
8
61
23
17
27
63
27
65
26
19
19
66
15
52
13
14
21
88
55
20
74
11
20
12
30
70
53
76
74
48
66
116
36
22
36
1
45
18
69
23
40
37
79
7
43
85
22
35
60
69
13
23
0
39
25
64
18
31
19
18
71
115
88
32
34
41
4
0
109
25
70
93
41
15
114
16
44
72
57
69
3
3
37
65
50
20
4
21
44
25
41
15
18
52
57
80
49
51
15
84
38
53
25
8
4
19
83
125
37
40
21
36
3
43
11
3
31
60
36
70
43
62
6
14
44
26
65
34
47
14
12
11
10
29
2
39
87
59
29
35
1
37
11
92
20
21
49
14
31
65
53
132
12
21
35
12
46
37
35
13
33
1
26
35
14
27
29
12
42
80
15
13
20
57
43
122
11
48
43
81
6
25
13
24
28
58
13
0
88
72
64
7
57
2
59
34
33
90
97
45
11
46
26
89
32
45
16
63
37
12
71
45
23
13
24
5
53
1
13
40
22
13
58
42
34
68
11
55
59
30
6
12
16
25
4
34
56
35
11
49
36
3
60
17
35
75
12
26
48
116
68
26
21
12
89
20
10
25
32
54
26
28
31
50
34
65
61
25
72
72
45
30
40
21
61
6
31
62
71
61
10
48
18
21
64
40
46
24
40
6
17
137
7
34
48
67
40
50
85
5
4
31
23
7
19
66
96
22
34
47
16
33
5
10
53
24
17
54
67
12
34
38
2
11
3
25
13
13
8
62
12
26
77
62
6
14
27
26
30
20
24
10
32
14
76
7
24
82
24
84
35
35
8
23
9
20
22
5
22
1
76
92
58
7
4
22
20
49
91
4
34
34
43
11
44
91
70
47
121
16
90
27
1
18
83
60
87
1
2
28
13
26
22
15
68
32
30
84
56
36
97
1
47
62
32
14
19
25
31
12
78
20
55
20
22
81
32
5
96
16
51
7
8
21
74
81
50
68
39
69
8
33
69
35
27
56
25
5
48
86
24
27
32
49
31
47
5
38
49
3
28
20
8
7
14
2
59
11
92
79
97
24
116
16
62
25
3
6
81
20
64
15
46
1
19
27
13
24
63
21
13
58
39
6
25
80
59
37
37
33
6
6
12
1
14
13
27
3
56
24
59
33
15
62
1
71
65
29
20
54
114
22
14
31
56
24
26
10
22
73
12
54
51
13
33
69
60
19
12
50
35
48
6
59
87
8
37
25
9
36
19
89
8
70
24
25
27
61
37
101
16
1
15
42
37
18
17
35
2
28
9
37
28
1
6
38
68
10
14
38
35
35
49
16
0
28
20
35
29
64
0
17
27
76
7
8
9
40
118
5
16
58
83
27
19
26
48
39
17
75
12
23
12
90
4
6
1
33
8
58
21
44
37
31
38
48
16
87
8
29
63
19
39
19
1
58
8
66
24
4
5
21
13
61
44
24
66
4
8
41
1
85
20
6
12
36
27
3
47
31
92
105
1
11
18
29
23
107
50
14
45
27
33
32
31
112
19
71
21
7
42
44
29
28
11
37
18
40
29
62
69
13
42
18
87
32
20
16
32
3
35
10
49
32
2
90
15
47
29
19
9
32
28
43
44
90
47
45
26
7
110
73
28
19
18
40
39
34
36
6
42
18
53
69
54
22
28
32
0
42
40
5
3
11
53
35
37
46
1
46
63
29
85
7
57
67
49
8
23
7
39
69
36
48
40
2
11
21
18
9
39
74
19
2
33
61
11
79
68
46
69
21
12
54
37
68
65
25
62
69
61
0
53
35
21
57
0
29
31
28
10
31
45
0
4
30
44
101
28
16
26
9
49
28
37
5
27
35
54
36
9
41
30
19
7
18
7
18
7
23
10
3
16
93
37
4
18
23
12
45
67
17
42
42
65
38
8
28
6
48
64
28
67
28
36
13
73
81
48
15
4
6
5
22
14
67
3
2
34
4
23
83
12
84
12
17
49
27
25
41
33
15
32
9
4
9
24
31
46
41
27
7
9
34
37
3
13
24
35
100
39
34
25
28
13
36
76
37
7
27
6
88
17
17
9
72
14
10
45
18
12
54
40
63
54
78
14
88
17
0
43
29
32
7
8
20
11
30
16
20
72
17
59
23
32
24
18
12
32
1
12
55
71
1
23
16
68
63
0
5
24
99
52
14
13
19
23
21
4
24
47
56
6
22
24
76
9
84
42
42
35
8
1
94
49
13
21
34
10
68
7
5
13
7
26
39
27
7
44
39
39
58
17
12
12
1
36
36
24
76
54
24
2
12
20
34
26
19
33
19
43
59
45
8
22
51
13
48
10
13
16
79
3
8
12
52
12
28
30
9
16
26
3
32
4
21
20
27
20
8
33
4
1
16
15
3
23
15
41
3
47
11
30
9
1
12
20
17
68
34
57
3
22
18
16
26
69
29
5
44
2
12
17
13
3
35
16
57
13
44
0
9
66
20
49
61
9
48
34
28
25
8
49
42
60
14
26
68
27
33
37
13
15
19
25
19
0
22
67
7
50
5
37
27
0
44
8
3
36
39
7
72
2
2
14
24
18
15
24
35
19
20
27
35
51
15
11
6
19
61
44
31
24
28
15
36
32
40
36
64
82
16
10
17
12
14
26
1
41
28
28
33
69
0
19
8
14
63
13
34
5
20
26
55
3
8
37
29
50
8
6
29
18
40
5
37
28
6
23
28
92
3
55
4
18
22
16
19
64
9
24
0
79
37
12
55
36
26
44
63
10
16
27
22
37
62
1
72
31
17
13
4
1
3
6
58
24
23
15
4
47
22
32
4
51
8
32
40
36
31
33
4
2
11
75
46
41
61
13
30
48
64
35
1
48
1
9
33
15
4
2
19
35
32
68
33
9
46
63
21
44
4
31
43
92
37
36
18
8
55
10
3
73
7
55
53
2
5
22
2
4
32
16
59
28
40
28
24
19
26
7
2
33
3
118
27
24
5
62
58
40
19
39
10
13
15
23
6
9
42
81
26
0
3
72
16
8
10
7
49
6
35
40
12
6
34
19
17
2
10
68
12
39
74
9
2
2
51
44
44
30
28
20
12
58
3
20
82
51
61
35
7
4
7
93
17
4
23
9
21
12
44
5
31
42
10
14
6
0
46
6
14
36
19
29
3
29
4
17
14
4
1
1
17
27
32
12
10
14
46
13
21
5
1
52
45
3
34
16
51
8
58
64
40
67
11
16
20
4
44
9
14
3
16
29
21
4
5
8
24
25
35
4
11
2
4
11
6
29
31
2
9
43
15
10
50
57
33
57
2
13
34
66
47
5
38
45
42
70
50
3
70
9
29
15
38
83
49
26
3
43
6
14
9
23
3
8
23
26
46
42
58
35
37
36
5
34
47
26
8
25
9
17
31
10
22
0
9
12
24
39
24
28
12
3
5
32
11
29
22
27
27
6
30
3
20
27
5
23
8
16
20
7
38
8
27
27
8
7
52
15
31
24
7
18
34
27
38
39
17
40
27
36
1
30
6
2
38
1
31
1
49
71
6
6
16
30
2
7
37
47
28
6
21
55
19
20
10
4
39
3
5
56
15
40
12
18
13
6
18
51
31
39
31
11
49
5
17
51
46
65
9
38
20
1
12
14
47
40
23
9
2
31
18
21
29
56
15
9
39
70
21
38
12
33
13
7
31
8
10
25
44
2
44
8
36
1
40
60
27
29
5
34
12
28
21
1
32
15
8
39
20
1
11
44
49
4
25
28
61
35
38
16
9
12
27
45
19
6
2
17
28
11
22
15
48
19
30
11
51
0
7
3
8
3
50
43
17
24
6
50
0
10
1
34
21
15
1
27
43
16
11
34
75
33
8
16
1
12
4
26
18
27
43
32
33
66
44
1
6
20
39
1
20
9
7
13
9
19
10
27
7
17
32
14
25
25
29
35
35
35
9
2
3
19
13
9
32
34
2
4
27
17
38
30
21
27
6
8
39
22
45
36
18
16
38
9
18
9
3
32
16
1
46
18
44
24
12
48
29
1
17
6
21
43
36
46
66
0
55
31
5
21
23
52
28
2
0
18
15
10
5
7
2
36
2
7
0
8
20
9
26
21
20
16
20
7
13
5
23
4
68
18
1
22
3
1
13
31
14
8
21
2
53
14
22
18
26
20
2
28
12
3
26
15
20
3
34
2
9
40
5
4
22
9
11
31
3
3
11
28
18
29
4
12
14
33
25
16
25
2
2
8
10
11
7
13
18
37
5
36
16
9
6
29
5
21
16
10
17
23
40
56
18
32
48
13
6
2
3
3
27
9
7
29
7
14
3
6
21
18
18
29
12
5
30
7
5
18
14
14
52
5
9
3
10
2
51
24
6
19
10
30
15
31
9
4
12
1
31
28
3
2
23
13
19
20
8
16
1
13
17
38
28
7
4
4
18
14
37
3
39
15
21
21
12
7
13
22
16
0
17
1
23
5
19
13
40
25
20
22
23
5
52
7
1
25
39
0
6
16
12
23
14
35
23
1
7
22
32
21
9
4
30
7
37
5
26
30
9
67
16
19
20
5
21
42
26
5
3
42
7
12
18
1
30
7
18
16
18
44
8
50
8
3
3
16
21
27
31
6
1
14
10
9
5
28
11
2
5
13
1
16
9
13
0
7
7
34
29
6
3
34
12
15
26
7
2
7
33
27
14
8
3
15
8
2
17
8
7
15
9
12
43
37
18
3
13
0
21
14
4
13
9
23
47
11
1
8
32
15
8
21
10
1
1
5
9
4
18
28
19
13
38
0
4
3
9
20
1
5
4
9
38
19
1
4
5
11
10
12
2
4
17
14
8
8
13
15
9
0
7
24
3
1
12
38
19
11
2
4
9
41
11
2
14
4
6
21
2
11
8
8
16
1
11
31
12
4
8
12
0
3
29
1
20
11
8
4
1
9
14
1
15
9
23
15
11
0
1
4
8
11
32
0
7
4
17
13
8
26
25
19
30
8
2
22
8
4
11
12
1
25
6
25
10
38
17
9
0
12
5
13
17
6
7
29
32
11
13
6
8
13
11
10
8
1
6
4
10
27
37
11
4
3
1
6
5
23
11
4
1
3
5
6
12
3
11
6
2
2
4
14
7
32
1
8
7
4
6
5
6
2
7
8
4
25
11
15
10
14
6
13
28
3
13
6
4
10
4
3
18
1
7
12
9
7
5
12
2
1
8
12
6
10
19
22
1
9
20
1
11
10
8
18
8
2
9
13
4
7
7
10
7
19
6
7
5
8
12
3
0
7
7
3
12
6
8
1
1
8
10
5
1
9
12
10
13
8
0
4
10
8
6
9
5
4
5
0
6
6
1
1
1
10
10
9
2
3
4
0
4
2
5
4
2
4
5
6
8
4
1
7
2
1
4
7
1
9
2
2
1
2
6
2
3
1
1
3
1
1
0
0
