43
15
27
4
4
9
29
42
7
2
55
63
83
20
94
4
4
13
6
73
66
30
57
36
19
32
1
61
72
41
27
10
0
7
86
22
14
31
31
35
13
39
67
22
34
7
41
72
39
1
23
25
13
24
80
7
25
6
34
71
58
53
10
7
110
18
21
14
13
15
42
99
46
13
28
69
137
19
55
60
38
63
7
45
31
42
55
51
11
7
26
20
117
10
58
36
43
13
39
38
2
20
86
21
28
8
8
128
41
23
87
45
78
38
152
75
33
32
43
26
100
120
31
18
13
37
54
183
32
51
24
65
106
89
30
22
35
23
21
49
52
34
6
41
82
29
109
7
24
39
75
60
74
49
7
61
11
40
15
13
73
70
61
14
58
83
8
82
55
56
40
30
58
21
51
14
51
129
106
67
25
61
56
10
38
78
17
6
24
21
28
4
16
26
177
5
33
62
58
49
54
92
17
54
137
12
33
14
22
80
73
47
68
193
7
114
12
24
87
10
22
137
31
15
20
25
159
68
41
46
30
53
84
49
50
35
13
43
41
7
41
22
120
64
35
30
15
66
26
45
153
14
73
59
48
43
70
33
3
0
7
26
80
2
37
87
79
101
119
113
105
77
18
65
23
70
163
2
59
7
77
105
3
69
37
108
39
19
54
46
32
149
47
22
24
35
77
77
84
26
38
7
31
48
19
27
143
95
68
15
94
80
34
11
28
74
12
50
112
14
58
55
16
77
129
73
37
5
8
30
66
35
37
124
33
4
48
12
11
61
37
64
112
8
47
14
2
3
92
96
5
41
35
61
78
67
7
81
36
34
4
11
2
63
53
43
4
62
87
270
46
31
40
8
86
116
142
24
10
63
160
42
7
69
25
22
20
60
46
21
46
62
9
84
67
31
26
108
106
52
35
69
22
104
16
62
63
36
41
20
54
77
10
22
57
3
125
27
38
100
47
23
44
23
25
46
26
15
100
39
13
70
61
117
81
58
39
4
14
29
49
101
41
30
63
109
69
6
20
54
25
121
9
95
9
24
24
45
59
19
24
106
24
11
31
104
4
56
55
35
234
58
68
14
115
52
23
72
30
116
52
44
6
2
86
5
59
32
9
73
136
4
144
16
26
13
18
69
107
11
59
20
107
31
46
54
85
111
58
68
122
14
86
96
45
39
86
2
5
15
89
50
6
65
74
53
42
24
40
13
6
31
82
50
59
41
117
23
75
27
125
3
84
109
11
122
41
14
15
146
6
56
81
14
9
36
41
4
52
18
15
60
92
14
34
17
29
91
22
104
45
22
7
30
61
17
80
27
112
58
6
67
51
85
49
27
94
29
49
8
43
26
77
19
121
10
106
59
29
131
63
124
59
33
8
17
12
50
12
161
56
10
153
81
92
79
51
45
28
5
59
17
21
2
83
30
62
54
24
49
1
47
19
59
123
4
84
100
80
113
33
143
19
68
13
22
54
63
19
39
22
51
50
20
87
54
162
12
25
26
1
25
16
52
12
32
145
18
48
109
73
49
24
29
46
11
77
12
4
23
9
62
52
34
125
66
87
40
32
9
3
49
53
99
54
91
54
24
54
65
9
5
11
55
89
89
17
22
61
31
39
78
14
63
7
95
23
47
8
42
38
13
32
16
0
8
80
8
32
68
90
64
31
55
88
20
130
121
124
79
56
5
209
49
136
43
57
48
22
195
75
6
30
20
101
95
40
43
81
15
56
48
81
21
104
35
38
55
127
66
64
24
67
48
18
0
11
14
24
91
28
13
19
113
12
63
27
59
56
82
67
15
103
56
154
14
73
30
38
31
39
104
3
116
70
26
62
25
77
8
12
62
13
12
116
32
3
34
30
44
46
69
13
68
19
17
17
11
92
195
71
2
69
41
70
97
56
53
79
19
50
79
46
52
9
1
26
60
15
44
131
99
15
13
7
4
8
96
56
47
53
108
46
43
119
25
15
46
29
38
92
114
2
11
13
24
62
31
43
124
111
66
76
18
118
24
115
60
28
12
45
50
38
30
39
7
14
30
60
10
15
26
57
93
81
49
31
93
28
46
21
35
55
99
12
45
29
102
24
134
2
80
47
131
8
18
50
2
18
77
106
112
104
21
157
81
3
111
101
6
27
47
34
43
61
47
19
23
99
12
14
72
23
106
117
64
24
39
71
7
48
50
4
140
78
45
18
82
5
41
35
86
34
5
35
15
22
85
13
30
9
8
42
31
16
43
0
5
65
48
97
88
38
26
13
117
55
25
95
22
31
44
8
117
29
22
57
75
72
58
68
4
40
16
63
81
19
38
14
47
21
45
88
79
19
55
19
17
68
11
93
35
26
22
4
43
54
48
14
4
44
1
42
2
21
24
59
30
33
23
48
76
6
21
80
119
41
13
45
64
49
68
102
26
108
115
32
38
1
15
82
41
19
12
51
8
55
29
12
21
44
21
20
24
34
45
13
59
47
105
65
65
14
8
71
27
58
4
72
12
25
13
45
66
12
41
41
56
44
77
65
25
47
31
11
45
65
9
15
29
50
17
21
19
61
26
38
127
8
47
12
18
96
68
7
49
9
3
4
83
27
121
40
22
106
5
79
71
18
47
37
20
44
15
74
28
39
4
87
97
49
72
13
7
45
37
42
50
107
24
137
39
135
51
54
36
47
22
28
84
81
24
24
7
27
23
70
5
61
84
10
180
16
18
16
73
16
17
66
10
106
68
16
105
9
32
20
35
11
85
49
21
75
3
43
31
37
26
74
42
43
10
98
4
17
19
38
24
116
88
74
116
28
29
30
45
21
51
65
16
10
55
6
33
26
101
7
16
14
10
28
78
9
22
56
24
3
19
16
124
16
83
104
43
46
52
83
1
3
31
73
5
70
107
37
97
21
41
112
9
45
78
53
9
66
45
45
19
9
32
26
55
45
6
22
42
78
82
7
18
16
52
0
38
54
26
21
12
88
33
72
84
11
8
6
14
4
65
97
38
21
54
67
40
57
9
127
18
99
118
53
11
42
3
1
77
51
17
49
37
16
55
36
29
27
7
58
8
32
23
72
11
9
10
5
23
28
8
65
35
90
76
44
15
140
58
2
84
44
47
57
53
31
43
24
32
40
11
38
97
143
60
35
59
8
0
40
23
36
46
92
52
27
42
96
10
36
32
11
35
23
31
13
34
64
195
81
66
9
4
7
90
133
100
1
20
103
89
45
75
1
118
11
30
40
80
35
3
61
21
2
81
24
66
64
3
35
5
123
28
3
150
23
68
4
1
31
22
49
31
3
79
3
4
70
60
107
53
47
83
19
49
60
18
10
8
35
62
4
47
1
90
131
28
34
75
13
158
44
17
34
14
4
114
4
99
41
26
110
15
42
70
86
32
69
58
38
63
35
1
31
29
9
21
8
69
11
52
50
7
66
15
67
10
61
12
56
17
18
62
100
81
13
84
127
45
50
57
8
12
55
113
25
26
43
33
12
54
46
54
53
15
106
91
23
5
132
84
57
90
114
1
31
43
88
33
72
13
55
78
17
26
9
88
2
11
17
46
31
4
67
30
45
9
28
15
17
34
4
97
43
81
29
32
98
31
58
41
50
64
76
83
17
46
46
50
39
6
16
83
44
14
30
80
0
87
40
22
45
25
55
50
81
19
51
65
11
20
23
46
8
12
14
37
17
37
34
47
8
18
21
46
36
44
62
45
15
20
21
38
2
3
12
142
6
4
15
84
7
25
110
52
6
35
35
93
34
24
27
43
41
18
63
24
38
99
33
52
1
17
60
3
69
14
40
79
15
21
109
115
60
62
39
28
62
3
61
27
22
40
18
64
17
37
26
41
102
25
54
28
33
14
36
31
40
44
100
1
10
38
6
38
33
25
56
45
75
33
14
13
63
5
70
81
89
46
12
15
23
78
52
11
80
26
74
18
48
100
33
44
23
5
50
80
27
32
9
22
70
8
20
12
9
19
58
26
5
24
78
6
6
86
27
30
1
35
16
67
44
84
76
24
17
54
77
90
32
64
96
48
18
8
50
27
21
10
28
7
14
28
23
27
56
47
6
65
20
0
39
25
7
78
1
16
91
65
28
90
18
6
11
19
72
66
46
29
47
29
20
10
44
19
28
1
108
29
36
37
75
15
102
80
35
23
41
16
50
124
38
81
42
55
11
8
33
171
5
22
70
0
49
21
31
24
67
62
57
29
30
85
75
3
15
28
12
51
34
78
6
37
52
16
39
12
68
3
60
32
7
26
12
60
59
40
4
8
4
11
86
50
70
62
63
40
115
27
88
1
36
9
72
28
64
22
72
89
64
81
15
55
23
48
46
12
69
56
41
38
61
141
69
63
7
27
14
3
57
34
21
28
18
60
32
25
61
35
67
38
49
58
56
10
35
41
73
5
6
8
21
93
92
8
22
27
100
50
58
63
35
117
14
15
93
23
27
39
29
36
57
31
17
52
65
26
11
8
65
65
65
20
41
30
109
15
25
16
36
41
42
64
27
112
27
3
80
41
72
1
8
31
42
1
37
22
42
199
91
16
85
59
42
32
76
23
39
24
56
5
15
25
26
16
53
59
4
31
0
96
10
47
22
24
8
60
7
131
44
48
21
21
41
46
18
14
22
86
42
32
30
18
1
95
17
40
33
9
48
42
23
22
50
18
28
48
86
57
15
38
33
41
28
9
0
12
93
25
44
6
46
66
23
18
64
69
23
11
2
77
117
42
51
25
0
87
134
57
65
28
33
35
47
58
54
27
16
3
37
62
108
20
13
5
39
13
13
2
39
47
28
63
8
6
15
28
59
77
23
69
121
43
11
17
18
3
21
28
74
66
63
17
57
23
32
11
43
48
35
9
13
11
12
9
111
37
3
15
2
16
14
30
39
2
6
69
37
7
1
2
59
61
16
35
19
96
26
36
80
49
25
36
3
6
87
70
0
101
3
36
24
33
14
55
11
11
19
15
35
65
65
59
29
10
7
24
25
20
33
9
11
83
9
43
13
47
65
24
28
4
8
21
37
68
14
53
47
8
32
16
10
13
16
63
14
52
26
30
11
45
13
31
50
14
46
12
6
29
68
16
13
69
26
9
20
72
36
17
21
25
36
3
78
37
112
26
16
77
59
11
32
17
22
41
63
33
7
32
8
4
12
5
41
36
20
45
0
34
52
54
47
45
60
18
39
2
2
4
41
20
12
5
42
4
1
13
19
9
31
48
35
6
30
18
53
16
42
35
111
22
13
47
24
19
34
12
47
14
4
107
44
94
25
15
31
25
15
48
72
10
5
66
69
23
18
11
35
4
26
56
62
4
67
128
25
23
5
64
156
9
78
7
34
76
6
3
28
40
40
54
49
24
7
36
3
4
42
20
26
10
17
74
48
3
9
0
41
35
18
28
25
8
20
74
6
11
16
4
59
32
40
57
106
8
35
10
14
88
26
74
51
3
20
15
12
22
38
25
24
28
67
68
6
1
5
61
25
43
39
12
22
40
68
30
43
24
42
16
60
49
4
10
48
43
57
22
20
27
18
4
44
41
4
15
19
33
12
18
2
76
5
21
6
43
2
13
55
9
34
23
7
55
8
59
33
13
43
34
22
32
47
68
9
37
26
3
69
48
39
41
6
63
2
52
39
23
46
98
44
12
34
9
11
44
19
53
44
101
16
0
54
11
54
18
17
10
47
20
5
7
22
20
40
34
79
28
30
64
52
14
1
20
28
16
73
54
37
59
10
26
28
61
48
33
51
30
28
28
53
70
36
16
61
3
15
16
17
13
17
47
35
58
24
3
17
5
50
11
5
17
17
51
8
16
14
35
6
6
76
48
28
32
50
34
39
49
14
28
45
24
42
64
17
133
20
9
25
4
21
92
16
6
76
18
43
24
9
21
3
7
28
37
40
21
4
45
22
54
2
45
17
10
23
36
37
12
6
27
64
37
5
42
26
36
36
66
13
14
24
61
50
26
35
14
3
26
39
101
49
69
4
25
76
6
54
29
14
40
2
15
81
2
11
26
34
8
68
62
56
30
10
22
22
29
10
17
67
53
11
36
24
28
39
17
25
45
20
89
6
2
27
16
8
38
58
12
48
45
3
60
4
20
11
7
8
87
44
12
34
13
69
32
14
30
33
56
15
36
83
43
32
35
3
1
4
10
72
55
31
2
37
18
3
51
7
30
86
0
6
23
75
48
74
22
38
58
39
44
72
44
2
4
38
11
1
16
14
46
14
55
74
16
18
125
39
32
6
31
39
39
12
3
49
46
20
0
24
32
21
6
58
15
70
60
22
35
40
24
17
7
44
10
5
53
88
23
58
49
35
47
10
6
25
17
25
27
7
28
25
15
49
1
34
44
15
27
28
15
37
53
51
27
14
37
41
49
14
53
26
44
14
18
13
49
65
84
78
39
15
25
2
138
50
56
3
96
31
13
23
9
33
24
3
56
39
12
68
13
17
9
2
31
36
26
16
21
43
8
28
41
42
6
25
38
35
9
39
16
47
3
6
48
52
61
63
32
51
16
37
52
58
43
13
27
9
80
2
1
62
43
37
53
19
32
2
22
53
3
30
59
41
34
22
45
102
17
13
16
21
32
27
13
18
28
31
3
42
43
32
13
23
40
41
45
11
17
17
19
54
52
0
137
42
18
5
38
12
5
17
21
37
20
50
27
8
35
26
12
77
7
35
48
12
21
26
8
30
56
15
90
49
34
93
19
37
24
26
17
2
33
54
4
35
20
41
29
74
53
53
38
9
14
25
88
35
20
40
16
49
33
21
11
101
39
3
64
3
13
0
21
18
11
26
20
16
26
44
26
36
7
3
21
17
13
33
29
12
39
57
4
61
34
14
22
30
10
12
66
19
78
8
51
23
41
27
13
44
32
18
77
3
27
18
16
53
21
19
22
22
38
3
15
56
11
35
34
5
17
35
1
21
64
35
21
9
11
10
52
69
25
18
21
31
6
4
25
55
6
16
45
8
13
51
8
29
18
2
24
2
12
47
14
80
59
14
10
1
7
20
16
3
11
56
17
17
69
8
0
29
8
36
21
22
28
27
36
17
7
25
57
12
27
49
17
29
53
18
25
19
7
20
47
9
41
6
4
22
72
9
6
83
11
65
27
2
7
23
4
27
9
77
4
109
35
5
45
7
77
9
63
24
22
35
29
17
8
55
20
33
15
5
12
42
26
18
30
21
41
17
53
20
3
9
23
22
12
38
21
11
40
9
20
10
11
22
9
27
10
24
3
20
19
10
47
36
20
16
14
2
10
38
35
1
47
23
54
52
52
24
16
27
19
14
6
8
24
39
99
15
5
17
28
18
48
25
37
8
22
4
137
51
62
26
45
32
42
2
16
21
18
18
18
11
19
9
37
62
21
39
48
23
5
42
38
38
5
13
29
6
39
30
20
18
24
18
23
12
22
2
2
13
0
12
10
10
46
22
64
46
18
28
7
13
45
37
4
6
12
12
3
18
43
27
10
26
7
17
40
20
5
2
5
2
18
29
25
4
19
61
3
11
2
5
70
5
29
22
17
27
3
19
21
5
7
1
32
37
15
14
10
25
20
17
39
16
19
13
0
38
24
16
8
49
34
14
1
37
4
21
47
47
5
20
2
36
8
37
10
5
11
38
40
60
31
35
30
10
43
9
1
34
31
19
27
4
12
5
39
35
30
18
50
67
12
33
18
27
47
16
14
50
17
13
13
13
43
10
37
19
60
36
31
16
30
24
26
45
11
25
2
2
8
29
44
15
1
7
67
26
35
6
15
40
30
28
31
80
3
63
3
72
4
8
6
20
12
14
1
53
44
15
27
22
22
0
2
17
58
36
17
23
9
15
16
18
67
3
38
4
13
35
10
3
0
17
2
39
27
28
6
19
32
24
31
4
32
11
15
12
34
47
19
19
16
69
1
16
5
30
29
40
7
1
3
17
16
11
50
18
27
16
37
19
14
4
8
27
3
27
33
7
12
38
30
57
1
40
15
30
4
5
4
9
62
28
21
85
35
0
22
37
14
47
3
47
11
21
15
2
38
23
22
63
21
5
20
4
35
10
61
17
5
1
63
17
33
6
43
19
15
2
43
42
8
21
5
24
54
1
45
25
14
31
40
8
5
47
16
66
3
11
18
73
10
49
26
32
10
10
35
21
12
34
19
1
3
11
48
34
12
2
7
32
53
36
33
10
24
74
20
28
8
52
39
16
3
20
2
7
33
11
3
21
3
30
17
12
43
11
20
55
53
13
2
11
20
18
20
15
12
10
1
14
37
42
38
17
14
27
14
12
49
8
16
27
21
17
10
36
16
56
44
12
3
28
0
18
2
3
59
11
28
37
34
17
7
35
10
28
29
53
1
10
26
30
25
3
9
51
28
49
14
4
1
16
37
56
12
38
1
5
1
27
12
22
59
6
20
15
6
52
32
30
37
11
34
29
16
48
22
23
29
9
21
24
20
4
31
3
20
22
39
42
14
25
5
1
26
20
11
19
17
9
25
51
24
0
10
12
27
16
3
48
11
18
7
26
37
25
27
20
23
7
16
15
12
6
11
3
5
28
34
8
22
24
13
35
24
7
18
13
23
9
16
55
5
20
9
18
26
36
10
0
25
19
11
33
15
59
10
1
30
23
26
7
3
8
11
21
33
35
9
3
8
43
18
0
17
1
28
3
19
10
6
19
21
29
48
23
5
27
18
3
5
9
14
7
28
10
9
12
44
32
29
22
31
1
25
36
9
31
49
13
19
17
3
0
3
8
52
29
2
16
38
4
38
25
3
9
5
76
30
5
5
22
22
12
0
8
17
10
1
46
14
30
21
15
8
35
16
31
8
48
19
24
9
2
30
16
18
0
27
20
20
5
10
19
1
47
32
3
8
27
15
21
25
13
2
28
31
22
14
20
33
14
8
34
11
23
36
19
16
7
9
32
0
47
16
43
37
24
11
18
18
10
11
21
16
0
4
18
6
6
4
15
32
29
20
2
28
24
2
42
11
18
39
15
1
24
23
8
8
29
9
30
8
27
6
13
9
5
8
25
32
14
5
8
11
11
27
18
17
32
6
25
11
3
11
11
44
18
4
6
1
4
23
12
12
2
14
4
6
1
12
0
29
6
5
3
30
30
6
9
45
10
16
39
5
10
18
18
11
35
2
23
12
11
6
17
25
10
12
10
50
11
13
1
18
18
10
42
30
14
2
5
1
23
19
22
16
4
35
8
1
5
19
27
5
26
27
30
34
1
14
9
23
1
1
6
6
7
34
20
14
21
3
25
27
8
7
25
9
18
15
9
28
4
18
9
8
14
17
3
8
18
53
14
6
4
14
1
21
16
7
4
9
15
4
2
14
3
23
3
34
19
7
0
8
11
21
33
2
5
7
7
1
14
6
13
18
10
6
15
3
4
0
31
2
25
2
9
20
40
20
10
31
4
19
37
35
10
4
26
30
8
3
11
21
15
17
14
3
19
8
11
3
34
16
13
7
22
17
28
17
10
10
10
5
19
1
11
25
16
1
16
15
7
26
20
6
6
14
35
4
10
13
15
11
7
12
7
2
8
13
1
7
7
5
11
7
23
10
9
26
10
2
23
15
3
3
5
12
9
0
2
2
6
15
0
0
16
14
15
4
15
1
14
19
2
8
2
11
1
3
5
51
11
11
12
2
17
20
11
9
18
1
15
2
3
4
7
3
8
6
21
3
10
2
10
5
3
19
7
5
26
9
7
10
8
3
3
6
15
19
7
3
9
3
13
17
0
10
6
1
14
9
10
2
9
8
8
9
2
7
13
12
5
2
10
12
5
9
2
0
2
10
0
10
8
6
10
15
3
20
0
18
13
3
6
2
10
7
4
4
15
6
7
14
16
1
8
5
8
10
7
8
9
11
6
4
15
3
10
3
6
8
1
2
6
15
7
0
1
7
2
6
2
2
3
5
2
1
1
1
1
2
0
2
1
1
2
0
