14
7
5
126
41
31
12
4
54
21
8
8
22
55
1
33
75
118
8
2
88
44
90
43
8
88
14
5
88
30
24
29
8
69
34
10
48
9
40
34
7
6
25
40
19
6
3
38
3
31
20
4
17
30
92
29
55
107
26
54
11
69
56
21
55
52
60
34
1
40
14
24
68
31
5
31
65
57
29
20
39
17
98
85
22
18
85
59
22
25
38
90
92
66
44
16
59
21
34
84
60
16
14
11
129
101
31
16
11
35
17
22
59
20
37
26
24
27
40
56
39
83
138
85
1
74
27
22
57
71
76
37
60
22
34
74
68
23
7
82
99
56
51
17
51
59
28
68
43
25
105
70
101
104
137
56
41
91
20
66
24
190
11
16
133
83
103
10
116
59
27
1
26
123
29
12
55
89
60
35
56
86
26
61
39
3
157
53
12
33
11
29
70
39
36
24
84
84
58
79
50
174
19
1
55
38
79
9
36
72
24
121
125
68
41
53
29
115
40
54
61
73
56
53
6
12
30
39
89
56
78
21
58
14
80
2
4
45
26
34
23
99
40
2
63
4
8
151
58
8
6
72
91
64
28
45
47
86
27
117
31
37
50
58
21
19
59
10
26
51
33
71
54
79
109
14
42
108
19
55
28
10
94
91
12
17
20
47
45
58
58
4
110
23
62
118
4
3
11
36
46
18
58
33
11
59
55
6
14
12
76
1
37
12
24
85
19
13
155
35
85
35
6
49
81
99
51
8
16
0
136
11
1
34
39
85
32
67
111
39
75
86
53
78
21
21
124
6
6
12
37
44
119
75
43
46
33
53
27
6
23
1
128
38
20
70
61
109
13
39
1
32
12
25
74
34
23
37
8
13
8
93
80
68
86
8
91
42
8
57
59
89
10
165
4
28
17
80
21
139
75
5
123
37
85
48
20
49
58
18
10
45
0
15
49
46
57
47
15
15
23
18
52
72
8
51
99
30
90
9
29
50
38
59
70
12
57
50
15
64
113
31
46
25
13
133
35
19
2
145
134
21
34
2
89
10
43
187
9
65
75
91
69
22
65
7
12
19
10
154
34
60
30
16
94
92
58
52
46
35
36
29
88
104
89
45
57
45
27
38
56
74
32
31
49
50
145
45
98
69
49
56
18
34
21
55
91
14
18
32
103
29
54
91
50
8
38
22
130
58
9
60
41
54
40
23
79
23
136
166
45
25
27
54
36
22
99
41
65
14
78
111
105
34
57
12
107
56
14
89
163
51
22
1
11
36
104
85
46
70
12
36
68
46
45
40
10
16
22
41
9
64
72
18
66
97
45
0
42
71
58
87
103
29
52
135
35
18
57
37
59
83
16
53
87
19
4
39
3
38
84
70
38
80
5
46
19
71
54
62
24
18
12
102
9
81
26
44
47
8
74
58
6
10
49
5
23
68
21
19
45
43
109
34
25
112
135
31
77
15
16
10
21
94
37
10
17
44
86
27
8
15
155
80
28
32
39
13
54
31
13
133
74
34
32
83
27
78
97
11
36
47
29
129
5
56
24
31
64
12
29
31
39
10
92
148
129
72
119
34
33
15
15
128
51
35
98
86
58
84
92
2
9
28
18
45
38
85
69
34
130
94
49
85
10
59
24
12
90
27
37
96
43
76
7
90
36
31
82
39
32
41
99
13
20
36
7
45
0
61
15
25
41
48
79
26
20
94
5
35
56
38
123
20
68
31
92
69
51
72
140
83
102
71
6
3
1
57
17
49
86
36
16
14
10
9
49
25
18
2
55
74
11
14
45
94
148
85
41
100
30
67
40
42
66
121
63
18
5
5
117
68
1
33
6
80
6
29
22
34
56
52
63
27
56
55
23
35
37
29
45
74
4
7
57
60
20
16
12
34
33
58
101
45
54
61
115
42
42
58
122
92
94
56
68
32
57
55
34
86
1
80
82
26
16
101
124
0
26
61
86
16
58
63
14
149
47
64
71
55
140
46
2
68
35
28
51
75
54
32
19
65
87
61
65
12
29
34
77
161
22
9
6
32
45
12
3
69
56
11
47
4
172
13
212
16
35
23
24
68
9
54
109
41
66
20
34
41
24
11
58
104
9
86
21
54
50
80
14
24
70
54
10
153
44
34
50
81
37
58
77
26
150
20
45
5
2
26
81
41
59
33
98
81
47
88
5
26
55
45
92
92
39
26
72
12
52
3
11
10
50
3
139
33
97
15
59
87
74
17
6
20
76
12
90
27
14
44
104
37
24
3
101
26
66
20
181
53
111
8
26
78
55
39
66
18
27
147
3
91
31
19
38
37
101
24
29
39
85
3
38
11
50
66
10
31
1
11
10
66
41
25
33
9
3
40
7
94
29
28
30
66
39
85
34
53
91
15
3
53
121
38
99
14
34
7
10
17
47
24
62
66
111
127
22
19
39
65
88
29
85
67
13
119
30
5
21
93
33
20
34
131
52
20
105
58
18
29
107
20
40
30
52
51
47
46
123
21
4
22
24
36
33
43
23
32
40
25
100
115
12
118
0
52
61
9
40
97
64
15
9
114
86
46
36
29
18
0
9
51
33
48
15
0
74
10
91
69
9
44
4
4
105
72
2
54
28
16
48
56
30
123
53
51
36
7
47
55
16
49
70
20
137
40
77
11
117
70
9
29
14
70
0
60
43
50
10
38
58
42
18
90
34
25
12
17
24
59
20
60
71
38
40
1
62
87
121
65
37
49
106
19
76
54
114
18
39
109
45
41
46
3
37
10
58
17
43
52
61
28
43
67
5
1
115
28
41
52
76
12
12
52
31
79
69
46
41
21
19
53
60
97
54
43
26
70
7
18
19
93
57
149
12
1
75
29
4
4
32
11
16
31
95
44
9
20
8
73
35
40
41
17
29
45
35
18
4
19
12
7
73
46
27
17
13
52
51
78
48
208
13
74
74
122
76
64
2
17
120
37
22
46
26
5
94
71
132
94
55
92
35
22
20
23
36
26
27
16
80
14
138
3
36
9
102
53
115
33
22
25
21
41
29
126
55
64
16
95
51
63
15
51
22
55
31
17
47
20
5
47
20
82
6
18
50
11
67
18
71
76
102
13
31
111
50
15
45
18
18
112
132
40
28
2
123
19
50
8
110
74
80
10
72
45
1
6
22
64
6
29
99
86
33
3
12
47
13
52
64
17
13
2
18
84
39
76
36
117
11
7
77
42
16
15
30
6
28
108
61
4
61
9
16
50
53
70
22
59
26
17
43
12
76
140
46
32
59
62
28
31
100
60
32
56
28
11
15
2
71
89
82
14
47
26
48
128
60
53
14
68
165
2
24
5
57
68
19
21
51
24
26
106
50
74
76
6
13
19
36
80
26
28
106
19
8
61
7
16
27
72
3
16
51
55
28
80
45
119
19
58
44
60
54
63
86
92
36
17
53
53
19
49
117
77
2
15
27
67
7
36
10
7
57
78
23
66
0
79
46
117
37
60
48
38
42
5
84
52
33
14
83
21
11
2
40
20
1
11
42
26
29
7
48
17
50
77
27
58
14
113
5
8
23
93
30
67
0
25
34
39
11
89
12
5
29
26
75
51
139
14
41
64
47
67
52
2
125
10
42
95
72
84
74
47
44
44
14
22
51
92
63
8
4
51
40
24
27
43
34
31
71
14
2
79
19
52
11
31
2
44
21
108
35
41
71
7
28
73
39
30
44
27
33
38
69
18
9
26
24
5
35
11
78
47
5
48
44
71
5
60
47
71
42
117
47
32
68
25
19
9
29
28
36
29
33
57
24
45
51
43
83
44
10
13
34
5
44
31
73
42
88
43
87
6
36
33
2
26
87
15
7
51
57
81
42
22
37
21
109
30
19
21
54
16
114
58
37
50
6
52
30
11
16
3
54
66
68
10
5
21
2
17
4
35
23
20
24
42
19
6
52
40
30
120
49
13
23
12
73
28
38
5
55
86
49
32
47
15
7
43
5
6
73
36
25
11
7
125
42
28
73
126
107
10
31
30
10
26
55
16
32
44
42
57
4
10
32
35
4
13
26
47
94
19
19
30
4
70
32
73
14
167
80
17
22
56
28
27
19
103
9
34
19
88
43
33
87
86
48
37
129
25
16
54
72
19
87
18
35
25
5
40
45
12
57
45
19
29
32
19
42
42
2
94
18
53
9
43
33
5
31
2
24
3
1
13
121
75
41
41
37
37
82
45
29
68
70
105
125
4
34
36
35
13
63
6
11
35
84
44
15
3
40
3
11
11
8
23
70
4
55
52
4
53
147
32
16
65
14
17
21
9
36
52
75
16
82
8
21
34
29
0
65
77
98
9
19
32
29
99
59
69
36
85
83
7
17
49
12
10
33
23
6
54
2
33
50
1
29
0
81
10
66
45
3
11
32
34
35
16
15
33
89
17
49
32
8
16
24
76
68
66
42
71
62
8
55
54
10
33
10
7
20
3
32
4
46
73
17
54
30
6
13
60
21
57
14
43
33
10
8
9
1
45
77
5
35
73
1
54
37
47
103
30
91
39
55
51
23
72
18
2
45
26
102
11
42
48
7
25
67
35
12
85
56
11
37
65
48
13
6
40
36
76
27
16
77
81
32
36
50
61
4
41
5
16
6
88
6
21
15
55
46
30
83
20
11
68
38
23
55
29
61
8
28
37
15
55
18
70
19
8
59
1
9
11
24
60
63
41
11
10
82
58
28
41
24
7
133
67
3
14
50
73
9
36
37
35
30
50
81
0
24
15
49
12
28
60
93
2
37
70
15
59
40
54
6
121
44
74
40
44
19
5
49
82
79
43
31
17
31
12
37
36
68
6
11
16
33
41
16
34
42
7
34
85
36
51
85
19
15
36
16
9
35
116
2
12
52
42
0
13
31
60
60
29
14
75
17
44
38
20
0
24
13
11
3
59
37
3
66
24
27
19
11
73
46
54
24
42
6
78
15
58
23
34
4
48
62
64
35
100
46
25
50
1
40
69
65
86
37
63
14
55
71
33
30
12
27
27
21
15
21
5
54
2
44
13
67
39
0
43
39
24
19
72
53
73
63
48
31
11
5
27
22
71
9
18
34
26
56
27
47
6
35
11
53
32
47
37
21
30
112
75
21
66
5
8
25
73
2
137
0
61
111
40
56
98
5
60
46
37
26
58
6
18
5
39
56
21
18
8
55
46
18
68
16
38
38
6
19
3
75
9
7
35
72
18
20
13
7
27
63
38
5
65
102
4
47
90
34
2
56
26
6
44
44
49
14
58
66
23
70
50
25
44
10
8
23
98
38
29
10
21
4
53
46
81
11
96
37
74
68
33
2
76
29
40
33
117
17
37
29
19
40
41
41
40
70
2
63
18
24
32
4
16
8
9
24
20
8
20
43
38
78
18
92
36
12
5
10
18
76
35
37
46
14
63
25
47
50
48
6
14
23
91
9
79
41
10
29
45
2
8
24
25
16
55
23
47
2
50
77
39
64
11
28
34
13
3
3
49
18
33
79
43
28
13
10
4
36
28
91
94
32
25
9
36
5
17
15
12
23
43
23
25
95
19
3
13
13
114
3
57
30
47
50
39
55
27
45
51
9
5
43
53
66
13
21
42
63
10
62
9
56
39
19
29
103
36
11
16
0
18
30
32
13
41
10
17
48
115
12
13
60
12
21
25
22
45
1
14
43
3
67
10
58
48
5
22
17
5
46
39
29
12
4
14
11
64
15
16
86
56
55
15
47
19
79
17
67
20
70
35
48
47
0
45
16
88
40
57
18
52
23
2
48
16
0
17
34
18
49
112
50
58
34
91
16
19
8
23
29
13
36
46
51
46
25
60
61
54
95
91
48
12
16
18
32
34
20
1
86
66
5
36
14
11
12
28
34
29
17
4
40
38
19
55
36
74
27
20
16
56
65
13
31
37
26
21
57
17
31
29
57
3
54
1
3
53
73
131
19
129
8
69
41
30
5
16
25
87
53
5
38
6
71
18
40
3
11
34
34
3
62
1
8
48
34
11
23
25
43
0
67
25
4
24
26
52
13
8
6
13
27
74
60
7
35
4
19
16
21
29
10
19
96
66
11
62
3
29
47
0
12
34
12
65
49
25
4
55
44
8
33
32
42
17
49
87
34
43
79
55
8
43
3
16
19
51
6
14
10
28
26
96
0
7
11
23
12
11
29
1
4
55
44
42
25
29
15
32
1
7
42
89
61
69
59
23
20
24
58
36
87
11
48
65
43
43
13
31
1
28
14
10
18
20
23
5
54
28
39
21
32
37
11
11
30
12
3
79
82
43
27
37
15
11
65
4
32
29
70
1
50
18
64
3
50
56
51
30
3
41
35
64
19
32
31
18
63
8
11
37
64
12
72
36
59
9
5
70
54
80
1
32
5
10
62
32
4
20
10
15
13
6
100
35
8
32
14
32
3
22
70
15
54
47
29
10
17
12
61
22
24
102
17
1
7
22
100
47
48
11
14
13
71
18
54
16
4
54
36
39
9
35
9
16
18
44
9
17
3
5
16
29
21
44
6
32
27
29
34
70
7
57
25
21
12
19
30
83
10
3
6
31
22
8
3
20
7
12
65
52
2
48
3
2
19
16
20
46
13
80
23
23
94
34
4
35
35
3
22
20
4
21
14
5
27
42
15
37
10
38
53
44
44
6
28
21
4
15
7
52
46
34
60
13
34
10
22
46
11
8
24
3
33
10
29
6
32
17
24
45
11
8
33
24
30
52
39
39
41
9
46
17
28
23
7
25
45
62
30
2
23
4
11
54
26
21
53
81
22
62
39
9
15
54
29
30
24
81
8
15
22
31
2
28
15
71
60
11
71
56
30
2
9
21
8
21
7
62
9
47
40
24
45
13
35
113
2
48
4
56
31
32
29
27
19
37
41
0
12
27
63
7
16
62
31
24
16
39
37
74
9
13
40
11
77
1
24
24
15
45
25
6
9
17
5
20
9
49
30
4
11
8
15
56
7
10
4
15
12
36
31
14
14
11
15
27
34
14
87
35
7
17
22
32
17
42
5
22
20
13
93
48
6
19
31
3
62
46
60
69
22
2
69
7
14
21
26
4
1
14
56
23
40
3
5
7
21
61
29
74
41
21
5
27
41
42
18
4
38
50
55
27
20
29
14
21
4
50
29
58
16
31
18
46
3
24
43
23
26
63
26
2
10
61
25
19
26
11
42
8
27
6
15
65
47
62
0
39
26
6
40
15
34
79
94
63
15
32
6
18
27
44
39
59
2
11
9
52
44
75
15
71
58
5
12
51
42
18
44
60
26
56
9
13
40
3
33
17
49
61
7
26
27
25
13
16
24
40
27
34
4
15
9
21
1
7
25
6
6
15
24
4
13
47
77
54
31
14
11
22
45
42
1
63
3
25
54
43
7
62
27
22
45
1
13
26
26
8
13
59
18
27
51
2
70
5
4
22
38
1
20
15
7
64
26
0
46
52
15
10
44
27
24
17
41
19
39
35
6
15
27
29
4
9
21
54
1
61
13
57
58
46
16
1
0
59
43
80
25
10
19
50
36
18
14
12
15
8
11
55
28
23
29
21
60
10
3
6
10
35
1
68
22
30
4
8
16
23
66
23
5
5
16
24
10
40
60
20
74
14
0
10
42
29
67
23
44
13
34
21
64
7
23
64
15
38
6
51
20
4
1
64
3
3
34
39
90
18
3
33
20
8
59
50
29
51
5
10
20
47
0
20
9
57
46
43
17
31
22
6
39
9
63
25
14
19
23
48
65
38
22
22
5
38
39
58
78
44
19
22
1
61
34
22
44
19
21
18
20
3
58
26
4
8
33
12
34
12
39
54
87
14
27
1
55
1
92
30
44
18
31
21
54
28
20
23
54
19
25
16
44
26
48
22
22
11
3
33
6
35
84
42
49
23
15
24
19
4
5
19
84
29
13
11
17
10
2
16
22
29
26
21
14
34
1
2
19
3
6
14
3
8
4
20
20
58
15
7
17
2
12
27
20
8
56
13
21
24
38
29
1
10
20
49
46
17
6
106
29
26
4
12
21
16
39
6
8
8
5
15
50
1
22
16
81
39
36
31
17
11
28
16
30
14
10
2
13
78
13
7
30
71
45
16
48
18
17
24
23
25
9
9
10
36
28
20
1
16
2
21
44
57
21
46
34
20
7
35
20
3
39
33
7
5
3
69
11
20
2
25
2
1
4
42
17
21
79
7
41
23
6
30
23
21
6
25
15
61
19
52
2
6
14
4
22
9
45
3
16
39
17
1
21
6
17
46
11
5
36
3
12
40
31
24
40
24
7
37
17
7
7
28
24
10
37
29
8
39
33
2
1
18
16
3
11
1
38
24
15
6
5
33
33
38
16
21
1
48
23
13
30
28
40
20
43
15
17
68
33
49
18
2
7
2
3
27
20
17
10
3
13
12
31
32
13
53
20
3
11
11
3
25
27
34
20
0
25
11
47
2
58
8
8
31
51
19
11
19
38
29
3
14
0
7
52
13
32
13
15
10
29
10
0
14
48
27
34
17
5
13
30
12
29
24
27
21
3
15
24
25
32
9
30
22
2
24
15
46
38
9
16
38
1
44
12
28
30
3
29
18
18
7
4
16
21
35
18
19
13
33
5
11
24
25
16
37
61
29
28
25
18
5
23
32
24
7
21
24
17
26
4
44
1
20
24
6
26
6
22
14
8
21
20
37
1
21
27
10
41
32
18
20
38
11
15
0
16
15
24
24
33
13
26
17
11
4
1
81
2
6
42
2
18
33
2
26
20
2
11
22
31
2
32
12
3
28
4
1
2
2
1
5
10
29
0
30
4
10
31
2
19
16
3
2
13
22
17
48
6
18
8
5
9
7
17
17
21
13
40
35
11
6
24
19
31
16
42
6
16
19
8
3
11
31
36
26
22
37
12
17
32
15
9
11
18
12
6
3
24
4
21
16
8
32
30
24
32
12
24
6
18
12
12
0
13
36
14
19
31
41
30
24
27
47
8
19
40
38
29
28
49
5
9
32
42
42
16
8
16
14
3
39
3
34
17
2
6
56
17
9
5
14
4
25
8
22
12
9
32
6
24
6
4
1
43
80
39
22
8
21
11
17
29
10
12
2
5
4
3
25
2
6
5
34
14
16
23
7
2
15
2
23
5
13
6
17
17
15
8
28
1
14
17
18
20
33
11
6
35
10
16
15
20
3
12
73
7
19
25
22
11
21
31
10
20
9
14
16
11
46
5
24
24
1
3
15
11
19
10
19
3
5
11
11
22
7
11
22
33
11
24
10
8
2
24
12
27
7
20
6
18
25
33
17
19
8
18
15
5
7
6
3
50
43
10
26
14
14
16
20
8
8
13
6
14
6
10
1
33
1
13
35
14
12
1
12
8
1
27
1
3
7
17
5
12
18
21
6
1
3
11
1
12
11
3
8
25
3
15
6
5
4
5
3
23
4
18
5
15
5
12
2
5
6
37
15
2
24
25
9
11
14
24
7
18
23
11
2
10
12
4
8
30
12
23
15
7
15
2
6
11
12
19
3
8
2
2
21
18
0
8
14
4
6
46
0
45
3
19
5
32
29
5
7
2
7
5
17
3
4
10
8
4
1
5
5
8
4
12
4
14
5
4
7
2
12
12
24
5
0
5
22
11
6
7
9
9
6
14
11
14
6
17
5
8
12
6
14
2
11
11
9
1
21
12
21
2
7
3
4
7
2
16
2
11
3
7
14
2
1
21
15
13
11
8
3
0
0
11
12
0
13
11
14
2
7
15
13
11
3
19
6
7
14
16
8
7
7
18
16
7
6
12
5
4
3
0
2
20
10
2
4
16
8
2
15
15
6
28
2
12
7
9
10
2
5
8
5
3
6
6
2
2
9
5
0
2
3
11
2
14
2
0
6
4
1
19
5
1
4
5
5
6
10
1
5
4
6
1
1
5
1
2
6
7
2
11
4
1
3
5
3
11
6
4
2
8
5
12
1
4
3
6
3
3
2
0
2
1
0
1
1
2
0
1
1
