0
10
12
25
4
127
80
2
61
48
15
103
3
34
12
87
35
24
6
6
23
11
21
11
5
60
8
8
22
19
28
1
41
22
6
3
3
38
42
138
12
48
6
27
127
45
46
62
31
37
1
90
6
3
94
10
35
30
30
70
43
55
0
3
49
26
42
27
23
68
61
79
55
22
128
72
84
6
58
50
53
55
25
2
72
68
33
45
51
13
27
31
14
70
33
86
57
15
20
15
116
34
3
44
33
31
40
103
100
36
42
15
90
41
14
92
57
97
106
100
66
51
45
0
61
29
82
2
21
97
90
115
23
10
52
129
15
130
37
83
35
110
11
46
24
13
171
52
63
85
10
43
54
115
10
112
96
92
16
26
152
63
40
19
30
72
88
57
79
3
32
1
19
2
41
58
14
65
43
25
13
20
54
93
61
74
60
25
96
24
6
17
15
17
9
2
12
15
20
59
17
38
49
74
1
81
121
20
89
88
49
19
60
83
61
23
53
27
42
31
50
41
24
119
59
25
9
35
61
31
2
36
117
55
9
7
55
5
54
11
51
58
21
40
30
8
2
90
19
75
61
82
21
114
26
74
26
29
80
45
113
82
100
6
86
42
1
99
84
115
3
123
13
36
62
32
3
66
9
102
46
52
182
28
87
29
77
22
13
104
56
41
109
109
23
28
6
37
32
17
79
4
34
16
32
44
16
43
91
55
99
70
12
10
40
16
49
49
23
98
60
14
132
45
66
68
33
87
69
120
125
41
28
53
175
44
8
157
84
17
24
47
74
18
37
35
90
16
49
43
54
56
85
45
5
37
3
3
18
98
133
3
47
56
50
125
11
10
80
18
6
89
94
66
72
29
56
30
4
12
50
47
1
41
14
40
12
67
90
20
2
66
35
96
14
34
75
26
40
20
25
23
17
78
58
28
93
4
69
58
37
15
0
10
19
5
46
30
137
71
5
12
37
79
37
87
46
76
89
64
94
31
95
10
8
6
17
49
37
4
62
11
9
1
38
103
94
5
59
28
16
79
26
105
33
106
27
11
61
54
31
28
25
43
14
50
83
32
1
91
3
13
32
25
1
45
3
115
16
45
15
5
56
12
7
17
119
141
81
122
96
9
64
94
80
75
113
93
18
56
69
28
6
39
27
15
10
17
16
26
6
109
94
1
71
47
57
96
23
33
11
76
23
42
98
112
137
54
139
41
29
49
36
20
46
71
41
161
55
13
82
16
100
11
10
75
83
106
16
31
43
44
12
36
100
60
15
47
10
103
45
87
48
36
67
77
16
10
46
72
62
45
67
31
53
26
48
26
42
3
5
36
4
114
35
16
75
7
50
41
25
12
36
49
47
36
21
49
59
19
61
22
47
80
20
6
19
59
36
7
0
3
90
30
90
4
10
132
37
17
120
157
56
27
111
111
30
2
4
83
93
54
1
21
67
102
38
94
58
3
49
206
35
14
61
73
15
56
45
9
28
17
55
50
27
17
60
1
136
35
15
72
72
67
24
81
18
5
8
41
49
3
120
76
61
42
5
95
35
28
13
14
75
83
85
4
13
48
47
10
2
30
55
22
42
67
16
109
26
136
6
15
101
20
35
23
99
43
43
51
67
79
20
59
25
65
55
16
79
47
6
43
53
125
6
33
74
80
49
20
71
57
27
58
44
87
36
5
55
17
15
15
72
52
42
19
17
20
72
132
34
55
33
15
87
88
36
6
123
51
25
43
8
29
62
24
32
80
33
24
29
60
63
16
19
4
68
39
4
29
6
33
71
5
30
91
26
15
32
41
69
15
125
21
53
42
17
34
31
44
120
48
136
22
10
32
124
70
96
43
66
10
5
52
83
20
7
2
117
13
42
61
48
73
15
11
61
3
17
47
43
4
9
108
24
33
6
51
55
69
49
14
67
6
84
81
109
25
21
133
6
32
62
27
10
36
23
96
31
107
43
0
9
99
42
56
27
27
18
110
50
47
56
7
63
128
71
7
135
121
17
83
94
54
82
57
90
23
48
17
6
13
24
33
37
51
16
44
6
23
44
32
74
5
58
34
87
12
5
71
31
0
27
18
93
71
42
56
19
85
111
103
17
72
24
15
51
50
61
93
44
21
43
68
59
3
69
12
11
3
27
79
19
47
47
111
1
133
24
24
20
61
45
25
7
92
77
15
133
21
12
18
5
62
45
12
29
4
71
69
28
56
49
20
99
24
106
19
6
45
126
37
23
40
14
29
28
58
69
116
69
6
91
120
7
16
32
8
24
35
31
59
5
14
41
30
29
96
48
34
7
12
59
3
49
13
24
32
10
36
83
97
14
55
62
17
139
46
24
18
14
159
19
4
19
122
56
118
74
85
58
73
18
74
76
6
12
6
20
43
41
12
7
32
47
11
6
104
46
109
42
35
160
69
101
69
2
64
49
60
16
41
72
33
47
36
69
46
10
91
3
26
5
68
69
23
25
17
31
5
107
25
11
21
72
40
21
12
8
34
13
75
26
15
70
29
44
79
41
78
29
95
64
177
27
46
46
32
72
127
1
77
26
12
31
96
64
75
3
29
56
40
37
11
2
46
9
54
106
7
0
4
47
215
50
50
12
89
3
54
40
13
44
58
39
137
86
15
17
80
3
21
17
78
48
3
90
4
32
72
62
19
67
32
40
103
16
42
6
47
8
27
77
62
141
44
53
1
32
11
74
51
49
10
46
36
102
47
63
23
40
75
25
32
31
170
3
3
13
51
98
11
13
20
22
48
67
70
7
63
33
75
37
46
44
13
21
1
74
10
26
64
94
83
135
144
54
36
23
15
38
2
11
35
4
96
40
40
55
10
2
29
23
2
23
25
40
3
34
13
51
48
4
76
13
47
87
75
41
139
100
147
26
8
15
43
94
78
19
69
99
58
64
7
101
24
13
71
49
4
1
32
75
27
1
41
25
17
19
50
26
33
18
9
52
52
78
109
20
40
23
104
34
63
116
35
24
18
52
6
61
59
23
208
6
4
146
25
22
1
73
66
6
16
77
97
53
36
21
7
69
10
76
3
12
22
46
25
33
44
43
24
48
10
92
52
16
30
11
37
40
76
0
53
106
44
28
130
17
3
16
47
4
139
53
47
30
21
69
60
113
18
112
51
51
24
104
89
104
6
19
13
1
27
135
15
37
4
26
57
5
41
57
18
9
51
30
64
7
17
7
8
30
48
52
20
7
11
24
41
12
41
28
30
103
11
59
42
54
36
33
17
8
1
90
134
50
58
48
20
2
111
11
21
25
5
88
59
6
84
86
82
90
12
29
3
27
10
1
14
63
59
102
46
21
49
60
22
42
149
33
94
6
47
7
114
17
89
78
52
32
6
20
25
120
2
9
7
17
43
40
103
61
22
5
60
8
20
15
12
95
5
20
22
53
54
43
70
96
84
72
13
26
16
35
24
28
41
49
52
133
82
55
87
82
70
35
72
28
54
9
49
9
0
60
12
1
28
29
49
4
104
74
63
84
79
108
26
82
50
20
43
83
23
8
45
3
33
30
53
158
10
51
5
32
26
50
74
67
62
12
10
53
88
34
21
64
10
80
1
26
76
61
21
21
160
114
65
19
16
37
42
148
4
56
23
46
19
36
5
8
83
23
17
18
61
31
23
23
54
68
0
85
54
130
27
26
67
169
109
67
17
38
6
21
44
66
12
26
86
22
83
58
19
150
75
3
19
6
8
77
7
44
94
50
56
102
65
171
50
18
71
3
19
89
49
9
45
3
38
12
45
40
18
36
31
129
54
43
42
122
96
37
56
0
7
0
58
5
78
57
7
9
50
48
23
54
1
5
42
11
11
7
31
95
91
32
43
27
53
13
34
51
4
47
16
161
83
8
11
20
71
86
56
57
45
8
77
28
23
45
0
14
2
31
27
1
124
25
122
36
25
14
37
8
27
127
56
46
76
55
37
37
73
15
60
49
41
7
24
62
40
33
8
53
71
97
57
4
9
28
84
28
90
69
27
8
48
3
54
19
13
38
25
99
75
52
69
49
22
41
111
68
5
34
9
1
6
50
40
18
73
75
56
31
31
19
66
65
10
75
55
19
100
1
61
4
10
16
45
87
11
28
61
22
52
20
50
87
6
104
68
23
2
13
75
7
35
58
21
55
51
13
84
25
3
5
90
32
21
3
57
15
56
19
2
82
55
25
79
19
17
19
22
34
54
5
23
5
65
24
39
58
28
16
82
29
67
47
70
4
32
28
3
0
22
11
4
26
15
14
29
10
18
93
30
5
4
26
4
60
30
14
23
35
7
67
75
85
121
73
39
47
75
88
71
13
118
91
4
20
132
39
36
72
8
5
16
107
18
18
45
50
47
35
46
10
40
77
23
45
49
75
51
30
27
36
52
32
22
1
38
71
50
6
23
34
26
146
91
6
26
39
47
8
22
1
17
70
58
64
52
86
20
51
6
59
26
48
6
11
33
119
25
18
79
5
12
56
61
59
15
30
14
19
63
56
21
53
34
36
59
75
62
44
41
6
43
18
41
24
6
33
58
22
94
46
58
20
56
20
84
93
28
68
4
15
79
13
93
65
3
30
50
82
56
41
123
35
24
26
26
31
67
54
37
17
15
52
101
11
18
46
44
54
31
34
19
50
43
5
10
8
10
0
20
53
19
75
67
23
34
68
81
6
64
56
80
47
20
11
3
37
48
32
10
12
45
32
64
66
22
93
87
55
37
39
20
5
5
22
58
71
17
12
16
24
52
24
44
68
30
42
73
52
36
63
98
7
100
48
8
86
23
6
32
14
40
18
30
33
21
29
15
29
98
56
73
31
51
4
39
80
91
84
42
12
28
104
24
4
25
5
31
5
15
6
43
17
23
36
23
74
26
0
36
26
1
13
73
37
20
15
1
24
88
5
51
35
53
27
14
59
35
64
6
19
16
43
46
16
58
65
65
46
19
64
20
6
92
1
4
79
13
2
17
17
54
20
15
23
28
38
53
65
94
26
12
87
66
8
0
64
61
5
14
18
2
65
10
17
14
2
8
41
37
100
17
16
104
59
14
40
48
79
27
13
119
25
66
24
0
71
102
24
113
11
13
66
43
48
20
25
1
14
23
57
44
10
61
24
44
18
5
43
0
50
33
59
13
49
17
12
7
13
85
56
31
44
76
10
11
24
28
44
33
100
31
11
4
84
40
16
30
23
64
5
23
5
12
60
58
88
22
66
72
65
46
29
9
8
64
61
54
10
18
20
51
73
22
15
64
16
35
59
23
55
12
54
17
16
3
83
20
15
62
28
38
66
14
18
63
76
29
4
29
79
17
9
41
71
57
43
38
126
14
33
30
7
4
17
75
24
39
43
55
51
22
65
9
41
73
25
54
5
5
35
1
33
17
36
73
28
18
11
1
36
27
70
38
30
31
20
31
140
10
25
31
86
47
7
60
67
37
44
50
29
71
46
15
57
64
4
13
64
79
13
45
52
77
4
29
29
24
15
56
60
7
43
24
65
60
4
3
31
33
23
9
77
34
47
66
13
10
78
26
48
38
46
6
16
12
59
30
78
46
33
20
32
12
38
48
17
103
56
77
35
40
21
102
31
39
40
2
49
29
17
17
4
79
25
7
26
45
30
3
109
16
47
70
7
41
28
51
91
23
29
44
88
57
91
1
66
58
25
6
33
29
27
58
58
71
40
5
7
72
20
43
110
57
69
12
29
44
0
8
62
43
79
14
49
11
126
76
72
127
10
38
61
41
53
49
26
54
25
9
23
6
2
34
109
4
42
63
17
3
43
78
7
68
10
109
24
15
51
82
16
27
5
3
33
10
66
23
18
38
25
70
78
17
38
34
55
9
11
17
56
3
60
27
2
14
64
11
41
5
60
36
122
54
20
50
12
52
26
82
68
40
55
52
16
12
42
49
83
17
32
74
27
15
44
56
4
60
144
26
4
5
8
12
5
24
27
2
115
86
87
8
17
28
16
2
19
3
12
38
64
6
40
39
50
42
15
61
44
20
23
80
20
12
21
50
35
17
27
11
1
7
16
9
45
55
68
5
2
33
24
20
75
6
27
23
104
16
80
96
42
7
45
27
39
2
24
12
1
18
14
87
3
80
84
8
33
53
2
25
12
20
34
97
20
1
40
10
8
29
19
33
9
11
71
55
5
3
38
45
22
3
21
43
57
6
1
46
27
24
49
15
34
47
2
100
17
23
48
24
86
15
25
2
8
6
31
35
15
9
46
30
9
9
13
33
19
9
28
4
44
28
3
31
7
21
1
21
18
46
2
0
10
60
43
33
31
44
19
51
15
7
24
42
38
18
10
17
55
40
21
56
33
13
38
4
58
5
4
6
1
50
7
56
14
20
8
46
26
29
20
1
44
24
27
31
5
50
32
14
66
41
9
47
97
26
8
18
5
0
28
12
5
59
24
37
45
14
38
85
38
84
27
23
4
42
10
19
50
8
37
68
36
21
17
64
28
1
3
78
33
61
30
26
9
41
8
3
11
35
21
26
33
82
26
53
0
22
56
10
33
37
23
10
40
10
32
35
23
26
6
23
50
11
18
49
6
3
5
15
10
10
29
8
57
41
8
1
30
19
3
57
11
13
26
19
25
40
8
17
9
53
29
35
8
23
26
56
8
18
1
54
15
3
42
26
20
14
31
50
14
6
62
12
23
22
30
24
13
63
67
66
8
48
1
28
6
40
101
33
97
23
102
18
65
30
7
68
41
64
28
63
55
34
13
5
77
5
48
20
3
3
49
5
2
17
82
44
35
1
80
34
28
62
31
29
31
19
26
77
81
68
27
9
40
45
15
27
20
6
3
46
73
6
18
65
11
68
26
8
22
40
41
39
31
22
68
52
28
38
59
6
68
29
0
56
50
1
6
44
2
31
51
0
36
6
28
41
26
67
9
1
53
14
56
25
21
57
77
42
5
7
31
62
24
61
41
50
54
22
6
25
23
2
22
2
22
28
4
11
6
3
27
12
32
22
12
40
73
33
39
41
12
45
9
2
89
22
6
54
45
49
8
34
17
55
15
33
26
15
30
52
6
12
14
10
64
46
47
28
7
6
78
17
46
16
18
26
50
41
27
32
47
30
32
12
78
12
8
23
33
10
74
61
14
40
26
11
88
20
40
39
21
48
6
33
35
91
20
5
88
46
4
7
44
21
6
34
16
15
1
60
58
4
13
8
51
9
32
21
19
5
6
10
22
11
31
20
62
31
19
49
0
3
46
56
12
57
7
40
16
65
0
21
43
30
11
26
71
31
24
17
22
44
20
12
39
35
25
10
11
32
79
37
6
28
12
12
16
13
31
1
13
8
67
52
5
39
41
17
8
22
7
7
40
33
23
31
37
32
42
29
52
27
17
20
74
46
28
38
22
22
64
17
8
14
53
46
25
8
19
3
21
9
41
36
6
32
4
10
17
82
20
18
2
43
9
16
29
29
9
20
8
38
30
2
15
22
7
15
42
7
47
36
1
27
49
26
27
33
57
19
39
39
33
10
94
15
30
7
24
2
17
1
37
30
21
7
22
37
7
10
24
39
19
43
9
30
48
23
28
21
6
21
8
59
9
6
38
2
52
66
5
39
11
5
26
28
1
3
2
65
35
91
19
22
28
8
51
15
32
56
65
10
7
51
5
9
32
5
7
41
22
19
14
37
32
25
23
47
75
4
23
19
6
19
34
38
12
28
24
2
14
31
38
6
16
16
52
36
31
34
3
46
11
5
24
39
11
21
18
20
27
25
3
29
41
16
35
6
41
8
19
5
28
25
8
45
59
59
6
21
18
9
19
20
1
14
40
6
25
37
47
51
47
24
43
14
63
44
17
11
51
47
68
5
5
1
36
20
20
7
63
15
20
5
57
9
11
11
69
12
19
19
31
22
9
2
15
2
45
8
67
13
33
21
39
5
66
6
10
1
0
11
23
18
9
11
17
9
36
24
36
54
20
11
4
57
66
8
11
39
6
12
26
22
7
68
4
29
64
1
12
9
34
37
12
18
30
15
2
50
43
8
13
9
17
50
23
10
45
22
68
74
34
32
15
46
41
33
18
33
17
26
24
13
33
51
6
6
3
46
56
53
8
3
54
16
35
23
2
0
6
13
9
4
9
3
4
6
4
11
7
13
40
29
23
15
45
13
3
22
33
6
47
58
2
31
5
44
17
22
55
11
9
20
9
29
11
3
24
25
3
22
2
20
5
13
14
24
20
32
45
25
34
16
4
22
7
19
42
24
12
32
38
15
7
2
11
8
16
4
32
5
18
17
30
8
15
9
73
52
12
8
51
6
34
15
38
1
15
27
45
4
54
1
44
1
25
16
10
6
8
0
9
33
43
20
24
48
1
30
16
18
23
16
16
41
14
11
2
68
6
79
68
11
43
26
26
46
34
10
23
33
7
53
17
3
9
19
15
35
36
19
19
28
39
63
32
18
29
11
9
35
25
16
4
14
2
14
33
49
26
45
7
23
17
59
2
39
12
12
31
47
40
7
30
12
8
19
42
31
10
20
12
12
13
4
36
38
16
16
12
32
6
10
22
53
17
10
13
0
25
8
25
33
6
17
23
1
3
1
41
45
45
17
15
33
1
18
26
5
1
5
3
10
1
5
16
10
19
17
41
12
35
15
14
5
44
31
14
14
33
26
29
11
2
7
29
8
18
22
19
23
3
27
27
29
11
38
5
10
26
20
3
2
6
17
12
15
28
15
33
3
13
20
15
3
16
3
21
17
25
2
17
19
10
35
45
10
9
50
40
44
6
6
13
24
12
19
5
11
24
9
1
1
3
1
15
7
8
15
18
2
6
2
28
18
9
29
48
2
30
20
11
28
20
44
22
5
1
2
24
19
59
1
0
22
9
0
21
21
30
2
27
7
8
29
3
17
20
37
9
3
12
10
16
20
33
15
32
46
19
3
0
18
56
44
8
6
28
27
27
11
8
26
8
10
20
10
25
19
9
26
5
0
6
29
6
17
19
2
41
16
13
5
10
5
8
8
27
14
47
17
16
52
7
22
20
6
32
13
8
6
17
40
45
9
17
7
32
11
12
3
19
4
13
49
14
6
34
7
30
8
7
7
3
22
43
8
13
23
2
13
7
15
11
11
1
7
8
4
35
15
5
10
21
13
17
14
31
27
16
0
40
18
18
13
2
0
19
32
10
1
29
13
5
31
6
23
30
17
18
21
5
14
7
8
17
6
17
25
2
19
9
28
9
9
15
3
5
11
22
21
17
33
5
29
39
27
1
29
3
27
3
5
15
24
13
1
28
27
26
12
5
3
12
7
8
6
4
1
35
21
7
2
3
5
1
23
12
8
7
45
12
15
3
4
44
19
5
7
21
24
12
20
31
11
19
17
3
0
2
1
12
26
8
3
5
19
15
2
50
15
3
16
23
5
9
10
6
12
3
5
19
28
19
3
6
8
16
3
19
16
11
12
19
17
14
9
3
0
23
8
1
6
24
34
4
13
10
1
10
13
33
17
12
3
7
11
15
2
10
13
3
8
4
3
6
2
13
0
6
34
16
3
20
8
24
16
3
30
3
3
0
2
7
2
0
13
7
1
6
8
15
13
3
12
7
3
2
4
10
16
28
11
1
1
4
14
0
11
3
14
8
5
3
18
15
2
5
18
4
11
2
2
4
2
0
9
9
7
18
1
18
7
9
15
12
8
13
5
1
8
7
1
4
4
14
16
10
7
12
1
14
6
8
2
17
3
3
6
4
14
3
4
19
7
10
4
6
0
11
1
9
2
13
2
3
9
5
13
7
1
4
1
5
0
8
4
9
7
14
11
9
21
10
11
10
10
8
4
12
3
2
10
2
0
3
8
9
6
0
4
0
5
13
6
3
4
5
5
6
1
11
1
16
9
1
4
8
0
10
2
2
4
6
6
1
9
0
0
3
5
10
9
2
2
2
3
3
0
5
3
5
1
3
3
0
4
4
1
1
5
3
5
5
5
3
2
4
2
2
1
1
2
0
1
1
6
0
0
0
0
