30
20
51
35
85
32
13
4
4
22
9
16
40
4
36
97
13
103
123
5
70
19
27
18
10
40
100
20
23
23
8
69
47
25
18
16
11
93
72
88
159
5
18
1
43
16
65
41
47
11
21
51
20
130
4
52
40
25
4
97
42
2
108
61
21
50
51
27
108
13
44
32
3
28
32
40
59
2
4
144
36
14
23
7
64
57
6
31
40
101
31
47
80
23
84
9
42
35
108
13
16
117
64
61
27
57
99
15
27
11
18
3
51
11
12
24
83
60
105
96
22
13
51
172
31
57
11
14
25
74
50
39
98
14
9
71
24
71
70
48
55
64
172
99
66
31
80
90
23
52
90
15
21
36
22
19
9
58
36
38
38
78
26
12
128
32
30
112
43
28
92
30
19
29
56
102
28
31
108
35
7
13
4
12
3
0
34
22
44
88
68
16
8
76
63
36
10
78
38
129
19
28
47
162
64
45
61
38
29
46
11
65
89
55
65
12
73
21
57
84
8
39
53
120
103
71
1
7
35
115
17
3
110
6
9
46
11
98
139
23
12
87
55
23
39
86
117
72
98
26
83
64
57
40
19
4
51
100
26
13
11
39
70
60
48
91
33
11
61
64
183
77
163
64
27
15
13
0
61
3
13
105
110
23
93
131
21
13
92
105
127
43
28
18
57
2
125
73
137
58
27
37
61
73
30
31
91
23
28
105
57
6
51
86
9
78
8
93
31
51
171
40
76
103
21
21
48
58
58
41
50
60
13
25
73
65
92
24
49
62
82
82
60
115
61
36
61
43
63
28
122
60
2
14
44
12
10
41
25
41
6
2
43
2
102
25
153
21
27
113
71
41
23
137
43
13
7
85
18
38
13
32
11
8
5
10
84
78
74
5
106
94
138
58
15
130
48
103
34
4
62
69
25
105
50
80
84
33
35
15
88
9
52
7
70
58
7
49
10
47
67
39
2
69
1
36
100
3
15
42
72
7
89
41
3
15
45
2
70
75
88
63
100
96
11
71
100
18
24
116
18
33
37
70
72
68
97
48
13
81
1
72
153
78
17
122
27
18
20
8
4
101
75
42
164
12
42
116
119
43
10
67
4
45
129
35
20
37
46
85
28
50
75
45
52
59
63
4
22
3
10
59
23
23
46
68
50
147
8
8
17
19
52
38
68
20
33
64
45
75
51
102
65
57
57
31
88
63
8
22
141
18
84
105
78
50
60
25
52
28
27
45
35
15
84
17
94
47
106
1
4
36
9
15
29
58
53
22
40
50
16
97
73
68
20
34
12
79
100
23
18
77
98
44
77
62
96
182
30
57
55
67
16
71
64
13
4
124
19
90
117
121
68
19
19
37
51
30
12
18
18
17
62
71
67
70
25
12
9
38
0
52
6
110
71
32
7
40
41
15
46
29
83
65
21
18
127
8
28
38
6
55
42
92
1
12
36
56
85
32
66
48
42
32
16
57
55
46
22
56
67
29
61
31
22
68
86
73
5
107
105
1
105
10
101
83
14
51
27
99
49
96
69
30
111
33
68
12
49
25
91
10
33
34
83
45
81
76
68
29
46
38
53
3
47
13
66
48
36
61
120
18
18
134
43
26
50
52
26
42
16
107
83
142
24
18
35
38
72
93
21
17
101
54
20
14
67
20
55
5
33
39
23
55
65
3
10
102
22
62
26
63
140
21
57
43
111
26
107
15
125
41
72
24
11
91
15
23
31
5
59
69
16
122
45
27
81
46
52
69
63
19
37
28
12
169
37
25
100
8
31
68
25
33
23
107
10
43
5
91
18
19
1
36
27
2
24
48
70
37
25
18
24
66
67
142
20
24
8
117
41
75
31
73
8
30
37
55
15
43
70
53
67
105
24
7
54
14
8
24
24
6
106
35
39
114
22
24
41
40
18
67
7
120
127
51
6
40
22
1
1
54
35
9
39
71
18
5
60
54
16
139
45
23
69
33
85
10
40
42
48
2
38
68
43
38
118
95
118
18
31
72
16
21
2
75
21
13
27
30
26
33
11
47
73
48
54
14
59
63
2
20
11
86
3
15
18
1
80
60
51
1
62
29
51
61
100
57
60
47
29
15
12
42
34
44
55
112
51
6
63
0
75
3
71
66
55
43
42
0
54
66
60
29
90
36
56
65
42
4
42
29
20
1
0
90
33
68
35
99
48
21
63
14
60
49
20
12
73
2
52
7
64
74
118
68
158
64
109
23
2
56
140
41
27
40
120
87
42
93
61
1
98
53
102
76
53
23
35
37
87
42
81
39
23
26
26
41
5
83
47
28
43
59
6
18
48
88
81
20
22
2
37
80
39
52
76
41
58
20
43
36
26
4
83
3
64
53
49
0
76
64
12
75
9
92
32
120
4
10
41
101
34
59
26
40
40
47
5
111
6
96
24
23
73
11
35
2
51
48
5
13
42
164
75
47
102
100
3
35
105
55
29
10
16
31
8
1
41
22
17
31
65
47
25
25
14
72
37
42
23
85
4
24
9
50
9
17
34
34
97
55
73
26
66
27
43
47
54
113
101
9
14
135
2
37
112
38
14
61
17
7
1
83
30
21
2
42
76
31
89
18
49
20
23
1
49
27
30
47
51
49
13
121
33
30
2
44
87
50
93
34
77
126
6
8
19
7
31
52
79
77
55
5
46
47
24
10
111
35
8
10
132
30
21
8
5
23
117
13
88
43
67
62
62
31
21
7
94
18
196
13
49
9
54
23
38
56
50
31
44
50
6
9
36
184
155
22
31
12
75
22
20
12
4
118
21
1
6
2
70
47
75
114
123
70
42
16
30
33
2
15
44
90
31
17
45
50
73
52
7
42
63
1
39
33
46
22
3
7
36
22
131
44
155
93
28
9
0
105
59
2
77
3
49
86
104
29
37
87
10
58
22
59
11
57
26
70
52
43
97
26
20
9
42
28
18
12
115
36
37
30
17
10
70
8
26
104
25
2
80
39
56
26
47
34
0
15
84
20
36
123
98
84
48
108
62
94
26
2
53
82
102
103
68
96
33
11
17
5
26
43
12
33
19
103
19
65
4
2
53
25
18
43
59
28
123
96
30
86
95
37
11
29
37
25
13
38
27
31
59
77
28
64
87
60
5
32
19
26
88
22
83
57
60
73
38
14
11
16
46
47
45
24
76
56
25
12
18
32
16
54
94
8
42
1
10
34
62
86
4
4
89
95
70
26
53
9
3
25
56
43
100
103
42
0
12
86
18
10
55
50
26
9
7
44
14
83
24
87
12
97
56
4
32
26
28
123
22
96
4
12
92
118
31
9
3
4
24
29
59
47
44
47
12
38
36
85
18
49
48
18
3
66
71
87
16
66
11
25
60
25
65
76
122
25
77
6
30
9
58
3
30
34
61
10
20
19
2
51
3
177
7
42
35
4
19
97
15
26
11
67
74
55
42
45
87
27
61
15
46
0
30
66
37
1
57
15
59
37
2
51
30
50
17
21
38
31
21
67
91
39
49
66
21
72
86
70
49
96
65
3
5
18
53
110
113
7
22
31
16
85
1
67
33
99
17
9
65
44
49
11
14
62
5
18
28
33
16
23
13
102
75
2
37
39
13
6
21
108
99
28
6
49
25
5
55
15
65
69
65
28
18
46
43
92
64
66
67
84
22
58
1
15
85
35
21
24
81
3
61
3
22
67
10
19
33
72
71
33
115
11
60
58
4
27
7
3
101
38
45
47
4
23
1
51
51
42
56
1
88
37
37
29
33
130
77
60
16
32
85
75
5
63
4
42
11
45
16
36
10
53
20
119
49
40
45
32
0
3
25
47
105
32
61
28
14
27
18
51
18
40
53
29
70
59
2
13
72
33
44
12
8
2
43
28
43
108
141
7
6
26
58
16
53
39
30
28
16
8
11
32
54
41
53
41
70
6
13
44
16
69
9
54
36
15
80
6
85
61
45
31
84
25
26
78
15
40
36
37
67
38
33
58
38
114
31
5
16
31
48
5
5
8
22
42
55
109
13
63
93
60
41
22
71
60
102
21
21
126
9
16
22
40
90
19
3
38
58
50
55
5
17
1
49
32
49
20
55
113
27
0
92
54
17
136
8
40
50
51
30
23
16
31
23
23
63
7
14
67
90
88
53
26
1
85
47
25
119
16
67
9
38
95
55
40
128
62
54
79
90
43
56
32
14
99
80
37
45
9
21
10
41
20
102
4
20
1
8
7
16
24
33
115
45
60
58
23
45
49
5
53
16
65
17
39
39
6
30
41
54
75
59
23
30
36
41
0
37
13
25
64
116
52
116
31
26
2
139
55
52
16
9
69
31
13
3
18
37
14
59
54
119
37
59
53
49
1
17
47
40
14
3
57
9
57
6
4
86
29
137
93
30
121
103
82
57
3
52
18
112
57
46
44
33
17
7
85
28
58
2
14
27
43
52
9
20
2
81
30
37
110
40
12
41
61
54
4
5
57
21
9
19
27
92
6
19
6
18
37
42
39
7
1
20
155
5
57
18
76
71
24
84
5
2
13
53
36
104
5
24
55
9
43
71
0
35
11
42
37
129
8
42
25
0
29
40
51
62
16
43
53
3
92
54
28
16
76
3
71
34
10
98
59
67
50
38
16
75
61
10
42
18
33
6
18
26
15
13
21
1
6
100
24
29
22
43
12
11
98
44
49
11
50
69
27
43
43
75
27
25
37
28
33
26
27
18
10
15
70
75
8
49
55
50
22
17
23
87
129
51
6
33
33
27
40
38
10
62
17
24
10
65
100
8
36
5
26
70
66
26
63
5
65
11
43
28
37
99
29
78
12
37
26
45
43
14
11
25
6
24
29
59
19
36
49
70
15
4
19
28
35
0
58
15
91
11
120
104
44
16
23
23
77
35
18
38
15
49
41
69
41
18
40
60
59
72
3
79
5
25
0
65
4
13
31
7
24
8
14
118
8
86
51
94
74
58
4
32
39
2
6
53
4
67
75
49
61
17
6
78
45
7
40
5
17
10
6
0
58
31
15
8
48
70
66
33
10
13
73
5
39
1
61
10
1
29
66
59
30
48
18
21
51
24
18
9
23
26
56
68
28
106
49
6
26
47
19
95
59
66
12
39
99
69
17
34
21
95
5
4
19
15
1
91
14
22
59
47
91
1
19
40
32
34
70
61
41
57
4
1
11
28
52
49
39
10
55
40
32
25
21
42
34
8
21
7
61
32
33
32
25
2
8
62
104
22
48
26
24
37
51
39
8
57
42
77
53
21
73
26
8
42
57
20
19
7
9
19
12
7
98
10
44
35
74
4
23
65
4
31
58
50
14
13
43
21
21
41
33
68
11
52
10
53
23
67
11
7
10
33
23
26
53
47
42
31
38
9
130
80
1
23
28
93
25
8
22
9
18
4
2
89
50
24
18
30
39
114
5
42
38
118
76
46
29
10
20
17
45
65
64
82
65
23
32
31
65
37
23
47
27
52
22
23
76
26
11
26
30
17
129
35
20
10
23
1
47
64
5
61
33
81
3
19
6
11
22
8
110
55
24
58
12
68
45
18
18
39
27
6
39
19
68
23
51
10
12
8
25
25
19
13
41
45
45
27
93
46
86
28
61
56
69
35
38
63
9
77
4
96
58
78
18
12
103
5
8
30
68
20
28
28
12
2
41
7
48
126
26
18
29
8
107
43
74
8
31
23
39
35
99
52
48
106
63
26
10
21
37
14
2
25
39
36
39
64
16
80
6
24
28
52
26
23
20
16
9
9
5
113
11
18
22
18
35
28
14
97
71
15
27
65
10
38
26
30
38
36
16
32
44
27
60
71
9
46
59
43
47
12
0
30
33
8
39
40
101
37
10
48
49
31
10
9
12
29
6
10
52
63
42
100
2
22
36
61
30
2
20
16
20
35
16
1
106
2
21
40
86
52
29
46
51
30
14
17
29
54
36
11
33
69
43
28
54
54
42
15
110
62
14
24
10
22
25
25
33
29
62
2
30
33
9
17
11
14
27
13
42
71
50
30
47
4
48
25
32
34
54
27
4
3
45
1
24
96
35
18
43
6
2
82
12
20
36
54
35
56
4
8
24
44
28
24
61
50
30
37
2
75
18
12
0
60
76
1
51
17
15
22
24
36
7
12
56
29
39
1
48
24
64
23
15
46
8
32
14
33
20
39
22
22
12
17
96
15
37
23
16
16
60
20
0
10
42
9
70
11
31
72
35
13
72
40
13
1
27
8
4
40
24
3
19
35
13
50
68
30
4
24
9
30
18
36
2
81
46
68
5
47
27
34
59
73
28
93
87
1
9
57
23
59
79
37
63
12
9
23
17
40
30
21
38
6
66
48
11
5
2
32
45
29
1
29
125
48
21
90
74
41
17
17
33
43
10
71
80
5
23
24
102
35
33
10
25
49
53
1
13
8
65
2
48
51
25
2
8
18
38
58
8
45
16
14
81
84
37
12
10
51
11
72
59
13
13
15
42
3
3
25
9
36
54
17
10
39
3
25
3
22
52
3
38
30
15
26
2
46
24
15
51
72
32
17
67
23
44
2
50
24
67
19
41
39
2
51
1
16
49
9
12
26
33
70
7
30
35
5
45
39
58
58
16
8
23
42
55
55
27
15
14
64
56
5
20
8
62
59
19
34
11
106
25
46
63
58
40
8
28
4
32
17
88
37
8
9
47
88
40
30
44
9
32
58
61
6
51
31
2
23
38
47
28
1
44
47
1
1
28
5
5
47
50
51
25
83
5
14
1
57
30
24
43
17
3
18
20
21
37
7
40
75
39
41
71
80
27
20
32
15
40
46
58
6
40
35
53
32
49
7
88
22
46
27
16
6
31
3
14
8
46
8
22
22
5
46
51
26
23
14
12
7
86
50
75
43
4
30
9
23
70
29
4
9
1
57
73
57
44
12
27
38
21
8
6
23
63
3
63
41
34
24
43
38
53
56
16
15
4
70
21
13
8
18
46
63
65
45
31
60
39
7
26
27
15
52
10
12
9
9
17
28
44
65
1
33
9
86
30
24
45
20
13
24
3
12
18
30
25
40
49
55
6
36
26
25
70
1
51
25
70
21
16
37
8
14
3
15
34
15
9
31
33
82
7
45
9
35
15
13
30
33
17
0
41
15
2
14
15
55
46
39
45
125
9
13
28
35
20
44
3
29
38
7
51
14
60
17
19
0
44
6
5
3
1
41
41
23
39
6
22
20
48
36
23
24
40
54
112
29
100
30
52
19
21
67
2
8
26
12
25
54
14
22
13
38
35
76
28
24
67
27
24
25
4
89
61
24
7
9
69
7
40
15
16
51
6
4
18
36
56
36
15
92
70
14
12
32
32
15
38
20
43
49
9
16
37
4
35
1
35
49
18
19
48
3
38
13
42
10
4
35
11
36
9
28
6
1
15
43
13
15
10
53
11
0
47
7
33
67
40
22
1
12
15
46
23
64
53
25
11
66
50
26
20
22
74
17
20
31
11
25
55
51
11
14
37
20
20
54
19
6
12
21
33
0
12
18
21
28
41
19
15
25
4
20
54
26
44
12
14
6
6
3
26
12
23
65
11
8
8
32
56
22
10
1
13
41
16
13
6
55
17
40
6
0
6
18
18
56
8
39
41
27
65
55
11
34
57
9
12
17
5
102
13
41
49
19
13
4
5
45
30
13
18
21
63
61
49
3
28
12
8
2
19
26
7
8
30
20
19
59
10
33
30
54
16
9
29
13
31
40
2
5
21
64
14
13
7
20
27
34
4
14
7
18
16
38
18
28
6
11
5
34
34
38
2
25
37
16
5
9
8
24
2
6
24
56
5
7
27
18
6
27
10
27
32
37
50
42
17
14
9
16
10
8
3
12
74
20
59
21
0
33
32
15
25
8
63
2
2
81
54
8
12
33
16
23
25
18
55
27
20
27
17
9
13
16
14
12
32
18
48
18
14
4
8
7
26
14
7
6
4
16
43
0
23
41
47
51
28
53
47
49
26
9
51
5
9
6
33
70
33
13
24
24
31
46
28
21
10
53
60
12
14
3
18
23
33
2
21
5
3
29
13
32
52
13
6
21
40
13
37
43
35
11
26
41
30
58
49
19
19
7
22
3
9
30
11
26
2
47
6
14
23
22
26
8
0
50
8
23
44
3
10
11
33
54
5
2
8
28
62
16
13
15
39
37
75
18
1
3
85
1
7
2
61
13
43
26
54
69
27
17
21
7
1
41
5
3
41
58
9
11
24
0
10
49
27
10
10
2
12
53
10
2
30
72
6
48
12
0
36
29
17
38
12
12
3
2
15
1
17
25
11
19
10
36
2
15
31
12
15
5
34
5
15
4
21
24
38
33
30
2
11
19
71
23
16
28
32
37
19
44
41
6
4
29
39
37
0
24
4
9
3
2
3
42
6
7
24
58
32
14
73
52
5
44
3
52
4
16
48
58
42
13
1
32
56
9
22
18
1
21
2
39
14
9
30
6
3
15
2
27
21
15
40
26
17
32
29
12
12
12
12
13
5
2
6
21
2
4
1
26
7
35
3
20
22
6
10
49
14
2
6
10
28
27
29
3
15
42
10
30
52
18
5
1
5
3
8
19
2
64
11
18
102
44
32
4
11
5
1
41
42
19
36
27
28
12
12
18
25
4
41
0
10
15
38
1
42
1
17
4
7
9
50
34
21
60
31
10
4
9
6
24
28
1
12
9
10
16
9
28
36
33
15
21
29
4
18
24
20
14
34
25
8
44
7
36
46
36
15
15
42
38
3
15
14
42
4
18
12
3
25
7
14
34
13
33
15
15
4
20
1
17
32
12
34
3
15
18
53
58
13
14
11
60
13
14
7
11
8
42
44
32
9
26
7
1
13
7
16
17
37
16
29
2
29
7
3
28
43
9
8
19
9
69
3
1
8
11
17
19
2
14
30
25
13
5
40
12
18
2
25
18
35
28
19
35
40
41
19
10
34
2
18
8
2
11
37
5
22
15
10
11
14
12
4
16
15
18
1
10
32
36
15
17
17
20
1
36
50
9
26
17
28
16
5
17
29
2
15
12
28
45
50
1
11
22
14
15
18
4
26
23
15
20
5
9
46
13
34
15
29
36
22
8
26
7
15
6
21
9
10
7
24
14
14
3
16
27
28
45
16
20
13
38
30
11
7
5
2
39
10
18
52
10
4
20
12
5
4
16
1
30
3
10
13
36
21
4
7
4
53
10
4
3
6
2
7
0
24
42
14
14
3
7
15
7
9
1
10
12
4
1
17
19
25
5
4
37
2
14
13
22
5
46
1
10
17
29
26
4
1
18
16
22
13
42
14
4
24
12
12
12
12
51
16
5
0
15
18
12
37
23
18
28
27
2
22
3
0
17
5
9
24
27
34
39
7
38
8
11
2
13
9
5
7
31
15
32
8
13
22
6
3
19
2
26
11
12
11
26
7
20
31
1
1
9
24
12
17
10
3
8
14
5
6
9
19
17
10
11
12
25
34
3
7
9
1
17
12
5
15
20
11
5
3
1
15
14
11
3
21
40
3
21
0
28
4
18
18
16
33
4
9
8
13
7
20
2
11
32
0
7
9
30
6
13
32
5
5
12
7
19
3
9
11
5
14
3
4
29
4
2
13
12
17
8
6
10
13
21
4
9
2
22
9
7
9
13
1
1
12
18
26
14
5
9
7
13
3
15
3
6
15
9
12
9
2
13
7
5
5
8
20
20
8
18
4
4
8
15
10
5
8
1
5
4
4
15
17
14
12
0
7
3
19
0
13
6
6
2
15
13
8
3
17
0
8
6
2
0
6
11
5
7
5
4
20
9
9
4
5
7
5
3
4
7
11
7
1
2
9
7
17
1
8
23
3
6
8
1
5
9
24
4
6
1
5
2
2
7
24
3
1
6
0
3
1
10
2
2
11
3
7
16
1
1
13
1
6
12
1
1
7
1
5
14
2
3
2
5
13
8
7
5
2
1
6
4
11
9
5
3
1
6
4
10
7
7
2
12
3
7
0
2
4
0
4
0
8
6
4
4
1
2
6
1
4
1
9
2
1
2
0
1
1
