45
27
31
23
38
35
3
6
82
29
12
9
73
2
14
10
46
13
94
8
5
19
16
112
46
26
126
98
16
3
20
26
25
53
3
36
69
65
29
101
37
40
8
14
30
3
3
24
35
14
88
27
23
54
29
40
4
49
3
58
7
62
52
2
60
76
8
53
32
14
126
28
43
52
43
47
32
42
31
40
1
131
64
67
36
96
6
93
21
37
75
19
90
41
75
22
32
19
20
38
41
33
5
33
66
44
2
53
14
34
12
66
16
49
119
74
63
6
70
50
40
73
75
4
35
47
60
19
46
73
14
16
190
87
55
84
15
101
57
25
84
27
50
10
13
129
33
101
29
69
50
22
24
1
72
16
11
43
0
83
100
32
59
46
121
10
73
7
141
16
13
29
155
84
39
3
86
16
102
45
1
27
19
96
59
52
72
63
17
55
102
65
96
28
83
76
40
12
7
21
119
91
70
19
94
29
72
8
109
37
59
63
23
13
108
54
64
48
88
3
54
9
121
8
133
2
56
2
30
182
146
20
15
64
59
49
192
69
41
56
64
66
168
72
12
87
17
84
2
21
1
8
123
47
51
15
1
39
134
49
6
23
124
36
50
50
2
26
65
16
66
33
44
91
7
88
86
72
10
4
27
24
59
79
11
46
11
41
36
15
191
63
16
26
3
131
12
5
131
58
11
26
129
49
3
15
6
95
64
48
57
109
39
114
1
68
47
44
23
21
26
18
28
88
2
9
20
39
12
63
108
42
21
5
61
12
9
80
8
25
91
44
20
86
34
1
56
57
113
164
143
39
33
60
38
18
35
71
133
6
18
63
17
109
33
69
81
17
0
2
16
15
24
42
15
83
63
124
10
143
135
42
48
105
99
40
113
103
116
53
8
32
34
82
76
42
1
42
54
75
77
8
155
74
79
113
25
31
17
80
11
18
93
74
94
55
17
43
52
47
20
39
24
20
9
49
46
27
15
80
64
37
58
20
67
65
101
25
32
17
24
99
30
68
55
77
5
6
30
42
163
28
17
63
56
0
6
37
81
33
16
60
61
28
27
57
93
80
91
28
44
149
110
22
0
142
45
29
15
8
0
9
4
46
44
90
47
88
73
81
14
85
87
48
125
31
153
14
39
63
58
36
127
75
108
66
21
88
28
23
181
43
19
21
24
31
49
61
18
23
42
72
40
72
43
30
86
2
21
107
3
54
13
114
77
25
1
3
16
58
10
47
12
134
61
12
82
68
46
117
1
35
79
49
42
141
57
5
52
24
57
14
37
30
26
91
119
65
48
31
3
57
44
36
15
52
38
15
25
55
112
37
84
76
41
56
1
12
10
48
21
46
50
69
16
102
22
35
32
77
37
25
108
35
21
39
58
37
43
53
93
2
35
29
83
100
70
16
49
21
40
2
49
111
34
29
35
53
83
43
127
37
54
10
18
97
36
6
17
13
16
116
36
5
73
125
4
1
36
19
7
49
76
29
1
83
8
42
38
94
53
80
98
84
96
16
14
96
71
24
39
10
48
20
70
36
46
25
70
40
3
21
131
93
11
47
66
19
13
37
128
17
59
76
28
8
84
35
44
59
65
44
13
40
40
14
12
57
21
9
85
32
1
60
9
16
47
118
30
74
33
17
27
11
23
21
71
29
39
21
127
83
16
74
112
93
2
44
63
120
19
63
46
73
77
55
4
23
32
9
59
43
21
2
53
89
91
27
77
0
33
31
17
18
22
40
140
13
22
32
62
46
17
26
38
14
14
39
23
36
23
53
16
34
47
68
72
31
20
49
40
9
79
19
10
54
15
16
65
13
85
22
25
78
66
98
4
102
21
11
65
99
49
68
53
24
60
41
54
54
48
25
23
116
33
29
11
15
45
108
27
42
123
1
19
26
19
8
120
90
19
59
36
45
69
46
129
4
77
47
72
26
33
30
86
22
0
60
47
5
83
146
62
103
14
13
32
24
48
8
23
30
119
55
34
140
147
58
1
30
62
49
29
91
40
61
41
46
0
40
24
5
57
71
40
70
6
13
33
91
32
65
22
47
52
35
125
20
4
6
24
9
52
16
10
52
86
25
36
141
135
93
96
3
23
30
20
19
35
31
42
103
48
35
45
38
42
44
81
8
38
28
104
5
44
52
84
48
4
59
63
87
83
85
8
3
31
4
7
25
42
98
71
15
6
14
118
6
30
70
100
12
15
119
76
61
80
1
82
67
44
131
11
114
8
40
61
40
11
76
16
85
85
119
119
16
42
54
43
76
36
98
30
68
83
4
9
14
7
73
59
7
66
19
14
70
10
13
33
26
16
54
41
20
79
24
95
31
39
19
77
70
2
89
29
12
121
96
14
32
58
24
1
78
31
0
36
128
13
118
125
69
59
41
133
59
34
21
16
49
105
53
23
77
9
26
37
14
2
8
2
76
10
67
75
12
41
37
18
28
91
37
7
96
12
107
127
20
69
51
12
9
13
20
118
53
35
39
57
141
72
8
103
86
13
85
22
27
69
14
31
87
22
19
27
29
6
13
93
50
56
64
17
67
36
9
37
6
14
65
26
19
116
62
4
119
99
15
9
12
16
87
44
8
4
13
12
50
20
54
85
23
99
7
71
24
26
7
2
0
34
21
118
78
8
52
1
59
17
84
82
127
35
30
32
69
6
21
80
60
16
98
83
38
63
32
64
5
34
38
11
32
102
58
98
20
8
4
95
128
8
29
82
26
31
17
15
68
124
100
10
10
50
69
12
49
17
80
93
26
37
46
68
108
75
102
14
1
19
49
1
17
5
83
25
9
42
34
4
55
29
20
4
65
40
32
85
9
16
46
40
2
84
19
73
84
12
18
25
100
40
65
8
29
28
80
16
93
22
4
8
30
48
37
91
48
13
1
20
35
60
63
4
45
79
19
26
19
34
64
56
3
7
4
41
90
22
57
76
52
9
35
3
84
13
67
19
49
119
93
51
1
79
44
36
7
25
38
12
42
65
0
11
3
52
61
10
59
85
75
15
47
1
58
54
55
2
85
57
66
41
85
35
5
119
25
75
2
66
62
59
91
56
51
99
50
43
39
107
72
36
66
74
10
20
3
26
74
21
11
23
31
31
54
4
0
19
6
20
31
11
12
34
40
121
22
98
91
1
14
72
1
33
31
23
42
8
100
48
47
101
37
36
9
26
28
61
42
10
35
77
2
114
37
14
16
74
99
17
26
117
63
12
8
148
22
74
46
27
6
84
123
48
38
11
16
64
33
41
72
45
57
115
9
92
29
13
29
66
41
4
114
73
21
12
26
33
128
41
21
114
28
36
15
102
53
3
42
34
73
76
71
21
9
3
21
36
28
53
24
51
53
49
77
26
20
97
30
27
29
31
48
51
19
1
58
32
78
15
43
51
31
34
4
41
120
63
19
24
3
19
9
23
13
19
16
25
45
24
47
62
7
39
95
47
46
38
67
0
18
84
20
65
47
34
4
14
26
77
22
109
89
35
51
69
50
44
108
0
129
20
43
77
83
8
60
71
27
50
18
28
86
22
57
24
143
45
56
49
82
92
48
54
29
22
3
16
73
55
70
83
81
57
103
35
81
8
26
82
62
25
16
6
38
42
8
17
73
47
0
20
48
65
21
11
51
27
15
17
71
18
1
70
3
29
23
7
33
51
32
15
0
33
4
20
59
48
21
7
12
74
95
25
60
43
5
60
15
22
2
36
60
60
90
154
48
71
31
27
9
117
95
117
30
36
83
16
99
21
13
11
39
65
24
46
49
3
65
68
9
31
112
66
56
6
84
44
24
10
75
49
10
115
15
11
14
87
20
27
14
47
2
35
41
30
46
42
99
49
33
68
4
152
25
17
37
105
37
11
3
14
1
1
36
49
73
13
32
25
56
16
25
2
47
36
28
34
72
21
36
79
57
105
21
1
101
55
13
13
52
34
11
79
34
49
20
11
53
64
33
31
28
15
124
116
87
51
15
6
12
43
35
38
41
6
11
2
54
67
139
8
27
6
20
25
29
34
11
7
64
54
18
45
27
66
126
81
24
49
31
5
1
14
63
0
58
5
95
31
53
9
85
71
55
25
20
36
3
21
1
55
66
72
36
30
45
62
41
4
36
67
33
9
150
11
33
95
9
33
40
6
26
9
100
63
94
52
48
6
73
23
25
9
28
1
37
67
34
101
35
2
90
65
2
74
41
7
41
84
37
24
11
29
48
2
69
2
94
34
71
20
28
8
3
36
25
42
15
2
35
78
17
8
43
66
61
46
40
74
14
7
52
13
93
66
72
19
38
65
81
43
1
12
44
15
60
65
56
7
49
64
53
78
8
88
96
69
4
5
57
79
27
27
93
28
39
107
81
41
39
67
10
13
26
4
31
79
50
92
99
33
47
61
62
10
12
61
10
61
4
44
86
36
32
53
20
3
171
38
23
24
58
6
39
42
45
27
39
30
50
45
8
41
49
23
77
47
78
5
119
75
45
77
5
8
92
39
15
23
43
9
29
2
7
39
85
88
12
39
88
80
65
0
26
41
55
50
37
50
14
28
51
35
84
25
14
35
102
72
31
38
15
56
24
27
0
37
3
12
81
9
4
30
35
21
39
9
31
24
86
48
98
14
2
27
3
15
56
30
45
10
41
59
41
52
21
75
47
114
13
1
152
37
10
6
21
68
65
4
6
49
17
56
2
25
32
55
43
60
7
5
33
0
22
72
31
32
51
83
28
9
32
16
14
27
51
28
73
62
34
44
18
37
1
8
43
54
13
27
40
31
2
70
18
23
14
3
41
15
5
27
64
25
65
28
43
17
24
2
17
74
74
47
12
47
7
4
33
3
17
10
16
15
33
34
2
122
56
95
49
61
36
17
33
4
16
30
3
26
129
7
73
11
28
52
12
15
90
32
42
7
70
10
37
9
16
65
24
97
68
10
27
5
17
10
10
122
22
0
17
25
11
50
21
13
37
32
19
9
45
29
2
35
66
47
6
19
3
44
40
25
25
92
11
88
66
31
6
102
25
20
55
23
8
50
8
46
8
30
36
69
35
64
31
79
18
22
42
46
4
13
2
22
91
28
60
25
25
40
1
160
16
21
27
36
82
10
48
69
29
5
40
47
56
65
2
15
146
35
57
57
33
10
19
27
48
14
15
81
14
46
2
17
20
29
28
55
38
8
29
29
16
19
2
23
74
49
80
47
19
63
32
32
26
25
85
40
44
80
9
61
64
62
37
1
57
0
26
67
63
28
23
33
9
4
6
73
29
4
19
141
70
45
36
21
35
120
59
2
21
19
26
4
50
66
60
24
35
5
65
76
65
62
200
20
96
21
18
69
65
31
41
22
63
49
47
89
8
21
18
38
79
4
19
21
11
27
11
64
7
38
29
7
47
46
6
56
47
7
45
26
79
36
30
54
111
13
35
118
19
6
31
4
61
43
40
18
19
102
4
16
16
21
40
48
2
21
49
3
16
11
14
34
1
61
87
13
27
55
24
44
26
29
17
19
77
11
47
27
5
31
59
50
27
15
14
42
7
13
15
46
17
74
39
34
31
20
100
65
7
3
22
13
75
26
19
11
20
68
12
25
50
22
13
24
24
57
34
36
34
78
69
60
16
28
37
46
15
22
0
32
73
96
23
10
2
32
21
16
0
27
51
5
23
39
69
65
65
96
13
113
10
37
36
18
46
3
51
30
28
13
12
50
8
19
20
39
17
59
74
52
5
28
73
17
4
57
13
21
68
31
14
32
37
83
26
87
7
52
59
9
43
5
89
24
10
13
41
7
66
25
4
49
23
2
62
32
89
9
23
14
46
3
53
37
58
5
17
15
22
11
2
39
14
57
74
48
30
5
33
18
2
54
64
27
19
26
17
80
59
114
15
11
36
20
74
44
54
18
74
84
17
10
67
36
2
29
44
5
1
34
6
43
49
1
29
14
24
36
53
52
18
76
7
5
18
2
76
6
19
81
21
1
28
4
10
1
5
22
54
74
72
39
22
35
45
12
58
30
41
51
14
30
21
76
8
6
1
59
29
48
15
30
22
15
6
68
9
29
2
5
34
46
46
47
41
31
43
59
52
16
90
34
4
1
16
18
54
0
3
43
25
44
57
50
31
59
77
24
28
21
14
107
35
40
64
43
24
38
40
30
12
46
42
29
25
16
0
93
24
63
68
65
53
12
39
3
11
25
52
79
52
91
49
5
22
45
10
25
34
34
16
113
37
71
47
1
37
59
13
56
43
9
73
35
13
84
39
47
18
36
38
28
38
40
58
59
30
83
8
14
78
1
30
65
16
24
2
24
37
32
21
54
54
10
53
75
64
60
26
55
43
22
75
13
26
26
95
96
23
31
27
61
52
6
5
3
28
49
2
62
24
46
26
19
7
26
57
46
33
36
15
22
52
10
60
5
20
25
37
63
71
37
20
43
17
14
13
10
20
23
72
69
54
15
1
61
27
14
7
46
26
12
40
5
40
63
15
80
56
76
25
21
77
6
47
38
27
25
7
81
9
16
36
3
23
62
45
5
9
23
1
13
64
6
31
48
57
42
1
5
17
32
30
21
27
10
29
110
23
31
17
75
25
8
60
42
70
8
16
19
72
53
97
5
16
6
36
2
40
9
14
23
17
80
65
9
29
36
13
7
26
4
33
45
2
22
16
73
27
13
2
75
55
85
4
12
73
36
48
17
19
53
7
67
37
86
2
28
17
44
10
8
40
20
33
15
20
5
31
21
66
3
1
12
14
30
59
77
72
53
42
27
32
48
12
10
41
14
10
28
43
7
41
70
8
75
51
4
40
1
0
52
12
93
8
55
36
36
1
52
15
44
1
21
10
53
13
29
49
20
55
65
3
18
56
26
4
17
40
1
14
7
21
7
38
77
59
3
10
53
25
2
61
22
35
51
40
24
5
9
18
60
34
9
67
18
42
34
13
27
79
17
0
4
9
39
87
7
65
24
13
23
20
9
24
118
11
5
7
10
20
14
33
47
18
85
52
53
79
1
53
28
8
23
39
20
14
80
26
12
3
16
25
47
3
42
31
35
14
28
27
91
19
11
54
11
63
36
7
6
37
76
12
66
5
18
25
51
68
37
12
10
43
5
61
38
56
20
39
32
12
31
23
5
15
39
65
15
27
54
45
63
20
7
46
37
12
12
6
53
14
26
36
31
41
9
41
13
12
42
39
27
14
18
19
2
13
68
8
59
41
67
33
22
24
60
41
35
28
11
69
28
23
13
35
7
16
76
38
16
73
3
52
91
1
3
14
1
17
27
4
33
69
12
27
24
80
26
35
44
8
36
29
8
40
5
44
27
11
5
36
32
70
23
4
13
77
14
36
65
73
15
11
36
46
40
3
29
35
8
32
27
75
3
18
23
19
63
7
78
10
9
15
17
54
14
28
36
13
15
22
0
96
13
65
85
23
44
9
10
16
42
45
21
16
37
5
26
13
3
60
23
52
2
1
35
49
24
9
41
20
34
45
52
21
23
22
49
0
92
34
1
12
12
43
16
11
20
29
77
22
14
10
19
53
9
20
92
9
29
11
16
54
49
5
9
19
3
24
30
4
11
11
5
39
24
14
59
27
3
32
19
52
8
19
4
23
9
10
16
49
47
3
2
23
11
47
51
17
90
4
58
14
19
24
60
22
39
28
32
13
17
14
25
54
15
19
15
51
64
22
40
21
4
4
42
27
9
28
20
37
40
31
14
3
21
9
26
38
1
20
31
7
23
64
49
16
14
27
28
14
4
28
39
76
8
2
9
1
25
10
13
21
38
13
41
35
11
18
19
27
32
93
5
7
23
18
4
70
20
51
10
17
21
42
13
25
45
27
40
8
47
5
47
38
56
4
9
16
15
50
16
0
6
21
26
22
27
60
6
3
46
7
16
2
5
8
37
28
3
88
8
45
12
19
2
12
9
20
34
31
36
9
27
12
20
35
8
42
32
47
7
21
47
11
27
36
25
21
34
58
30
33
10
43
10
43
15
21
15
13
99
13
15
23
1
49
1
10
23
33
23
4
47
12
19
37
15
25
32
7
7
1
47
25
54
17
13
46
37
20
16
46
5
11
31
10
4
35
10
12
14
14
15
3
72
10
30
13
4
17
20
47
11
8
28
34
11
9
9
36
39
24
19
23
33
9
37
5
2
55
4
8
51
28
21
7
11
27
6
8
13
18
24
19
29
11
92
3
41
16
7
36
14
29
39
24
24
3
38
1
47
7
5
9
10
29
18
16
54
51
46
0
26
38
34
5
14
3
34
4
17
58
9
33
5
12
9
20
53
79
21
21
4
8
9
2
41
8
5
5
8
7
28
22
36
53
85
1
30
42
6
70
17
3
30
38
7
4
37
27
18
3
5
37
24
12
11
12
32
14
42
5
18
14
38
31
16
38
14
3
21
0
10
13
17
34
31
20
11
0
19
6
8
9
34
16
47
12
16
33
1
3
16
28
32
37
19
33
20
23
17
26
39
8
42
25
26
21
23
3
6
13
19
10
43
14
33
7
34
6
6
11
16
20
24
31
21
27
44
9
35
22
3
34
64
4
10
4
35
29
15
4
35
23
34
15
10
13
5
18
31
18
3
11
6
21
5
17
13
11
13
48
1
2
31
21
8
17
24
29
9
27
10
18
42
53
25
15
7
12
21
12
19
8
4
5
1
4
38
8
26
2
18
27
58
5
7
9
4
6
73
14
48
12
19
60
34
11
24
33
14
14
4
17
2
43
1
20
14
31
19
1
20
3
0
36
7
6
7
12
16
32
5
45
20
3
0
12
27
10
33
10
8
62
16
1
36
7
36
14
5
13
4
5
30
42
21
4
12
0
8
41
2
3
13
36
2
16
13
28
23
12
22
2
5
18
15
29
31
57
5
14
10
40
10
30
16
1
35
9
0
26
32
22
32
46
1
21
9
9
7
29
33
29
8
21
19
9
9
1
5
4
56
17
9
27
19
16
1
6
7
21
6
5
40
3
21
16
51
25
15
14
40
13
10
4
10
16
0
18
1
15
7
14
41
18
4
5
0
1
13
61
32
10
14
11
26
2
22
10
11
16
1
12
13
5
52
10
14
11
24
16
1
45
18
11
7
26
24
45
6
5
17
2
17
39
24
21
3
29
8
14
23
0
5
32
9
9
8
9
15
5
25
25
14
4
6
12
13
11
6
0
2
11
16
8
9
4
26
2
21
30
19
20
30
11
17
13
6
41
43
0
4
34
8
14
7
2
41
43
31
25
2
1
14
14
9
13
9
26
4
12
7
31
6
33
30
7
8
28
4
11
37
17
5
44
23
4
4
4
9
39
4
11
19
28
38
20
23
26
47
33
29
12
32
17
5
7
44
28
20
10
9
19
2
17
18
7
10
22
29
6
15
18
16
34
3
8
6
7
25
7
7
11
11
15
9
2
1
15
33
19
21
1
2
19
12
0
5
0
17
3
1
33
42
37
1
35
37
2
6
6
7
0
8
14
16
31
12
18
7
6
19
11
10
8
15
29
7
8
18
11
4
18
10
14
14
9
9
28
14
2
17
5
14
27
26
6
0
5
10
19
10
8
5
5
17
9
27
6
3
7
1
13
3
13
5
12
9
30
3
7
2
11
0
7
1
26
18
27
11
5
8
15
8
29
10
2
3
9
8
10
9
6
3
0
10
22
2
2
4
1
8
24
18
17
1
16
1
15
17
6
1
1
15
1
8
2
9
22
0
10
6
7
12
2
13
6
7
21
10
10
1
15
10
11
12
6
6
5
16
27
17
10
2
8
20
7
10
12
15
2
19
3
3
0
20
10
2
7
1
1
8
11
16
4
3
18
4
24
12
14
15
6
10
2
12
1
4
11
2
28
4
7
1
16
5
1
11
8
15
12
2
1
5
8
1
5
1
5
1
4
9
3
3
2
4
11
3
11
2
3
1
5
14
1
1
4
8
1
1
1
5
8
1
1
4
5
6
2
10
6
3
5
1
7
9
1
8
2
1
6
3
1
5
2
1
1
2
5
2
0
0
6
3
1
2
3
3
6
4
0
3
0
2
1
0
0
