81
2
18
127
2
23
18
5
72
12
9
29
13
41
65
28
66
9
44
18
43
56
11
18
9
32
12
7
5
10
96
13
2
8
3
35
0
35
11
23
24
18
38
56
41
164
49
45
39
62
38
29
34
12
22
83
9
65
8
59
23
56
2
10
4
33
74
60
103
89
76
34
55
112
26
67
11
66
15
7
34
40
15
91
13
107
24
7
35
63
113
58
94
36
26
66
16
5
7
28
65
59
23
28
0
16
79
11
24
10
24
131
34
40
18
54
79
117
84
129
28
76
67
29
26
94
55
117
78
14
81
98
25
35
120
64
61
81
15
43
7
38
2
2
46
71
13
91
87
12
50
22
4
25
53
32
37
144
52
35
5
122
26
54
25
113
58
13
77
104
8
76
74
127
91
6
107
119
44
22
73
65
34
38
29
113
65
23
25
29
33
34
82
20
36
48
145
31
77
27
31
45
23
7
85
80
94
18
10
4
52
28
122
62
14
37
25
82
46
4
36
50
52
17
25
21
67
30
4
34
22
39
57
56
88
26
106
61
6
11
7
96
105
110
37
61
22
48
42
22
29
39
8
117
49
103
25
39
41
23
124
6
52
72
16
19
30
10
50
32
60
36
78
15
95
49
3
46
65
8
139
27
25
16
27
8
119
11
46
63
177
101
157
110
22
61
4
4
21
96
12
130
3
80
50
58
49
93
36
55
30
82
28
7
23
52
11
15
30
111
31
24
22
105
122
57
5
68
11
20
46
16
82
45
56
42
3
183
25
25
96
15
32
2
26
12
90
57
44
11
44
73
52
16
100
19
9
63
23
26
78
65
5
70
34
35
37
167
80
7
104
16
11
42
28
46
50
92
114
33
55
39
70
82
28
116
124
39
60
26
11
38
56
20
17
42
36
95
178
54
71
74
22
15
118
63
7
20
133
13
21
5
11
27
3
128
81
51
162
65
52
35
68
33
77
32
13
7
25
1
65
44
19
24
67
79
133
5
13
80
15
89
5
57
36
79
32
41
76
115
28
36
18
9
9
51
12
34
50
88
38
70
145
3
165
24
108
94
17
95
90
49
75
49
56
122
89
3
36
22
21
5
6
134
10
6
16
12
30
37
89
84
98
29
28
2
161
80
9
86
13
2
35
28
26
130
96
120
13
24
69
33
96
36
69
33
75
112
35
58
38
46
10
19
174
3
10
32
68
75
53
31
56
14
58
21
68
7
16
123
35
69
31
25
4
81
72
104
95
4
127
116
56
17
63
51
83
25
31
43
144
2
25
17
94
69
27
54
47
44
15
66
43
37
24
58
2
39
3
56
6
8
102
97
62
76
136
19
107
29
45
2
109
47
4
77
30
3
34
77
39
60
17
31
15
90
70
36
56
74
61
19
72
101
37
58
85
66
15
4
133
7
21
14
25
83
7
25
19
26
19
15
25
46
106
7
2
36
26
8
20
44
52
132
129
53
34
47
61
47
8
24
29
33
9
81
63
52
45
34
86
97
13
68
66
11
29
2
24
43
17
92
67
15
84
39
136
12
11
39
2
61
0
61
71
48
17
38
17
116
10
115
42
128
24
50
115
29
31
61
3
45
155
4
34
76
41
83
49
54
17
9
53
21
18
28
69
26
19
108
8
0
5
85
41
2
63
1
87
74
19
28
6
78
101
25
104
7
24
25
25
86
8
95
44
27
30
43
56
12
0
61
46
133
12
39
21
49
10
47
86
9
178
196
15
50
24
65
19
15
29
49
6
94
6
38
93
101
60
136
37
5
2
52
37
16
56
37
14
76
20
67
67
55
4
3
23
39
137
17
66
17
16
42
47
18
23
66
142
152
31
55
11
45
4
98
13
1
23
57
25
44
3
80
131
74
36
34
43
8
42
103
43
3
17
26
52
41
18
138
38
25
16
14
16
110
8
54
85
21
18
146
38
10
50
33
40
27
26
46
1
44
21
24
57
121
78
10
123
37
27
37
73
29
7
104
109
77
7
45
46
10
8
92
38
46
40
24
134
29
35
73
36
53
44
75
13
26
68
84
109
57
38
29
49
74
17
58
88
63
20
73
29
12
61
3
21
10
37
41
27
42
89
26
14
23
7
12
76
53
84
16
52
57
18
53
95
17
9
74
3
49
15
18
50
35
29
33
64
128
24
20
11
62
31
43
56
160
61
1
19
65
49
99
117
91
68
15
31
33
30
7
32
6
59
17
15
70
34
58
64
8
51
24
48
40
61
53
89
2
58
99
64
25
94
28
75
6
33
6
29
5
33
65
9
11
14
40
96
9
29
83
5
17
35
35
74
25
54
104
21
29
15
99
45
69
25
19
10
35
104
5
44
82
120
42
28
113
97
50
5
34
53
0
103
70
2
66
6
39
8
40
65
71
22
7
59
69
104
2
32
43
1
38
65
52
47
16
13
10
120
31
110
49
47
8
10
21
138
1
86
16
9
16
39
21
1
28
9
44
1
11
79
3
84
87
120
63
59
90
1
1
105
29
16
48
23
62
11
4
6
3
29
74
54
18
84
47
8
66
1
56
18
5
98
30
60
18
135
47
63
70
5
1
40
26
31
85
6
63
29
21
63
56
31
67
39
81
33
3
11
53
21
11
36
63
46
76
137
30
16
98
27
79
28
50
17
55
62
85
73
39
52
80
40
8
80
14
17
36
26
89
23
45
170
27
56
69
29
86
76
10
55
19
24
30
14
82
18
20
12
22
60
39
6
72
22
27
70
29
50
8
56
20
30
19
37
65
8
18
47
26
72
6
81
15
101
35
13
87
79
122
84
55
17
36
23
85
111
50
43
149
21
8
30
77
74
8
63
85
2
6
16
44
108
74
20
60
32
97
32
21
54
150
5
20
20
1
53
34
8
70
63
9
60
4
45
83
87
94
19
55
30
35
57
12
75
32
12
34
40
26
32
70
43
119
14
38
3
33
15
24
30
54
27
38
36
23
18
0
8
25
25
18
33
28
41
97
105
20
54
15
97
4
38
55
6
106
18
27
34
19
52
101
78
21
69
70
6
1
17
17
56
40
48
80
15
32
53
45
92
53
68
55
40
42
8
44
47
67
77
52
15
12
83
18
87
4
23
42
66
28
81
44
8
24
52
71
15
46
51
14
34
76
40
82
49
1
58
22
12
83
93
69
5
5
72
21
56
34
51
46
48
138
19
20
3
29
55
29
42
118
84
44
65
36
49
1
59
49
61
20
84
4
64
58
74
28
17
91
85
45
11
42
71
54
80
5
0
21
57
8
45
51
66
71
18
43
28
101
11
22
20
57
26
2
27
18
12
77
41
46
90
22
100
57
29
66
13
88
29
36
66
21
15
45
32
113
91
3
36
71
26
52
41
15
65
15
11
2
7
33
108
102
8
68
64
3
27
48
26
126
17
15
25
19
66
15
74
17
17
47
78
1
64
22
13
108
82
1
28
4
1
42
62
86
47
3
15
27
7
102
21
33
43
3
35
15
17
51
40
64
44
7
79
57
77
5
45
21
61
36
22
14
50
16
41
14
12
149
56
38
85
22
98
84
5
31
146
67
37
27
86
2
90
70
45
15
81
20
1
23
26
72
3
39
66
11
57
21
81
39
1
4
33
18
100
146
28
45
6
44
9
0
3
60
12
19
68
5
19
45
43
135
64
64
44
68
80
0
47
23
157
15
66
46
42
54
51
13
23
19
98
23
6
1
22
28
46
63
20
23
82
29
31
9
23
58
0
34
9
14
19
141
32
19
26
76
26
28
146
91
37
48
6
24
38
28
114
7
39
46
73
58
45
24
79
48
63
107
14
44
21
10
88
60
17
59
25
98
16
61
4
76
95
11
54
32
4
56
48
46
56
53
10
8
29
50
82
126
78
27
54
36
61
11
57
5
26
18
114
41
24
40
3
18
11
32
18
67
113
83
41
10
66
50
91
41
45
17
45
111
42
9
107
99
26
56
60
23
13
25
52
38
36
27
99
37
26
76
7
126
3
66
10
28
6
18
68
30
43
18
5
45
3
75
50
26
10
37
22
20
96
24
12
15
58
23
72
1
43
8
163
7
36
86
1
23
29
60
17
39
39
26
85
63
67
50
24
40
29
55
84
83
5
3
21
77
3
29
10
24
2
74
53
20
35
7
20
93
29
7
21
12
96
35
146
2
70
8
38
49
20
20
10
40
21
0
54
52
27
92
51
26
20
75
51
37
11
31
2
63
37
115
10
27
20
1
29
1
17
71
8
13
3
141
10
6
4
16
40
80
34
16
2
23
142
60
34
13
39
17
48
31
34
18
27
33
22
90
36
68
27
31
35
50
67
60
72
131
7
5
91
9
75
20
18
52
84
54
15
36
69
5
68
27
24
43
35
29
49
30
7
66
28
24
35
12
23
8
17
59
8
29
26
55
118
34
36
16
137
109
70
11
45
11
65
6
29
57
59
20
43
22
29
48
26
46
36
10
70
80
4
40
36
19
4
1
52
5
35
54
36
70
28
20
23
82
3
42
10
86
55
7
74
47
40
7
35
2
58
152
16
115
51
3
29
0
55
34
4
32
5
104
76
26
23
34
27
7
21
23
156
63
39
28
30
73
21
119
6
31
18
67
57
58
62
17
44
18
72
4
27
23
2
11
25
23
0
17
34
16
3
87
25
58
29
67
41
13
37
44
2
16
26
114
46
29
1
2
98
10
84
41
2
10
5
34
102
10
7
41
74
45
34
26
120
71
13
48
33
4
24
9
13
51
64
9
68
2
36
45
43
25
45
77
2
94
23
84
20
100
47
134
4
7
9
35
71
24
64
11
63
128
15
15
25
59
140
46
3
36
32
17
26
32
64
81
13
59
5
89
54
51
17
14
2
20
61
22
52
28
43
1
26
73
67
33
25
11
77
42
36
15
1
24
45
29
94
22
9
72
3
18
80
60
55
20
68
18
48
95
6
38
49
61
46
87
3
60
55
50
37
9
9
21
12
59
26
68
7
57
24
83
8
23
4
70
21
13
12
45
96
9
34
81
35
12
1
69
4
22
11
34
9
41
61
0
36
23
10
18
32
19
73
28
67
5
38
9
35
64
100
40
82
11
58
37
31
13
32
17
27
101
34
20
62
34
4
23
9
37
93
2
26
58
50
54
69
23
23
2
71
14
1
29
16
52
41
8
53
14
29
2
25
61
3
49
41
94
12
27
23
27
27
22
32
38
38
7
79
48
37
46
32
29
12
23
9
136
55
31
26
13
20
20
59
78
4
0
18
11
2
53
26
16
3
83
15
32
28
11
5
15
30
23
26
32
73
54
16
15
16
20
3
51
21
29
4
9
100
35
1
2
44
16
16
21
12
7
69
8
38
11
96
36
27
21
54
43
12
21
76
63
0
57
17
61
65
32
44
80
21
15
53
55
110
76
25
15
29
9
41
62
14
59
20
17
50
22
65
44
20
19
1
51
92
5
2
22
21
24
41
121
101
111
30
56
37
74
21
62
28
58
53
10
12
10
24
39
11
25
78
56
14
28
69
9
20
56
10
26
19
15
71
60
55
29
47
89
1
54
3
19
5
49
13
62
11
102
51
22
5
40
99
28
40
62
2
2
12
26
49
23
42
37
35
15
8
60
17
56
7
44
6
58
50
44
44
21
48
85
41
50
1
42
59
10
67
47
32
6
28
42
40
27
47
2
38
63
56
3
4
8
42
24
6
11
33
20
24
54
31
42
32
42
7
25
39
13
24
52
30
46
38
23
23
49
44
65
40
56
14
59
34
97
8
6
29
39
24
46
24
32
34
48
16
7
32
62
37
12
5
15
7
17
19
4
43
47
59
28
20
5
7
66
41
12
34
15
45
21
12
10
29
13
33
53
18
20
23
65
68
53
93
36
85
80
6
54
44
14
20
123
1
44
41
71
1
29
3
71
36
30
6
1
53
21
23
16
28
35
21
9
40
14
5
67
74
11
112
40
11
3
52
45
11
22
19
29
15
20
9
24
91
59
10
47
22
11
23
10
24
13
11
30
33
20
19
35
87
10
69
13
76
11
4
36
30
10
76
37
72
24
3
2
37
7
23
28
1
10
6
35
16
15
53
13
12
19
41
33
25
61
1
63
33
45
34
12
22
78
39
4
6
7
13
20
7
64
102
36
16
42
36
34
18
3
12
84
1
5
18
14
2
43
62
15
12
0
53
33
18
35
26
30
23
105
54
33
34
16
82
28
7
55
51
19
69
18
19
30
9
87
7
15
73
34
28
40
35
27
14
39
41
29
36
29
8
17
80
99
10
5
82
31
23
12
68
66
14
4
19
37
24
24
25
3
75
15
17
73
11
38
14
13
29
37
20
54
25
7
12
38
17
49
8
18
70
14
66
51
79
22
103
5
78
2
14
9
29
37
15
30
45
49
11
12
5
63
22
44
1
23
83
19
24
14
53
35
10
16
65
15
28
18
57
54
0
23
21
26
34
19
24
12
15
45
8
37
15
56
7
15
75
27
53
3
8
22
69
66
74
36
38
42
39
16
42
25
26
14
11
2
25
12
59
18
25
7
28
28
43
10
15
51
18
26
14
31
5
45
6
14
14
5
7
23
43
76
21
22
7
12
17
35
39
59
27
8
33
4
83
7
84
26
18
7
26
61
34
37
50
20
50
1
36
13
76
28
1
53
13
52
29
64
13
19
60
23
32
40
19
3
8
23
58
1
16
35
27
39
2
48
94
31
20
7
7
28
23
57
34
3
11
44
48
23
38
6
37
60
39
48
1
36
3
9
36
36
23
9
25
30
35
30
48
17
46
89
21
39
13
35
47
57
86
15
4
9
55
1
91
7
1
38
24
36
41
62
2
46
11
76
8
39
19
8
40
74
54
23
13
35
36
15
67
30
66
13
39
7
20
2
30
41
3
38
34
18
47
67
25
65
35
58
54
2
31
60
9
31
16
68
43
29
40
42
43
23
18
32
22
43
32
5
39
6
15
18
37
21
34
17
12
29
3
1
33
17
24
32
61
53
57
77
35
10
3
102
45
69
28
5
8
3
29
1
42
31
34
55
39
20
57
23
102
8
33
22
7
2
31
50
45
77
6
37
81
35
13
125
22
32
32
60
21
68
14
21
41
7
37
25
7
62
30
14
22
15
62
10
3
38
30
26
14
34
47
41
29
22
57
10
1
3
29
45
13
5
7
13
2
26
20
7
34
1
52
30
6
49
42
14
24
19
1
5
32
42
62
48
33
28
19
36
15
48
5
27
10
22
20
0
33
38
14
6
7
20
43
75
26
26
18
19
39
30
5
65
39
29
24
32
8
23
52
80
36
25
7
41
29
58
28
18
44
33
41
27
41
97
10
41
9
57
15
49
63
7
38
22
68
2
27
4
43
24
2
12
20
6
82
49
23
3
30
7
14
25
87
22
15
19
16
47
14
40
19
93
11
29
60
17
53
72
16
6
24
31
47
18
29
26
7
59
56
33
16
13
38
45
13
26
23
20
27
18
31
34
26
10
20
42
8
11
38
57
41
24
9
50
70
8
42
19
8
24
40
6
43
11
9
16
1
4
42
10
10
1
6
13
23
41
5
62
33
15
16
41
4
32
47
49
37
79
5
10
23
8
73
55
64
22
60
12
101
44
8
35
25
35
75
38
50
24
6
5
0
19
11
1
21
40
26
1
11
10
10
73
2
31
23
27
44
8
53
47
5
63
10
17
46
40
4
4
19
12
20
2
4
1
64
34
13
8
27
40
10
6
15
27
34
27
20
28
36
6
45
27
37
13
19
7
12
41
24
4
37
9
24
4
7
29
44
21
15
14
4
4
34
3
18
15
32
26
23
23
39
13
31
19
66
46
1
38
34
41
9
4
64
48
19
32
35
22
18
12
10
35
29
17
10
24
29
14
8
18
18
7
59
10
38
22
1
50
12
31
62
20
16
8
27
17
43
50
47
33
24
2
16
61
9
26
14
30
6
34
22
17
30
24
35
43
11
8
4
12
24
19
11
4
89
21
41
23
10
13
12
18
17
10
9
23
51
23
17
9
32
9
13
34
17
34
42
27
31
13
40
7
26
42
20
2
34
54
1
8
5
33
27
59
58
35
18
4
15
1
28
5
45
20
2
31
20
4
4
25
38
27
47
13
41
17
17
18
35
22
19
14
7
4
35
19
44
0
40
19
12
14
5
28
31
41
21
37
43
10
10
15
60
19
5
10
29
19
3
27
13
4
33
67
11
24
17
27
13
33
1
27
46
63
26
44
15
6
4
23
26
2
32
81
23
37
4
36
24
17
15
33
4
10
45
26
38
21
37
43
8
12
9
28
34
1
30
39
7
16
23
51
15
2
3
27
17
8
30
3
0
27
7
22
11
29
54
17
22
27
13
21
5
56
8
16
46
38
70
40
28
33
10
17
30
21
3
14
29
5
13
2
24
6
16
24
65
17
3
19
42
29
3
5
6
23
1
8
4
17
48
41
6
25
2
32
13
4
39
10
17
24
14
42
41
3
5
68
4
17
3
4
21
21
26
19
11
26
13
28
4
30
27
40
45
25
29
18
5
25
14
3
3
9
27
9
33
18
8
19
2
33
28
18
5
14
30
25
2
35
12
3
16
29
2
26
38
32
2
20
3
10
4
12
21
15
54
56
15
2
49
19
37
14
1
9
12
26
14
75
3
20
28
14
2
29
26
18
10
31
14
14
40
9
0
27
5
45
3
3
5
55
35
4
7
7
6
20
44
20
13
46
5
12
8
29
17
9
29
0
23
46
65
3
9
12
10
30
35
22
24
24
14
6
18
31
39
6
8
1
22
31
14
22
30
0
38
23
46
3
12
10
43
10
14
54
2
7
18
11
0
17
15
19
15
15
34
24
38
16
35
27
24
13
15
41
43
6
25
26
19
27
19
25
5
16
26
22
8
9
17
35
18
10
17
22
29
27
17
26
10
15
7
2
12
8
19
8
18
22
29
7
6
2
25
8
5
6
25
31
7
20
58
3
20
23
20
7
9
3
29
2
19
3
10
38
51
2
28
15
10
14
14
2
7
38
16
2
26
23
3
24
20
0
6
5
42
10
25
15
29
33
20
6
3
8
16
35
3
7
22
19
12
31
3
17
36
9
35
1
23
9
19
31
14
0
9
30
39
25
53
5
54
30
17
16
11
18
2
20
52
31
8
18
28
30
23
11
33
27
27
20
15
11
4
3
7
24
27
3
39
33
3
19
19
5
13
1
22
21
24
15
33
3
5
1
18
15
29
24
12
16
1
21
11
4
6
20
17
2
12
1
1
1
54
3
4
8
11
8
4
36
20
6
4
8
5
8
6
7
15
32
11
29
10
23
29
15
17
12
5
9
7
6
36
16
10
4
22
15
12
11
39
14
4
21
15
18
12
29
6
8
20
26
16
38
4
5
9
5
22
10
25
11
21
4
10
23
10
15
3
21
7
10
10
24
6
39
10
7
11
2
5
10
6
10
7
9
21
9
2
6
22
4
7
0
5
10
24
5
2
32
13
9
28
18
14
2
15
4
7
5
1
9
7
3
14
7
16
11
10
7
4
0
16
10
13
9
3
0
5
9
32
2
30
14
15
17
15
20
1
7
25
0
3
5
28
1
3
22
6
12
14
50
0
18
6
15
10
7
5
19
3
2
8
8
11
7
1
11
18
1
12
6
3
23
2
15
3
15
7
2
0
8
1
14
0
0
15
4
7
8
4
4
24
23
11
2
12
24
9
0
3
13
6
23
6
31
4
5
6
13
9
4
0
9
14
12
9
0
13
6
20
16
13
5
32
2
15
3
3
4
24
12
2
13
15
1
11
2
29
6
4
5
1
14
0
5
2
15
9
11
8
1
8
9
1
10
4
10
14
4
9
2
12
7
3
7
15
3
15
1
5
17
6
0
14
16
16
9
2
2
7
3
13
0
5
9
1
3
5
0
9
20
3
4
12
9
2
5
14
4
4
15
4
6
1
10
2
1
6
9
3
10
16
6
4
2
6
6
1
7
6
3
2
6
13
4
2
0
4
3
5
5
10
2
3
1
8
2
5
8
10
3
9
6
1
3
3
7
2
8
0
2
1
1
0
1
1
0
1
1
