34
1
10
10
98
15
21
35
3
22
150
7
12
63
3
12
61
1
29
4
10
9
62
16
48
39
20
38
27
7
152
63
18
28
5
18
101
37
37
31
38
13
10
2
39
3
30
21
31
41
28
49
28
102
43
41
37
64
94
16
45
36
38
6
15
41
84
159
20
185
33
52
26
14
143
83
103
26
92
46
77
12
44
1
57
27
27
8
146
27
41
62
17
55
136
51
6
10
25
4
44
46
11
17
71
34
38
62
78
57
17
12
0
59
16
23
59
111
58
19
4
23
114
1
7
18
86
42
32
13
98
12
35
0
112
80
136
36
29
10
94
78
82
35
61
90
0
67
44
16
43
86
108
72
9
18
6
148
49
70
4
80
141
56
29
12
131
45
75
88
51
105
46
59
40
41
36
3
161
61
67
10
7
40
13
24
50
74
12
75
75
105
16
88
62
1
61
110
82
31
8
134
42
22
21
1
128
56
70
113
39
2
58
16
15
66
107
45
33
131
67
98
63
85
22
14
122
43
37
64
70
44
29
46
24
29
12
97
40
32
20
10
48
69
66
7
50
81
11
138
40
29
22
50
66
71
53
77
49
29
24
43
73
24
90
109
39
14
9
7
116
5
61
83
117
104
166
65
43
143
117
56
154
81
34
146
85
20
25
98
57
85
50
99
46
39
127
98
11
61
1
4
59
58
9
47
17
122
10
8
7
15
59
54
22
125
37
23
107
34
45
126
101
9
26
132
49
101
23
17
62
16
126
2
61
12
54
73
13
70
73
25
35
48
15
15
190
15
7
82
21
46
109
4
58
51
4
117
31
83
45
110
144
87
71
99
10
38
97
109
46
173
39
26
40
34
62
122
0
107
11
1
37
38
26
42
14
81
18
28
98
3
116
50
92
51
64
12
4
105
35
15
116
33
14
107
66
80
125
5
37
65
44
96
37
79
50
33
39
53
78
17
79
16
4
30
6
19
107
118
72
230
90
6
72
38
126
0
118
100
68
43
41
13
61
59
39
84
46
67
60
43
67
118
27
106
21
104
10
14
66
31
27
30
35
48
67
48
75
51
44
47
10
70
59
66
69
106
65
188
134
143
121
20
11
51
42
45
1
36
4
90
33
7
3
50
77
49
99
27
25
120
106
62
77
15
24
58
12
40
56
63
42
115
34
69
35
7
50
22
3
42
75
52
127
73
64
22
35
62
68
29
83
16
7
5
65
12
42
113
45
15
24
22
86
8
9
5
53
18
92
44
20
32
14
76
22
51
32
31
103
43
11
103
35
58
28
75
97
42
53
2
20
71
67
25
22
27
93
60
42
5
65
13
37
2
38
8
21
98
64
81
68
90
120
92
54
16
60
41
139
45
25
53
96
19
34
5
129
64
22
4
36
7
106
40
9
27
27
163
18
92
60
81
108
31
65
7
101
21
73
59
4
29
52
8
26
2
46
3
39
87
82
27
72
111
18
46
117
61
29
87
20
122
101
26
80
146
0
10
21
16
92
33
37
106
64
41
76
83
67
41
8
33
69
41
30
10
7
62
97
24
64
28
63
85
53
48
10
56
59
23
10
1
47
50
27
44
116
4
33
39
26
76
134
36
87
13
43
21
74
56
38
6
85
2
180
128
89
10
79
22
54
30
51
68
6
14
20
15
4
37
1
34
75
24
104
53
23
61
103
21
72
91
53
75
138
49
53
90
80
84
20
69
38
64
163
113
10
68
63
87
52
151
51
21
24
13
21
123
132
86
153
84
3
37
61
43
48
72
59
85
8
61
27
10
111
6
70
126
22
42
65
30
134
93
86
19
6
107
6
54
48
15
48
3
1
34
48
72
55
50
71
44
20
27
38
14
27
53
33
10
67
5
22
52
103
69
23
49
37
106
34
72
55
101
78
37
86
93
87
68
75
14
16
66
137
14
42
22
49
41
58
14
77
72
20
50
92
51
11
13
117
19
76
20
94
31
43
119
133
50
87
52
22
48
12
18
83
43
36
87
26
11
2
68
40
129
28
21
6
79
7
20
32
14
12
83
7
56
46
164
138
50
46
30
9
10
28
48
78
42
7
30
48
148
12
52
95
75
25
23
74
53
25
75
187
74
41
28
117
28
1
6
123
127
11
113
75
44
6
17
67
20
60
33
68
14
124
34
62
16
116
76
27
35
33
78
38
86
66
25
41
35
46
10
36
13
22
18
26
53
138
49
15
10
11
107
129
4
63
7
9
41
17
88
139
76
20
43
49
7
99
69
30
39
27
5
1
104
18
52
51
152
27
46
57
14
18
2
78
59
112
11
28
124
58
46
27
2
13
25
27
75
47
81
88
79
12
28
40
34
3
5
29
13
5
1
12
48
13
5
5
50
2
32
32
28
74
34
33
25
86
44
7
57
41
1
3
78
0
124
28
4
34
1
48
42
16
8
100
47
33
2
14
78
70
123
82
165
1
62
103
39
50
21
0
15
88
2
42
113
23
12
0
67
42
117
46
93
89
13
53
24
59
88
12
87
46
137
1
29
40
59
33
13
24
21
2
46
13
35
26
28
8
57
114
10
3
66
40
58
58
30
74
76
6
13
37
59
9
33
15
79
107
44
28
8
76
26
46
51
14
61
24
5
72
72
32
47
1
91
25
103
16
61
107
2
81
28
114
12
5
15
51
8
61
26
10
0
88
3
122
36
49
6
43
56
12
44
101
44
33
20
53
6
49
15
124
55
91
95
1
39
79
56
9
2
70
98
111
53
50
40
28
42
87
10
13
100
17
27
32
59
58
9
6
97
18
73
84
34
103
30
98
25
19
39
54
108
6
48
13
10
123
18
12
48
49
35
9
5
42
32
121
48
52
31
39
63
70
9
60
92
3
12
65
27
30
22
43
33
76
56
12
27
53
22
60
62
38
1
52
47
42
6
1
48
58
55
49
38
1
112
23
15
55
18
24
49
40
20
127
16
32
75
30
1
38
45
6
5
11
37
67
3
111
85
53
47
53
109
118
40
95
37
108
2
49
72
69
96
57
111
6
26
22
61
37
88
9
81
12
85
2
2
35
27
162
17
15
5
1
36
106
34
3
28
53
69
61
92
23
2
17
4
59
7
81
76
189
98
82
84
138
14
18
53
15
70
17
76
19
16
14
85
12
29
31
18
32
159
89
64
75
42
59
30
74
35
4
68
32
71
77
91
35
28
25
26
55
66
135
30
26
39
66
8
1
10
7
34
1
21
72
6
26
5
76
94
72
7
94
38
50
57
96
28
13
9
1
59
21
48
18
101
34
79
56
43
39
27
92
13
45
45
181
50
72
105
8
71
26
9
3
41
13
62
9
1
6
38
3
55
78
11
93
57
2
8
75
61
36
23
13
67
83
93
97
30
30
44
11
26
44
37
8
97
81
57
8
31
11
3
49
91
134
11
14
92
105
10
2
50
58
46
23
3
122
29
17
106
60
43
34
37
32
140
36
54
29
58
19
27
33
10
100
53
70
17
42
113
26
58
61
101
22
32
22
26
48
10
26
36
36
36
80
36
24
50
152
10
29
7
15
86
42
24
6
47
75
47
99
68
47
18
43
53
7
41
122
11
17
29
28
28
9
61
22
20
9
55
6
87
83
50
8
7
63
71
48
22
135
19
17
27
29
124
26
125
38
56
12
42
30
122
117
14
19
68
5
3
88
30
28
128
2
97
52
30
35
37
101
22
1
57
60
16
51
66
60
44
104
36
41
122
5
6
49
12
24
34
39
47
4
53
9
19
21
40
16
59
19
49
12
4
62
3
40
129
75
47
13
34
31
28
103
53
51
44
24
1
31
11
21
84
4
45
2
31
57
16
43
71
34
12
61
9
19
67
38
50
31
49
25
7
49
68
54
31
90
82
98
85
64
24
43
70
73
30
2
55
118
45
52
51
5
6
73
55
54
58
151
34
75
8
12
4
61
4
10
76
33
33
63
20
37
68
4
44
3
23
37
61
107
16
23
38
32
11
42
83
43
70
13
61
66
66
14
81
46
87
77
17
84
52
17
11
27
18
69
53
9
3
101
4
6
14
33
87
36
73
78
57
29
35
9
57
4
85
98
3
45
78
18
2
29
69
14
37
14
69
15
97
46
80
6
85
34
1
12
53
6
125
3
31
106
49
2
12
42
31
30
9
6
32
46
16
62
14
84
83
36
32
5
106
4
16
70
10
31
36
17
93
21
67
25
15
25
60
32
15
50
28
49
45
53
5
21
69
109
65
36
20
36
46
63
57
24
16
12
9
27
17
21
36
35
23
13
81
104
65
22
10
21
28
133
52
55
62
35
22
63
48
25
20
1
53
73
5
4
88
0
19
55
2
20
14
7
3
32
107
28
37
48
76
69
14
85
18
145
31
48
56
1
52
3
38
33
28
58
61
16
46
49
15
109
4
28
101
61
35
23
4
27
2
36
71
50
19
99
25
46
8
58
13
95
32
13
6
4
9
17
28
78
29
22
0
13
64
41
44
18
16
0
19
65
45
44
27
0
5
16
5
33
31
52
52
77
48
17
57
61
1
98
2
31
46
9
2
50
83
26
28
5
36
40
68
62
17
73
49
87
2
56
22
5
17
44
47
14
4
121
31
50
18
61
77
65
44
39
76
45
17
50
5
3
88
25
71
53
16
17
50
12
43
51
41
25
39
82
47
56
88
17
46
8
19
40
57
40
37
99
2
61
42
35
36
81
55
5
26
61
82
69
127
13
58
12
66
26
9
10
13
37
6
51
27
59
9
36
19
20
35
42
10
15
57
3
32
64
46
58
15
15
48
42
22
77
47
8
29
27
10
48
44
81
66
22
8
34
13
28
47
7
10
32
69
23
18
17
75
54
35
8
34
68
149
36
83
32
62
2
34
57
7
33
56
18
28
40
51
62
66
66
38
44
54
38
11
2
24
67
116
1
13
59
42
18
83
65
47
36
25
13
9
168
58
1
12
52
14
47
79
83
10
53
1
17
67
43
4
19
4
7
13
2
40
18
50
35
25
21
26
82
16
80
24
27
49
66
16
28
67
2
32
24
36
80
55
8
39
71
21
42
9
66
75
0
14
7
17
71
30
33
17
18
13
13
26
29
29
58
28
8
35
16
54
66
77
46
59
68
12
5
150
70
0
51
27
7
93
63
51
19
41
21
21
72
65
28
23
28
45
54
38
21
28
61
53
12
34
0
25
46
26
65
12
7
84
29
1
51
17
2
22
50
25
65
52
5
33
4
16
30
63
81
14
19
40
9
4
20
41
34
97
38
111
68
6
35
52
47
36
36
10
80
50
82
59
86
6
20
25
6
32
24
20
59
68
1
19
51
22
71
76
19
8
71
20
41
78
10
9
50
72
10
60
25
44
22
45
91
8
28
28
19
1
27
105
32
41
48
70
18
50
52
8
3
106
35
20
0
36
10
54
27
8
3
105
15
1
33
23
46
5
68
56
0
61
14
5
30
39
57
10
63
13
1
45
30
1
70
95
91
103
38
67
17
11
3
41
22
34
13
77
9
43
13
17
8
2
33
43
37
42
14
32
14
4
8
24
8
36
8
92
6
16
49
6
30
13
4
33
29
25
26
85
51
14
4
85
8
2
10
78
34
84
66
3
26
16
25
28
11
5
39
18
4
32
13
44
37
32
80
34
13
31
39
7
64
21
33
140
8
37
52
8
38
65
14
7
34
62
19
61
21
26
47
43
10
36
71
7
30
24
12
79
4
3
102
66
24
10
33
44
20
42
11
25
0
41
75
17
5
4
11
12
99
14
16
18
10
5
60
25
39
34
27
48
62
92
49
21
31
4
46
11
19
55
29
64
70
10
74
72
45
25
78
13
39
47
46
80
20
13
35
17
62
0
43
30
13
55
28
35
81
3
83
49
6
43
114
13
76
34
7
5
16
30
9
6
50
4
11
33
10
32
8
64
13
13
16
47
38
5
11
46
77
64
27
44
27
17
11
79
63
41
50
71
19
16
18
52
67
34
37
20
65
114
71
43
24
5
109
41
11
59
17
17
32
67
5
27
2
38
6
3
57
48
39
53
65
36
12
43
25
37
24
28
31
58
20
32
1
23
2
4
33
21
39
1
24
11
21
9
22
22
27
21
69
84
73
9
41
17
41
79
39
49
21
9
11
52
19
33
30
38
44
105
23
27
31
11
3
28
14
29
19
83
30
47
80
23
32
17
19
50
75
55
17
0
23
7
2
25
20
37
33
13
59
55
3
18
53
12
56
33
5
78
24
57
31
44
9
26
28
43
11
34
64
5
28
23
23
14
12
6
6
41
2
4
40
4
35
7
27
6
19
21
14
9
33
63
7
6
21
49
4
48
23
40
50
34
16
54
27
26
13
55
71
3
80
39
24
64
10
36
57
26
8
72
58
24
90
25
127
3
48
0
48
23
40
18
36
21
44
26
1
63
14
31
27
77
72
17
3
39
30
35
15
36
18
37
18
47
85
13
10
77
23
21
46
10
21
31
53
46
34
1
53
66
32
18
77
13
25
8
52
0
20
17
6
64
15
24
6
20
60
62
58
67
26
62
67
6
20
40
16
58
12
45
83
32
11
17
43
50
17
18
0
0
63
8
25
8
55
23
41
21
78
63
4
49
24
60
54
17
38
16
25
65
25
15
6
19
31
5
41
137
9
7
13
58
118
39
43
52
48
69
49
19
113
19
66
60
21
24
6
6
6
37
77
65
105
2
39
25
9
19
32
42
27
54
5
16
11
5
61
38
22
25
39
18
40
12
4
8
25
49
55
72
95
15
16
46
103
73
10
29
30
55
4
39
11
30
11
4
3
20
78
18
52
19
45
17
20
49
32
27
23
38
4
30
91
34
42
27
27
43
59
69
15
8
60
28
7
20
10
3
20
4
23
75
5
69
30
47
60
25
18
22
1
36
43
11
22
23
14
25
41
67
30
30
0
80
16
63
75
36
9
0
34
35
60
25
31
25
38
33
13
54
73
61
11
6
37
9
65
58
69
40
11
2
64
18
55
34
86
3
10
16
36
90
27
9
20
33
13
42
6
53
29
51
39
34
1
59
18
23
64
74
25
14
36
9
39
19
1
36
14
4
17
43
40
41
44
22
64
73
42
18
45
10
12
25
69
9
44
14
9
21
9
42
6
46
26
33
39
1
5
6
8
0
31
51
34
41
43
23
0
45
26
32
4
23
5
9
18
14
48
13
29
36
15
36
29
37
6
27
1
14
63
43
28
2
14
24
59
77
25
0
20
28
22
17
2
24
6
29
46
5
27
26
24
59
8
3
43
24
15
18
25
44
30
7
15
10
92
11
23
32
8
17
1
11
55
26
10
27
4
28
54
1
18
66
18
56
6
43
26
6
37
12
45
48
4
23
30
14
1
22
25
25
6
38
8
24
7
47
58
21
32
28
51
14
73
1
1
49
39
52
8
15
13
20
24
7
36
20
30
22
48
56
33
50
38
46
24
32
51
1
16
24
31
46
34
39
25
1
3
25
15
70
12
46
15
13
12
38
15
26
36
42
1
74
5
34
44
34
27
87
33
53
52
50
21
14
17
31
59
25
12
26
41
4
4
5
29
38
18
13
53
39
22
7
8
6
70
47
9
36
0
50
27
16
57
60
42
21
2
24
31
9
15
43
32
1
22
50
52
7
30
30
8
9
28
1
0
50
30
20
8
67
14
28
4
39
24
26
20
0
7
28
12
52
31
26
5
65
31
85
66
62
3
10
51
39
3
50
59
79
29
17
43
53
14
1
44
33
32
14
4
40
26
111
32
48
9
41
28
0
23
32
42
54
42
17
6
55
24
8
33
23
22
10
10
33
37
52
11
27
15
15
73
12
53
21
29
34
11
20
26
10
22
31
19
46
35
25
22
22
2
45
38
5
2
32
13
39
29
11
19
0
38
21
25
58
60
17
6
41
21
16
8
12
93
51
31
17
4
16
5
30
25
5
8
44
13
33
34
14
32
40
16
38
16
12
16
33
38
25
11
32
5
3
11
46
46
9
70
29
3
34
15
3
5
19
43
15
62
20
43
38
26
37
33
33
49
25
7
24
54
4
78
7
10
16
69
9
0
22
31
17
15
22
43
32
9
32
13
5
4
20
11
11
30
5
71
22
16
10
43
5
15
38
16
34
3
11
6
25
27
67
49
15
18
57
6
29
27
11
51
5
11
8
55
33
56
4
48
39
34
13
20
20
21
50
13
30
43
24
10
67
13
21
6
24
43
11
19
21
7
10
21
28
3
13
10
3
40
12
34
21
1
6
13
51
27
27
10
32
10
4
24
38
25
2
8
34
42
1
6
14
18
41
12
27
59
35
9
3
9
22
9
40
6
3
9
22
39
26
11
5
2
4
23
24
1
16
52
26
6
27
50
48
25
25
33
23
18
65
52
39
12
57
67
22
3
40
53
18
16
12
30
24
6
13
18
8
17
2
17
27
40
31
10
8
3
21
60
32
44
3
10
18
72
62
31
21
3
27
40
15
11
6
52
7
36
23
30
21
39
56
22
33
11
16
6
23
12
18
28
17
7
28
10
8
30
26
35
13
20
14
28
16
8
22
11
5
21
26
10
0
10
13
5
37
8
42
13
6
22
28
1
34
1
11
11
17
20
33
35
7
13
36
5
5
35
38
15
11
19
2
28
6
12
16
8
8
17
43
14
6
16
22
32
9
38
15
2
18
20
27
28
5
13
18
8
46
13
4
6
21
29
40
2
28
44
1
9
29
19
22
15
22
17
19
20
14
22
4
17
12
1
21
21
9
1
19
0
12
4
56
26
21
21
13
15
15
14
7
21
30
31
65
25
12
26
33
55
11
1
3
18
23
5
7
49
4
2
17
21
16
2
5
0
18
39
41
6
29
24
8
22
7
9
6
11
8
6
4
47
30
0
7
8
15
9
2
14
75
2
71
13
8
1
30
0
10
12
21
67
10
12
9
19
25
20
9
9
4
14
11
29
12
8
23
21
50
13
20
15
8
30
8
13
40
17
5
0
20
15
55
33
36
16
14
27
50
50
20
19
27
38
17
4
8
38
8
2
17
11
32
13
13
28
35
24
3
14
12
18
30
15
13
6
17
63
18
35
27
20
2
7
39
18
2
1
4
27
11
44
28
18
19
10
17
25
23
31
28
42
13
7
11
4
23
2
4
14
36
8
14
11
22
24
7
5
2
19
39
42
23
22
40
11
1
10
30
56
27
26
42
27
16
7
4
5
8
21
32
11
20
24
3
16
2
22
4
7
6
2
16
15
23
20
22
11
7
9
43
9
8
4
31
14
23
8
27
11
32
44
19
4
21
20
31
1
14
18
7
7
33
2
0
19
7
4
23
8
13
1
5
14
7
1
20
1
2
2
29
5
1
21
9
23
20
14
0
7
9
28
2
9
3
43
2
13
19
15
6
17
9
10
19
32
2
17
3
6
21
19
31
9
5
0
1
43
8
13
2
9
1
16
14
25
15
7
22
13
1
3
20
8
5
20
3
10
6
16
12
5
13
8
4
9
19
7
5
7
5
19
10
2
27
23
8
9
28
27
11
16
9
7
31
7
12
7
9
24
14
10
4
1
47
5
9
14
21
13
23
8
7
10
33
3
19
0
18
2
11
24
2
24
22
5
24
15
22
11
3
25
20
5
28
8
8
4
4
26
19
27
12
17
9
2
4
10
16
14
42
9
6
21
11
3
15
9
3
16
9
22
31
14
9
22
21
6
14
12
12
1
4
15
8
17
1
9
7
12
11
37
1
1
4
16
12
8
10
17
18
5
10
0
4
6
1
17
9
9
5
28
11
20
3
1
11
8
7
15
10
14
0
2
6
6
0
4
15
12
10
4
4
5
16
22
4
1
5
10
8
11
2
5
11
2
12
1
5
12
5
8
2
4
13
13
6
13
2
8
6
2
2
1
9
5
2
2
16
13
6
8
1
15
12
5
2
6
13
10
5
4
9
18
1
5
25
15
7
3
16
4
9
11
7
7
2
11
4
3
7
1
1
6
10
0
5
7
9
8
9
5
3
0
2
0
4
10
3
9
0
4
5
0
6
3
0
3
6
6
1
7
3
1
2
4
1
4
2
1
2
2
2
2
1
2
2
1
0
