5
44
27
17
19
2
6
0
30
103
76
31
7
11
1
138
10
47
33
5
16
7
38
47
19
100
10
115
19
111
28
3
6
115
4
85
35
41
43
6
54
91
27
32
57
38
117
19
32
0
23
12
121
40
8
80
21
26
31
87
35
8
1
56
56
68
18
2
30
45
32
84
11
25
113
65
58
22
33
92
49
47
5
66
47
14
29
69
14
19
31
15
5
93
22
68
0
20
76
59
79
134
52
18
50
45
19
91
67
27
87
59
45
54
102
9
37
21
97
98
21
30
117
48
56
37
5
95
5
3
20
53
4
89
40
76
46
22
109
63
22
26
38
37
120
62
10
40
10
99
36
100
23
79
11
70
64
8
36
56
107
54
49
56
8
4
94
9
14
67
111
82
18
36
18
14
114
32
16
170
75
40
26
84
1
15
77
87
41
62
34
78
49
56
42
45
39
67
38
3
56
35
65
43
75
110
105
50
130
117
0
12
156
24
16
27
128
97
41
25
102
41
27
55
58
32
0
88
49
5
62
54
51
27
44
5
99
10
4
11
75
33
53
38
2
94
26
38
23
81
10
7
21
8
71
100
78
45
39
45
46
78
103
59
36
28
30
34
72
59
10
109
49
20
112
46
14
59
28
36
71
8
81
70
78
121
31
15
20
19
67
53
50
59
85
65
9
8
97
33
75
68
99
97
6
77
52
64
117
9
37
59
49
30
30
116
13
9
36
54
21
4
17
13
49
38
81
14
64
88
47
17
59
42
25
52
60
120
17
13
28
58
172
10
25
113
165
54
106
21
56
77
24
95
64
125
156
25
102
168
11
11
49
29
52
36
70
1
80
41
60
53
66
64
14
40
96
111
41
23
53
28
114
57
60
54
8
51
29
167
22
6
6
68
87
60
53
33
45
43
19
20
77
81
5
76
68
18
0
61
7
16
51
135
48
129
37
101
87
4
22
99
15
2
58
101
65
55
110
39
84
108
53
85
89
42
62
57
64
63
11
15
48
39
48
40
126
51
64
15
20
42
30
70
79
73
12
43
15
92
13
9
104
66
1
80
22
8
33
48
93
60
6
14
24
117
66
85
56
28
85
12
31
50
25
25
15
42
26
4
126
50
39
87
7
49
10
7
66
87
63
182
91
18
5
30
43
17
30
26
6
48
145
62
94
15
11
57
77
36
1
27
21
6
111
25
59
58
155
48
226
104
28
38
116
71
54
16
15
113
34
58
5
89
68
86
119
7
137
10
72
36
119
1
36
69
9
88
69
161
65
64
27
39
142
71
49
13
5
0
3
112
26
43
97
0
22
1
18
9
67
94
99
0
75
20
40
157
46
33
22
32
70
32
48
55
93
33
86
55
47
22
26
21
11
21
15
64
122
51
11
50
79
39
17
54
52
61
31
1
63
35
60
107
22
8
94
24
0
37
17
64
107
24
27
24
64
101
79
47
5
53
134
46
36
106
2
66
177
2
38
70
25
14
36
28
79
51
54
5
28
15
60
13
46
66
92
86
72
28
70
48
80
63
19
53
12
30
83
60
66
123
47
30
61
2
43
48
26
16
89
45
8
75
9
1
69
103
35
7
64
58
32
33
49
38
33
8
108
46
72
39
50
1
56
7
67
67
6
77
63
56
45
38
38
28
28
5
111
89
31
55
14
90
106
78
12
1
12
12
29
37
99
63
32
43
34
68
80
7
45
31
1
109
53
30
119
42
21
63
84
38
25
45
55
49
35
101
11
60
11
84
50
104
29
57
2
14
18
13
106
8
41
154
59
52
63
40
64
13
58
93
1
54
52
46
8
28
3
28
45
54
3
53
97
29
37
62
14
42
73
11
38
126
50
58
44
45
11
31
2
10
9
7
35
43
165
53
62
61
42
14
20
87
13
22
44
67
81
76
16
12
23
15
54
63
49
56
15
32
75
36
33
31
19
88
38
48
36
62
117
30
56
38
206
9
37
47
70
0
43
53
55
20
52
3
66
12
20
134
52
7
40
20
58
12
12
64
14
50
77
21
8
17
18
3
24
31
8
12
38
20
27
49
2
23
23
41
98
38
27
10
39
77
20
85
33
1
46
36
8
16
107
9
65
27
33
12
29
115
97
63
48
27
17
36
47
34
8
36
13
13
6
64
51
27
16
11
44
62
19
65
18
78
2
88
34
22
96
41
99
0
68
74
68
93
131
35
5
25
26
50
39
61
60
9
11
35
31
81
57
16
36
9
42
69
148
33
16
26
21
44
64
15
44
28
86
31
9
74
55
32
51
58
28
108
97
25
37
30
42
11
129
32
10
50
41
146
27
153
22
114
14
7
7
22
7
41
30
3
22
47
92
54
102
45
13
54
45
54
15
9
74
55
43
65
27
20
52
3
1
23
13
28
67
56
49
2
10
19
41
33
44
14
40
5
3
13
21
5
56
61
75
29
2
4
61
34
45
20
36
37
60
17
23
19
89
76
52
6
45
41
20
100
86
4
60
92
14
113
14
63
17
36
25
81
85
72
12
39
101
59
32
7
63
63
127
68
28
101
44
118
7
73
76
37
64
18
14
41
85
85
76
14
14
43
43
60
107
6
3
16
10
66
21
23
205
52
3
9
75
17
14
81
1
4
115
14
100
90
57
44
36
84
17
8
58
9
125
39
24
16
3
127
43
8
98
4
6
33
53
36
28
85
23
2
24
44
41
57
1
31
4
55
31
45
68
18
53
31
16
91
26
109
2
7
78
80
77
10
17
87
20
21
40
70
7
27
44
45
71
76
30
13
53
35
23
54
27
5
48
19
15
26
8
82
30
42
20
16
75
89
63
27
13
51
56
28
22
52
82
124
9
65
40
2
78
75
11
1
13
23
75
58
95
22
54
15
44
20
23
23
71
14
39
80
72
10
38
15
81
15
0
24
61
38
40
51
16
22
25
8
55
39
35
15
18
42
20
26
127
60
87
49
6
17
93
51
46
38
42
25
76
79
14
58
27
13
44
78
17
5
23
66
15
104
20
26
73
21
78
96
36
83
71
21
114
50
10
31
50
25
47
24
40
35
65
96
29
29
62
60
202
84
68
20
79
6
37
9
33
70
6
16
37
32
52
31
3
50
28
60
15
134
50
34
15
64
15
37
4
4
51
83
61
36
31
50
23
8
114
67
18
13
27
33
76
28
4
93
39
37
81
35
51
47
0
0
150
24
24
56
83
27
0
52
60
71
12
50
77
13
81
39
71
71
14
67
33
89
17
32
18
16
89
61
58
26
48
54
4
26
52
172
52
37
102
67
12
43
46
40
52
70
6
34
33
55
38
53
20
29
53
41
22
1
79
11
22
87
149
54
159
3
9
51
58
30
21
20
108
33
76
37
32
15
35
48
3
30
36
7
43
90
89
10
100
116
48
91
37
6
25
20
14
24
10
53
82
38
81
1
18
60
27
42
53
44
94
13
71
134
101
49
25
26
36
25
13
53
56
43
23
55
1
35
73
22
32
13
27
70
41
74
104
51
18
39
67
49
23
76
84
97
14
1
72
44
79
86
16
14
42
14
22
29
44
36
3
47
13
21
17
46
68
10
91
56
43
105
32
37
43
30
7
47
44
19
45
4
2
39
11
24
22
8
85
11
68
3
24
37
115
51
11
165
26
27
30
2
59
17
18
48
8
73
75
20
101
43
56
3
21
50
15
22
22
27
7
0
76
22
12
49
16
80
89
70
114
22
76
8
22
49
28
18
14
42
75
63
16
56
53
43
40
22
5
83
42
130
63
47
43
100
101
99
16
53
45
90
5
1
75
129
58
53
11
18
33
19
65
78
22
29
67
14
34
6
24
33
20
65
29
25
26
54
1
72
24
25
38
43
23
6
30
8
8
18
41
26
9
72
49
18
1
11
26
37
56
8
63
116
33
46
9
82
30
64
1
55
18
53
48
3
88
54
170
0
21
110
94
130
43
138
42
47
17
6
40
13
75
62
79
67
23
119
65
72
84
9
27
35
17
62
20
21
126
24
89
47
35
68
10
77
3
47
41
27
79
41
28
94
13
1
38
27
26
66
10
84
33
87
34
3
27
37
44
38
53
4
24
7
29
37
39
24
67
2
48
121
18
69
31
10
1
96
75
62
102
44
6
10
20
108
31
57
5
60
1
44
76
31
14
26
24
84
37
122
9
104
52
44
19
7
24
46
39
59
2
77
77
38
105
34
20
3
20
4
41
63
58
13
19
8
34
38
14
1
23
60
0
9
65
48
64
51
75
20
11
11
50
16
51
50
76
11
24
18
25
111
30
29
57
49
22
41
84
65
38
16
16
60
41
79
56
38
32
14
18
17
27
16
2
27
9
14
25
146
80
113
32
5
28
85
83
59
27
46
89
12
17
19
24
31
2
5
51
14
12
55
8
37
28
23
9
32
7
31
6
42
67
51
7
38
52
27
10
80
0
84
14
36
73
97
82
21
5
48
32
64
1
62
24
10
110
93
11
100
76
12
17
20
8
49
8
49
62
33
1
3
62
53
3
38
16
8
1
27
26
115
4
24
40
104
37
2
82
22
53
50
35
44
90
25
106
34
48
11
53
1
88
10
29
48
9
49
36
14
25
13
50
20
61
79
39
56
4
78
20
83
7
89
12
14
36
81
29
25
43
13
20
58
24
94
51
22
26
1
49
33
59
36
63
44
37
57
100
21
45
24
24
39
91
25
62
25
37
59
17
2
6
7
18
52
88
13
53
54
4
11
31
34
22
6
17
57
53
6
1
32
8
66
36
101
14
19
15
41
25
44
124
24
58
58
63
30
34
17
1
55
25
107
19
7
80
3
104
21
30
140
26
21
33
18
26
34
42
116
67
4
51
72
34
21
36
27
15
16
69
109
110
3
69
23
32
2
67
32
34
70
34
13
39
12
20
14
2
48
72
23
7
12
26
22
15
64
12
33
66
84
24
68
20
33
16
31
33
50
20
34
41
64
2
20
13
43
8
4
49
12
41
11
50
46
76
9
18
19
11
33
30
2
14
14
13
84
3
19
39
33
2
89
89
38
11
85
42
28
10
47
16
3
81
3
13
15
65
40
13
90
8
30
28
83
115
46
18
105
5
17
88
24
13
40
9
33
16
1
3
18
16
12
45
76
89
28
69
88
135
92
101
39
18
53
16
24
22
9
3
76
12
13
32
8
35
17
104
17
82
11
83
17
15
14
29
42
8
24
32
74
46
70
51
74
7
46
27
40
12
60
78
7
36
39
81
27
54
12
9
49
38
91
37
45
39
12
14
3
19
58
86
3
17
21
45
41
11
34
24
17
45
24
38
31
119
7
35
35
10
75
14
83
6
20
29
20
89
69
88
56
34
30
10
20
32
57
0
145
53
49
66
21
13
90
0
43
40
46
72
95
93
14
25
32
68
0
38
10
1
68
28
106
6
59
29
11
43
47
83
75
35
12
12
36
1
61
61
24
0
20
37
31
55
45
69
106
1
16
16
13
9
44
53
99
19
19
27
39
18
26
50
39
53
21
6
35
50
33
82
31
20
14
1
102
96
36
53
58
43
96
11
50
21
2
76
17
57
22
10
25
29
13
13
11
78
40
106
41
1
40
22
7
13
58
34
2
39
11
23
32
37
12
36
45
65
9
46
34
64
8
61
13
23
33
124
24
34
33
29
17
50
48
2
16
3
15
24
57
26
53
26
46
19
29
15
6
51
15
1
25
16
96
21
47
95
12
16
73
14
9
100
28
46
14
38
85
51
19
9
16
27
49
31
39
39
64
21
19
11
54
13
57
19
7
37
27
21
16
1
4
64
31
36
6
1
15
50
47
22
55
33
25
51
11
48
4
52
1
56
100
41
8
18
84
23
6
28
47
35
8
64
6
4
58
96
26
37
14
69
36
30
120
3
24
98
10
31
39
95
30
4
4
10
38
53
32
68
30
14
12
8
7
33
29
23
28
75
53
71
75
58
40
22
50
66
20
11
11
6
123
10
2
1
37
74
46
12
16
30
9
37
15
57
60
6
39
4
4
12
16
14
44
30
70
102
7
61
12
4
12
18
68
9
11
2
33
17
42
56
7
94
25
69
6
75
56
6
36
26
12
24
46
1
44
8
1
8
55
69
71
62
25
10
21
6
35
38
38
34
14
60
45
15
19
16
13
4
46
17
50
52
11
15
73
40
73
1
43
26
39
69
46
6
55
2
57
11
23
14
29
9
26
31
60
41
52
38
14
31
2
35
18
14
0
9
36
83
32
27
11
70
11
13
30
82
58
50
9
73
40
70
6
107
15
63
34
70
71
28
35
42
30
40
9
5
25
14
64
66
6
33
11
2
12
51
49
6
49
43
40
30
0
31
69
8
86
31
20
6
35
74
7
19
6
52
32
38
7
1
2
23
6
71
49
33
17
32
1
22
4
5
1
27
5
9
43
21
10
17
26
40
19
14
29
58
23
23
2
42
15
14
3
16
37
77
2
5
8
29
26
9
27
80
39
65
54
8
4
18
7
75
36
28
49
64
2
58
24
19
24
45
36
34
8
64
34
16
8
32
47
31
49
21
26
4
8
7
83
11
57
12
91
39
36
42
53
4
3
2
44
78
35
3
35
29
18
2
14
9
40
38
0
37
50
28
62
32
27
19
37
7
19
0
48
1
63
16
13
8
23
74
5
38
60
7
64
5
102
13
35
11
22
20
9
2
93
10
49
24
70
17
52
13
52
80
77
25
10
3
5
44
36
23
68
21
3
9
28
59
80
24
71
17
41
13
91
8
23
28
17
73
29
61
31
21
5
69
11
10
20
12
22
11
34
21
50
30
40
61
41
47
34
14
42
30
2
1
89
28
9
9
4
38
5
54
7
37
34
3
33
31
30
42
38
56
50
80
3
20
4
24
59
33
7
69
6
16
36
18
21
68
40
26
14
25
2
8
95
17
32
1
39
46
61
58
19
23
46
30
39
23
54
16
0
27
39
97
17
82
1
2
78
67
30
26
31
25
18
5
55
9
9
23
34
9
23
20
1
29
0
23
9
21
8
12
72
20
2
16
22
61
9
14
34
26
47
27
13
62
5
12
16
16
25
19
38
29
25
11
64
18
34
3
18
28
84
32
1
31
18
66
17
48
33
60
16
25
42
15
74
24
23
16
12
15
53
39
29
39
15
3
33
8
9
24
72
9
5
18
58
24
14
13
24
36
40
31
2
19
14
46
45
5
38
8
29
30
6
44
16
44
10
33
49
10
65
24
10
1
82
17
32
20
1
82
1
2
40
55
9
4
53
0
49
21
40
49
75
1
21
29
23
56
55
8
18
46
12
1
1
19
36
22
37
4
14
38
28
73
64
4
18
15
54
57
81
69
36
17
26
26
16
64
50
8
16
38
74
17
7
39
62
1
50
54
13
26
17
30
64
25
23
31
95
13
38
1
28
20
73
41
30
60
60
40
17
43
13
19
36
8
43
29
42
1
15
8
21
32
20
27
9
6
11
39
23
18
10
23
59
12
18
11
24
41
23
29
9
10
5
27
52
1
46
15
8
49
71
29
39
23
17
7
8
19
9
56
5
18
32
10
39
39
3
7
39
12
43
15
6
11
19
9
3
84
36
46
68
22
5
4
36
6
12
5
11
8
12
22
78
39
55
23
11
52
3
10
18
27
47
2
17
18
16
1
25
50
23
30
77
13
31
48
13
29
4
20
3
22
27
16
27
3
48
56
6
10
7
33
39
9
34
44
2
12
11
8
16
36
25
33
7
24
16
35
7
40
44
48
34
15
62
15
28
19
29
24
24
1
44
28
24
27
24
34
52
12
26
21
24
21
21
64
13
3
46
36
14
43
36
29
24
54
25
25
31
5
15
19
27
6
38
7
1
19
16
24
3
3
44
38
58
6
22
17
10
27
17
1
39
17
26
8
3
62
1
15
45
12
49
14
21
25
41
4
16
60
80
16
23
59
72
40
19
8
30
21
17
35
21
3
10
10
21
22
22
6
24
42
38
31
12
3
7
28
50
6
9
14
20
9
10
26
26
29
48
52
58
19
12
31
22
9
43
43
28
48
32
18
24
41
28
24
59
30
11
25
39
3
12
48
8
1
31
24
59
6
41
2
21
24
10
20
23
15
72
9
11
23
17
3
17
68
18
39
8
33
23
21
40
18
9
24
36
29
5
31
23
27
0
46
21
13
25
3
33
58
28
10
45
6
2
45
51
3
30
3
54
19
3
15
19
14
59
35
22
37
51
54
35
4
2
11
1
18
13
10
24
2
36
22
7
9
13
32
24
32
33
42
25
23
15
3
33
13
2
21
20
2
17
1
9
20
32
67
5
2
16
31
65
35
27
41
56
5
36
25
10
29
5
16
54
6
45
9
20
0
10
60
4
21
19
12
13
13
24
2
7
7
18
5
29
12
76
46
3
18
18
8
25
36
26
31
7
24
9
25
1
15
6
13
23
15
23
5
10
19
19
25
7
26
20
33
21
13
9
72
75
11
16
31
33
30
17
6
5
16
2
56
31
74
30
39
17
15
4
24
29
1
28
73
1
26
55
22
58
5
3
42
40
2
29
17
56
22
28
20
29
23
6
3
12
13
4
17
7
77
2
11
31
0
25
17
9
2
1
30
22
27
14
16
19
30
32
7
24
16
9
22
20
0
4
64
77
7
16
2
15
9
10
26
17
6
64
13
8
50
9
36
23
18
11
5
70
9
21
15
25
12
31
8
7
35
48
2
16
7
70
11
2
45
29
31
18
21
17
10
1
4
18
27
24
7
24
8
14
9
23
1
21
30
16
28
4
0
30
32
14
15
14
4
3
62
23
4
2
5
6
22
13
19
23
2
20
5
31
2
45
50
5
1
20
29
30
13
9
20
7
59
9
15
8
22
14
23
5
7
12
6
6
38
14
20
26
52
19
6
11
2
14
11
18
13
2
39
13
7
26
10
7
13
3
23
19
28
53
45
7
12
10
10
9
40
11
13
3
37
13
0
16
31
10
3
13
36
30
22
15
12
15
9
10
24
10
3
1
7
17
49
11
19
10
5
28
2
46
29
2
18
8
18
11
16
36
47
17
15
29
39
33
5
1
45
12
3
4
43
23
23
3
30
32
13
9
22
58
9
22
15
3
50
2
8
18
14
3
5
4
27
26
19
33
8
2
14
27
10
19
16
17
8
15
29
10
31
7
39
2
6
9
18
9
11
21
37
38
5
14
32
8
16
12
49
6
1
15
0
11
4
17
14
29
11
14
1
27
1
35
8
43
1
42
10
21
14
7
65
31
21
21
56
26
15
17
7
2
3
40
31
3
15
15
11
16
10
10
25
27
19
27
21
2
10
6
16
16
10
12
25
26
2
28
34
15
26
28
12
2
11
3
13
28
5
9
1
21
0
9
6
15
7
10
28
3
36
24
36
16
36
15
10
4
32
14
18
3
15
10
28
30
36
12
37
15
5
15
8
6
2
37
36
29
14
24
14
3
5
5
21
12
18
13
3
30
10
20
19
8
14
1
15
14
14
8
9
10
15
16
12
7
7
23
10
19
21
29
19
17
39
22
3
7
7
8
1
2
16
9
2
17
16
2
6
6
15
27
12
11
21
5
19
15
30
9
7
15
3
5
12
4
3
2
3
16
13
6
6
19
9
19
17
15
8
5
4
20
2
13
1
12
4
9
5
10
4
2
5
20
13
22
10
15
0
4
3
10
21
1
13
11
2
23
9
0
6
8
12
3
9
10
12
3
3
15
2
12
9
0
2
2
17
10
7
17
10
20
14
30
2
6
10
7
14
31
15
1
17
14
6
9
10
2
3
4
5
13
17
14
10
3
2
8
17
18
2
19
11
13
14
15
18
20
8
1
9
12
10
1
1
21
9
11
10
7
6
3
11
4
15
2
15
16
9
3
5
10
1
5
12
5
1
8
2
13
4
7
21
5
5
3
2
8
18
4
4
7
3
15
1
5
16
6
3
12
6
4
12
1
13
0
1
4
12
5
10
5
2
9
15
6
1
4
1
19
1
2
12
2
6
6
7
17
1
3
10
14
1
9
4
8
2
8
3
2
12
15
0
10
3
9
7
5
3
2
4
1
2
4
2
0
6
9
9
0
0
0
4
2
1
7
1
3
0
3
0
2
1
0
0
0
