0
12
28
34
19
40
3
18
7
6
32
83
10
20
2
12
5
4
41
19
28
49
2
26
12
11
38
7
26
24
23
8
15
17
37
16
17
9
74
38
21
31
54
37
21
19
29
15
17
83
48
6
124
33
141
68
63
55
49
38
40
69
65
136
12
47
20
15
21
28
116
30
38
87
5
31
2
69
76
23
10
9
17
33
19
27
7
82
34
107
50
56
88
66
39
49
29
4
19
49
32
13
17
15
60
100
77
12
3
37
22
34
21
54
63
35
46
39
55
63
27
93
91
40
8
13
31
18
20
46
118
56
5
67
42
11
46
77
35
55
58
20
92
73
63
131
43
86
33
58
16
2
9
27
15
13
28
14
60
86
33
8
141
131
10
159
141
105
113
11
83
17
20
60
23
75
27
37
7
79
108
2
18
107
77
30
143
66
44
53
103
44
45
13
69
60
65
32
124
5
28
10
82
16
42
16
65
20
24
82
115
6
20
86
36
66
7
45
67
21
2
8
97
61
66
96
60
123
14
111
14
79
13
150
78
33
125
54
54
2
10
26
36
36
83
70
99
47
106
107
14
15
9
44
43
16
23
47
7
10
8
38
50
73
121
12
29
96
49
13
48
73
78
48
114
78
21
25
6
70
49
49
35
134
143
131
37
110
59
33
88
42
64
125
43
1
16
3
6
54
20
5
28
5
31
34
20
48
94
103
59
6
70
121
25
168
108
30
48
53
63
140
2
48
100
17
13
26
20
95
16
64
43
4
19
17
87
56
32
12
24
60
116
2
15
35
4
74
13
92
8
97
132
53
153
115
118
82
27
62
24
100
38
14
184
54
57
9
30
40
200
25
33
86
73
48
35
55
37
51
15
115
26
48
101
14
103
15
45
29
24
105
48
77
44
61
11
30
66
31
60
5
43
1
68
86
14
144
87
1
4
151
33
124
53
24
13
51
136
18
13
59
4
38
171
5
167
52
77
4
112
56
3
66
56
46
0
27
52
52
34
15
48
10
86
67
4
76
59
59
97
78
23
24
34
66
7
7
26
16
9
68
3
82
34
52
29
39
24
77
30
27
14
64
79
26
22
149
15
32
143
101
56
12
32
27
40
48
21
62
99
63
68
36
20
48
138
19
124
101
34
127
47
68
28
57
5
88
9
23
134
5
78
44
25
9
162
55
32
0
78
60
76
52
116
43
13
24
38
72
78
9
27
146
26
10
72
22
58
54
12
184
30
71
50
24
21
6
23
20
57
13
54
83
81
37
0
67
136
29
58
25
31
68
14
38
30
66
71
198
7
91
45
0
51
9
63
3
58
22
94
89
30
49
55
49
30
28
5
35
9
58
5
13
8
52
68
35
78
93
19
52
31
117
94
101
80
85
40
4
8
102
131
69
53
128
16
81
28
86
76
27
11
60
37
15
41
68
37
80
12
22
19
0
66
35
4
141
73
17
21
78
66
23
17
30
7
81
93
62
56
51
0
18
33
97
3
11
33
114
14
57
60
6
23
15
50
87
10
31
56
7
59
127
55
20
98
6
6
39
92
140
25
92
48
19
19
62
25
52
98
47
4
123
5
24
3
100
94
45
104
121
17
7
31
120
30
53
63
40
73
14
69
68
30
11
53
89
64
59
33
104
117
82
39
73
14
122
27
89
7
20
15
56
0
26
28
33
56
54
110
61
54
1
21
64
13
54
119
39
12
50
37
174
8
60
0
67
38
62
24
11
4
22
70
11
53
17
55
1
42
4
115
13
155
32
115
34
63
9
56
41
82
52
19
71
110
84
63
21
49
61
6
60
92
8
16
13
77
60
43
73
12
58
44
76
60
58
58
82
58
76
17
64
58
49
24
59
47
10
61
6
11
76
16
9
5
14
45
14
51
39
75
5
25
22
96
32
60
82
3
14
80
130
120
100
22
83
2
2
35
54
16
2
53
23
135
3
11
14
10
82
9
43
15
55
40
25
27
52
67
90
72
44
43
19
76
79
17
88
45
3
26
16
81
2
56
11
79
83
38
89
144
93
42
3
38
116
94
45
30
22
66
63
11
40
3
44
8
17
133
44
79
33
115
121
27
92
53
31
19
83
57
39
16
24
90
47
112
33
68
26
69
14
26
52
17
47
20
71
36
36
28
61
38
35
1
54
24
14
2
54
47
5
21
61
59
113
84
50
0
27
172
41
55
66
23
35
29
67
53
40
2
32
70
33
65
61
66
63
30
65
109
5
71
40
38
81
8
20
63
36
29
56
66
36
116
42
15
78
121
18
31
65
71
12
16
1
36
186
25
7
6
36
92
19
51
87
37
2
24
62
69
30
49
131
34
35
17
64
25
53
77
72
20
2
58
29
61
86
5
28
42
106
30
44
45
11
52
2
55
114
44
2
70
127
42
18
104
39
11
58
39
63
16
3
26
77
24
84
60
8
40
5
55
28
26
64
6
72
21
33
39
1
87
23
89
1
55
33
22
97
80
38
17
43
26
18
11
58
66
83
73
14
19
39
94
5
54
14
80
4
97
39
86
5
71
129
46
91
126
18
27
13
27
61
37
49
22
4
74
66
76
107
25
54
62
72
55
34
21
93
47
82
1
11
55
83
74
63
10
42
10
100
102
32
5
34
43
161
11
57
12
53
95
41
45
39
76
93
82
28
36
35
67
5
39
60
121
44
40
50
50
93
68
24
68
26
26
65
43
78
25
36
96
17
6
44
67
5
8
23
17
20
51
73
3
53
21
39
51
47
68
89
87
105
149
27
56
58
49
15
53
23
9
48
1
69
32
55
12
63
60
81
15
12
43
14
11
147
124
59
96
169
50
64
60
4
43
21
6
11
75
33
43
20
30
14
23
14
39
1
39
43
109
31
72
0
45
6
71
68
39
64
148
3
98
67
44
106
9
77
55
135
17
68
59
34
3
25
102
79
59
23
55
15
54
15
44
16
65
7
52
125
43
69
21
49
14
26
6
71
9
67
9
15
126
14
50
71
97
13
15
104
17
3
50
1
56
41
151
37
10
50
107
97
53
2
112
44
21
84
30
30
70
12
14
97
12
6
38
10
6
146
101
68
8
40
18
39
51
5
69
14
11
114
43
68
62
14
52
86
74
35
17
73
95
57
47
8
82
19
53
14
67
21
4
26
4
5
78
87
23
104
8
38
51
10
22
8
21
42
21
34
55
33
89
114
15
56
10
63
28
81
63
149
51
92
130
5
57
34
40
71
25
29
18
13
104
8
73
81
24
28
49
64
13
33
61
25
9
36
102
119
49
29
50
23
12
17
41
84
57
94
90
46
6
22
31
50
10
58
43
39
24
2
12
14
98
39
51
27
40
72
63
78
10
48
6
64
12
76
48
51
106
18
35
19
32
44
39
22
92
11
21
77
3
95
21
63
27
49
41
45
65
79
50
66
37
25
55
67
37
14
38
57
35
32
29
43
4
69
35
10
44
15
13
67
14
39
120
53
40
76
45
24
52
48
44
11
6
6
17
57
62
29
17
9
12
18
27
13
19
1
30
38
91
8
46
37
41
122
18
73
6
49
30
24
3
50
16
57
43
25
57
35
69
39
27
72
54
54
27
56
13
17
9
101
37
89
50
120
10
85
40
26
59
72
57
34
6
5
25
26
38
63
47
57
77
2
77
158
3
43
44
38
141
56
22
6
23
3
35
20
35
59
50
44
47
34
4
23
25
80
3
23
41
7
30
10
51
46
31
1
111
36
21
3
12
100
9
39
66
7
31
27
36
29
41
68
13
48
0
7
60
17
148
13
44
47
180
5
11
56
114
3
24
74
69
11
73
26
12
52
33
47
7
127
12
14
2
17
70
49
62
29
24
67
33
2
14
12
103
12
0
9
130
59
37
52
13
59
20
2
21
43
30
142
21
55
30
51
57
6
20
18
92
29
51
17
5
5
22
3
8
32
41
57
48
34
49
35
21
32
72
43
2
21
52
88
51
69
57
12
61
39
26
23
73
37
49
135
7
23
113
46
24
34
39
90
59
8
31
52
58
52
5
103
67
45
35
68
48
33
25
40
78
65
7
126
85
14
18
90
39
4
40
11
70
51
61
3
15
1
52
65
69
78
59
8
72
26
31
42
21
17
6
42
39
9
20
118
16
79
0
33
122
6
46
15
11
55
72
53
13
29
19
76
15
53
41
13
30
26
4
6
112
104
13
53
8
2
74
143
17
29
53
38
5
17
9
11
2
72
179
19
18
15
71
38
8
48
132
47
25
41
66
11
1
38
24
46
85
28
38
50
57
22
113
106
11
42
74
20
68
55
19
26
33
5
116
24
12
54
4
67
92
16
10
87
55
79
15
24
9
21
21
66
27
77
17
34
111
26
16
59
26
114
12
25
4
55
17
3
4
14
49
15
104
61
7
28
29
50
67
28
41
37
27
44
38
76
78
39
9
77
26
21
12
36
34
36
56
49
61
2
87
40
11
22
11
1
5
39
71
45
6
56
54
5
8
65
35
66
14
26
52
16
12
21
112
37
48
80
76
10
35
88
66
39
11
27
59
68
75
25
12
81
55
21
11
78
24
62
0
29
35
5
3
44
152
109
2
113
19
14
87
23
38
79
83
90
15
81
8
43
108
95
21
31
17
91
5
9
88
78
44
75
79
43
46
13
17
85
77
70
12
10
94
51
44
18
22
7
45
13
37
14
43
14
16
11
21
25
61
24
67
3
94
61
76
68
80
19
66
79
58
25
69
12
30
40
52
38
23
4
9
70
40
57
4
60
37
43
89
40
28
49
70
78
29
15
12
30
7
58
4
43
23
22
89
28
7
50
1
94
29
25
10
81
60
51
2
31
28
7
17
26
4
85
100
45
57
71
75
131
71
40
6
71
71
3
1
7
13
59
1
5
55
12
71
63
53
59
59
7
7
51
58
7
70
20
28
129
1
22
4
17
20
46
17
4
61
75
79
30
113
30
69
14
24
33
15
55
11
52
81
63
46
79
29
36
19
26
89
44
10
42
7
20
134
19
6
3
15
13
68
27
124
55
9
3
48
42
8
0
49
58
17
17
60
23
131
6
71
56
17
25
70
55
24
161
53
30
37
64
48
11
111
0
7
37
72
30
24
60
22
19
10
82
33
9
1
3
29
10
14
30
43
30
94
43
7
39
18
15
5
31
45
0
52
40
34
21
96
92
53
16
43
53
39
68
9
54
46
9
11
2
76
8
49
68
60
17
34
35
102
61
49
67
93
15
37
20
13
2
86
7
51
0
38
49
41
54
71
101
11
26
32
121
92
18
11
41
50
17
65
19
8
7
16
6
42
22
22
34
73
97
23
66
35
3
6
66
68
11
20
29
32
70
15
21
12
75
24
55
32
28
73
24
72
56
51
78
33
8
22
92
5
4
22
45
34
30
48
13
29
30
38
46
25
13
12
55
43
89
26
48
52
18
30
24
54
32
35
32
12
70
50
19
10
68
4
5
30
18
88
72
54
68
40
25
56
1
63
35
39
22
7
4
43
35
41
44
61
113
7
27
32
58
44
111
87
8
11
61
13
7
13
50
48
32
43
91
20
81
45
8
4
51
20
21
20
60
14
18
26
2
9
6
18
14
59
61
22
36
24
4
30
70
49
6
59
28
55
5
33
20
14
60
54
72
22
27
17
9
16
3
22
31
2
87
110
4
13
49
1
62
21
7
32
29
55
66
54
12
73
49
58
7
40
41
112
41
15
65
7
20
89
17
53
30
15
12
38
3
7
17
33
12
74
9
71
6
48
119
15
99
20
17
23
43
19
2
58
70
106
31
16
16
15
48
80
3
33
26
68
86
19
15
22
50
15
27
21
10
29
84
7
36
56
56
68
65
4
47
100
62
47
1
26
14
57
73
70
55
26
58
83
77
21
79
49
44
0
50
38
21
9
75
2
75
1
25
9
37
9
13
1
14
18
65
64
85
5
44
40
29
6
27
6
6
29
42
52
18
110
41
35
0
5
65
33
84
24
38
40
50
17
29
83
70
29
13
28
46
8
26
48
63
6
68
5
36
8
2
5
42
11
51
77
33
19
72
10
42
2
10
59
56
8
15
33
17
26
29
73
36
39
67
13
45
97
70
53
35
44
26
25
1
71
9
27
58
61
8
20
126
19
17
2
35
19
9
29
19
46
8
2
62
57
3
45
59
4
74
93
23
66
102
9
10
46
31
38
56
32
24
43
59
33
30
83
36
87
9
52
46
3
59
90
46
14
12
35
13
16
10
26
66
13
43
1
12
23
19
57
39
60
10
30
28
8
84
22
34
22
11
19
21
4
23
10
3
36
75
37
42
19
107
37
34
66
21
12
32
56
24
14
25
10
6
103
13
16
20
3
2
22
57
48
0
10
2
34
60
60
0
44
22
55
51
32
9
64
26
82
11
23
22
22
26
0
69
33
10
103
24
12
17
1
23
44
60
0
8
18
25
23
43
23
20
57
6
103
9
21
25
27
62
11
7
0
96
34
25
30
81
3
28
2
29
32
11
36
38
60
38
33
29
25
0
16
10
5
65
56
31
24
76
26
67
64
50
35
25
27
63
13
85
33
27
3
20
4
16
18
16
21
42
69
20
43
44
6
21
36
5
27
11
17
43
44
49
11
19
49
16
69
24
44
36
6
37
8
33
23
64
11
68
95
51
7
42
23
63
32
89
4
3
82
10
27
6
13
47
63
7
41
9
17
7
44
48
21
59
3
50
1
29
26
108
12
17
47
51
11
46
0
13
82
16
63
14
62
51
7
12
50
62
17
26
47
12
37
58
26
52
26
37
9
6
23
96
13
85
25
26
20
11
6
31
38
69
44
2
40
24
3
37
88
35
102
40
6
53
17
5
86
18
50
4
5
82
29
32
40
17
49
13
19
70
57
9
44
19
2
22
17
21
33
4
29
4
9
61
6
51
26
7
31
8
22
5
25
45
8
38
54
115
29
37
12
57
1
23
16
20
34
0
68
32
26
73
4
11
42
44
41
84
36
18
62
0
12
42
38
9
3
28
33
35
8
37
51
4
21
12
1
21
12
39
1
9
36
48
36
41
10
17
34
4
38
53
63
10
89
5
28
35
102
40
14
13
9
48
3
60
47
16
32
23
34
1
69
23
30
23
0
14
42
29
2
104
35
23
15
42
13
32
11
42
51
19
17
16
1
64
18
14
48
10
6
35
1
16
25
7
11
23
27
28
55
47
35
60
15
81
17
15
74
22
2
11
34
68
3
17
18
1
3
35
23
82
42
65
6
14
21
45
14
17
33
58
64
12
31
27
11
19
63
26
11
14
2
78
52
25
23
37
10
38
30
15
13
20
45
45
2
6
65
52
17
37
19
20
23
23
69
47
23
63
18
10
12
14
25
40
19
49
54
36
74
4
4
33
31
36
54
22
24
29
0
15
62
22
10
71
9
23
4
4
13
29
30
24
73
110
66
39
2
109
12
9
5
1
88
27
15
44
24
22
14
37
55
20
2
23
13
47
24
67
38
47
4
27
17
11
28
57
15
7
28
31
17
19
7
70
8
0
1
21
26
32
49
3
26
59
23
86
13
28
31
14
69
38
37
2
9
36
5
14
59
6
9
6
5
30
10
32
2
28
39
17
49
10
24
13
26
72
40
16
8
42
41
34
21
23
4
23
8
8
13
9
58
34
50
48
24
40
2
7
57
6
32
30
13
37
4
30
30
22
20
10
3
29
16
48
4
39
7
30
74
32
5
6
30
34
30
12
53
55
42
8
4
11
11
0
22
52
14
12
24
5
36
27
4
26
20
2
37
35
33
5
35
22
28
14
32
26
79
18
47
1
11
16
40
12
34
17
13
37
4
23
25
31
6
16
35
16
11
25
16
22
36
18
10
25
31
22
2
45
61
15
30
6
21
24
14
17
34
85
34
11
22
15
11
13
21
31
39
3
11
54
17
19
47
12
11
59
17
2
8
5
24
28
16
57
43
59
27
21
11
6
43
61
18
57
30
11
25
32
9
2
10
2
12
23
31
46
28
6
6
25
21
56
24
73
36
6
12
22
20
21
6
40
8
29
64
1
31
27
3
18
39
15
15
21
31
17
36
29
31
16
24
8
13
10
24
14
5
56
32
9
6
31
30
38
53
6
22
18
27
43
13
18
25
6
12
6
34
8
40
33
25
34
16
18
26
5
34
11
33
1
18
17
26
64
16
31
44
67
39
52
25
28
32
30
3
6
0
30
25
8
26
7
22
6
14
15
14
7
24
5
21
28
33
32
12
14
12
40
3
2
28
5
15
17
33
10
32
28
3
7
19
38
23
23
11
17
0
2
26
62
7
24
41
17
3
25
6
98
15
25
18
17
3
24
10
65
6
35
23
6
9
1
13
50
18
7
3
10
23
17
3
3
18
14
70
23
35
4
55
48
4
41
18
5
41
14
21
0
8
23
52
6
8
9
24
0
28
4
37
45
6
5
2
61
1
4
8
5
22
9
31
22
13
0
34
28
34
19
7
16
5
32
15
0
10
37
28
6
3
34
24
16
18
17
8
11
20
12
10
1
8
2
32
13
4
42
6
18
7
64
27
8
31
4
35
4
10
49
29
42
11
12
5
21
2
39
13
29
72
24
19
1
19
29
6
34
15
21
41
27
19
4
21
12
3
19
17
30
19
60
0
9
34
6
0
15
4
37
3
24
14
42
6
29
44
13
14
31
5
9
14
10
2
2
9
38
19
29
15
55
11
33
50
12
1
2
39
11
5
13
17
10
4
8
0
57
6
34
23
6
18
10
68
6
76
67
4
33
22
6
29
10
40
34
28
26
5
0
19
22
10
11
3
33
6
8
61
57
14
17
3
27
11
17
10
13
8
26
9
1
29
3
12
15
20
49
20
31
35
13
5
15
17
43
14
32
8
38
37
45
14
27
11
14
27
20
19
32
12
9
18
19
3
28
12
25
27
16
58
20
42
17
54
31
19
15
18
25
17
51
39
12
16
36
41
21
4
9
30
2
33
22
10
21
33
44
2
7
15
15
8
37
3
8
3
15
0
17
29
14
5
8
23
3
33
12
26
39
15
48
0
11
29
21
5
24
20
18
14
7
13
39
27
36
16
4
4
29
43
61
14
13
17
6
44
2
5
38
10
10
2
30
9
17
20
5
13
25
17
35
5
25
17
1
8
20
30
1
7
5
35
8
47
26
3
7
11
1
9
18
27
1
52
6
3
12
32
19
29
40
7
34
8
2
5
2
8
30
22
1
10
2
50
29
29
32
26
5
2
26
18
2
5
14
22
0
8
27
16
11
9
26
6
34
15
4
19
5
27
9
10
27
6
7
22
4
22
8
30
35
8
10
18
20
2
2
4
25
12
50
12
1
15
2
16
16
15
8
37
5
15
36
25
1
18
16
22
14
13
3
1
10
1
10
17
36
13
1
31
49
12
20
18
6
4
1
6
1
18
6
2
9
28
34
20
10
11
1
19
25
14
18
9
13
11
11
1
2
6
12
12
4
0
3
26
7
11
23
17
41
25
20
9
6
20
7
23
30
5
3
8
8
3
8
25
17
24
5
5
8
4
13
11
8
12
9
9
17
40
1
13
14
6
8
21
24
22
4
20
7
23
12
11
16
28
1
8
5
1
2
18
10
25
4
7
25
11
14
21
4
14
3
3
35
19
17
4
11
8
17
1
15
22
3
13
17
22
40
3
33
5
21
6
2
6
19
17
5
11
3
17
22
19
3
1
1
7
6
25
2
11
9
4
8
20
14
8
27
8
13
8
9
7
9
4
18
7
0
12
2
7
13
6
10
6
15
12
11
2
14
18
7
8
1
1
0
11
4
14
8
2
12
17
1
7
4
10
6
2
9
5
16
16
3
9
16
1
0
15
25
23
7
8
2
4
4
6
24
6
1
31
6
8
1
15
9
4
1
3
21
18
4
0
2
5
12
3
12
5
2
4
1
2
9
7
0
0
9
3
16
24
10
8
15
1
13
7
0
4
6
2
12
12
7
9
3
0
13
1
10
8
12
0
11
5
12
12
6
7
2
7
1
15
8
7
1
11
11
2
9
6
3
0
4
0
0
14
8
5
2
2
10
2
2
4
5
9
4
1
1
4
4
1
1
15
1
4
1
1
2
7
2
4
1
1
0
2
1
3
5
1
3
2
1
1
0
