5
14
47
24
5
5
4
6
5
1
2
13
39
7
13
21
2
11
5
2
23
17
20
4
13
5
9
13
12
19
26
38
4
26
16
23
3
8
12
10
4
19
2
18
10
38
7
26
8
32
4
6
15
13
1
6
6
13
26
18
5
9
20
51
11
20
20
3
37
15
21
4
34
1
3
19
0
30
12
19
21
29
6
6
7
14
12
8
28
11
6
14
5
30
9
6
20
22
44
3
27
33
22
16
19
40
1
31
6
14
8
15
3
21
5
7
5
13
3
1
8
22
10
30
10
5
13
19
12
12
27
9
7
1
34
0
63
24
6
3
8
8
42
6
12
13
14
22
35
37
26
1
11
6
31
22
35
2
17
17
13
31
3
3
33
36
15
11
13
13
43
9
11
33
3
13
23
19
26
15
2
20
8
29
3
20
5
3
25
4
1
24
20
23
20
7
2
23
9
5
21
4
4
4
13
28
7
12
13
3
10
3
10
16
16
22
13
36
28
4
2
7
18
21
20
23
5
5
11
12
5
15
9
0
8
25
9
1
4
1
12
17
1
16
21
34
11
19
39
30
35
11
26
11
7
5
7
9
2
3
2
12
15
8
4
8
12
5
17
10
15
11
11
4
10
18
20
7
2
20
6
10
4
9
17
4
8
18
13
2
2
2
12
24
4
0
16
4
25
10
28
9
2
23
5
8
8
15
6
10
4
8
6
2
15
8
13
0
3
7
12
8
6
9
9
5
1
11
6
27
6
0
2
0
11
10
1
7
15
0
2
15
13
3
8
2
8
4
2
1
6
4
15
4
13
5
7
1
17
6
9
0
26
1
1
24
17
21
0
3
17
5
1
8
11
16
6
10
6
15
6
9
9
5
2
8
7
7
6
9
15
2
4
11
1
2
8
7
2
10
6
5
10
8
13
6
2
6
5
1
2
8
10
7
2
8
2
1
4
2
6
7
7
2
1
6
2
10
3
1
2
5
3
6
0
2
3
2
4
2
2
1
2
0
3
0
0
1
1
2
