13
29
26
11
76
3
1
80
46
4
85
102
6
16
27
13
40
20
20
136
28
5
19
10
8
2
57
2
13
88
11
44
25
180
86
30
33
44
15
21
11
2
18
67
24
56
0
81
30
45
33
26
16
53
44
54
16
22
72
114
10
8
36
11
38
6
42
6
61
25
127
8
43
12
34
131
84
14
8
6
72
1
32
52
20
64
52
63
28
55
58
3
80
69
15
135
2
29
113
4
18
20
90
22
70
5
13
49
96
3
71
53
53
1
44
19
49
130
28
7
65
114
159
15
5
14
36
18
106
67
33
134
83
47
92
37
3
38
15
55
59
92
97
79
75
41
61
100
19
25
110
52
47
27
102
107
90
8
27
30
81
10
81
9
7
1
59
20
27
8
159
22
64
56
17
41
92
1
31
38
171
54
64
44
77
8
94
98
91
36
24
76
45
22
37
98
46
55
53
33
136
36
14
31
14
35
78
13
46
87
70
68
20
139
72
48
18
121
34
44
24
24
4
53
41
59
71
4
6
64
71
55
11
194
99
58
160
9
20
34
103
17
89
33
83
45
133
70
48
136
7
89
105
98
5
123
66
87
22
49
91
69
77
22
6
31
16
59
23
52
3
55
13
46
60
93
1
11
84
83
3
30
1
5
22
184
4
75
14
31
73
12
36
57
56
116
144
91
162
27
10
100
22
69
51
137
12
6
69
91
21
23
13
49
59
119
38
3
23
27
62
50
6
38
9
4
32
90
105
55
128
145
63
46
79
18
109
136
7
17
24
134
94
70
118
39
20
30
66
17
37
51
3
2
50
66
42
7
39
27
18
38
67
62
38
0
64
69
33
128
3
29
60
16
37
12
69
7
37
15
80
12
14
57
4
46
70
3
73
20
84
27
16
80
19
25
15
58
5
90
44
52
4
39
96
68
112
60
49
12
48
123
2
3
128
105
55
26
36
95
44
96
15
105
103
7
33
144
17
70
84
72
5
18
5
74
27
52
64
68
30
78
94
0
20
41
8
42
53
32
72
33
6
27
149
17
27
60
48
37
77
13
70
87
57
122
35
20
16
21
34
100
36
97
58
56
11
21
49
18
84
85
5
45
85
67
16
119
35
6
23
1
26
107
143
91
68
39
66
57
9
21
74
45
32
20
18
72
13
34
33
70
79
0
3
66
73
24
14
69
54
22
58
14
53
54
44
4
5
33
15
171
118
26
41
57
7
57
53
18
117
41
13
56
103
84
61
79
10
19
35
80
73
22
103
126
30
69
130
79
101
80
68
17
25
184
40
66
136
32
13
61
11
106
5
35
16
5
54
39
75
43
8
24
4
121
6
66
105
116
48
9
23
5
28
183
11
42
4
46
24
52
9
49
24
39
1
45
63
44
63
22
25
78
78
40
53
105
2
75
23
41
54
86
3
30
53
102
50
25
26
6
23
49
53
82
82
34
60
95
44
67
24
127
54
10
37
30
24
15
53
59
75
58
7
9
146
27
164
46
35
5
57
77
37
7
58
7
35
57
110
19
63
122
32
159
65
43
73
12
53
44
17
89
173
70
10
10
102
70
12
5
19
42
127
10
16
13
9
5
24
26
11
69
27
55
90
9
104
43
20
31
10
46
70
72
21
4
28
56
72
27
40
79
77
89
50
77
97
13
54
33
21
57
25
6
29
69
115
18
70
70
140
98
130
4
77
21
25
26
76
4
13
63
77
96
110
39
14
119
9
38
1
78
17
6
11
118
2
31
49
85
29
23
67
49
18
78
64
17
50
49
83
20
27
77
0
8
87
49
82
156
45
48
63
29
11
82
83
0
33
9
76
42
29
12
23
19
52
3
92
10
76
41
6
94
38
60
118
37
65
58
28
80
170
36
12
48
19
29
87
11
73
20
27
61
30
109
6
21
102
95
30
109
21
113
89
31
94
3
45
9
54
0
19
19
11
64
65
54
7
12
7
36
73
23
26
104
53
18
90
29
87
41
79
46
144
53
15
82
12
76
59
7
45
22
36
57
8
100
7
79
44
20
38
36
12
9
109
12
36
13
1
7
15
18
78
96
38
19
72
37
18
14
49
73
21
21
31
67
77
3
76
52
109
11
42
4
25
82
80
85
34
78
60
43
12
8
12
17
62
5
27
27
20
22
120
89
19
139
15
26
40
28
12
40
70
18
67
60
59
67
79
37
36
45
30
4
79
73
36
101
60
46
91
17
123
8
5
18
0
38
31
8
156
14
7
138
35
128
45
104
16
39
61
45
13
35
27
27
22
14
95
29
117
101
50
32
23
5
31
46
85
1
46
60
28
12
5
36
62
79
46
7
33
28
29
18
18
25
13
106
42
33
74
93
110
21
4
17
51
55
72
22
29
2
12
84
30
109
26
34
61
45
30
33
4
18
81
35
70
80
68
62
8
6
45
37
41
129
4
69
34
86
6
4
78
18
29
59
26
66
7
21
53
195
76
6
112
2
20
14
65
26
92
48
59
51
35
35
94
48
132
22
2
1
41
17
3
55
32
34
33
67
23
12
0
25
31
120
59
39
74
67
21
5
61
77
38
119
147
30
20
23
15
81
101
30
36
110
13
55
36
27
75
34
37
32
19
87
41
29
134
67
38
62
22
13
46
74
94
25
39
3
38
15
112
57
39
37
54
50
4
62
148
2
7
63
5
44
102
97
83
131
116
38
74
35
88
18
8
8
84
95
27
112
105
0
14
3
24
150
0
31
99
30
40
14
57
19
47
93
1
1
120
90
73
8
4
30
54
27
33
15
21
98
93
61
14
2
62
21
156
52
69
47
28
21
37
14
77
9
16
28
84
11
27
29
53
72
149
20
97
117
74
47
22
2
52
53
99
23
71
19
12
14
65
85
63
8
44
24
61
21
61
142
101
45
49
34
50
32
57
11
2
13
1
58
80
32
21
106
10
43
1
30
29
14
8
58
99
58
5
41
11
119
56
31
68
49
77
96
17
33
37
104
39
73
50
46
41
35
69
20
94
59
17
3
99
59
9
71
35
28
30
14
37
56
23
41
14
15
24
11
81
27
36
3
45
64
49
27
102
81
83
31
2
9
54
63
87
55
18
22
158
95
31
58
8
76
22
0
27
31
10
64
55
38
68
8
25
32
29
108
28
19
66
20
8
81
24
2
56
46
27
43
59
12
10
86
35
61
61
36
4
9
46
50
30
5
31
38
18
8
12
50
6
54
33
51
66
23
119
23
133
70
16
65
53
16
35
22
26
59
80
3
55
12
2
36
81
30
23
80
29
33
31
131
7
39
30
21
50
79
85
52
15
17
22
49
17
84
23
61
104
23
8
5
38
42
37
87
24
7
22
60
59
22
15
50
50
44
0
32
42
57
92
6
4
4
7
148
69
7
63
39
40
69
97
6
29
42
11
45
6
26
21
5
125
33
3
5
30
4
107
48
55
11
61
69
30
77
54
26
25
31
22
111
31
51
20
8
82
14
24
3
8
95
7
52
30
123
69
69
80
47
35
49
1
14
32
10
15
56
83
1
10
7
2
90
8
28
152
7
40
64
50
27
25
10
87
19
54
8
106
76
64
80
89
14
115
20
31
8
1
82
12
25
26
4
87
37
39
20
40
95
27
10
38
26
10
21
131
52
20
71
4
87
36
72
97
27
23
36
9
27
21
13
105
22
42
18
48
47
51
5
12
10
80
15
24
24
46
77
43
50
36
97
17
63
51
78
134
93
89
136
41
18
0
109
31
25
2
10
67
84
41
88
67
1
118
5
27
2
46
86
25
34
6
66
92
19
1
9
28
33
65
78
52
60
16
85
19
1
4
11
18
60
23
53
22
96
39
0
11
4
48
92
34
27
31
4
86
62
96
29
50
39
61
26
24
36
9
46
43
6
58
72
4
52
37
38
38
104
11
46
11
96
47
31
11
51
54
15
115
58
13
83
89
55
93
44
8
58
27
28
6
27
52
55
46
45
4
38
23
53
13
66
34
58
36
18
46
2
11
62
12
75
30
42
60
83
12
51
29
125
40
124
52
1
8
87
53
3
125
22
86
69
14
39
6
1
7
28
19
30
48
103
8
69
30
46
35
6
27
53
23
84
176
98
31
64
81
25
46
20
36
12
13
56
51
68
4
94
46
47
17
65
4
31
21
28
56
8
10
24
24
18
8
6
56
35
25
79
35
71
31
81
62
17
13
35
88
43
1
12
39
18
62
131
43
102
12
41
7
47
85
20
19
98
97
23
104
78
24
10
8
43
38
20
34
17
82
2
48
57
24
14
20
26
99
24
44
79
52
12
10
64
50
24
4
47
88
33
30
6
1
54
30
14
14
21
34
52
45
38
12
24
0
29
13
39
22
38
25
34
47
26
17
65
27
51
7
22
53
33
5
61
9
23
19
80
58
4
65
6
8
12
22
40
23
54
120
38
2
56
10
94
12
16
47
92
18
106
53
6
26
12
38
32
57
11
11
39
20
63
57
9
85
39
55
4
4
18
15
32
30
13
27
131
29
9
74
31
20
29
30
7
164
41
56
142
26
7
19
39
78
85
40
7
60
16
31
91
50
18
18
152
40
48
31
52
19
34
64
11
4
15
95
17
24
30
19
32
15
8
47
15
42
46
52
46
67
21
68
0
8
10
14
140
2
69
45
63
34
52
51
21
87
62
11
10
30
28
62
15
108
28
21
69
38
96
39
42
0
36
16
41
46
51
18
13
19
9
34
108
84
19
29
36
82
66
92
85
67
4
65
10
31
15
71
67
37
33
28
50
10
40
18
6
37
100
11
38
38
39
65
42
31
37
20
1
33
33
48
17
56
42
29
94
26
22
34
89
27
85
8
82
13
25
73
35
43
53
2
24
19
37
4
45
10
28
77
20
109
75
16
23
90
78
32
32
45
8
101
21
14
4
85
51
30
26
22
79
58
42
43
18
25
38
52
46
59
81
52
49
12
12
0
20
104
16
29
45
16
19
16
120
40
16
48
27
72
10
4
15
21
114
154
22
6
68
81
77
95
46
77
14
41
26
24
116
56
22
0
22
19
0
23
52
72
94
100
27
100
12
157
29
1
20
127
1
51
32
7
23
3
56
53
110
22
119
90
42
108
16
29
3
16
2
6
22
79
36
62
44
67
55
26
57
99
67
98
50
5
7
111
15
74
29
16
41
49
48
24
8
16
31
63
34
56
55
46
32
26
12
45
21
63
2
2
6
72
10
16
16
137
28
35
7
45
93
20
126
80
21
58
39
27
33
77
10
29
14
24
29
22
39
59
12
81
76
13
53
24
22
30
89
54
51
31
132
80
32
48
31
8
17
43
11
83
54
50
12
25
18
16
33
58
4
13
18
18
45
49
44
12
14
29
22
25
145
44
26
17
29
10
4
10
14
2
1
3
16
40
15
46
4
62
38
70
20
26
9
86
19
24
39
66
70
20
15
28
74
46
28
47
60
58
97
123
22
2
0
12
54
9
34
22
55
71
36
47
29
3
98
20
79
50
61
11
27
47
44
27
47
21
14
21
27
51
87
51
13
21
23
12
102
81
18
8
42
12
18
6
0
19
5
50
49
42
16
45
27
10
10
43
30
49
48
66
24
44
78
21
21
8
79
26
76
8
43
68
58
39
48
98
86
74
24
2
10
5
1
16
29
172
21
69
12
27
4
4
11
60
112
57
36
57
46
104
4
11
43
32
44
33
28
19
1
2
76
133
4
29
28
10
39
3
22
27
26
17
67
60
28
114
44
7
5
16
52
30
4
9
41
14
12
14
5
29
65
24
2
4
23
79
27
16
7
28
76
8
14
56
55
26
27
46
29
19
93
7
23
6
6
45
39
11
105
23
7
8
46
39
20
56
51
93
10
72
2
55
25
55
14
58
51
27
11
9
26
102
37
78
61
33
20
7
43
15
28
42
11
46
51
72
56
59
37
2
5
10
18
36
64
14
79
3
12
62
40
19
69
5
31
11
52
73
14
7
34
14
16
38
78
21
9
77
46
1
24
50
84
11
10
23
15
5
6
10
14
22
29
41
75
66
5
11
39
62
48
100
41
4
5
76
14
27
35
124
37
18
85
52
57
4
9
22
55
3
39
3
74
75
17
12
21
23
41
45
64
91
24
36
69
32
10
18
22
18
4
18
63
35
16
33
30
44
3
105
47
24
77
14
53
29
37
26
25
61
16
71
30
49
87
35
7
20
71
6
97
11
106
48
12
13
77
35
25
44
67
23
67
42
53
6
50
78
11
4
44
17
2
13
56
25
15
3
28
4
2
41
9
33
28
14
14
33
30
5
0
41
16
31
13
41
13
53
25
51
17
6
68
54
22
65
47
43
15
13
31
82
37
35
62
26
13
13
13
5
34
18
40
2
22
28
45
61
13
86
7
38
36
23
30
32
38
27
5
37
20
30
21
74
49
26
26
13
20
34
10
23
6
58
53
40
1
18
46
29
37
21
112
21
72
15
7
32
16
138
42
56
52
12
15
2
28
8
0
42
49
25
81
26
34
16
48
30
8
10
13
10
27
17
26
1
54
53
2
86
5
8
12
28
12
121
42
30
27
12
28
60
42
59
1
45
29
32
8
9
17
2
59
33
72
26
40
50
2
13
35
26
11
25
9
49
9
25
50
41
38
50
27
50
14
22
41
12
64
33
10
21
73
20
23
0
34
35
25
93
2
63
16
27
4
31
9
29
105
118
9
24
25
44
20
23
35
24
38
40
11
38
18
28
70
24
24
35
69
51
85
58
7
94
43
20
55
13
20
10
33
2
43
5
72
23
26
59
36
43
12
10
62
9
8
37
46
29
13
73
14
2
33
8
39
52
13
47
1
9
49
45
14
24
90
22
45
17
3
69
40
44
11
67
26
70
54
3
65
39
36
64
70
18
7
27
54
9
29
30
4
0
28
65
38
2
23
100
55
48
1
20
14
31
7
9
55
75
10
20
5
17
6
83
21
20
17
14
25
59
48
5
57
39
16
39
8
56
37
7
30
7
6
21
40
31
19
100
2
38
105
29
91
9
15
10
56
16
21
26
20
10
15
16
18
26
4
5
2
17
12
36
9
97
50
16
25
54
42
34
31
7
22
51
72
36
47
14
27
19
67
58
10
19
4
14
4
62
42
36
31
15
60
8
5
4
20
7
36
55
31
14
8
19
47
15
37
42
15
4
18
18
28
17
9
15
43
27
72
17
11
4
34
36
38
42
31
44
9
49
30
13
25
6
35
40
28
5
1
13
38
62
39
5
32
95
20
9
41
25
4
19
13
19
25
47
21
25
70
75
20
7
33
63
2
20
7
21
37
32
16
93
4
41
24
14
2
61
55
4
47
1
31
72
11
29
9
11
35
54
15
26
34
6
3
1
100
24
50
45
32
38
15
26
1
24
22
19
8
47
31
4
20
9
10
13
30
30
77
64
4
1
71
27
50
25
36
44
3
36
64
4
21
16
15
23
40
28
28
33
43
25
19
15
1
16
23
8
9
34
13
11
33
34
16
61
6
11
27
8
6
31
16
54
27
53
7
41
16
35
17
22
15
31
66
54
17
17
19
28
61
6
103
17
29
21
2
6
1
71
10
32
6
22
27
18
36
34
42
31
26
26
33
36
5
4
43
35
13
24
31
24
7
9
49
4
18
7
9
25
32
9
7
13
42
21
18
9
58
26
94
41
27
19
3
10
5
3
10
7
18
39
31
37
24
6
8
49
39
20
40
68
7
13
29
35
28
45
14
17
15
10
45
24
17
0
14
10
16
9
4
11
19
30
14
83
34
54
21
24
26
31
27
3
13
24
16
40
20
32
51
9
40
43
19
22
29
42
53
15
4
38
4
27
21
48
20
38
14
47
6
7
20
34
58
13
15
5
32
28
1
19
47
3
31
13
33
22
9
63
37
2
2
10
79
51
7
45
9
15
34
79
2
23
14
7
51
25
13
8
40
34
24
77
56
66
51
16
12
60
49
97
8
36
2
50
28
3
45
27
7
9
24
12
3
75
24
16
13
15
11
0
30
51
29
23
66
27
24
21
5
29
23
42
34
24
26
4
58
52
23
10
0
5
22
48
30
14
37
10
1
13
25
30
4
11
20
32
34
12
45
66
25
26
19
4
20
10
22
26
17
52
25
6
51
44
49
37
62
5
8
25
36
25
1
5
8
6
40
24
29
73
64
64
26
7
23
37
14
94
4
31
44
10
25
47
39
46
38
46
28
11
13
10
6
21
14
47
7
19
10
2
24
3
27
16
21
30
19
6
23
10
29
6
20
34
50
15
32
30
16
25
47
12
39
25
13
30
4
31
12
69
24
15
21
31
7
47
16
1
45
28
22
10
16
24
29
4
26
41
39
21
43
37
5
74
23
12
4
39
35
48
5
8
1
7
43
29
16
38
18
1
26
34
17
15
21
5
30
18
16
33
35
7
15
46
25
4
33
60
33
23
14
29
26
8
16
11
21
47
26
5
27
9
30
3
25
6
23
8
30
22
2
19
9
44
34
21
42
11
38
6
9
7
4
2
36
7
36
10
10
38
17
28
31
47
18
33
9
15
9
3
25
23
32
10
44
6
16
7
5
7
17
22
15
1
16
24
1
6
36
8
72
26
78
44
41
20
19
18
27
45
20
39
15
13
24
14
17
31
14
11
18
3
29
37
23
34
14
8
54
23
67
20
23
18
0
21
3
14
2
17
9
21
13
24
34
24
11
30
5
16
1
14
47
0
37
15
8
3
8
8
36
23
9
7
6
49
9
1
13
47
10
19
31
31
0
14
16
32
16
3
36
4
0
17
11
18
23
41
1
40
28
5
19
58
35
17
7
9
12
16
5
6
0
10
14
6
15
59
16
36
12
28
13
34
6
15
7
24
49
38
14
11
31
9
70
6
5
13
5
25
6
15
31
29
29
40
2
4
17
1
13
4
29
5
2
28
2
12
5
18
22
20
2
20
36
6
6
39
38
25
55
22
7
11
21
11
44
7
40
34
44
13
45
26
32
36
8
33
25
19
32
1
39
10
11
29
18
1
32
27
25
12
15
26
8
12
25
9
11
8
13
37
6
25
15
19
36
25
23
8
11
40
29
26
21
35
24
21
20
38
15
21
15
62
5
9
4
21
29
32
7
4
11
19
1
7
0
33
21
21
6
13
3
34
20
2
9
16
26
5
12
14
26
1
29
23
51
17
8
7
7
12
2
10
17
23
2
2
7
28
34
2
8
10
0
11
22
8
1
17
20
9
19
5
68
27
1
18
21
3
20
20
1
2
30
19
40
25
1
20
39
6
27
14
22
22
17
4
17
4
14
9
18
4
11
26
4
19
34
20
8
32
14
9
16
9
10
21
16
3
27
0
14
4
8
11
9
13
39
1
18
19
48
1
11
24
19
27
7
29
7
10
39
38
14
7
7
27
4
12
25
8
11
7
45
3
2
1
8
59
0
12
37
18
25
25
0
15
15
30
15
8
10
16
9
1
26
7
5
11
14
16
4
4
26
28
1
8
32
9
18
1
20
32
6
24
4
28
19
6
22
26
28
1
20
4
8
1
3
13
3
34
17
3
27
3
25
14
7
8
11
17
20
8
0
8
3
13
1
8
19
17
32
18
15
10
20
0
1
23
29
7
7
9
1
15
20
35
5
27
18
15
6
9
13
8
5
21
30
2
3
4
21
12
7
15
11
9
4
10
12
5
18
0
17
1
5
17
6
11
1
8
22
33
17
9
9
19
1
13
27
2
22
18
8
7
3
12
4
21
9
16
22
11
6
2
4
8
4
9
15
3
9
19
18
4
19
5
18
18
15
13
15
21
4
17
5
0
12
9
17
25
9
9
13
0
11
19
12
9
3
7
13
7
12
0
2
14
18
12
12
3
8
5
3
4
7
10
6
16
21
6
7
17
11
24
10
4
4
12
3
8
19
1
23
3
9
26
24
9
3
1
4
6
0
8
1
1
2
6
2
23
27
17
14
16
9
1
15
7
0
0
2
9
5
24
7
9
2
11
3
2
0
5
0
0
15
1
6
7
3
1
1
7
2
2
21
8
3
1
6
2
8
22
11
2
15
6
4
2
2
9
19
4
3
10
2
12
0
5
1
6
2
0
16
2
0
5
12
7
12
5
4
3
4
4
1
3
13
4
4
5
9
0
4
2
5
2
1
3
0
3
2
2
1
2
0
