64
6
14
21
0
8
111
15
25
9
11
28
2
31
29
22
4
73
28
11
43
6
29
106
1
13
23
8
47
52
2
29
33
58
55
136
184
107
45
61
9
5
26
4
18
13
4
17
77
31
8
42
9
24
52
29
7
1
15
17
11
17
48
52
2
50
55
62
38
40
64
2
48
51
17
16
64
5
52
5
2
28
13
4
30
5
115
20
9
56
49
12
30
64
40
31
59
42
33
62
99
6
14
9
90
52
12
97
74
39
70
112
115
88
62
45
99
120
7
5
27
37
3
78
46
43
8
108
147
33
5
12
5
92
63
33
105
16
53
91
52
8
1
7
37
59
90
19
57
26
41
18
10
7
55
4
24
121
31
104
55
21
39
17
15
50
63
69
84
42
43
15
144
4
70
25
75
89
70
28
6
9
85
19
23
47
4
37
21
9
40
15
48
101
49
60
21
57
21
1
5
117
64
30
52
53
21
22
112
17
54
54
28
67
20
57
62
75
105
51
28
19
113
58
41
120
38
18
21
42
52
129
98
75
52
53
20
5
0
31
41
162
3
3
90
48
70
13
39
120
156
94
48
50
47
11
23
12
44
96
79
70
115
64
13
88
48
49
40
55
28
69
34
12
88
54
122
91
16
76
33
1
43
72
15
139
41
140
106
10
97
8
3
9
128
121
17
40
23
5
49
70
80
30
92
5
30
106
55
4
41
155
88
4
15
3
45
47
122
25
72
6
87
64
24
18
30
20
40
45
34
44
6
77
7
85
60
88
16
34
25
76
88
103
26
39
33
50
15
40
39
39
130
39
65
11
3
34
180
27
135
8
23
8
108
2
46
23
84
134
122
100
162
15
37
85
57
19
32
30
89
55
8
6
83
23
123
59
10
80
81
109
89
138
99
37
15
67
23
49
123
77
26
135
97
48
52
19
28
28
27
71
24
15
12
24
129
143
76
99
27
24
21
34
9
6
8
58
7
108
20
8
117
0
61
130
88
44
35
53
22
0
93
103
12
122
41
29
52
79
65
22
167
60
10
88
37
84
147
114
61
38
13
166
1
55
14
47
76
17
22
57
35
17
21
80
19
12
16
49
40
2
44
65
32
3
50
86
46
15
36
68
22
30
133
34
12
20
0
77
35
50
17
35
132
95
56
22
124
25
177
75
10
59
107
53
6
62
59
8
13
21
2
36
172
1
66
30
50
37
143
33
11
15
30
103
91
7
73
21
182
137
17
34
74
6
40
45
38
65
33
70
39
130
112
3
133
40
54
26
29
8
9
33
43
53
75
66
27
16
97
163
90
6
35
33
80
98
49
24
13
76
19
4
32
58
29
4
28
29
58
33
18
57
6
69
51
30
47
83
21
109
55
53
39
1
67
53
45
70
26
6
37
17
98
71
158
49
34
41
49
4
16
133
34
176
2
50
30
25
45
78
62
47
53
25
80
35
108
63
100
27
65
82
112
25
43
104
66
14
15
12
60
2
93
14
57
14
78
61
72
25
95
65
23
46
38
23
30
58
6
126
4
15
0
17
61
43
45
20
11
62
34
60
45
57
14
74
10
54
45
30
117
3
3
20
59
51
135
68
77
50
76
7
167
73
50
53
21
67
37
107
31
39
21
93
3
27
65
6
128
24
20
68
38
25
69
84
17
23
136
115
24
7
13
50
2
67
5
21
100
0
71
74
20
54
79
46
54
95
117
19
3
16
82
57
2
46
18
106
104
7
52
39
31
74
5
40
137
15
26
19
56
78
57
30
45
28
2
65
77
82
33
79
21
72
66
82
58
130
51
11
4
40
21
20
84
16
37
51
116
113
58
24
38
31
17
105
40
1
45
80
9
49
55
33
6
43
108
42
14
15
5
15
55
15
43
110
67
80
58
130
34
15
2
16
40
14
38
18
49
47
18
14
58
4
24
55
11
48
52
66
27
79
29
17
80
103
75
50
77
24
111
40
128
33
9
144
27
38
25
28
55
22
54
3
39
88
26
53
40
80
47
6
90
98
13
31
34
67
50
10
5
35
54
109
14
11
24
44
16
85
57
64
62
40
102
23
2
49
39
48
1
112
14
55
38
36
68
51
7
117
30
59
93
16
22
97
3
18
110
93
39
9
34
12
42
79
85
19
25
65
96
41
45
10
48
42
66
7
22
84
8
60
39
20
31
12
22
174
31
65
115
27
41
19
14
62
112
0
126
8
82
58
35
22
14
26
176
1
8
16
36
12
59
55
64
35
95
31
68
23
7
107
18
98
78
121
34
42
62
58
7
22
30
7
76
15
8
9
21
22
35
162
48
65
33
17
69
20
37
35
126
101
63
11
1
31
34
1
17
36
43
58
131
42
27
5
10
103
123
66
39
4
58
8
32
64
13
16
9
21
13
44
9
21
135
29
79
22
41
127
41
10
22
115
18
46
39
0
55
8
30
73
10
9
53
17
10
103
54
66
56
0
103
3
84
2
44
41
80
84
21
41
31
115
18
45
28
91
0
100
25
9
2
86
33
34
16
22
55
65
58
71
75
64
17
25
14
3
87
13
24
4
103
79
9
18
87
14
32
50
47
119
21
9
0
71
95
18
45
92
24
82
65
147
67
67
107
32
13
0
19
19
2
65
42
24
53
47
49
21
17
4
41
45
5
28
15
10
48
59
19
29
69
158
23
27
20
82
13
108
50
66
121
36
30
11
48
6
57
71
6
24
2
26
15
92
20
104
32
21
18
33
26
11
39
22
35
72
16
17
72
53
92
49
15
2
3
5
49
36
38
20
58
115
15
97
4
28
8
29
44
2
55
30
39
73
129
137
28
34
37
115
26
109
102
19
30
9
31
122
49
9
15
19
56
65
29
22
7
2
6
96
78
54
89
124
30
15
77
1
21
116
17
23
12
20
47
6
55
37
57
19
38
22
44
98
36
29
173
41
118
2
77
18
32
23
8
51
112
57
43
27
16
63
20
27
58
41
6
198
25
22
74
0
13
83
5
39
73
35
0
57
12
69
59
41
16
28
1
31
32
6
6
10
68
31
14
78
75
118
6
58
28
51
61
112
28
50
9
5
39
36
22
153
42
74
34
44
5
75
67
76
123
5
39
6
50
4
68
57
7
30
63
67
56
64
53
34
20
88
72
2
51
64
25
3
123
28
12
24
83
122
87
62
10
2
56
29
104
63
5
20
51
31
24
12
25
9
83
124
23
49
63
111
123
26
21
57
40
88
14
36
58
15
49
111
19
35
119
12
48
52
43
34
40
68
44
6
15
1
8
3
22
15
6
82
10
6
6
31
8
27
29
33
81
11
49
22
88
40
40
37
76
116
13
59
20
106
94
55
50
104
10
48
25
1
8
45
18
3
18
81
41
52
4
29
35
41
10
1
22
79
5
9
17
8
93
13
35
48
74
56
6
30
5
36
11
14
50
62
126
110
61
105
15
43
1
13
29
48
10
17
58
21
61
62
104
1
39
48
11
78
73
62
30
4
14
40
13
4
75
1
17
1
68
51
9
52
22
17
33
2
51
10
2
63
11
15
36
72
12
30
43
66
20
64
42
1
7
19
54
49
34
107
104
24
42
11
65
40
20
46
128
78
51
36
6
19
23
2
125
12
14
69
34
112
2
124
16
27
29
33
46
18
55
72
33
19
18
14
62
22
1
37
30
13
46
73
18
11
25
17
61
16
41
39
25
31
13
53
37
77
63
105
40
25
67
33
114
2
9
16
21
62
76
9
6
41
85
37
132
34
94
31
1
30
20
35
53
89
78
96
68
15
65
22
32
11
58
26
23
28
59
7
53
58
75
35
9
25
34
44
85
41
29
38
70
49
77
53
32
114
14
61
5
16
41
74
18
98
9
57
78
19
31
8
34
66
79
90
49
26
41
63
10
21
14
77
43
25
72
54
38
30
5
59
58
7
11
44
66
34
24
29
69
12
56
36
25
30
72
94
31
39
98
30
21
12
140
30
81
32
57
53
55
37
64
18
56
51
41
0
13
28
36
54
34
27
95
5
0
26
21
27
48
33
80
50
46
74
16
31
91
102
30
22
43
27
94
8
14
19
2
23
38
34
27
25
47
43
16
20
55
62
16
20
52
9
43
52
5
70
52
28
39
7
39
19
0
17
34
22
117
55
33
45
37
7
41
82
9
20
7
47
4
80
6
23
25
11
0
24
9
45
23
45
50
31
53
45
95
44
39
181
43
29
33
35
11
88
59
17
40
24
41
13
63
61
97
29
104
9
3
21
56
2
30
9
42
25
10
5
23
61
18
16
39
66
110
18
11
27
21
6
38
58
26
34
29
17
51
52
23
9
62
9
34
56
43
8
63
5
4
9
59
7
36
34
54
65
11
24
72
134
28
66
84
64
1
81
10
18
10
47
69
29
62
11
61
51
19
19
4
58
16
35
13
10
64
20
37
17
15
55
7
70
11
34
30
58
40
64
27
23
34
49
85
66
65
20
77
28
88
49
44
17
61
97
16
2
49
0
98
41
95
8
86
4
14
31
8
63
54
6
48
16
46
29
21
64
43
60
24
33
24
20
65
31
76
34
26
16
76
10
38
97
39
55
21
65
29
6
93
30
53
69
100
17
61
60
2
75
33
78
28
0
27
8
42
106
2
42
36
23
40
66
28
7
3
23
37
50
30
22
5
26
25
55
11
5
42
69
68
33
4
49
20
3
59
41
38
32
26
6
125
27
81
119
81
1
30
47
105
15
58
19
45
34
29
86
35
43
11
4
89
19
52
29
77
28
71
34
25
63
94
26
44
51
1
19
51
6
28
22
107
31
58
3
45
28
51
16
56
41
85
7
34
20
11
87
37
35
6
53
30
2
17
43
11
4
14
12
82
96
20
31
61
48
26
29
134
42
6
3
10
2
43
10
82
14
0
9
62
31
5
81
55
24
73
68
8
6
11
50
16
30
117
5
33
39
27
3
42
51
5
51
26
79
15
8
38
4
58
7
106
89
112
56
24
83
10
37
54
5
37
118
68
52
19
7
9
34
45
10
18
64
35
32
44
10
37
39
67
17
6
33
22
62
19
22
42
63
15
54
15
1
62
80
102
11
20
23
34
28
24
30
11
34
19
34
42
26
26
90
116
67
23
30
10
10
87
19
54
63
94
26
48
53
16
48
27
2
18
30
13
50
6
18
36
67
1
35
51
23
76
80
21
43
62
4
14
28
38
25
47
37
23
69
31
3
0
118
99
15
9
6
31
56
56
27
55
38
66
9
5
95
15
5
64
33
26
88
19
16
12
24
79
1
16
67
28
43
101
6
70
36
12
43
14
68
19
75
25
33
179
51
41
114
87
34
8
33
35
2
8
0
103
64
11
21
26
38
42
43
31
71
57
42
9
56
27
8
21
8
16
42
42
12
39
65
48
6
71
30
56
7
52
10
32
9
60
73
20
58
32
9
66
95
10
25
64
66
1
4
28
32
26
71
6
18
53
59
58
68
75
38
34
48
13
50
35
22
35
18
35
14
30
60
28
65
7
42
33
68
66
85
46
54
11
51
3
11
14
9
52
36
97
48
137
77
8
111
23
11
34
40
17
22
45
59
8
13
18
36
20
11
76
22
46
23
100
8
15
27
14
11
36
116
27
13
64
4
38
63
77
10
41
47
5
2
33
54
45
37
17
101
2
83
65
86
10
25
25
22
1
29
7
22
9
1
37
65
44
3
65
9
7
36
47
13
19
10
15
10
42
31
56
55
13
76
11
0
35
85
23
19
34
21
10
23
44
43
87
6
9
7
21
33
4
56
37
0
17
11
5
61
24
17
24
66
11
79
32
50
12
16
30
60
0
4
49
16
62
32
34
8
26
17
42
19
74
4
70
56
9
113
3
36
33
18
29
14
1
11
21
7
50
5
94
51
94
45
1
45
54
40
20
12
29
3
1
33
38
34
27
26
13
43
79
44
29
15
65
9
34
103
29
23
55
44
4
11
8
33
24
78
14
5
20
75
34
36
42
12
63
73
49
38
28
40
3
33
28
30
17
41
26
25
23
19
4
14
40
34
82
18
67
50
20
42
60
14
3
37
18
35
9
48
8
21
29
39
31
48
122
31
22
44
16
61
29
54
35
28
56
46
21
35
30
80
24
28
44
9
45
34
109
3
47
30
83
44
17
22
17
0
91
41
32
14
61
31
54
21
10
42
18
83
61
22
26
16
39
26
42
28
46
26
3
51
8
1
15
27
4
8
27
33
25
31
38
23
53
9
11
32
123
82
45
19
80
25
59
6
76
54
54
25
15
5
39
7
14
23
52
4
50
33
39
49
49
38
23
17
79
3
50
2
27
15
38
4
16
92
38
35
27
96
77
2
17
66
2
49
84
68
19
116
6
103
61
54
21
76
28
1
10
8
20
7
13
9
47
24
21
63
9
55
73
56
74
10
30
35
30
37
23
7
61
8
11
62
14
23
28
2
96
14
2
55
28
28
51
7
17
27
34
33
37
28
7
93
16
4
80
34
31
39
37
28
50
22
45
35
3
23
1
14
20
141
32
12
57
39
4
27
111
4
8
19
101
1
37
21
20
18
45
20
64
3
9
24
8
27
4
32
23
2
60
47
92
32
63
5
60
104
13
60
1
90
4
15
38
69
43
71
2
60
29
86
57
47
36
81
11
11
15
42
29
24
19
62
36
36
28
12
60
41
15
15
2
77
22
49
64
50
67
82
18
49
68
68
4
31
0
48
46
55
21
23
8
60
56
11
68
37
30
42
8
29
30
8
40
12
2
41
8
24
66
7
5
15
32
28
68
68
30
22
5
33
7
12
23
47
4
57
41
10
36
54
33
31
58
82
15
55
66
56
14
12
35
23
32
40
72
7
14
74
79
34
71
67
31
52
4
53
2
17
69
26
7
20
31
2
38
54
30
6
9
14
25
1
27
21
12
26
70
54
9
11
0
15
15
27
7
37
20
40
73
38
9
7
17
77
16
6
23
21
51
6
18
23
58
19
12
51
37
22
9
52
39
32
0
49
45
36
8
9
5
19
14
17
59
58
3
23
26
42
15
22
42
27
7
4
58
10
6
38
35
28
20
5
5
14
71
31
31
7
50
18
0
13
65
50
19
6
12
39
31
31
89
17
8
39
11
1
34
27
13
22
7
46
9
24
13
42
31
23
22
20
46
1
22
42
18
3
4
45
24
29
6
17
6
14
18
74
28
41
6
42
56
7
33
8
36
26
3
91
23
5
13
28
38
20
49
24
0
9
24
3
12
8
17
20
29
9
25
44
7
23
58
4
43
52
63
7
37
7
13
45
50
87
6
14
24
3
13
6
44
30
54
32
6
12
58
8
18
20
5
84
6
52
4
24
9
2
50
32
20
39
18
61
13
9
35
40
12
9
49
38
38
52
20
9
24
52
20
33
10
18
55
67
9
27
22
2
23
8
24
4
39
2
9
52
59
35
57
48
18
28
29
25
22
29
15
39
16
7
27
25
5
25
45
12
28
20
30
83
23
11
29
76
22
36
39
4
36
12
52
35
4
11
27
5
6
26
66
67
41
47
32
55
7
7
41
22
12
30
44
47
6
4
38
37
33
66
39
12
21
46
5
34
9
3
16
54
40
64
5
9
18
31
41
34
7
71
18
47
12
1
73
33
20
47
47
42
37
1
31
12
3
26
66
32
56
23
20
8
24
29
42
7
19
12
8
28
22
31
8
17
10
50
22
14
46
64
47
19
73
16
10
41
7
41
7
33
42
34
40
7
76
20
38
43
25
16
31
55
4
39
8
32
15
57
69
6
63
20
41
46
21
21
64
17
29
42
54
42
21
7
5
26
7
2
5
30
38
7
15
26
25
42
6
33
10
21
10
28
31
92
32
9
17
24
24
44
9
6
10
9
27
31
38
12
47
13
81
57
6
44
25
41
46
15
15
24
78
63
29
11
56
21
2
14
29
8
85
2
41
31
1
10
11
11
22
19
29
11
0
90
51
2
52
76
33
9
13
7
23
0
2
38
11
18
50
10
66
29
21
13
40
13
6
29
35
31
2
19
15
19
23
64
25
6
3
35
3
27
23
23
36
19
30
8
17
22
20
24
31
45
5
19
33
35
32
30
9
12
28
16
2
12
22
54
28
28
3
6
14
9
6
45
34
57
49
15
55
3
28
13
36
47
40
3
15
56
20
19
24
2
55
43
23
38
8
15
19
18
74
1
4
19
33
8
16
16
4
29
25
28
20
59
28
8
11
31
59
4
20
1
37
29
0
14
5
13
35
6
21
18
2
36
23
57
37
11
9
20
35
71
36
22
2
24
43
19
11
5
14
25
20
14
48
0
12
6
15
14
3
51
9
3
2
4
63
28
43
11
24
1
30
9
1
55
0
21
28
5
35
32
2
23
35
58
4
36
5
30
7
14
21
11
78
27
10
3
1
10
21
22
61
39
18
35
8
44
67
32
28
21
14
3
44
17
13
32
29
52
4
24
26
2
40
3
39
36
11
67
54
35
12
13
25
1
55
6
50
11
22
6
15
19
3
87
10
44
1
12
3
50
45
13
33
13
34
37
5
5
27
36
34
3
15
26
14
33
1
55
62
15
11
46
1
23
6
20
85
23
25
37
30
39
6
0
18
5
5
24
21
19
24
12
48
42
24
9
41
23
5
52
13
31
43
23
77
33
9
47
1
4
35
8
2
17
7
31
27
52
8
6
4
15
11
65
7
50
42
28
22
25
15
20
33
49
19
14
5
21
9
2
43
33
41
34
6
4
15
19
8
8
23
39
24
7
5
26
17
40
39
9
26
19
47
1
39
52
6
23
15
17
15
47
1
21
40
36
53
7
6
5
13
8
21
35
21
23
19
25
22
35
24
10
1
33
4
28
18
7
19
12
33
1
24
14
12
15
14
39
50
3
25
11
16
28
21
1
21
12
15
3
24
22
8
13
19
30
11
0
8
5
4
16
52
12
13
3
24
33
57
1
33
3
10
21
19
32
5
26
17
5
11
36
2
34
12
30
25
46
7
30
12
1
13
32
17
8
18
13
19
29
11
26
5
9
5
35
1
32
22
41
20
5
8
30
18
27
27
26
24
13
16
20
41
28
34
4
10
10
13
27
1
18
16
35
24
32
10
40
16
15
30
12
19
9
6
58
6
39
26
2
27
7
4
15
14
2
3
14
22
50
36
43
3
3
21
1
31
26
19
17
32
26
7
10
2
17
3
29
30
5
9
6
5
21
29
6
10
21
5
18
21
45
14
25
4
2
8
32
27
1
33
19
4
8
23
10
2
9
14
13
26
8
8
11
5
25
15
44
18
8
10
10
1
10
25
2
21
36
14
14
2
6
20
3
13
16
42
13
24
13
5
0
14
31
2
18
15
3
12
21
22
7
2
20
26
2
21
18
9
21
12
27
19
6
1
48
7
7
16
2
9
0
24
33
10
52
1
1
12
26
9
3
8
11
16
0
0
13
33
12
7
34
10
28
7
49
3
25
3
17
9
4
12
15
20
7
11
8
1
17
30
2
14
1
15
7
21
21
16
8
12
20
18
37
11
58
18
32
8
1
12
38
7
12
24
26
23
12
4
3
7
9
23
10
29
3
13
24
18
3
16
4
22
10
2
52
11
24
17
5
19
7
23
11
7
11
1
36
28
11
2
43
13
10
12
5
8
0
15
16
0
9
11
5
20
3
4
21
4
38
12
5
5
6
6
20
15
28
3
8
24
5
11
2
19
2
7
5
9
20
15
13
18
4
8
4
11
1
4
1
19
2
36
27
3
15
9
15
4
2
23
16
6
3
4
11
16
9
13
14
16
2
12
6
8
14
6
6
19
20
18
6
3
5
1
13
1
13
20
2
26
10
29
3
16
11
8
3
5
1
18
2
2
21
22
3
14
12
5
2
1
12
0
4
2
12
10
12
28
0
6
1
6
8
22
2
6
7
11
0
5
6
1
3
19
4
5
3
6
10
4
3
5
7
2
0
15
13
27
5
1
1
9
15
1
12
1
10
6
1
8
13
6
4
1
2
4
4
4
14
4
2
2
11
5
2
0
5
3
1
6
0
4
11
8
14
4
4
15
4
3
14
5
3
6
7
1
2
7
10
2
17
0
9
6
8
5
1
4
12
3
2
2
2
6
5
1
4
4
10
4
6
1
5
6
1
7
3
3
1
5
4
0
2
0
2
0
2
1
1
2
3
1
1
1
4
1
1
