29
59
19
21
2
2
19
7
49
31
7
7
35
4
56
3
6
57
14
4
38
46
61
7
20
3
22
78
58
48
50
12
31
22
1
24
1
11
36
58
23
20
58
61
13
8
38
20
121
26
71
9
148
15
49
98
13
11
80
48
114
62
79
9
58
25
76
57
27
45
8
57
82
106
1
89
10
21
44
61
67
9
101
119
32
55
43
93
6
62
11
20
74
2
37
165
5
40
57
47
1
81
33
64
69
12
80
57
16
6
22
48
98
105
71
18
38
91
12
25
107
72
58
42
12
26
7
105
63
112
18
58
168
10
14
143
61
21
7
53
89
66
39
33
46
36
77
140
43
81
23
64
5
19
109
30
17
52
45
55
42
160
187
2
55
11
50
31
29
18
14
78
127
84
42
7
143
69
102
68
17
36
112
21
51
18
20
41
129
18
54
106
69
3
142
43
31
8
26
55
131
66
69
41
106
179
57
67
3
75
49
26
21
27
63
92
66
81
21
7
117
28
64
63
48
33
6
81
18
99
134
195
130
19
7
40
30
13
24
44
10
66
35
28
1
3
22
63
2
72
63
50
80
32
86
29
19
27
80
55
16
87
68
10
51
114
22
11
11
143
109
21
73
39
8
87
15
62
31
57
55
15
94
68
46
41
24
90
118
20
42
2
41
4
11
8
3
153
43
19
47
114
37
43
73
113
18
22
55
11
20
108
89
10
21
28
56
16
46
40
127
7
32
87
9
40
56
114
114
49
98
50
164
64
32
71
11
13
33
5
81
112
5
127
87
67
122
17
105
29
3
24
41
15
65
46
40
75
9
4
16
45
22
32
67
25
21
22
10
52
12
49
20
7
59
25
70
19
78
6
45
163
4
46
15
81
81
45
95
91
83
22
65
51
13
91
34
40
6
31
105
18
80
0
32
17
15
42
57
39
98
0
33
28
61
59
27
27
58
46
34
28
28
47
38
51
81
25
23
10
108
23
38
21
1
22
95
23
36
71
74
34
26
15
32
18
105
99
123
59
41
52
152
33
9
82
46
38
32
98
18
63
69
12
13
99
7
115
44
101
53
7
39
69
46
18
34
83
38
64
1
3
22
78
16
43
52
35
57
38
118
38
117
132
78
14
18
23
8
2
115
87
34
20
11
6
136
9
14
81
50
10
66
36
25
34
57
90
46
98
53
29
25
45
75
8
60
11
94
74
59
94
3
135
72
3
67
6
27
114
28
81
10
38
121
29
99
16
9
70
128
15
64
58
15
21
21
28
16
36
99
22
29
137
57
74
136
5
55
84
8
91
134
85
79
74
11
12
57
71
62
33
2
27
58
16
97
49
6
32
24
37
90
24
41
108
94
72
105
33
70
82
12
15
30
103
47
28
16
54
64
13
134
20
42
82
29
26
107
78
80
55
38
32
122
16
85
27
127
46
55
50
40
31
100
17
39
87
105
7
37
44
46
35
35
40
88
17
61
65
4
40
13
73
42
90
45
37
91
32
22
2
25
6
138
72
0
0
72
53
22
40
32
34
12
40
19
33
88
6
136
71
31
53
71
62
83
72
102
52
14
43
66
158
47
63
67
69
83
14
75
98
83
19
1
37
24
57
52
79
32
51
42
8
33
20
4
27
43
23
21
115
27
129
90
123
30
82
126
22
23
25
166
5
95
41
60
39
66
62
11
18
118
50
12
52
41
71
31
37
35
14
36
43
83
2
95
119
40
14
25
61
35
34
21
13
4
47
112
38
30
31
18
40
3
10
16
6
21
53
30
31
56
78
0
61
127
54
20
16
110
17
66
52
45
81
61
59
61
110
30
24
62
63
8
7
112
85
89
161
101
42
33
7
56
31
111
37
44
49
25
80
9
56
53
24
87
110
25
10
136
62
93
22
67
2
64
28
44
71
78
1
9
28
62
21
31
35
28
74
109
3
61
21
45
53
4
63
110
70
43
36
20
4
117
72
38
4
12
46
72
44
37
41
48
97
7
70
6
35
52
52
37
40
68
57
10
48
1
42
17
3
3
12
16
34
20
70
135
97
17
70
68
34
57
110
68
52
19
72
19
46
27
106
11
13
95
65
81
29
28
97
30
23
20
39
129
16
78
35
110
93
19
58
44
18
49
45
71
84
5
64
12
19
5
42
116
41
23
3
28
84
7
69
49
43
7
36
39
35
30
44
42
90
103
15
1
58
7
147
55
4
121
37
44
19
114
37
14
67
4
25
9
96
21
0
60
19
33
4
18
48
15
37
36
27
32
37
43
20
66
21
58
151
10
8
42
53
44
46
43
9
5
26
44
88
75
5
32
8
96
112
39
28
17
9
20
54
3
18
30
103
96
12
117
66
169
95
6
3
19
31
53
67
41
63
93
59
110
48
48
23
47
54
12
13
23
31
29
55
16
65
21
35
30
10
19
105
39
33
97
60
34
25
111
14
29
57
139
71
22
31
70
40
84
78
11
17
43
26
46
29
36
16
8
47
85
6
3
21
36
21
41
30
34
74
34
40
132
3
91
4
9
59
65
64
90
29
66
48
79
4
84
43
32
25
92
10
106
11
28
70
8
37
65
32
99
72
19
139
52
69
18
100
68
61
46
17
1
25
5
94
72
12
109
68
8
46
81
56
119
50
18
10
50
70
58
26
107
6
41
33
45
5
73
11
84
29
74
12
23
27
102
22
62
89
33
75
35
32
35
46
102
103
18
35
94
10
58
52
4
64
37
31
69
30
11
125
62
20
22
32
30
36
45
102
71
42
81
26
19
9
15
33
55
7
62
15
21
84
38
50
1
13
36
37
142
66
5
11
60
19
86
14
28
29
10
67
64
106
103
30
12
16
54
16
29
79
20
24
86
12
36
38
0
24
65
19
8
75
87
4
5
7
91
73
29
57
20
117
47
37
63
2
40
1
4
81
16
58
93
60
94
134
79
12
34
41
79
128
37
43
49
101
43
96
54
3
43
21
117
18
46
56
82
4
62
20
23
20
107
64
20
35
18
54
6
36
7
6
86
44
8
22
64
2
26
5
59
71
32
61
25
85
46
3
50
16
18
121
28
16
43
8
99
66
5
56
30
54
65
11
70
81
21
0
12
34
60
0
45
59
21
59
4
49
0
28
70
50
80
11
87
11
69
34
89
67
95
33
38
75
16
18
11
36
26
17
87
17
55
14
38
4
83
34
39
48
62
35
4
11
13
46
27
46
76
33
52
20
92
77
38
65
64
65
14
15
52
8
12
25
13
7
45
3
40
8
35
98
19
17
8
76
60
46
22
21
4
52
7
58
29
19
11
5
82
37
8
64
86
70
40
76
76
6
113
11
68
36
82
18
9
91
56
9
59
0
13
0
13
35
28
7
69
69
77
47
70
38
55
34
47
112
38
22
141
19
62
61
15
68
9
17
7
56
48
13
59
24
17
58
6
70
4
10
16
112
56
9
12
23
15
4
24
80
62
1
65
12
15
4
80
30
52
22
7
80
91
26
46
53
28
13
22
14
92
73
27
23
61
29
11
68
49
111
34
25
46
59
101
13
49
67
29
27
42
53
21
50
29
65
49
24
29
4
34
33
28
103
5
22
31
54
96
111
20
6
36
62
43
17
8
21
32
2
65
24
7
27
22
52
25
25
57
20
112
65
6
11
56
35
24
11
6
61
121
49
26
96
11
18
51
39
10
9
31
44
12
5
92
6
49
8
54
58
32
65
26
11
84
18
6
12
61
49
3
13
107
150
20
22
19
33
4
28
101
17
78
36
44
16
35
28
3
78
9
24
11
70
60
2
42
106
18
34
75
1
123
30
16
80
52
56
28
19
105
2
95
83
38
44
43
78
6
41
62
91
9
60
21
39
31
44
6
98
5
65
5
158
32
121
62
15
3
17
24
57
19
18
49
168
38
7
1
24
80
40
17
74
69
99
4
54
32
72
99
34
5
37
11
9
30
51
50
42
35
27
17
46
43
74
35
3
63
154
69
58
31
69
19
7
18
57
18
3
58
51
45
60
39
4
121
12
76
56
28
0
0
19
87
47
15
60
95
29
121
23
23
73
15
46
14
46
33
17
43
79
61
58
40
37
16
51
12
5
67
0
50
53
42
49
52
63
19
30
58
27
34
1
104
57
34
20
59
28
100
3
53
32
60
8
59
3
44
25
91
29
72
8
44
40
46
41
3
17
52
2
14
68
48
6
48
34
128
92
7
34
1
33
8
13
70
21
30
31
86
85
47
33
52
17
29
10
30
10
4
44
90
7
29
48
36
67
11
147
4
33
90
12
9
78
13
14
12
25
59
50
117
14
14
79
62
37
57
13
33
12
17
2
64
42
53
60
2
92
63
14
5
30
46
50
16
47
44
72
74
40
8
16
54
3
98
43
8
60
57
29
97
62
19
6
38
28
42
12
37
92
51
43
27
47
163
76
19
29
44
108
5
1
17
24
111
31
52
24
6
27
17
43
45
47
54
52
3
20
14
31
50
38
17
9
80
39
53
7
6
35
109
41
90
13
22
38
9
39
44
129
79
3
8
43
3
70
22
4
15
48
85
42
81
5
40
83
21
21
6
2
29
42
33
3
60
27
43
28
36
28
19
7
42
13
39
2
14
60
36
10
42
44
14
44
15
79
4
32
57
31
9
40
12
9
29
32
132
45
65
16
9
105
4
0
16
25
12
87
6
56
39
55
0
62
21
42
31
66
86
45
3
99
54
79
18
57
18
8
0
13
55
46
78
16
89
1
54
19
47
76
70
36
4
69
70
19
76
1
38
2
42
56
39
12
54
3
123
16
42
80
84
52
61
27
27
29
65
46
81
69
8
45
45
65
31
58
45
42
69
30
44
61
4
24
57
16
3
76
34
41
28
79
20
5
66
42
47
9
27
61
21
61
50
51
34
21
13
61
24
77
34
84
24
26
18
31
28
88
44
69
31
83
40
11
33
4
13
26
51
37
64
8
45
30
37
24
41
8
51
59
19
50
100
23
11
11
49
74
10
94
17
27
43
92
33
15
9
29
59
54
79
34
77
14
82
51
28
42
101
32
23
36
61
9
102
75
48
26
15
11
19
0
58
44
34
30
13
118
36
111
94
89
11
1
25
33
1
21
15
25
52
43
6
18
32
25
23
22
26
4
1
39
26
6
16
7
81
48
34
9
160
47
10
12
23
13
48
4
88
20
7
6
50
22
14
12
24
11
15
50
22
14
25
70
46
57
3
84
18
9
20
75
7
10
58
11
50
9
56
3
26
3
15
58
79
6
22
92
37
66
69
33
9
71
6
61
60
77
13
52
26
30
37
47
56
72
42
36
12
17
4
23
45
75
72
70
35
2
57
16
6
2
16
20
43
41
23
55
53
45
28
19
63
60
62
56
43
42
42
11
21
42
37
50
55
41
1
17
71
21
26
7
21
18
22
37
43
10
91
45
73
52
46
40
22
24
20
25
119
18
16
38
10
77
34
14
8
55
41
40
2
101
33
66
44
47
19
38
28
68
28
38
35
3
26
86
67
63
71
8
31
10
21
9
82
5
20
109
43
30
26
59
40
5
107
9
41
19
80
20
17
20
44
67
55
19
80
3
45
113
97
23
20
15
31
46
68
70
38
38
23
27
40
42
56
17
49
25
6
38
97
21
108
38
8
57
19
22
5
54
22
28
15
38
16
30
10
17
0
30
49
33
27
26
11
41
35
10
40
36
13
10
28
68
51
76
35
24
48
41
80
61
35
1
42
24
89
33
50
38
4
101
18
75
20
50
35
62
0
12
36
5
22
71
41
24
28
55
87
56
42
52
52
22
81
66
43
39
10
28
46
6
4
59
76
26
10
2
69
29
17
13
25
49
49
90
10
6
38
10
47
85
94
18
25
26
4
71
53
13
14
16
48
7
1
30
22
17
66
9
49
0
55
41
49
8
29
55
71
33
9
54
21
36
34
48
34
9
9
10
41
51
43
93
29
21
2
31
16
17
50
36
52
39
24
5
43
74
55
12
9
13
66
23
23
32
7
110
22
76
44
67
64
17
38
94
32
16
21
7
82
48
92
40
47
6
46
40
8
50
8
72
17
13
47
1
47
16
39
36
35
23
41
8
88
4
9
4
2
16
20
50
37
72
3
28
34
105
30
48
4
21
96
16
66
14
52
32
28
75
4
26
53
13
58
51
26
19
33
30
41
34
2
8
60
15
13
80
4
45
19
25
6
105
65
53
27
17
48
21
34
8
65
40
50
17
34
36
48
29
37
6
16
21
1
35
43
14
27
23
57
80
58
14
63
23
3
65
50
25
6
55
57
30
47
9
3
23
33
31
20
44
30
23
25
2
36
13
6
8
34
37
30
41
7
18
61
28
76
20
70
7
42
28
17
71
60
2
33
36
111
5
20
1
47
28
19
31
57
34
23
17
47
19
60
21
26
28
19
34
41
88
62
37
54
36
30
13
77
21
70
17
49
13
15
19
51
0
5
17
39
21
127
14
21
45
31
26
15
83
7
39
71
1
16
84
56
48
11
61
29
34
73
66
8
26
38
65
80
31
26
5
55
25
57
40
25
11
86
24
14
68
56
28
1
1
11
24
8
48
62
5
76
24
36
46
5
89
16
8
70
15
10
101
22
37
81
10
2
12
17
17
22
22
91
56
56
49
35
25
10
73
34
118
59
23
34
6
49
5
29
19
81
19
26
13
18
79
25
40
22
12
77
30
6
83
51
17
37
66
21
34
2
27
3
84
75
17
12
17
39
94
26
64
54
38
79
24
28
33
42
19
36
48
55
34
25
7
18
10
2
15
60
28
14
49
77
22
0
91
11
4
32
45
17
20
25
31
7
7
33
43
45
4
52
31
34
5
26
20
4
30
18
37
67
54
40
94
12
52
31
11
12
30
50
80
57
22
79
25
1
34
20
16
43
6
61
21
65
17
37
44
3
1
87
45
11
1
10
6
11
13
19
49
1
18
31
35
90
7
72
40
42
16
8
10
49
83
11
7
17
49
135
6
37
15
20
23
13
9
35
58
9
34
44
42
3
18
30
7
44
65
24
4
47
11
16
13
9
102
26
10
12
47
20
23
39
39
15
15
41
29
74
5
2
32
17
72
1
20
50
50
27
16
55
37
44
14
14
70
50
29
27
29
56
25
36
56
45
28
3
15
63
57
17
23
84
5
23
3
29
8
52
107
53
19
17
22
5
30
62
74
4
14
12
8
5
36
12
31
12
20
27
2
25
17
73
22
86
3
85
57
3
5
41
11
12
23
19
45
18
27
10
29
1
86
15
43
15
74
17
32
27
5
11
42
12
39
13
39
43
46
10
28
2
60
20
33
9
1
37
42
24
7
46
72
39
3
15
63
24
31
1
35
28
105
39
65
23
3
13
27
31
9
38
13
6
13
26
4
16
32
28
1
27
32
12
1
27
18
11
11
5
37
15
4
25
30
68
30
53
46
28
7
30
47
86
8
27
28
8
9
38
81
24
2
28
11
83
3
38
10
27
11
35
17
26
6
8
34
13
6
5
37
49
50
7
8
58
22
22
67
0
16
9
19
41
23
6
8
5
70
33
9
15
6
39
43
2
31
17
9
38
26
18
5
87
27
35
46
32
2
17
11
6
54
8
58
48
2
8
37
4
9
7
32
19
1
52
9
29
12
64
13
23
18
45
13
27
8
8
53
12
34
15
22
37
16
11
3
1
47
55
48
23
39
16
24
14
61
13
10
43
9
78
43
22
22
4
46
20
0
15
12
28
1
9
45
18
23
92
42
35
35
57
39
58
17
10
74
44
38
41
31
3
29
41
16
22
7
6
22
14
35
4
10
31
23
36
16
19
2
2
22
5
23
5
35
40
21
16
11
17
3
19
21
54
48
11
1
30
42
46
33
12
58
6
16
18
36
29
11
12
31
19
67
27
52
21
21
3
46
2
52
22
36
29
21
27
60
26
50
7
21
15
14
50
18
27
62
6
0
33
16
34
2
13
51
28
4
40
36
16
0
48
9
53
24
52
15
19
83
38
11
29
23
28
51
10
1
33
19
40
3
18
44
10
4
102
17
17
75
53
11
22
6
60
30
54
29
72
40
15
55
1
10
24
4
15
13
22
24
12
20
9
37
22
27
19
13
23
8
35
24
10
16
45
55
15
13
5
5
38
2
4
15
79
6
20
1
14
44
21
38
53
19
15
6
20
27
19
7
38
38
15
16
11
25
31
4
67
25
30
14
35
38
4
7
12
14
33
22
21
24
28
39
35
30
9
21
16
7
23
35
19
40
8
46
9
24
27
24
32
11
24
20
68
8
19
21
20
9
18
5
69
22
33
5
18
10
14
27
19
18
5
21
35
4
12
17
12
21
50
25
12
4
10
47
16
20
27
16
31
9
9
2
45
18
22
11
5
0
45
26
39
34
8
6
13
40
4
17
13
18
28
33
10
64
10
9
45
2
15
68
66
42
8
10
17
27
11
95
20
62
37
13
5
21
61
30
15
27
15
10
44
59
3
42
10
27
35
4
16
9
13
38
24
19
50
5
12
35
8
15
20
28
32
19
28
5
80
23
11
6
19
15
26
2
27
27
12
7
24
17
54
5
51
30
17
43
25
14
9
25
20
7
37
16
33
17
27
1
1
25
17
1
18
49
11
34
3
2
17
16
55
25
5
14
22
22
3
36
5
13
35
17
14
5
16
32
46
1
9
1
20
25
24
13
18
6
77
69
17
19
19
3
25
2
17
9
31
0
1
11
40
8
21
75
8
27
21
24
24
20
24
11
32
36
44
1
27
8
18
21
28
5
1
40
33
8
42
8
7
14
24
7
14
27
14
15
1
7
57
8
12
40
35
25
20
57
17
14
22
30
12
12
51
15
9
4
19
20
11
38
30
8
48
2
29
24
24
9
17
13
18
3
6
6
5
17
63
4
17
22
25
61
16
4
10
34
6
11
17
19
6
18
23
13
24
51
8
55
17
17
38
12
5
14
1
22
36
11
4
31
24
27
45
22
8
13
15
3
54
24
48
55
17
27
7
66
6
14
25
3
30
20
18
2
17
10
37
5
16
16
8
33
54
6
28
16
12
23
59
15
5
15
19
32
9
8
24
4
21
29
19
20
18
8
9
38
6
5
3
25
14
1
26
6
1
7
18
12
1
4
33
4
5
25
4
12
2
9
17
36
24
40
12
0
21
34
28
15
1
7
10
6
26
12
18
25
4
33
8
45
9
8
14
17
23
2
18
2
9
20
2
45
10
23
55
66
15
17
16
7
8
9
36
20
51
21
36
23
46
6
12
6
34
26
11
20
38
25
15
21
8
42
5
32
5
7
33
16
5
10
2
18
2
2
13
15
30
11
15
49
60
0
7
6
8
5
1
3
23
23
10
18
4
36
26
6
2
32
1
25
2
4
10
14
4
18
17
16
19
26
10
23
18
3
10
35
2
3
8
30
15
18
17
16
9
1
21
31
1
6
2
32
30
18
12
4
11
24
2
6
8
28
11
7
15
24
27
26
2
40
12
9
3
4
37
17
11
34
6
22
4
12
18
14
16
17
4
29
25
18
10
9
7
8
33
29
2
9
3
3
6
7
11
29
22
11
20
23
3
2
14
11
1
9
9
3
1
8
16
11
21
14
3
5
4
8
13
24
3
15
3
16
14
4
20
14
4
27
0
3
8
2
18
23
5
12
5
12
1
32
15
9
10
16
2
1
2
6
14
9
8
9
16
4
3
33
13
20
5
5
13
3
20
18
21
30
12
11
26
8
19
17
26
8
7
16
6
2
13
11
32
18
6
9
8
19
0
6
9
6
24
19
7
8
32
12
9
13
18
18
4
11
18
2
4
8
17
3
9
6
7
3
17
10
12
12
20
2
11
13
2
10
25
1
10
3
8
19
2
9
10
2
15
2
18
10
4
13
1
10
24
10
33
2
13
1
5
5
5
6
8
12
28
5
6
13
35
29
4
5
4
0
24
6
7
3
13
4
3
6
0
8
2
10
7
3
8
18
5
2
8
8
10
2
17
26
20
9
3
7
3
15
6
16
5
5
4
12
10
14
2
8
8
1
8
6
1
12
11
2
2
19
4
2
0
12
5
7
12
1
6
6
7
1
19
5
3
9
11
3
4
6
1
11
4
4
7
9
3
13
15
3
5
4
3
5
1
3
6
3
1
3
5
0
1
4
2
1
2
1
1
3
5
2
3
1
4
4
1
1
2
3
1
3
1
2
0
0
