38
5
33
17
4
29
17
41
59
0
46
32
16
6
19
0
44
4
8
2
9
114
64
23
89
9
12
13
11
11
15
59
27
67
36
16
57
15
14
19
4
66
52
20
7
18
0
90
103
35
39
10
49
24
4
70
31
45
95
58
50
17
13
9
22
17
15
48
1
5
18
40
6
157
111
28
43
2
9
20
90
78
23
81
77
7
55
46
64
34
19
30
24
18
90
4
22
38
25
42
23
33
61
6
53
73
8
5
55
23
38
45
9
11
0
30
185
63
17
23
67
5
65
94
40
37
132
53
104
44
54
57
2
29
6
40
16
39
69
43
21
33
20
113
5
1
26
58
27
41
41
45
57
123
36
39
76
10
87
22
98
50
95
45
99
12
49
57
14
40
149
59
75
19
30
35
43
41
167
49
74
38
126
56
6
11
9
111
28
17
1
60
71
5
11
60
31
28
5
80
117
33
75
32
11
19
9
9
92
60
11
73
33
40
58
58
2
86
3
86
30
25
42
68
68
35
3
22
1
73
32
6
43
119
12
26
106
103
9
27
5
71
84
42
44
135
42
70
8
42
17
13
83
12
6
105
98
81
32
25
23
68
26
32
46
55
136
101
14
102
102
42
100
60
56
2
5
17
11
30
88
10
21
67
32
62
37
107
66
26
41
8
42
70
14
36
123
39
6
97
49
38
60
29
119
51
47
12
34
78
6
45
68
121
1
18
12
44
25
56
35
92
3
55
14
54
49
51
50
136
41
34
112
66
121
65
68
39
31
69
119
40
42
21
66
46
107
19
35
121
39
11
22
65
94
112
62
32
34
73
64
45
35
105
71
41
18
44
33
47
105
9
134
104
26
17
21
75
25
22
21
8
61
33
40
2
26
5
27
61
9
15
25
5
6
12
36
108
92
65
63
20
69
40
25
20
60
38
33
37
2
19
71
23
95
125
12
40
77
9
43
101
97
73
65
37
30
65
8
44
116
148
112
24
58
49
31
150
87
92
39
33
121
13
91
7
12
16
29
18
64
12
46
60
11
8
5
148
135
47
9
46
144
70
9
38
35
14
64
34
25
125
3
105
50
91
62
12
9
14
56
42
30
57
28
26
71
65
12
1
1
65
152
73
22
55
50
15
6
129
34
67
87
66
28
50
7
65
6
149
0
122
88
11
65
94
99
37
41
43
30
116
59
38
9
83
42
173
17
72
119
19
118
138
7
62
65
66
128
2
41
87
23
188
36
28
21
29
9
24
106
28
135
7
59
56
87
31
131
25
74
58
129
32
18
2
17
39
38
132
57
34
62
41
104
17
31
19
81
20
5
43
113
41
8
37
35
66
128
6
118
135
15
121
32
5
42
23
37
104
46
37
49
63
110
85
128
46
158
52
81
130
6
51
70
5
4
23
43
108
18
122
6
71
21
26
1
107
41
56
22
45
44
70
33
67
31
15
138
152
60
96
148
96
27
34
98
50
5
82
68
65
29
18
113
112
54
88
53
74
14
53
19
36
94
45
20
26
28
76
3
87
12
108
58
0
12
106
12
149
51
99
64
96
93
151
7
48
52
7
25
59
33
39
11
90
100
31
94
138
23
55
64
52
3
20
42
83
9
15
112
79
28
46
16
40
45
98
71
62
90
21
8
60
76
95
95
91
19
28
102
11
19
46
19
14
96
83
8
62
35
22
5
78
31
124
107
11
21
33
23
60
33
117
41
15
32
8
19
111
92
0
24
127
26
64
5
105
39
89
12
7
15
131
102
105
74
56
20
27
124
77
12
1
72
8
14
56
59
17
16
11
44
39
1
17
48
117
143
107
85
12
104
81
55
81
17
70
102
6
87
96
110
11
9
26
72
6
26
41
37
146
14
136
15
86
44
34
24
34
18
30
64
19
37
21
1
37
78
26
37
24
41
39
28
48
8
15
41
20
51
89
50
7
49
11
37
50
32
2
125
19
32
38
34
11
56
33
41
76
79
12
41
51
28
97
38
54
43
49
16
66
33
30
16
34
2
0
96
16
49
10
37
55
2
63
101
13
70
54
36
15
22
47
72
12
56
26
29
163
78
41
59
50
20
23
5
18
61
92
42
16
47
3
13
60
86
5
16
6
39
38
37
17
86
19
55
12
3
17
0
53
19
104
44
25
28
68
5
24
42
94
52
80
74
103
3
73
10
41
88
68
49
116
19
5
75
13
59
121
31
48
35
8
81
108
32
50
17
55
69
21
71
37
54
34
3
32
69
50
15
74
22
101
31
41
7
19
97
19
34
20
29
29
5
56
134
29
66
14
42
67
116
15
29
45
24
139
32
92
45
12
51
27
43
119
6
42
24
65
48
6
43
9
32
78
49
44
24
12
53
9
18
57
115
35
54
12
10
145
15
83
39
29
66
78
67
60
49
64
20
66
147
96
42
17
163
37
14
80
13
21
6
13
131
90
81
18
70
4
41
35
44
119
190
95
39
6
25
47
84
74
66
16
15
77
12
24
11
87
45
5
20
81
48
20
13
54
74
65
6
22
96
25
108
58
22
9
4
10
10
64
37
64
92
23
36
24
30
12
67
68
49
9
108
66
44
1
51
50
76
29
30
44
1
21
33
50
93
26
78
4
61
155
86
18
21
25
11
92
32
21
63
42
24
69
62
59
92
81
67
35
33
6
69
105
2
65
66
25
23
35
100
37
59
46
81
1
19
21
40
14
118
34
44
27
10
52
50
16
125
2
7
11
68
22
76
11
31
13
1
13
52
84
43
2
20
146
5
101
45
14
10
71
13
32
122
27
127
31
76
16
19
73
100
39
63
13
50
32
116
51
52
33
129
8
23
17
103
109
24
96
35
106
89
55
65
38
18
19
84
50
73
4
13
8
102
29
42
23
49
19
32
24
41
28
113
32
125
47
49
4
27
152
23
15
8
53
21
6
22
21
115
31
24
59
146
7
40
157
43
39
82
52
60
27
16
34
97
60
24
9
101
44
39
30
30
63
81
2
19
58
62
76
37
69
25
47
9
9
15
137
20
40
8
21
45
78
7
72
13
49
26
52
63
32
7
47
22
83
20
14
47
48
4
48
26
77
60
1
50
33
83
122
41
32
46
21
126
45
34
37
6
18
2
12
43
48
24
88
122
34
98
88
88
36
23
39
4
45
12
21
85
10
44
72
4
49
31
97
66
99
48
114
71
9
28
86
50
11
1
33
23
151
127
78
67
94
80
43
52
100
60
30
45
31
3
5
2
30
42
45
17
43
14
31
65
9
51
15
17
73
11
26
5
10
48
6
71
64
45
58
59
21
92
72
97
72
35
41
87
14
22
46
70
59
22
12
52
5
95
22
57
10
14
99
40
12
7
89
6
109
44
40
47
117
41
30
74
10
53
131
8
32
24
4
4
60
15
80
62
17
21
13
3
14
2
5
75
29
6
33
32
68
41
35
0
47
51
20
69
143
17
23
49
57
92
10
4
32
0
127
3
22
19
101
30
38
116
17
30
87
61
16
161
52
5
5
11
43
8
33
55
67
20
82
9
15
87
18
133
1
110
15
61
14
59
98
12
3
83
15
7
118
54
52
51
14
93
19
96
13
5
50
51
3
135
3
3
30
36
34
9
133
35
45
0
59
58
12
50
98
26
67
12
56
71
21
40
73
47
63
22
31
75
58
12
89
3
5
7
76
79
6
57
16
12
62
32
24
39
49
15
51
25
25
113
65
65
45
9
33
118
42
40
29
47
7
66
29
1
136
31
11
13
9
75
73
10
58
30
90
7
25
103
13
73
69
57
28
38
15
102
22
38
3
89
43
43
34
12
55
59
51
69
15
81
13
82
18
51
120
23
86
6
50
2
85
63
15
82
58
51
60
38
27
2
44
27
28
118
62
117
32
10
29
36
5
39
50
58
15
16
2
97
18
49
71
60
78
19
41
19
7
30
2
40
65
39
54
21
32
18
68
21
145
5
54
58
31
34
18
13
3
16
3
9
90
97
9
70
45
96
76
3
47
79
13
18
86
115
121
20
54
27
24
15
101
62
4
53
24
75
73
36
112
22
75
94
119
41
17
7
15
66
44
10
7
69
59
54
60
77
40
1
19
3
19
13
10
35
83
86
47
97
45
2
16
1
93
10
20
7
26
9
101
17
120
32
8
50
8
136
30
14
3
41
91
18
49
24
5
2
74
133
27
52
0
3
24
74
44
90
23
81
34
80
23
77
155
111
72
10
29
35
27
66
26
52
36
99
59
1
33
89
11
9
64
15
4
36
39
23
1
27
15
38
132
17
8
66
6
18
27
14
54
17
51
49
30
10
83
23
26
39
65
91
75
54
26
24
30
53
10
29
80
85
16
105
63
68
25
32
17
37
21
40
105
113
45
80
22
30
28
26
20
45
15
85
12
87
73
39
107
11
13
52
3
11
2
27
47
1
25
66
20
60
51
1
28
7
71
43
56
31
95
44
16
110
31
31
71
12
91
54
107
18
19
57
104
56
63
42
23
29
48
67
9
27
47
12
20
99
13
8
34
19
22
84
64
4
77
26
29
60
16
14
38
32
51
37
1
36
31
24
25
27
33
48
7
48
74
2
30
45
40
12
26
14
12
31
4
13
88
63
26
26
50
13
8
30
11
4
59
105
24
22
26
48
57
14
2
15
28
63
117
20
51
64
26
40
7
10
8
100
83
48
34
101
35
18
116
1
7
61
17
11
88
21
35
69
4
14
36
31
46
69
123
58
32
52
17
88
37
69
8
28
75
95
28
39
75
9
20
19
21
11
61
103
4
24
1
53
66
9
10
61
12
16
27
17
63
12
30
2
38
27
62
70
16
36
37
65
43
51
74
32
48
50
54
65
22
20
2
24
12
30
68
58
2
22
46
9
35
41
35
15
58
28
22
80
54
6
6
17
95
68
8
37
32
7
13
63
18
18
12
16
8
17
39
28
50
9
16
19
22
72
180
6
27
22
56
6
35
82
28
2
13
6
1
71
34
27
65
21
51
2
17
58
47
103
42
8
69
54
83
58
61
12
43
24
70
0
35
21
44
76
13
16
13
36
36
13
44
25
22
37
28
102
13
112
20
72
7
11
4
72
32
17
26
35
49
17
51
84
37
78
11
61
16
67
13
33
31
39
4
32
13
12
43
12
14
60
36
17
12
68
107
40
66
53
11
17
21
49
69
22
6
2
50
15
6
36
18
55
36
79
10
15
7
45
65
21
62
43
9
72
6
47
32
46
16
2
3
42
59
2
4
1
43
4
81
38
26
18
31
37
19
6
20
53
26
6
18
44
75
68
15
31
31
47
68
47
55
32
20
23
55
12
58
43
42
3
64
70
87
13
37
6
29
7
3
16
29
36
43
30
116
37
81
7
42
69
35
15
53
22
65
3
12
14
44
28
4
15
17
30
46
37
6
50
29
21
18
6
3
81
34
88
51
3
19
16
136
69
15
6
16
83
82
7
55
2
13
71
9
44
70
17
36
17
23
42
59
78
31
5
9
101
79
39
105
8
6
2
131
68
11
63
59
5
64
7
17
29
4
17
86
63
48
69
32
5
19
22
47
22
43
64
0
9
84
33
50
11
29
23
1
2
23
30
13
7
32
97
27
38
55
6
108
26
108
10
5
30
11
6
14
35
27
85
34
36
59
61
49
45
24
10
25
1
11
75
51
53
25
81
55
78
48
56
36
49
21
31
54
21
32
24
1
1
42
11
12
14
8
37
1
21
30
20
60
65
47
2
100
11
39
23
9
23
45
53
23
30
14
56
7
55
32
28
47
6
12
73
4
11
69
23
56
13
11
24
36
4
94
57
22
12
38
27
51
38
11
54
38
34
39
62
35
1
44
25
6
35
70
4
55
17
60
46
49
71
18
10
46
25
14
71
53
48
35
78
16
10
19
6
19
4
81
24
3
6
40
70
39
28
7
33
71
60
28
40
59
13
10
73
33
41
14
16
16
15
21
68
26
74
1
7
30
103
11
33
46
74
16
18
89
11
59
31
24
29
23
18
22
24
2
25
41
8
79
60
14
13
6
65
75
43
13
27
51
15
20
71
17
32
20
12
1
30
15
12
40
63
29
27
1
16
127
11
4
9
16
24
4
26
6
26
7
11
27
4
64
1
14
110
23
17
18
21
1
5
36
2
11
22
24
41
13
27
27
22
14
18
41
6
6
40
84
16
25
3
12
2
20
21
70
73
25
45
56
63
19
20
72
7
65
43
32
31
51
23
54
20
34
16
1
69
1
49
18
46
13
46
20
38
17
6
45
34
92
39
58
87
5
55
94
50
4
46
29
46
23
31
2
9
7
122
29
48
13
25
12
2
1
79
29
23
51
49
32
41
41
16
12
18
21
45
10
45
68
3
3
43
8
6
13
15
65
23
48
61
48
1
12
16
13
53
7
1
36
62
32
44
15
11
35
19
4
77
7
1
54
7
13
97
8
64
19
26
18
21
50
73
73
10
8
13
42
64
8
25
6
50
65
52
71
18
61
57
24
13
64
5
15
78
21
39
14
47
49
2
73
10
20
13
31
3
10
20
43
10
27
17
7
5
5
18
19
15
60
7
31
4
1
28
31
67
17
10
59
1
13
81
45
54
10
28
26
29
2
0
27
18
11
14
4
15
75
60
67
74
7
18
4
7
2
98
14
49
52
20
18
11
78
53
74
20
2
2
29
96
15
69
16
12
20
53
17
18
47
77
6
15
39
94
13
3
48
4
58
20
14
19
19
36
9
20
5
25
50
15
45
74
73
58
54
31
33
12
7
23
37
11
32
93
16
2
50
15
51
61
30
13
44
24
11
5
38
23
2
48
2
82
2
70
70
48
93
19
2
102
32
33
93
29
64
22
27
23
64
44
18
60
61
2
5
29
21
0
15
70
43
34
18
37
80
18
47
8
17
17
39
34
45
4
32
21
102
23
51
3
28
17
15
73
5
5
45
58
65
56
19
32
51
4
36
9
10
47
18
36
59
2
12
35
3
7
14
14
7
54
14
6
42
14
52
55
56
30
49
14
6
26
20
31
43
14
2
45
7
39
11
53
81
29
53
63
29
51
6
19
17
19
33
5
39
31
15
7
9
55
54
49
64
4
18
26
43
18
67
19
55
13
18
34
25
28
48
36
24
29
42
36
16
31
51
41
25
2
20
29
31
4
65
58
23
41
76
27
42
45
18
61
68
30
42
40
14
33
45
34
67
54
42
56
13
4
12
22
24
46
15
17
75
41
43
57
47
26
28
38
14
23
21
13
49
50
48
25
13
20
14
18
3
83
38
30
49
64
55
73
0
11
10
11
25
63
10
16
13
64
1
5
30
25
23
18
6
28
10
18
55
29
23
20
2
24
10
2
82
36
35
13
34
36
69
43
52
2
51
3
35
13
16
13
54
65
33
24
7
68
72
8
20
74
8
8
14
33
27
72
14
14
35
4
0
21
9
20
2
36
15
69
16
15
14
24
48
22
38
27
22
33
53
3
38
30
40
25
30
7
22
10
16
32
2
14
14
6
19
59
40
11
18
20
23
27
0
13
31
14
6
23
1
9
14
22
25
26
1
0
9
1
1
55
79
5
46
4
46
19
6
36
24
46
26
23
39
31
27
32
1
5
2
3
19
9
9
10
50
28
61
37
17
56
10
55
24
24
6
13
15
14
23
78
39
23
16
24
25
42
19
34
23
12
18
42
7
44
40
94
25
28
2
21
25
14
46
28
18
27
12
2
19
27
18
13
22
38
12
23
46
37
20
4
15
15
8
10
66
15
55
17
8
12
15
40
51
16
15
52
68
17
35
16
52
54
3
31
5
16
4
0
32
35
15
19
6
34
22
69
16
11
38
15
40
0
3
6
62
32
14
27
17
24
36
28
16
24
109
45
57
1
48
41
1
9
23
0
21
3
13
28
37
14
40
5
40
9
20
26
2
20
48
1
31
28
53
5
33
12
42
6
1
92
2
43
34
22
34
4
11
7
30
40
53
33
69
7
50
22
18
61
6
12
27
71
30
9
33
24
9
2
15
46
1
5
1
37
54
20
32
28
66
40
11
22
34
41
26
48
32
0
13
3
19
30
22
3
6
7
24
55
29
31
11
18
29
23
25
5
12
33
38
11
13
22
31
36
7
36
34
12
19
51
49
8
58
26
29
61
38
28
31
48
34
45
15
30
13
29
10
45
1
9
18
0
10
20
48
42
12
13
55
4
38
52
29
3
2
43
21
32
40
9
22
5
46
12
28
4
82
10
29
10
13
31
11
1
7
18
37
15
0
25
10
42
35
32
10
59
3
22
37
5
4
22
3
51
53
41
6
8
48
39
34
32
20
26
6
26
35
45
6
26
6
26
12
17
8
42
12
49
16
0
52
25
21
15
16
36
27
56
17
2
4
30
16
16
27
26
45
46
26
3
55
3
7
12
33
24
26
23
41
13
34
14
72
16
3
45
38
17
5
67
21
11
44
22
4
47
20
2
9
18
0
9
18
22
42
15
8
1
5
0
24
28
7
14
34
3
3
23
31
18
16
28
14
26
5
60
42
38
4
7
29
46
23
21
72
5
64
7
26
17
7
52
19
2
29
39
46
34
20
15
20
59
37
14
17
9
39
25
6
4
19
1
31
79
76
13
17
29
18
5
38
5
0
28
35
13
0
51
21
25
10
16
36
22
31
28
25
66
45
31
8
40
57
60
19
58
2
17
12
11
41
42
9
10
8
14
10
16
29
6
10
16
5
25
27
44
17
5
14
12
4
23
8
25
3
14
24
20
2
36
5
66
63
43
16
1
21
13
7
23
17
36
13
17
19
5
11
28
42
3
4
0
2
4
7
14
18
27
18
15
32
18
31
26
7
4
32
17
73
65
15
9
35
5
21
23
19
4
45
9
22
17
0
22
12
9
31
31
4
10
28
19
4
10
3
28
7
19
24
36
20
5
6
37
26
18
51
26
43
15
4
25
21
0
8
15
50
10
20
6
25
2
20
19
9
36
5
20
9
21
33
3
6
21
14
12
35
16
73
4
8
5
30
37
1
26
14
26
26
50
6
12
19
11
4
34
27
46
6
11
14
14
32
29
8
19
12
12
20
49
27
21
4
17
12
23
25
0
69
41
23
39
23
3
23
18
21
21
39
53
11
10
34
23
21
23
64
29
12
3
5
49
17
41
41
20
3
17
17
8
14
28
30
27
10
21
18
24
31
34
9
9
22
54
16
11
5
7
5
24
24
4
6
25
2
22
4
24
1
20
8
74
1
28
38
15
1
19
21
18
4
14
11
31
14
1
6
6
25
4
25
5
19
9
12
16
9
7
48
5
16
32
27
7
1
32
9
6
26
8
27
24
15
6
1
9
27
18
14
9
2
44
14
23
14
34
1
30
10
7
20
11
7
18
25
18
9
4
27
2
23
11
2
20
25
3
32
27
22
12
4
30
3
9
7
9
26
33
19
1
15
7
24
19
10
19
6
43
37
9
73
45
34
16
12
45
20
22
21
12
22
2
6
2
4
16
28
9
7
20
7
4
4
18
6
24
8
6
6
26
5
22
0
3
25
39
11
31
31
2
2
20
2
8
21
17
4
23
15
33
5
6
3
10
6
14
2
18
16
28
13
17
0
24
26
6
11
24
5
2
47
18
2
4
34
23
11
1
7
0
8
2
16
21
38
18
14
31
24
9
4
5
6
4
7
37
1
14
17
39
14
28
21
21
11
7
22
13
1
11
22
12
7
18
7
23
14
10
26
6
14
22
20
10
9
7
14
12
9
13
4
4
10
7
2
20
9
10
28
24
12
3
4
11
3
8
9
3
6
5
2
2
4
23
23
13
5
29
3
0
3
1
10
6
23
4
0
19
2
11
25
10
7
13
27
13
12
6
5
21
12
4
1
16
4
11
11
0
4
4
9
12
6
12
3
4
7
7
15
21
4
9
17
21
1
11
0
11
1
12
5
12
4
9
7
13
12
12
1
16
8
4
11
3
2
9
6
3
14
17
15
7
13
2
15
8
2
1
5
5
0
6
10
6
4
7
7
8
15
5
9
9
6
4
12
4
6
1
7
8
9
10
7
13
15
1
5
9
2
1
17
12
9
12
2
11
13
5
6
15
5
1
2
9
11
10
8
2
6
1
10
14
3
12
1
7
7
5
11
9
2
10
6
2
0
1
7
3
0
12
11
5
9
1
3
0
3
10
6
5
3
1
5
4
6
0
4
1
4
1
2
2
1
0
4
1
1
2
1
3
0
0
0
