27
10
17
18
11
70
2
40
65
14
40
21
23
91
19
52
32
10
20
26
39
19
5
19
97
12
18
59
112
9
13
19
3
56
46
9
28
48
16
99
10
13
46
42
33
92
32
76
32
24
53
134
40
29
13
35
52
43
49
154
72
27
64
6
59
95
62
110
30
93
60
35
69
10
56
3
18
68
17
78
68
32
237
1
75
2
47
63
17
31
15
155
44
56
28
46
38
13
94
142
78
35
28
103
9
3
25
54
96
58
54
59
128
2
101
24
2
3
26
6
83
52
68
53
23
93
43
63
38
17
178
76
39
86
74
36
106
24
47
72
61
43
30
97
47
83
50
42
62
179
3
98
85
26
23
115
21
43
124
5
45
85
12
70
80
64
15
37
162
60
100
55
56
58
10
20
70
58
147
37
37
15
82
10
4
23
41
35
123
21
41
21
85
111
23
7
64
102
8
7
2
18
31
47
48
20
15
13
121
19
91
28
65
40
146
98
35
4
35
10
66
5
54
94
59
46
75
13
72
117
61
64
94
39
34
85
37
6
52
97
14
63
115
148
47
60
113
77
39
91
20
65
7
98
2
14
2
133
3
23
1
45
24
62
21
10
2
92
59
93
88
39
38
137
67
51
7
8
15
17
32
10
49
62
62
14
49
59
108
29
24
12
14
63
107
14
6
29
12
34
40
138
100
39
18
20
12
84
7
58
28
39
1
39
173
22
44
17
23
166
61
69
47
1
20
54
53
97
21
45
9
66
36
31
54
35
79
61
6
96
23
34
8
48
8
23
31
156
41
6
53
128
9
65
19
19
31
37
75
45
93
83
82
18
41
43
56
19
102
46
82
79
14
22
101
8
4
104
100
98
73
92
28
33
36
63
25
24
104
52
53
52
10
45
69
148
84
28
63
77
34
16
2
27
33
46
20
56
44
47
129
6
47
24
77
85
128
85
25
121
17
70
43
96
7
41
80
66
6
82
87
28
3
21
120
38
45
29
58
30
73
14
43
153
1
1
7
48
53
46
1
29
71
4
141
32
79
52
46
32
48
33
95
43
161
58
86
64
12
11
69
40
40
95
38
68
9
76
12
37
81
34
42
45
13
76
3
37
27
58
154
27
73
111
5
28
12
105
16
37
86
32
168
23
128
0
57
25
13
15
59
1
67
38
16
41
9
45
104
81
114
52
36
72
56
37
36
114
6
43
9
52
3
39
181
35
56
116
47
65
4
25
5
3
84
109
69
0
54
41
28
3
74
1
5
56
10
31
83
48
39
119
94
49
37
55
4
46
19
95
7
53
1
21
9
67
21
1
94
12
37
1
48
50
62
45
19
11
39
143
52
46
72
1
28
65
82
1
117
24
83
41
61
83
48
45
50
47
135
116
130
25
62
76
7
90
6
20
29
164
184
28
94
7
67
44
18
76
42
68
5
26
139
69
5
55
22
65
121
72
47
57
115
19
11
71
159
58
40
38
3
2
82
108
22
69
31
25
80
28
2
49
19
67
137
59
8
4
0
94
28
181
91
71
56
51
38
51
39
76
123
4
23
7
35
21
37
22
48
42
63
123
19
86
19
11
53
63
89
38
71
8
52
24
43
61
143
43
211
49
25
11
46
38
69
26
47
4
2
53
13
70
4
64
3
106
68
27
34
78
69
32
40
117
157
27
100
132
8
35
22
112
6
95
58
35
204
80
82
95
45
50
88
59
7
144
41
62
73
131
65
14
55
7
20
84
1
6
72
67
41
59
63
4
3
42
102
80
21
103
70
121
40
62
43
20
50
27
35
33
10
56
78
11
22
16
28
126
53
35
60
23
7
64
11
70
20
30
56
21
99
5
139
20
61
19
102
51
5
25
30
74
19
35
35
34
60
76
14
37
85
57
9
72
58
3
26
110
53
31
92
47
12
77
24
27
19
37
84
56
42
108
17
24
31
74
104
14
32
2
39
36
23
14
9
42
20
78
46
107
40
22
11
23
60
70
55
75
6
32
112
126
84
44
5
21
49
38
37
149
95
55
100
163
121
55
98
6
97
31
45
0
40
127
64
67
13
64
0
15
65
37
94
46
63
85
65
91
62
44
79
134
28
88
48
100
82
38
27
49
96
25
45
96
55
19
3
59
105
14
14
67
13
31
116
7
13
13
50
173
24
40
159
12
55
30
6
10
93
65
88
35
26
141
117
7
53
26
7
23
114
71
49
110
31
43
18
73
35
98
7
102
49
71
52
38
106
51
70
141
24
50
10
34
32
47
52
13
47
5
83
85
53
21
29
19
92
20
11
2
29
9
13
85
47
36
73
74
96
15
30
64
12
29
84
104
82
58
97
11
29
2
122
20
73
65
99
63
9
11
104
19
70
97
33
107
48
83
31
22
81
17
87
9
47
29
78
85
9
16
48
31
69
1
43
1
64
60
4
72
17
34
69
57
124
16
78
66
2
2
16
18
72
120
34
84
26
42
105
14
31
131
63
43
89
62
3
65
24
37
129
44
30
30
69
65
47
57
29
66
28
21
26
18
103
50
21
9
30
54
112
37
16
112
16
67
54
11
82
42
61
87
59
48
108
60
16
9
23
25
66
42
28
30
7
14
132
54
46
61
52
96
32
25
83
118
15
54
39
44
93
66
53
6
91
14
96
50
51
103
86
90
111
116
24
88
27
14
32
12
38
16
22
61
106
63
45
22
1
79
5
115
10
70
8
82
57
57
50
31
105
28
12
18
41
32
33
31
18
53
113
124
30
39
42
36
50
57
19
79
3
6
26
36
88
37
70
97
20
36
17
5
110
87
3
35
61
25
46
44
105
9
17
11
2
58
23
18
39
19
12
41
33
35
6
6
15
33
6
45
120
99
138
51
26
65
2
90
23
53
65
72
30
107
12
43
82
45
67
58
31
41
23
50
16
115
7
8
8
14
30
3
70
79
51
21
57
133
151
37
80
5
8
14
64
4
65
56
13
41
6
58
105
75
80
46
36
89
5
52
75
14
29
22
53
29
68
1
42
56
52
2
8
73
75
53
30
22
57
82
71
57
36
66
53
75
47
28
7
1
74
47
150
38
54
47
28
84
38
36
43
1
14
5
33
21
26
46
29
37
3
36
25
41
40
48
11
92
11
33
73
63
57
50
77
36
72
23
60
12
11
66
10
52
11
6
19
48
26
14
81
53
21
2
133
29
12
13
17
19
17
12
10
51
1
55
49
62
59
70
59
9
18
67
29
41
34
60
28
45
12
13
145
5
129
58
31
93
42
65
84
25
73
8
14
143
101
88
42
9
18
1
35
27
16
16
53
51
101
42
37
51
30
12
44
29
28
87
46
23
18
44
38
56
136
78
57
44
29
30
33
1
23
2
23
28
11
24
17
34
30
54
46
56
142
17
10
14
12
27
19
17
30
72
24
140
17
10
77
27
0
21
125
128
71
86
35
31
46
18
53
59
23
45
46
20
49
54
88
21
30
27
17
67
41
21
11
49
61
36
22
2
63
9
35
71
52
88
17
51
59
8
91
57
63
3
83
36
29
13
38
107
18
46
74
22
6
37
6
77
37
2
61
25
50
99
26
50
75
86
34
41
78
46
57
45
2
2
88
45
121
49
14
2
70
25
93
30
15
81
45
95
107
20
39
2
15
95
9
66
53
29
93
72
18
54
64
14
72
28
26
5
11
67
34
70
81
12
3
28
91
46
68
55
41
41
53
29
21
123
10
55
30
21
73
42
49
36
8
83
76
59
68
34
32
17
80
23
52
35
20
23
66
6
54
68
22
165
50
11
4
67
96
15
32
40
3
26
29
45
69
18
15
18
27
104
56
40
69
2
7
58
40
2
40
40
27
23
27
24
7
40
99
9
12
86
61
32
29
62
0
26
41
61
21
17
18
1
13
58
35
8
41
24
48
47
4
65
25
12
11
7
30
95
4
26
88
109
21
11
85
71
6
64
35
120
1
41
39
14
36
7
60
83
25
80
6
11
36
34
4
53
7
122
22
20
84
43
4
13
11
52
68
73
26
62
42
21
96
71
36
5
51
12
106
15
98
12
0
48
28
48
27
15
117
98
26
57
44
4
40
82
36
17
26
8
67
56
43
12
1
41
28
21
10
1
9
30
61
43
23
12
26
16
96
16
27
37
45
95
34
55
80
6
45
3
29
80
21
43
13
22
18
51
4
3
87
46
32
55
70
112
109
3
52
40
44
2
6
28
135
11
13
17
51
2
65
22
108
95
17
66
3
18
30
69
40
14
34
128
18
52
109
22
37
34
52
19
30
29
1
37
9
108
66
87
20
5
11
45
23
44
32
39
26
43
82
25
19
83
107
14
41
32
48
26
24
130
131
31
38
50
9
21
74
56
26
12
6
24
34
43
47
13
56
8
56
47
24
16
114
31
19
17
43
51
6
39
32
14
40
48
57
19
48
13
45
62
69
32
13
43
3
64
32
4
27
134
71
91
43
79
36
22
15
68
5
10
12
59
56
11
28
43
28
8
36
47
23
52
28
38
2
23
27
10
21
61
1
93
91
68
83
10
21
48
0
21
59
14
43
33
24
2
50
37
58
55
14
43
31
10
10
23
70
14
2
14
31
11
25
23
35
8
16
30
40
92
67
33
23
112
34
93
35
38
49
31
6
86
47
26
22
53
19
27
9
14
52
12
30
16
48
42
49
92
14
19
39
1
32
38
55
12
7
12
25
82
114
4
14
35
23
1
28
27
104
17
27
10
46
67
69
73
57
3
39
20
87
29
67
72
35
33
43
51
60
76
8
10
7
51
24
55
8
34
11
35
88
6
11
24
28
17
2
78
81
34
36
98
36
11
35
60
13
12
45
41
49
19
14
75
17
100
36
48
16
93
5
45
49
17
86
12
75
69
5
81
25
106
28
42
65
49
49
5
3
12
56
8
27
60
24
71
10
110
58
53
42
34
10
89
80
54
48
26
47
1
42
20
15
53
28
28
15
51
34
55
3
15
9
60
53
40
22
21
6
79
3
29
6
54
2
53
31
20
1
64
44
81
32
58
14
75
39
69
8
9
87
30
2
2
43
62
94
16
53
35
12
52
25
16
20
35
9
47
43
69
84
103
24
70
111
7
3
38
42
30
17
11
57
105
90
9
13
90
58
25
37
7
14
48
129
26
52
4
26
1
39
54
16
22
8
18
41
31
19
111
19
29
24
5
40
60
33
59
1
85
49
66
3
49
87
12
16
1
63
30
60
10
26
31
43
31
62
2
25
6
117
17
2
12
39
14
51
43
54
52
58
17
1
12
12
11
36
14
84
100
41
25
16
36
3
12
7
53
78
89
0
32
12
26
51
47
8
27
41
5
15
112
36
74
18
23
37
38
12
29
37
9
88
94
61
38
93
23
17
69
40
37
16
34
52
26
84
6
59
28
45
66
32
81
31
28
0
7
123
44
59
27
33
10
10
100
14
58
50
20
102
50
87
1
40
52
10
83
32
83
3
12
28
26
21
17
37
80
55
55
51
65
14
41
28
7
2
61
8
20
55
41
30
35
47
52
31
31
24
25
17
41
52
7
14
19
86
11
24
49
58
95
59
38
37
64
44
10
7
79
17
50
21
77
68
26
79
90
38
38
59
25
34
0
29
73
75
25
7
49
9
11
2
52
30
107
16
19
11
62
49
16
22
51
25
19
47
75
42
6
63
40
36
61
30
25
85
15
72
16
22
70
6
8
13
62
82
39
21
59
42
9
23
105
58
29
16
20
5
34
13
28
39
43
8
12
54
58
33
9
22
3
31
12
24
26
53
44
119
8
46
6
3
30
100
13
47
42
9
9
59
37
13
49
5
64
50
69
48
11
48
41
3
61
10
10
11
5
12
66
1
4
23
13
2
20
21
73
95
22
29
64
59
78
5
41
60
36
2
26
52
31
20
5
64
23
9
55
8
1
36
78
66
46
124
6
13
64
45
31
41
17
13
10
16
89
32
39
68
43
93
11
81
3
10
27
35
25
1
4
24
46
55
49
49
24
93
1
55
3
24
28
97
29
13
34
14
72
37
48
15
57
39
107
23
35
42
26
18
20
15
57
2
26
1
53
36
55
39
32
22
75
2
5
82
19
96
30
36
91
24
21
48
58
98
42
45
97
37
10
25
9
23
88
56
33
1
27
47
30
8
24
95
15
8
19
59
2
5
3
44
90
20
58
69
28
48
100
39
30
11
35
6
33
52
31
3
48
5
39
50
50
27
41
67
86
52
10
35
88
47
3
16
39
37
5
0
35
14
2
33
15
39
47
9
20
1
33
29
1
28
77
53
10
47
40
29
46
17
35
41
35
24
41
4
13
3
10
29
68
61
6
30
37
5
37
44
18
70
59
80
37
40
25
14
22
76
28
11
69
5
57
24
32
12
8
117
34
34
1
11
71
70
7
18
18
18
7
1
13
40
42
15
52
16
11
3
43
36
35
21
15
93
0
57
7
52
51
9
27
25
3
75
15
13
45
43
45
37
4
31
1
8
22
45
25
15
56
77
3
7
40
69
34
79
42
27
17
107
22
25
6
23
19
59
32
15
4
60
75
62
9
84
10
51
56
16
9
10
42
21
17
18
67
56
32
62
22
43
15
14
22
95
36
11
5
42
13
16
23
34
46
34
26
52
14
62
13
8
56
11
5
19
40
2
33
57
49
17
33
82
31
43
74
13
1
62
33
13
27
9
104
24
25
39
23
1
23
5
16
11
15
47
20
26
17
7
48
45
57
14
26
25
38
45
4
10
91
62
49
36
19
13
2
26
35
28
12
53
2
15
26
43
55
53
56
22
3
21
57
11
7
23
2
9
56
2
15
19
13
17
1
33
23
16
13
42
25
15
44
13
26
49
25
3
18
34
10
4
3
19
104
9
1
23
9
5
55
10
1
66
52
22
48
0
33
40
28
57
32
5
45
0
67
14
92
10
27
23
65
10
1
33
51
8
26
4
21
48
32
10
6
63
82
20
3
23
41
1
15
77
53
64
2
17
30
17
50
2
5
11
53
25
17
10
19
43
45
7
0
27
26
40
5
45
13
3
24
58
34
38
3
38
41
24
40
70
6
57
79
72
9
40
44
16
22
2
40
9
52
5
22
25
40
32
60
27
1
18
29
40
23
1
19
13
56
51
15
73
36
28
2
41
23
5
26
26
5
36
12
9
17
29
14
74
14
13
53
22
5
13
19
8
16
19
78
20
21
21
53
30
10
21
23
24
1
14
46
25
49
25
6
51
93
27
50
28
12
10
78
5
14
23
1
4
70
5
10
31
21
14
18
1
27
3
3
37
70
28
35
6
23
20
13
8
6
14
21
22
28
72
20
25
3
13
90
37
69
22
17
12
26
3
11
10
21
23
9
66
55
34
28
49
51
84
23
65
31
40
6
41
11
1
22
56
59
4
32
19
41
13
41
4
11
23
44
0
19
11
16
49
12
35
13
7
48
83
40
25
44
9
0
2
11
6
8
3
70
37
29
5
1
22
48
37
2
27
22
51
17
21
29
41
14
2
51
20
44
59
29
12
43
80
27
42
51
13
10
56
17
0
64
6
30
8
25
48
16
5
45
32
4
32
32
13
22
12
36
17
8
5
36
17
27
6
32
43
43
2
10
37
7
34
55
14
44
34
53
55
51
44
21
62
29
4
29
18
38
51
27
32
81
2
27
2
4
27
12
79
67
28
36
56
53
21
1
6
21
11
7
53
22
34
5
75
2
1
28
30
29
12
48
28
6
30
44
31
29
39
3
12
23
45
30
23
12
5
34
37
49
111
6
65
8
42
18
6
48
31
30
37
90
24
17
1
24
24
36
6
25
0
5
39
14
7
55
6
23
13
22
27
23
6
22
10
1
21
8
82
50
25
18
12
31
8
26
25
88
20
32
17
53
19
25
10
45
47
35
31
1
22
26
33
3
9
26
33
18
9
53
33
36
11
17
32
50
52
34
8
17
13
15
40
5
25
79
19
11
4
17
11
4
38
62
14
36
33
21
3
3
31
21
39
38
29
51
9
38
18
15
40
5
26
70
46
2
18
0
14
45
36
68
42
25
20
0
13
66
14
6
18
10
22
31
2
38
1
39
39
26
17
14
31
55
43
3
24
47
15
13
68
0
0
7
12
34
29
25
38
5
7
42
13
18
31
41
18
47
2
29
1
40
12
47
17
34
27
39
7
0
0
38
32
24
16
10
37
1
52
35
22
12
7
45
32
26
8
30
8
29
66
54
4
10
43
22
50
37
36
6
89
24
7
6
6
37
30
59
11
61
9
4
56
8
16
33
60
3
12
19
8
14
32
8
60
20
35
3
53
30
3
57
6
11
14
12
3
45
35
2
18
28
11
0
15
41
9
0
10
18
18
3
60
78
18
17
38
2
71
24
11
5
11
11
2
23
9
27
41
2
49
20
53
2
22
25
40
1
13
21
17
7
16
12
76
21
70
24
4
4
12
21
11
3
33
11
22
11
56
20
23
10
2
10
17
47
46
24
23
6
52
4
18
2
43
20
17
23
29
43
6
41
48
3
23
25
24
1
18
30
8
14
9
24
10
8
49
12
4
53
29
68
47
8
8
28
13
14
5
57
58
31
15
46
11
23
14
1
29
21
30
22
9
1
17
19
13
62
20
6
47
5
55
2
0
21
41
14
34
18
42
8
13
22
3
26
31
15
6
50
3
9
29
26
10
18
53
34
6
17
23
7
54
46
6
20
41
6
28
17
32
28
25
33
28
39
48
2
12
27
45
3
56
27
5
6
31
26
14
8
2
21
10
30
17
38
13
26
20
37
19
8
30
13
19
7
5
8
18
17
10
33
8
45
20
12
24
3
24
21
21
16
2
18
7
22
13
9
22
1
35
10
65
27
5
42
14
11
36
13
6
14
6
8
2
8
66
15
16
37
15
6
35
20
14
27
13
8
3
11
9
5
32
1
26
2
11
59
24
15
20
1
19
10
6
10
19
4
19
12
33
50
6
12
2
7
47
13
29
18
34
20
8
3
20
38
18
53
13
20
20
26
7
10
24
49
4
7
24
20
2
33
5
14
9
11
18
7
30
23
5
13
19
15
5
0
1
48
27
1
7
4
37
27
18
9
13
15
14
21
22
16
1
2
2
24
12
7
31
11
23
7
16
0
22
39
13
1
12
4
28
19
33
24
5
18
2
4
36
4
7
49
24
9
8
20
27
25
18
30
12
12
32
14
19
36
35
0
16
9
9
2
24
15
8
13
30
30
1
15
1
40
25
17
13
31
15
4
2
10
46
4
22
19
9
3
31
11
18
39
2
11
15
4
20
1
43
42
3
9
11
2
23
7
20
11
45
39
34
3
5
12
29
6
26
24
5
31
11
37
7
19
19
23
31
11
7
15
4
18
11
13
20
18
25
15
35
6
22
15
1
40
3
5
15
20
15
10
26
4
8
17
10
40
50
6
7
3
23
5
30
11
6
21
44
15
13
6
9
1
25
4
10
7
34
18
32
22
2
15
3
7
19
5
2
25
3
32
34
4
6
4
8
24
47
14
29
5
7
1
9
12
32
13
7
18
0
10
15
29
37
5
13
20
11
13
7
3
15
31
2
31
8
3
27
10
14
8
12
13
26
26
4
9
16
13
7
19
11
8
5
34
3
13
13
34
7
6
12
16
29
7
8
7
8
0
13
8
0
27
4
2
1
15
10
19
29
6
0
29
23
1
17
4
9
0
2
5
12
17
3
14
2
7
7
6
1
17
7
18
17
1
16
19
6
6
10
3
17
22
4
14
0
2
5
29
10
36
1
3
10
4
5
1
3
12
5
2
18
11
5
12
17
26
24
17
14
1
14
6
3
18
0
2
23
15
15
6
18
19
5
3
16
12
0
8
16
10
19
11
26
29
34
43
13
9
14
5
4
6
4
2
27
16
10
2
13
2
4
7
4
3
9
15
13
18
1
3
6
6
3
3
33
12
7
14
5
6
6
3
4
5
0
7
4
10
9
17
12
2
12
11
17
0
4
2
10
3
13
35
9
4
0
7
5
17
14
0
1
6
5
14
20
5
12
1
15
2
8
8
4
10
10
12
3
12
9
12
8
2
11
8
1
15
3
3
12
13
9
9
12
1
1
3
10
2
6
9
1
7
0
2
7
2
12
1
12
6
3
8
3
4
4
16
0
5
10
8
0
4
1
9
1
3
6
2
2
5
10
5
3
6
0
2
2
1
6
4
8
0
9
2
3
6
11
3
6
3
1
5
3
0
2
1
1
0
1
1
0
0
1
1
