50
43
92
7
27
1
140
59
24
30
4
3
15
29
60
78
2
9
3
6
13
10
54
74
61
61
9
22
41
99
3
31
26
9
4
66
76
84
66
16
27
3
53
65
42
29
17
55
1
14
17
27
51
34
35
4
36
17
4
50
80
96
8
73
8
109
5
21
23
36
66
50
120
18
1
6
35
29
71
47
42
17
33
27
25
53
7
22
43
40
77
39
7
57
50
14
79
71
13
56
4
158
160
0
9
59
24
22
71
56
107
21
53
85
57
53
3
105
75
11
111
29
39
16
11
28
8
17
54
14
46
71
69
65
29
20
105
44
24
68
46
34
57
93
122
62
12
113
42
70
60
34
52
66
30
56
88
13
78
99
12
40
64
13
19
56
145
58
27
0
93
58
7
21
47
43
113
61
80
28
60
61
35
23
60
68
30
114
14
30
4
25
14
13
136
65
16
55
34
66
57
91
13
55
52
112
115
93
11
45
7
3
3
76
92
101
25
46
174
53
47
23
74
17
36
107
103
144
18
75
8
26
32
87
33
2
111
78
35
4
36
51
27
47
17
99
58
56
20
2
29
118
28
4
69
52
6
62
21
53
28
41
1
47
16
36
39
90
54
2
1
48
4
86
24
58
66
55
57
86
35
163
86
53
7
67
5
23
107
13
34
30
169
66
43
82
120
84
59
23
26
19
36
45
21
92
7
60
125
16
58
71
38
58
157
103
82
24
82
35
7
35
42
127
3
31
54
15
78
8
33
3
47
57
60
78
45
42
33
52
168
50
3
71
25
44
3
168
1
9
107
142
10
30
66
33
24
106
22
84
5
52
54
47
125
95
57
44
37
17
41
32
58
95
67
9
29
8
20
1
27
5
36
15
110
102
12
25
16
51
11
48
32
29
46
158
14
10
111
15
27
47
41
12
54
24
120
5
45
13
17
54
65
85
22
63
55
53
28
79
45
124
54
135
6
79
31
157
11
44
2
115
68
82
97
71
76
5
112
29
7
10
43
4
168
35
26
101
48
93
42
37
1
11
30
17
37
53
53
32
46
40
28
156
43
16
31
36
41
130
61
24
6
66
56
64
40
76
47
54
32
14
66
45
15
29
57
45
63
37
35
49
9
56
53
125
178
35
21
18
6
59
53
20
33
100
64
128
49
51
112
90
80
31
7
51
68
34
32
6
5
106
96
108
51
102
26
34
8
75
52
191
87
36
1
53
68
9
8
25
116
69
5
65
30
71
44
18
26
18
60
77
37
61
52
15
38
26
37
42
3
69
23
4
4
21
113
20
6
80
65
19
26
34
44
39
20
8
24
7
23
34
82
73
56
15
87
63
8
16
105
50
97
1
34
80
32
118
40
65
77
113
15
12
1
56
50
32
66
73
11
100
30
70
60
88
141
53
51
54
43
25
35
32
5
87
27
140
5
32
52
60
22
61
9
62
31
56
6
46
12
66
16
2
71
95
81
41
1
6
26
71
14
41
75
64
144
48
3
80
51
50
49
27
16
81
83
19
141
79
31
37
4
8
97
42
1
64
81
53
97
19
45
71
71
78
47
1
81
69
166
66
147
35
115
130
25
35
11
43
44
125
70
8
19
49
24
13
34
56
111
26
8
141
65
15
75
1
19
15
82
62
26
22
18
13
5
29
35
16
33
133
86
31
9
77
49
40
22
95
89
62
85
29
52
9
21
31
38
88
82
25
4
81
40
77
49
55
128
3
76
97
59
98
20
105
32
49
15
151
8
124
48
137
83
36
120
6
20
145
0
46
60
2
51
18
88
37
71
92
5
28
125
5
21
20
87
29
30
2
48
6
2
7
30
45
32
56
92
22
47
98
74
11
53
29
29
36
28
40
31
38
29
71
115
20
35
42
29
23
40
40
1
7
70
162
40
71
22
73
155
71
19
25
30
22
79
30
35
8
126
81
53
76
10
61
7
87
52
19
15
85
26
204
9
9
70
21
22
18
15
39
141
24
5
83
0
104
68
36
107
20
49
101
7
1
56
40
104
55
69
60
30
36
56
16
19
15
29
91
61
83
4
7
100
16
53
64
36
22
118
46
19
11
68
168
115
35
11
61
1
2
27
1
41
45
97
43
20
94
51
65
96
24
56
0
82
75
10
90
36
15
75
42
52
82
43
43
7
13
51
11
89
6
132
18
14
32
76
14
6
22
40
1
20
31
86
4
97
38
17
34
78
41
34
34
91
43
1
56
6
43
75
30
17
41
13
11
11
50
92
16
63
37
105
65
0
49
46
18
46
9
20
10
18
72
6
68
88
15
62
25
69
46
55
49
75
83
71
26
60
33
126
50
14
36
54
60
12
6
44
118
63
27
56
16
1
39
112
24
51
156
35
75
58
127
55
52
3
18
26
38
121
20
51
141
3
20
29
17
2
3
41
103
1
54
33
25
18
41
82
46
72
13
31
68
63
11
115
19
136
70
70
51
68
6
19
36
2
69
93
18
45
67
18
22
99
16
30
30
90
59
43
55
58
99
53
37
22
21
26
33
19
117
7
14
60
24
4
34
18
1
19
25
1
31
20
9
36
34
9
20
50
7
74
52
0
103
34
33
91
33
28
110
25
62
79
131
95
95
52
68
30
25
78
45
1
15
21
35
7
35
51
3
27
10
96
78
107
72
36
62
16
23
20
119
4
12
3
13
109
102
33
48
57
31
104
17
73
51
56
66
3
44
3
64
68
13
46
67
84
62
10
90
34
17
33
7
5
72
33
16
109
97
43
99
5
56
56
62
1
58
71
90
24
25
58
69
8
3
8
92
31
84
5
20
104
63
85
75
25
65
25
6
33
88
18
42
67
123
19
65
1
38
71
62
20
14
6
36
144
62
45
73
8
118
42
12
70
2
61
65
5
39
89
69
36
26
19
32
45
27
41
103
25
27
1
98
13
77
2
50
23
25
4
9
78
29
34
48
11
47
65
12
31
33
24
57
48
19
23
75
23
120
74
41
24
57
57
14
20
1
6
30
31
93
44
86
31
10
60
6
122
7
39
45
37
15
52
59
84
20
127
28
42
61
19
96
42
34
9
13
32
21
16
71
41
78
23
138
86
26
74
10
40
100
9
25
39
42
62
11
101
52
35
133
3
68
47
3
67
3
45
24
84
94
100
61
43
66
41
37
72
4
59
3
44
40
105
7
70
8
107
52
32
71
41
7
32
2
85
46
21
20
52
29
67
59
8
20
58
82
65
40
53
4
24
24
1
60
80
8
9
18
91
3
13
97
26
65
18
73
42
23
43
117
37
62
37
8
33
65
30
97
46
81
25
61
46
82
72
1
26
61
65
33
5
121
52
54
10
37
71
59
55
19
9
114
25
47
50
65
28
61
30
14
10
59
1
18
95
63
27
51
8
48
59
5
3
27
106
65
28
13
42
54
32
32
49
6
14
0
39
31
0
92
64
112
77
77
89
25
17
11
3
56
20
84
54
16
52
41
98
16
41
13
58
32
61
41
102
0
19
135
21
48
43
22
46
43
8
59
24
4
3
1
30
49
83
59
25
70
53
24
12
78
68
19
3
127
52
45
35
13
16
124
14
4
72
27
37
20
83
70
63
38
55
1
24
58
104
135
22
58
61
8
2
51
65
6
32
19
23
17
34
57
40
6
79
33
46
41
11
106
14
9
19
48
11
30
67
72
39
10
27
6
24
43
65
80
53
10
13
66
5
27
31
25
55
65
14
32
67
80
104
121
24
20
86
19
81
22
98
11
40
31
122
29
115
21
73
42
58
4
86
53
36
38
102
20
52
68
23
39
14
5
104
76
44
101
46
7
33
86
14
28
95
50
48
1
8
10
9
14
9
81
21
54
1
31
64
36
36
78
32
60
59
63
37
4
10
21
56
7
19
49
97
0
8
2
88
37
53
64
31
43
14
23
1
6
53
40
28
8
48
82
8
21
27
48
79
76
68
51
51
24
75
23
14
1
50
67
36
127
26
76
80
12
26
15
102
53
74
94
77
21
77
24
90
5
28
30
16
51
11
6
15
26
18
80
34
12
23
49
121
37
97
85
63
17
107
64
50
37
4
11
9
31
92
21
39
44
66
22
57
47
97
58
45
42
58
75
4
33
100
4
50
81
67
10
98
10
10
21
27
40
43
48
89
55
1
115
67
30
57
46
40
27
91
49
0
74
24
51
31
75
43
24
3
38
5
31
102
41
6
40
6
36
44
12
76
20
2
29
29
111
30
11
42
70
32
37
61
31
58
75
29
60
31
3
15
37
12
22
80
23
32
13
15
12
36
97
65
45
12
5
27
64
99
58
27
71
64
39
8
48
18
4
6
81
61
23
47
3
35
20
38
50
15
0
33
27
16
84
55
26
19
47
86
1
67
55
31
27
88
12
38
6
21
102
23
17
61
52
137
2
22
109
43
66
56
18
146
71
44
50
35
66
99
33
13
36
20
10
2
10
1
46
108
49
79
41
86
76
34
29
12
56
67
28
71
4
12
16
1
26
1
38
31
47
2
76
111
1
10
0
35
60
9
28
44
109
24
53
35
64
56
2
9
51
45
23
66
33
38
55
88
104
81
34
53
77
26
63
5
25
24
46
48
34
100
41
9
32
106
19
129
28
2
87
108
15
37
76
72
7
28
10
36
19
11
49
59
98
89
12
57
12
31
41
57
26
14
1
6
155
13
91
37
49
4
61
3
15
41
64
5
69
17
8
13
21
64
0
162
44
39
2
56
57
43
142
71
29
4
50
54
105
25
9
71
50
25
70
116
24
9
27
7
81
40
15
5
31
51
28
93
63
9
52
10
62
31
70
16
36
35
121
10
29
5
82
35
84
130
57
2
75
46
95
9
0
6
12
47
101
24
20
86
81
45
39
91
17
46
6
19
51
20
27
13
53
69
40
30
67
109
89
12
55
7
55
60
47
22
38
17
4
8
5
55
58
54
1
90
9
3
21
26
2
48
60
90
25
34
75
33
76
8
11
76
70
13
38
15
94
8
21
0
45
69
14
98
10
40
81
47
16
15
77
68
90
6
43
3
36
37
13
30
52
19
76
76
77
53
30
48
26
66
60
55
37
35
14
18
39
72
70
53
97
34
54
7
96
100
13
31
50
28
50
8
29
26
20
27
47
11
32
44
6
61
18
24
0
2
54
9
55
43
37
27
48
38
23
47
17
30
93
63
20
43
13
46
33
7
1
25
22
10
19
50
16
56
96
22
31
41
88
47
42
111
16
3
47
16
29
66
8
9
24
32
28
8
61
27
16
19
4
93
59
3
17
40
7
43
2
23
57
67
30
81
28
77
30
68
85
43
99
94
66
18
73
44
18
13
9
28
17
38
102
27
27
65
14
18
25
19
43
0
40
52
30
71
7
11
75
75
61
16
9
6
47
53
50
78
13
50
21
18
14
14
45
20
15
37
2
36
42
134
3
35
4
32
81
65
44
27
60
42
11
13
67
47
1
25
16
9
46
76
2
10
5
34
12
42
72
26
14
35
46
80
28
60
77
15
81
49
8
1
15
43
49
15
70
17
131
57
6
23
25
69
26
21
15
132
10
43
96
90
5
56
67
64
51
5
7
23
14
28
59
18
59
8
27
11
22
64
5
72
24
2
85
3
69
68
95
19
76
13
47
55
15
2
14
30
13
76
21
17
11
7
73
6
26
0
87
44
16
67
0
32
20
46
14
70
45
69
126
2
54
26
73
3
17
47
41
40
72
47
26
101
44
0
35
85
6
18
42
47
20
61
30
37
34
51
5
5
14
60
27
29
91
12
11
15
39
39
11
0
31
62
24
34
28
21
46
1
36
48
53
43
59
50
36
7
69
0
6
40
38
40
70
24
17
40
36
52
24
28
20
55
9
72
70
24
6
15
96
6
62
32
13
76
46
78
61
17
3
48
53
89
80
55
89
15
31
29
93
24
15
18
7
120
35
40
10
79
30
15
48
32
0
21
6
101
2
23
68
17
36
15
70
57
23
45
86
41
10
56
41
88
15
46
16
40
37
44
23
72
66
45
42
14
76
10
8
22
89
24
62
27
49
34
33
7
23
14
74
13
17
30
64
18
53
13
25
60
60
97
64
45
12
58
6
53
41
13
59
81
18
48
64
12
27
36
33
39
17
19
3
40
3
8
50
7
12
43
22
58
35
36
28
0
23
29
35
41
18
42
8
72
8
37
11
9
52
7
54
66
23
93
14
41
14
3
35
6
25
29
31
29
1
3
6
24
23
15
29
9
77
2
77
28
19
2
71
8
8
35
49
43
58
21
41
45
60
23
44
12
29
31
20
4
0
16
5
5
48
21
48
8
1
35
47
68
53
67
27
32
38
81
4
82
12
20
49
19
78
4
47
7
69
8
58
11
8
39
15
18
43
22
35
16
27
15
9
37
15
26
41
4
38
15
11
37
25
72
29
53
21
14
69
30
36
6
109
49
20
26
15
55
53
35
54
21
2
10
60
28
86
36
16
14
11
13
51
74
39
37
9
96
31
5
20
34
32
82
12
36
19
36
31
76
59
88
3
48
26
5
14
19
6
63
43
57
58
19
4
49
19
57
22
39
21
5
8
48
21
14
21
53
38
72
19
36
26
48
79
3
37
1
81
32
82
65
22
21
74
9
44
10
50
35
63
48
43
58
90
1
70
22
35
36
12
35
34
2
47
37
14
9
94
1
24
16
69
31
8
27
16
3
35
25
40
31
5
12
1
18
23
1
3
76
21
10
3
7
16
33
32
8
30
7
39
52
42
13
16
45
8
42
23
8
35
2
54
31
27
20
70
32
12
67
32
63
34
15
12
40
25
48
12
7
17
2
21
89
99
39
1
103
23
66
19
31
13
46
43
26
31
11
16
13
18
7
10
8
74
21
22
59
33
48
14
52
14
63
33
10
24
45
11
81
63
1
51
65
48
2
43
23
15
56
56
21
55
16
88
45
4
22
28
13
20
22
7
33
3
12
0
2
25
11
21
11
3
12
9
62
23
44
10
45
14
32
8
32
23
4
38
37
31
71
17
52
3
48
45
19
13
13
46
2
58
17
24
32
49
92
26
30
48
21
4
36
68
3
9
28
17
83
23
42
3
0
24
2
63
22
0
59
22
39
59
39
5
70
23
73
30
65
68
3
18
29
94
3
31
10
45
88
31
55
24
22
40
45
14
35
116
3
94
59
56
12
34
9
1
14
34
38
62
24
32
23
61
15
3
73
69
50
3
15
18
50
85
37
25
56
8
22
24
5
20
4
6
4
36
43
55
45
19
30
66
0
17
21
8
13
16
8
9
22
45
23
10
20
7
32
107
40
43
34
3
5
55
0
51
110
28
42
61
4
2
1
16
57
47
24
22
38
15
28
7
1
34
72
15
2
9
40
35
42
14
2
46
9
33
8
14
1
23
19
8
32
28
4
7
49
16
7
28
11
26
12
16
12
28
11
16
22
39
55
15
1
19
75
33
42
57
25
22
3
5
83
18
25
13
10
7
52
21
87
0
17
4
10
27
28
2
29
38
23
4
45
10
24
23
47
37
11
3
14
53
10
68
34
31
47
17
7
2
47
36
3
6
34
5
20
34
17
39
66
42
4
45
1
24
5
24
7
1
10
29
36
6
27
1
81
5
16
50
73
44
4
18
50
35
30
42
30
30
12
4
8
21
47
8
45
42
17
51
61
11
20
32
21
2
7
11
62
27
1
44
6
3
13
8
12
5
13
26
20
60
8
13
3
15
77
17
44
60
13
34
0
35
42
2
32
1
23
22
20
15
49
58
14
3
10
16
19
7
77
39
68
6
41
67
20
29
61
3
3
19
30
34
40
23
14
46
57
1
4
37
13
40
3
19
3
6
39
19
13
27
25
40
15
24
25
17
18
0
11
33
42
35
69
17
19
46
12
30
51
5
55
37
6
27
24
12
21
31
19
57
36
11
27
40
10
11
0
21
19
21
58
51
10
20
1
43
82
42
11
18
22
18
13
2
5
50
5
22
6
77
20
46
8
59
4
54
16
49
34
9
67
30
1
22
14
40
33
8
16
22
18
30
8
77
16
17
57
24
35
16
21
12
41
56
3
43
40
13
22
18
26
18
54
4
20
51
6
13
43
1
13
46
6
4
37
11
13
31
9
26
55
34
13
2
20
15
28
29
32
3
17
14
7
2
25
44
29
43
10
13
56
11
13
25
73
58
15
38
22
38
13
24
6
29
15
42
37
10
24
47
4
18
21
49
14
29
18
5
30
23
6
24
43
5
19
57
13
8
10
4
8
13
8
28
24
32
35
12
56
40
11
18
45
7
28
6
5
29
9
23
19
3
53
61
19
1
35
28
39
15
10
40
25
12
25
28
11
13
13
1
74
31
17
45
47
20
14
53
14
1
28
3
5
14
8
13
32
17
1
14
22
31
30
27
5
9
33
59
15
3
37
23
6
71
39
17
58
19
49
4
5
4
12
2
17
80
22
20
40
13
6
11
54
32
11
15
4
17
18
17
10
49
25
15
15
18
15
47
36
21
20
1
56
15
8
26
61
31
10
23
41
2
29
26
20
44
12
6
60
7
1
36
12
24
6
3
12
22
27
35
37
6
20
16
7
9
20
11
7
28
15
20
8
8
6
35
11
34
15
22
19
53
13
46
39
26
6
12
7
38
24
15
23
37
47
34
41
14
18
10
4
25
25
29
14
7
1
12
43
25
17
41
9
41
21
8
4
27
27
27
13
12
9
22
11
2
24
40
27
7
36
17
6
15
34
15
63
12
25
43
12
1
2
19
21
15
14
26
12
23
53
8
20
29
1
37
18
10
3
14
16
12
2
9
47
7
18
17
1
36
0
9
30
40
25
14
53
0
21
11
21
17
3
48
6
2
47
12
7
6
2
13
5
13
35
24
41
30
5
1
44
6
7
15
28
9
24
34
19
1
16
5
21
33
25
8
37
37
4
8
21
28
36
13
0
0
50
36
21
10
9
7
8
35
11
21
32
23
4
48
3
6
6
9
16
25
29
23
32
7
31
40
19
12
39
3
8
15
1
47
13
17
13
21
3
10
17
14
54
43
3
5
10
1
41
18
7
33
4
8
40
18
22
29
9
35
6
14
0
27
26
40
16
14
7
16
20
12
0
7
23
4
40
7
15
19
6
17
13
14
7
49
7
7
15
17
14
45
34
9
11
27
11
1
3
29
14
11
5
12
7
17
4
20
9
13
31
4
12
11
5
23
26
20
2
34
11
13
17
5
20
27
22
9
0
40
7
4
11
8
3
4
1
7
12
20
23
17
13
10
29
4
33
1
16
11
15
12
3
13
10
2
27
30
8
3
17
10
13
10
33
16
61
7
9
3
16
24
27
19
8
14
30
22
16
5
9
3
18
15
22
15
7
8
1
33
23
25
1
9
14
52
4
6
8
1
17
19
9
23
16
10
30
13
4
17
4
26
17
35
13
2
20
10
5
0
8
25
13
28
41
0
26
17
28
8
27
18
21
9
29
3
1
6
21
27
22
11
10
2
10
26
16
17
28
13
13
8
15
31
6
15
5
18
14
9
9
24
20
4
2
20
33
9
29
14
16
1
2
12
6
2
4
25
3
22
46
22
4
23
2
12
13
5
21
21
47
15
1
5
1
20
7
10
19
9
6
18
2
16
13
7
6
15
26
19
10
0
5
10
1
19
24
10
4
1
13
10
2
7
14
0
21
26
13
13
8
10
13
19
2
12
16
8
18
26
10
6
30
13
16
12
14
8
5
8
11
4
6
2
10
7
6
3
25
6
1
12
7
9
6
2
5
3
32
6
4
14
8
8
5
3
10
9
2
11
9
20
16
21
7
17
22
3
6
0
14
15
2
2
6
11
1
4
5
14
3
1
7
7
29
18
1
9
16
36
5
0
16
4
9
12
23
3
31
6
6
9
2
3
25
6
19
19
5
1
18
6
4
10
16
14
4
9
4
8
22
10
7
3
15
4
4
6
6
11
5
8
8
8
18
33
6
11
2
4
4
0
4
10
12
24
0
8
1
4
13
20
1
13
7
7
6
3
20
2
1
5
5
1
1
5
7
5
19
11
4
6
7
2
1
7
6
1
4
8
1
13
13
0
8
11
9
1
5
5
4
0
8
8
9
12
16
9
13
3
19
4
8
14
5
8
16
4
8
0
16
3
11
15
1
1
4
1
14
2
5
6
6
11
0
11
3
5
2
8
3
10
0
2
1
9
5
2
2
6
6
12
8
4
2
7
2
5
5
1
1
10
6
4
0
2
4
2
0
3
1
1
3
2
0
1
1
4
0
0
