37
11
2
3
12
3
26
91
39
2
0
3
73
26
73
44
19
46
54
12
6
12
22
52
16
20
74
9
7
6
118
15
56
92
9
30
40
74
41
15
140
25
28
64
15
17
12
76
41
36
126
73
33
1
35
7
147
73
22
8
23
6
47
31
15
64
38
2
35
71
20
58
33
70
1
106
23
36
53
2
66
98
35
20
2
68
133
72
58
25
52
53
34
22
74
68
46
61
44
57
23
50
103
66
74
44
66
23
13
49
4
25
23
39
124
11
137
48
2
9
42
68
66
20
60
145
104
43
15
34
62
88
72
124
65
77
81
74
26
29
7
44
1
16
10
48
94
9
28
86
1
1
59
120
110
98
6
55
60
78
15
86
61
1
14
8
74
89
5
4
79
98
128
102
19
10
158
55
20
5
8
77
25
95
66
89
26
126
80
20
31
5
21
84
23
106
57
3
108
115
24
79
83
45
22
41
78
40
70
17
23
22
58
7
31
65
69
83
108
10
16
147
54
7
47
130
57
24
24
15
11
21
100
35
9
88
83
21
97
40
10
89
8
45
29
70
63
8
27
54
23
61
10
69
26
105
33
8
33
58
3
1
40
9
51
35
35
67
82
64
16
59
25
136
73
15
75
33
87
90
23
29
74
4
7
24
100
121
89
62
67
20
88
6
79
55
9
78
4
32
37
8
7
54
45
54
104
81
12
38
14
229
26
29
17
49
119
61
27
6
159
113
95
17
94
65
69
8
75
21
69
6
67
16
53
8
62
30
118
54
86
2
13
14
3
65
30
83
20
20
62
28
70
31
9
158
51
4
82
42
42
63
123
66
69
33
12
55
6
17
88
25
10
81
23
22
55
82
14
11
44
101
126
89
92
1
82
50
12
8
27
0
65
31
75
19
42
9
63
82
28
7
0
71
19
47
15
13
37
100
17
4
68
33
56
94
163
210
16
49
20
69
43
123
81
19
78
131
70
56
4
22
44
59
13
26
0
65
1
34
53
124
7
54
74
39
18
117
29
145
49
24
39
80
21
30
23
41
95
19
92
20
51
98
98
15
70
59
12
6
49
55
12
90
107
46
84
92
70
41
42
23
9
93
14
32
25
100
15
53
16
18
62
42
108
171
0
14
21
41
13
151
30
92
110
73
58
64
62
110
2
11
29
10
59
44
131
72
52
47
70
35
64
22
7
52
9
12
31
37
100
87
3
39
94
93
172
23
5
50
56
74
15
55
31
51
57
55
57
22
74
27
45
8
17
72
39
147
82
2
50
157
103
57
62
5
28
103
63
18
21
3
18
37
63
12
122
26
114
134
101
26
11
5
40
23
70
7
19
50
60
94
42
27
69
11
8
30
58
34
86
35
11
108
34
17
11
36
146
28
76
29
29
13
36
11
102
93
49
103
8
28
85
39
114
39
101
64
18
66
12
24
12
8
37
81
20
11
70
8
32
114
21
57
116
6
71
27
87
94
9
2
92
43
53
54
45
19
14
103
120
46
96
69
2
4
7
61
7
127
71
124
99
62
62
43
52
36
44
70
121
18
9
28
4
34
145
2
91
5
6
14
13
30
20
23
105
105
21
26
155
18
67
1
85
90
52
10
123
69
19
88
67
51
56
123
43
113
81
44
33
63
68
7
41
23
65
70
96
47
47
4
56
9
46
23
21
32
14
2
10
118
74
145
34
52
86
36
49
32
49
88
15
47
3
16
48
13
68
23
64
58
36
3
118
32
44
5
48
8
5
32
15
39
37
146
60
21
84
8
85
62
114
3
92
32
101
100
92
58
51
44
61
8
11
63
71
51
24
61
46
61
29
5
3
13
131
2
56
88
132
32
76
32
13
136
22
34
42
74
20
54
22
71
59
21
87
20
9
39
75
25
14
31
83
99
21
4
78
57
71
137
105
17
30
16
52
43
83
1
25
73
84
81
17
61
85
25
62
46
31
21
113
57
71
64
6
39
43
9
130
51
47
3
113
54
54
25
27
81
38
47
13
9
18
58
2
11
69
66
55
16
15
65
6
7
53
48
112
14
46
133
8
40
99
4
33
78
8
43
21
8
26
17
70
31
4
45
25
13
13
0
65
5
90
31
33
37
49
75
72
34
53
59
46
123
2
56
100
65
127
106
14
155
107
50
9
39
49
33
79
46
5
38
104
28
113
16
18
4
25
18
47
157
14
60
1
73
14
27
56
1
19
36
92
35
10
53
18
37
10
40
81
57
36
2
87
89
63
4
29
87
70
92
20
24
30
10
59
16
56
5
19
47
23
11
36
64
72
53
30
35
40
38
19
1
25
8
47
13
114
6
86
58
32
20
10
32
29
1
42
58
12
34
67
0
113
33
27
22
47
65
58
5
39
113
47
62
79
36
28
62
21
1
24
87
33
92
14
16
58
15
2
53
18
67
72
60
3
59
37
39
60
8
89
10
71
40
39
29
63
31
64
35
64
24
56
79
29
5
4
67
6
26
45
60
8
5
6
44
13
34
28
50
3
10
42
16
55
7
15
41
71
36
19
61
86
151
39
90
52
16
51
32
53
96
12
101
78
39
8
89
36
135
87
106
61
114
137
23
56
25
57
14
13
87
20
61
130
61
1
9
17
32
7
31
10
4
77
77
4
28
59
26
121
7
19
28
10
35
11
23
54
5
75
34
36
102
15
9
53
23
71
18
2
52
27
202
56
9
45
62
18
13
75
68
15
53
3
42
22
11
31
56
20
2
16
34
0
8
18
16
33
12
78
130
86
120
13
37
103
24
17
4
11
9
26
37
26
29
17
36
82
4
2
79
142
70
38
25
40
7
22
28
21
27
15
68
58
52
37
57
127
62
13
18
62
38
82
52
17
51
42
131
12
10
84
5
26
36
0
33
33
27
44
25
42
34
76
76
65
40
65
23
64
80
62
3
92
14
71
137
43
39
78
120
46
74
117
59
112
27
11
59
54
32
98
51
43
37
35
18
91
14
53
51
27
60
4
15
85
18
62
145
51
2
40
55
69
11
60
21
36
118
18
21
0
150
11
17
19
12
22
30
84
18
109
15
50
28
79
16
55
37
28
89
84
84
28
10
27
33
24
46
32
30
84
30
2
98
24
27
59
13
17
34
3
75
90
46
56
40
32
9
14
17
103
13
21
22
32
124
25
39
85
111
49
51
12
11
57
17
51
20
51
15
63
26
25
24
91
59
18
36
21
84
28
110
12
108
44
39
121
129
64
144
15
19
22
83
66
16
140
67
50
60
23
2
74
38
46
15
32
118
19
36
86
20
10
67
51
13
19
24
55
63
42
81
143
34
69
111
23
35
97
11
29
13
5
26
35
59
38
66
58
10
17
6
12
15
1
27
45
118
84
83
25
34
42
31
3
39
73
31
52
13
27
72
37
94
3
9
31
4
109
8
70
28
39
19
39
35
56
9
62
62
27
9
98
69
40
46
48
84
4
84
33
10
8
5
1
19
7
19
55
7
30
28
79
60
38
69
0
86
10
63
79
2
5
71
28
33
61
65
1
25
44
52
52
72
136
10
30
17
73
2
5
89
64
59
13
24
24
49
30
19
25
6
14
48
63
131
140
19
49
2
37
35
14
58
24
47
106
67
29
18
25
39
30
40
18
72
35
90
9
60
114
66
89
3
5
13
43
106
10
13
76
18
40
70
81
35
59
46
6
7
35
114
58
48
13
20
10
110
28
41
51
18
33
15
2
39
77
64
68
83
34
164
8
53
9
78
38
62
20
11
20
26
27
13
34
66
3
27
16
67
2
82
7
94
97
18
33
94
43
2
3
10
6
16
41
1
28
107
34
46
15
97
32
1
12
19
47
17
45
46
28
109
7
0
74
31
91
100
41
1
18
33
111
6
44
40
11
44
57
25
61
102
1
46
42
45
78
7
6
46
17
78
7
4
22
13
12
5
26
6
17
60
9
3
14
32
37
81
48
7
9
34
42
30
19
33
30
19
113
7
66
57
61
64
64
54
29
29
13
66
19
52
68
32
33
38
18
59
38
83
23
57
67
9
34
22
35
34
69
27
62
135
30
48
50
35
21
56
33
19
50
4
88
10
71
38
61
23
47
11
22
101
80
45
48
65
29
56
24
18
54
33
9
28
42
108
34
21
85
20
8
64
40
31
4
23
22
4
24
3
62
1
31
56
27
91
24
39
24
46
84
17
80
36
65
52
31
39
19
70
13
105
46
51
15
95
49
62
10
1
50
65
29
3
9
37
49
98
42
62
17
52
56
37
124
38
8
10
3
33
7
91
112
42
104
39
8
108
11
31
39
39
43
32
38
12
16
36
39
58
23
82
10
88
47
124
5
35
9
31
99
50
113
24
20
61
63
1
7
54
52
99
28
67
43
19
45
32
20
8
16
10
69
50
28
47
147
8
16
24
40
9
14
53
23
3
47
21
20
87
36
96
11
49
11
2
4
86
42
3
45
85
69
67
22
16
81
40
64
13
23
78
58
32
79
49
6
42
104
27
44
65
30
17
30
66
66
29
48
49
25
1
43
79
9
7
70
30
29
40
18
25
22
38
19
12
42
6
13
12
59
82
71
38
37
53
29
32
66
81
13
122
12
15
63
1
48
134
32
33
75
3
92
17
1
56
97
48
93
17
66
3
83
2
51
115
53
57
55
60
62
6
15
19
32
49
49
14
53
75
34
7
20
51
45
5
26
33
34
28
38
27
10
34
65
22
21
75
14
6
30
6
23
88
85
5
21
96
25
53
79
30
49
164
90
10
25
149
16
60
44
13
21
45
73
28
28
29
64
42
9
21
38
21
85
8
36
41
0
12
13
42
99
14
76
15
8
14
21
115
5
16
60
67
18
5
40
58
30
47
44
5
40
20
20
19
10
47
28
1
29
24
13
36
1
38
15
40
55
113
47
43
56
2
145
80
72
38
58
70
13
21
24
82
36
10
56
8
34
62
44
25
19
21
39
46
64
86
34
41
39
53
29
19
105
28
73
24
66
23
63
41
44
25
16
2
85
29
8
35
5
64
55
47
12
2
37
71
43
53
14
4
21
3
79
48
33
16
28
61
60
40
54
38
77
5
28
47
36
11
73
13
30
42
32
26
18
11
22
35
66
70
65
30
27
40
3
39
17
53
1
19
47
19
65
32
15
12
26
51
22
24
144
1
39
55
8
28
48
87
83
24
59
13
76
23
77
28
12
10
53
26
15
6
4
115
75
64
143
1
6
44
36
2
75
18
14
11
30
27
23
30
39
83
50
11
41
58
75
31
31
37
5
13
32
29
61
6
6
95
22
131
89
6
76
23
5
21
140
94
47
27
17
41
16
135
12
48
13
12
31
22
100
56
32
2
33
10
29
58
53
50
35
33
95
23
1
11
102
30
0
81
8
43
45
23
18
33
54
3
24
73
2
25
35
40
34
55
29
22
43
8
32
49
121
10
50
58
83
143
31
27
3
72
24
32
99
39
7
21
67
39
50
78
66
77
95
8
102
54
77
44
68
3
42
53
71
74
59
23
46
13
9
2
21
99
34
5
98
32
40
19
4
42
23
9
10
54
16
19
71
2
22
19
41
67
29
8
106
60
53
22
79
34
122
14
52
60
2
6
32
14
26
26
8
34
84
60
25
41
27
8
34
102
4
42
37
6
28
7
41
50
102
9
71
35
52
76
3
89
61
74
5
9
2
66
54
116
2
40
11
3
13
70
6
104
29
39
77
3
3
17
52
1
51
85
46
82
46
22
106
119
74
8
83
28
133
74
44
25
24
55
10
7
86
2
52
12
48
10
10
6
83
24
38
77
2
85
20
26
34
1
44
44
17
39
13
35
32
3
20
3
111
8
3
20
7
20
34
1
67
49
55
50
17
43
55
9
9
12
28
53
43
41
87
37
56
18
47
40
9
12
24
13
22
12
31
13
79
81
17
8
64
8
4
22
70
6
29
40
23
42
76
40
40
43
5
3
64
9
43
13
56
56
9
4
66
50
13
38
39
21
15
29
57
0
0
38
18
4
80
21
41
44
4
34
14
2
35
47
12
66
20
23
56
9
8
25
18
13
70
5
50
19
55
43
4
40
17
4
27
52
83
1
22
18
37
36
43
43
73
66
59
29
61
34
16
28
26
39
10
4
23
41
13
8
58
1
14
37
28
2
47
49
36
12
27
64
29
7
6
34
6
19
41
15
55
11
13
42
52
20
16
3
26
1
15
52
39
49
18
12
34
11
26
68
27
46
29
49
20
40
83
12
21
62
125
18
35
84
64
33
1
29
76
9
31
15
6
2
0
7
60
13
5
10
54
40
6
59
23
56
24
99
39
26
62
33
19
21
25
7
80
3
31
52
9
7
88
33
32
2
12
23
9
18
33
27
66
22
12
3
30
30
69
19
24
29
31
8
48
92
89
7
78
36
8
43
31
21
30
52
4
18
22
21
17
7
25
7
13
17
93
35
35
54
49
45
3
74
7
36
15
54
12
111
9
18
5
58
17
29
29
21
62
75
19
16
27
3
12
19
1
3
46
26
48
19
57
35
20
60
80
20
30
56
6
41
60
17
14
34
5
60
0
23
34
52
60
18
59
26
13
11
30
0
31
5
33
5
63
56
5
17
39
67
77
41
67
9
22
21
3
15
15
53
18
15
7
60
69
117
7
15
2
40
15
66
36
40
16
86
48
26
42
2
15
16
84
49
5
35
73
0
52
67
28
65
1
5
27
46
39
77
12
3
22
22
67
6
26
21
50
3
30
7
5
41
19
52
9
11
28
29
24
39
17
94
13
17
4
53
40
22
17
59
13
52
19
49
57
24
61
26
102
45
31
17
21
80
1
27
13
47
18
3
11
8
99
15
13
0
6
63
5
91
35
14
33
2
0
15
71
68
20
34
34
25
38
4
64
15
13
8
46
6
50
5
56
7
14
18
45
21
21
43
58
2
1
21
107
1
42
58
21
61
0
27
88
12
55
16
48
20
54
10
3
77
26
7
22
42
55
29
38
31
10
64
17
22
13
4
43
8
47
30
26
52
36
58
32
11
20
15
48
12
77
21
21
7
5
19
28
20
50
12
41
7
69
1
10
2
55
13
9
11
65
37
66
28
51
71
4
33
56
15
7
22
18
36
31
1
23
8
5
38
47
39
50
11
13
23
51
40
71
13
71
26
46
20
22
14
6
16
6
74
5
1
5
28
48
23
40
84
30
6
14
66
30
10
51
12
21
17
38
13
3
3
43
9
31
66
39
6
13
14
8
21
25
2
5
15
32
83
10
13
41
31
43
14
40
8
18
22
12
19
1
29
28
22
24
16
6
7
58
7
16
36
1
16
36
25
7
57
12
24
28
2
10
57
62
3
35
58
41
7
49
8
36
13
30
13
51
45
39
100
75
15
3
81
1
26
42
25
8
32
42
30
10
4
16
31
14
6
20
13
13
74
70
14
35
52
8
27
28
20
17
63
45
69
17
47
11
8
24
35
12
35
21
56
9
41
49
34
2
20
43
28
0
3
18
48
63
4
46
52
2
29
42
63
16
9
47
7
28
54
11
35
21
24
10
7
17
10
29
1
53
76
42
63
38
42
31
2
18
32
38
33
3
29
12
4
52
32
58
6
33
52
19
5
81
7
3
24
42
92
49
23
42
2
41
50
19
1
28
17
56
42
27
23
1
17
6
39
41
3
16
34
24
32
36
10
3
21
25
28
43
70
47
48
10
8
22
20
1
39
31
33
19
22
14
12
20
13
20
41
1
1
2
8
31
28
12
51
68
39
10
23
57
69
29
27
43
32
37
17
47
31
1
43
6
0
6
13
51
34
17
30
86
31
57
54
17
54
49
7
27
16
51
35
29
8
10
20
14
12
14
25
35
25
3
5
99
60
19
60
29
4
21
22
2
3
54
3
76
15
25
9
43
35
8
31
14
55
33
19
6
33
4
59
46
10
5
38
11
28
6
18
11
23
10
1
49
26
34
47
10
4
27
5
11
6
23
41
19
50
20
40
6
26
12
47
9
3
30
1
15
20
25
2
19
10
76
54
0
8
1
31
19
59
39
11
35
65
0
37
3
9
16
6
11
33
5
123
33
4
58
14
1
8
32
31
23
21
12
55
20
1
8
6
15
15
14
11
0
3
7
20
22
3
24
8
33
8
34
29
60
24
48
58
12
3
30
12
42
25
44
7
30
19
7
8
1
18
17
24
24
17
19
45
15
39
19
78
5
12
10
21
8
1
21
51
12
10
13
16
34
36
20
26
1
19
44
32
22
18
20
15
32
71
67
58
22
41
16
28
6
4
22
22
3
30
39
37
20
88
5
0
27
1
28
6
16
12
2
11
22
22
25
33
25
48
48
10
3
40
18
9
55
20
1
12
44
23
59
16
4
13
25
9
21
23
53
29
28
6
9
30
56
15
39
27
40
22
49
65
19
19
4
77
20
39
28
21
73
66
5
25
30
24
23
12
13
25
61
1
14
25
33
33
15
27
15
38
7
9
32
20
12
24
27
42
39
5
26
18
30
1
6
10
42
2
20
16
34
24
24
17
23
1
4
12
17
33
25
11
43
32
37
22
36
24
3
44
1
46
1
3
13
46
4
3
15
41
2
5
50
31
32
27
50
2
16
8
5
40
4
2
16
0
3
7
51
8
38
17
1
3
7
40
41
12
49
16
44
15
14
34
2
23
31
16
28
19
29
19
18
42
15
11
11
37
0
3
13
0
2
32
7
6
40
7
55
24
48
32
31
17
28
11
52
3
5
25
12
9
47
54
15
14
28
18
46
9
52
32
27
50
3
41
4
19
10
47
19
15
24
30
24
4
18
3
19
50
57
26
21
31
39
22
44
7
4
62
11
8
10
41
14
8
29
13
10
33
10
57
0
8
24
15
3
7
13
32
34
8
50
3
35
3
57
28
9
42
12
13
9
4
39
40
15
5
23
17
5
14
2
11
53
23
25
0
7
13
32
42
1
50
27
54
8
11
24
11
8
18
4
6
12
36
14
0
43
16
23
22
9
23
6
18
13
61
13
12
10
21
32
17
2
11
30
10
4
10
54
4
28
20
6
30
36
39
32
13
4
42
4
4
25
30
27
36
1
32
5
15
23
5
27
8
19
1
14
25
5
29
5
9
41
36
48
33
23
18
20
3
34
20
4
13
3
16
21
28
25
31
22
15
2
36
9
16
8
37
29
27
33
2
24
10
6
18
18
19
8
32
18
14
42
17
3
5
26
1
12
37
5
9
0
40
22
20
15
37
12
29
2
10
20
3
27
21
21
16
6
6
5
26
6
14
15
1
15
8
9
16
11
23
2
25
5
18
22
37
22
59
2
42
10
10
21
6
21
29
48
3
12
26
3
37
24
5
7
1
18
13
7
28
17
40
31
17
11
19
2
2
6
14
12
2
10
48
3
34
10
48
8
6
11
21
21
28
42
10
29
28
9
23
11
23
35
15
9
15
6
3
26
12
2
4
4
22
12
24
27
13
31
42
26
19
2
0
12
27
0
46
10
39
31
4
24
24
2
7
14
30
7
51
22
8
11
29
13
28
9
18
7
17
5
19
33
18
7
26
12
21
16
13
6
2
33
11
23
14
12
8
24
24
1
24
7
4
26
3
0
13
31
19
14
20
8
1
17
21
28
5
12
9
1
14
1
3
17
20
22
40
12
21
3
6
6
7
1
8
15
4
25
5
47
5
24
2
0
16
18
1
16
7
12
18
3
6
1
6
1
2
26
22
6
36
1
3
0
23
6
34
10
5
2
6
15
19
3
24
29
25
7
29
4
6
11
3
11
15
3
17
21
10
2
16
10
33
4
6
10
3
2
8
22
47
24
14
2
5
22
17
11
5
17
18
12
3
1
15
3
15
15
46
1
15
1
10
15
0
15
4
16
13
8
19
13
1
7
24
2
9
3
19
13
25
18
5
26
14
9
11
1
3
18
14
9
4
26
16
0
8
14
19
9
10
15
9
1
14
25
7
4
10
23
3
11
10
13
5
3
5
9
17
1
2
4
2
2
19
10
13
16
24
8
7
3
4
0
6
29
1
8
3
3
9
27
4
1
13
16
1
20
6
4
4
1
5
10
6
4
5
11
4
9
5
11
2
6
6
7
1
6
8
13
10
12
1
4
6
9
2
10
11
2
5
2
1
2
7
11
8
6
2
8
6
9
14
1
4
7
9
2
7
12
2
2
1
3
2
2
3
3
8
5
2
2
0
5
7
1
6
10
1
2
0
2
7
10
2
6
9
13
4
1
6
6
5
3
4
6
0
2
3
5
2
4
2
4
1
1
3
0
2
3
2
0
1
1
0
