14
213
11
36
24
4
25
11
37
37
49
4
42
11
57
18
46
59
16
33
5
49
141
68
20
4
46
8
9
24
4
9
24
4
9
48
97
44
55
4
82
58
64
11
34
33
35
11
39
23
76
48
6
26
95
97
56
28
108
79
7
20
46
47
170
8
63
11
15
26
24
54
23
7
104
33
36
9
38
10
7
26
29
63
5
99
31
49
35
66
25
4
45
109
38
7
99
17
10
22
18
33
10
36
87
14
100
97
5
48
5
13
3
47
39
6
31
20
88
49
22
5
29
5
52
40
123
59
17
32
34
27
39
129
86
68
174
19
7
3
32
21
92
79
66
144
84
39
35
18
73
13
48
5
73
14
18
106
92
96
41
31
136
8
102
50
80
10
111
15
69
65
24
29
54
24
32
20
46
83
1
7
65
108
5
22
40
88
26
47
34
4
59
85
51
116
13
82
93
42
18
117
8
66
51
14
117
117
58
48
8
45
19
126
11
4
130
5
53
13
93
69
162
36
63
10
34
59
53
60
85
27
11
14
171
8
53
97
40
69
5
4
115
21
2
6
34
67
37
68
57
31
62
96
43
82
66
183
35
6
63
103
3
82
3
54
11
59
59
102
39
171
163
33
25
55
60
9
46
10
145
89
22
53
44
3
127
97
7
41
2
74
100
2
24
5
44
71
31
78
132
7
19
53
25
45
10
23
45
4
1
53
84
113
49
41
48
82
85
43
73
92
137
12
1
81
113
5
26
65
56
73
20
37
33
29
82
63
46
18
20
7
2
2
42
73
108
46
11
11
24
20
117
29
149
32
171
26
1
82
0
159
25
51
25
16
132
28
70
13
47
68
99
15
36
15
10
141
5
50
44
63
29
89
32
43
59
117
16
65
37
4
1
55
29
75
20
82
69
2
59
51
21
41
27
35
97
63
65
130
59
33
65
4
59
165
11
95
39
64
12
37
76
34
70
40
68
75
67
94
55
83
14
47
20
29
14
4
89
24
38
34
109
30
2
1
83
6
11
99
59
54
67
138
57
27
43
27
89
17
26
45
82
5
13
77
42
42
49
26
102
66
197
51
93
24
157
20
3
67
88
78
80
34
20
63
10
69
52
95
43
17
57
37
74
34
32
66
86
2
7
15
104
127
16
20
40
28
47
29
0
67
12
83
30
100
35
67
10
30
49
91
43
60
62
34
87
36
24
56
68
54
61
105
66
19
65
12
102
14
20
20
115
27
39
26
33
92
12
23
37
130
42
20
61
63
96
19
44
24
2
87
75
29
43
50
94
34
21
24
29
6
153
117
62
109
57
82
56
22
33
44
93
11
63
86
43
31
38
27
8
21
13
112
69
47
82
56
145
26
100
100
72
21
35
81
45
144
60
32
169
21
54
144
26
5
126
50
47
66
34
99
55
59
2
37
21
25
32
63
17
91
1
29
100
44
5
41
22
79
6
9
31
61
49
28
65
38
29
27
57
54
24
79
79
32
74
126
8
29
67
55
93
3
50
133
39
38
65
31
9
35
26
28
9
67
56
118
24
68
32
41
101
36
77
56
7
10
36
24
47
19
72
1
41
72
15
3
63
71
5
65
28
15
4
93
57
86
18
72
40
52
50
69
59
24
12
61
19
4
67
10
77
8
10
11
14
51
57
19
27
23
52
148
24
105
6
73
89
78
19
50
10
29
112
4
50
69
29
10
51
55
94
7
27
73
50
1
8
42
58
46
11
27
74
27
140
133
22
25
82
21
33
40
65
46
103
36
57
9
44
81
111
84
26
46
23
84
4
73
16
29
147
44
14
122
43
7
72
60
110
7
31
3
82
60
76
51
18
19
35
76
15
53
127
76
47
72
3
37
131
58
43
35
59
70
78
98
27
104
54
26
17
93
8
2
65
8
85
62
104
73
53
18
54
4
23
63
42
30
8
57
17
11
21
22
20
79
2
94
38
14
72
46
32
19
16
76
73
6
59
27
79
61
105
2
41
10
64
5
38
3
66
32
82
82
90
101
49
33
12
29
70
86
5
47
4
63
10
135
70
65
59
35
10
42
26
53
20
50
48
22
64
46
36
62
8
70
11
1
69
70
77
26
21
59
111
28
67
104
100
105
127
30
4
23
111
15
24
10
45
66
38
15
31
1
78
30
52
93
29
14
96
14
109
127
1
41
58
12
55
13
2
56
3
28
15
67
107
53
30
43
10
34
21
6
91
24
43
7
40
32
110
15
93
73
55
55
75
35
21
12
79
4
44
84
13
83
35
72
44
91
21
20
72
98
72
2
83
34
87
28
6
11
12
83
50
7
42
58
11
102
22
31
104
45
59
45
79
62
58
43
14
17
20
139
24
13
55
50
5
56
10
73
50
20
4
57
52
20
25
75
19
13
33
17
78
5
9
51
73
33
40
65
17
22
48
47
21
21
29
7
11
74
47
22
59
40
6
61
43
2
8
49
164
112
126
21
15
95
6
44
156
13
81
14
65
96
63
84
49
22
29
99
23
81
6
51
22
32
45
18
72
5
16
63
34
22
76
57
7
105
0
81
13
68
107
119
72
9
31
4
21
27
79
67
24
86
106
34
6
4
93
52
8
85
25
8
79
38
25
71
14
38
43
15
36
120
19
9
77
70
38
32
48
78
92
12
89
4
71
12
55
1
49
15
12
8
2
35
79
26
31
18
36
133
120
11
87
39
23
73
43
23
51
8
108
78
26
32
44
35
17
22
15
43
45
16
27
43
142
54
97
59
51
31
34
124
76
41
49
10
39
17
56
16
52
35
64
30
24
40
2
62
29
29
47
121
38
47
25
8
3
150
38
21
89
44
52
20
55
105
32
45
102
74
18
11
38
6
1
60
43
13
160
5
15
90
30
52
27
53
62
68
36
78
134
26
31
12
1
52
80
17
15
13
7
4
70
55
10
2
2
98
75
12
37
53
43
15
24
10
17
11
43
63
14
35
87
64
58
3
66
28
41
47
17
83
56
99
1
14
35
19
7
42
87
113
72
39
135
91
5
73
9
34
49
3
17
15
37
29
25
17
6
3
20
2
27
59
33
10
1
93
32
70
30
63
85
4
30
129
18
36
41
31
78
118
5
26
34
18
56
75
72
85
3
11
63
51
24
86
50
1
95
54
62
84
53
35
33
43
41
28
6
111
1
5
53
29
93
75
50
33
40
54
60
68
36
6
4
4
0
67
10
22
81
1
66
71
61
14
40
100
5
49
61
68
36
10
86
46
32
2
55
34
96
46
62
49
127
9
77
98
26
19
1
8
9
36
69
57
62
55
51
2
115
40
46
1
88
90
14
46
24
66
8
64
22
59
4
44
27
49
63
88
3
34
42
10
45
58
78
53
75
94
31
8
38
77
95
28
40
67
56
114
96
29
46
21
60
14
75
45
6
33
19
5
75
38
2
49
2
27
10
46
3
63
33
77
39
20
21
27
33
49
25
6
30
91
69
18
33
58
52
77
78
53
70
123
37
31
93
52
42
18
10
2
23
64
32
16
41
35
33
18
47
5
4
62
25
105
70
27
4
31
12
44
1
59
57
20
85
27
7
22
42
51
3
8
86
67
69
19
4
58
44
10
112
34
50
50
62
20
5
42
10
27
154
55
38
106
6
4
64
78
34
23
2
66
40
85
12
15
7
4
1
28
58
99
16
1
67
76
67
14
49
12
99
3
36
15
125
11
58
19
82
28
8
39
19
56
5
67
45
13
15
58
45
25
10
36
58
88
73
18
83
83
5
27
82
12
0
58
51
25
104
85
91
62
50
20
47
17
7
45
8
100
31
29
47
49
99
54
57
52
6
35
17
26
44
27
90
36
8
21
15
159
87
72
138
19
47
24
18
44
71
26
66
1
18
45
26
79
37
20
115
81
69
7
23
91
24
73
121
66
92
27
96
121
42
125
5
18
21
33
22
69
9
70
8
47
25
9
23
44
27
11
68
79
7
80
67
81
35
62
61
21
11
37
35
11
49
1
61
2
20
12
29
70
18
43
6
67
16
81
3
73
0
24
41
49
60
100
60
36
18
136
26
7
18
38
68
1
34
74
35
32
14
32
51
95
57
34
60
6
51
6
38
9
17
2
14
8
91
13
118
13
73
33
16
1
37
26
2
113
4
103
30
2
28
55
27
5
12
6
26
33
80
70
55
24
29
60
64
3
21
13
13
74
157
40
119
22
60
8
15
85
39
5
37
21
35
91
20
54
1
5
35
8
55
46
101
31
27
14
102
69
4
36
68
25
12
19
3
20
5
80
34
35
114
125
24
7
17
17
83
5
13
14
63
21
70
12
56
19
28
49
26
43
11
38
10
62
48
66
136
45
3
68
44
23
6
22
51
100
10
53
67
4
135
28
39
54
24
117
29
2
16
84
42
36
10
27
17
8
36
59
32
42
69
115
13
24
49
22
8
28
7
58
68
10
82
13
12
18
68
72
37
86
77
30
43
23
54
8
7
36
34
66
12
3
6
43
6
132
36
1
83
21
23
44
31
52
104
51
22
67
28
73
97
22
48
66
6
16
110
34
6
2
65
2
10
49
6
46
42
74
68
53
82
100
9
58
60
21
9
60
4
30
27
30
34
10
5
39
59
14
15
16
4
44
12
5
4
88
48
20
17
61
50
11
3
54
70
100
23
67
57
43
94
131
92
36
70
18
18
30
32
76
23
29
18
3
5
34
100
1
106
95
74
27
40
80
59
25
6
66
19
51
9
2
16
61
26
24
40
101
68
52
23
5
82
98
48
47
33
96
12
46
36
14
44
25
64
92
20
53
40
28
37
24
17
129
47
13
44
21
76
10
39
48
35
9
7
6
35
23
11
15
8
20
59
55
37
17
20
8
68
10
18
53
29
57
23
2
50
46
42
31
84
43
6
19
45
52
81
13
51
33
66
38
12
0
13
10
14
1
43
4
8
4
7
1
55
19
25
20
19
39
85
57
33
19
101
14
93
18
49
41
70
7
6
4
67
50
7
69
0
41
15
94
19
33
0
9
24
26
4
40
37
16
8
58
15
42
76
70
20
89
7
4
68
1
97
39
54
33
26
6
5
44
82
93
48
68
27
15
31
18
98
70
13
40
63
45
33
22
2
6
27
73
94
36
1
2
5
13
27
59
28
1
6
36
34
24
107
41
20
34
66
21
16
65
70
50
21
29
0
36
37
48
8
107
3
46
37
26
55
41
18
38
112
30
88
85
56
44
40
50
11
3
43
87
31
65
4
56
31
13
71
51
101
94
64
36
33
61
98
3
45
34
98
56
33
11
56
51
41
101
15
28
13
12
67
7
12
53
64
35
42
4
15
100
58
39
39
7
8
2
1
39
79
21
60
59
79
70
34
54
58
34
53
21
48
32
82
9
12
60
25
18
37
57
27
10
64
11
4
3
23
3
89
15
53
32
11
26
48
69
9
38
92
10
60
45
2
33
2
48
74
12
35
18
29
26
105
26
53
30
53
18
44
37
22
24
44
29
4
49
53
50
62
36
26
5
57
4
64
19
36
65
112
46
44
28
14
32
52
58
27
69
51
1
7
56
50
36
14
5
65
43
82
102
67
95
9
28
35
22
98
11
56
14
25
21
100
43
32
14
1
76
78
24
5
56
24
52
47
41
16
1
50
21
14
9
94
29
69
15
8
63
35
14
49
27
78
26
25
75
17
58
87
18
62
52
129
121
9
14
2
24
71
60
14
1
30
11
61
58
17
46
60
83
26
41
21
3
2
28
104
2
11
1
8
47
27
10
15
17
14
99
39
23
1
10
43
38
24
3
40
25
41
78
35
9
27
48
56
19
27
20
26
7
68
49
42
44
52
35
5
23
65
51
34
63
58
24
2
15
29
87
18
12
22
47
2
13
26
40
77
11
19
35
51
10
27
106
12
60
8
2
1
42
43
9
28
20
6
11
28
42
15
2
46
75
21
8
88
36
10
39
15
39
33
55
5
101
44
27
49
30
103
101
13
6
13
18
20
31
25
15
7
45
57
29
74
35
26
62
61
5
17
15
5
62
1
47
80
19
81
17
34
30
14
34
15
63
38
27
29
136
61
14
40
57
101
64
4
36
26
21
30
49
36
18
43
18
26
50
125
28
8
27
134
1
54
38
89
28
23
15
59
87
21
19
17
16
91
14
18
31
31
13
39
2
28
10
4
37
32
36
24
59
15
26
10
29
92
56
27
38
1
6
9
73
12
31
17
76
29
65
20
44
11
39
25
37
11
32
1
42
7
13
57
33
33
30
5
32
1
77
44
41
22
24
54
85
65
26
49
10
64
117
16
7
20
4
8
32
20
15
29
31
26
13
12
4
3
32
7
40
27
17
15
39
25
19
10
21
39
34
78
30
34
51
79
44
28
13
96
16
11
11
8
25
56
18
55
2
43
41
17
51
49
1
3
54
1
68
2
22
14
70
10
3
14
17
18
36
28
66
2
18
25
33
42
55
20
25
39
4
68
12
47
9
43
34
29
24
7
2
21
18
36
4
36
9
12
12
6
15
17
109
7
2
33
17
32
17
31
61
34
21
45
37
26
40
94
50
23
25
43
21
23
30
33
13
13
16
14
61
8
16
15
18
37
25
29
11
13
74
28
1
32
40
11
25
64
31
10
51
41
21
22
3
44
3
9
25
4
7
2
31
92
58
51
28
86
17
19
24
26
2
8
14
14
43
32
36
21
45
25
22
59
72
4
10
49
51
12
52
37
64
23
12
17
9
14
6
56
20
33
56
40
68
30
15
12
14
13
34
64
18
54
9
5
94
19
40
6
2
11
21
26
13
2
23
6
48
6
46
0
42
9
11
69
12
29
90
40
28
13
25
41
3
36
3
50
22
26
60
65
0
91
5
8
3
6
21
1
74
46
16
9
35
0
45
6
18
0
32
29
19
3
11
11
1
70
39
13
96
39
5
58
22
3
8
24
27
63
9
34
23
8
54
44
26
26
15
36
31
20
20
13
30
11
38
17
42
7
4
5
9
24
24
2
23
23
52
12
2
25
60
13
34
17
21
19
9
6
22
42
22
10
25
21
25
20
41
49
54
43
30
34
43
15
68
1
21
16
21
38
67
27
31
32
76
5
42
35
76
29
53
55
4
16
71
18
15
16
29
42
44
35
24
0
46
26
66
41
66
76
37
19
19
55
12
60
63
20
12
5
20
30
41
15
67
57
41
44
38
49
39
43
21
28
69
33
4
14
15
10
7
16
49
34
59
50
6
12
85
40
7
32
40
59
68
71
42
62
17
25
25
53
41
34
42
18
42
28
16
51
66
15
12
9
1
50
11
67
33
28
20
47
7
25
64
24
55
3
0
30
23
5
30
13
24
19
17
24
5
32
94
52
27
47
10
0
4
4
35
45
6
19
49
13
11
60
30
19
59
23
4
72
52
11
20
23
19
4
63
3
76
4
3
30
14
26
65
61
0
16
41
17
61
44
18
42
6
48
16
34
11
89
22
3
3
34
3
50
24
35
26
24
26
14
4
35
56
20
16
68
18
61
8
5
4
28
10
19
3
68
63
2
4
34
8
12
15
25
26
19
34
72
13
20
25
14
31
30
57
27
15
35
16
19
51
29
2
16
2
52
54
27
41
3
12
15
79
17
58
0
6
22
11
8
4
35
6
15
34
4
9
48
59
31
40
0
57
9
19
10
29
16
78
8
3
61
10
50
12
26
78
7
31
28
63
12
58
41
24
32
2
2
9
9
16
37
16
4
46
24
112
18
24
21
3
45
6
9
41
58
22
53
9
23
45
3
8
26
39
26
18
1
25
37
28
17
0
66
24
1
2
22
40
16
17
40
1
18
39
34
7
39
51
38
2
31
11
22
35
7
24
30
36
12
55
40
43
4
4
43
27
11
33
47
23
21
13
13
0
16
47
37
24
17
8
16
16
52
58
8
14
1
19
13
34
45
1
56
5
5
8
9
53
26
7
19
7
63
24
30
16
4
48
66
26
21
17
27
53
2
6
4
63
65
49
24
14
12
15
4
31
25
47
9
1
59
12
24
4
33
24
46
38
1
9
102
58
16
7
23
4
12
34
15
8
11
11
34
32
54
26
8
3
16
12
12
8
5
23
18
46
3
26
73
17
35
31
6
93
49
20
51
23
16
6
33
35
2
6
52
5
1
58
16
12
40
9
32
3
24
23
5
9
19
7
5
56
17
11
45
2
10
1
28
23
12
45
27
43
35
6
10
30
15
7
21
48
12
1
48
18
11
58
4
19
17
7
32
29
17
15
27
21
7
58
7
4
12
20
35
27
8
13
34
16
22
25
36
49
55
46
12
7
5
62
20
20
37
31
3
17
22
7
30
34
17
28
21
42
28
24
1
3
49
39
19
8
34
4
32
28
31
1
2
7
13
52
1
15
19
22
38
6
77
33
2
24
17
4
28
1
35
15
4
15
7
16
12
54
22
10
13
47
2
38
24
11
38
7
16
25
43
24
43
32
24
16
56
9
11
6
20
2
17
25
17
13
3
3
18
60
7
36
18
26
34
13
17
56
6
9
23
17
52
7
32
34
23
26
18
3
7
19
1
31
7
40
12
37
2
5
59
24
20
62
31
5
56
16
21
30
5
2
10
16
59
36
30
28
24
14
17
10
1
63
0
53
12
11
10
10
4
13
32
51
4
18
32
17
15
32
11
41
25
16
3
56
14
11
7
1
45
20
37
21
12
48
46
5
27
10
48
42
7
12
19
5
0
17
40
29
9
28
18
1
5
19
12
40
21
6
20
17
19
2
10
56
4
12
4
12
18
26
26
14
18
30
9
7
40
13
21
10
50
17
31
8
19
5
7
33
30
22
16
20
3
48
23
11
5
2
7
50
28
11
2
6
12
21
12
37
22
34
17
19
31
2
27
15
28
8
24
6
8
53
5
16
33
20
8
17
4
4
9
8
30
45
4
25
4
5
7
2
19
33
28
9
3
16
36
25
9
4
15
4
2
22
15
8
10
6
2
75
36
36
1
32
20
13
20
44
12
31
3
7
13
6
39
35
28
4
10
7
6
16
10
31
49
6
52
51
16
27
1
27
38
38
11
37
34
26
1
54
30
28
18
16
7
34
26
6
4
16
12
8
24
34
34
32
40
5
28
16
12
52
4
7
15
0
19
17
19
33
23
10
8
16
2
1
10
1
21
33
34
1
65
16
50
11
11
7
35
21
7
60
27
3
2
33
7
30
56
22
46
46
43
9
4
24
3
11
2
38
12
4
10
17
13
24
21
23
11
15
6
6
50
9
24
14
2
7
8
4
5
39
7
16
7
35
20
15
28
12
4
9
36
38
32
14
15
9
3
28
17
31
21
9
38
6
12
19
33
1
4
19
6
8
13
22
28
30
16
2
18
0
3
16
11
15
11
3
23
3
17
4
52
42
31
27
12
3
1
14
9
10
5
7
11
36
12
48
20
16
46
23
2
25
25
14
4
4
6
12
17
6
21
3
19
15
2
6
9
1
17
28
20
26
17
29
33
3
23
23
8
1
34
15
20
22
2
7
12
3
25
11
2
10
3
1
3
6
31
19
30
9
3
28
19
26
26
27
32
11
37
15
32
12
5
26
5
1
12
24
4
7
11
16
35
16
4
19
16
17
9
12
22
16
24
14
8
4
14
26
10
6
4
10
17
20
10
10
2
26
1
15
13
11
7
15
4
18
5
0
12
27
6
13
0
20
9
12
14
32
30
23
6
4
6
18
10
4
6
23
18
9
28
12
8
30
9
2
17
28
8
13
22
26
0
14
13
23
14
2
15
21
11
27
20
2
9
1
12
14
11
5
16
6
2
16
21
6
8
15
14
12
17
4
3
38
10
11
28
4
1
10
15
22
5
13
11
23
5
26
2
22
9
15
7
1
7
12
6
12
5
1
20
7
26
23
38
8
4
5
4
21
8
0
3
10
14
10
19
14
5
5
23
7
3
2
16
2
4
5
14
0
23
11
5
26
21
1
3
16
13
22
21
11
18
1
1
9
30
9
1
10
9
1
8
7
7
2
2
8
20
23
4
6
10
1
12
8
3
19
2
1
13
2
8
9
10
1
9
2
1
8
15
0
14
6
4
14
11
12
3
3
4
9
18
8
11
5
33
8
4
6
4
5
16
13
5
10
8
8
5
1
7
19
5
0
0
3
2
7
4
5
1
1
4
19
1
4
10
8
5
2
3
20
4
5
2
9
11
4
4
1
3
1
10
5
11
3
7
6
11
7
4
6
2
7
3
7
2
3
5
0
11
4
2
7
7
3
5
4
11
7
5
2
5
7
2
1
1
4
0
2
3
1
4
1
1
2
4
6
8
1
1
0
