14
19
14
12
5
43
6
34
7
36
7
1
96
14
88
35
12
13
59
99
16
2
1
3
60
61
21
115
40
14
33
39
26
60
23
100
10
39
27
18
4
23
64
10
20
33
8
18
162
15
65
85
1
60
99
24
2
35
113
52
58
56
138
80
46
62
13
10
10
45
3
9
53
64
49
17
4
20
62
42
28
46
38
108
1
68
40
79
46
84
66
59
17
68
4
22
15
23
52
56
0
45
3
103
98
18
10
100
24
50
31
16
30
18
20
9
88
56
52
79
107
16
73
38
30
45
37
55
95
38
70
20
76
60
84
101
108
66
17
37
103
13
16
36
41
51
1
47
14
0
9
3
164
21
115
34
13
21
1
74
172
25
107
66
18
67
21
12
46
40
14
48
63
1
27
36
64
18
178
56
1
103
21
61
32
25
16
20
11
89
71
31
34
60
66
79
34
71
21
137
36
132
36
11
85
116
31
95
78
4
35
110
32
28
13
98
43
17
114
131
63
69
31
26
56
12
13
129
83
62
116
72
83
11
124
23
133
11
18
30
26
26
28
14
61
94
22
32
60
111
31
66
55
55
86
34
144
5
17
29
16
25
124
16
1
102
175
37
7
39
176
73
85
92
11
21
43
112
73
135
96
64
10
80
38
58
14
123
98
66
51
61
28
39
25
67
85
32
87
13
75
6
55
63
92
20
1
69
35
11
33
55
49
29
27
3
6
114
20
86
30
29
13
73
13
31
69
136
62
87
78
31
84
34
25
12
87
88
47
85
7
11
29
40
20
84
85
116
34
67
19
13
97
58
97
93
6
83
45
139
38
16
42
12
4
23
16
3
59
42
21
23
71
39
62
49
36
41
77
39
52
25
3
112
13
92
87
54
83
12
38
85
98
26
7
72
142
147
73
34
68
52
43
50
11
121
14
32
112
112
17
44
38
61
7
106
2
58
119
21
132
43
18
10
153
142
62
33
19
3
4
80
76
56
172
13
8
86
65
84
155
44
43
192
17
86
57
118
7
20
139
25
15
69
46
46
35
21
94
32
112
148
12
27
8
17
8
75
9
97
24
17
92
43
80
39
14
5
133
18
143
11
1
24
20
34
56
85
71
4
45
53
35
76
59
68
6
9
38
73
114
21
16
77
45
56
133
24
17
25
33
2
33
20
48
2
111
163
16
77
167
91
49
104
76
15
82
202
62
65
103
79
37
42
13
106
84
111
84
1
93
41
77
11
80
21
31
17
7
48
22
35
16
67
2
5
70
21
5
4
31
57
85
30
104
48
105
99
19
73
56
66
42
32
55
64
7
96
23
20
29
31
16
34
35
9
63
29
62
62
42
45
70
101
88
29
32
111
33
119
84
113
103
95
117
30
108
17
15
38
7
66
24
38
74
78
58
113
7
15
26
21
48
29
67
18
111
115
36
117
82
99
80
11
73
22
45
3
21
75
66
62
14
70
63
41
107
4
85
27
66
39
41
83
50
53
43
64
109
44
47
20
21
31
15
2
90
3
7
36
40
75
11
4
18
43
20
62
69
22
23
96
138
20
63
71
68
57
41
48
65
53
65
89
10
57
82
43
7
63
25
1
44
10
20
66
48
97
127
70
126
35
75
58
44
50
39
6
89
56
14
76
50
105
49
20
73
63
53
9
50
14
106
91
6
155
48
17
34
61
17
68
84
27
8
85
7
84
74
3
28
10
52
106
8
40
15
17
23
62
65
45
90
78
28
83
183
19
37
80
6
62
51
56
47
99
26
37
133
21
75
38
5
96
57
11
32
6
6
89
21
75
66
34
45
8
45
17
0
11
23
52
30
40
88
71
42
15
22
24
20
51
7
11
26
24
4
85
101
60
74
15
2
52
35
32
19
16
106
8
15
166
83
97
68
58
34
47
64
5
151
13
25
48
19
11
61
18
21
130
42
91
42
55
86
55
10
1
39
12
2
109
76
12
52
13
5
17
32
100
117
12
71
1
6
110
138
9
35
42
64
22
41
50
21
13
44
48
173
13
67
48
12
39
52
40
56
14
22
30
62
97
85
21
72
1
107
6
38
24
8
62
72
100
44
48
52
24
103
46
51
41
41
85
141
8
14
21
54
91
36
43
75
82
37
60
49
23
16
100
103
97
9
24
1
50
71
92
70
53
78
76
22
82
127
29
67
52
21
134
45
49
102
32
9
31
43
68
48
9
45
103
15
69
13
31
17
68
101
2
17
19
19
39
32
69
39
48
77
104
45
71
19
82
54
35
43
100
48
111
44
1
31
3
50
56
27
79
60
82
78
47
37
21
28
38
10
70
35
13
65
99
38
54
72
39
102
68
9
61
33
56
43
5
16
57
71
77
20
38
6
61
7
36
7
87
90
53
1
113
51
78
43
36
57
24
1
28
131
47
19
60
69
10
63
37
121
70
16
57
1
37
45
71
49
110
69
21
106
61
45
61
59
49
81
72
27
72
6
85
21
127
26
57
46
28
108
14
91
109
10
62
57
22
88
69
0
51
63
78
11
37
43
62
210
111
117
44
33
22
21
21
82
79
90
56
46
124
58
17
30
13
62
0
56
19
32
6
12
1
12
31
129
28
15
58
89
21
43
60
34
106
25
37
67
97
34
9
20
135
2
89
57
20
53
65
52
37
22
101
85
6
88
70
88
11
82
25
66
14
28
25
22
74
44
69
73
68
35
19
39
142
79
63
6
48
120
115
21
23
53
18
22
69
101
93
71
45
7
14
61
86
5
44
90
21
30
23
19
14
81
18
3
34
175
75
51
42
134
80
31
52
75
14
16
33
36
0
43
33
65
9
45
61
44
4
18
76
21
38
43
41
28
30
14
59
56
17
50
36
62
34
51
10
81
2
102
100
107
28
24
76
34
42
9
39
27
13
67
6
27
2
17
71
94
87
44
12
30
44
48
11
18
73
35
57
91
63
6
81
60
17
89
87
32
13
91
59
83
29
19
80
55
18
32
29
81
63
142
59
44
55
72
1
89
46
9
26
17
2
8
11
124
71
0
105
10
92
8
50
24
51
6
18
64
98
44
8
175
30
6
54
120
12
58
30
19
114
91
39
77
13
32
10
13
16
56
9
84
29
13
13
1
109
4
28
51
23
15
22
59
14
0
24
49
107
20
23
82
31
62
98
161
5
93
9
20
65
35
55
114
109
97
101
2
46
51
72
65
3
10
7
5
45
1
16
9
95
37
0
24
23
45
13
21
2
53
34
4
33
64
22
63
1
8
51
73
40
73
28
50
87
58
68
55
4
90
60
41
52
31
44
133
39
127
41
91
19
37
9
18
36
56
53
60
91
54
63
30
6
22
7
44
15
22
26
60
94
39
5
71
100
36
133
49
42
56
44
92
29
33
32
45
28
90
24
4
120
90
33
15
62
24
68
57
18
36
10
38
25
83
49
16
76
21
31
52
83
7
3
34
8
19
48
38
44
31
14
52
37
34
63
27
16
59
56
41
16
13
48
5
44
61
18
4
72
73
4
60
33
74
6
24
12
48
4
76
40
14
90
31
51
64
12
49
27
77
20
67
62
38
155
17
1
58
27
34
103
44
61
30
98
25
24
35
83
34
34
51
70
43
33
34
51
79
43
26
11
8
21
27
53
72
24
129
67
23
45
2
70
85
45
79
12
40
42
25
65
10
18
68
13
11
25
75
15
31
56
120
21
91
39
58
36
29
71
21
43
42
113
114
55
0
21
45
45
25
100
30
24
18
20
17
128
77
63
5
43
27
34
87
113
70
64
60
16
10
19
4
9
9
42
113
39
6
13
46
60
31
89
58
88
23
1
117
8
45
54
72
13
15
55
78
66
3
9
30
42
45
112
19
78
57
5
16
56
48
164
26
2
25
25
54
44
16
41
70
50
43
66
3
1
26
2
37
76
26
6
23
18
68
39
20
5
86
30
93
12
9
114
62
45
113
49
79
36
22
68
12
140
60
49
32
38
53
20
27
47
24
10
18
17
2
13
84
41
44
0
104
34
81
46
27
59
4
112
32
14
6
28
36
51
20
61
5
111
93
11
97
66
27
38
2
17
36
9
81
58
82
44
97
30
36
110
31
25
7
44
6
23
64
21
24
8
34
32
8
40
78
23
47
12
78
76
12
9
49
32
15
36
43
38
23
19
96
8
20
47
48
0
20
33
107
15
11
24
49
58
97
72
90
54
42
9
34
67
56
11
79
64
42
48
73
23
32
11
20
41
18
57
11
26
37
7
52
47
70
52
37
56
16
2
21
9
42
19
5
56
16
0
22
53
91
56
25
71
26
19
71
58
78
19
58
51
2
3
25
6
3
73
4
62
8
6
13
62
15
23
49
17
45
45
35
25
105
11
79
97
136
36
5
34
62
37
16
16
40
118
6
11
30
2
13
25
157
6
8
2
0
12
83
65
33
54
1
8
18
52
2
50
53
58
66
1
28
10
3
41
37
11
40
38
113
32
14
11
113
15
7
61
7
94
71
14
16
51
86
54
30
12
66
15
6
51
57
54
21
47
47
20
11
20
50
62
44
18
22
27
19
24
14
108
89
55
32
43
71
28
21
129
61
100
8
113
1
50
24
54
4
29
36
17
38
13
9
119
35
33
16
24
123
38
27
8
18
14
53
33
98
51
59
48
40
24
34
9
5
23
62
34
86
58
8
88
22
66
4
30
31
0
14
81
61
77
92
23
49
75
43
19
33
57
35
27
2
20
12
86
93
3
24
13
54
52
50
46
11
14
81
26
23
80
49
51
5
55
6
16
14
55
6
54
9
18
25
54
26
50
131
88
15
32
105
87
88
5
18
75
14
90
106
55
13
29
12
33
7
33
83
10
71
17
8
28
39
4
13
54
30
28
58
94
18
25
28
6
1
17
8
50
101
35
34
12
97
14
8
21
30
46
14
61
59
13
27
31
19
10
73
21
9
75
4
74
54
29
29
6
23
93
5
54
8
22
52
35
64
20
37
30
18
90
5
27
56
37
67
80
9
35
38
9
36
82
33
21
28
9
31
103
13
18
102
60
45
16
10
32
24
74
117
41
54
85
43
43
7
19
12
35
36
1
40
11
18
21
41
47
20
24
20
7
39
50
1
43
19
33
25
12
36
47
88
83
73
10
40
26
86
47
14
11
42
23
15
7
42
14
65
29
3
78
72
4
53
64
63
80
50
24
62
20
49
8
8
15
3
15
35
35
19
30
48
61
38
22
60
27
11
26
54
90
50
24
13
37
101
54
11
67
50
1
36
14
28
5
38
12
11
32
35
14
107
35
79
7
0
49
66
16
73
30
5
121
9
32
89
47
37
30
18
30
36
22
49
28
84
5
29
42
58
34
36
19
93
0
75
10
58
38
32
51
39
115
113
96
72
14
27
20
17
35
60
100
43
65
113
26
14
17
34
59
37
7
25
25
27
4
42
19
19
57
82
29
56
7
19
3
41
111
118
2
20
26
7
21
48
41
2
10
95
81
7
127
27
20
70
67
2
43
34
8
19
35
25
106
58
18
94
55
14
15
5
10
54
36
40
35
10
10
20
55
8
24
48
18
20
38
70
38
44
15
48
4
64
9
38
44
57
96
37
63
38
84
117
77
46
39
75
26
11
59
41
12
22
20
23
10
43
11
20
9
7
88
33
17
141
53
25
10
8
53
70
30
38
12
68
28
9
78
74
21
37
80
44
0
76
42
55
76
4
18
42
37
72
11
1
52
150
16
43
24
30
36
39
13
18
11
59
13
35
40
34
27
10
54
13
83
18
37
42
53
90
24
2
9
29
38
33
39
36
33
24
21
27
31
22
53
15
4
34
75
4
34
14
7
26
10
43
5
23
5
30
43
9
42
13
20
19
42
19
87
46
63
23
74
33
19
18
82
32
23
50
50
75
41
8
3
13
40
15
68
15
32
24
21
71
22
9
35
46
39
22
30
35
58
32
14
77
41
2
21
27
34
6
39
52
14
3
36
5
19
19
67
47
75
83
51
37
64
32
31
91
45
17
31
28
84
61
46
22
31
47
16
31
17
33
66
17
38
17
15
22
16
2
23
39
13
35
70
38
68
59
59
96
18
14
68
82
4
77
52
53
59
44
18
31
34
86
15
4
70
27
39
49
37
25
60
1
10
114
2
32
33
23
9
13
1
59
44
44
59
32
15
20
64
33
6
7
29
20
8
45
39
64
26
39
20
2
51
39
2
30
57
100
76
11
54
15
16
14
15
4
35
27
29
2
46
26
38
33
56
56
7
75
40
28
25
47
86
45
44
10
72
46
16
7
25
23
106
29
79
34
15
8
63
53
32
25
15
43
37
17
61
16
17
37
2
2
13
6
6
7
15
28
25
46
52
13
32
30
58
82
5
29
20
32
55
15
75
16
7
29
77
8
30
53
10
77
3
45
5
63
35
47
23
102
1
9
17
69
39
2
44
35
50
27
45
42
96
0
19
32
1
28
11
29
39
5
13
13
40
19
10
30
56
15
11
89
3
9
7
17
6
33
1
14
6
76
5
31
39
36
5
52
106
63
7
2
8
60
70
67
65
19
69
38
22
13
25
41
42
91
37
21
12
28
15
24
3
105
41
10
130
87
16
22
86
56
4
50
58
16
39
41
35
102
26
41
15
77
106
3
32
86
15
47
39
2
74
83
51
30
52
51
94
4
87
7
50
22
25
14
18
41
25
108
6
10
44
52
63
35
39
29
9
29
18
11
49
63
13
39
5
30
71
73
51
54
69
41
29
27
50
67
14
58
96
2
73
3
44
14
20
117
27
33
91
71
50
54
34
25
28
60
65
10
6
3
18
53
25
83
21
18
15
13
29
38
30
18
76
88
15
5
58
15
94
34
3
13
53
14
52
48
30
11
7
9
52
37
43
10
18
43
68
24
22
37
4
48
93
45
22
24
2
6
43
76
38
20
6
50
5
27
47
5
42
28
35
52
6
16
28
41
101
53
47
47
16
19
22
15
41
30
36
15
6
10
29
77
9
22
19
6
16
38
20
8
9
8
2
42
80
56
6
40
24
12
4
39
59
35
13
13
21
25
21
54
30
17
19
26
21
78
63
45
4
41
5
18
1
7
61
20
47
16
9
22
23
11
18
56
20
62
51
65
10
68
52
27
15
79
10
78
22
9
31
45
32
50
85
43
22
83
47
60
14
22
8
2
27
32
20
5
11
34
17
71
50
85
17
47
4
65
46
33
81
62
23
57
6
36
17
5
37
66
51
45
9
7
46
82
61
17
55
22
62
1
9
18
36
13
7
19
41
38
18
38
64
48
9
35
8
51
33
22
22
12
115
20
2
53
10
15
35
9
59
39
17
46
52
11
33
22
45
12
60
6
5
16
78
28
8
22
37
44
60
52
1
5
24
54
22
35
40
30
6
28
42
3
51
8
22
57
15
5
8
18
16
8
11
44
2
3
26
24
13
57
37
114
24
14
30
55
36
82
15
4
35
116
3
39
23
35
8
26
12
10
70
4
98
26
15
42
30
38
34
52
11
52
19
10
2
0
5
38
2
23
2
31
19
4
0
51
21
1
8
8
36
31
0
41
25
38
66
87
32
64
2
30
16
9
5
80
33
59
4
69
4
13
2
60
5
46
1
75
21
23
3
11
18
35
24
20
44
30
42
21
70
78
36
4
41
46
2
9
25
30
58
2
76
37
10
3
7
9
10
33
94
36
36
21
71
67
30
34
38
16
0
24
15
23
38
15
23
63
13
14
67
36
61
26
49
34
5
25
69
15
29
18
4
17
17
41
4
31
16
54
65
28
65
29
35
14
20
20
52
49
51
39
3
13
25
55
36
45
25
56
5
45
9
17
6
22
14
22
14
12
32
16
8
17
12
35
61
14
11
14
27
66
40
23
17
24
39
20
15
11
13
37
37
5
8
23
4
48
39
32
27
18
32
29
13
26
11
16
54
53
29
13
34
46
2
18
69
41
12
5
5
10
5
27
39
16
25
7
15
24
46
22
35
25
30
17
33
4
25
18
16
67
17
23
9
23
42
63
8
45
9
21
30
67
37
56
9
31
31
33
15
23
18
0
37
15
2
30
25
3
32
17
31
31
3
40
21
27
30
29
59
14
33
47
23
13
74
80
1
40
4
42
28
9
59
27
70
23
11
9
2
11
43
32
51
15
27
26
48
36
40
10
42
14
18
26
38
59
19
13
26
30
9
76
7
18
21
3
4
19
19
34
9
50
35
58
22
18
44
13
16
1
43
4
8
47
35
29
28
9
19
51
26
5
69
13
30
13
14
29
16
16
0
3
10
4
22
51
40
26
20
3
30
32
2
14
19
4
9
2
33
37
18
63
5
60
15
19
13
2
38
13
21
17
18
15
62
14
64
6
7
5
47
5
15
42
26
23
49
13
4
3
9
4
52
18
78
16
11
7
9
19
49
29
0
21
1
0
8
32
31
46
9
1
46
27
43
28
23
25
19
27
26
34
2
11
2
12
91
29
3
38
7
53
56
5
41
26
16
4
8
22
13
49
12
6
4
29
1
25
29
8
18
16
14
22
46
26
58
9
13
5
21
52
32
38
43
5
30
41
6
52
42
11
22
58
48
4
39
22
27
14
24
22
10
4
55
19
2
13
9
13
16
23
5
24
5
16
14
20
18
25
28
8
29
8
12
27
30
4
45
12
38
20
6
25
16
19
13
31
22
11
35
10
15
45
25
19
17
64
35
35
0
8
13
21
18
2
8
27
33
34
13
4
17
0
61
33
3
3
14
11
39
6
16
11
32
38
29
1
7
11
13
36
1
9
16
39
22
25
3
30
15
29
18
32
6
10
21
57
9
23
15
23
35
4
49
9
13
25
11
43
6
34
8
28
19
16
2
23
6
33
1
9
21
43
3
14
39
2
26
21
32
24
36
30
6
10
2
21
32
10
5
38
17
3
2
15
11
11
25
17
44
11
34
2
20
29
26
10
30
26
3
38
1
2
16
11
10
16
8
17
10
7
18
4
13
30
25
19
35
27
36
7
42
2
0
8
1
32
24
20
18
6
15
40
22
11
8
30
51
11
0
14
27
49
32
36
16
9
13
34
21
29
1
4
15
44
13
25
27
17
9
7
4
0
10
10
1
4
5
17
35
13
16
1
2
20
19
3
18
18
11
5
1
13
28
4
7
10
5
32
0
17
8
7
35
1
10
25
0
14
27
3
17
16
1
2
28
6
14
17
28
25
22
4
5
3
27
7
59
5
5
19
5
7
27
15
48
6
5
1
53
38
0
18
14
20
10
26
17
40
12
1
7
20
10
1
30
8
10
19
3
20
43
23
8
6
50
25
15
12
18
2
5
9
29
24
28
19
2
20
7
4
9
11
37
22
16
11
2
14
16
39
12
33
3
10
7
2
10
19
34
27
44
48
10
6
3
3
15
2
4
1
2
13
25
2
19
4
5
4
18
17
3
26
10
24
15
39
6
12
3
14
21
18
13
11
5
3
19
9
11
11
33
17
24
3
15
24
24
13
13
43
3
10
37
5
14
4
2
39
6
34
19
6
32
22
14
23
6
14
12
7
48
14
14
11
7
15
20
7
13
8
5
20
0
20
9
29
16
8
30
11
4
6
9
5
3
1
2
9
21
15
3
27
17
13
22
39
15
42
9
6
26
26
25
14
22
7
26
8
13
27
16
1
8
5
14
5
14
2
4
4
21
8
5
2
11
22
23
26
39
1
8
4
37
0
19
9
5
40
0
39
8
19
3
6
7
21
5
1
10
25
15
8
4
13
1
14
2
14
26
13
8
14
13
11
16
12
3
4
11
10
9
1
22
31
16
6
13
13
16
1
18
1
17
11
11
16
1
4
0
9
1
15
1
1
6
10
22
23
22
2
5
3
16
7
10
6
5
9
1
13
5
8
29
13
7
25
13
13
7
1
17
19
6
10
9
3
2
4
18
8
5
23
0
2
1
18
24
0
11
6
9
2
6
1
8
7
12
14
9
2
5
13
2
5
10
4
11
18
16
3
7
20
9
5
13
5
2
17
12
26
13
8
1
22
3
21
2
13
6
3
7
15
19
18
15
15
19
3
8
0
17
31
7
6
8
4
2
15
17
11
9
9
12
17
12
2
6
10
10
3
11
15
4
2
1
22
12
1
1
3
3
6
2
6
2
20
3
7
2
2
29
6
0
5
2
3
4
3
5
4
15
0
1
4
4
2
6
9
6
5
10
3
3
3
14
7
3
0
6
4
2
2
1
17
3
7
1
1
13
18
1
1
1
4
2
0
2
4
4
5
1
1
12
2
5
2
0
4
3
1
6
1
0
0
3
1
2
5
1
1
5
0
5
1
3
2
1
1
0
4
5
2
1
1
0
5
0
