26
2
32
2
19
17
46
35
42
42
5
50
4
9
4
41
44
4
48
19
33
16
3
17
17
23
4
14
79
5
21
56
7
7
45
34
59
20
2
11
29
34
36
78
49
18
44
20
2
21
36
29
32
160
115
64
44
67
47
30
6
6
71
62
66
50
43
96
111
4
46
74
29
29
62
36
66
6
65
104
36
49
53
24
29
12
12
7
57
96
0
17
106
29
2
82
35
14
40
13
3
2
71
58
21
28
20
64
23
3
86
95
98
37
26
5
78
42
29
124
15
8
28
50
52
44
58
9
127
0
65
98
7
98
57
12
91
139
80
1
26
48
46
58
178
8
83
62
8
2
10
4
134
62
102
27
92
1
29
45
67
39
21
40
47
5
14
33
56
107
50
33
90
8
26
18
72
45
67
26
13
129
26
145
6
128
59
48
28
13
80
72
55
9
45
78
147
26
16
115
38
129
55
1
3
37
84
52
61
98
92
5
38
98
36
18
25
31
74
26
23
85
129
15
24
1
179
1
76
85
7
11
35
58
57
17
140
43
2
67
58
25
17
72
110
137
109
82
37
37
119
21
78
28
40
9
2
96
12
84
48
42
22
56
51
101
6
50
53
45
71
3
52
1
1
117
112
46
124
57
117
58
79
0
38
42
52
14
218
14
32
40
74
101
17
16
52
24
20
108
35
39
39
56
8
4
160
33
49
60
15
77
86
26
93
2
167
31
29
13
70
127
105
70
8
37
22
36
59
97
90
11
53
44
30
17
10
21
62
66
6
75
111
46
5
16
68
20
18
83
17
11
78
68
23
95
36
64
93
151
15
88
91
149
15
31
21
6
12
77
14
15
22
110
22
79
115
35
56
58
46
21
10
78
3
17
43
46
34
86
23
5
5
11
58
57
40
57
39
49
5
103
54
0
63
1
124
13
0
16
36
40
47
4
82
115
8
80
13
4
76
78
92
12
55
57
1
35
25
14
11
66
31
12
70
77
27
23
3
74
60
142
64
55
46
54
63
60
49
9
22
126
5
8
16
3
76
51
94
88
49
35
11
74
87
102
37
68
138
146
68
8
42
8
47
99
8
59
108
9
51
1
277
39
7
32
10
2
108
97
21
52
10
19
7
21
80
12
25
6
25
39
26
55
44
98
67
42
66
22
84
43
21
65
22
105
66
38
61
51
127
8
82
59
13
9
6
49
29
34
56
32
24
58
121
55
24
40
83
92
48
15
27
100
5
110
96
53
81
63
26
114
25
47
39
16
10
15
17
25
13
120
119
22
31
25
55
99
9
64
99
49
26
183
44
25
8
24
17
16
108
124
17
61
79
42
48
24
34
123
38
29
140
5
11
123
11
16
9
2
31
55
28
9
24
3
19
42
29
30
7
121
49
14
74
51
57
19
76
40
10
53
13
74
67
0
36
30
26
12
41
86
35
104
72
77
37
4
22
120
45
62
23
132
25
25
72
42
178
131
29
3
37
47
30
6
11
78
38
27
44
97
12
45
108
81
76
28
7
18
32
74
131
46
16
44
8
169
86
98
72
9
27
71
18
25
84
64
63
18
76
147
33
37
27
11
121
21
0
3
28
23
55
77
64
24
56
156
89
7
24
25
108
105
31
23
43
133
65
22
3
5
41
78
7
116
47
28
13
36
14
54
47
19
16
30
46
69
46
61
94
32
43
29
27
35
39
36
8
19
136
29
37
46
98
22
62
33
48
72
40
94
21
81
3
50
54
59
55
7
69
7
49
93
43
38
23
22
21
115
90
58
37
171
15
24
38
92
45
1
24
17
34
112
0
46
31
32
49
46
73
5
55
1
29
19
18
5
26
88
21
33
101
21
162
20
45
6
67
70
33
16
38
62
24
57
11
132
40
11
37
23
40
162
26
96
11
83
64
20
35
77
65
62
70
43
11
5
51
89
52
44
4
95
61
73
70
27
34
19
11
46
40
72
16
16
0
24
134
56
46
55
49
38
38
12
80
76
36
16
7
43
20
45
10
21
10
86
143
175
0
87
12
46
48
70
19
54
24
1
36
32
37
90
69
5
35
26
5
126
9
1
62
50
63
70
7
99
25
62
34
111
131
30
7
90
79
92
16
46
72
48
49
36
42
7
40
46
29
7
32
8
15
38
116
1
93
89
42
14
22
87
56
3
17
33
39
56
58
75
1
129
24
62
39
19
26
12
34
51
40
20
65
16
55
23
2
7
40
64
80
40
35
4
34
90
73
42
74
108
43
18
98
27
5
35
10
64
25
70
11
45
9
4
143
13
86
8
56
80
89
43
11
157
110
26
5
3
67
92
59
9
27
120
20
3
172
118
1
67
91
3
75
118
82
18
15
12
80
55
63
39
39
55
68
55
9
65
24
69
16
54
86
72
16
31
42
142
62
3
34
4
112
55
42
61
34
61
55
2
60
90
30
76
7
155
46
38
84
79
72
19
24
92
101
52
121
123
69
24
72
14
8
21
46
97
18
140
8
52
45
51
67
29
59
2
7
25
39
36
139
147
47
19
23
6
80
62
66
49
18
68
82
69
30
9
63
76
71
12
15
5
79
15
33
15
17
2
45
51
36
15
47
105
14
58
5
37
40
73
9
68
26
30
102
59
1
21
30
103
17
137
18
95
23
11
83
2
85
81
36
65
39
49
60
59
131
43
56
35
30
98
0
16
29
20
21
7
108
123
70
82
20
9
31
104
6
31
44
34
4
46
31
56
10
47
79
49
17
70
13
71
54
71
78
29
59
51
65
2
103
74
58
42
90
52
3
80
49
20
88
71
24
35
62
85
99
56
44
39
6
23
4
27
113
39
40
42
53
2
39
19
109
3
69
91
125
0
27
28
59
76
61
36
57
77
28
90
63
28
62
26
1
38
145
1
14
62
3
41
131
19
38
60
58
53
93
135
35
35
36
3
9
38
91
72
53
151
34
78
9
18
47
121
4
40
38
35
84
15
1
18
8
17
56
73
16
65
49
14
94
11
90
32
62
46
54
6
25
29
91
33
33
35
47
57
39
15
40
78
6
94
66
37
67
43
55
58
33
27
25
111
11
16
45
15
91
51
32
12
64
70
99
46
49
53
27
100
55
25
46
6
113
37
64
22
49
10
51
60
50
7
61
45
9
46
101
32
26
41
31
18
99
30
95
79
14
12
126
64
12
47
23
80
71
39
19
136
25
79
64
51
61
61
8
86
53
39
100
109
12
13
72
32
36
18
54
26
2
45
16
34
3
111
52
46
83
36
40
111
1
9
3
47
88
3
54
75
52
85
28
11
19
4
16
38
53
0
6
7
33
57
60
9
11
4
76
141
84
54
104
80
21
41
43
27
36
71
16
84
12
63
10
73
17
8
12
40
21
31
53
70
45
117
106
67
48
100
5
30
53
64
26
25
46
28
49
28
23
93
28
0
76
69
25
96
116
47
31
11
87
100
102
17
8
19
21
87
12
87
8
34
73
52
67
71
41
28
22
142
17
53
21
7
15
140
23
23
25
87
1
25
68
6
89
9
22
61
29
12
25
30
42
83
64
83
27
60
8
28
98
2
11
16
37
62
13
19
55
5
48
17
78
1
85
28
1
62
79
16
86
107
47
22
53
29
0
30
22
104
24
51
27
13
36
38
86
52
56
2
29
81
9
33
11
105
1
32
32
40
66
33
34
130
29
110
48
39
154
9
88
39
23
27
23
20
37
56
44
17
126
49
16
60
12
11
17
19
32
55
27
37
60
24
20
20
84
74
32
42
42
16
94
47
76
40
2
49
100
118
10
31
30
1
23
25
2
8
25
21
61
80
7
18
76
1
110
56
23
91
58
21
46
4
3
7
35
60
11
16
70
13
7
16
60
84
59
36
95
14
34
18
33
72
25
116
104
15
32
23
68
30
33
12
54
82
1
2
97
5
18
60
95
5
138
60
27
93
8
61
97
57
35
49
109
23
5
27
51
32
77
74
11
59
26
22
30
16
5
45
39
58
56
11
15
50
24
3
48
3
153
6
10
26
66
60
70
19
52
49
24
61
83
17
9
40
49
125
48
40
51
15
2
96
70
69
51
59
19
32
35
6
4
90
58
128
21
40
122
55
27
0
32
46
89
13
38
22
28
22
49
1
11
47
11
54
2
15
32
23
43
62
13
81
6
24
48
68
12
12
35
16
4
35
59
61
30
1
1
41
20
92
59
21
67
41
31
78
38
57
20
40
12
14
4
94
56
90
132
31
28
99
71
18
65
32
8
18
37
21
3
83
34
51
7
88
4
22
83
35
46
26
51
52
9
25
2
31
79
65
42
5
31
4
72
8
45
34
41
17
8
8
8
31
17
52
47
4
0
33
20
44
27
23
16
35
70
23
83
25
25
19
70
152
111
57
25
56
36
78
41
6
41
45
0
7
57
22
9
103
5
102
107
43
28
102
27
5
10
90
46
62
16
36
4
37
5
15
8
81
90
8
10
18
5
51
53
33
7
50
84
9
4
30
53
27
104
78
26
38
15
1
30
56
6
15
43
6
18
0
112
69
17
15
17
83
52
14
57
5
33
27
65
24
35
63
121
51
1
52
31
28
13
52
53
41
14
7
8
73
12
51
34
36
76
11
8
8
3
19
46
27
37
79
49
9
4
69
25
39
21
53
20
8
11
9
23
26
10
22
59
16
8
10
57
65
11
20
59
50
48
78
57
1
12
39
33
12
168
74
78
41
74
72
82
61
17
24
17
58
3
24
64
11
8
58
12
0
68
79
27
21
20
39
11
59
50
18
7
24
25
48
16
98
19
33
40
21
93
112
68
19
19
3
25
29
87
43
15
10
58
1
23
47
4
36
83
49
23
39
33
54
5
98
19
51
4
71
42
13
1
86
7
27
9
30
87
62
14
52
62
18
71
33
0
93
18
61
58
9
67
54
7
9
47
41
44
8
22
56
78
57
8
90
17
39
34
6
19
27
6
0
100
57
79
13
2
17
4
24
29
39
2
80
32
24
45
15
3
44
45
11
58
3
44
47
9
74
43
10
22
6
91
21
14
26
82
5
17
52
12
25
57
80
38
89
21
61
37
22
70
7
85
54
57
33
28
46
51
53
10
13
34
26
118
17
73
5
27
62
11
12
27
52
52
38
19
39
27
95
18
103
29
38
35
7
11
18
75
78
26
33
14
27
54
49
55
25
55
84
1
25
5
18
9
15
42
81
28
32
37
43
33
63
0
9
12
94
8
28
15
7
56
6
5
23
21
22
10
42
2
32
46
27
113
24
47
32
18
6
2
31
48
7
2
32
40
8
21
36
43
8
27
44
40
48
11
9
59
24
76
9
120
50
46
8
49
67
11
29
80
18
35
5
44
5
12
31
32
32
60
66
43
8
14
30
45
8
38
14
44
30
84
22
5
12
18
0
39
45
19
2
0
75
24
43
34
49
96
8
42
22
26
16
4
25
23
72
52
16
54
88
63
2
32
42
11
18
0
33
1
14
9
33
12
48
36
5
10
23
48
2
24
5
24
10
13
5
81
22
9
37
23
16
1
71
37
16
43
94
21
49
45
56
12
59
36
31
6
11
80
77
45
19
28
36
27
14
5
18
26
57
8
78
96
81
13
27
26
62
22
45
21
3
36
1
55
11
40
6
37
17
20
3
28
33
67
45
23
12
13
14
55
37
60
5
65
40
50
3
12
46
17
14
3
15
42
39
25
23
11
50
17
21
13
63
61
72
33
75
6
49
27
64
18
54
78
52
46
73
41
28
3
66
12
29
2
7
30
16
2
25
28
66
41
8
33
11
8
47
26
6
36
17
45
24
41
7
6
37
60
44
54
20
25
19
55
26
1
14
11
34
21
45
35
19
55
2
33
54
42
55
49
3
80
29
17
38
69
38
61
11
20
44
66
8
12
6
3
17
51
1
27
13
9
23
99
45
38
79
33
23
31
0
20
52
5
19
64
4
19
48
25
85
14
72
55
45
9
46
18
19
84
65
17
38
16
11
14
73
31
9
37
19
0
3
70
1
57
42
11
6
11
12
10
38
38
17
52
19
68
6
30
22
8
6
52
2
67
57
21
9
14
77
2
9
53
0
67
49
40
39
117
50
14
26
33
59
22
31
3
39
11
36
53
4
35
9
9
45
90
35
27
73
10
20
35
3
12
2
53
38
2
15
35
6
81
27
26
7
35
17
18
28
44
34
24
73
30
16
47
64
5
68
25
45
16
42
26
57
3
11
25
68
76
33
8
78
75
27
35
43
21
21
30
36
34
48
33
27
21
15
8
9
3
18
4
44
2
69
22
18
43
16
30
19
22
31
38
51
5
36
27
26
2
27
58
51
30
10
89
39
22
11
26
58
31
63
6
32
56
74
7
4
77
0
73
67
104
32
54
104
21
33
26
72
17
12
33
26
43
16
9
36
21
2
42
46
18
13
11
60
48
12
41
14
34
1
6
97
15
10
55
7
22
85
33
12
20
42
17
82
46
31
18
58
30
23
15
69
9
1
54
52
30
8
44
53
98
28
77
8
15
8
16
28
21
0
7
25
21
54
43
35
26
0
39
47
28
16
2
39
3
47
6
61
12
2
28
26
7
68
55
11
40
81
37
83
25
23
28
20
36
16
8
15
16
59
18
19
14
12
61
33
43
37
3
58
69
32
13
20
20
16
5
17
43
23
7
39
18
84
46
34
46
34
7
80
29
21
28
24
46
10
56
1
12
38
45
13
12
35
9
61
41
66
4
46
18
40
64
6
35
9
53
36
1
3
45
2
8
77
5
20
38
70
4
27
5
16
49
1
50
29
38
42
14
38
2
20
1
26
78
12
4
51
20
31
130
55
20
34
8
19
37
22
1
22
14
7
11
56
19
34
94
24
17
52
44
8
43
65
20
31
27
18
56
64
21
5
5
8
74
3
21
5
45
19
12
11
35
9
5
82
4
31
38
51
24
5
60
25
48
13
39
33
111
49
8
1
23
80
18
89
30
13
32
61
49
26
32
30
51
12
10
22
37
26
22
1
41
1
44
31
33
5
36
4
20
21
14
26
26
32
40
17
40
4
1
21
27
39
13
32
15
4
53
20
38
18
46
5
5
17
17
106
50
21
80
62
55
24
22
18
3
14
66
20
21
55
18
27
6
51
3
32
12
5
46
11
29
82
86
64
67
54
32
21
51
57
10
25
10
2
8
30
51
22
29
35
28
28
23
9
14
32
24
18
23
2
13
6
94
10
62
24
4
24
39
56
109
30
0
6
16
16
45
30
45
82
36
58
18
19
61
40
14
26
17
4
36
2
2
22
17
37
36
14
22
13
6
2
10
8
46
50
60
20
15
1
101
69
62
3
27
29
6
37
1
18
30
70
11
60
70
4
2
11
100
9
21
1
59
24
81
28
5
23
32
41
27
8
38
29
6
58
37
49
41
50
17
36
26
6
65
20
19
38
76
23
3
32
19
11
72
25
7
25
53
29
46
79
13
49
20
57
8
31
4
18
14
26
1
7
21
17
22
3
17
6
14
5
34
24
16
15
91
41
36
46
23
50
45
69
16
37
34
64
29
61
51
5
14
2
53
12
16
18
2
27
34
23
9
9
16
24
56
30
64
5
4
38
3
10
14
15
61
39
35
54
20
72
12
6
79
11
48
6
21
4
41
39
51
28
19
20
2
23
6
41
50
13
82
18
18
17
23
8
2
72
15
18
37
40
29
7
48
32
15
61
5
24
14
44
18
16
8
0
5
31
2
2
3
13
51
16
18
32
27
15
32
1
90
28
8
33
16
39
34
5
33
80
21
2
16
4
4
25
34
43
13
12
1
37
26
4
24
11
64
11
31
26
26
16
8
4
51
75
9
75
24
20
6
28
46
51
19
39
12
36
16
5
7
31
6
64
19
42
20
42
26
21
34
20
6
10
16
49
52
8
24
6
11
50
90
4
3
16
9
26
37
7
15
19
49
50
5
13
18
35
1
28
49
44
18
27
30
1
7
14
53
37
34
66
4
53
41
33
59
23
40
31
9
27
7
6
49
3
5
68
48
10
18
28
6
45
9
52
9
3
52
16
4
14
23
6
10
48
28
23
3
33
15
34
10
18
16
18
8
4
26
1
10
60
15
22
5
33
20
34
24
0
84
15
1
59
29
39
32
58
2
10
16
48
48
21
64
33
18
6
27
10
7
4
54
30
23
11
30
5
22
63
3
1
29
12
28
13
27
12
59
21
58
40
47
53
4
33
6
10
56
14
46
16
115
39
16
69
1
12
71
10
12
15
1
43
21
68
47
56
6
26
12
3
11
33
5
41
10
53
8
27
38
27
7
5
44
8
18
0
12
61
19
18
38
34
21
17
1
12
2
4
45
21
3
9
40
4
16
11
69
27
4
70
59
20
27
24
1
10
5
32
1
1
25
7
24
37
19
6
11
6
6
14
5
1
4
9
26
18
27
10
38
22
11
23
22
14
12
21
14
47
6
14
28
11
14
63
13
3
11
5
46
24
37
0
51
8
20
6
48
17
3
18
4
68
31
17
23
9
50
9
78
7
20
34
63
34
32
23
1
30
9
4
17
53
22
34
31
3
9
20
23
11
15
5
22
8
34
31
20
5
35
28
1
28
30
24
35
46
21
35
61
20
25
2
12
67
12
3
35
0
37
4
23
8
16
1
54
6
18
44
32
5
11
10
54
42
22
25
6
55
7
2
42
5
12
36
19
33
35
3
55
23
27
43
4
7
5
13
1
3
16
1
15
18
22
10
3
23
19
11
3
49
16
7
10
24
19
14
0
6
15
39
19
26
34
35
33
15
34
25
31
9
18
6
31
31
1
1
45
22
30
7
5
8
12
22
2
15
40
61
5
16
40
7
16
9
33
13
29
2
10
18
19
0
11
11
35
52
6
0
1
32
20
17
15
32
57
32
0
15
13
1
9
3
6
10
1
19
4
36
14
5
22
8
22
7
2
29
3
20
31
12
9
6
4
3
24
74
9
28
5
13
55
21
1
54
14
27
11
4
9
1
30
18
47
52
1
1
15
11
34
8
16
26
20
51
24
8
13
22
37
16
15
54
3
58
8
23
28
13
2
29
47
18
10
3
29
17
3
27
12
40
34
15
31
15
9
14
12
3
53
16
26
11
26
7
16
24
28
51
38
39
24
18
9
2
21
5
3
12
17
42
52
1
20
15
38
15
10
30
37
6
26
32
15
32
10
6
29
0
11
3
12
29
6
25
10
25
3
9
21
37
14
5
7
13
14
4
39
27
26
6
9
5
17
19
38
15
35
0
6
8
11
38
1
14
29
28
24
1
42
40
17
52
0
7
15
6
12
9
28
18
2
15
30
1
18
11
41
12
17
8
21
10
5
14
6
22
1
24
6
16
30
5
26
38
1
21
9
16
17
31
22
3
45
27
30
6
0
2
46
1
11
22
14
7
26
7
39
33
8
44
20
8
3
21
12
32
8
6
34
3
9
27
51
6
3
7
12
13
18
42
7
1
19
49
41
24
5
16
5
0
7
3
16
56
19
38
11
8
12
16
12
10
37
49
9
24
16
10
16
23
23
11
2
35
3
21
10
11
2
1
16
17
4
4
13
18
39
24
4
11
17
42
31
8
0
13
37
12
33
18
13
33
25
19
14
38
4
6
10
21
11
9
7
16
16
19
10
4
4
3
25
3
18
17
12
20
11
11
0
17
8
40
27
6
14
20
15
14
14
21
5
32
1
1
9
32
3
1
2
23
25
3
2
11
3
23
0
24
6
24
6
8
1
21
7
24
8
2
11
14
22
9
4
12
11
28
33
19
11
9
6
5
7
8
3
15
11
10
8
17
17
22
12
0
11
2
16
9
20
5
5
21
4
19
14
6
7
25
2
8
11
7
1
10
26
22
1
2
8
13
18
11
8
2
16
6
8
3
22
27
3
8
26
4
4
14
3
17
3
0
5
11
26
24
1
6
3
17
0
21
16
33
8
7
1
13
1
3
22
8
10
12
9
16
0
3
7
6
4
23
17
6
5
9
18
20
7
1
34
11
17
10
7
4
5
5
5
7
8
3
7
9
3
17
9
7
22
19
15
7
9
0
8
32
0
18
7
4
0
16
5
9
7
9
1
11
5
10
1
4
4
7
4
8
26
0
5
10
2
7
19
3
22
6
14
2
4
1
7
16
2
0
13
10
16
1
6
15
9
1
7
10
4
6
6
9
2
3
4
8
5
23
4
18
21
4
8
0
9
10
3
11
2
9
4
4
1
14
6
7
4
11
9
11
16
5
3
2
1
1
6
2
3
4
17
5
1
9
9
2
8
10
0
4
6
1
3
2
0
1
4
2
0
7
1
7
2
1
1
6
3
3
2
4
1
3
0
6
1
1
1
2
0
0
0
0
