0
7
0
13
0
2
17
28
20
25
33
13
11
7
33
0
11
3
12
2
7
3
11
14
2
4
5
20
2
19
18
1
6
6
4
10
27
7
2
6
17
0
11
6
5
20
8
11
3
7
18
18
0
13
6
30
3
7
22
13
26
10
19
9
6
46
9
17
6
4
9
15
23
15
31
15
5
12
11
17
12
26
48
5
32
21
14
28
53
4
35
21
15
5
32
25
15
20
19
15
3
1
17
27
5
14
53
22
10
15
13
16
17
12
27
33
17
11
25
11
16
1
23
11
11
35
9
4
19
28
14
17
4
16
3
52
26
14
0
2
21
17
16
4
10
33
4
15
12
9
17
7
13
7
2
0
35
7
24
2
2
26
8
42
4
13
3
30
15
21
19
20
21
2
7
10
10
18
28
3
20
1
16
0
11
3
6
12
12
20
21
18
18
27
17
20
17
13
3
37
26
22
19
9
32
3
9
0
4
17
14
9
7
44
29
20
13
20
7
1
7
15
17
1
8
9
1
13
3
3
10
7
3
17
10
31
11
11
8
4
15
8
25
2
4
8
14
12
3
7
5
7
4
1
16
9
1
6
7
20
8
33
9
14
13
20
3
21
6
2
0
20
8
7
12
15
3
3
3
19
1
9
8
1
16
14
8
16
1
3
6
2
31
21
7
19
13
3
9
11
3
1
7
6
0
9
27
17
28
2
21
14
4
1
9
2
4
21
13
7
5
5
6
10
13
5
24
8
10
24
24
4
11
8
11
13
4
15
3
5
3
9
12
5
3
16
10
3
7
12
16
0
11
7
9
5
10
1
16
28
7
22
5
9
17
3
7
18
6
1
2
5
7
5
36
6
3
6
6
15
7
10
5
8
0
14
1
7
1
6
2
5
10
5
2
4
23
7
1
4
18
4
12
15
11
11
8
1
7
2
3
3
0
4
1
5
7
4
18
3
6
5
4
4
1
4
2
6
3
0
5
3
2
6
0
7
1
4
2
7
5
8
3
3
2
2
3
9
4
1
0
4
4
2
1
2
2
5
1
1
