4
10
67
41
22
79
6
36
15
5
4
37
4
64
25
118
101
135
13
17
22
20
14
62
67
1
7
3
21
17
43
2
128
49
16
17
45
43
106
14
24
94
13
56
6
4
15
42
47
36
8
24
7
66
124
45
5
48
7
59
12
2
39
60
57
13
25
8
2
7
28
114
181
31
40
10
5
49
24
48
10
32
102
43
39
23
54
0
24
43
132
76
47
74
132
12
49
58
24
42
90
38
121
33
71
15
13
90
20
23
82
34
17
46
89
9
37
50
28
18
69
100
20
55
47
17
10
80
68
69
115
12
43
61
6
44
89
6
38
59
176
45
12
62
39
42
89
40
23
127
16
3
16
25
46
46
100
122
134
118
46
4
68
31
79
65
0
41
131
149
11
61
5
40
59
13
64
39
74
20
26
45
86
131
37
44
17
23
50
92
124
8
40
21
43
80
48
6
21
123
121
13
44
21
17
10
30
33
102
39
9
38
1
91
51
9
83
15
0
76
91
29
36
63
51
63
16
103
11
73
78
3
69
52
14
48
7
34
89
46
24
10
50
32
133
62
30
159
32
8
14
71
26
161
90
143
182
60
21
32
57
100
34
0
177
109
22
6
56
15
55
20
85
110
74
16
87
82
97
40
10
72
34
4
12
16
26
37
79
58
53
31
9
113
137
60
146
81
5
45
86
123
35
39
16
15
18
51
162
8
13
107
110
43
12
6
14
83
79
58
70
23
22
5
18
124
13
72
88
32
0
13
85
12
60
53
31
41
88
12
59
12
54
37
5
40
43
34
133
108
19
28
13
92
45
36
55
72
10
93
27
11
10
85
18
50
74
5
46
18
20
39
53
58
80
43
93
40
42
123
95
63
90
46
41
30
46
29
51
118
14
13
70
131
94
31
83
37
11
52
54
47
31
114
72
72
2
23
168
21
17
30
11
255
76
75
47
56
28
41
54
123
37
30
126
43
34
78
33
53
57
19
58
2
45
94
18
43
120
171
37
57
3
24
57
29
74
42
61
183
22
114
29
91
7
121
23
44
123
154
66
118
21
15
87
58
11
60
3
16
49
27
25
7
17
110
83
15
75
8
60
79
41
57
141
115
43
10
2
59
82
57
3
40
97
148
9
9
49
37
18
7
22
38
67
108
43
11
66
30
7
27
74
9
83
1
73
53
20
23
29
95
32
105
88
21
68
102
2
42
28
26
100
27
34
136
10
6
5
6
41
63
75
151
63
69
44
74
38
113
8
16
26
92
45
54
62
2
43
29
64
57
51
32
95
89
32
55
52
0
37
93
15
80
63
19
72
121
80
66
55
53
51
31
1
36
23
25
34
14
1
50
64
61
144
34
2
70
22
104
18
8
9
28
15
86
3
70
14
78
79
135
22
60
163
42
32
84
84
53
119
9
31
25
60
23
24
20
69
30
109
32
27
130
8
36
62
48
46
23
25
59
68
8
44
33
36
39
4
9
135
91
31
28
12
78
49
11
88
11
79
75
94
41
173
56
16
47
63
90
99
15
81
49
77
9
22
83
72
99
15
11
33
66
9
96
26
36
53
10
67
42
3
126
25
4
30
48
63
44
49
131
7
16
65
15
1
104
62
12
37
7
24
6
44
35
50
102
54
54
5
60
10
12
18
51
33
52
85
21
20
109
2
30
7
54
40
77
64
83
70
3
81
13
108
22
55
40
35
58
127
31
3
24
74
8
44
5
90
15
122
117
74
143
63
93
49
57
105
112
67
67
71
99
10
82
1
51
121
63
131
44
22
107
30
1
15
42
111
162
43
1
148
62
198
122
64
1
18
0
71
15
72
63
36
17
14
39
23
47
67
15
34
89
20
87
21
49
6
27
104
47
70
7
89
81
31
36
3
22
24
5
50
40
106
26
107
29
44
9
5
92
21
43
6
25
16
2
38
33
22
22
87
70
51
64
2
60
43
15
32
65
14
65
3
199
93
12
42
94
119
142
25
4
10
28
24
129
24
81
29
120
17
50
12
43
11
7
71
50
8
44
74
30
27
9
22
12
93
32
47
6
25
2
21
40
40
46
8
20
51
57
77
58
73
24
68
116
47
63
32
26
34
26
34
52
38
34
28
7
56
145
33
11
5
97
52
111
117
9
26
89
29
4
22
22
4
28
8
48
41
14
38
83
71
124
35
23
115
88
73
63
36
121
2
3
84
1
58
85
29
16
2
48
44
45
2
59
17
84
8
87
74
14
78
50
17
94
16
16
1
15
51
8
56
15
45
25
45
42
58
10
66
57
56
46
9
48
93
30
17
30
85
35
111
28
104
74
51
82
91
41
1
73
7
33
48
87
107
14
15
147
16
5
15
4
22
56
11
119
23
109
67
9
75
49
88
97
27
7
56
141
43
53
60
42
15
13
1
18
32
8
25
18
91
15
40
83
2
42
3
19
7
33
26
73
10
5
44
96
40
69
18
76
9
43
51
79
46
74
127
82
23
33
49
89
22
3
3
43
18
32
0
87
21
90
68
153
24
51
93
51
54
25
24
53
17
32
61
73
125
101
2
93
28
26
49
29
7
7
25
42
16
24
24
64
58
108
94
48
79
43
65
21
65
62
35
60
17
116
118
10
6
30
93
17
3
14
73
41
48
41
55
55
63
93
101
116
63
58
60
41
43
93
31
75
152
47
78
83
30
17
4
43
7
3
83
56
9
1
23
42
20
4
65
56
3
57
18
113
41
85
89
115
100
31
66
118
61
82
23
80
34
130
68
66
32
72
101
32
22
27
68
34
28
19
14
34
15
66
10
61
45
1
73
107
11
16
122
16
35
33
14
64
77
60
11
18
103
80
63
29
69
79
40
23
45
53
67
4
2
25
10
68
9
4
19
74
3
85
18
32
18
89
34
81
58
71
9
45
17
54
69
1
24
71
71
33
42
88
37
59
78
11
32
47
9
27
17
88
82
20
42
127
50
7
105
116
55
65
23
5
13
21
81
60
13
92
18
55
63
43
118
42
53
61
59
53
44
47
85
22
5
55
40
56
87
52
8
3
24
107
61
106
86
16
76
30
93
58
21
23
107
200
66
93
33
8
2
45
8
2
69
125
42
40
13
48
25
21
13
42
29
97
63
102
8
61
132
83
2
79
45
67
39
46
145
29
59
42
46
17
26
51
0
138
2
29
74
30
27
12
35
91
11
20
21
42
50
19
18
30
90
29
21
19
47
16
56
73
116
65
9
44
12
72
3
87
28
39
53
6
5
78
6
25
60
40
21
52
40
5
37
52
26
65
34
53
42
96
11
52
72
58
31
53
78
9
32
60
122
10
0
120
51
24
2
18
48
22
74
55
12
19
22
2
1
12
42
47
28
42
12
34
64
3
99
83
37
32
112
5
5
59
13
9
53
99
22
93
39
8
83
10
28
50
81
55
31
51
12
35
173
14
2
7
51
48
17
105
42
76
35
70
71
79
34
61
3
11
18
32
22
44
46
54
115
5
9
17
41
61
24
36
14
15
41
6
55
125
5
33
63
58
43
34
86
7
74
13
22
34
3
2
63
4
41
18
24
10
1
89
21
26
20
69
43
42
25
14
2
23
58
40
45
49
58
71
42
91
4
72
55
21
26
45
12
29
77
53
30
76
88
48
67
16
1
65
66
89
96
34
13
71
23
2
18
50
9
80
96
39
12
20
34
1
21
1
6
17
103
39
21
57
18
70
12
62
27
27
80
29
60
10
7
50
5
24
108
69
74
36
51
53
3
37
38
39
66
2
22
29
83
10
40
15
23
5
62
135
50
36
73
19
25
66
22
92
27
30
20
37
3
46
65
17
25
31
0
34
8
52
23
54
3
30
93
0
125
44
37
9
142
94
9
41
15
27
95
46
45
55
69
9
83
21
102
9
33
41
32
85
79
64
55
8
11
17
47
78
27
42
18
13
8
19
4
68
7
51
43
39
46
22
15
15
96
47
119
18
25
24
48
67
47
79
80
1
55
73
148
23
43
13
38
14
2
4
28
113
23
30
44
74
12
27
4
84
204
5
6
31
103
26
33
28
9
19
73
77
55
8
37
46
24
42
18
27
12
60
33
62
119
32
10
58
76
20
107
37
1
51
30
57
90
87
55
21
17
0
48
5
45
21
43
23
64
35
37
14
3
75
59
74
31
4
97
18
16
18
8
56
45
16
104
47
71
16
46
9
82
32
56
67
26
2
32
12
9
36
14
18
90
125
67
57
36
84
65
57
1
27
35
20
26
41
26
58
24
2
22
40
16
5
11
25
33
71
4
12
65
35
16
41
10
48
4
10
31
10
25
58
26
60
27
23
11
84
28
85
5
42
9
100
63
42
4
43
4
55
41
22
6
74
118
22
98
13
37
78
34
138
72
1
77
24
22
79
42
42
15
48
4
95
72
39
134
46
13
21
4
25
73
61
13
2
40
25
14
26
22
40
100
54
9
41
63
53
26
26
16
37
63
33
27
3
114
19
9
23
16
74
77
53
18
16
31
11
38
16
1
17
110
12
18
85
63
60
26
47
38
33
1
20
50
119
101
61
33
38
99
28
5
114
24
11
67
10
3
65
97
16
4
41
28
15
81
40
44
2
73
54
67
31
17
57
53
6
97
126
10
9
20
43
35
118
10
24
59
70
16
133
7
10
66
5
10
3
119
44
104
62
78
91
1
50
30
10
54
7
23
24
1
48
33
66
60
46
8
17
83
6
44
10
36
64
2
60
30
8
16
22
94
7
3
3
52
15
106
66
39
17
19
75
3
30
1
12
55
37
32
22
33
94
164
5
68
35
22
52
30
18
40
66
20
18
14
64
45
4
25
41
64
17
6
26
1
8
18
9
43
22
15
39
32
34
43
41
60
19
89
111
41
104
12
27
0
31
27
21
14
55
30
12
16
4
32
47
54
43
2
15
55
8
50
57
68
76
54
85
1
52
41
11
17
33
100
19
15
12
14
2
26
56
67
72
46
30
45
39
19
78
5
25
29
36
39
10
119
51
40
16
1
2
27
42
24
17
12
37
49
70
12
3
16
33
10
32
29
26
28
0
42
79
6
51
11
27
79
84
11
64
56
31
6
17
44
12
28
3
56
29
35
43
11
11
45
14
20
16
77
57
28
14
52
48
67
82
8
20
31
5
7
52
7
38
29
65
27
20
13
18
28
5
1
45
53
21
71
58
5
19
20
88
26
19
7
6
16
35
71
65
57
19
78
33
31
98
62
5
52
14
61
8
8
117
41
3
62
32
5
17
5
2
16
112
19
67
12
46
4
58
32
22
26
87
14
26
65
26
30
8
6
73
52
56
12
60
24
19
18
8
22
59
23
48
62
65
12
5
82
30
82
11
46
63
47
72
45
57
7
5
49
38
50
31
12
11
9
42
51
44
34
32
56
37
54
3
19
8
8
2
72
52
5
43
85
22
12
33
15
6
2
55
18
42
39
5
29
10
34
23
57
1
0
35
18
45
13
63
15
47
69
40
54
68
117
30
27
21
32
10
56
27
50
7
9
22
63
85
8
148
38
65
15
62
54
18
28
88
13
3
17
102
142
6
47
38
24
29
12
25
45
105
11
29
33
80
19
52
66
24
60
98
31
19
5
15
27
49
23
38
5
11
0
12
13
21
13
66
23
46
66
8
83
1
49
18
46
2
99
55
13
111
15
59
16
4
37
39
41
12
4
5
11
11
89
35
12
49
60
64
48
36
52
38
12
51
30
10
1
15
65
23
4
23
14
33
3
17
49
41
22
27
62
24
42
58
1
84
41
33
35
7
29
37
53
14
44
20
44
109
60
0
30
56
35
57
9
6
24
36
29
1
91
5
39
50
62
26
37
54
46
11
57
0
33
47
47
63
57
18
56
26
27
97
9
71
32
16
36
28
29
10
5
33
20
50
6
21
60
5
70
59
49
17
30
9
25
75
20
11
10
45
41
44
30
66
11
15
68
6
22
38
24
45
47
18
32
35
10
44
22
34
92
0
19
24
36
31
23
86
1
22
13
107
28
0
4
21
9
24
47
13
5
15
0
53
65
119
28
68
61
18
43
14
5
10
66
30
30
58
39
10
133
10
14
9
38
20
8
14
8
47
37
61
12
64
13
2
49
81
23
18
57
7
10
25
48
32
4
23
92
11
38
35
10
4
46
28
131
32
36
19
27
46
28
57
31
50
45
81
1
44
30
0
61
7
9
32
18
18
4
39
22
46
46
25
33
29
32
11
32
8
19
67
60
2
8
48
70
9
35
44
3
28
44
43
34
97
84
28
47
27
63
72
29
47
85
157
2
24
8
70
28
4
104
25
3
21
48
5
57
92
51
26
31
14
3
71
10
2
22
20
82
60
7
20
15
10
62
17
11
5
2
37
24
40
58
3
96
7
71
15
71
50
21
5
42
48
28
68
2
2
12
48
79
18
35
29
49
2
40
97
52
2
48
41
95
23
81
7
58
38
5
46
36
4
39
1
51
20
35
46
49
65
59
7
9
27
22
19
96
44
112
42
47
27
55
9
8
50
2
19
31
9
36
31
43
24
61
69
13
50
38
5
20
67
57
8
64
12
15
36
49
43
25
8
57
20
18
31
8
72
48
18
38
9
18
1
71
1
15
52
43
100
55
184
17
120
27
21
63
33
15
76
38
67
27
46
58
27
8
6
23
33
74
39
31
15
23
20
77
13
20
7
87
65
34
40
1
14
41
1
91
30
24
28
22
8
9
30
9
83
30
33
74
39
45
23
75
66
76
17
27
27
29
11
34
37
11
29
22
9
42
11
14
43
15
8
22
9
8
52
40
16
38
18
46
5
8
23
10
0
46
42
4
21
37
22
39
49
12
70
14
56
55
28
48
10
32
51
59
3
1
23
31
16
1
12
53
22
87
55
28
51
13
23
46
60
0
35
24
21
42
28
35
9
30
99
21
19
31
17
35
13
24
50
60
15
77
53
22
27
2
23
50
39
25
40
15
74
31
40
17
4
16
30
43
16
22
50
22
2
14
31
60
30
24
82
21
25
93
7
35
30
21
38
23
30
33
19
3
47
4
38
6
63
31
59
12
48
51
10
27
3
19
11
9
17
77
5
12
6
9
1
56
76
25
35
60
11
5
11
9
5
50
25
35
41
1
45
56
40
12
12
36
40
5
5
26
1
6
52
50
50
7
58
35
26
28
64
12
37
13
2
30
8
38
4
44
22
60
24
61
21
51
36
0
19
8
56
42
37
12
47
66
68
22
25
35
16
31
43
47
11
65
8
36
7
3
23
7
22
58
31
37
13
13
14
1
44
5
16
2
7
3
11
10
1
26
32
15
44
40
21
32
28
26
50
47
73
85
10
43
23
2
42
21
20
9
44
17
6
8
3
5
2
17
31
53
7
22
18
58
68
6
61
51
25
83
28
31
6
33
22
10
66
7
3
2
31
17
14
18
65
38
15
47
31
44
10
28
61
44
19
39
37
49
20
30
45
35
18
68
67
90
26
55
17
54
19
39
4
53
24
26
11
2
39
35
36
3
19
14
56
10
19
35
31
69
13
50
55
12
8
30
22
42
21
22
35
62
2
8
57
14
16
2
2
39
67
52
30
44
23
21
17
35
20
11
4
32
10
81
5
27
50
13
8
41
41
27
1
4
15
27
6
19
35
24
48
51
22
3
37
81
21
21
3
29
55
6
105
21
60
29
28
45
35
20
15
11
45
78
54
6
1
23
41
11
40
17
54
17
26
2
5
92
18
9
19
21
32
15
37
16
23
21
29
9
74
3
58
12
35
63
7
44
21
7
60
15
20
64
42
37
4
22
40
23
19
7
41
6
18
28
7
28
50
76
44
19
18
7
9
13
2
28
71
29
36
32
6
17
14
22
8
20
55
2
11
21
20
95
81
30
11
39
25
13
41
24
22
46
44
16
14
14
57
25
58
9
34
24
8
4
24
42
14
25
73
60
77
6
9
74
30
20
35
71
21
53
7
7
57
23
14
59
14
50
52
6
15
44
16
21
24
22
10
30
3
52
30
20
56
27
11
5
29
57
31
18
45
27
28
13
7
63
40
88
4
29
15
7
27
8
11
82
27
49
21
10
28
11
47
4
35
22
91
29
59
40
42
18
60
1
11
36
29
4
8
27
15
1
16
21
61
86
15
54
38
34
30
17
39
51
9
33
9
70
44
23
45
49
34
49
9
30
26
53
1
7
17
4
1
3
50
13
22
17
21
22
45
15
21
24
60
1
3
37
3
5
67
54
5
63
27
43
19
19
47
20
11
25
28
49
5
2
24
26
14
34
28
67
6
5
25
6
1
33
2
17
15
28
16
58
40
3
39
35
5
39
44
27
29
54
12
34
36
4
4
62
35
22
5
11
5
8
43
20
19
36
1
28
13
28
86
11
42
45
47
4
34
19
15
59
4
15
7
15
30
4
37
15
23
33
20
9
4
1
33
22
1
23
2
26
13
37
11
10
32
13
20
9
29
10
5
4
47
67
10
9
14
12
24
7
0
22
10
16
0
58
18
49
0
28
4
11
56
18
15
2
26
22
31
13
18
1
5
4
1
19
26
12
13
28
13
7
33
3
11
0
7
16
22
12
13
27
40
35
11
64
3
9
16
24
61
11
35
7
15
16
28
5
12
1
1
19
12
7
30
18
0
42
62
58
14
14
35
47
8
7
21
5
11
22
6
5
35
15
6
32
39
13
14
47
36
24
17
29
35
9
8
49
35
4
36
4
43
26
33
26
4
4
57
10
6
42
13
17
8
16
22
3
20
11
16
13
31
37
29
52
33
4
15
6
15
8
18
36
8
42
18
11
57
17
12
14
30
11
8
6
25
2
18
9
45
4
2
9
3
11
30
31
14
16
5
31
12
8
18
41
32
75
27
80
2
12
35
2
11
50
6
16
26
15
13
20
20
8
21
9
2
19
7
26
11
33
3
6
30
31
23
34
3
44
28
23
14
8
22
8
53
9
28
14
0
15
7
1
17
7
13
17
13
10
20
24
40
30
34
45
3
36
4
9
21
11
11
6
4
8
3
27
9
2
22
29
12
32
14
1
59
73
24
2
15
17
21
32
58
15
51
38
21
51
5
33
18
3
7
8
18
18
16
23
33
13
4
13
3
58
16
11
34
39
24
20
22
30
20
2
3
14
50
22
16
30
27
38
24
27
12
28
32
8
50
18
6
36
21
38
16
13
0
52
17
3
34
24
32
2
17
25
18
10
3
3
15
7
8
19
16
25
31
48
25
4
17
27
5
33
16
11
9
7
42
5
18
23
1
12
18
8
13
20
24
13
32
50
27
1
9
16
40
11
15
27
0
12
46
25
5
9
11
8
21
18
9
14
2
2
4
20
22
22
14
33
7
0
17
29
36
53
35
3
12
12
33
19
32
43
3
6
22
17
14
16
14
1
14
14
21
14
0
16
13
21
24
16
1
23
21
21
12
3
9
6
18
12
44
1
19
4
17
10
33
26
11
1
17
8
3
9
6
34
8
1
18
21
11
36
17
11
5
12
27
1
19
38
26
7
26
4
10
26
12
61
47
12
1
34
17
18
1
22
4
2
13
35
33
22
15
1
9
5
18
19
19
29
28
15
34
1
15
25
8
2
16
1
10
1
10
7
5
14
6
13
15
22
8
3
29
23
29
16
6
16
7
2
12
12
3
37
15
5
2
14
24
8
10
17
10
32
12
15
22
21
7
5
48
4
4
10
13
30
19
12
13
0
35
8
17
3
28
12
14
28
4
9
21
5
29
29
13
3
14
6
13
29
2
23
2
31
17
11
29
1
11
28
9
18
12
1
6
6
11
5
28
20
12
19
11
14
16
36
38
23
18
18
13
6
16
41
24
5
19
16
3
18
17
19
16
14
8
11
15
9
3
10
26
38
15
6
6
3
6
14
10
27
16
19
13
9
8
18
17
16
13
6
34
25
37
5
7
4
10
11
24
27
11
33
17
4
7
25
16
5
11
0
5
0
12
8
21
26
0
7
9
13
26
27
18
6
6
9
14
15
3
6
1
6
19
17
2
10
3
17
15
11
7
27
4
23
0
15
7
26
4
7
1
12
21
2
11
1
17
21
7
3
2
18
11
6
5
16
11
0
7
1
12
13
0
14
6
4
6
3
20
15
4
11
1
4
10
15
7
4
1
1
4
6
6
3
2
17
21
2
13
6
2
14
3
10
0
2
0
1
11
11
9
6
3
1
4
8
9
22
2
4
8
5
4
9
6
6
7
1
1
6
5
4
8
4
12
13
15
3
5
3
9
3
5
10
3
1
2
14
9
5
15
5
12
11
2
6
11
2
6
9
8
3
11
8
4
3
8
0
1
6
6
1
6
3
3
8
2
2
5
5
9
6
0
2
3
5
1
2
2
1
4
0
0
3
1
2
0
0
0
