8
63
24
1
189
31
105
31
15
31
88
3
10
62
41
32
0
4
7
63
61
13
3
51
24
24
98
24
25
10
31
10
119
20
19
72
9
35
62
4
25
34
87
41
12
20
2
14
36
147
13
84
35
113
39
24
14
96
8
83
12
31
27
34
32
35
48
6
36
60
11
19
12
50
12
38
8
22
57
34
67
7
28
20
38
25
80
18
31
61
12
87
15
35
14
73
1
15
13
18
48
51
82
16
10
100
14
51
28
75
80
111
38
44
51
39
36
26
19
109
47
42
51
8
30
31
12
22
104
62
43
36
16
28
73
4
3
92
37
80
135
59
17
3
113
31
56
34
30
43
24
86
21
10
27
84
113
47
37
28
4
103
117
22
6
55
13
56
3
65
30
11
96
80
26
43
245
14
4
69
170
51
90
22
99
96
88
37
54
69
58
142
90
131
85
96
74
106
51
1
66
57
25
67
10
39
11
108
28
72
98
53
105
19
26
44
29
35
148
69
13
36
49
105
38
42
13
46
67
104
82
95
79
24
151
101
60
38
67
79
0
86
62
13
14
17
55
12
82
8
56
26
125
40
9
21
95
74
52
19
120
116
1
94
44
103
126
72
101
42
68
45
15
31
60
26
46
67
122
3
85
60
85
36
45
70
88
112
96
78
75
37
28
5
82
87
45
68
118
26
73
112
5
13
21
104
12
41
136
7
39
24
66
50
39
22
48
54
38
74
58
16
112
39
121
7
41
14
97
30
4
30
25
73
109
97
90
57
73
12
61
94
21
100
149
111
96
62
20
35
100
27
102
51
40
13
33
57
72
82
2
52
40
17
18
47
76
75
43
22
18
114
52
2
33
6
69
75
12
56
51
47
30
66
31
10
77
30
22
36
24
21
36
43
16
34
23
14
118
69
41
29
57
123
49
116
86
48
141
6
0
85
201
197
63
19
16
98
58
29
61
89
49
168
70
40
99
51
67
10
7
98
89
57
37
88
24
10
40
1
53
31
132
20
26
105
12
85
63
16
40
70
73
47
100
127
14
44
72
1
44
148
41
52
33
4
35
21
16
110
19
5
28
45
12
130
33
27
46
79
37
82
62
45
8
38
29
62
58
14
98
69
22
20
20
11
64
52
48
11
49
62
55
48
114
13
37
25
41
3
8
41
80
24
41
62
92
31
135
50
66
29
44
8
77
20
38
53
63
123
120
123
52
73
26
28
45
10
49
2
74
61
59
66
2
96
51
22
9
111
28
16
47
74
110
89
92
83
24
60
101
58
81
19
20
36
49
84
81
104
59
38
90
103
15
148
45
58
88
85
33
61
34
111
29
48
41
61
47
13
6
23
87
58
33
2
76
57
30
35
49
74
20
93
28
75
67
51
14
1
21
15
110
10
24
56
63
79
46
3
60
85
32
2
73
147
52
37
64
224
78
66
60
27
50
90
3
42
1
22
65
30
14
13
45
75
121
35
41
151
185
99
67
93
81
15
97
83
11
77
35
90
44
56
76
94
111
67
13
10
82
59
14
29
54
92
95
97
80
2
125
46
19
121
19
93
4
25
49
1
3
113
29
2
90
49
8
73
33
27
2
42
144
67
13
24
113
75
58
19
39
81
42
134
111
6
90
10
121
93
27
22
4
38
52
1
43
80
108
55
61
46
67
20
149
10
35
16
25
47
24
94
28
41
14
21
29
56
91
15
105
101
20
74
31
25
64
37
29
1
50
156
87
2
33
26
19
100
20
40
102
31
45
31
5
18
56
88
80
45
18
95
71
25
57
30
81
29
139
92
114
91
18
60
26
94
0
135
57
69
27
28
35
9
7
62
112
51
5
16
29
67
14
9
19
100
28
37
66
4
31
30
84
55
93
110
91
37
15
11
9
22
41
27
120
27
11
50
64
36
19
51
67
31
1
74
87
10
64
52
15
10
21
46
54
21
87
84
10
68
46
27
18
129
27
67
54
12
35
86
55
83
103
22
32
53
36
2
119
41
5
67
62
51
83
90
74
24
26
16
126
10
69
147
102
16
50
96
4
69
82
54
42
82
28
28
6
22
59
87
56
78
52
8
73
9
32
4
55
50
26
21
94
46
48
118
28
56
5
54
31
65
68
11
17
66
80
71
2
29
5
72
60
28
14
3
20
137
78
100
9
25
16
62
67
15
18
24
72
66
63
42
76
9
131
26
28
30
96
121
95
40
65
83
110
27
46
26
8
83
72
3
26
49
0
91
79
83
103
15
28
51
15
110
47
6
30
7
148
114
47
52
32
72
52
23
43
28
25
22
44
13
20
59
57
20
36
40
61
14
34
71
3
9
56
14
10
14
36
58
53
77
24
20
12
103
120
15
13
40
7
14
90
98
25
25
40
50
2
102
12
63
8
18
101
76
17
2
15
92
50
0
16
29
124
1
4
44
71
5
15
59
13
75
107
92
53
73
113
3
147
23
37
3
66
94
21
39
110
29
6
74
8
9
73
14
3
102
21
6
46
30
106
33
65
29
13
54
70
11
42
102
104
10
44
0
19
42
44
24
10
54
44
1
59
0
92
76
20
13
99
33
104
44
22
5
132
49
5
33
112
17
99
24
124
88
9
23
28
31
56
20
89
64
92
34
12
10
44
86
42
80
1
9
47
25
66
134
33
49
113
30
143
36
19
33
10
49
29
33
15
6
15
68
58
6
75
79
37
0
38
1
21
19
136
84
108
52
41
61
2
17
46
102
89
137
24
47
96
56
83
68
64
64
6
28
6
2
43
7
44
113
50
127
19
79
8
126
13
80
1
36
34
26
40
35
45
64
7
15
50
3
57
6
64
34
7
53
95
42
13
11
28
15
31
12
79
2
23
55
28
14
6
10
41
84
8
40
49
35
4
21
90
52
68
65
42
18
28
10
0
73
1
41
14
38
27
73
11
7
17
85
123
62
23
55
24
64
41
131
72
15
17
96
55
0
79
103
65
13
22
30
55
117
59
20
0
30
15
79
93
53
4
57
46
68
20
29
41
64
121
101
56
22
40
35
3
73
8
49
83
39
102
33
17
8
25
42
74
11
47
106
0
150
7
1
15
4
38
57
61
108
50
17
39
81
18
9
53
72
20
54
75
104
8
129
7
29
23
15
14
139
37
84
125
8
21
28
32
38
59
34
65
25
64
66
68
42
123
3
68
5
62
26
90
39
81
84
9
17
134
49
31
69
112
39
17
8
96
155
16
42
86
8
18
63
2
22
17
17
100
34
60
3
58
120
41
77
73
40
65
41
114
5
58
26
3
23
34
71
18
8
44
27
70
104
37
22
15
36
4
47
65
72
101
70
9
1
50
82
6
15
27
35
22
3
15
22
47
2
20
2
34
40
14
23
78
65
43
28
28
38
58
86
20
11
11
159
61
29
40
97
131
43
24
75
43
58
69
66
58
27
31
16
5
30
104
49
46
9
23
6
16
89
36
35
33
15
78
7
29
8
29
75
39
14
47
30
1
31
28
60
106
19
16
22
25
69
35
22
48
54
97
19
65
22
50
2
5
57
119
100
8
71
84
64
19
10
69
62
50
29
107
22
23
19
8
104
14
74
25
141
43
2
97
10
28
5
62
41
37
3
42
72
1
33
39
25
28
5
64
23
38
2
107
6
24
28
14
19
26
44
14
105
4
66
28
56
29
32
11
36
70
75
19
17
102
43
55
6
52
78
4
31
58
36
28
19
80
26
67
26
126
57
9
73
114
30
29
60
81
2
61
21
4
90
115
19
44
20
22
1
7
72
43
59
64
47
68
82
7
75
71
11
8
98
24
44
21
54
59
117
26
27
19
11
23
74
18
14
87
32
46
48
12
31
3
117
11
13
90
17
53
57
10
78
28
6
10
42
65
108
75
10
107
27
20
54
23
67
60
31
44
8
44
48
24
59
35
4
54
27
14
7
93
41
63
15
22
85
55
93
65
8
0
74
63
69
10
44
59
24
18
46
61
74
11
42
13
12
98
55
8
38
8
37
65
48
79
8
65
33
105
126
45
28
9
1
136
62
62
59
7
34
12
19
66
55
30
59
1
9
33
67
37
13
110
85
34
51
11
129
114
84
8
83
65
44
97
94
113
23
37
27
13
50
37
55
19
82
48
45
39
44
24
56
107
5
4
1
20
55
43
35
116
30
109
47
13
42
45
0
7
67
27
19
6
26
56
33
9
56
26
11
15
50
10
5
8
57
36
85
81
50
17
8
65
23
12
116
21
47
42
62
20
42
68
8
39
34
100
87
61
6
46
8
16
113
82
2
32
19
69
62
19
15
13
69
35
1
24
8
25
5
118
13
27
8
24
33
37
57
38
75
6
3
68
55
28
16
43
99
20
15
32
82
44
16
12
44
9
95
69
1
53
47
81
17
12
16
8
46
14
123
18
41
27
13
95
52
11
23
23
8
70
3
7
26
1
58
35
54
5
26
39
11
41
73
9
24
59
20
8
66
17
39
30
35
139
43
13
10
94
56
44
4
61
12
45
34
67
6
4
43
73
82
4
0
26
95
13
8
43
74
37
113
65
1
23
37
5
35
14
97
10
36
46
38
62
54
34
47
14
33
71
5
61
5
15
17
41
40
59
72
9
107
15
20
15
70
2
52
30
120
86
19
82
34
11
57
13
39
19
34
105
77
8
47
9
41
33
65
94
38
17
71
31
6
63
19
44
20
38
38
63
16
93
57
1
41
8
16
48
18
77
17
28
14
19
19
29
75
14
54
21
53
20
21
14
39
18
71
33
43
32
53
70
8
106
43
27
10
13
9
95
62
21
6
74
46
25
23
16
67
2
97
17
62
11
117
56
28
62
20
90
22
36
25
73
87
66
1
18
107
69
13
13
93
85
8
7
66
6
107
10
52
12
90
64
32
37
97
36
12
10
10
77
19
12
15
53
79
42
8
38
12
17
4
20
102
6
10
17
36
38
31
35
14
20
29
12
124
106
58
4
46
14
35
32
72
50
16
28
48
65
56
46
39
47
13
115
34
7
117
23
78
16
64
30
36
71
18
12
71
8
32
13
7
13
49
28
27
49
18
3
25
115
35
2
85
111
65
48
25
84
50
41
39
60
17
21
81
0
25
92
31
36
14
58
67
40
16
26
125
8
122
41
26
10
15
12
24
19
44
89
31
13
19
45
15
33
13
115
66
86
58
47
25
50
70
9
28
8
7
65
16
38
23
25
120
2
35
54
61
31
62
5
0
11
6
84
13
15
3
24
10
53
122
48
11
9
41
44
3
60
7
67
62
66
36
55
7
30
50
83
15
44
12
40
37
55
43
101
31
3
52
32
1
26
16
115
102
0
33
15
20
24
25
49
2
8
57
95
6
56
58
46
27
22
4
94
1
66
40
36
21
5
46
36
58
25
26
41
19
41
8
35
58
67
23
32
54
68
33
21
72
65
5
9
36
19
22
101
78
5
12
66
17
6
25
52
16
21
17
23
39
33
8
39
34
16
82
7
15
54
80
30
29
64
85
14
27
35
50
34
24
16
52
85
58
28
39
32
30
8
15
39
21
42
22
8
23
40
3
59
73
5
55
26
58
29
14
4
38
23
10
11
33
46
2
67
18
24
50
47
86
28
9
10
17
26
22
36
89
26
24
36
69
48
29
26
24
5
0
81
19
66
23
28
145
58
49
52
45
17
55
62
30
0
60
11
38
47
27
12
82
13
7
48
5
39
20
17
44
17
10
35
43
9
49
32
26
11
20
71
40
42
21
29
14
71
14
0
38
62
36
38
133
10
92
39
23
35
43
9
18
34
101
12
21
41
65
23
39
30
75
10
56
5
55
65
44
59
2
22
30
42
52
21
14
39
4
51
45
8
40
25
23
60
51
43
28
23
63
1
9
65
16
62
16
18
99
20
30
72
14
14
1
20
30
59
22
26
24
11
44
87
44
72
12
20
3
0
64
56
14
39
83
1
22
27
69
20
50
69
37
80
104
25
5
10
31
110
23
51
5
32
32
41
32
12
17
18
17
45
41
11
49
25
10
55
8
7
42
13
0
54
26
30
2
54
63
8
32
20
28
100
48
13
33
24
39
40
27
24
83
77
48
14
52
7
11
38
70
59
22
20
16
115
12
8
6
20
16
31
2
20
65
110
8
78
13
24
9
45
18
18
6
32
8
1
43
32
26
10
82
39
16
15
37
20
4
47
13
10
27
24
19
3
55
39
4
28
5
31
70
9
57
8
20
1
21
43
14
60
36
25
71
18
4
89
29
26
35
17
20
24
6
47
77
67
14
29
23
43
28
21
25
60
3
32
8
8
54
22
7
22
7
8
3
46
44
25
11
22
67
36
36
93
20
29
42
19
9
71
17
26
21
15
9
52
73
7
35
4
12
16
9
9
2
61
18
39
35
29
41
39
38
25
34
37
17
14
64
27
77
6
21
35
21
32
64
14
36
20
7
22
46
21
29
32
16
10
76
20
65
9
23
14
11
61
20
65
36
47
36
26
80
17
26
54
46
69
5
28
85
26
6
33
68
18
15
13
41
21
77
37
74
22
15
35
15
15
55
28
64
5
60
18
8
76
17
43
49
6
47
55
12
5
52
5
24
18
19
7
29
23
14
26
16
44
27
5
87
34
45
3
56
34
16
43
54
42
45
8
46
5
4
33
65
84
27
14
29
15
24
21
10
1
9
56
1
52
39
16
28
47
46
56
16
35
54
28
34
26
24
11
31
36
35
10
58
21
71
60
21
32
56
12
28
39
13
17
39
0
2
40
11
9
1
51
11
73
56
30
53
67
51
7
7
9
45
5
40
64
26
36
27
31
29
35
92
58
105
7
8
35
19
51
54
73
68
36
96
19
39
9
27
57
19
12
33
44
36
25
27
16
55
26
83
3
89
5
30
9
44
7
9
3
10
44
73
26
47
43
9
6
32
2
39
30
2
13
30
10
42
29
39
4
14
42
31
67
5
10
59
4
27
1
49
19
49
5
13
73
39
35
32
22
14
19
5
24
15
58
7
9
101
27
37
27
44
16
46
8
43
33
80
34
23
52
58
34
0
16
42
22
18
28
2
53
16
11
42
32
5
16
36
45
27
45
20
3
7
45
20
51
27
3
12
15
67
60
72
63
23
28
13
19
20
6
11
39
1
53
59
46
39
14
41
16
74
45
20
52
54
19
6
10
44
54
10
7
17
19
13
69
59
25
10
31
16
24
12
21
1
38
56
29
29
21
11
29
11
60
17
34
43
22
0
34
87
24
80
42
28
41
51
25
1
26
20
27
8
47
81
61
41
10
43
35
71
13
0
14
22
25
25
11
72
21
61
49
24
37
10
10
45
10
25
6
23
14
32
49
51
4
32
89
27
27
40
10
24
72
3
36
12
23
13
7
9
72
1
32
41
42
30
32
9
24
26
28
76
12
23
14
36
39
20
13
13
5
26
41
9
37
4
25
29
49
14
10
15
48
28
7
44
71
34
7
16
105
47
38
31
2
1
65
32
26
10
32
4
15
12
12
28
7
52
6
27
53
8
60
40
26
72
28
15
10
26
29
18
15
33
55
8
13
42
24
21
12
21
39
19
58
35
74
39
77
27
16
25
104
36
18
59
63
46
28
15
25
16
0
12
55
0
10
35
49
11
73
4
15
42
33
11
4
35
0
13
44
24
12
14
23
5
2
8
11
7
29
23
28
18
66
42
36
64
10
77
31
27
4
13
22
38
28
41
14
1
11
13
8
23
38
68
3
41
35
52
32
22
7
5
23
7
25
8
17
13
27
4
38
24
25
35
4
21
6
99
47
28
53
4
53
30
11
13
57
26
61
12
1
9
5
80
33
90
83
54
44
3
37
25
16
64
42
26
13
3
37
26
34
43
17
75
3
22
4
14
63
15
12
53
47
13
3
5
35
23
12
41
34
34
48
28
25
9
61
31
22
28
34
42
14
28
3
67
44
7
10
8
25
74
49
14
67
25
6
31
65
3
68
16
7
8
11
66
21
19
50
34
25
49
48
13
36
47
53
1
36
27
47
24
37
10
42
19
3
24
8
9
28
6
0
45
27
19
24
10
18
3
10
18
59
42
79
14
46
44
8
25
28
22
3
11
43
0
11
39
20
49
9
15
64
12
7
40
8
10
48
3
10
41
9
29
4
25
7
12
15
27
7
13
44
0
20
22
6
8
35
55
5
30
16
26
19
30
44
42
39
60
6
57
12
19
51
27
11
3
6
24
20
23
16
45
5
7
18
30
48
16
57
26
81
32
48
77
45
14
6
36
14
73
34
23
19
15
28
7
9
28
54
8
41
20
39
6
40
28
0
54
12
3
7
29
27
9
38
24
59
10
71
6
12
38
4
22
35
25
23
52
10
89
11
21
2
40
40
48
42
12
2
11
9
17
18
19
4
34
32
32
34
44
19
33
5
0
3
58
8
1
10
41
38
9
34
2
11
22
41
21
36
6
39
61
6
30
26
24
56
4
7
42
25
52
43
18
6
49
34
45
6
28
31
14
12
39
8
51
71
6
20
23
11
18
0
20
32
32
29
62
36
23
13
26
20
33
36
12
11
69
37
23
41
54
0
13
5
28
38
28
2
4
29
27
2
8
17
28
20
27
18
24
32
27
32
6
49
8
40
1
9
2
10
13
2
15
27
41
32
30
11
47
34
16
38
1
11
37
41
26
29
17
16
16
84
8
3
9
34
11
30
46
4
18
33
7
2
28
14
47
4
2
11
20
12
16
2
22
20
27
55
23
23
16
12
8
31
27
23
69
22
23
79
26
37
39
20
10
11
13
28
9
33
19
2
37
41
26
5
21
39
17
29
5
34
39
16
6
33
30
18
18
67
23
32
4
0
34
33
7
15
10
31
15
12
10
10
19
11
10
11
11
27
45
5
32
38
18
8
26
17
28
28
10
3
13
19
10
58
0
3
19
44
25
37
21
5
14
13
19
9
22
14
3
14
22
9
22
12
3
15
33
10
7
25
2
14
24
29
6
18
13
5
73
10
12
0
24
28
56
8
37
17
2
30
43
20
9
17
26
10
1
23
8
35
13
41
30
26
17
36
13
36
71
18
7
5
2
59
3
20
2
29
0
21
33
0
9
11
54
5
18
20
56
7
51
6
35
39
45
26
2
11
14
23
5
51
32
1
15
25
9
47
7
21
13
28
19
16
4
6
12
50
17
11
13
22
13
5
13
13
30
39
54
7
4
34
56
6
18
15
5
12
7
24
29
35
46
3
1
3
22
14
30
35
25
8
11
36
7
6
2
34
83
40
20
50
5
21
9
16
6
36
17
8
18
8
52
1
21
41
18
8
37
9
16
15
22
26
6
16
9
39
4
27
4
23
2
6
23
19
22
16
13
20
2
4
20
10
31
16
22
34
19
0
26
22
29
1
8
44
14
40
38
17
8
14
11
20
39
2
10
26
25
49
56
14
7
2
37
6
36
40
7
44
20
33
32
4
2
1
39
7
8
12
10
0
18
4
26
10
32
9
33
22
28
31
14
40
48
27
14
8
1
4
20
30
1
8
12
20
30
13
6
9
20
23
8
4
22
16
14
6
9
1
7
25
18
25
13
26
6
22
10
5
1
10
20
13
37
9
6
2
6
23
14
16
3
2
9
12
6
13
0
10
5
27
33
11
4
27
6
5
25
9
4
25
14
14
4
22
3
3
2
11
30
2
5
0
15
22
6
30
4
18
16
45
11
8
18
26
2
2
9
12
13
19
7
47
29
13
6
8
4
1
57
5
21
4
10
16
13
2
12
37
2
0
19
36
30
2
12
22
2
24
29
37
0
0
2
1
21
33
1
26
38
33
0
0
9
5
18
8
5
24
23
13
25
2
8
5
9
13
10
5
11
21
17
12
12
9
41
13
31
8
19
9
31
15
8
8
20
10
6
12
1
12
10
4
21
23
8
1
10
1
11
6
5
6
1
5
13
17
6
14
21
21
26
11
3
11
13
21
14
6
20
14
12
20
38
1
11
30
5
17
20
8
10
4
2
7
20
18
28
12
2
21
12
2
8
16
3
20
27
5
5
3
6
26
10
15
9
17
14
9
1
36
9
2
0
10
6
10
18
26
5
13
8
18
2
4
6
1
15
10
24
2
3
10
14
1
2
0
4
12
5
6
9
7
8
22
9
11
8
16
11
12
21
7
12
1
7
3
5
13
16
11
0
2
16
19
4
8
13
12
2
7
6
13
3
1
6
10
9
5
12
20
8
15
2
3
3
12
11
10
5
12
4
20
5
2
11
2
4
13
9
1
15
5
7
3
13
2
5
13
8
2
8
10
8
2
2
7
3
1
5
10
4
2
5
2
10
4
10
5
7
3
2
3
0
8
8
6
5
4
5
9
1
4
3
3
6
8
2
3
2
2
3
8
0
5
5
1
5
0
4
1
0
6
1
3
0
3
1
0
0
