16
61
8
2
35
35
110
0
17
9
40
94
101
17
12
12
29
65
14
2
12
8
41
23
37
8
30
38
14
14
2
58
70
31
11
26
49
16
122
2
36
39
15
1
43
9
8
35
37
62
5
31
33
22
19
96
34
44
12
183
36
37
47
69
18
45
24
89
27
83
33
47
42
26
10
46
24
30
72
30
51
28
55
80
24
52
48
5
36
30
7
13
46
71
26
7
57
23
63
76
111
25
6
136
25
10
44
48
57
68
39
115
74
47
21
105
17
44
29
41
10
44
97
90
2
0
13
2
37
2
44
129
78
48
89
11
33
22
57
70
12
3
30
26
54
73
22
56
84
76
102
84
12
59
51
88
26
86
88
200
85
13
75
44
63
5
4
94
60
60
20
65
22
98
1
16
54
11
72
14
13
14
93
123
64
23
51
51
76
155
130
5
101
172
15
108
12
111
71
20
183
55
90
86
14
74
21
50
82
43
88
96
22
1
27
18
71
74
50
18
46
11
36
126
101
29
5
22
92
49
54
36
15
75
32
60
37
3
98
82
83
183
22
59
27
33
81
49
77
32
28
65
97
37
119
8
32
35
82
99
60
50
161
46
20
21
39
29
64
31
27
36
52
1
19
59
8
85
4
137
139
40
128
52
37
19
153
38
0
9
101
85
33
110
47
69
110
51
33
63
52
48
96
4
45
54
8
47
21
26
68
130
30
6
33
88
53
15
1
42
33
13
4
57
31
61
53
15
34
42
36
69
160
129
12
67
51
105
112
124
54
52
19
29
9
11
90
46
20
101
83
9
30
39
45
90
18
10
25
33
28
10
184
87
20
95
23
14
30
55
96
61
76
3
21
4
143
18
122
130
65
37
120
117
35
94
67
14
42
29
21
54
87
30
43
84
58
40
22
124
69
36
6
58
152
12
56
146
5
2
74
5
82
5
37
99
2
53
17
34
77
65
109
6
19
35
105
1
3
18
45
1
57
132
71
58
155
145
33
0
33
33
103
33
76
1
24
57
108
16
84
55
25
4
13
34
5
21
36
42
65
99
104
66
106
13
21
1
45
31
42
17
18
113
59
59
67
74
86
88
16
92
70
6
83
59
82
17
39
54
156
49
24
208
103
15
0
42
64
43
42
103
39
7
51
128
26
12
65
63
38
18
18
22
6
6
32
96
10
149
136
81
47
4
135
17
65
10
21
219
43
113
26
149
45
54
118
59
39
28
38
49
15
67
3
62
35
22
44
51
61
106
44
15
13
40
19
43
36
29
34
79
23
65
62
62
16
18
109
24
13
175
57
11
41
45
151
37
41
147
38
55
92
23
16
6
25
88
123
98
8
32
48
34
119
33
9
10
1
35
115
2
48
31
89
8
32
61
72
131
69
127
82
45
164
10
39
16
47
122
127
72
98
19
72
16
54
75
21
34
48
96
30
23
168
62
33
36
91
121
57
24
34
82
42
5
3
88
3
41
16
13
13
64
78
34
40
38
96
7
67
11
31
1
32
57
86
43
9
2
95
82
47
18
9
32
16
26
66
31
71
40
5
85
51
52
15
61
73
63
80
53
67
67
32
39
61
4
47
64
1
9
28
61
41
52
76
37
34
72
78
39
51
18
16
28
5
28
18
50
157
12
37
15
102
7
34
91
68
79
99
25
18
56
23
20
57
36
81
15
32
20
71
79
24
14
68
77
27
33
54
55
24
36
31
47
95
25
60
24
46
45
4
53
125
32
41
62
78
3
51
113
81
61
10
45
16
67
19
113
0
86
13
27
6
49
77
38
104
85
51
57
62
8
46
122
46
43
13
91
14
2
31
27
41
4
29
19
90
60
21
85
2
22
62
36
54
8
63
7
45
74
134
49
9
47
1
66
181
6
19
149
151
49
81
72
55
6
43
27
49
9
75
6
5
29
91
40
17
11
81
151
98
25
56
23
20
54
85
61
73
9
99
5
7
50
49
18
21
37
66
80
12
55
40
99
1
39
68
29
32
32
28
103
20
27
1
22
37
14
47
25
63
52
59
95
43
42
29
50
6
102
9
40
110
67
18
45
84
29
18
9
54
135
5
1
16
46
113
45
23
0
47
15
80
106
67
5
82
14
27
3
12
32
80
115
13
58
65
0
90
18
7
70
44
53
22
7
87
23
8
25
31
31
53
78
85
71
79
18
17
57
79
27
46
17
4
34
53
26
3
151
17
103
26
7
120
72
79
1
45
2
26
2
85
76
95
21
29
15
3
18
43
45
5
27
9
6
42
28
52
33
57
62
120
13
35
17
113
64
65
17
82
112
17
92
84
36
46
75
26
8
60
76
77
45
60
67
74
3
46
3
32
22
2
60
54
81
9
30
111
95
89
27
34
80
94
20
9
115
18
45
56
0
85
10
4
16
14
29
118
100
54
20
167
11
48
97
48
3
69
14
31
4
59
40
94
78
16
53
33
98
33
46
42
42
48
7
69
102
2
10
9
36
39
73
6
72
3
13
19
47
15
45
60
18
43
28
44
100
36
24
21
137
25
31
139
62
26
41
76
5
1
58
51
49
43
115
34
58
24
9
57
72
107
62
56
32
28
71
103
10
48
21
64
13
100
50
51
28
42
122
9
30
46
104
133
6
15
29
18
77
106
2
17
58
7
22
12
26
17
33
54
75
33
28
48
21
67
3
31
9
71
23
6
92
7
20
99
179
47
71
23
30
46
54
11
47
41
87
21
40
98
83
123
21
48
50
17
23
90
115
1
69
5
29
31
50
54
25
2
112
5
43
10
39
14
44
12
137
39
92
56
62
20
3
15
12
60
8
52
34
3
14
16
44
48
137
0
73
9
28
69
93
19
1
91
27
58
72
22
44
125
50
22
61
8
66
44
138
4
17
13
3
114
20
47
89
60
14
61
10
128
69
13
171
26
76
142
55
78
159
116
17
4
34
51
114
30
97
46
2
43
17
74
52
13
19
3
28
21
4
57
12
8
44
38
132
66
24
41
41
16
87
30
92
120
51
4
22
6
55
8
15
114
20
74
38
11
48
115
17
3
74
37
36
16
36
14
28
15
19
37
21
44
36
57
57
37
30
49
84
44
74
71
141
103
37
54
44
87
22
6
84
33
30
59
21
36
17
117
19
80
47
1
39
118
32
76
22
49
111
88
61
86
20
67
34
67
46
21
17
108
43
2
29
14
26
37
72
27
63
116
85
49
32
6
42
45
22
0
57
4
41
82
75
46
34
54
35
83
19
51
17
44
13
11
38
30
42
51
81
10
22
1
113
53
72
47
21
27
20
18
54
27
82
29
19
31
28
14
9
33
51
6
12
63
5
6
57
22
36
22
21
17
30
49
41
8
0
66
109
22
14
9
29
46
29
85
22
60
73
57
46
4
28
43
4
37
41
68
11
138
44
31
29
91
11
120
27
43
44
103
11
36
6
110
29
52
12
3
10
19
8
80
55
50
40
86
32
63
7
32
73
24
59
60
86
13
75
26
26
58
74
43
37
42
65
30
64
13
19
26
1
71
22
27
62
17
2
13
41
2
11
31
23
10
79
69
39
61
105
19
28
5
20
33
50
11
14
1
148
72
21
16
14
32
9
114
63
28
57
44
71
22
51
53
67
9
11
49
5
28
56
45
7
13
14
49
4
33
153
49
56
111
58
50
77
32
71
19
83
7
22
98
87
27
43
4
65
55
103
45
123
20
73
39
19
195
131
19
48
13
2
6
29
61
66
5
57
170
37
36
5
84
13
5
29
62
69
116
32
31
24
40
3
28
4
77
36
8
142
39
56
34
53
74
20
18
35
43
61
27
91
49
10
26
60
21
42
57
19
8
98
59
124
14
55
63
17
46
31
16
100
12
82
61
21
23
25
0
22
36
33
33
25
10
34
44
117
57
11
23
26
124
114
61
26
8
31
27
29
6
84
24
46
22
58
51
0
36
6
21
13
25
7
29
26
33
2
55
37
31
33
49
24
19
41
75
65
126
56
22
9
28
46
10
2
135
74
58
47
38
37
47
48
35
1
87
22
20
57
29
4
40
1
85
12
34
31
0
25
15
4
19
53
87
18
32
40
78
12
33
34
86
22
28
26
101
39
83
3
41
26
43
38
57
121
69
40
72
4
4
43
111
5
52
46
1
16
25
76
86
65
2
33
122
31
15
96
47
16
38
42
62
13
50
4
6
55
5
20
62
51
13
107
26
72
46
22
20
65
20
82
71
84
2
39
50
39
115
66
3
58
52
20
14
9
70
43
85
7
30
23
18
9
21
40
32
116
49
1
12
47
6
29
14
58
4
84
21
45
4
39
95
75
21
20
9
31
12
43
62
12
50
31
19
80
3
70
29
8
61
70
76
43
21
51
51
65
0
62
25
71
0
54
92
64
32
135
77
33
70
24
46
2
13
80
59
127
27
5
100
82
64
54
40
38
15
130
0
9
5
31
76
79
58
97
80
75
24
66
20
10
41
48
70
83
10
59
15
9
21
72
41
32
74
51
47
30
32
23
44
51
90
48
59
16
18
81
31
48
5
94
47
7
20
4
22
65
82
106
16
96
38
6
35
40
109
37
88
32
101
28
23
50
5
115
77
50
4
60
29
33
27
7
61
108
64
24
162
54
76
35
11
13
55
51
64
49
23
36
7
103
4
35
7
55
79
31
109
6
63
32
2
31
15
9
29
23
18
15
8
20
98
4
55
1
49
7
20
75
72
54
41
12
0
47
11
44
24
67
29
57
17
83
79
62
36
58
32
6
10
0
35
16
12
19
54
69
74
175
35
20
16
24
38
35
117
15
50
6
2
7
19
15
17
44
50
83
2
66
30
33
6
41
3
52
57
26
6
22
19
50
12
16
58
15
43
40
43
10
95
9
70
50
11
12
52
22
123
41
14
14
75
18
33
3
13
68
12
45
56
13
63
28
44
80
39
53
42
7
49
14
32
34
50
8
92
53
14
69
17
48
0
66
0
26
34
26
45
44
1
7
69
38
55
43
16
9
54
15
49
46
64
25
10
2
7
74
67
13
7
38
123
54
41
47
23
69
45
82
22
18
47
50
56
7
24
84
32
16
44
20
52
61
24
82
41
21
21
12
31
70
5
10
34
19
78
85
74
23
10
30
6
52
21
12
50
39
10
103
27
0
82
28
1
24
9
4
44
19
44
37
23
3
23
34
79
5
31
25
28
7
28
15
44
32
10
61
19
16
5
90
12
31
59
43
37
60
4
2
6
85
114
36
15
41
6
28
34
28
22
21
51
14
78
0
74
62
13
27
92
73
107
38
8
77
70
50
37
47
27
67
88
100
4
32
80
44
31
76
12
10
12
60
51
27
56
35
11
55
7
60
26
28
20
26
1
16
85
63
32
39
6
46
7
32
46
3
14
3
33
24
36
23
17
49
48
53
34
66
8
12
18
16
55
22
84
31
99
29
84
8
43
15
36
43
28
71
13
37
1
61
79
82
18
29
13
43
27
45
52
112
60
68
7
43
31
15
51
56
15
100
61
3
18
75
30
40
55
54
39
57
123
28
28
11
54
7
12
25
63
8
17
9
30
5
52
2
37
73
14
14
25
20
53
28
59
46
65
37
39
24
2
8
56
55
82
14
10
57
25
13
83
73
40
52
59
51
4
23
70
5
30
32
53
6
73
107
68
29
63
25
63
90
69
9
1
43
12
40
4
53
49
2
47
8
59
29
3
79
21
30
18
19
51
82
0
89
13
61
15
4
55
30
41
32
52
37
22
75
51
1
43
19
7
16
61
12
5
15
4
53
6
35
103
53
14
11
93
40
95
20
23
73
18
65
67
17
35
22
3
85
19
72
67
57
5
26
9
36
2
17
34
26
21
55
17
35
4
45
92
5
28
78
40
17
13
16
21
49
72
28
16
24
48
6
29
8
6
45
30
91
57
3
45
21
6
84
10
51
23
40
15
22
30
64
60
8
75
77
39
6
53
60
72
59
19
24
15
15
34
19
53
68
16
17
27
26
11
54
20
61
7
13
38
55
28
10
12
4
21
89
44
32
107
106
39
20
19
14
44
48
67
25
64
11
3
39
3
93
20
5
17
41
34
4
42
15
31
51
47
18
50
35
24
32
19
24
34
0
6
49
72
10
87
24
32
50
59
50
6
33
42
28
6
18
39
24
12
5
43
52
13
45
40
11
35
52
29
89
36
63
22
36
31
20
44
39
42
54
22
34
60
6
26
28
73
59
23
0
2
115
6
16
51
47
112
21
24
115
7
9
75
55
69
24
33
14
10
46
27
14
27
39
3
95
2
87
71
35
46
34
26
31
23
2
60
56
16
62
27
27
5
13
38
79
74
51
48
24
36
6
21
52
44
74
9
26
12
7
11
16
28
2
53
49
30
10
30
52
40
22
30
27
4
15
1
16
25
54
5
31
12
42
40
28
2
8
25
41
10
62
86
51
54
71
1
8
8
8
28
20
51
6
27
78
14
8
17
59
34
36
10
2
21
21
57
29
37
30
41
32
2
70
26
13
49
7
24
10
62
41
66
40
60
39
10
30
3
15
11
19
12
6
57
1
40
12
47
28
72
37
58
26
29
51
7
11
38
31
41
38
84
50
41
8
27
25
49
61
5
37
10
9
37
3
103
16
34
34
3
23
39
14
61
21
86
13
47
19
0
67
5
32
20
41
48
39
32
13
28
12
13
19
37
18
74
5
1
29
72
8
83
20
74
1
11
61
24
32
13
3
46
46
53
30
45
42
42
31
1
12
84
35
2
28
35
47
24
39
20
77
67
9
41
80
14
41
4
12
15
13
5
7
19
10
30
9
15
15
73
82
21
26
25
23
13
13
30
27
44
3
5
56
53
70
37
28
23
1
19
6
24
7
61
13
30
45
59
98
52
25
37
43
42
5
11
18
26
39
19
47
45
21
26
29
19
4
90
50
13
53
23
9
22
24
15
15
3
1
12
10
29
56
1
14
86
10
70
8
4
9
5
21
24
99
31
38
18
30
11
55
20
2
64
18
25
53
74
10
40
78
6
36
7
10
10
31
35
57
19
59
10
14
6
4
6
25
55
108
2
76
38
31
1
61
23
64
13
22
68
6
44
2
41
41
30
7
51
99
22
36
32
82
6
25
34
30
70
14
5
19
25
5
19
35
87
31
27
60
15
43
9
7
64
41
37
91
35
8
25
3
8
5
10
68
46
43
43
34
22
10
46
31
17
20
27
30
39
18
80
14
5
25
17
13
36
46
2
11
19
7
74
56
22
66
4
90
70
26
19
5
26
2
18
14
36
23
56
4
51
7
32
25
25
61
18
3
40
12
12
39
30
44
19
32
8
18
15
51
10
68
87
20
61
39
14
92
13
23
57
18
16
26
56
31
32
37
49
42
21
16
70
41
51
10
53
26
17
13
23
32
23
61
15
5
37
11
82
37
11
35
4
2
67
11
30
25
16
25
6
32
2
28
30
27
39
5
14
42
56
6
5
27
67
18
2
7
32
10
57
3
3
2
44
64
12
46
17
17
18
56
11
40
66
19
19
13
58
27
66
100
12
44
31
52
19
12
33
13
13
18
7
25
22
9
25
18
114
51
81
9
79
13
14
18
44
37
28
2
7
81
42
53
41
19
7
17
6
5
18
14
29
8
33
5
29
40
17
36
29
47
29
45
75
37
41
12
27
2
15
26
18
38
7
15
65
3
74
22
14
9
22
19
21
36
15
12
39
21
55
23
29
7
19
13
21
116
5
11
42
3
50
38
6
28
55
27
4
36
27
25
34
7
18
23
15
32
17
63
5
2
4
30
55
61
64
0
51
36
67
6
62
4
22
51
105
88
22
26
19
15
8
34
12
30
16
61
78
17
26
4
6
11
15
36
34
27
10
81
47
16
17
5
53
2
60
51
40
37
10
32
34
19
17
33
35
51
10
4
6
37
25
29
2
27
5
8
48
13
30
48
57
9
18
46
31
46
64
28
2
31
13
39
5
50
34
22
7
24
37
33
47
55
18
40
12
1
63
32
22
2
17
22
2
2
5
47
44
25
30
43
47
14
67
42
53
7
18
40
38
27
27
33
45
49
48
30
38
85
83
7
16
64
34
11
40
26
6
18
46
7
11
26
56
26
3
29
44
1
25
14
38
5
44
11
16
72
9
13
5
9
47
40
11
80
14
5
42
35
15
12
42
26
1
59
3
41
37
44
47
47
8
14
24
7
48
4
60
80
23
21
81
22
71
15
32
10
16
3
24
22
47
11
17
11
52
30
7
25
7
60
23
9
16
21
25
24
19
19
17
36
77
57
16
0
14
1
7
35
25
1
12
38
26
31
48
13
32
5
13
32
12
38
3
26
3
11
6
8
46
18
21
67
19
8
3
5
52
8
20
9
33
68
3
9
45
21
20
6
20
60
26
12
13
16
25
31
0
5
21
5
27
21
56
16
18
58
51
50
11
27
27
20
14
14
13
6
14
18
2
36
30
44
12
19
6
36
31
16
19
17
42
31
9
24
114
55
25
5
8
43
6
46
25
26
19
11
13
29
29
32
13
16
45
11
17
40
4
33
29
47
1
5
16
22
28
26
48
16
23
16
82
22
32
5
22
25
45
23
15
47
18
33
16
39
61
12
31
57
18
10
32
41
27
10
20
56
24
33
56
29
4
2
3
23
10
19
18
32
0
25
3
60
37
37
1
14
32
91
20
9
19
10
5
7
37
9
7
2
26
31
41
36
20
24
9
60
29
6
23
1
4
9
4
10
7
11
5
15
9
31
5
4
23
38
57
12
20
3
54
5
25
82
21
15
1
5
6
44
44
11
18
16
12
62
3
4
8
29
11
28
60
17
15
17
10
46
2
18
53
56
32
47
2
3
52
16
29
5
11
14
18
15
31
0
21
46
40
14
18
10
10
27
26
13
9
21
14
53
44
7
18
23
21
18
20
52
45
5
41
19
63
24
15
6
7
17
24
18
2
10
16
37
14
23
7
26
1
28
0
34
28
30
12
1
29
2
22
7
7
17
8
4
34
2
5
7
5
7
1
30
15
19
23
8
16
52
9
25
28
36
24
14
6
20
16
4
32
5
1
7
13
6
13
2
10
52
10
24
22
23
86
11
8
4
25
11
17
27
7
8
37
20
14
6
26
4
12
3
2
5
14
61
15
11
8
22
22
26
27
19
43
22
62
6
62
6
24
4
13
12
4
22
42
17
31
15
2
2
4
12
4
36
14
45
21
12
32
1
19
16
20
25
0
18
9
9
33
1
26
38
33
27
37
5
10
35
18
49
2
6
41
24
12
34
30
20
27
15
22
6
1
43
2
24
15
3
21
26
48
10
9
5
37
50
21
3
30
13
15
7
9
2
19
1
1
10
19
6
23
19
1
8
20
6
24
21
51
2
9
18
0
4
8
18
15
35
10
3
6
25
6
3
24
15
23
23
4
26
6
16
12
6
3
4
7
27
15
24
20
0
17
25
27
15
2
35
14
6
8
10
12
42
20
29
7
33
18
24
4
23
12
26
10
7
13
2
7
27
25
1
14
8
11
1
9
8
27
9
25
54
10
47
18
28
12
4
5
16
20
13
15
13
48
24
7
3
6
7
9
13
21
6
24
2
14
22
9
15
6
21
0
13
7
24
32
13
25
22
21
1
44
15
23
6
11
15
6
5
3
44
17
11
9
10
0
4
3
12
10
30
23
25
12
43
11
16
35
11
17
33
31
16
21
24
13
7
4
18
0
16
42
22
24
7
20
20
15
7
12
19
8
15
4
17
6
18
32
8
21
8
16
6
19
15
2
32
14
12
12
4
13
12
18
9
4
19
29
38
48
13
11
6
11
11
2
5
29
14
11
25
5
17
8
14
12
1
5
7
22
2
29
14
23
18
20
25
14
19
0
7
14
22
10
1
5
17
3
14
19
4
5
11
20
18
14
16
1
9
10
19
19
14
8
12
10
7
29
8
5
5
2
28
7
12
12
13
0
10
20
2
17
2
7
2
15
22
17
2
12
9
3
13
2
1
13
13
8
9
4
6
13
11
13
20
20
20
15
2
6
25
1
1
22
7
18
8
21
16
10
16
8
9
21
15
12
7
7
0
11
3
1
10
14
8
14
5
20
8
27
0
16
9
1
21
5
4
0
13
3
18
16
3
5
8
7
26
10
2
0
17
16
2
9
7
0
3
1
12
17
8
2
16
4
21
1
2
3
8
5
8
4
3
12
3
3
27
19
5
14
12
4
4
6
4
4
13
15
13
2
7
12
7
11
14
13
9
13
5
9
1
1
7
5
6
7
1
6
4
4
24
0
3
19
9
1
10
13
3
8
1
6
10
2
8
1
5
9
1
9
6
8
14
8
6
3
14
20
3
6
2
4
1
8
5
0
6
1
1
5
2
5
6
1
1
5
9
5
5
2
3
4
3
1
4
2
2
1
4
2
3
2
2
1
1
5
0
