13
14
46
5
37
12
30
7
55
47
20
22
52
91
76
115
7
135
53
43
62
8
19
20
8
18
16
1
61
29
112
38
60
74
28
35
12
138
22
6
22
56
40
42
17
17
62
10
1
9
95
32
76
14
6
124
88
102
20
5
14
27
40
12
17
12
29
62
30
25
122
16
109
134
62
1
21
52
31
45
5
53
61
26
34
41
44
36
0
21
75
5
53
20
89
53
61
73
35
90
35
2
20
32
3
25
6
35
56
30
45
46
27
90
14
26
97
2
107
41
44
37
65
121
63
0
74
87
124
2
23
14
110
104
114
83
105
106
52
24
20
31
26
59
17
52
0
4
89
99
59
1
49
16
7
6
90
26
44
70
26
32
22
110
45
17
4
35
41
53
64
95
8
22
36
70
63
66
53
110
24
64
30
97
162
12
65
39
3
22
125
4
56
35
107
64
29
0
14
23
19
96
59
107
34
14
52
8
96
43
47
33
57
162
40
9
47
118
98
13
94
37
73
9
63
77
45
4
135
2
13
43
24
45
95
42
47
113
18
67
69
23
63
13
40
24
145
121
50
9
43
10
6
23
77
51
60
68
5
83
87
51
48
46
46
133
102
44
20
6
95
35
139
21
71
88
6
4
49
98
45
30
80
34
101
155
61
13
98
50
17
21
38
35
62
44
94
34
30
46
6
132
47
34
84
92
10
45
42
9
12
85
28
77
12
55
37
31
46
16
29
27
57
4
52
131
110
31
45
52
39
118
25
84
9
50
67
34
4
1
138
97
92
20
53
1
28
34
119
29
63
6
85
29
24
23
113
32
3
125
155
80
50
55
122
43
99
134
26
82
123
80
50
18
81
38
88
5
37
75
83
11
28
47
100
67
28
5
184
36
12
69
5
178
115
0
106
15
48
46
112
49
26
55
10
1
107
24
49
11
113
12
34
54
34
27
7
60
19
35
128
45
1
4
66
65
75
94
89
37
69
24
28
14
42
121
23
77
5
38
6
41
106
21
73
78
31
42
136
57
40
33
26
1
30
11
40
78
87
20
55
132
33
98
17
30
40
27
66
68
34
26
127
80
4
36
119
80
1
48
2
2
99
56
7
22
111
88
122
168
59
74
44
61
20
40
23
91
40
49
63
48
112
125
85
86
22
68
15
96
19
24
17
17
14
44
36
32
33
21
106
37
19
10
23
21
42
66
2
72
48
76
14
8
6
31
85
13
52
19
13
85
102
17
65
19
39
108
121
8
134
19
30
31
5
81
48
69
56
21
139
9
53
13
60
53
74
51
96
39
128
29
29
6
90
57
80
21
42
32
32
19
38
78
22
33
54
110
33
1
128
68
15
9
119
22
12
38
33
5
17
91
55
38
74
74
36
202
89
70
37
19
9
37
43
89
47
26
97
20
18
8
20
24
156
29
1
79
72
5
117
7
71
84
34
10
21
15
19
53
24
10
43
14
30
25
75
8
12
31
12
16
90
61
43
88
49
47
66
13
0
21
39
10
16
72
10
58
81
48
1
118
23
99
62
69
1
83
7
105
67
63
37
39
87
9
4
50
43
43
12
39
20
4
40
7
33
26
43
47
146
18
5
49
71
9
20
77
50
56
139
3
48
37
45
30
40
1
23
6
50
60
21
34
11
2
61
40
10
23
39
104
101
34
53
24
17
62
90
22
86
9
72
167
35
21
58
29
16
44
64
18
3
13
34
63
59
14
17
20
94
39
56
48
36
84
8
16
13
78
26
30
19
107
5
99
18
34
124
86
42
53
8
27
2
1
37
32
0
4
99
22
154
47
16
42
51
20
125
53
5
39
55
1
88
22
119
44
22
61
42
88
15
59
101
17
90
10
63
24
110
19
19
63
11
58
24
124
68
2
58
5
46
27
118
10
173
9
65
59
15
8
3
47
63
21
15
22
31
5
12
67
1
64
9
157
44
47
68
35
8
58
4
18
39
88
49
7
14
7
96
6
74
6
96
173
65
4
25
40
152
23
20
24
85
29
38
8
13
12
81
70
76
16
86
10
12
10
50
82
30
48
82
62
9
72
158
43
0
14
12
34
40
47
23
85
19
30
40
127
6
65
10
94
30
67
33
157
32
39
26
12
16
13
18
93
85
10
58
62
28
38
62
76
42
84
46
12
0
9
39
17
109
2
90
84
34
80
29
49
46
48
43
78
102
69
33
26
83
4
87
14
73
69
13
141
105
121
4
35
18
59
19
41
43
27
22
16
21
14
53
60
171
72
35
56
54
69
58
16
42
100
12
12
29
80
5
42
54
66
50
25
76
98
16
65
78
9
34
15
92
14
65
0
9
40
38
6
19
26
1
95
58
61
90
102
39
26
49
91
60
24
14
75
66
6
77
7
35
24
55
24
75
8
46
19
3
53
17
49
29
63
45
15
70
28
36
49
9
104
54
6
59
30
3
42
74
169
69
33
86
13
18
52
77
100
6
77
36
24
30
56
41
35
27
97
3
86
7
15
17
19
79
127
1
89
68
3
18
39
25
21
96
82
22
95
8
2
5
46
49
26
25
61
30
75
80
29
23
16
24
28
63
24
112
13
57
62
52
64
56
27
29
79
4
27
93
8
28
24
115
23
26
104
23
88
1
17
16
1
19
4
20
23
111
2
71
52
53
73
21
8
22
119
31
21
40
73
52
24
51
17
22
87
57
70
2
36
38
6
28
4
17
9
75
49
42
176
122
47
29
31
26
4
12
126
134
10
72
247
49
31
2
98
40
77
60
4
20
18
9
4
18
18
34
8
18
16
3
7
129
97
83
57
71
62
57
13
15
102
95
45
20
13
10
56
60
20
104
45
62
9
11
21
24
22
96
7
70
50
103
140
6
110
44
68
10
55
78
35
25
57
37
2
72
86
58
53
24
66
80
46
108
17
4
23
37
38
5
37
58
42
39
58
27
4
4
7
31
20
5
91
32
10
92
90
33
20
15
56
189
31
38
28
11
37
27
37
66
71
65
49
14
9
63
24
44
80
79
9
15
19
35
51
9
63
26
19
26
61
33
81
25
76
11
64
86
27
69
32
10
108
10
106
70
20
40
9
59
22
20
1
31
40
113
69
44
14
68
94
71
3
12
46
40
24
67
79
42
22
33
13
58
70
4
12
83
69
6
88
30
39
55
22
45
36
121
15
60
67
85
12
6
8
53
89
30
35
31
39
78
31
18
62
95
28
39
132
79
24
13
63
77
19
2
60
8
49
9
8
86
62
65
69
48
19
34
79
14
4
80
82
36
3
21
46
65
2
35
58
41
64
58
74
42
26
43
13
26
90
24
27
50
119
42
82
41
7
8
8
38
42
33
68
12
36
62
3
27
6
18
87
101
29
105
57
6
53
1
59
49
28
60
37
134
40
95
29
52
35
72
6
57
5
60
38
79
34
44
15
22
47
2
50
27
84
15
52
84
46
41
31
57
56
3
29
54
65
62
22
38
19
54
92
86
42
77
8
60
2
88
84
29
128
30
29
61
103
101
44
69
5
27
9
104
85
74
64
50
92
20
68
56
63
35
9
87
71
62
84
132
38
51
42
4
51
97
60
75
84
9
13
7
57
33
58
64
34
23
61
54
32
52
40
15
44
41
35
1
25
34
75
8
0
19
101
10
22
58
22
29
27
94
142
56
71
101
51
71
59
91
112
58
56
8
50
56
70
55
51
136
26
63
57
45
25
33
54
69
92
36
9
44
48
11
43
40
20
22
13
58
12
37
81
54
9
4
87
53
71
19
39
80
38
33
34
117
62
54
74
63
19
9
11
73
80
20
6
14
51
3
23
3
5
40
2
3
7
14
69
15
30
94
58
11
30
62
61
54
38
38
31
11
52
72
34
27
1
27
61
175
99
13
21
1
93
44
75
4
55
7
20
19
3
76
66
17
57
115
71
2
86
29
18
80
1
11
0
26
13
17
31
30
33
42
37
70
7
45
9
74
38
36
4
36
93
89
43
73
1
67
93
9
10
8
10
26
123
137
100
101
63
15
27
3
27
106
58
47
92
70
16
23
31
18
21
19
89
43
10
17
41
5
8
99
13
23
150
41
67
59
19
86
110
6
74
110
39
69
59
30
18
6
6
8
21
76
11
1
94
6
16
21
19
54
49
18
30
37
16
49
44
63
61
67
5
37
101
43
0
17
20
9
53
83
3
16
13
30
55
41
38
90
56
107
3
16
46
7
4
69
98
33
51
17
52
51
71
76
29
32
46
8
9
18
20
25
99
83
11
32
19
21
73
13
3
83
9
61
54
6
33
39
59
28
28
10
2
74
58
7
38
28
68
29
16
80
61
23
37
43
101
14
84
69
42
29
8
27
28
15
13
0
5
61
64
42
59
78
9
99
69
49
22
64
11
87
22
42
3
75
54
17
59
40
4
86
43
34
40
31
19
8
74
80
24
86
41
50
25
4
94
34
53
18
75
64
68
6
12
94
2
91
100
24
35
15
80
41
3
14
80
34
16
46
18
44
27
13
14
17
12
86
45
68
29
41
13
27
51
50
23
8
97
74
60
28
167
18
39
99
58
125
73
67
10
53
36
66
61
12
34
31
61
23
21
35
10
40
2
76
111
13
102
20
43
71
73
82
30
56
18
29
9
28
3
30
32
7
98
7
39
32
42
36
2
51
84
25
3
38
36
13
59
20
9
25
36
51
47
17
89
95
43
14
20
1
64
7
33
87
85
24
93
24
16
44
66
29
23
9
24
0
1
24
76
9
90
70
99
11
33
3
5
74
20
42
60
7
81
71
4
2
62
39
35
7
43
16
51
106
55
11
17
44
89
24
6
29
14
26
2
28
1
120
79
23
27
2
20
7
58
16
43
27
46
25
119
1
94
109
23
1
15
9
72
86
6
6
23
88
24
23
69
37
72
30
58
78
87
46
75
17
49
32
122
24
5
37
10
56
0
46
54
104
8
72
21
4
102
44
3
45
10
1
55
38
44
36
36
41
52
58
5
37
11
39
11
44
54
24
28
10
34
60
23
9
39
3
88
55
9
74
10
38
24
56
61
20
11
26
21
78
58
14
51
19
53
26
74
55
16
81
40
16
22
44
67
75
36
39
56
29
15
3
75
73
91
88
19
43
89
8
86
8
48
26
6
11
72
41
24
28
1
65
51
109
135
51
45
52
55
22
24
61
66
12
57
111
25
63
5
50
30
33
22
9
4
9
60
79
52
1
72
19
34
101
64
1
26
35
26
36
34
45
16
8
47
74
4
8
0
16
103
4
26
55
56
34
25
46
29
8
78
8
48
81
4
44
32
98
43
77
32
44
2
16
70
24
26
0
28
9
35
48
2
72
109
74
32
36
33
10
27
35
89
37
15
2
73
27
94
48
83
17
65
96
0
11
65
31
56
36
15
46
16
11
27
25
56
33
17
41
52
64
0
80
8
41
43
8
6
146
9
38
120
55
71
68
75
40
53
43
2
45
31
23
8
19
40
55
66
74
36
53
24
44
5
4
51
14
21
52
114
7
21
38
68
19
52
43
62
42
31
25
8
21
26
126
76
67
30
8
45
18
51
28
19
31
11
66
44
5
1
70
14
45
32
17
10
64
85
43
64
43
53
12
80
35
45
0
36
45
11
95
3
11
28
53
55
4
44
50
32
7
11
30
21
30
39
11
8
64
11
74
92
10
12
109
3
44
19
26
18
69
105
16
7
59
46
35
43
27
21
16
66
25
113
81
32
9
41
50
11
30
78
5
36
60
26
69
78
73
37
46
36
24
16
19
7
7
37
24
14
5
30
41
36
26
3
41
28
6
73
3
30
5
15
48
46
31
64
14
117
24
24
6
14
21
15
44
12
23
38
9
45
50
15
46
11
16
23
62
40
18
73
12
10
30
59
72
18
6
46
15
31
38
38
38
47
31
60
30
22
11
55
58
10
26
34
2
74
42
59
30
52
11
81
70
13
6
45
28
68
116
40
1
59
12
8
18
18
38
64
6
64
2
66
62
3
54
43
6
25
86
47
29
58
78
16
40
50
23
63
22
38
24
42
32
10
0
40
106
10
22
20
53
48
9
77
16
20
9
55
88
64
96
38
37
91
16
23
67
61
28
85
26
42
9
9
59
11
22
27
71
30
19
40
71
21
7
12
31
20
7
30
36
95
17
28
37
56
2
45
122
3
9
11
41
20
41
8
35
30
27
12
52
17
28
47
36
41
16
12
10
11
42
29
6
26
18
4
13
91
3
50
65
3
108
35
7
59
16
30
53
8
36
32
39
15
59
40
11
116
109
20
20
14
59
17
9
81
34
30
7
20
76
24
15
26
16
41
24
49
40
34
59
3
57
56
19
17
16
4
77
6
13
52
73
5
21
25
7
38
31
45
10
45
29
35
18
6
46
49
20
40
60
1
7
15
34
15
9
24
39
2
35
71
3
83
38
2
52
18
57
37
36
49
39
3
99
21
15
47
9
5
23
64
16
92
38
5
13
8
19
12
69
5
21
1
32
107
24
1
78
60
16
28
58
28
88
16
3
103
41
84
6
63
3
32
52
48
26
73
21
2
4
12
22
7
59
43
29
43
14
11
12
40
12
16
20
8
51
0
63
86
24
48
7
37
30
50
43
11
94
24
9
39
44
9
20
13
38
75
30
58
55
26
40
44
13
19
50
6
39
34
23
18
108
4
17
8
48
30
22
7
5
5
44
43
2
7
34
10
8
11
46
8
64
39
27
59
8
74
37
34
56
5
53
22
82
36
26
38
81
19
90
61
19
4
78
24
66
24
75
50
18
23
22
28
12
57
28
10
30
5
21
20
34
66
86
5
27
48
59
64
22
2
15
30
21
22
24
18
96
99
14
70
6
21
23
20
19
0
44
30
13
10
14
11
17
32
59
59
74
19
25
5
2
54
9
34
9
46
13
81
37
26
28
7
61
80
2
6
28
5
10
42
39
8
4
29
109
16
46
15
13
1
6
17
41
6
21
23
47
25
33
1
72
5
8
18
52
53
20
69
67
109
68
30
22
5
49
52
69
25
13
15
53
42
29
57
32
0
1
4
34
92
8
28
8
22
17
44
91
3
32
22
20
54
86
27
41
31
3
2
13
21
19
22
31
103
10
17
19
63
66
51
22
54
8
20
11
134
30
11
35
28
24
22
20
7
38
38
29
6
9
35
41
46
1
30
14
126
47
21
6
32
108
37
37
72
55
18
31
8
30
19
40
61
113
52
3
1
37
34
51
7
31
21
10
40
8
15
7
6
5
38
27
18
6
7
6
11
28
43
20
22
31
77
33
42
84
7
5
47
36
8
23
21
23
3
19
60
9
55
74
4
24
1
18
14
44
42
72
52
10
41
74
46
26
75
30
10
20
49
8
4
66
7
6
39
15
4
1
46
8
12
63
37
1
23
40
50
7
15
81
7
52
12
34
8
7
45
16
25
29
15
6
12
12
25
18
34
40
41
52
15
37
15
20
41
6
24
34
10
37
32
10
19
34
6
40
40
19
31
55
37
5
36
12
16
18
26
26
37
4
32
37
37
7
37
12
90
5
37
34
16
15
35
21
65
44
45
9
19
21
61
3
36
7
45
29
143
13
28
47
5
65
16
19
6
55
43
14
15
29
11
19
17
49
36
50
60
36
42
7
17
20
18
16
51
11
41
37
10
9
27
57
50
1
46
0
30
18
22
48
3
57
21
18
35
11
16
46
6
37
21
60
17
11
7
27
19
1
1
19
19
13
14
30
9
38
22
13
40
60
18
1
37
1
68
30
11
20
34
19
22
35
40
37
6
46
63
42
7
78
13
72
8
25
38
42
2
24
6
42
35
61
39
34
24
2
22
18
15
42
3
8
11
33
4
28
4
21
51
62
18
36
7
42
18
34
42
11
11
37
28
9
29
34
10
55
43
23
2
12
22
58
53
9
31
27
41
122
47
89
2
34
5
20
7
10
37
31
31
19
4
92
4
9
14
5
50
49
34
54
24
27
12
46
9
35
12
77
17
8
34
26
14
41
25
87
0
56
8
26
25
5
1
52
28
35
23
25
35
11
23
72
3
6
22
29
2
33
6
11
1
81
9
5
32
62
54
93
12
19
73
2
25
11
19
35
9
24
1
3
1
63
24
43
27
9
44
12
1
44
12
24
21
9
33
27
35
8
35
21
47
12
39
22
10
54
24
24
13
41
20
31
4
6
53
7
9
17
27
27
34
33
14
12
12
10
12
62
31
23
31
20
39
28
1
29
27
16
10
59
19
4
31
55
39
27
48
31
27
11
16
3
33
42
49
44
21
39
60
45
3
15
17
37
40
48
20
5
40
13
4
35
13
41
7
13
27
2
13
0
56
2
4
26
44
44
35
23
76
31
6
33
69
2
26
32
5
28
18
41
32
11
9
37
16
0
10
48
14
45
3
15
35
17
22
3
18
26
79
67
5
47
67
68
22
20
9
27
72
100
60
8
7
21
7
31
17
7
14
16
36
24
6
46
51
56
13
34
21
62
4
46
38
24
8
12
0
6
34
21
18
41
31
3
14
8
8
8
0
12
19
33
37
48
32
3
48
24
45
42
6
6
33
13
14
14
3
21
51
8
8
4
50
5
67
2
29
16
34
9
16
18
40
15
25
41
8
4
14
1
34
17
17
23
9
30
15
38
18
20
24
17
2
36
73
32
35
20
37
14
11
1
22
13
8
13
69
11
52
30
38
30
1
6
38
28
59
17
31
49
26
4
7
24
1
11
19
22
25
8
9
19
4
13
4
9
82
29
17
42
37
59
3
6
37
23
36
24
14
9
15
21
32
49
4
15
15
21
43
26
28
29
16
22
3
8
26
8
6
3
16
22
27
3
56
33
4
40
15
15
24
12
26
8
2
19
9
18
18
9
39
5
47
23
7
13
17
3
25
55
23
33
27
47
21
9
26
18
25
7
3
20
40
15
10
10
13
14
21
1
13
31
35
8
15
58
48
27
10
49
18
24
49
7
15
5
14
5
0
4
20
18
32
9
18
18
31
45
23
2
8
5
28
9
2
26
20
29
17
5
16
9
25
0
45
44
13
6
1
13
11
20
16
22
26
8
29
66
17
20
26
35
10
39
9
21
31
7
45
44
23
14
26
28
8
6
4
11
8
31
16
31
47
17
25
20
31
4
18
12
44
13
35
22
18
4
47
13
53
15
21
14
12
20
15
38
5
3
8
17
21
3
50
31
33
21
3
7
15
35
21
12
9
11
14
8
6
39
33
1
23
26
10
23
8
25
50
22
10
0
3
8
12
2
4
27
24
12
4
1
9
4
27
2
17
46
62
10
30
23
20
11
4
22
5
10
28
17
25
32
7
14
7
27
4
15
11
1
2
59
7
55
29
43
3
11
5
4
27
25
22
5
1
10
1
9
33
25
29
10
54
17
4
6
53
6
1
1
48
33
3
14
1
21
12
0
27
5
10
1
19
13
13
2
26
19
5
11
11
18
11
7
8
4
24
11
4
42
5
25
22
7
10
6
33
6
31
3
18
8
9
48
20
2
31
26
21
43
3
15
10
7
10
18
11
23
7
9
14
9
1
25
14
3
10
12
22
10
21
9
15
10
14
20
13
5
9
20
4
52
10
16
32
22
0
22
12
14
2
33
24
18
17
13
25
12
14
18
33
7
3
6
11
7
5
3
6
1
33
36
23
9
18
11
23
14
1
8
5
15
13
9
7
9
3
2
15
12
8
5
0
5
6
5
10
18
38
18
9
17
22
6
10
11
13
14
17
25
16
20
34
35
30
2
17
5
1
39
15
13
5
36
13
13
6
15
19
22
21
21
28
28
3
7
34
11
2
18
1
11
13
24
12
0
23
6
26
16
0
16
12
10
25
6
4
1
6
6
5
15
52
20
6
2
8
5
4
1
26
17
36
3
30
3
29
10
5
7
2
25
20
28
4
16
3
16
4
8
15
26
15
6
2
8
30
34
7
11
5
3
17
15
9
21
3
26
15
8
7
17
18
23
2
9
14
19
5
12
14
14
22
9
6
5
20
11
13
12
10
10
6
16
5
7
24
29
11
14
18
6
1
8
5
26
21
10
15
6
15
1
8
1
15
3
3
4
16
3
10
16
15
15
7
8
4
11
0
4
10
7
19
6
7
27
10
14
7
5
8
2
6
8
4
5
3
9
13
2
22
17
1
8
3
5
1
6
7
17
2
1
20
3
5
18
5
15
15
2
4
2
15
19
8
5
6
4
10
7
16
11
21
2
7
1
7
12
20
12
12
1
10
14
2
2
4
8
13
4
4
3
13
9
5
10
5
9
2
0
3
9
5
3
7
7
3
5
17
14
4
2
6
21
6
6
8
0
7
18
2
17
3
3
3
5
19
11
0
7
6
16
3
2
2
6
6
3
5
5
1
5
1
2
2
4
8
1
13
1
7
4
1
3
0
0
3
1
1
6
2
9
2
4
3
2
0
3
2
1
1
1
3
0
0
