14
38
15
0
43
71
19
30
75
2
70
7
44
51
61
57
34
2
16
14
1
5
30
65
41
3
17
129
4
11
11
24
67
80
17
34
5
50
28
22
20
1
27
83
89
40
19
6
33
43
50
12
40
13
84
19
20
39
14
24
6
48
6
30
94
35
94
9
30
10
50
13
72
113
25
39
5
34
4
37
63
73
58
53
131
39
60
54
42
34
31
29
13
160
14
72
7
12
70
58
4
9
11
75
116
76
18
12
22
44
74
77
168
36
12
35
45
35
21
81
19
62
106
32
182
109
81
63
45
3
57
14
32
63
63
25
9
20
20
17
83
7
25
133
44
30
31
85
79
5
92
94
49
59
3
76
148
11
11
108
53
94
77
23
68
33
209
64
90
115
23
36
8
9
62
1
41
33
30
40
118
36
17
9
8
29
58
44
82
45
19
60
24
81
24
4
37
68
49
64
61
97
101
80
14
33
17
5
43
6
23
100
75
42
19
96
91
75
131
124
17
3
152
110
38
54
65
12
19
16
28
46
27
58
72
9
29
74
8
31
75
106
40
87
39
52
75
103
110
6
39
63
162
12
46
23
44
47
210
117
138
98
50
27
60
17
19
72
55
75
57
42
91
52
28
69
58
70
3
8
44
19
3
74
40
57
30
62
37
12
13
91
113
21
58
89
71
13
44
26
23
87
88
15
64
94
31
46
14
65
2
66
52
78
15
46
65
0
13
33
54
3
100
111
39
67
74
40
19
10
8
24
64
95
55
60
4
91
10
9
53
175
45
36
109
38
97
11
53
89
100
10
10
14
119
96
56
41
23
54
15
39
105
15
6
69
28
4
53
15
113
129
31
53
48
65
42
64
91
23
36
35
5
82
11
12
95
5
19
73
68
34
61
134
29
102
47
83
58
94
71
32
174
3
24
110
20
25
42
45
9
114
40
46
40
53
45
22
19
11
12
18
73
8
73
107
21
90
14
64
61
88
53
137
17
39
93
20
59
62
24
30
82
61
76
21
114
23
17
98
122
2
92
133
108
20
33
45
74
33
79
158
12
165
12
66
60
63
68
90
18
207
5
130
69
1
20
72
48
1
34
17
97
101
2
50
50
58
49
119
35
86
116
22
92
35
161
87
78
9
73
53
111
28
32
2
32
43
81
2
50
77
6
86
1
1
30
75
77
110
10
152
28
11
168
43
61
47
73
45
79
40
58
59
12
58
17
140
45
12
96
1
14
16
5
66
68
6
2
103
31
65
98
1
2
151
90
48
35
4
19
69
71
76
63
67
11
33
69
147
63
56
30
126
32
30
1
46
40
12
117
34
85
13
63
70
44
142
22
36
64
43
27
11
149
81
16
127
19
14
81
70
58
39
30
30
6
14
3
52
182
42
14
103
54
123
35
65
30
96
59
44
114
122
58
14
3
107
24
111
23
29
38
101
2
24
6
60
3
8
73
12
69
29
19
62
51
19
48
116
32
90
48
27
55
150
78
60
46
34
56
78
13
38
34
4
23
48
13
45
67
72
12
23
3
73
26
17
104
21
11
6
31
4
135
36
96
71
14
51
64
37
52
71
85
2
115
68
54
23
55
15
21
33
37
60
18
18
12
64
32
91
53
14
76
42
52
14
31
5
1
4
18
74
166
69
48
64
23
54
60
46
156
84
12
76
67
100
7
77
26
68
59
34
16
83
103
4
32
54
83
61
46
0
6
43
64
2
38
128
10
9
89
161
3
45
74
34
50
92
8
18
9
19
58
31
51
45
21
70
57
20
94
8
2
1
123
0
17
45
7
61
35
5
31
46
12
58
3
6
61
42
19
35
71
11
98
89
4
74
4
65
47
12
69
9
40
41
61
61
46
63
58
134
22
95
11
44
5
16
78
105
78
25
89
35
112
105
60
51
71
56
34
87
103
1
20
72
6
64
2
9
1
81
134
19
1
17
66
35
150
48
81
56
2
84
1
49
38
31
6
140
73
126
24
119
73
7
58
80
43
57
74
63
7
81
42
39
85
33
10
70
54
41
8
60
33
32
91
60
31
28
5
31
35
27
78
76
9
31
15
27
62
38
1
169
5
24
29
47
32
128
9
68
76
79
9
17
36
69
80
40
121
104
180
25
3
0
70
92
35
28
38
7
78
64
36
52
36
88
37
43
67
49
9
30
90
28
37
56
8
87
35
76
99
47
45
32
67
105
107
33
34
58
92
20
102
23
20
73
4
16
20
58
12
98
72
3
17
11
2
27
47
49
33
99
51
72
40
29
60
22
14
97
84
35
33
17
25
41
49
32
19
27
17
7
23
7
85
11
45
0
59
52
71
32
16
41
57
17
102
28
91
15
67
3
15
43
36
54
26
174
13
101
42
36
10
25
146
89
60
10
21
18
48
74
2
13
7
54
93
7
38
31
63
20
30
37
60
36
80
54
34
77
14
49
69
64
43
64
55
18
2
60
24
7
57
68
6
33
61
74
35
55
68
4
34
124
28
6
33
67
32
25
9
103
19
39
88
49
133
47
35
86
49
22
19
24
46
48
12
2
43
32
10
2
57
82
29
14
54
2
23
7
89
24
53
15
22
22
57
19
52
46
37
8
21
3
30
38
33
31
58
49
18
10
4
54
8
57
37
18
82
30
22
50
35
58
5
60
14
26
24
17
44
1
20
66
66
9
18
50
23
85
67
10
53
17
16
95
124
20
69
1
40
61
23
33
149
35
32
52
60
33
133
4
21
55
16
8
2
72
6
24
25
9
2
107
44
48
7
43
31
35
19
45
172
69
78
3
73
5
41
2
36
7
12
52
60
6
151
8
61
58
13
70
88
34
7
3
79
24
43
15
25
19
6
58
89
64
3
33
20
16
105
116
6
47
14
24
70
7
3
68
28
5
34
50
1
27
19
44
8
10
19
82
35
17
44
18
17
127
70
17
164
23
16
52
75
126
14
124
30
121
41
11
84
19
34
56
9
71
5
5
6
20
61
39
7
116
28
21
109
52
65
59
60
6
42
101
58
15
35
88
50
15
15
63
22
13
53
58
101
65
41
2
61
93
49
35
12
23
147
103
92
16
25
65
100
159
13
6
87
41
38
127
0
22
10
18
39
51
87
47
83
21
43
17
73
99
55
18
80
176
117
13
18
17
44
6
62
13
66
40
160
43
25
47
7
55
19
88
12
110
31
56
47
43
55
8
80
50
18
126
105
36
62
60
44
23
47
21
7
20
88
20
57
35
38
66
104
60
77
149
83
29
41
66
51
22
1
34
3
22
68
5
35
57
50
69
14
70
73
50
25
5
124
51
25
94
17
8
46
40
56
29
16
41
56
146
23
22
56
41
19
65
21
11
20
66
0
119
83
39
78
42
5
88
35
117
53
64
107
22
46
42
30
21
30
41
27
15
112
96
47
13
49
20
71
85
51
25
40
43
2
36
26
49
52
8
61
31
56
14
142
91
26
112
43
10
1
29
13
65
126
23
143
25
9
111
5
44
32
28
37
3
65
9
94
104
25
5
42
69
18
27
17
11
84
4
26
31
6
30
31
1
7
29
35
127
73
66
65
14
32
31
75
45
29
26
30
67
1
78
48
105
5
111
38
76
35
45
8
31
62
35
33
115
0
48
67
48
26
34
25
52
95
71
126
52
69
22
22
69
26
30
85
111
55
23
15
97
61
48
26
137
19
26
48
20
12
28
57
16
93
18
34
60
16
55
63
70
11
25
17
1
52
97
105
16
27
47
17
59
41
30
37
37
20
89
7
69
101
8
8
21
26
51
64
13
129
69
44
8
14
41
85
75
37
29
83
1
73
116
53
73
30
36
22
49
28
22
46
31
3
110
38
41
24
0
38
74
39
106
208
54
22
56
37
5
15
20
38
61
84
68
108
11
97
96
1
33
24
67
7
50
67
38
32
1
94
13
96
28
34
54
77
77
46
23
47
16
16
60
3
55
80
2
21
85
27
42
65
46
39
20
42
55
16
11
31
6
70
34
69
1
7
56
40
56
100
33
42
40
37
7
113
12
42
38
59
55
14
7
14
74
35
95
35
32
18
90
10
50
72
93
30
29
6
18
96
97
71
8
14
44
10
87
69
18
2
31
55
9
29
0
96
11
60
1
32
23
48
22
28
40
96
8
50
50
89
37
31
7
27
39
12
77
37
53
1
83
55
27
117
140
8
0
43
13
35
18
2
7
17
105
43
18
15
76
18
18
59
89
53
12
26
17
8
34
9
82
90
98
82
32
42
8
32
40
7
94
111
71
19
23
7
64
8
26
134
77
65
31
57
14
19
28
29
73
54
1
26
8
74
15
68
9
25
92
20
25
66
103
23
64
13
52
43
27
34
90
97
51
44
35
20
47
23
58
25
0
113
49
70
29
32
82
11
34
19
16
28
60
87
89
12
33
8
48
0
122
36
69
81
97
87
45
40
11
15
22
71
20
41
30
3
10
42
35
26
20
40
2
109
111
26
12
13
79
112
70
52
35
47
2
5
33
29
21
18
59
25
49
2
60
49
51
13
16
8
59
59
30
23
67
13
9
32
47
44
73
15
29
35
21
75
21
105
39
28
12
2
6
4
92
20
47
48
4
70
5
28
47
44
17
30
5
12
34
24
40
5
29
8
60
58
21
25
8
28
44
36
3
42
39
2
18
44
32
50
73
83
3
64
6
29
4
55
22
25
65
20
48
24
8
88
5
106
49
80
33
2
68
24
64
14
14
1
31
39
2
34
20
13
33
30
32
54
9
13
29
50
40
23
17
44
50
45
8
27
48
113
74
75
46
53
18
9
7
35
12
22
25
37
6
47
57
63
52
26
18
154
93
62
90
72
8
16
86
25
3
45
19
51
27
23
8
26
38
41
19
36
7
29
4
35
60
15
73
18
30
25
16
3
7
72
42
38
19
64
14
39
8
24
12
28
2
71
7
92
18
8
16
2
8
11
23
22
18
39
110
12
77
6
27
23
37
30
17
30
60
20
32
64
43
53
6
18
3
4
139
27
35
22
50
81
2
48
108
86
18
14
17
85
49
52
61
26
11
33
98
129
15
55
13
33
4
3
34
17
26
50
3
51
53
28
64
21
3
37
17
23
10
15
11
5
63
27
82
24
52
42
7
70
120
9
106
26
74
20
6
1
0
49
15
40
32
27
53
20
50
26
4
49
10
5
37
26
13
31
67
28
53
92
54
15
33
19
22
20
17
57
49
1
47
13
60
81
72
6
17
16
58
46
16
29
8
109
18
24
85
16
71
58
28
64
95
9
14
78
4
43
70
104
69
76
30
2
13
32
29
40
45
123
73
112
11
95
98
63
44
24
14
50
41
20
0
75
34
2
20
13
152
53
23
13
22
46
87
26
12
30
2
41
7
58
1
57
62
16
23
5
56
8
38
35
94
27
33
27
28
21
25
46
21
30
43
32
1
66
4
55
19
56
36
10
21
53
32
56
35
47
14
17
88
5
92
2
18
112
75
15
60
45
66
26
117
40
38
44
31
52
61
50
35
105
5
58
32
4
20
64
10
45
11
76
5
59
54
4
31
3
49
44
65
15
15
29
30
0
49
12
138
28
36
41
45
11
6
59
4
54
64
34
11
19
44
21
14
67
16
60
36
73
45
24
48
33
58
34
13
41
7
22
70
72
83
25
11
33
38
9
22
12
60
48
6
59
17
81
12
1
70
8
101
40
34
70
39
9
47
89
33
10
40
27
68
24
46
14
42
0
103
30
66
27
24
56
62
30
36
69
42
46
9
74
50
62
21
12
11
49
45
14
37
39
9
73
12
56
27
42
4
74
11
51
7
12
10
43
3
50
16
5
34
47
28
86
42
41
78
17
23
39
73
59
26
31
53
47
36
20
63
12
80
19
42
17
53
54
70
30
0
14
19
40
93
13
26
14
9
93
15
4
20
21
54
60
74
28
32
8
59
19
16
36
77
59
74
37
3
54
8
32
95
38
26
2
43
50
54
30
84
39
47
86
22
48
0
0
67
44
60
40
60
20
79
25
26
1
35
16
2
4
51
13
55
52
105
41
20
63
16
23
46
6
6
41
19
103
119
122
2
24
1
45
55
6
21
15
58
46
7
68
7
48
91
16
26
24
94
75
26
86
17
12
85
65
4
63
29
34
73
5
63
10
5
3
40
1
69
17
68
21
81
85
70
21
16
50
27
36
68
64
7
24
3
17
19
14
38
53
64
50
44
49
7
5
16
36
26
85
25
44
28
0
34
5
40
9
66
66
30
16
5
69
16
51
33
24
67
27
9
44
38
39
26
21
16
19
1
35
2
20
19
39
77
12
2
12
72
13
42
42
54
9
12
9
13
8
44
37
7
2
106
42
25
12
21
25
61
83
2
10
20
2
15
5
66
59
37
11
48
80
54
46
40
86
17
89
59
19
1
12
5
116
2
11
18
21
13
34
1
29
6
17
9
38
33
33
20
35
27
29
26
46
23
4
9
57
64
54
96
20
42
47
2
2
33
19
6
25
35
24
32
8
49
71
4
20
12
61
12
8
3
39
31
16
9
45
73
87
20
32
15
37
3
44
1
33
43
7
26
18
53
13
67
28
27
29
19
38
2
18
25
8
22
19
49
60
28
69
33
58
20
43
86
23
8
26
98
60
32
24
4
7
11
60
21
12
3
84
8
33
2
23
1
13
25
44
49
97
57
51
48
4
45
23
32
8
8
13
8
13
3
21
10
4
46
3
27
31
16
11
96
26
23
28
76
37
13
26
31
4
68
10
8
11
5
69
0
16
20
16
70
26
11
65
21
43
11
111
13
50
15
52
42
6
8
7
14
19
79
94
13
5
2
19
40
10
23
10
56
22
32
24
56
11
26
14
22
9
11
79
52
40
87
50
6
22
75
83
36
42
7
25
22
85
7
10
38
28
68
15
8
36
22
44
23
22
28
11
56
15
10
32
1
12
115
20
10
66
63
43
11
9
19
2
41
62
13
78
14
7
44
17
44
40
62
24
34
37
53
21
23
24
10
5
14
18
39
18
52
7
41
5
2
82
5
44
28
20
15
39
7
43
7
48
6
33
9
19
3
19
2
18
11
67
30
4
25
32
10
39
13
39
39
20
10
40
4
51
5
27
5
14
41
31
19
17
73
1
66
11
25
11
31
29
55
90
47
14
71
19
56
43
15
49
26
55
2
48
26
15
28
3
0
28
16
106
1
21
31
10
68
31
3
3
6
43
34
30
14
49
23
5
7
18
3
13
1
31
68
34
78
20
67
21
57
43
51
15
32
22
0
42
5
62
39
31
26
50
42
70
37
15
27
39
2
7
73
0
7
2
25
28
20
33
38
8
2
31
16
51
26
8
5
80
56
27
9
2
7
0
25
37
79
7
28
11
26
64
73
73
30
23
8
42
47
13
64
2
15
12
51
27
9
34
27
16
11
54
31
33
21
42
32
52
12
16
42
1
15
33
7
13
32
42
52
15
20
20
12
20
42
21
38
26
12
11
13
33
3
7
28
44
21
16
43
21
48
14
18
46
1
28
23
30
26
5
37
20
14
13
36
12
23
18
39
22
10
29
53
4
22
27
73
93
17
14
48
14
16
2
88
22
8
13
49
18
8
42
52
74
46
9
37
22
4
9
9
33
9
45
9
19
3
20
46
25
38
11
20
10
7
1
6
21
30
1
47
15
40
22
7
74
13
52
9
15
25
2
20
0
24
12
27
27
48
36
58
11
16
8
28
30
26
47
7
1
43
22
13
28
28
74
18
12
6
27
6
1
29
20
23
11
9
71
1
51
32
8
13
82
19
3
5
17
36
18
56
22
13
9
4
23
35
52
29
18
6
4
45
47
70
38
19
18
24
13
14
12
8
13
27
88
12
34
15
73
21
26
15
60
6
83
5
16
69
27
14
11
54
37
19
34
70
14
26
49
39
5
11
47
43
52
15
13
34
10
25
67
5
59
44
55
11
42
10
1
31
23
43
10
57
5
29
38
33
8
12
37
30
2
35
36
28
26
38
13
6
26
14
33
4
13
10
3
15
54
44
13
82
13
49
43
33
9
13
6
18
14
4
40
33
24
48
12
2
69
56
24
18
21
70
38
4
11
26
24
31
38
9
6
32
58
42
7
11
11
7
6
32
11
72
3
14
28
71
13
26
10
1
6
8
17
52
70
21
42
14
19
28
19
13
11
8
15
14
26
7
39
15
15
28
51
7
23
3
64
38
11
15
4
46
30
23
22
20
55
28
5
23
5
0
10
25
24
3
35
17
24
33
5
17
8
1
73
47
65
54
55
24
25
8
16
67
26
4
56
20
15
23
86
76
57
36
19
25
10
34
27
43
1
14
19
5
6
82
26
53
11
50
13
7
42
40
40
33
37
22
52
24
53
56
2
32
28
5
48
11
28
12
13
29
64
19
9
24
9
28
42
17
0
29
7
22
54
6
25
91
12
17
34
23
26
38
9
27
32
5
33
23
4
32
17
8
20
19
2
13
32
0
40
42
22
29
31
30
9
20
14
18
23
23
16
9
9
30
0
31
62
1
9
42
58
2
57
43
8
93
33
12
23
4
1
20
13
22
15
35
26
3
4
22
16
12
54
1
43
56
5
57
16
22
26
6
37
16
28
1
26
29
20
23
8
9
11
19
14
12
31
26
21
51
9
32
28
1
15
31
9
8
7
33
32
13
42
7
74
3
48
5
15
9
18
30
55
35
13
22
9
16
30
43
10
4
11
7
2
6
36
42
11
18
4
8
23
31
12
8
33
54
9
21
25
1
24
48
13
38
11
18
24
35
2
71
6
25
5
8
18
6
11
0
16
31
58
10
7
33
33
7
21
24
9
44
18
2
6
8
30
17
42
21
2
17
9
54
7
42
0
12
8
10
40
4
26
32
24
34
8
10
12
49
22
16
29
8
20
7
50
6
47
47
9
30
23
8
5
7
28
13
24
14
20
28
31
11
1
27
49
30
7
26
37
11
52
26
53
9
42
2
12
24
12
7
18
41
31
14
18
30
10
25
49
10
31
17
8
10
10
25
10
45
22
0
4
12
4
29
6
11
11
15
14
55
14
23
9
32
16
31
39
47
23
33
9
19
22
9
6
34
22
12
27
42
2
1
25
10
49
16
10
48
23
22
17
6
11
11
33
15
32
45
24
38
20
9
24
34
4
10
25
30
20
23
27
8
5
3
8
29
16
58
33
3
1
9
12
14
17
31
11
6
2
9
21
14
3
24
5
23
30
26
15
18
36
36
5
3
3
14
27
23
14
25
37
43
0
29
7
5
2
17
33
5
3
62
19
4
28
5
13
18
3
12
52
18
77
38
2
13
41
52
9
18
27
15
7
14
24
37
7
3
30
34
0
28
27
25
2
36
2
5
12
15
9
6
13
20
24
30
14
25
1
17
5
12
11
18
23
11
9
7
14
18
71
27
1
23
18
13
20
21
18
16
27
24
54
0
12
0
8
21
0
4
22
19
2
33
14
27
33
11
8
7
3
21
25
16
3
21
6
16
6
5
6
17
9
0
25
9
1
3
17
16
19
7
19
15
19
7
32
21
4
18
13
22
5
7
33
2
20
36
2
16
11
39
0
20
19
14
19
5
3
1
3
10
18
30
16
25
23
26
1
31
14
12
9
5
4
16
2
5
23
9
3
6
1
34
17
16
9
17
20
14
13
37
29
20
11
53
26
12
8
35
32
9
26
23
12
23
17
13
6
3
25
11
28
15
3
36
8
10
8
12
34
22
2
9
51
14
11
13
32
12
2
13
40
6
37
14
3
20
4
10
15
27
10
8
27
15
0
12
2
13
3
9
15
2
16
14
7
39
4
4
18
42
15
14
6
20
23
13
23
13
4
3
7
15
11
11
25
12
24
39
10
5
7
16
3
5
13
7
4
13
7
12
18
13
33
8
3
1
0
22
22
6
2
11
18
3
13
24
18
27
14
19
13
13
6
0
1
18
6
8
15
39
8
7
3
18
14
30
7
1
8
6
19
1
25
2
2
27
15
10
3
22
11
9
5
4
5
5
12
25
3
2
14
5
10
10
6
10
12
4
16
5
8
6
13
18
12
17
2
19
23
19
7
3
6
17
18
32
4
9
19
13
10
12
10
10
1
14
7
0
21
11
33
7
15
2
8
18
20
17
15
5
11
7
4
10
13
2
5
8
11
9
11
1
16
12
9
6
6
5
10
14
6
12
16
17
11
5
4
12
3
2
11
1
7
9
16
3
2
8
2
2
7
19
1
24
23
24
18
22
6
3
9
7
9
2
3
9
8
12
9
7
6
1
4
10
8
5
15
16
5
5
4
6
3
13
21
1
4
6
11
9
1
2
3
6
9
1
14
5
20
11
8
10
7
6
1
3
5
7
2
5
3
6
0
1
2
6
1
9
7
3
4
11
11
3
5
5
8
14
0
6
5
5
3
8
0
3
1
3
11
1
3
10
4
2
5
2
2
5
1
1
3
1
0
3
0
4
1
1
1
2
