9
2
29
2
0
45
6
29
70
31
87
1
5
98
30
31
6
15
8
28
15
46
8
1
9
4
3
7
4
14
22
3
9
9
33
67
43
85
45
22
21
25
27
13
36
3
84
2
51
20
36
170
27
115
84
16
13
27
82
35
0
15
10
2
19
44
15
50
30
53
44
13
45
54
100
64
99
14
5
110
85
122
25
11
26
19
5
36
108
33
31
22
45
42
78
48
0
43
7
46
26
114
145
22
30
2
27
17
40
120
71
89
16
64
46
26
4
1
90
113
86
66
16
35
49
107
126
76
115
84
137
30
27
41
18
58
10
87
51
77
92
75
21
90
81
26
108
30
39
51
42
15
59
33
16
8
5
36
8
145
4
76
47
56
71
18
92
93
14
9
60
79
14
91
74
51
14
84
83
142
63
3
51
8
23
36
11
35
2
44
17
90
13
112
114
29
45
65
27
23
39
32
138
5
151
54
4
29
16
52
71
55
108
32
73
42
67
22
190
84
52
41
4
76
69
155
107
4
19
74
50
55
47
35
33
91
1
16
109
22
164
10
50
94
65
92
29
66
108
56
62
11
12
61
34
58
144
55
24
41
32
12
7
1
65
74
22
64
70
26
68
119
12
179
38
108
96
101
16
70
54
80
44
68
34
66
10
93
96
147
29
120
14
12
29
19
84
74
62
31
46
33
25
23
34
26
41
29
42
67
13
3
3
76
26
41
89
6
98
40
134
23
44
95
110
33
19
71
3
163
32
83
128
64
140
44
12
21
67
38
77
78
52
51
124
121
164
56
90
93
52
10
43
52
77
32
91
5
167
4
71
79
12
43
49
20
66
76
91
143
13
1
62
83
105
53
44
1
20
20
3
43
47
49
20
123
57
4
2
74
6
10
119
0
109
19
26
10
44
21
12
0
54
83
62
44
24
94
49
24
40
50
41
60
112
128
91
37
67
173
42
2
101
48
107
4
47
77
37
101
65
39
44
65
54
25
69
111
95
14
84
68
62
84
55
53
132
44
73
52
59
51
76
26
85
96
26
72
48
28
0
24
164
17
28
103
24
11
26
163
88
32
27
36
124
12
111
43
20
53
38
74
42
77
26
22
5
48
46
65
27
8
83
49
44
28
89
2
79
84
12
25
38
75
55
33
154
69
36
16
54
95
83
16
89
30
27
55
70
48
32
44
21
27
21
24
59
26
53
94
89
41
88
28
15
12
41
23
109
22
18
109
73
3
8
94
21
50
49
22
30
11
71
125
39
29
20
36
5
98
6
30
21
65
79
139
17
81
56
123
13
25
40
8
110
47
20
93
78
20
43
41
152
13
62
1
55
110
64
78
35
9
18
63
15
9
6
75
3
66
8
13
86
51
85
66
75
59
20
59
155
7
7
87
37
4
51
27
27
32
39
27
8
4
13
17
36
7
48
16
20
23
3
60
29
55
54
20
32
70
30
128
52
106
80
31
52
42
13
40
35
66
35
53
115
41
43
44
85
12
28
32
87
42
82
47
8
8
140
43
81
61
74
39
67
2
37
39
35
79
38
58
56
91
28
25
5
56
66
15
35
27
29
68
89
27
32
80
135
76
37
65
49
79
15
43
20
3
104
26
10
32
48
100
22
50
143
50
4
81
33
44
54
53
91
112
58
89
125
34
68
69
27
10
11
119
39
31
21
3
33
33
40
78
34
64
74
5
129
66
19
95
23
104
18
71
8
100
43
14
78
11
1
113
53
121
146
95
128
3
14
85
28
59
89
65
67
14
17
48
10
23
3
95
9
59
29
62
7
28
19
12
9
9
28
44
38
22
43
7
103
12
61
9
21
62
23
63
37
129
24
43
72
77
57
92
19
47
69
116
21
68
53
57
0
92
38
97
14
41
103
82
28
2
91
166
25
86
33
29
55
18
73
47
116
34
18
9
61
23
103
55
54
89
48
76
15
95
8
38
117
81
121
36
38
58
29
53
64
75
27
7
91
82
23
42
8
70
13
25
62
86
72
83
38
39
75
49
93
4
54
50
31
28
57
37
27
58
173
89
64
56
50
37
86
25
6
7
7
56
0
64
7
2
6
23
93
8
45
107
117
23
4
18
2
13
96
39
58
54
45
39
38
51
72
30
117
93
21
77
49
22
8
45
63
95
111
50
26
26
3
16
68
27
112
19
117
7
38
76
112
12
16
89
48
31
20
9
39
36
48
9
35
59
50
48
37
21
9
110
5
30
34
27
6
6
43
23
61
26
22
32
36
11
44
118
102
37
77
30
31
73
31
27
1
33
40
54
14
57
4
5
130
41
22
29
11
162
81
18
107
114
3
22
43
63
39
27
123
52
13
9
75
16
31
146
53
92
24
3
1
59
34
86
8
52
53
25
53
54
74
29
156
15
35
64
54
45
35
120
86
139
41
11
19
1
16
26
70
11
22
80
60
40
32
78
47
140
26
23
29
132
33
56
27
55
4
38
88
106
60
44
22
7
25
32
74
1
16
38
72
16
54
42
29
47
10
4
2
35
75
112
55
22
9
16
1
42
11
41
36
20
86
54
15
39
17
70
29
52
0
61
21
30
161
7
65
3
10
3
39
81
57
31
68
23
55
26
176
96
69
3
65
74
98
71
15
98
11
21
29
103
12
27
95
51
61
20
10
40
84
47
46
61
6
9
105
28
83
107
46
21
127
82
64
40
39
12
18
5
32
144
34
99
43
75
43
58
87
1
79
35
28
95
18
28
15
125
20
19
7
39
13
20
22
8
27
55
24
101
15
13
62
55
36
21
54
30
16
22
71
131
42
12
73
72
56
21
27
63
55
45
77
2
61
18
6
30
19
46
95
5
6
0
16
17
41
43
119
23
89
18
31
25
35
31
30
38
3
76
93
103
101
91
5
0
56
28
31
106
6
38
38
41
22
33
29
16
12
2
35
30
82
58
70
21
69
25
3
94
27
56
70
25
11
54
52
9
4
30
13
51
33
1
101
51
50
24
28
29
12
3
61
13
61
49
60
0
104
38
12
20
83
23
86
63
108
11
40
28
88
52
48
121
3
50
12
79
8
65
108
58
37
13
73
36
8
51
18
40
5
9
12
141
4
56
112
24
55
86
40
31
66
3
7
41
38
46
25
65
43
12
59
30
23
78
49
9
186
18
41
9
20
1
34
41
76
128
74
107
90
93
39
8
68
70
77
24
20
76
81
13
37
61
8
40
15
6
35
80
33
31
4
92
45
12
35
21
82
72
30
170
29
111
73
15
22
63
9
80
60
8
2
24
19
25
28
28
43
28
93
15
31
1
19
33
139
45
15
75
63
67
135
53
13
16
26
7
19
4
78
11
3
44
35
33
10
133
10
52
111
4
23
53
46
14
69
63
84
9
28
112
25
36
5
6
32
41
15
12
29
48
63
1
114
18
9
31
24
75
71
82
83
68
5
12
70
65
41
77
74
58
36
43
11
4
2
109
17
42
8
24
16
57
111
18
22
3
26
43
17
74
5
26
24
20
32
14
4
84
32
65
73
50
50
18
42
45
48
91
2
51
6
2
13
39
27
9
75
22
40
11
42
98
25
24
40
72
26
1
33
57
2
9
14
46
15
65
34
18
29
26
19
42
62
126
50
15
2
42
25
106
36
69
41
15
6
40
49
54
83
24
34
33
12
46
7
32
46
65
114
23
36
60
70
79
69
86
1
44
2
89
73
19
98
46
26
17
1
34
93
15
75
86
48
2
41
64
17
32
53
27
16
2
29
9
13
80
69
17
0
18
29
39
43
97
9
13
20
5
6
41
49
65
11
12
78
19
6
53
45
33
12
94
17
26
38
0
54
23
2
8
37
34
62
107
78
42
67
14
0
48
71
54
12
100
56
46
62
6
90
98
0
79
24
44
20
28
69
11
68
81
28
10
85
37
18
80
13
55
52
54
50
115
36
43
27
17
10
53
22
4
35
28
16
7
6
63
28
4
18
124
33
11
7
12
73
110
22
1
98
64
39
102
101
30
28
45
1
23
69
16
54
22
5
40
14
71
33
48
74
71
55
39
114
80
8
53
30
67
11
28
30
39
30
30
55
50
22
17
13
97
37
84
55
22
70
12
28
24
4
30
13
62
68
29
30
9
52
19
44
99
6
67
7
56
16
30
5
36
42
4
96
48
11
42
61
35
49
49
52
38
5
43
36
4
39
20
14
123
7
16
36
50
30
19
33
61
41
55
146
57
63
83
7
67
94
46
50
41
73
29
20
36
84
5
113
18
87
51
42
21
14
12
52
8
30
34
44
104
7
30
72
59
4
97
58
47
8
3
33
7
27
89
7
42
62
35
64
44
108
66
3
25
48
1
1
13
87
16
60
45
29
32
35
18
7
15
12
115
77
47
84
78
104
11
135
46
14
68
86
53
15
38
95
57
12
18
55
48
55
12
58
26
6
18
48
34
109
60
14
86
79
23
25
16
16
39
37
66
12
12
13
13
75
87
123
75
100
22
24
108
31
27
37
103
61
6
26
11
31
54
25
48
52
38
26
56
82
55
95
11
18
134
21
18
5
11
38
119
22
143
21
100
53
23
57
7
43
93
22
54
20
53
44
10
19
58
52
21
64
34
61
31
20
21
30
30
54
18
16
2
45
15
16
14
23
7
3
74
53
3
53
63
13
44
32
27
5
4
28
16
21
54
29
70
43
39
7
72
16
44
68
8
56
15
62
43
50
74
46
44
35
45
55
62
33
131
80
32
32
40
53
94
95
80
1
10
48
24
71
1
6
21
45
26
10
28
72
56
17
26
27
15
4
14
45
17
14
10
90
24
88
32
2
117
71
14
19
28
68
57
41
18
3
38
2
28
26
59
20
128
70
61
66
75
21
23
8
36
26
2
116
39
43
54
60
38
25
67
40
110
4
77
52
99
24
16
43
25
7
63
7
21
38
3
30
131
50
38
17
25
23
17
1
1
65
3
29
71
25
12
61
31
66
110
37
30
45
14
157
2
21
52
56
60
32
20
20
91
121
9
8
1
24
76
112
67
22
3
28
52
14
16
53
42
9
82
92
51
55
136
2
32
52
11
28
15
38
65
8
66
73
15
64
61
5
35
4
56
9
70
45
36
35
21
10
70
21
105
55
16
36
51
11
44
2
59
11
65
100
73
21
6
83
26
6
18
84
25
55
1
4
67
55
24
4
11
23
146
40
22
5
50
15
91
42
49
19
17
3
54
10
171
20
3
50
53
11
35
22
15
51
71
7
5
6
51
94
53
21
32
65
6
23
37
8
116
8
85
24
141
69
52
47
10
58
3
13
67
60
35
24
55
21
85
15
4
0
66
58
120
33
22
8
8
64
8
28
37
96
81
100
24
98
21
47
32
37
13
18
9
6
9
20
4
12
19
5
85
21
48
46
84
32
39
29
23
23
52
38
49
17
109
7
12
27
76
6
64
17
42
34
41
14
10
0
16
11
17
55
30
7
36
52
71
64
28
51
27
84
32
11
1
5
38
53
73
11
32
102
4
42
13
4
62
62
21
7
24
67
33
9
2
7
11
9
44
26
59
57
19
25
51
49
32
31
86
7
26
6
34
49
12
37
17
6
69
11
27
1
22
10
21
2
8
36
29
27
16
51
57
41
62
24
4
44
133
41
0
56
31
93
16
11
18
32
47
23
5
67
32
10
17
57
3
18
64
18
24
18
20
2
5
44
5
21
27
86
24
20
27
48
18
66
75
49
45
5
45
113
14
34
23
13
42
11
16
10
55
34
67
55
27
32
24
87
29
29
14
8
78
100
60
30
83
1
79
7
24
18
37
32
97
12
65
42
68
13
8
102
2
7
7
14
18
55
5
3
27
30
19
25
76
30
22
68
24
85
53
34
35
53
29
78
36
47
2
71
13
56
45
51
45
15
60
14
63
54
75
14
71
77
63
8
37
12
57
21
14
52
29
37
62
8
16
62
6
23
28
4
51
76
24
59
107
60
20
51
26
4
2
53
31
44
7
37
56
21
43
135
52
27
11
35
85
49
8
11
36
45
40
55
61
19
46
4
64
36
38
67
22
45
1
50
14
28
58
2
90
20
5
53
6
9
75
69
61
30
34
45
18
74
39
71
7
13
70
14
22
64
73
62
25
21
48
12
70
11
69
10
13
59
16
30
37
10
75
32
4
95
63
9
55
83
10
14
61
49
0
57
9
51
40
78
128
6
102
33
29
9
78
77
44
1
78
59
9
2
18
59
61
94
25
16
4
32
86
22
25
21
18
21
6
14
4
34
64
29
68
67
18
24
51
2
42
45
28
37
11
5
5
66
36
4
10
28
64
5
26
39
77
7
11
12
41
46
27
71
10
38
38
57
44
26
4
40
34
72
43
7
9
8
22
26
11
42
1
66
51
75
59
32
2
49
99
67
79
7
7
33
34
18
22
5
13
13
19
6
28
20
25
28
51
72
14
22
45
5
21
7
34
44
9
29
36
46
44
15
26
66
27
31
40
66
17
46
23
4
12
36
52
16
13
46
34
34
7
0
65
77
8
2
14
10
5
25
76
12
12
23
49
15
9
49
2
36
17
114
35
8
17
11
21
24
30
35
30
9
22
45
0
41
88
38
30
30
14
19
57
4
42
33
60
19
80
42
3
1
102
61
2
5
6
41
31
60
12
10
18
5
29
15
67
49
49
71
23
14
27
9
60
60
41
27
51
22
21
71
90
75
10
2
115
49
53
36
64
7
43
2
24
8
14
12
77
6
12
17
10
60
8
5
32
65
118
19
64
2
31
8
42
68
4
68
16
11
19
15
32
16
51
56
63
65
39
78
29
70
51
10
17
60
5
23
38
17
25
16
50
66
5
17
35
45
16
1
23
43
52
17
26
42
49
30
26
76
76
56
2
74
11
29
5
35
22
43
41
2
27
108
8
15
39
33
28
57
18
26
85
64
87
34
26
43
32
45
43
49
1
6
50
58
32
59
10
60
29
122
7
51
27
10
24
21
14
23
31
84
9
12
51
40
20
39
31
15
14
39
5
16
9
66
35
37
45
76
51
4
45
65
12
120
36
8
88
0
3
58
2
6
14
27
104
41
47
18
3
34
4
37
33
42
49
128
6
50
3
53
12
9
7
23
51
53
32
31
20
40
3
49
82
52
31
19
5
41
80
11
3
19
38
62
29
12
3
28
35
49
2
14
9
47
59
67
14
29
41
33
28
37
18
7
2
45
27
33
19
20
11
33
63
34
50
39
36
11
31
49
42
47
61
20
18
6
4
42
4
94
26
81
37
34
18
29
25
6
30
14
14
25
13
26
6
9
29
56
28
96
15
16
49
7
20
11
63
16
25
21
50
20
17
14
64
3
29
53
3
39
14
36
20
61
30
3
85
26
16
11
43
24
40
55
21
40
16
13
28
31
7
13
24
15
11
36
7
10
33
45
54
67
4
54
8
9
53
25
27
48
22
14
79
23
16
25
1
17
27
26
50
5
38
12
6
4
40
15
39
10
34
10
63
29
50
28
19
10
20
11
16
20
7
6
35
38
98
22
5
29
47
102
44
5
44
25
5
2
8
74
13
10
14
25
58
3
37
54
2
70
27
37
17
17
32
1
27
44
22
19
12
0
50
55
2
6
9
8
61
16
44
28
33
6
22
45
13
7
13
55
98
10
25
4
8
53
23
10
2
62
23
2
11
9
39
49
0
24
6
17
8
0
4
3
5
88
17
29
9
5
9
24
57
36
20
24
5
72
4
45
4
24
7
13
17
8
14
65
40
75
18
5
12
4
3
33
23
73
19
44
18
38
0
11
19
58
21
49
46
1
40
40
30
70
71
9
79
41
20
70
17
33
14
21
9
12
10
64
70
32
32
37
42
7
15
5
30
30
17
27
3
18
16
5
10
30
1
25
12
43
21
0
27
81
75
37
35
50
19
27
33
39
13
19
33
7
10
22
7
23
44
30
35
2
87
55
11
48
33
18
36
6
1
31
10
23
36
14
19
34
23
8
6
14
67
5
80
17
4
3
40
87
45
8
17
1
80
2
93
9
40
28
42
35
4
3
28
33
83
33
7
35
29
42
9
5
0
69
22
25
64
30
12
27
6
12
50
6
17
8
23
52
9
20
9
21
5
6
10
0
7
21
18
17
30
32
63
25
55
57
37
48
38
57
62
3
1
19
9
29
19
29
26
8
4
66
12
29
14
1
21
44
38
21
14
66
30
19
14
23
19
12
29
35
48
22
14
28
7
51
10
10
28
55
4
20
7
55
29
5
12
4
10
65
31
34
41
66
29
9
4
8
13
28
11
15
60
36
46
5
22
12
50
12
58
13
91
58
21
1
26
0
33
15
46
24
35
14
36
55
19
0
60
15
43
30
9
28
5
12
16
50
36
48
32
47
21
28
41
33
18
1
16
4
40
57
59
17
11
19
34
36
25
27
17
18
25
33
33
53
11
52
10
22
3
15
72
12
54
63
12
10
20
4
21
18
13
35
53
49
17
4
80
18
7
15
14
1
1
17
43
98
17
29
57
9
10
43
18
70
57
23
16
69
17
22
8
36
9
54
25
1
32
6
18
25
10
32
15
20
42
14
11
23
3
27
13
33
40
31
17
5
38
35
19
15
46
21
50
29
39
16
66
11
21
24
13
53
28
40
34
42
41
36
38
18
22
19
23
2
24
5
32
65
22
40
9
5
17
24
29
15
26
44
33
1
23
18
7
18
10
1
34
0
21
21
20
53
1
12
17
18
84
10
8
40
29
7
7
20
11
4
31
6
8
35
13
20
12
44
43
6
31
9
6
5
22
45
2
13
29
15
11
13
47
18
12
7
14
40
15
13
29
39
44
6
12
14
0
15
25
40
26
2
36
5
7
16
12
24
3
21
6
40
2
1
30
5
14
4
5
20
25
6
4
30
27
25
8
10
4
20
26
6
18
22
1
24
43
12
35
7
61
24
27
29
12
42
2
4
4
14
26
16
7
28
7
21
15
39
28
3
1
38
9
1
20
32
0
46
43
9
32
3
15
51
32
9
22
31
13
14
8
1
13
55
7
30
46
19
13
31
15
3
28
3
32
3
32
38
28
17
17
28
10
14
25
43
58
29
17
16
25
28
30
26
17
9
59
20
28
5
37
14
18
7
3
16
34
5
54
8
9
9
14
21
4
28
5
18
11
39
39
8
3
31
8
6
23
44
19
15
34
26
9
46
1
33
7
21
48
1
10
20
23
42
20
5
6
15
27
20
34
9
20
25
9
19
11
22
31
0
6
10
6
23
21
27
10
23
9
16
26
16
21
10
15
27
29
23
29
38
41
18
1
9
15
5
13
15
2
5
20
3
1
26
1
49
20
9
16
7
12
12
16
1
44
7
3
23
23
17
13
18
25
1
41
1
6
29
17
14
12
14
5
33
0
3
6
63
13
14
9
21
26
33
17
10
21
17
9
1
17
2
4
21
43
1
4
21
37
2
11
2
37
10
1
4
11
14
22
20
12
52
28
38
32
3
26
11
4
14
20
6
5
2
27
27
9
42
14
16
18
13
17
14
12
15
27
24
28
2
19
0
8
10
6
19
16
24
18
7
5
13
28
17
5
22
1
17
30
28
29
23
20
20
31
20
8
13
33
3
32
9
40
23
27
29
25
38
4
7
2
21
6
18
17
2
15
35
21
10
7
16
22
39
13
3
28
1
7
16
10
18
11
9
8
3
4
9
30
17
4
26
39
3
23
4
23
17
26
20
13
2
23
29
9
0
19
8
3
11
35
3
11
3
28
17
17
14
11
22
8
35
4
11
17
2
26
10
24
1
3
9
16
21
21
0
27
15
55
4
24
32
14
1
7
31
6
26
9
10
8
13
26
12
8
19
13
4
8
13
15
13
1
0
18
6
10
18
8
21
2
6
15
3
9
28
5
14
21
23
12
12
3
13
2
24
20
7
4
4
4
1
9
2
28
7
19
29
30
2
3
0
2
15
12
31
14
5
1
4
13
13
45
9
10
26
9
4
19
2
4
10
11
15
25
13
7
4
10
1
16
10
33
4
7
0
7
5
4
29
8
1
20
12
14
6
6
9
15
35
0
6
20
17
14
18
39
10
19
11
0
1
12
19
16
6
15
13
20
4
6
20
33
7
26
7
23
13
3
22
19
11
2
0
6
14
15
8
21
10
12
22
1
3
7
18
10
17
13
10
14
6
16
9
4
6
1
17
11
5
2
8
5
2
16
6
0
3
12
0
8
14
9
10
5
1
3
23
12
8
9
6
10
7
2
9
9
15
0
2
30
20
12
12
18
8
14
2
14
6
15
0
7
14
6
0
9
12
5
7
14
5
5
18
19
8
8
10
8
3
16
11
4
5
11
4
4
13
1
5
6
0
10
8
6
5
16
0
10
14
2
2
15
1
3
5
3
6
6
2
2
2
4
4
8
7
3
1
5
4
15
4
1
3
2
7
2
2
11
5
5
9
4
2
2
6
6
5
11
6
2
3
4
6
1
2
0
0
0
0
1
2
2
3
2
3
1
0
0
