11
37
47
30
5
26
60
110
42
9
17
12
1
11
37
2
13
58
10
3
9
109
73
83
1
19
29
38
28
15
26
116
20
13
34
12
31
34
51
15
0
4
22
42
133
19
30
45
6
90
16
44
8
117
26
25
14
63
1
32
39
129
62
91
49
4
46
26
57
59
12
103
39
30
26
63
138
10
46
40
68
64
20
60
73
5
13
51
25
115
72
18
8
12
22
59
4
78
33
20
73
32
88
15
45
7
10
68
68
18
30
49
119
78
53
27
70
18
56
36
11
30
9
70
22
24
40
124
12
27
65
157
39
56
19
13
122
63
37
29
40
30
48
2
62
14
50
25
87
104
174
1
26
50
47
50
35
28
3
48
33
21
94
78
41
87
66
35
48
6
42
95
58
63
5
71
8
110
51
41
18
47
39
56
28
49
11
105
69
101
93
17
48
22
116
8
77
44
111
62
21
115
21
173
23
87
85
75
19
28
164
82
2
76
53
11
34
49
50
67
28
113
110
71
139
61
61
64
11
15
31
116
5
51
108
52
6
3
27
1
40
2
13
3
5
87
24
137
93
53
175
64
46
119
131
36
69
71
78
10
19
19
37
26
46
5
16
51
77
34
14
134
34
10
114
41
30
10
75
68
16
80
54
3
24
8
87
39
29
25
48
78
45
42
11
0
33
62
76
90
7
118
49
14
7
62
82
2
120
25
30
8
1
32
40
80
122
152
56
41
75
88
1
48
31
40
42
102
74
17
51
26
32
28
8
110
11
45
26
4
72
52
31
83
29
122
86
72
54
10
16
20
40
3
77
79
19
30
65
88
27
41
36
19
6
93
51
46
91
77
121
19
39
27
59
26
75
7
13
4
117
4
26
87
105
59
63
83
42
57
13
20
14
22
0
96
63
63
65
28
60
41
51
36
130
6
8
59
78
1
60
13
80
37
92
40
10
68
117
80
15
59
78
78
45
83
60
27
118
38
133
75
53
5
27
37
51
51
37
2
40
7
67
13
22
63
41
87
96
39
46
9
56
50
59
35
67
76
49
12
23
2
58
15
12
35
26
47
39
46
8
117
5
104
58
67
106
92
3
11
59
3
124
47
50
54
37
7
17
117
19
11
69
75
76
101
110
59
27
21
27
15
87
1
47
41
50
61
66
66
73
83
132
41
56
51
14
26
4
104
59
36
49
96
79
27
129
4
17
51
50
106
77
62
41
14
54
38
26
12
28
55
6
90
103
31
67
30
25
84
18
54
81
44
88
54
87
5
2
81
47
37
36
8
68
13
97
46
32
31
180
55
112
43
25
8
9
95
14
49
15
31
42
115
169
5
85
43
112
12
48
56
30
2
47
57
68
83
3
1
54
12
103
32
57
37
83
3
27
51
26
25
94
14
10
79
31
58
93
66
42
8
7
138
82
74
60
9
36
2
16
27
103
40
12
41
29
11
143
165
38
21
51
14
57
118
45
102
76
112
131
12
111
35
25
13
45
6
164
64
81
6
28
29
21
47
62
81
158
119
7
30
23
14
53
51
51
4
5
38
36
11
48
36
42
18
54
5
66
29
19
53
91
82
38
50
47
7
79
30
92
4
36
6
24
16
61
44
106
12
4
94
8
143
92
62
66
80
107
6
2
4
25
93
49
22
19
14
54
40
17
28
49
59
87
11
59
25
33
52
3
68
34
69
8
27
50
18
104
51
112
2
59
62
152
49
1
85
30
35
122
12
110
16
12
23
27
10
18
79
68
105
77
52
6
3
84
48
39
22
70
47
60
29
0
49
130
56
134
29
24
56
2
8
7
25
48
6
83
15
95
93
31
103
59
13
4
74
24
41
16
19
16
86
34
25
68
60
100
55
7
123
120
75
61
12
32
58
4
32
1
55
3
31
36
36
80
67
32
50
172
28
51
5
23
20
85
5
43
115
41
93
1
89
27
42
11
14
17
4
51
39
15
59
7
44
104
46
15
14
67
25
15
44
58
77
12
69
62
77
76
42
25
36
110
55
35
33
4
30
31
55
18
57
3
83
42
78
104
122
14
14
53
99
43
24
50
169
54
37
32
88
22
24
48
79
48
44
64
86
135
5
7
52
51
5
16
68
14
64
123
69
21
63
117
60
24
17
15
35
24
28
62
2
42
44
0
61
92
12
38
43
9
36
74
18
57
78
15
14
33
22
3
12
25
76
100
64
19
58
22
43
4
25
9
50
59
8
0
24
14
38
78
5
83
80
4
54
19
57
52
95
146
4
156
16
128
5
41
137
54
127
34
10
33
42
19
3
41
85
24
77
44
45
33
11
58
60
38
52
142
52
42
160
89
104
35
28
73
93
24
47
27
78
131
63
50
8
35
17
142
2
60
2
13
34
34
43
14
19
38
36
31
29
132
41
74
39
35
31
16
2
82
31
55
64
21
1
31
8
29
33
24
53
4
22
37
23
11
8
18
23
43
1
48
25
113
90
45
24
43
81
128
89
1
118
17
98
100
76
42
9
20
78
1
123
25
9
16
52
17
41
158
18
62
7
20
60
68
38
14
45
89
114
11
8
44
33
7
22
56
80
60
47
118
23
19
11
15
32
71
124
42
92
68
19
53
77
15
74
44
71
86
16
69
23
31
48
149
47
30
12
16
49
90
42
19
3
71
2
50
10
60
13
51
55
3
53
35
88
127
66
34
36
118
26
66
55
8
37
43
22
54
35
6
12
18
43
91
8
50
47
84
81
25
22
9
22
4
62
8
72
31
4
85
75
45
70
80
62
84
44
14
120
100
51
42
59
4
12
105
13
57
23
19
70
21
48
42
36
26
44
49
103
109
2
31
102
12
23
68
75
52
6
23
7
87
58
64
23
26
16
70
17
0
54
49
12
146
43
92
108
19
47
9
74
2
23
137
7
57
59
61
78
128
18
8
36
118
58
124
108
139
81
32
28
18
127
80
34
65
19
78
54
31
49
165
19
6
2
63
32
103
23
69
9
45
68
37
18
30
52
39
19
2
9
72
101
3
12
17
22
2
27
123
34
68
41
11
47
48
22
32
61
15
101
6
26
52
17
1
5
18
36
53
24
19
8
6
131
1
158
32
66
20
27
118
86
23
43
42
28
79
34
102
14
17
54
9
84
3
68
34
120
2
15
11
61
17
45
132
6
84
10
51
7
78
124
123
28
79
0
51
98
37
53
11
40
41
35
34
43
80
53
38
4
7
69
11
31
29
33
116
72
70
89
34
29
84
12
20
81
60
30
25
1
18
79
12
14
38
20
131
141
73
7
98
46
29
53
42
175
12
16
54
20
19
14
30
37
83
25
91
45
25
86
85
38
38
44
38
23
30
9
18
113
33
9
47
24
14
19
5
107
12
43
9
66
109
54
60
8
19
47
16
10
26
30
108
51
38
2
9
23
66
37
16
79
106
43
88
78
89
1
62
55
19
90
2
97
5
15
13
25
31
88
33
62
82
64
6
67
25
13
86
59
64
9
142
119
58
28
41
54
51
27
14
40
30
2
9
12
59
0
50
72
23
5
60
78
123
119
111
2
66
5
178
45
155
66
13
3
42
82
26
79
69
50
47
45
41
7
3
36
65
24
97
47
48
31
2
162
43
68
80
55
51
42
163
62
36
40
25
43
48
66
25
15
0
34
7
54
39
62
85
123
79
73
89
38
20
77
4
100
62
34
25
60
121
77
83
66
23
20
38
36
13
71
1
66
114
5
21
61
72
31
45
93
94
24
23
79
47
11
10
23
76
40
54
3
38
67
22
57
25
7
87
15
50
89
40
24
97
79
43
109
44
42
63
2
22
20
44
28
55
30
35
59
95
47
69
24
121
25
71
36
93
95
7
27
121
4
6
69
25
24
31
62
15
38
22
78
66
65
18
80
78
65
56
5
47
97
72
2
39
65
56
30
7
101
12
11
2
1
38
64
77
38
3
14
53
70
83
74
32
5
64
22
64
69
29
98
81
30
49
28
130
49
29
93
21
99
59
15
10
16
40
45
12
47
27
28
68
40
9
56
64
85
58
56
59
124
23
74
17
10
5
93
59
73
38
55
41
61
70
7
33
35
42
74
91
27
8
7
34
61
35
47
94
23
41
11
67
4
48
46
84
53
11
64
47
44
7
21
79
10
51
7
20
15
45
119
70
24
8
74
50
44
17
18
10
70
6
47
51
87
69
34
63
29
38
24
62
61
56
68
3
19
19
54
14
91
88
18
18
12
131
63
69
169
27
23
11
68
37
47
40
26
14
16
7
39
14
60
80
27
56
20
83
70
63
81
14
41
19
32
37
26
109
43
36
23
46
83
14
68
120
65
2
101
55
89
7
70
17
8
17
149
70
26
50
107
29
78
35
15
58
42
24
8
34
23
35
2
62
9
19
85
73
16
35
81
1
20
55
76
34
83
18
7
49
53
47
67
72
26
28
0
21
42
9
9
15
68
25
44
1
7
20
50
61
68
2
89
12
65
6
73
7
71
66
32
61
38
32
9
37
115
42
1
2
167
59
49
31
6
59
59
124
42
37
82
86
8
17
74
45
51
31
46
6
7
107
1
24
57
11
7
82
51
18
66
44
47
11
45
33
35
1
101
45
96
17
28
89
55
57
84
26
10
59
67
98
40
25
90
2
49
42
19
56
5
16
25
55
22
45
7
178
27
117
5
54
75
34
25
45
44
49
17
13
121
49
52
86
4
3
77
30
33
2
66
53
70
50
9
69
34
67
98
18
46
27
26
30
43
30
74
75
19
7
20
100
11
9
127
32
24
12
58
50
87
42
101
75
1
31
24
15
75
21
9
75
8
199
49
17
56
3
24
46
43
79
58
15
1
41
31
24
19
45
20
14
67
25
37
55
45
44
9
96
54
13
50
10
78
24
94
66
22
3
11
98
18
12
25
75
49
36
80
19
39
27
2
12
18
46
35
139
63
68
75
5
13
45
21
70
21
78
5
112
94
16
57
11
5
94
138
33
39
23
8
58
13
23
45
130
8
26
61
81
51
12
85
96
67
38
43
11
24
2
26
18
1
7
86
37
30
73
26
22
130
105
61
22
15
41
26
20
27
61
95
11
30
23
52
21
22
82
90
92
21
7
72
39
9
86
72
19
15
6
6
43
30
36
6
27
38
42
30
19
42
84
23
61
5
19
6
34
35
22
13
61
14
47
13
10
23
47
10
25
1
41
27
45
26
42
26
63
22
18
24
4
28
13
2
13
59
18
28
47
13
47
21
42
28
46
1
15
41
55
31
51
49
63
48
138
27
30
98
28
79
12
70
34
12
48
41
47
15
22
19
106
75
36
49
6
2
60
27
18
4
7
16
25
80
70
4
44
6
41
57
3
79
69
11
20
85
40
36
40
72
45
64
87
6
56
5
73
9
19
36
43
40
43
124
100
83
37
3
40
3
44
3
86
2
19
18
65
5
65
37
107
40
43
100
36
39
15
2
46
4
7
45
21
2
42
28
22
68
20
26
3
48
14
45
27
29
16
69
47
81
11
78
26
19
33
9
50
28
50
70
22
48
36
17
98
3
11
63
9
24
50
25
13
21
46
44
21
45
35
10
35
96
44
56
40
55
20
45
41
36
77
13
68
73
0
30
1
4
12
3
33
50
39
13
29
13
22
98
41
69
19
1
2
39
30
81
35
18
60
56
2
54
54
39
18
54
98
50
26
31
20
7
7
3
85
78
63
7
32
75
5
58
75
2
7
99
53
34
10
28
47
103
52
31
30
120
70
0
11
12
1
67
23
52
24
12
2
46
31
99
10
35
24
65
1
2
12
19
19
21
73
37
27
66
26
53
55
14
44
15
2
19
60
0
4
16
20
15
84
13
9
55
4
17
30
10
40
0
61
7
25
17
29
65
25
81
29
22
55
4
2
67
3
33
12
22
61
26
36
28
59
54
106
14
50
13
81
35
61
68
32
52
9
9
85
33
103
139
22
45
5
4
79
21
87
12
19
14
38
4
29
11
4
14
18
38
10
62
25
29
9
29
22
43
13
2
14
40
64
50
50
21
26
9
20
62
5
26
34
43
11
11
71
137
27
22
57
8
69
97
17
47
7
37
104
46
30
15
67
3
1
49
15
10
6
3
13
3
57
43
2
11
71
68
26
54
63
29
17
6
37
6
13
164
6
19
73
21
28
6
75
69
16
62
25
15
4
51
8
85
29
65
19
53
103
46
10
83
15
15
1
43
1
12
21
17
2
39
34
35
47
10
70
46
35
54
101
26
85
42
56
12
25
75
6
21
67
0
39
1
28
32
11
105
22
52
22
25
83
7
30
8
107
27
10
53
84
29
3
17
3
63
42
13
82
18
88
40
48
70
8
34
27
40
1
40
61
17
11
35
51
12
1
2
29
37
82
82
39
55
71
29
17
19
41
19
34
9
8
29
58
39
17
93
7
34
6
28
51
20
85
1
26
48
19
33
35
2
8
24
2
55
60
13
9
23
33
8
98
25
39
24
48
50
13
90
20
1
47
32
39
36
13
31
57
63
48
58
23
8
14
2
15
28
24
69
13
19
24
6
32
1
34
3
7
25
50
75
5
15
53
63
37
34
30
18
2
78
43
39
18
63
40
13
3
89
29
62
15
57
67
11
60
25
45
32
44
32
3
68
56
37
25
37
32
9
11
21
5
62
13
31
50
29
28
32
77
7
110
45
8
40
38
21
49
34
35
5
25
30
42
55
82
88
17
1
20
48
1
53
70
15
11
13
13
84
44
10
25
55
0
40
2
24
18
20
34
13
91
14
81
61
19
57
67
7
13
22
40
50
45
14
40
53
39
35
5
7
13
14
40
45
63
13
33
52
78
24
22
20
49
6
44
41
0
12
8
18
95
32
24
9
31
8
2
39
13
63
29
5
23
11
12
5
2
19
12
37
40
14
21
20
11
20
1
42
44
27
32
43
2
10
80
18
60
22
38
25
29
4
4
1
49
11
12
39
9
27
57
20
39
12
12
12
27
45
4
4
29
7
92
15
19
13
41
4
73
62
40
26
32
24
18
23
43
7
65
36
21
0
16
11
24
15
4
30
27
74
11
22
4
76
62
45
67
3
21
12
72
22
36
2
29
9
33
54
28
12
6
11
52
1
10
50
56
23
40
46
11
53
49
57
18
10
13
3
77
16
17
42
57
1
47
29
54
10
11
27
55
42
9
52
57
10
9
40
6
13
10
48
26
6
26
24
43
45
25
41
3
1
12
15
39
13
37
35
61
12
14
1
37
72
54
20
13
14
34
11
94
4
34
65
14
18
4
7
4
50
3
38
11
47
28
41
15
44
2
7
10
45
47
10
23
27
31
13
44
9
5
8
8
50
43
22
8
54
20
69
3
4
62
38
81
30
17
83
31
41
29
43
1
77
4
119
10
23
4
50
69
32
17
24
24
14
7
66
8
41
0
19
24
12
12
7
35
1
76
52
73
46
15
23
24
20
90
31
14
9
27
74
86
18
21
11
10
15
48
7
51
18
4
55
74
50
4
29
67
21
68
3
56
39
17
34
63
18
20
18
17
50
71
29
2
14
13
5
5
26
75
40
27
4
0
0
26
25
22
14
16
2
78
49
2
38
38
19
21
49
5
32
12
24
18
60
24
19
28
55
22
13
21
27
35
9
5
45
43
48
6
23
9
21
30
50
29
57
12
90
11
37
51
40
75
35
23
21
3
1
3
10
19
26
37
1
51
39
28
19
51
6
8
14
3
12
27
38
24
58
23
37
13
32
21
16
56
2
21
10
36
44
25
5
13
29
3
5
25
5
27
18
19
67
6
1
6
19
22
23
24
32
40
24
1
47
46
17
58
43
77
30
11
17
20
3
12
40
26
29
40
4
2
56
16
55
11
17
25
22
19
30
59
2
8
8
40
31
51
8
34
4
21
9
28
59
10
39
61
2
52
19
25
22
8
35
27
45
70
39
29
6
8
5
40
29
33
6
1
42
8
17
64
34
17
47
70
82
36
29
39
68
24
38
21
12
28
47
17
44
45
54
59
17
18
29
1
24
5
65
23
34
53
5
9
17
25
48
23
71
8
17
11
37
52
15
5
52
11
27
50
11
12
3
5
18
44
11
9
7
28
9
21
13
70
52
40
35
38
37
24
10
14
42
39
16
2
31
34
8
30
9
16
9
21
30
7
18
4
28
45
77
25
25
71
7
22
22
1
4
25
47
49
21
28
18
47
33
53
9
11
3
22
17
37
16
17
60
23
48
73
8
0
49
3
12
74
15
19
26
19
11
7
4
22
4
17
9
27
38
53
3
15
27
16
18
14
66
10
81
20
16
15
37
7
18
21
9
9
39
43
89
0
65
14
47
2
30
3
14
14
7
8
15
70
68
0
28
9
53
21
15
19
31
60
1
7
7
2
35
6
48
3
29
49
7
85
28
29
47
25
16
10
67
22
28
5
33
2
10
52
28
48
37
25
8
42
1
12
7
28
12
33
8
1
59
26
14
37
7
2
33
21
29
1
20
37
12
16
10
20
5
34
22
1
29
28
10
8
11
11
70
18
29
34
11
18
15
41
18
11
18
7
9
2
2
13
23
21
4
5
16
22
15
24
57
19
1
21
4
33
1
19
32
24
7
10
24
18
11
13
16
2
30
26
9
25
67
25
26
3
8
17
14
45
3
20
12
16
6
11
30
17
7
41
22
14
35
40
9
2
8
22
10
2
46
8
32
12
6
61
39
12
28
13
25
17
15
9
3
33
29
44
3
60
27
17
12
12
23
5
30
38
62
3
20
26
7
26
50
9
5
6
36
18
3
35
13
32
0
12
49
16
24
36
36
13
10
10
29
19
34
29
64
41
12
38
37
14
24
11
19
55
6
17
56
27
3
22
7
22
20
9
54
24
11
11
17
25
39
31
15
11
8
15
15
37
15
13
34
18
30
21
25
37
22
4
35
2
15
18
32
14
31
2
20
1
51
10
21
21
15
35
38
14
28
4
37
11
10
1
11
12
40
8
10
27
38
22
23
36
6
16
47
44
0
19
20
34
34
18
7
28
40
3
1
35
20
8
7
38
10
1
15
34
54
20
2
34
41
11
21
65
24
69
21
6
20
25
7
21
3
12
16
18
4
13
21
33
16
24
8
54
19
1
8
31
7
18
18
9
5
32
8
4
4
27
30
24
15
38
34
17
29
47
7
10
8
6
4
52
15
4
6
8
12
32
16
8
61
1
21
16
36
31
14
20
44
41
54
5
24
46
25
3
3
16
51
10
28
56
12
8
32
14
24
28
0
51
11
9
53
12
24
31
35
20
1
38
5
38
17
8
44
20
20
16
2
19
11
4
6
29
60
34
6
10
14
7
10
28
6
10
11
53
17
8
26
51
14
7
25
39
31
9
23
4
12
41
6
17
2
9
21
28
3
23
44
36
5
0
11
2
17
7
36
42
2
20
3
28
6
10
22
18
20
1
1
15
3
24
12
8
40
28
40
11
24
9
34
45
9
5
23
71
1
19
14
3
8
14
17
15
18
18
2
7
29
29
18
52
10
2
43
12
10
7
11
2
19
26
48
17
6
14
1
2
11
7
3
15
24
9
15
21
16
4
6
10
27
27
11
15
11
15
11
1
14
4
34
20
11
16
47
11
22
6
7
11
10
30
12
9
42
2
32
22
2
28
12
31
14
30
44
17
8
16
7
6
5
1
30
24
7
26
5
16
34
20
22
27
16
15
22
20
0
26
15
12
12
3
3
32
13
5
13
17
25
30
15
10
14
3
22
9
17
14
20
5
11
28
15
22
1
23
26
12
8
1
10
9
13
7
2
2
3
10
1
2
14
47
9
13
13
2
17
28
11
11
2
15
4
9
4
24
12
17
14
26
11
0
14
29
21
4
11
20
39
11
28
6
6
10
25
7
23
20
32
21
9
11
17
12
21
18
11
4
28
19
2
3
12
20
18
14
23
8
34
37
7
23
1
19
0
5
3
21
18
37
27
5
14
6
12
6
20
9
3
1
19
2
10
1
10
7
9
3
31
14
44
19
23
2
8
24
7
21
6
5
9
3
15
9
11
10
18
21
9
4
25
3
9
2
1
1
7
10
1
19
19
1
2
14
20
7
12
16
32
5
14
4
9
12
9
7
5
2
15
6
8
12
2
9
17
2
28
4
6
23
15
6
3
11
24
3
17
2
22
9
4
22
2
25
2
11
1
1
3
23
1
5
7
10
19
5
11
2
1
7
4
20
14
7
5
4
4
9
3
15
5
5
5
8
21
17
16
12
1
7
17
13
9
3
1
7
1
11
6
1
0
9
20
6
3
13
15
4
17
10
1
27
3
1
2
0
14
10
4
5
7
4
16
7
3
5
11
12
2
4
2
4
1
5
5
11
2
7
8
1
0
18
1
7
6
0
10
12
0
6
3
9
1
7
4
6
1
6
8
5
3
9
13
11
0
4
4
8
3
1
3
8
9
6
3
3
5
2
4
4
4
1
2
5
4
5
5
2
0
3
1
4
1
3
0
4
4
0
3
8
4
0
4
3
2
1
3
1
1
4
0
