34
2
85
2
18
10
21
1
85
12
14
34
94
13
4
107
58
17
23
11
31
43
13
116
70
38
21
23
20
10
39
14
16
21
69
56
40
58
24
3
3
49
126
28
9
107
0
30
5
26
34
109
24
34
120
10
29
26
28
196
24
90
5
10
32
34
59
8
13
44
32
54
2
61
7
136
28
64
34
77
123
21
33
3
6
6
42
28
4
113
48
11
87
12
35
75
67
44
37
47
87
140
47
72
27
28
5
74
54
49
54
1
101
51
6
109
10
30
52
8
38
41
56
40
41
29
6
12
39
13
166
15
13
80
74
108
61
69
19
3
52
40
18
103
48
77
85
20
97
32
22
142
54
117
24
58
49
38
21
41
44
4
39
50
54
65
13
31
63
135
42
48
1
163
90
56
25
0
120
27
0
1
45
28
28
2
75
60
92
126
118
32
96
32
52
162
30
66
58
143
76
34
59
71
154
5
37
98
30
11
49
26
28
65
18
44
25
8
21
4
47
22
65
34
5
47
7
98
93
31
74
37
54
43
113
22
88
28
9
45
90
89
98
76
28
96
41
64
14
22
20
3
4
65
78
27
2
21
44
108
75
81
11
69
14
37
60
153
47
33
5
51
36
29
23
65
50
57
29
83
9
54
32
37
31
27
93
31
64
9
89
21
52
31
4
95
63
90
48
7
16
24
34
117
10
44
3
99
9
111
18
59
41
37
104
83
91
146
87
81
8
11
27
49
14
60
62
6
42
26
23
4
71
24
28
21
141
17
88
97
57
47
73
32
65
16
11
81
82
79
20
3
67
64
79
72
65
12
35
142
17
61
9
63
8
4
95
56
35
59
47
70
149
10
4
90
95
35
58
17
15
27
5
27
79
91
15
22
115
12
77
144
24
67
198
40
49
61
1
36
28
7
112
39
105
94
116
56
36
70
133
97
23
69
41
9
115
93
14
28
7
61
42
148
10
48
12
59
64
48
44
94
16
41
68
75
31
35
1
5
79
72
33
7
40
71
18
115
57
65
176
36
77
42
131
37
24
89
3
128
15
71
3
34
2
3
74
24
47
37
88
15
40
19
15
99
77
30
25
38
53
2
31
5
118
67
40
47
103
55
45
6
20
37
46
31
121
7
140
16
2
28
71
44
26
80
49
18
37
33
4
26
101
64
43
24
35
11
110
62
49
79
1
1
21
52
39
31
167
29
52
98
47
32
4
1
85
54
98
102
98
89
45
73
88
22
38
20
32
82
41
15
1
145
7
13
20
1
38
31
42
2
57
48
60
5
72
61
77
93
34
88
114
8
51
25
69
30
16
24
87
17
28
63
68
27
12
66
0
120
33
41
20
81
1
23
47
26
18
47
58
145
71
119
62
171
58
49
31
13
9
16
12
21
28
147
19
3
63
9
79
22
24
67
41
18
34
38
22
90
75
78
47
49
51
2
106
16
5
16
23
14
103
51
3
7
6
8
35
45
42
100
79
142
69
69
54
4
8
17
85
47
13
8
76
4
107
71
67
9
100
16
54
115
25
13
33
0
29
109
82
2
30
25
30
67
20
28
14
4
60
54
8
114
33
41
118
50
41
31
71
160
87
19
26
104
58
15
47
37
46
42
9
2
29
110
20
31
20
20
45
41
131
7
71
60
35
58
27
17
13
11
24
17
52
17
91
28
5
95
60
20
75
89
23
173
52
23
75
88
83
37
30
49
49
11
159
18
2
56
60
24
18
130
0
37
8
126
98
127
161
88
131
0
75
79
87
64
21
17
129
45
80
86
86
98
13
10
59
56
118
56
5
210
25
16
151
59
8
33
32
12
63
19
82
5
18
22
3
120
149
96
5
20
11
48
112
76
50
126
51
90
42
89
168
33
10
4
74
83
81
96
23
123
32
46
7
36
5
5
36
19
2
54
32
40
18
73
25
73
6
92
31
5
129
61
81
25
81
60
77
22
99
5
34
88
139
4
27
0
89
92
8
82
25
168
104
69
36
9
30
16
47
60
51
31
7
4
58
42
52
1
86
16
138
29
29
54
52
12
0
61
92
132
29
91
83
175
13
91
5
86
38
112
86
21
65
75
78
46
21
36
18
29
61
114
39
25
11
9
29
60
102
37
54
39
59
65
52
22
14
119
90
86
12
29
83
51
58
133
18
173
76
30
15
42
96
116
74
15
20
83
73
41
53
35
42
15
34
14
49
65
16
6
48
65
93
65
9
50
14
5
83
41
4
37
44
6
113
5
153
31
29
18
42
14
25
25
119
17
34
37
31
17
95
80
81
81
18
1
44
16
19
63
43
92
43
101
69
145
5
83
101
36
104
47
44
103
44
9
37
126
59
26
37
22
15
27
44
62
41
15
30
116
16
56
23
111
38
34
101
91
75
3
26
47
42
51
16
41
49
49
44
121
55
28
5
1
145
94
14
62
34
115
28
52
14
25
66
35
5
41
121
2
7
106
50
105
24
32
7
92
54
40
26
94
35
53
15
3
56
13
13
8
92
10
18
88
45
64
38
190
20
87
79
15
53
39
9
78
71
0
23
67
122
55
33
102
12
1
54
14
74
22
44
87
38
128
0
71
14
36
25
38
24
141
7
35
101
52
52
74
47
59
21
13
71
41
53
33
25
10
21
79
109
31
3
30
36
12
2
124
14
38
30
28
68
10
5
27
49
80
3
140
44
106
26
41
13
55
1
30
1
153
16
18
71
21
43
120
28
13
29
80
11
6
31
112
28
15
1
82
63
9
70
53
113
53
48
5
25
18
48
57
14
76
8
6
18
25
13
55
9
16
153
33
16
50
34
96
4
27
24
50
78
42
1
24
43
65
7
34
5
32
1
81
30
6
79
22
16
57
83
39
24
32
56
102
18
5
63
13
66
34
67
23
44
74
66
0
21
26
51
14
21
69
67
57
28
68
93
58
23
95
110
46
48
11
7
93
4
45
46
35
21
90
50
13
19
97
30
24
53
131
5
25
42
109
58
18
73
14
60
108
29
23
37
41
22
0
63
58
0
20
94
58
43
27
100
9
28
6
19
69
23
122
30
16
53
69
72
79
41
75
55
72
29
122
22
97
51
33
28
37
68
48
23
86
26
47
1
31
74
14
12
15
56
98
45
5
32
3
1
52
102
115
83
75
55
25
51
24
49
69
101
143
3
87
11
99
28
41
19
6
14
50
4
7
14
1
9
48
58
12
3
17
46
52
35
12
17
48
57
73
50
32
74
14
4
37
125
62
26
53
48
24
25
34
2
104
66
48
52
62
15
19
69
15
52
34
92
97
24
43
79
1
37
23
81
66
0
2
98
23
98
20
79
46
30
72
20
65
59
57
10
88
61
38
5
28
29
17
62
12
22
36
5
6
62
197
14
32
14
18
14
40
30
32
1
51
37
29
15
36
49
28
5
74
6
53
119
48
8
53
29
68
71
137
16
43
115
7
59
9
54
128
109
5
8
18
62
97
29
21
77
15
8
10
63
54
99
1
25
88
28
93
22
2
4
28
20
74
4
15
22
73
35
79
51
45
11
51
4
34
120
97
89
14
80
77
49
64
0
19
64
85
39
12
91
67
100
86
8
32
27
49
25
131
20
90
55
38
73
39
10
21
86
90
66
6
24
24
33
17
68
49
14
21
20
36
13
11
54
45
29
35
98
83
43
30
17
38
65
16
7
49
18
63
68
22
9
17
33
31
15
55
10
122
23
6
91
53
45
50
53
26
30
29
63
47
50
33
106
15
3
49
2
18
63
70
67
67
66
7
5
5
55
24
25
59
16
66
90
30
48
15
97
12
38
66
53
33
79
36
74
33
12
8
90
21
18
83
53
9
2
40
19
37
11
16
17
23
39
3
0
8
28
34
37
41
22
117
54
36
43
56
74
62
33
0
62
48
6
82
4
31
46
16
16
4
54
11
55
52
12
3
24
31
59
40
10
52
41
57
4
38
32
24
76
119
23
12
1
44
80
68
22
14
31
86
42
40
55
63
39
50
61
9
46
16
60
25
18
22
19
81
35
55
3
45
13
18
30
125
67
37
9
55
18
15
43
0
31
52
92
40
2
43
128
51
41
2
29
13
48
20
76
71
42
62
15
11
9
87
50
40
56
9
9
2
2
42
85
28
104
22
2
21
1
13
22
100
53
45
48
7
10
17
58
44
28
49
33
81
9
30
48
26
49
75
89
39
18
16
52
48
11
22
4
43
6
59
16
6
21
23
30
3
31
59
15
10
20
60
20
41
4
38
12
83
42
10
45
34
23
26
42
49
1
20
29
14
44
57
52
30
17
15
68
61
95
6
36
48
28
80
46
29
65
26
20
27
147
15
52
117
47
67
53
74
44
63
89
12
31
12
92
12
50
0
28
24
79
23
36
2
81
16
26
59
66
47
5
66
10
48
26
3
107
10
42
6
25
134
53
24
3
80
38
12
71
34
45
6
48
95
56
6
64
22
52
19
29
5
16
39
43
10
22
38
30
41
15
41
109
64
69
119
14
8
11
26
10
11
5
46
33
50
40
27
51
7
68
13
6
29
17
50
17
86
129
37
109
11
49
80
20
36
24
25
31
25
17
123
4
59
18
83
50
95
44
36
87
26
117
80
1
8
11
37
77
25
83
18
29
45
37
1
9
39
16
52
10
22
11
54
53
25
83
78
87
40
49
37
84
82
51
29
45
17
21
123
22
17
46
37
162
101
26
64
5
84
34
3
115
31
3
120
17
24
25
14
26
87
18
9
26
64
49
113
70
29
42
101
89
2
116
25
25
19
40
92
15
1
29
46
58
18
14
94
52
23
51
59
4
33
5
11
72
5
55
42
14
25
11
21
21
63
26
83
28
90
18
3
33
16
65
61
18
8
81
9
51
29
52
4
1
26
118
65
47
85
15
18
6
72
43
70
34
6
18
45
62
43
25
65
19
43
91
77
53
12
37
73
105
38
24
56
3
46
32
43
8
45
59
71
47
17
35
66
8
14
15
2
10
50
70
40
28
56
32
14
71
83
13
62
16
26
52
22
4
43
50
1
47
3
43
48
27
43
18
28
43
37
44
10
82
10
40
21
50
0
68
70
7
63
2
53
72
109
40
5
2
22
8
37
53
67
113
9
61
12
27
33
62
55
12
56
11
50
41
8
60
102
18
32
17
38
52
1
53
16
30
72
69
11
93
135
87
30
6
30
38
32
43
115
22
94
118
23
2
1
14
24
116
102
11
7
32
11
17
42
54
46
20
0
34
31
2
32
15
45
59
6
103
14
54
26
57
10
13
25
20
12
39
31
83
77
57
66
89
31
58
49
19
64
15
13
61
58
13
18
53
4
67
23
71
5
9
2
44
39
61
14
51
5
33
11
42
27
32
66
16
60
68
11
35
97
73
45
36
38
36
18
56
72
41
64
85
3
82
69
2
43
18
6
10
14
30
59
12
58
43
51
53
87
69
66
26
99
6
64
23
11
17
79
20
9
34
39
39
18
125
92
47
77
52
10
74
12
23
14
6
7
43
84
46
88
41
7
26
18
29
9
41
2
18
63
36
56
0
10
75
67
1
28
52
26
30
11
71
87
13
13
25
57
27
13
63
33
7
2
50
68
9
57
30
13
67
67
18
91
95
11
41
17
35
35
23
10
65
10
50
49
2
49
7
6
49
56
33
3
13
26
2
72
7
29
54
4
5
49
51
37
80
51
98
30
88
62
49
40
78
37
33
5
53
8
33
73
14
31
7
59
44
38
77
89
21
2
24
79
3
25
6
21
37
43
34
29
36
153
21
5
103
19
16
50
13
36
6
37
3
20
15
26
38
37
34
71
26
57
23
62
33
24
30
51
73
9
47
34
15
15
52
20
34
4
37
2
65
2
9
36
8
83
12
43
81
68
15
26
22
42
15
9
4
33
36
21
54
7
32
4
58
56
49
5
27
61
26
0
28
20
23
13
32
21
29
35
25
55
88
133
2
24
49
6
97
28
97
11
19
60
11
17
93
13
6
33
33
47
43
56
43
6
20
54
38
14
96
19
54
25
45
36
39
18
16
15
7
30
20
16
12
34
13
40
9
51
71
26
31
16
28
3
17
56
3
57
14
23
78
54
95
25
36
9
24
72
85
17
28
23
38
27
23
83
8
59
7
85
34
82
109
24
26
36
18
40
7
13
24
2
51
15
12
33
82
99
6
75
75
5
6
60
47
23
49
73
13
23
9
44
55
37
3
64
6
11
27
36
33
113
38
75
48
57
77
7
2
38
18
32
8
72
51
6
21
24
36
30
27
10
50
33
25
1
60
48
32
79
24
20
56
4
20
62
8
136
23
37
35
25
8
46
41
32
25
33
50
22
47
16
26
85
28
40
13
66
80
23
18
9
2
10
26
24
38
39
24
47
4
52
40
14
28
30
41
19
47
2
1
64
37
38
0
131
26
30
54
74
24
1
37
1
12
81
18
13
22
2
7
4
34
55
63
14
7
59
21
7
71
39
50
11
46
29
53
19
42
28
58
60
60
8
11
32
0
60
20
76
39
18
36
52
19
26
14
59
2
21
68
31
10
2
13
11
35
20
48
33
29
4
27
18
31
40
55
29
15
56
38
39
4
29
52
32
33
3
39
58
53
12
24
22
16
69
29
32
35
3
17
35
28
53
51
44
9
26
49
18
1
110
0
19
24
35
23
4
7
53
43
7
50
17
57
32
11
93
50
24
28
59
75
33
10
17
63
49
76
17
45
3
3
17
15
4
96
33
14
45
2
21
67
50
23
32
10
35
26
36
25
48
42
45
35
14
61
75
13
63
53
58
66
38
66
53
21
12
74
31
25
32
49
12
4
56
102
64
13
57
11
8
10
3
42
37
34
59
5
61
1
28
5
42
5
30
36
1
40
49
43
61
61
15
2
2
62
26
7
1
78
38
12
9
45
37
24
20
28
116
27
29
56
67
45
4
28
21
37
15
3
27
12
34
70
15
27
46
37
35
32
4
7
10
85
7
41
57
12
33
15
4
72
42
22
18
22
66
20
3
35
31
20
58
52
24
39
27
12
24
2
35
47
4
83
15
20
8
80
39
14
34
43
24
27
43
11
40
9
13
27
9
51
67
17
47
49
74
36
23
57
19
83
1
34
93
15
20
57
10
7
25
28
84
22
33
31
27
8
48
16
7
52
15
36
20
4
35
46
4
15
53
71
48
33
71
68
24
14
58
128
45
24
22
46
10
15
5
11
56
18
51
19
16
33
9
22
35
37
58
99
3
11
19
15
14
26
12
9
30
71
4
30
5
43
22
67
59
47
53
39
70
28
40
28
13
107
58
28
41
24
3
38
30
14
25
84
27
1
10
7
70
63
32
49
61
21
11
58
63
13
35
51
15
25
38
17
9
30
13
9
9
24
40
13
34
38
17
19
37
9
28
2
40
26
11
14
18
42
95
11
9
16
38
26
2
4
40
17
14
7
3
54
2
3
32
41
22
18
32
16
17
24
22
64
64
28
36
60
37
14
65
77
70
34
146
63
37
23
16
57
32
5
93
37
15
6
23
100
22
16
3
57
9
104
43
28
48
24
3
12
5
60
20
34
14
17
46
52
2
5
59
15
14
11
26
14
29
32
39
37
64
53
40
11
26
36
1
2
74
25
28
16
30
52
16
33
47
6
10
42
32
31
39
20
13
48
12
7
31
6
76
60
44
7
9
111
9
58
9
43
68
16
17
36
44
46
14
3
3
6
38
28
21
19
52
114
17
33
23
57
14
11
35
42
31
2
47
73
12
11
7
31
66
12
18
5
22
34
4
38
62
32
20
12
6
4
8
77
48
36
20
16
7
18
6
44
13
32
77
106
36
69
36
53
28
42
20
8
43
45
41
19
11
10
16
24
33
24
31
35
24
17
40
11
33
6
58
22
32
5
29
2
46
13
31
9
14
30
36
16
32
4
22
18
75
48
14
5
47
24
18
19
30
34
45
39
4
22
48
66
79
18
7
0
19
22
25
49
54
39
24
56
60
0
81
4
52
11
37
5
1
23
2
46
7
35
3
29
2
68
24
63
10
18
18
10
4
68
3
2
25
49
2
31
24
41
58
3
55
22
12
30
9
70
2
88
25
34
22
12
12
35
26
6
12
45
17
13
15
11
4
28
12
42
8
27
33
2
14
5
3
37
4
48
11
23
41
14
51
13
2
7
7
23
31
19
72
64
36
33
7
65
33
17
12
26
10
17
21
37
5
27
76
2
1
8
16
28
1
22
11
4
49
6
12
1
14
35
14
14
24
36
45
54
2
82
32
32
41
17
37
17
13
11
11
51
11
7
18
4
2
23
18
13
27
8
38
31
51
37
3
40
24
14
27
14
36
15
12
9
30
7
4
8
2
18
19
25
8
35
10
38
10
4
27
13
31
64
31
2
8
44
12
8
56
6
23
14
20
2
50
48
17
9
51
32
22
1
39
50
27
22
38
60
15
101
2
8
5
15
28
6
73
1
3
11
12
43
2
13
25
15
16
21
27
30
37
14
63
12
5
19
10
11
1
21
15
12
30
18
60
28
46
33
41
45
1
15
19
41
30
28
66
10
23
36
31
2
65
12
16
7
9
4
40
4
4
11
2
4
22
64
42
0
14
23
56
19
19
26
6
21
8
16
28
21
16
14
57
43
7
40
17
21
21
17
63
4
9
65
9
19
39
49
19
7
15
12
5
20
6
58
1
20
28
33
21
0
31
12
6
73
22
13
27
29
16
13
18
1
11
35
2
14
7
17
11
35
30
17
37
23
28
20
1
37
7
23
9
26
5
70
30
9
14
25
37
73
29
34
22
25
68
10
27
1
18
17
11
4
25
11
41
60
30
23
31
13
37
29
4
18
15
9
21
18
9
3
9
57
19
33
0
13
33
10
6
25
15
20
43
46
12
43
15
57
28
13
36
8
15
31
17
42
7
5
5
22
10
8
24
9
6
56
78
1
12
32
22
39
12
3
16
23
22
8
23
29
8
14
39
41
29
11
12
64
4
14
39
18
62
28
12
17
9
2
7
20
4
42
8
12
10
12
14
17
28
26
42
34
21
11
16
31
24
6
6
3
17
34
15
27
27
9
33
34
53
7
21
54
39
6
5
10
15
11
10
25
14
38
11
25
1
30
21
5
14
49
7
9
20
70
30
8
24
6
7
29
26
38
20
44
44
24
14
2
30
14
64
43
41
36
27
17
17
6
6
11
24
37
28
15
10
18
28
38
18
37
14
21
19
2
5
29
19
15
26
17
7
39
6
14
37
8
31
29
33
26
19
0
19
17
6
16
6
15
41
26
1
26
27
36
20
20
21
39
9
31
36
31
40
21
6
8
2
5
25
37
4
16
11
1
14
12
7
1
39
39
18
32
25
7
7
4
17
7
20
17
2
14
12
11
18
14
2
0
34
32
10
2
48
30
9
12
6
22
31
13
2
33
24
60
1
28
4
10
11
5
4
2
48
14
31
14
40
9
7
15
2
2
3
32
11
1
11
9
10
4
1
18
10
13
20
11
53
20
11
14
11
13
2
27
21
13
33
6
14
14
47
4
4
23
10
20
53
18
16
25
28
7
26
4
17
22
15
6
4
16
9
19
57
10
30
25
14
52
43
2
14
10
22
16
4
15
6
0
32
5
23
5
10
5
24
17
29
27
5
4
17
0
3
45
17
11
0
21
37
1
19
16
36
0
9
4
19
48
16
50
9
26
12
16
7
1
14
6
8
14
16
40
25
13
49
24
24
0
23
5
2
14
7
33
7
13
30
11
26
1
12
24
1
11
58
29
10
40
28
2
0
20
6
2
15
7
1
38
38
24
4
19
9
19
12
13
3
10
8
18
18
19
13
1
9
30
6
45
31
13
12
5
19
16
13
13
30
8
8
13
20
11
34
4
12
15
21
5
7
14
16
17
31
3
1
21
10
3
7
16
11
30
4
39
3
18
15
10
27
11
1
2
28
4
4
17
22
29
3
8
36
4
15
22
6
6
24
1
1
14
16
3
8
11
5
12
23
33
3
5
6
12
27
7
4
15
2
14
22
4
0
6
11
11
3
9
2
0
6
25
11
3
2
1
7
34
1
6
27
16
13
16
11
5
6
34
0
11
23
2
18
11
5
11
30
1
21
5
13
7
21
3
1
4
3
4
16
23
8
12
33
11
0
24
7
18
18
10
5
3
0
7
12
5
1
7
8
10
13
9
1
14
9
13
16
8
4
3
13
13
13
12
7
8
3
1
4
8
8
1
8
21
12
7
3
19
21
11
13
2
7
4
1
1
10
1
12
6
13
17
7
2
18
3
2
6
5
17
1
4
2
22
6
3
12
5
1
3
1
7
3
4
0
7
22
4
5
1
5
9
3
7
11
14
1
3
23
1
5
9
1
1
8
13
7
5
9
7
6
10
5
18
0
9
5
6
4
13
5
1
3
4
1
1
8
14
9
1
8
0
7
7
2
2
7
2
5
2
5
1
4
15
0
7
7
2
6
2
2
9
1
4
4
2
6
1
1
2
4
4
1
8
3
3
6
2
2
3
2
5
0
0
3
2
2
2
0
1
1
