23
25
19
2
9
39
5
57
16
2
8
112
0
14
73
103
39
65
1
19
6
37
15
29
25
7
96
68
5
10
50
30
74
1
3
48
126
84
13
46
27
12
34
31
37
11
21
17
15
29
18
137
27
20
38
50
20
51
49
6
9
48
17
15
37
71
25
17
42
47
53
59
41
16
14
32
48
115
12
69
27
78
9
176
129
49
32
92
108
25
38
68
8
78
47
85
44
93
60
45
4
26
29
57
2
58
34
13
21
91
24
71
9
109
76
18
98
106
7
7
12
25
80
37
90
25
37
77
29
40
23
7
42
17
36
9
18
95
79
30
31
32
23
72
66
6
29
21
132
118
95
43
132
93
37
158
121
74
23
48
22
58
65
141
39
20
33
5
74
102
14
5
29
53
80
36
99
137
86
138
15
12
33
113
69
23
44
122
10
101
10
141
43
15
132
4
39
31
1
72
47
14
9
22
89
73
39
41
26
48
36
69
114
61
9
122
105
41
6
82
4
117
16
75
19
65
68
20
47
23
112
30
7
78
119
49
33
102
32
19
48
20
45
19
35
136
122
58
44
118
55
68
62
12
61
72
35
28
15
93
96
11
33
67
54
81
119
84
90
51
24
38
90
14
56
59
20
39
27
10
42
42
132
1
105
100
7
32
19
57
65
10
7
44
61
35
30
11
20
32
18
57
98
79
41
128
43
21
31
50
1
20
100
41
58
41
35
58
78
14
84
63
42
40
48
73
40
30
74
36
65
39
6
76
66
49
92
27
111
100
13
9
36
88
109
29
3
66
68
112
43
27
61
29
18
72
120
54
29
18
58
144
5
29
8
96
18
155
152
163
70
10
106
28
74
8
23
52
108
27
37
69
45
10
13
22
101
7
26
10
20
65
82
100
59
5
5
47
7
45
43
17
187
26
71
58
3
49
5
13
15
26
52
69
4
36
45
13
46
11
27
41
82
124
14
56
15
7
134
42
28
8
49
72
25
3
67
2
108
28
24
56
54
118
25
41
45
208
12
120
61
36
26
107
140
49
86
42
34
6
48
70
90
83
20
20
39
17
15
53
37
34
103
91
17
20
57
41
1
1
38
105
12
6
38
17
41
66
40
1
77
39
9
105
61
62
30
12
35
7
21
119
110
33
56
7
86
87
106
40
3
29
7
40
29
20
154
57
132
17
11
56
31
1
54
100
104
118
21
144
29
65
40
7
73
52
9
49
1
52
16
57
25
86
56
20
92
32
2
50
125
50
31
24
22
6
37
23
44
75
65
30
46
40
66
24
39
95
58
11
170
31
65
24
33
34
4
107
36
32
61
11
57
62
66
17
175
3
17
89
73
75
53
118
30
3
14
59
32
11
57
37
49
156
33
24
9
134
9
19
58
14
36
31
110
31
72
4
21
71
32
22
62
33
11
107
63
24
55
27
1
51
117
79
53
30
109
33
8
109
46
70
86
51
77
61
37
61
50
41
18
86
34
82
28
49
158
118
4
33
18
14
29
21
79
2
23
5
73
12
91
17
16
44
0
27
57
8
17
1
129
75
18
4
49
30
64
45
72
49
0
48
13
79
125
25
14
75
65
19
89
42
5
35
42
86
50
80
31
33
131
51
35
38
42
124
41
71
17
23
62
77
113
140
1
17
32
85
35
30
22
38
109
92
49
4
40
4
14
29
8
46
19
40
108
154
54
34
5
81
36
17
8
104
39
84
82
48
22
44
59
23
33
60
2
65
40
14
10
39
103
55
1
144
35
82
91
44
25
102
22
8
22
76
49
39
84
20
54
53
14
65
7
4
4
45
4
27
145
135
67
0
59
4
9
80
83
42
20
79
8
89
40
34
102
67
51
90
35
9
0
187
48
12
7
35
41
85
50
74
43
70
3
18
37
3
50
26
50
65
44
51
38
23
14
19
41
64
46
124
6
99
52
53
49
61
82
83
95
105
15
75
18
144
80
15
25
104
150
38
26
47
26
107
40
1
117
52
80
0
63
17
100
41
105
26
39
11
81
63
77
44
76
31
28
131
84
74
34
15
9
94
70
12
40
0
101
35
133
52
65
75
5
5
13
93
22
35
30
76
47
15
141
26
97
100
9
15
45
4
4
80
28
79
79
91
3
45
89
20
60
46
16
88
28
42
55
45
42
29
6
114
16
9
64
116
33
18
55
15
183
14
78
5
164
0
7
98
132
32
52
78
62
42
8
90
111
22
65
111
80
68
31
42
53
73
23
9
4
56
60
87
42
74
9
3
21
111
83
24
43
37
3
155
6
35
10
110
87
2
13
134
28
145
89
60
50
23
55
73
39
143
26
12
22
27
30
8
5
40
15
50
14
46
19
8
30
10
19
131
61
53
75
115
28
59
29
8
41
37
96
111
45
23
78
51
35
13
82
68
22
26
46
9
76
8
30
35
123
5
80
9
83
18
11
47
25
7
40
39
13
98
62
42
4
10
15
31
17
37
87
77
115
13
82
116
2
33
4
49
38
78
23
112
41
66
62
6
47
78
14
36
25
7
38
5
11
67
90
27
125
93
80
11
32
16
43
7
55
6
56
41
21
62
46
68
14
9
24
1
4
117
12
83
5
55
112
52
33
120
82
17
1
57
28
14
73
86
27
82
51
67
5
6
3
30
55
51
52
30
72
78
20
74
10
37
70
47
137
44
4
52
79
68
119
84
7
21
25
11
6
59
49
72
50
18
91
8
27
7
9
15
37
44
0
105
30
50
65
102
69
16
72
4
129
13
25
17
87
27
55
12
10
104
53
102
25
70
6
4
42
22
57
28
72
47
114
10
40
41
40
55
29
25
11
48
78
105
54
112
60
33
45
51
80
4
123
19
85
40
23
31
105
3
11
54
45
4
33
1
94
61
17
13
17
41
99
61
4
30
64
84
10
18
12
96
107
65
35
58
64
131
18
29
11
95
25
21
46
49
1
31
58
18
16
51
53
67
12
19
16
110
89
20
47
2
35
54
56
71
17
22
43
22
30
59
75
45
53
24
33
2
76
7
9
25
78
33
2
51
45
10
21
31
2
42
62
19
18
41
48
47
34
10
25
125
39
45
44
59
14
63
55
153
46
26
44
46
11
7
35
58
42
15
8
35
85
1
2
28
24
13
9
64
87
117
14
53
28
54
6
31
51
31
75
46
39
14
11
55
16
26
15
39
16
62
141
61
4
17
109
64
37
102
28
50
47
83
3
126
14
62
34
25
8
7
25
1
40
31
75
8
35
10
4
4
68
47
9
51
6
16
89
58
14
36
78
39
71
3
23
62
72
4
75
56
134
4
64
89
35
35
28
4
16
53
11
56
81
77
67
28
31
1
15
17
44
27
15
12
17
95
6
17
9
111
25
9
97
83
29
58
55
16
50
35
56
4
12
35
18
16
49
9
85
67
13
0
38
102
29
5
9
68
29
43
71
29
44
38
68
53
8
0
87
59
14
128
28
33
82
12
70
5
35
62
68
2
16
12
60
23
103
78
108
13
40
19
57
103
25
9
1
3
39
18
52
59
21
43
24
82
51
95
10
56
79
26
59
109
65
0
45
47
26
12
80
0
16
1
2
56
24
75
23
29
19
55
126
60
83
63
188
28
81
28
59
2
5
64
13
46
32
2
35
20
103
95
32
10
42
7
111
53
47
14
85
1
48
91
11
38
38
34
64
5
95
26
2
31
11
72
7
89
7
13
64
1
77
42
10
108
18
61
2
9
18
12
9
17
35
7
107
19
20
106
51
59
32
28
67
69
70
23
19
4
31
22
12
65
26
9
36
82
2
65
9
5
1
20
33
38
45
69
61
50
12
20
28
27
150
44
49
42
102
37
9
18
46
82
7
8
36
8
25
34
18
39
174
45
103
21
24
93
85
10
94
20
68
81
37
27
11
18
66
7
32
37
53
51
109
71
28
16
6
65
18
69
71
33
18
47
31
39
18
3
3
35
56
63
117
34
25
6
30
90
61
4
67
36
94
99
59
123
80
53
159
12
67
67
97
32
80
16
71
35
44
53
66
4
18
11
5
30
26
17
10
14
3
50
69
14
43
51
41
45
55
22
56
21
31
46
32
32
61
17
58
118
41
74
16
18
4
5
94
90
2
89
11
2
67
54
91
3
33
1
12
64
31
22
126
44
58
78
78
53
63
35
34
38
2
36
91
113
10
21
4
12
17
20
85
51
4
28
88
63
63
79
26
32
109
20
15
8
71
54
69
3
30
43
17
23
11
72
97
38
78
38
63
18
37
13
66
20
6
53
16
5
13
31
9
2
120
74
15
38
42
20
52
76
68
91
78
18
68
26
48
46
32
76
32
20
32
21
116
45
10
10
77
122
24
7
91
102
54
4
8
3
64
58
1
57
10
41
16
26
99
43
13
118
46
3
38
4
66
156
73
62
34
88
10
8
52
92
17
62
1
66
17
57
33
68
46
100
5
10
8
31
90
22
20
8
25
35
3
80
6
78
5
30
118
68
12
13
37
22
5
4
82
27
35
163
22
64
13
4
64
33
88
60
11
45
4
29
37
22
72
84
39
2
16
23
82
4
49
43
50
20
17
43
74
91
37
44
6
19
118
6
28
40
28
38
4
29
9
30
20
53
70
29
21
82
54
133
9
16
28
29
91
25
29
112
13
33
28
29
58
42
32
56
74
1
8
77
33
60
11
22
12
37
4
75
1
69
35
12
72
90
12
11
68
41
21
21
58
0
71
25
29
31
59
63
10
33
30
73
144
94
46
31
58
70
8
29
54
19
31
56
25
120
38
42
20
49
42
15
13
24
98
22
85
14
31
14
19
54
68
46
9
14
47
77
45
11
96
24
42
68
35
23
42
2
30
24
17
14
98
56
83
69
14
13
16
32
4
26
44
105
30
7
57
16
37
1
99
100
59
49
37
38
4
17
8
18
4
75
8
42
42
13
21
30
104
70
96
25
28
2
1
75
67
86
17
19
9
18
69
44
62
55
22
106
54
52
38
22
27
60
39
46
15
29
84
30
12
50
30
21
71
55
15
125
24
61
11
68
42
19
62
23
19
16
8
46
85
14
61
57
15
42
71
51
36
11
42
101
67
14
35
15
23
14
63
74
44
41
41
6
0
55
67
65
56
83
41
23
42
27
3
41
26
104
62
20
43
13
55
58
78
43
33
42
109
59
8
16
5
12
59
14
84
79
62
23
30
17
24
15
43
37
23
2
78
27
10
57
10
62
78
11
44
5
3
13
30
10
69
3
17
44
17
62
84
34
64
33
76
47
17
35
55
10
7
14
11
17
56
56
17
21
27
9
86
21
35
14
26
4
32
37
46
82
1
19
42
48
69
7
65
74
65
26
52
42
19
37
81
39
66
93
7
33
27
81
12
2
17
94
89
31
78
70
28
21
18
75
85
36
1
80
73
18
39
97
29
43
44
73
65
26
26
14
31
79
40
82
33
1
68
25
28
35
22
76
85
11
19
56
145
26
39
8
57
16
2
13
3
32
8
64
74
50
75
3
9
13
42
19
37
64
69
17
55
22
15
3
11
45
79
60
57
2
44
48
51
57
88
57
41
134
101
3
67
51
56
70
44
31
65
6
5
9
11
46
51
29
59
15
67
63
41
37
4
134
18
30
10
19
54
14
51
11
43
21
62
58
118
49
55
48
27
26
46
40
33
78
18
23
50
35
34
34
27
52
120
8
4
98
69
24
101
12
30
73
83
45
32
78
41
77
8
18
8
73
15
44
14
39
41
35
15
7
22
38
48
13
45
31
18
5
93
23
22
37
39
12
18
26
22
3
9
15
27
40
19
20
30
50
29
61
1
55
56
33
15
47
11
33
41
73
24
35
10
7
72
27
29
25
40
87
27
9
48
44
7
11
0
35
38
31
3
2
82
10
48
32
31
30
97
23
15
18
47
8
43
26
48
21
37
32
19
32
59
67
124
67
62
101
30
47
17
30
44
39
9
15
5
13
4
37
39
80
34
40
66
3
12
23
41
35
57
27
46
50
28
82
19
14
22
12
2
3
25
18
1
3
57
61
22
9
48
44
48
38
86
14
3
44
19
40
10
7
10
17
64
23
27
43
21
5
55
26
56
23
2
10
16
43
80
37
14
8
7
28
8
12
33
18
15
32
12
58
73
12
65
11
29
49
27
40
21
35
28
17
113
48
14
12
7
5
41
62
3
29
55
9
2
114
8
39
13
67
14
58
63
34
80
88
24
25
48
46
16
67
1
3
23
14
11
27
21
14
10
37
39
57
28
62
41
14
28
14
22
29
72
4
37
5
1
4
31
15
2
34
4
34
20
22
37
15
36
18
31
69
11
18
91
30
81
25
33
47
11
33
28
54
43
30
22
7
43
1
52
39
33
23
88
23
5
29
56
53
49
56
12
28
1
41
18
60
25
17
62
9
42
42
87
40
6
65
10
29
23
42
98
57
74
52
9
63
9
13
63
13
11
44
112
13
17
14
2
39
5
56
65
4
24
46
12
51
4
79
12
18
43
12
89
23
27
31
13
5
3
52
1
38
71
15
58
61
53
23
74
18
13
42
40
10
64
85
19
86
6
33
37
13
11
37
16
3
31
63
3
29
15
12
67
39
4
68
53
48
88
26
46
43
14
1
60
18
22
35
24
16
36
23
79
11
43
14
111
20
73
41
43
60
18
21
30
6
15
26
51
39
22
28
22
15
41
71
39
9
18
12
7
52
17
24
35
39
11
11
36
53
29
29
30
24
78
41
36
19
32
25
68
31
8
95
46
3
31
8
3
14
55
63
3
35
109
14
31
3
7
1
29
15
53
84
4
26
82
80
45
12
54
13
24
8
11
36
45
71
48
47
10
28
13
9
25
50
42
20
64
30
9
6
83
7
49
16
64
19
22
6
48
23
111
84
58
36
25
25
14
22
2
12
71
32
34
15
18
38
3
16
27
36
36
17
29
25
26
9
62
11
42
9
1
13
59
6
63
62
55
35
81
95
3
11
15
28
21
20
47
7
16
23
15
35
77
14
101
29
27
11
44
69
18
43
11
24
57
18
49
32
19
77
35
0
51
62
57
3
17
1
1
47
6
6
46
17
12
22
32
18
88
9
17
8
37
33
45
13
88
59
24
25
44
89
41
23
41
10
44
64
42
31
28
47
2
1
55
12
65
56
9
44
66
27
24
31
8
0
10
39
10
40
11
64
31
13
20
14
17
9
47
8
14
22
19
5
44
55
69
33
41
11
71
66
48
13
48
53
14
17
49
58
51
48
10
21
34
28
2
34
29
7
22
36
37
42
9
18
8
26
61
49
2
19
21
11
46
37
22
18
94
14
26
0
4
34
122
44
64
19
47
3
11
46
17
26
62
22
12
14
29
36
17
59
55
81
11
58
28
50
34
7
51
1
87
0
44
97
27
15
24
19
25
0
9
64
55
2
12
36
24
33
52
45
48
17
19
2
26
23
5
56
1
8
24
75
10
31
20
5
12
46
40
52
18
73
31
43
76
19
7
50
18
45
9
41
36
45
41
23
49
39
15
23
61
32
12
8
26
9
101
39
5
47
7
9
3
53
22
3
29
21
17
0
27
48
6
3
72
19
10
22
19
55
53
34
0
17
47
14
14
2
44
72
1
83
31
39
30
19
24
8
73
3
3
27
68
4
25
3
25
14
16
28
35
60
32
12
57
3
1
4
9
54
19
31
35
4
14
58
51
2
31
30
12
31
10
39
5
20
4
21
17
12
68
19
0
11
38
36
23
1
33
30
52
49
17
10
20
14
102
16
3
60
13
18
5
14
45
3
18
41
64
23
27
45
62
25
46
49
28
33
42
52
50
34
12
78
66
18
17
18
10
14
4
11
42
28
52
43
10
9
33
9
22
37
13
50
38
9
17
37
5
2
54
15
5
12
1
13
32
22
33
5
2
44
50
28
12
13
49
36
1
52
13
44
4
24
27
36
50
7
50
31
64
41
8
50
8
52
100
52
8
29
51
10
22
16
70
6
48
56
63
5
3
16
10
36
8
63
7
1
12
16
1
25
41
11
6
1
3
29
8
25
46
4
40
48
23
20
12
28
10
34
1
11
27
63
61
9
5
3
38
37
9
31
28
20
48
44
59
1
14
31
26
44
1
14
17
8
77
25
21
6
43
49
0
8
12
36
31
37
35
48
14
39
45
30
20
11
28
25
0
5
3
0
15
64
30
21
17
27
4
2
55
20
7
16
28
6
9
7
25
0
16
51
9
45
3
28
56
38
33
1
30
17
8
13
14
58
12
72
0
23
25
23
10
21
7
34
39
25
9
7
11
45
50
8
21
8
52
8
17
38
5
34
27
8
5
1
45
1
19
37
21
5
64
79
1
34
31
25
29
20
36
42
5
50
10
7
35
40
2
25
9
2
22
17
44
68
9
28
23
56
17
0
22
15
0
47
94
5
29
6
21
50
10
59
20
72
21
6
2
19
34
27
6
19
27
33
46
7
21
28
5
1
5
49
17
9
24
11
15
36
53
22
23
45
9
6
33
64
22
86
21
3
45
19
16
51
32
21
63
18
30
6
4
17
2
30
26
9
26
8
52
16
9
11
18
3
3
9
28
39
28
55
8
38
28
5
17
45
12
4
53
0
24
18
15
3
32
38
67
2
4
58
17
40
37
58
4
4
12
30
21
29
26
13
61
32
45
15
5
4
30
44
30
25
25
34
41
3
25
4
10
7
28
6
12
2
32
13
9
0
9
9
9
31
10
40
18
33
14
32
35
7
7
11
25
48
64
15
39
10
3
5
1
43
33
29
22
13
31
25
42
2
9
3
45
29
10
25
15
11
3
10
14
17
3
54
3
43
3
7
29
7
37
25
33
6
16
20
22
16
8
3
18
5
5
11
11
30
62
4
16
13
50
9
18
14
33
31
40
41
10
18
7
11
23
19
22
28
7
6
45
40
25
22
10
34
2
23
13
3
15
16
14
13
16
29
44
29
18
28
7
32
20
15
21
10
15
15
1
6
10
12
22
22
35
10
20
39
24
56
9
7
24
19
43
5
19
17
41
1
13
1
23
31
49
24
23
6
7
21
14
27
29
19
43
41
1
18
9
15
55
12
9
22
9
33
30
20
95
1
6
10
10
8
23
31
47
2
41
16
22
32
16
23
27
42
39
21
24
43
7
21
44
12
4
34
8
8
12
25
8
13
3
3
13
14
26
7
1
6
9
49
16
36
23
25
22
1
34
14
26
17
1
16
2
20
18
5
8
49
28
15
37
54
13
20
6
27
3
11
39
22
29
1
21
19
22
1
64
8
55
23
6
0
11
39
5
2
4
32
24
1
31
19
3
8
4
7
12
44
23
31
13
24
18
24
7
12
23
20
7
15
4
5
45
1
34
2
60
19
41
14
14
59
4
0
72
21
17
30
25
29
24
16
13
46
18
32
4
2
12
11
6
16
4
26
46
11
6
21
17
44
20
24
8
2
5
31
7
23
9
14
19
52
0
63
20
1
46
25
33
26
17
28
34
14
23
24
11
16
41
38
6
65
9
0
5
0
15
23
20
2
30
43
10
27
0
10
4
3
27
25
2
5
28
26
26
18
22
19
7
4
2
8
60
11
33
27
12
23
10
3
2
14
14
8
15
14
12
0
12
37
50
3
45
19
19
63
9
16
31
10
29
12
13
47
10
47
14
21
16
6
13
10
10
17
11
13
20
26
39
1
4
40
4
25
3
14
5
30
20
25
14
24
39
2
15
25
1
20
7
35
2
7
20
13
33
4
5
27
10
38
10
1
23
2
4
8
27
41
6
26
13
41
19
8
16
7
7
11
12
0
24
34
11
26
17
22
18
1
10
14
7
11
38
16
10
25
18
21
6
4
10
0
17
15
1
8
30
14
3
44
27
12
32
17
7
11
22
15
9
9
25
21
2
0
17
13
23
29
33
29
12
25
3
44
5
19
3
20
41
17
0
8
20
0
7
20
11
9
14
20
31
7
7
6
0
5
4
9
27
4
6
12
16
11
14
21
1
14
14
10
2
1
3
10
3
16
25
1
6
37
9
11
18
20
19
0
7
38
28
9
6
14
18
5
12
4
19
10
4
12
10
19
21
12
10
12
17
4
32
1
3
16
42
4
14
18
11
15
7
5
31
17
27
14
21
3
3
9
16
14
16
43
2
2
23
1
0
18
7
35
8
1
43
19
9
1
20
25
9
27
17
4
8
12
1
2
35
7
14
23
17
9
14
2
17
11
14
4
9
8
12
7
14
17
7
7
5
3
16
15
4
12
5
10
18
6
2
13
8
17
21
11
9
1
19
0
3
4
5
3
7
18
15
13
15
7
12
10
2
7
19
2
7
8
5
0
22
9
11
7
15
17
0
2
24
3
12
3
1
16
0
9
4
2
5
16
3
11
15
0
1
2
22
3
10
11
4
3
1
7
13
8
0
7
22
16
12
1
9
2
3
3
2
2
2
2
9
12
12
16
9
1
6
1
11
6
2
1
2
6
7
2
1
1
2
12
0
1
1
3
1
14
2
0
7
1
5
2
1
1
4
1
6
2
1
5
2
1
8
2
2
2
1
1
1
1
3
0
0
0
