12
30
6
84
46
39
32
10
8
5
43
7
14
21
13
4
4
94
50
51
10
77
16
42
35
11
6
8
77
50
8
8
22
0
23
95
15
33
87
126
40
34
35
34
129
6
45
116
3
13
2
39
11
21
124
53
62
81
43
19
93
7
59
66
40
16
55
60
63
44
79
15
38
29
60
11
8
87
7
40
20
15
30
9
71
31
27
15
3
42
8
85
52
4
26
6
85
45
94
40
49
13
6
40
101
42
31
79
95
48
99
59
76
1
43
91
25
66
23
20
55
24
14
17
55
6
26
32
35
3
72
97
23
39
70
14
58
23
65
115
7
31
87
106
1
17
66
24
69
18
33
122
1
73
42
15
79
111
51
56
25
80
57
55
122
6
13
204
71
30
50
13
105
67
0
69
48
81
37
95
47
35
96
3
18
35
53
35
7
81
3
51
77
106
57
6
113
43
63
131
110
21
54
127
64
16
43
27
58
166
111
45
79
28
58
38
17
47
17
53
12
52
61
25
78
50
16
11
62
126
118
50
29
19
59
67
20
46
79
32
105
41
76
26
15
15
85
10
7
39
76
14
5
13
24
7
11
133
57
45
63
18
54
141
5
17
20
73
86
44
39
30
36
23
61
84
22
45
52
89
76
47
14
62
8
127
9
85
77
47
60
38
29
35
76
41
4
89
62
21
53
6
17
9
42
70
180
31
7
94
10
125
89
46
26
36
8
30
29
143
17
9
42
138
114
43
41
11
137
34
128
58
29
6
46
116
11
0
85
28
127
84
33
67
39
52
4
160
34
25
95
18
16
129
73
30
87
62
7
73
93
36
57
13
2
11
98
11
73
18
23
58
34
16
8
42
24
17
79
41
107
14
9
66
147
9
88
29
68
43
147
87
3
52
21
26
24
48
57
55
118
69
12
75
22
121
91
84
27
80
67
38
8
0
19
33
39
17
121
2
10
38
28
152
36
43
94
63
32
10
10
47
105
22
124
2
29
49
73
103
92
32
29
38
34
47
56
113
4
57
38
22
25
147
21
47
137
99
116
21
65
27
127
102
106
90
68
2
53
27
71
15
16
73
51
53
88
53
6
57
15
128
20
13
38
48
23
72
25
19
6
37
62
24
0
2
78
45
67
98
119
23
46
16
36
62
104
141
166
33
11
11
22
15
10
8
75
38
135
37
54
15
35
15
19
152
17
50
65
47
20
82
22
104
38
0
8
16
26
23
91
72
52
27
44
44
17
9
45
39
67
104
68
13
31
89
11
122
61
65
13
150
61
53
195
84
37
188
140
33
47
20
144
12
108
94
19
56
73
51
89
31
2
27
13
49
22
27
37
12
67
106
14
53
2
97
9
81
38
14
28
83
91
53
29
97
76
28
14
18
131
132
20
25
33
60
67
3
104
14
73
106
79
7
13
21
99
96
102
3
31
28
3
34
52
12
59
98
52
71
22
72
35
50
33
133
94
108
142
34
58
48
6
10
14
49
105
77
28
14
7
85
73
103
45
23
42
14
70
2
25
98
22
67
36
81
10
97
8
70
3
98
18
13
62
95
168
58
88
24
58
0
94
54
68
73
6
10
69
78
137
81
82
43
50
0
109
9
4
119
3
29
40
10
77
3
175
20
38
53
57
15
108
43
2
10
78
14
4
44
53
49
91
13
11
63
8
97
44
121
3
29
136
15
96
30
15
55
4
60
83
13
31
98
101
22
58
24
31
62
59
55
180
2
21
77
83
6
34
24
45
21
28
31
24
32
47
99
141
0
23
18
60
34
8
33
48
63
74
59
193
44
16
93
27
25
44
44
47
2
5
10
36
127
31
5
198
74
91
55
50
5
82
36
25
17
164
28
41
66
2
82
81
154
49
54
14
67
9
13
44
8
91
136
38
9
17
102
19
28
21
2
48
79
31
24
47
156
9
19
1
99
28
19
13
13
61
70
110
100
60
87
65
19
61
56
25
148
30
81
65
53
1
36
76
46
117
50
22
95
45
11
30
62
21
49
3
141
123
64
28
26
22
64
6
19
61
7
12
49
67
40
31
56
40
38
23
55
52
82
22
16
13
40
47
33
62
66
92
29
24
34
43
2
28
39
43
43
35
53
26
65
30
101
23
89
65
62
107
11
6
40
94
24
47
9
67
13
27
164
19
51
47
31
31
17
51
51
22
31
53
39
25
16
87
3
42
30
2
14
11
141
44
10
47
29
207
119
116
85
31
8
140
70
74
77
10
35
17
127
95
23
76
9
32
85
81
51
40
2
7
75
37
5
36
65
126
39
41
3
37
39
97
112
93
36
14
87
13
25
19
83
10
55
49
44
1
23
58
6
86
130
52
57
83
58
20
1
53
44
54
24
45
155
29
27
46
8
40
91
20
19
29
8
34
26
3
38
34
51
18
21
21
25
109
56
91
8
22
28
25
40
48
19
9
12
3
31
12
32
4
29
5
137
10
66
21
2
44
12
29
33
68
36
18
58
6
39
75
56
43
17
74
25
80
25
61
75
64
42
67
78
23
57
122
23
27
18
37
79
15
186
72
19
136
74
20
56
53
134
9
14
13
36
66
108
64
21
14
46
49
111
70
13
9
19
61
24
81
26
90
50
13
5
40
93
110
29
89
45
19
122
0
48
48
67
70
17
31
34
75
31
53
39
63
51
14
50
72
30
28
96
10
57
3
53
86
33
9
103
10
35
21
55
75
11
125
101
1
50
40
59
7
13
23
39
18
15
34
4
5
4
73
82
5
18
73
24
25
116
45
11
60
38
87
81
93
26
50
86
51
68
59
59
119
118
69
41
1
40
59
11
37
52
31
51
78
55
40
28
8
4
76
94
66
20
48
113
27
3
114
87
2
85
42
80
90
5
18
69
27
87
4
39
33
5
23
97
39
62
13
19
25
136
43
2
13
41
18
100
9
37
67
51
62
1
25
68
67
63
57
44
12
30
143
12
33
13
40
23
36
62
62
32
91
49
51
33
31
150
2
14
13
15
14
4
3
11
48
10
102
59
5
30
29
7
85
64
35
22
96
29
16
44
85
72
128
44
111
10
26
4
46
13
64
45
56
62
85
7
1
19
148
47
42
110
80
42
11
26
57
21
3
72
20
10
7
53
6
33
8
10
20
21
12
22
91
90
25
49
12
43
62
2
30
41
10
29
6
81
77
138
102
75
94
77
96
38
33
4
34
43
5
53
0
81
50
40
28
103
38
35
91
5
15
37
66
76
87
48
24
50
10
5
80
5
96
4
13
9
39
102
26
54
5
46
17
89
13
0
67
36
12
50
27
2
58
10
50
123
63
28
56
126
82
15
32
42
37
4
7
60
96
69
127
1
94
15
18
41
35
54
38
45
98
156
94
65
14
2
63
9
42
43
73
69
2
12
40
20
8
17
19
71
59
44
20
87
35
57
46
119
44
91
44
60
77
22
6
32
85
88
11
92
111
132
3
3
20
71
32
38
36
114
125
25
65
31
115
59
120
20
43
6
62
21
33
21
91
112
12
36
28
81
64
3
27
30
7
74
19
12
2
47
9
64
155
54
70
40
67
10
59
15
55
87
8
27
135
32
4
70
4
57
115
36
31
29
65
42
19
116
47
39
43
86
24
38
28
66
93
61
6
46
18
73
18
27
94
6
17
25
27
69
4
1
47
76
53
94
6
26
35
47
29
80
35
21
113
22
12
12
163
34
142
19
43
24
42
19
83
15
48
66
14
23
20
23
120
5
38
50
37
78
110
29
59
18
48
5
7
15
68
24
33
44
92
12
76
3
137
81
30
0
42
47
33
44
32
15
19
59
14
51
21
118
43
40
32
60
80
5
23
60
66
36
18
35
27
30
15
10
75
33
14
55
27
126
8
52
44
47
41
58
91
76
31
96
26
129
39
119
24
25
66
2
58
28
57
126
9
123
57
16
60
47
111
14
28
27
150
11
15
96
48
15
69
37
65
11
15
85
2
101
9
59
32
32
25
27
59
51
10
74
69
46
1
106
123
3
62
93
46
50
53
72
61
11
33
51
33
17
69
21
2
24
49
110
32
119
44
143
36
9
25
84
28
55
34
13
1
27
22
26
21
7
72
64
35
16
0
113
59
19
63
6
29
50
12
75
60
2
24
7
120
138
52
59
88
42
55
29
1
80
30
53
13
43
60
11
43
40
4
101
109
71
3
60
40
103
9
35
62
75
128
8
123
57
34
54
44
19
47
13
83
1
4
74
38
52
80
27
32
95
78
17
18
55
15
21
45
55
71
26
81
16
1
62
13
95
7
32
13
114
12
34
7
32
35
6
12
16
55
37
32
43
41
36
1
42
8
104
51
59
91
34
4
122
46
45
5
142
116
77
18
4
45
32
3
2
7
64
33
68
78
41
103
48
30
60
87
34
47
88
22
0
74
44
10
34
15
28
8
54
40
27
88
47
62
57
73
55
16
5
40
54
75
6
9
1
10
11
18
17
1
50
75
13
15
38
11
52
72
2
12
28
54
25
73
8
77
30
66
19
55
9
45
42
8
51
8
118
83
16
22
5
24
40
5
12
40
39
97
80
20
1
86
41
25
135
12
43
13
9
47
10
23
82
57
17
47
26
41
22
16
10
107
77
4
33
77
39
48
19
54
79
47
70
55
7
63
38
44
42
45
14
16
7
83
37
19
24
21
7
14
30
80
65
13
23
34
21
32
26
23
1
12
50
37
33
18
54
17
15
46
44
42
13
59
37
8
61
52
9
11
32
48
68
81
22
47
7
16
115
76
6
9
39
28
15
112
9
55
47
38
86
9
2
10
18
37
77
59
17
92
9
114
38
33
13
60
56
36
73
75
54
2
27
3
28
11
15
11
26
53
15
59
11
61
14
37
23
19
52
3
22
74
27
35
0
69
120
23
18
40
40
51
52
6
146
33
53
16
24
72
85
4
6
89
42
7
31
32
47
13
75
11
71
51
13
81
8
12
45
41
50
2
45
28
7
23
83
24
30
28
10
4
22
42
29
13
57
14
5
38
70
94
20
40
46
29
15
9
12
28
47
29
83
115
83
19
51
28
13
6
28
65
16
52
55
18
135
49
18
52
18
41
9
53
38
6
103
21
81
67
2
7
75
47
9
6
55
14
40
47
40
71
111
20
93
46
53
117
38
65
25
25
15
12
33
12
102
3
74
25
2
17
92
42
55
35
64
32
16
13
31
50
97
68
86
28
5
70
12
13
29
11
64
94
11
8
33
73
122
6
14
42
42
34
13
7
23
9
69
11
55
17
18
81
45
65
73
46
5
2
18
41
22
53
28
99
21
54
24
3
5
54
34
79
35
74
87
29
13
11
6
89
92
1
100
53
64
22
83
66
52
33
27
64
1
6
5
37
80
54
50
55
10
89
76
62
33
8
3
35
7
13
37
89
100
55
45
34
49
23
27
41
18
22
48
20
89
40
6
56
12
46
0
73
29
38
36
20
13
32
73
27
6
44
43
23
61
8
33
18
52
38
37
17
21
20
29
20
20
78
24
33
62
22
117
67
12
1
24
22
44
26
69
85
19
33
36
0
17
3
25
80
36
36
26
70
21
83
32
17
65
68
21
26
64
38
37
103
42
1
56
16
33
7
6
6
103
15
8
24
67
139
26
5
30
68
33
13
9
28
18
66
28
13
60
46
38
18
76
30
55
8
49
7
3
1
48
7
59
11
39
5
41
64
29
16
23
31
34
16
23
44
23
4
54
52
13
9
60
67
3
73
14
10
5
75
28
35
4
48
57
3
21
44
20
68
26
8
47
27
60
18
33
64
85
3
19
50
4
33
29
109
34
12
17
68
42
38
13
13
52
80
77
43
58
70
44
90
14
20
79
10
1
15
19
0
20
14
12
29
58
11
27
81
10
58
18
31
24
36
15
25
6
15
30
53
56
37
31
67
14
44
0
75
29
21
45
21
19
31
104
58
29
36
51
114
26
41
2
32
10
11
52
77
35
13
10
44
15
78
46
2
13
45
46
18
46
22
37
40
29
5
30
80
48
26
106
10
51
1
25
20
7
2
37
8
2
36
84
3
26
22
8
83
24
11
32
59
28
11
12
31
55
30
13
69
36
42
34
42
15
8
20
15
10
19
34
20
7
38
11
34
19
29
55
48
49
3
21
57
17
14
33
44
75
9
0
10
19
29
20
26
16
22
32
47
39
56
50
59
15
49
15
7
23
64
62
23
38
8
58
66
9
38
25
20
12
43
14
6
22
13
50
69
51
50
36
10
35
65
16
19
32
18
15
23
40
9
25
76
31
59
31
103
11
1
30
19
60
1
40
21
2
44
7
7
36
14
12
99
45
21
24
34
35
72
1
15
19
63
37
40
16
27
33
10
36
15
51
22
6
42
31
45
30
40
8
32
9
16
21
7
16
59
14
3
87
14
2
3
27
12
84
18
7
10
25
60
84
10
16
15
84
50
10
60
20
68
12
2
28
47
22
31
26
1
51
26
89
9
71
28
15
40
44
45
55
64
17
32
78
12
12
55
1
5
10
20
57
40
12
17
36
23
5
26
8
35
42
47
48
116
41
47
25
93
41
16
11
30
78
1
52
36
41
38
35
13
43
13
8
6
9
88
20
42
20
65
78
28
25
3
7
65
20
25
18
18
16
69
22
11
28
10
28
45
9
2
24
67
57
79
14
18
20
47
17
48
59
78
17
79
19
105
15
50
28
14
1
97
14
45
47
14
13
85
38
35
49
101
24
19
6
59
1
30
19
74
26
9
8
44
10
47
46
4
25
55
49
44
69
23
78
103
20
30
46
12
2
25
84
15
25
69
30
25
4
31
14
84
2
4
23
18
23
59
7
18
65
48
19
63
9
54
41
4
32
31
21
53
83
45
77
21
28
46
27
4
30
5
67
15
40
14
65
14
10
29
58
47
25
36
3
39
61
22
27
40
15
14
9
33
65
16
52
78
20
23
3
17
52
83
7
5
13
10
73
51
65
11
22
49
6
23
8
21
49
13
61
24
69
32
18
6
3
24
98
8
101
80
64
6
10
18
25
19
19
0
31
36
17
71
44
60
29
54
5
99
70
33
13
20
56
42
10
36
29
42
38
49
22
22
12
15
52
20
26
1
4
1
12
38
44
24
32
1
14
53
2
17
85
34
26
57
18
66
25
68
21
14
3
29
20
0
60
17
15
3
32
23
7
85
25
26
40
54
35
32
68
9
60
23
44
9
8
39
9
8
38
21
19
52
90
54
1
46
43
36
39
64
12
48
49
16
74
9
31
92
30
25
42
20
32
19
16
1
3
13
2
17
31
56
15
32
46
74
17
60
45
22
50
80
19
5
11
13
56
26
3
22
35
62
15
58
33
11
2
38
19
10
19
36
38
50
53
49
39
9
40
57
29
53
13
40
33
7
16
14
8
16
13
88
99
52
69
7
40
36
24
6
15
55
16
8
73
43
17
23
23
15
32
21
17
14
16
11
52
30
16
20
42
16
22
9
24
2
73
53
4
9
28
34
11
53
21
85
30
90
56
11
32
2
22
18
53
4
29
6
12
39
70
51
19
9
68
95
61
58
60
19
34
50
13
47
10
14
14
53
43
31
24
56
24
9
59
1
19
42
6
12
10
7
19
14
13
28
20
0
1
7
12
38
54
33
1
50
14
13
39
47
13
65
50
5
18
64
30
16
47
71
1
17
13
10
6
9
12
44
26
76
1
37
11
16
51
13
9
12
9
30
49
1
19
28
68
19
35
87
55
9
85
16
72
19
53
67
34
6
20
23
19
37
91
33
59
1
10
25
65
3
0
17
14
26
1
24
38
3
34
4
28
56
22
11
29
0
6
47
18
110
41
96
5
4
7
32
12
44
51
4
35
26
9
48
24
11
29
16
58
6
3
22
17
13
30
3
55
49
30
13
22
5
18
11
34
68
58
17
44
12
1
29
20
30
22
9
0
31
17
61
2
30
31
44
13
59
3
8
13
10
41
49
6
17
1
7
52
18
33
5
9
13
21
30
31
53
21
34
26
9
111
51
34
41
82
14
22
0
28
41
56
78
39
16
24
5
58
57
3
70
11
15
10
56
47
52
13
62
20
8
26
13
20
20
15
7
33
2
54
6
59
1
15
17
28
25
24
36
6
37
14
21
57
10
25
1
17
46
49
12
1
20
47
13
38
3
18
1
22
52
26
7
9
46
16
19
30
18
53
29
14
14
40
11
24
25
53
49
23
54
19
16
11
54
39
13
45
27
20
2
29
33
9
8
36
8
26
14
6
7
23
11
14
25
10
41
4
16
4
7
29
38
27
14
19
6
18
53
25
44
33
24
14
21
41
29
17
25
46
11
9
10
24
16
56
21
20
17
19
33
8
19
29
16
6
40
6
4
41
34
11
30
15
13
19
2
62
2
4
5
35
10
12
0
25
18
7
21
8
12
41
46
20
12
14
28
34
1
49
0
11
18
28
10
2
27
51
27
13
107
18
39
8
5
46
28
1
8
30
37
87
53
35
11
4
11
78
32
28
39
48
5
12
4
12
19
38
18
9
50
26
21
34
27
18
38
12
14
51
27
19
34
20
47
13
28
21
8
13
70
15
13
39
24
53
35
3
21
11
20
35
9
19
21
27
51
12
45
58
14
40
1
32
32
1
8
20
18
2
47
6
75
8
33
27
3
15
27
37
23
46
14
3
1
0
21
9
13
12
11
2
1
39
5
43
10
5
24
9
16
59
10
4
28
50
2
36
11
5
38
39
18
39
11
11
7
77
40
19
21
1
12
13
6
14
5
18
35
47
52
64
17
33
6
26
24
92
13
18
34
30
0
4
23
60
16
2
29
5
18
14
14
24
3
31
22
59
15
51
47
7
2
5
33
31
4
6
3
17
11
9
7
9
28
23
5
21
25
17
10
31
47
24
38
13
53
47
38
6
5
0
17
9
25
8
22
9
45
10
1
18
7
7
21
5
5
47
26
12
22
17
6
54
44
12
15
13
25
60
12
1
38
22
2
29
37
32
57
37
51
18
19
16
2
43
12
10
5
9
3
1
13
5
35
13
7
23
35
35
11
0
10
30
11
5
23
3
62
18
3
23
27
9
12
3
14
14
53
41
18
11
51
9
33
19
30
2
12
13
17
8
8
12
31
23
16
42
29
7
19
25
23
1
50
8
5
8
48
6
10
7
50
4
18
22
7
8
47
32
4
15
25
23
16
7
4
44
11
18
34
2
13
5
3
7
7
25
54
6
28
18
32
29
29
21
27
7
5
5
26
33
40
16
19
26
7
36
37
7
8
25
15
2
36
24
12
19
18
6
35
8
8
35
33
31
25
14
3
7
23
26
8
23
27
16
9
5
22
20
5
24
12
5
6
2
26
21
1
65
29
43
28
3
23
9
19
45
25
6
18
9
11
1
25
7
57
23
19
12
69
0
49
5
30
51
15
32
17
46
19
9
25
7
18
21
17
5
27
22
14
24
23
9
18
13
4
17
18
25
32
35
32
18
39
32
19
45
14
48
9
14
14
1
39
8
53
31
12
8
22
12
26
1
4
32
11
1
41
24
17
23
14
23
25
35
48
26
12
4
10
8
25
49
12
16
21
16
0
30
9
31
18
7
14
22
2
20
3
15
39
4
16
28
2
12
2
7
38
25
32
16
9
7
13
35
14
24
14
34
22
15
23
11
5
38
6
12
15
38
4
2
13
17
14
2
31
15
10
5
29
27
18
22
1
10
5
9
9
11
25
13
12
24
20
41
5
2
9
20
6
39
39
1
17
18
12
17
5
37
10
43
13
9
9
5
25
24
25
9
6
8
24
41
36
14
45
27
16
18
35
22
23
28
19
9
18
33
4
10
8
3
15
6
6
4
12
27
4
15
20
16
21
26
13
4
1
9
8
14
26
28
38
27
48
16
13
8
0
30
14
1
4
34
11
10
25
15
16
13
9
9
5
1
15
12
22
12
37
11
8
4
8
33
2
13
8
2
5
14
9
11
2
18
12
14
23
21
15
22
10
7
7
28
4
19
19
28
38
12
6
19
21
4
14
37
25
9
22
7
3
7
21
4
23
5
16
0
6
24
18
1
7
6
27
3
1
1
6
21
11
24
8
8
10
32
12
9
19
4
42
20
6
6
12
14
12
8
3
17
7
4
50
21
7
25
7
24
11
9
0
4
1
4
29
6
22
8
21
15
2
8
2
15
16
15
25
15
21
5
16
5
29
19
14
22
0
14
11
3
3
13
7
17
42
10
0
12
27
4
20
2
22
18
11
11
23
1
5
18
4
5
8
24
2
3
19
16
1
15
10
21
15
1
13
2
6
8
3
9
21
8
2
12
1
5
5
8
11
0
12
29
14
21
13
2
20
23
7
4
18
8
10
7
17
10
23
7
22
3
16
0
4
0
5
17
0
8
12
2
24
17
6
1
7
1
4
8
6
8
4
2
9
8
2
8
7
2
2
4
5
24
4
1
10
4
1
10
4
9
6
3
3
5
1
1
5
2
12
6
10
1
10
3
1
4
1
7
0
1
1
5
8
2
1
1
1
11
5
1
0
1
3
1
1
4
1
1
2
2
7
5
3
1
2
2
1
1
5
2
1
1
3
0
2
1
