15
2
11
3
3
0
10
1
9
7
9
14
0
19
10
21
19
13
18
1
3
7
4
34
14
3
7
6
12
16
4
31
3
36
23
23
1
12
10
8
6
14
10
4
14
17
4
1
32
12
6
13
10
10
6
13
1
8
11
14
4
31
53
20
13
12
25
9
10
2
5
5
18
3
9
7
12
10
14
0
31
48
2
32
30
22
7
7
1
17
18
8
40
8
2
3
5
22
17
5
5
36
14
17
1
31
47
14
11
7
19
3
1
3
38
19
27
17
10
2
40
18
28
36
6
13
40
8
1
4
10
8
6
4
12
33
18
16
3
15
32
25
20
13
0
14
31
2
6
18
5
13
43
4
21
6
8
11
29
20
13
17
4
7
3
7
24
31
7
10
27
20
21
8
1
4
0
0
31
3
6
18
18
9
4
37
21
2
3
21
7
31
0
3
1
13
27
17
14
5
21
2
15
10
14
11
1
5
9
15
8
5
3
6
13
34
10
3
7
2
8
32
14
11
4
17
12
1
30
0
3
8
16
21
1
10
3
6
6
10
20
6
12
3
9
1
18
10
13
7
18
8
11
23
8
5
11
1
24
7
5
0
3
4
39
14
20
3
5
6
1
17
10
4
10
2
39
10
3
14
8
7
9
0
6
0
20
22
4
11
11
7
3
4
14
1
5
6
8
15
20
6
6
4
22
5
7
7
8
7
5
7
15
10
7
5
1
22
18
7
16
1
3
12
33
10
6
4
17
1
20
12
2
3
8
5
7
13
1
4
17
2
19
12
12
5
3
1
15
1
1
2
8
15
12
4
9
16
2
0
12
18
3
4
12
9
8
5
7
5
3
5
11
10
20
7
12
6
8
17
4
4
3
16
6
17
22
2
19
3
5
5
1
6
13
5
16
7
4
1
7
2
3
5
6
8
4
6
4
15
4
4
3
5
0
16
9
0
11
6
5
1
3
9
8
14
8
4
2
8
2
9
3
3
8
3
1
4
6
12
3
6
2
1
3
4
5
8
10
3
2
1
1
7
9
1
1
0
2
9
2
2
1
2
0
0
3
1
1
3
