53
22
2
37
2
79
11
5
58
41
18
14
20
26
4
46
5
78
10
12
20
47
81
1
18
121
28
24
27
65
25
0
48
67
14
38
22
39
8
104
75
23
63
115
8
1
31
6
9
0
32
34
4
48
78
39
23
169
21
7
57
36
28
55
10
59
126
58
42
22
26
6
5
67
83
62
12
30
41
50
56
22
31
40
38
79
75
20
13
13
34
46
3
88
27
74
53
2
148
72
14
63
39
68
41
39
128
38
2
49
102
26
50
43
94
46
36
66
28
37
7
50
77
3
10
71
30
9
105
17
54
40
1
53
6
224
75
28
34
38
31
14
65
110
60
58
10
68
1
91
35
31
69
75
64
2
84
149
60
78
31
20
6
59
122
38
24
12
57
54
5
65
108
19
95
44
38
25
11
106
41
64
47
38
14
12
61
6
16
135
98
10
78
13
78
2
76
22
93
159
61
19
18
35
95
10
141
28
149
61
50
30
62
19
45
9
28
155
101
3
32
73
62
46
3
34
48
78
68
91
81
67
90
57
6
72
85
5
1
39
51
67
223
0
7
71
22
18
18
156
44
20
6
22
121
7
97
31
71
93
56
34
57
88
94
129
12
4
81
9
61
163
22
0
10
100
63
12
14
95
83
7
172
66
163
60
64
48
39
10
33
44
41
61
69
165
30
81
54
9
28
91
2
17
3
115
63
2
31
7
10
28
9
27
39
107
86
55
7
71
23
93
141
41
32
58
50
8
68
101
18
95
81
70
2
46
138
20
17
68
2
48
113
2
102
47
90
17
61
56
32
17
10
67
13
2
79
44
39
13
82
106
1
22
30
43
54
9
24
39
5
44
64
79
70
32
162
96
64
13
29
57
61
73
4
97
49
16
32
5
83
6
9
33
7
16
33
38
35
1
85
90
19
82
11
76
11
94
56
152
99
13
49
71
44
31
59
20
113
280
30
9
42
91
27
2
37
29
65
11
217
76
82
122
52
120
15
11
117
133
38
91
16
19
65
14
23
6
36
8
51
1
71
62
43
15
40
26
14
97
45
66
48
29
87
39
33
33
40
92
18
41
1
7
42
4
72
1
1
93
23
3
12
24
57
5
67
73
1
85
87
69
22
32
22
129
43
8
92
54
6
115
17
24
65
45
14
12
36
41
44
19
58
0
32
34
91
107
51
15
39
5
46
5
28
69
93
29
32
78
66
5
83
63
29
15
97
155
40
73
92
86
77
8
171
146
30
14
70
65
47
127
30
40
131
3
10
43
227
32
15
52
51
11
24
61
22
106
40
21
32
12
1
65
57
5
9
18
14
76
65
41
67
4
22
58
19
104
32
0
47
44
21
12
15
20
72
11
68
29
85
9
114
4
32
78
102
65
26
190
4
7
11
20
61
50
22
77
34
56
34
6
120
95
17
75
4
37
47
6
97
102
87
60
1
111
91
102
117
136
58
7
25
6
7
14
119
35
101
86
113
105
33
26
34
98
14
84
14
2
133
119
12
54
43
15
34
56
27
36
45
26
60
38
71
49
47
19
87
50
36
6
48
61
127
1
102
16
37
51
36
99
79
28
13
59
52
57
42
43
52
98
85
45
49
74
22
15
7
1
16
36
61
123
45
19
68
133
4
67
57
12
13
5
0
53
37
50
146
125
116
41
53
24
81
23
16
20
31
8
94
70
72
4
84
6
93
108
2
33
167
29
65
66
32
17
8
34
44
50
116
81
164
38
43
29
110
63
67
93
108
11
44
21
71
57
13
159
41
24
79
6
42
77
129
30
12
126
44
45
31
158
9
17
25
29
34
15
70
45
87
9
70
45
13
1
71
9
22
60
2
98
35
16
4
72
44
76
13
4
48
38
67
53
63
28
7
95
68
44
128
3
51
19
9
69
95
53
59
43
27
21
92
75
44
36
19
22
32
6
34
84
63
11
56
85
47
144
5
73
28
24
53
170
17
28
96
72
51
23
19
50
34
29
116
22
71
58
7
38
24
54
6
73
6
10
12
52
7
64
86
8
66
53
14
77
74
6
26
71
109
111
42
36
2
63
114
100
29
3
1
24
8
98
57
66
51
10
20
55
26
1
108
3
26
107
26
64
115
88
52
110
2
31
80
7
20
43
76
71
95
59
21
35
107
89
28
19
50
15
63
71
33
95
14
89
37
87
98
8
99
54
8
13
21
36
11
20
94
43
11
13
1
44
24
33
54
72
3
57
86
51
87
14
98
57
93
57
74
34
53
43
12
42
0
54
42
66
55
39
18
12
95
14
71
40
177
19
1
84
49
28
38
27
73
4
31
65
3
74
90
29
17
65
29
14
68
2
0
31
7
67
133
37
46
48
73
35
49
62
31
17
22
120
41
25
35
72
20
49
93
33
81
33
24
39
31
118
9
1
30
15
83
68
25
56
12
61
125
38
169
43
113
42
29
47
70
40
6
13
94
67
48
22
63
6
38
28
4
34
48
92
20
40
32
22
67
2
7
25
15
111
9
39
129
48
23
110
43
96
97
125
59
79
26
38
70
34
49
4
44
59
94
41
4
161
26
82
141
40
11
18
51
14
38
93
23
37
12
15
20
3
18
54
1
11
12
7
96
78
27
71
121
66
79
67
129
60
80
9
42
3
46
51
39
39
31
21
7
96
62
8
2
30
38
25
15
78
50
76
80
70
9
19
56
83
39
11
16
8
81
87
3
15
12
68
41
16
14
34
94
56
3
58
51
30
74
82
24
113
26
17
80
8
15
39
23
49
38
29
55
4
26
74
26
21
11
61
8
86
91
5
43
80
72
46
90
27
82
102
13
56
8
126
30
35
28
34
54
92
123
61
7
89
11
31
50
6
50
93
8
74
73
16
65
3
61
42
87
25
36
52
28
32
45
32
6
40
13
2
21
4
40
37
16
2
15
15
6
26
34
8
61
21
36
0
3
30
64
29
35
14
101
34
45
82
37
29
69
30
6
39
39
37
84
65
48
41
69
7
30
25
9
117
54
46
12
14
23
62
45
10
44
75
17
24
18
8
60
55
25
29
32
47
28
47
39
25
112
38
18
12
9
61
48
50
30
59
31
119
6
56
13
37
120
62
100
19
157
38
4
53
32
87
21
60
27
52
18
23
149
61
15
5
3
34
46
6
82
79
25
3
94
16
64
1
60
21
64
27
10
56
17
123
43
54
56
55
83
63
41
74
14
73
15
55
72
26
51
43
74
99
16
91
102
41
4
97
8
36
23
18
69
84
41
2
15
21
5
28
106
94
19
1
38
23
60
22
17
89
103
130
96
24
49
59
123
11
150
23
59
16
83
11
107
67
5
12
33
42
23
49
37
91
49
38
5
53
40
73
19
55
8
1
35
22
5
53
28
1
74
79
109
15
78
32
1
36
4
11
20
60
35
121
54
93
19
16
53
47
45
28
58
8
25
67
27
57
80
42
53
34
27
23
26
97
79
31
43
66
40
3
59
32
23
59
24
98
44
110
57
25
44
2
91
4
95
45
31
6
35
56
28
72
22
97
53
10
6
48
29
94
72
45
2
61
17
19
108
29
53
75
67
14
56
38
42
31
92
31
14
89
83
82
30
34
113
3
13
26
36
60
34
51
46
12
72
19
13
48
81
5
10
17
29
40
29
128
4
27
25
43
4
40
70
25
48
18
1
14
2
0
29
51
64
37
25
21
75
70
42
34
10
104
24
26
20
75
70
112
49
6
58
49
81
5
77
60
5
14
52
37
12
26
26
88
19
57
27
89
196
117
26
24
32
26
28
49
3
0
82
1
14
40
72
72
154
27
72
32
54
6
101
24
19
41
9
36
67
24
186
12
77
26
37
40
16
15
19
37
29
72
61
136
9
32
26
9
12
15
20
97
16
48
14
52
31
36
21
9
2
38
27
9
31
20
17
29
65
9
23
37
5
29
43
45
38
2
104
82
6
93
27
76
57
45
5
4
31
23
72
1
7
47
33
2
137
8
29
18
42
37
11
19
104
134
8
30
43
26
135
105
44
14
4
68
42
7
48
33
14
42
25
34
83
1
2
2
13
21
74
0
62
24
52
31
66
64
4
24
66
19
80
69
31
4
34
70
9
37
41
55
72
15
10
55
80
21
49
12
39
47
22
18
83
22
50
24
36
98
62
10
4
8
29
11
16
23
11
26
44
14
106
60
37
42
26
41
11
21
79
1
8
15
44
45
17
86
28
43
1
31
79
18
108
51
80
88
12
16
116
62
52
72
30
40
38
24
20
57
19
31
42
16
48
58
4
55
69
12
19
30
3
25
11
80
69
15
55
66
3
53
4
49
49
25
20
7
29
13
55
33
24
44
39
124
59
32
62
9
8
46
46
53
74
6
18
2
86
23
54
19
38
144
68
85
35
36
125
30
26
112
68
65
5
18
77
30
12
15
39
1
48
50
12
81
16
21
24
34
9
50
1
40
46
74
11
58
94
40
8
33
60
70
39
38
46
2
16
44
1
18
69
22
89
15
9
67
81
43
50
56
10
6
6
41
31
28
7
76
15
54
28
7
25
26
43
6
40
17
28
49
0
40
31
29
10
1
17
23
9
12
87
33
44
21
117
95
109
10
43
3
45
36
4
40
16
26
1
15
40
19
42
65
37
9
28
1
27
93
53
2
68
14
44
97
1
13
43
85
11
73
17
84
7
39
4
100
7
32
36
19
82
17
13
13
13
118
3
62
124
73
33
33
65
40
22
122
11
46
87
149
15
45
12
67
55
5
13
111
9
23
7
2
89
8
38
126
67
68
13
12
21
43
38
53
43
52
4
48
2
49
4
11
66
8
1
23
22
36
0
21
34
39
10
16
36
97
87
80
61
75
57
22
13
0
54
61
21
53
38
128
38
41
42
34
28
20
64
57
13
8
5
64
28
42
21
64
118
9
41
11
17
45
72
33
45
16
19
29
113
155
46
13
5
16
6
27
105
62
116
12
7
17
32
43
14
21
23
20
2
51
3
1
63
18
49
21
60
73
105
68
72
15
34
32
16
85
15
42
86
69
44
2
29
34
45
3
61
90
75
130
26
69
1
69
55
72
38
8
17
2
57
6
70
47
81
12
85
11
17
45
9
81
2
17
43
20
100
10
57
57
32
46
11
1
37
121
18
12
16
16
35
27
9
102
8
35
58
35
17
29
67
11
14
31
121
72
94
53
119
20
12
25
41
2
34
5
7
14
89
6
43
26
92
20
2
85
46
33
65
33
22
78
26
45
3
99
32
54
33
59
33
43
1
47
6
5
87
69
1
69
53
29
82
4
54
43
40
49
16
67
31
16
15
62
2
24
2
34
7
16
67
51
35
59
102
9
114
39
56
4
6
30
27
104
8
12
69
23
49
72
4
5
11
19
50
7
50
82
92
46
68
87
42
69
60
75
24
51
9
16
17
24
121
38
25
45
77
52
97
2
64
54
35
98
22
13
11
67
84
31
25
54
14
74
60
23
9
61
119
57
48
30
28
91
56
10
31
1
66
4
10
75
32
16
33
44
9
16
22
59
18
2
33
22
33
46
11
63
19
2
57
58
47
50
4
21
5
12
16
32
25
81
95
24
58
38
30
12
45
3
23
4
36
33
51
67
64
45
24
32
9
4
106
13
47
35
1
74
26
44
67
142
46
11
22
35
41
13
81
25
47
1
26
8
50
19
102
13
78
46
22
42
3
5
8
5
27
12
42
61
16
11
48
21
96
81
37
12
66
46
1
19
24
10
15
41
26
3
46
77
5
5
52
77
17
114
50
71
59
67
5
49
31
27
20
25
32
9
10
113
82
36
3
2
29
44
52
17
41
17
19
28
3
21
93
22
18
62
22
82
16
2
54
10
3
19
12
38
3
19
2
50
20
2
49
24
22
24
15
63
24
53
35
60
47
5
89
7
30
6
9
60
53
38
24
29
32
62
54
2
11
47
0
54
112
39
7
25
9
27
25
39
21
124
49
5
9
55
28
18
58
45
23
24
93
2
21
2
1
34
153
74
36
81
57
46
1
25
1
34
31
11
27
26
49
22
23
58
31
84
11
84
47
101
26
86
38
54
72
16
14
29
35
72
74
61
19
61
48
43
28
15
68
35
30
20
7
31
70
100
2
3
68
29
0
23
24
23
28
0
4
28
82
34
2
74
9
37
22
36
41
71
57
8
60
19
72
42
55
1
82
37
10
9
43
45
26
91
14
19
46
20
28
20
84
30
6
4
42
33
53
11
13
11
76
25
15
2
9
26
6
9
1
16
39
20
97
35
1
31
35
36
34
65
39
16
41
3
51
30
17
30
41
51
55
10
33
48
105
0
18
40
16
28
37
11
78
20
15
34
1
48
45
77
3
17
8
59
12
17
33
29
31
23
36
5
1
88
2
8
38
45
66
56
88
11
27
34
42
15
37
13
8
17
55
62
95
22
92
36
28
96
65
48
4
68
37
18
48
27
18
3
30
30
30
74
52
62
63
39
7
19
24
41
28
16
79
26
12
17
20
15
5
10
28
2
5
26
18
20
11
20
12
75
41
60
11
27
50
29
13
54
44
84
32
50
39
35
75
14
10
46
38
8
55
53
0
15
20
2
76
6
47
5
30
37
86
46
53
24
33
12
2
76
54
4
28
10
26
74
21
27
60
29
35
0
50
32
47
36
21
13
3
76
27
63
7
21
4
25
17
51
38
56
58
9
73
42
8
23
75
30
2
31
52
17
24
20
13
28
61
13
15
39
22
19
13
61
58
19
64
17
73
30
19
21
16
6
11
16
47
59
40
66
17
56
1
57
19
1
73
78
19
35
54
20
14
35
26
14
69
6
15
46
34
50
14
1
24
15
32
18
68
20
1
11
15
13
87
80
49
66
40
22
24
22
54
19
15
9
42
55
28
9
78
50
1
37
32
15
21
27
60
13
78
33
11
62
11
51
31
41
34
17
29
4
10
5
7
35
21
10
15
11
13
44
40
44
29
72
14
49
82
15
49
33
32
57
10
68
61
65
77
92
17
25
30
45
12
28
74
27
17
73
20
11
18
38
55
13
7
3
45
61
54
61
24
20
6
49
15
77
91
13
61
78
3
14
3
38
9
44
49
19
35
11
30
16
10
60
3
28
42
6
55
103
41
26
7
35
4
39
53
30
76
55
26
54
24
26
26
24
61
42
4
12
26
55
21
40
8
12
73
42
63
13
40
27
8
38
22
12
37
44
18
55
6
0
60
19
5
29
44
1
3
57
14
1
17
38
91
32
14
25
17
13
34
22
1
26
56
46
57
26
50
10
15
13
39
7
3
24
16
1
10
44
36
11
25
20
11
37
21
41
26
12
17
40
17
54
74
7
110
22
7
75
34
37
63
49
8
43
7
22
44
3
5
24
29
38
57
21
10
83
14
2
9
24
48
18
13
12
40
21
85
13
3
41
14
24
93
51
4
52
21
5
16
116
34
7
81
30
21
32
8
19
40
37
9
13
9
57
41
28
60
19
21
89
4
24
38
25
13
67
6
32
3
36
1
55
10
91
55
49
16
34
17
17
2
34
48
77
31
26
2
40
6
14
5
23
29
93
14
43
68
5
73
33
42
11
9
50
7
10
25
40
20
30
35
55
43
38
2
14
7
39
4
15
10
30
90
34
44
8
20
49
14
32
29
23
18
26
63
23
15
4
20
10
3
10
4
24
45
32
25
6
22
31
31
11
58
19
23
8
12
37
70
39
72
27
5
26
39
60
23
8
9
49
47
24
34
49
8
33
14
13
1
35
8
18
13
48
16
25
66
3
28
40
17
55
26
28
14
2
60
16
37
8
40
67
5
18
15
19
0
55
56
4
35
46
32
105
31
50
153
25
8
58
26
25
68
49
7
14
39
23
6
3
7
28
16
64
40
21
34
26
91
27
48
40
47
4
3
58
19
9
70
4
16
20
28
39
34
40
75
23
56
20
27
14
20
54
23
16
29
84
13
24
42
0
12
31
4
35
22
60
41
12
22
5
31
45
51
24
1
57
28
6
40
22
56
29
93
37
24
3
25
57
50
20
91
7
60
4
39
67
51
33
12
12
22
18
11
2
38
1
37
2
13
3
38
15
23
2
6
51
13
1
29
5
17
53
15
3
93
39
49
25
3
36
35
43
33
1
6
6
18
43
35
8
79
1
44
16
39
8
24
30
64
42
32
19
36
8
2
5
12
68
22
9
48
28
9
0
80
26
45
12
8
9
11
51
13
23
13
67
12
49
20
14
29
35
58
28
15
4
9
6
13
12
45
27
12
12
22
28
47
23
32
2
35
49
31
31
2
11
6
34
4
10
13
51
36
35
11
1
13
51
3
32
7
39
38
6
17
12
36
5
51
9
43
14
38
6
1
51
8
38
23
4
38
10
22
45
39
36
10
34
9
25
26
43
16
7
44
22
64
8
45
19
2
40
19
11
17
24
48
60
19
37
30
18
9
17
49
11
37
62
2
35
9
7
16
1
18
25
16
33
34
36
26
9
23
36
5
28
8
1
8
7
39
41
9
48
5
27
19
72
17
14
35
10
61
59
19
59
52
12
46
31
23
62
33
38
48
15
2
22
9
22
34
19
25
13
0
10
28
55
10
17
5
6
25
4
23
14
10
33
37
8
12
21
1
36
52
18
30
1
4
6
42
4
4
29
75
28
12
9
16
43
7
57
51
11
59
16
24
6
30
40
28
23
12
11
3
26
42
12
44
12
3
39
13
7
7
14
36
1
16
30
42
24
41
3
7
6
23
17
18
9
67
42
14
4
11
41
31
53
23
17
4
6
33
10
9
34
6
13
26
41
59
9
10
15
48
2
55
30
39
6
9
25
4
30
49
18
47
39
11
31
29
32
20
15
33
2
25
6
9
9
26
5
2
53
69
22
22
13
13
29
16
5
15
15
6
24
42
42
12
13
41
20
35
53
3
19
23
10
17
27
41
4
23
8
0
31
7
23
10
52
41
23
30
5
20
33
41
17
56
30
5
19
20
11
2
35
6
8
59
12
44
45
25
9
2
32
51
27
17
9
35
32
5
15
6
8
4
8
28
31
21
18
26
31
10
44
30
24
42
44
42
55
2
9
2
3
34
25
4
27
49
8
21
30
29
28
1
16
11
46
28
1
4
24
1
26
63
31
3
21
31
20
22
5
15
30
73
41
45
29
25
6
53
34
14
4
4
19
12
14
31
14
27
9
18
14
4
6
28
50
7
15
28
1
40
6
30
11
23
30
28
29
19
39
17
1
24
10
34
26
38
15
12
28
4
26
11
3
26
58
7
12
28
24
18
21
14
22
37
54
33
29
3
12
2
32
46
59
5
17
24
18
44
12
23
17
31
25
10
12
34
41
52
24
1
6
3
33
38
56
16
6
34
9
28
25
19
16
10
1
9
17
20
24
20
34
10
19
19
47
26
15
3
50
21
4
12
24
48
2
19
22
15
23
19
25
18
13
23
13
13
21
19
31
47
32
18
32
16
11
9
16
9
18
6
31
30
0
17
19
21
19
20
14
1
36
4
34
24
5
20
4
24
8
1
30
39
26
24
14
22
13
16
13
14
12
3
4
19
40
32
2
8
15
7
14
2
20
3
38
0
10
12
1
17
13
21
45
20
27
15
12
15
41
19
9
4
0
14
28
24
15
3
18
6
5
5
11
32
6
23
15
24
18
11
18
26
10
17
36
27
9
17
3
38
17
0
26
6
23
41
12
44
23
14
21
21
9
31
0
3
13
8
18
7
4
3
0
28
27
5
16
13
12
16
8
2
28
12
15
8
14
20
5
41
4
6
29
8
13
13
11
10
6
0
9
28
56
3
8
5
1
30
24
20
6
2
14
4
23
16
37
21
9
7
5
2
5
1
6
20
8
16
25
27
8
10
12
17
4
7
33
2
13
32
16
30
17
6
11
9
1
24
3
1
11
14
12
11
1
8
24
45
14
7
25
24
30
49
10
9
27
0
18
1
14
11
15
2
21
24
33
20
12
1
1
26
4
19
5
12
46
41
3
13
2
14
30
29
11
23
30
17
19
1
4
25
20
8
11
15
22
3
14
6
37
13
16
45
19
9
9
16
10
13
7
5
1
11
10
26
9
44
2
14
12
4
13
10
10
4
9
1
0
8
24
4
5
3
15
12
8
23
1
1
9
5
6
15
28
7
14
5
22
10
13
8
1
9
9
16
29
1
3
31
12
19
25
13
13
13
13
2
2
12
12
13
11
1
25
15
2
13
9
16
3
7
12
7
9
8
12
10
7
0
17
1
12
13
9
28
18
1
30
13
3
7
13
2
2
6
6
0
17
13
6
16
13
3
6
6
14
17
5
8
6
8
12
10
12
18
2
6
27
12
3
12
9
9
5
19
1
1
3
10
22
3
10
19
23
6
15
3
3
3
10
3
1
11
2
4
9
2
4
6
3
5
6
6
12
5
6
10
1
8
1
4
1
1
16
15
2
2
3
1
7
3
4
17
6
4
11
5
5
2
2
18
6
6
9
10
2
4
2
10
12
12
4
3
9
1
8
4
1
7
9
8
4
1
3
7
1
6
10
9
4
0
7
5
4
0
8
0
2
6
7
1
4
10
2
6
9
6
5
4
1
11
4
1
4
1
4
0
0
2
1
1
0
