45
0
2
8
47
82
1
5
54
41
25
12
55
101
2
79
1
3
97
52
17
9
119
67
4
63
95
22
95
16
24
17
1
17
129
64
16
37
65
83
77
29
5
2
2
30
25
21
9
11
6
20
99
25
52
47
13
23
19
21
38
125
30
2
39
39
3
19
75
64
52
54
17
28
65
32
53
6
55
47
120
42
53
12
68
98
32
8
92
23
16
62
19
69
75
14
0
4
22
126
18
43
2
93
6
16
53
39
3
86
64
2
75
6
10
88
120
13
42
73
18
56
34
26
127
0
94
106
56
89
25
80
20
14
29
87
92
101
64
126
24
31
68
71
47
111
64
88
48
83
74
86
15
95
27
24
48
18
18
17
82
68
98
80
55
3
12
152
158
39
34
87
132
2
27
37
81
70
142
14
26
17
21
30
8
40
92
53
53
2
48
100
25
60
29
47
9
45
70
10
68
4
26
118
26
67
116
78
93
24
132
53
57
28
44
51
15
86
46
62
76
33
49
73
94
88
6
18
45
147
80
98
45
58
68
65
94
13
46
17
46
25
29
31
5
41
53
116
66
37
37
17
8
18
86
57
87
51
40
102
74
39
123
4
25
50
21
12
155
131
0
57
43
4
75
69
135
6
24
16
150
11
55
70
77
62
26
128
17
57
3
11
16
115
98
43
2
7
74
172
39
23
14
4
58
92
38
28
26
62
56
73
1
73
44
42
95
11
128
6
92
67
114
32
57
112
9
103
3
79
68
83
35
29
11
4
99
13
98
33
113
33
103
2
55
57
31
16
187
16
43
45
90
90
24
55
42
14
132
90
60
8
41
109
53
66
5
16
36
6
44
20
41
0
14
32
85
46
183
56
36
77
22
104
84
41
80
19
6
40
55
8
42
81
75
41
30
7
52
7
67
38
93
3
3
17
142
69
36
138
60
88
72
76
21
79
95
30
36
67
33
26
3
58
70
94
81
81
72
88
52
156
39
24
14
7
33
32
9
23
1
4
23
20
32
1
28
92
121
25
70
44
1
105
11
17
24
40
43
80
23
97
29
65
63
44
39
97
120
202
126
100
113
71
24
21
12
55
22
19
80
0
82
24
69
39
174
63
28
23
6
49
19
36
41
15
134
112
32
132
25
27
85
108
115
29
72
69
62
102
97
62
71
13
8
25
25
20
39
40
14
43
88
29
1
66
48
41
15
33
86
63
70
118
47
3
67
16
46
3
9
16
49
88
92
44
8
25
60
57
160
76
60
2
77
62
37
117
13
54
72
11
124
60
124
50
77
94
69
36
85
27
69
68
60
50
74
57
22
18
118
55
17
118
5
5
118
78
32
12
33
42
28
69
46
52
50
93
53
84
97
104
36
40
20
56
24
15
101
47
74
102
13
36
59
62
12
31
37
104
51
53
93
60
106
54
68
31
18
119
39
17
65
31
65
76
12
3
25
14
222
51
129
25
43
8
17
16
107
42
11
56
44
7
16
63
77
114
37
0
10
61
43
68
80
67
61
0
52
84
4
59
90
38
76
35
34
119
21
29
23
19
9
39
4
110
37
78
102
32
14
34
56
103
23
46
12
129
46
38
55
29
42
26
19
31
28
3
72
86
32
55
6
59
52
13
32
81
6
34
27
3
16
3
86
125
45
85
14
22
75
29
18
43
59
67
6
62
72
44
114
34
27
54
20
41
69
59
17
82
10
76
6
84
22
1
32
75
11
23
32
22
104
34
36
66
38
68
5
24
142
39
5
18
7
74
119
1
21
34
34
13
134
200
35
6
90
32
61
159
95
30
16
30
22
96
45
31
11
4
32
29
74
65
61
58
47
91
34
62
4
38
95
61
96
40
56
1
33
23
54
20
53
23
40
113
57
7
8
7
0
14
47
102
118
116
97
30
39
95
16
1
31
56
145
102
22
20
9
110
14
6
20
27
37
1
13
44
42
96
106
14
37
13
65
46
23
6
15
52
107
31
137
84
41
10
12
91
117
112
38
52
38
170
103
3
64
85
25
60
3
30
37
123
35
35
87
46
5
47
52
11
1
65
8
92
0
140
32
72
77
67
72
48
49
100
54
31
40
20
11
73
34
83
88
3
49
95
18
21
12
53
27
57
3
25
129
29
17
35
23
72
10
17
33
20
34
53
109
55
74
70
24
0
47
36
12
27
74
30
2
128
92
42
51
54
68
73
105
40
17
47
44
75
26
39
71
44
32
82
2
30
72
37
17
22
128
21
99
46
44
5
91
23
4
34
25
17
3
114
52
32
57
98
46
49
29
24
52
55
120
46
60
98
112
82
124
103
124
6
116
35
165
24
18
6
54
11
17
98
12
67
21
60
74
24
51
114
35
41
52
114
56
0
62
52
14
45
13
2
6
97
60
5
8
28
23
24
51
49
44
12
83
66
107
63
154
64
2
29
1
4
35
43
29
134
2
55
2
66
41
88
17
58
73
80
12
6
43
49
12
72
22
70
64
114
70
114
21
32
12
30
18
28
33
14
16
66
13
44
14
5
77
22
41
37
18
32
18
4
54
36
32
29
78
108
98
24
37
12
94
71
50
71
42
117
81
4
35
37
26
30
1
115
20
5
19
3
38
31
43
52
40
63
49
12
8
5
70
63
34
25
28
70
65
49
73
3
0
106
8
6
13
37
8
35
35
55
18
40
90
61
86
23
53
38
68
10
37
2
44
66
77
51
108
46
71
38
33
49
73
6
38
56
49
112
2
132
5
53
142
12
3
77
91
32
1
34
43
68
139
49
21
72
64
60
20
41
22
37
31
3
14
21
44
47
0
56
56
44
61
84
42
57
63
10
14
68
53
93
125
67
51
31
18
6
36
7
38
5
82
42
8
12
34
72
52
20
63
2
16
8
44
46
82
52
16
68
90
158
17
16
42
91
63
24
30
65
33
126
60
93
53
35
41
57
135
17
45
47
18
20
11
26
17
17
27
31
49
9
54
39
34
190
73
56
4
13
19
49
10
108
100
67
36
88
85
10
33
14
11
48
26
60
95
22
30
48
125
15
68
114
2
14
70
43
38
1
54
37
21
97
21
42
117
4
68
79
100
8
39
6
147
92
122
27
48
36
85
62
38
145
69
50
4
42
70
9
44
4
135
28
83
9
8
16
5
23
98
4
2
48
23
74
139
69
4
35
33
37
3
47
55
9
32
29
24
89
72
19
32
38
35
88
34
110
41
58
69
91
31
14
104
151
19
17
7
84
65
37
120
5
37
2
25
31
71
17
11
37
82
72
12
27
7
105
23
27
43
65
42
127
42
33
19
27
35
1
62
25
14
17
13
23
119
4
70
68
13
8
64
1
97
55
57
15
51
41
61
34
89
62
48
120
52
38
86
50
208
84
22
47
57
35
14
20
116
12
21
50
32
54
107
51
97
45
18
87
14
50
41
74
25
53
38
61
46
12
14
32
5
28
119
18
7
84
67
28
32
65
51
37
24
28
140
70
99
63
32
83
43
65
33
71
20
157
7
49
150
54
54
56
114
63
17
75
2
52
48
11
54
21
48
29
27
0
23
93
40
56
17
2
49
103
30
48
86
52
76
20
130
98
120
34
46
68
86
51
75
100
21
14
30
47
27
74
1
102
0
66
38
53
152
1
44
21
67
17
9
62
56
31
20
29
19
42
23
74
71
31
28
40
67
12
67
16
7
28
49
41
98
86
92
79
12
24
15
53
44
175
0
117
55
16
76
129
13
29
28
44
28
36
95
67
100
6
93
1
37
22
2
65
49
21
119
75
23
22
18
136
24
41
16
50
66
43
58
46
136
7
27
47
78
4
34
122
70
16
7
23
84
30
48
89
27
20
0
36
46
46
0
73
41
28
9
37
32
33
43
8
58
7
15
10
67
52
9
107
23
46
26
50
8
1
71
20
12
34
94
18
5
48
55
2
70
99
56
55
1
52
31
85
16
40
25
36
77
8
6
6
27
82
23
4
22
11
16
27
5
69
43
76
2
47
72
41
55
29
23
120
62
16
66
35
63
13
20
2
52
46
138
55
56
31
1
21
54
51
58
12
93
32
28
49
72
47
95
93
66
78
29
27
55
62
5
26
51
23
26
8
70
33
24
19
64
82
30
27
50
42
38
42
108
13
27
75
37
21
54
20
3
72
63
21
26
40
20
14
65
26
16
6
62
12
106
43
148
37
15
142
18
26
30
100
61
19
32
4
1
40
14
12
77
31
3
61
4
34
68
127
5
19
20
126
81
56
118
55
15
64
1
31
60
40
12
40
16
14
79
99
92
79
57
93
124
10
45
19
26
54
24
18
4
55
37
9
37
39
15
38
46
30
13
5
50
33
29
77
9
115
8
14
36
3
175
18
4
32
6
12
31
9
93
9
35
24
47
2
33
15
4
130
101
108
24
41
2
32
80
18
62
47
99
135
25
11
9
19
47
19
98
54
17
47
47
10
14
59
125
56
131
17
5
67
29
80
19
47
79
54
32
6
3
11
48
4
41
5
50
29
66
54
71
33
59
62
58
26
88
38
53
7
5
35
72
50
104
22
35
102
15
34
2
28
52
34
14
67
3
70
11
49
38
90
59
74
52
73
32
46
89
5
56
63
125
6
80
89
21
76
47
61
23
20
22
37
36
15
76
48
45
123
101
37
50
73
71
15
49
31
40
61
72
4
38
92
60
82
22
17
40
21
50
38
44
60
34
64
64
29
6
121
85
93
79
68
71
26
6
26
29
39
52
21
25
31
35
11
17
68
122
65
72
64
33
24
33
39
39
0
31
8
77
27
67
42
19
51
54
33
3
69
14
130
26
19
81
2
41
30
26
25
19
95
85
61
123
32
7
16
41
56
98
61
70
30
8
79
77
50
102
132
18
75
53
27
50
122
62
82
7
19
31
9
97
33
31
46
44
78
124
80
1
11
14
96
3
97
0
21
62
42
27
46
3
70
36
8
74
56
20
63
96
28
15
19
40
42
50
29
12
32
38
12
43
103
120
48
101
4
19
34
50
101
20
32
36
16
16
13
100
57
9
15
32
25
61
92
51
11
65
23
45
11
29
67
53
30
53
90
29
2
99
14
68
99
16
30
15
63
9
43
17
35
48
4
37
0
10
9
5
12
30
54
66
70
47
47
60
45
6
25
79
31
59
59
9
31
10
17
0
44
76
13
26
48
53
27
37
51
1
30
81
90
24
29
38
52
26
46
67
60
64
19
17
26
6
49
1
23
54
13
31
41
22
53
40
0
43
28
93
38
79
114
38
52
15
26
1
21
18
12
50
7
65
57
81
79
61
86
18
46
24
6
24
1
47
42
6
29
35
44
52
79
16
42
70
56
86
13
15
79
12
17
19
63
60
72
16
57
57
21
75
9
71
59
74
21
21
14
17
30
84
93
69
9
115
90
42
34
43
7
43
10
64
51
13
34
10
56
11
25
61
3
3
27
25
38
20
35
39
6
8
22
20
49
63
17
95
17
68
23
51
122
49
11
67
41
49
59
157
43
29
64
14
54
46
12
15
29
23
151
11
14
84
33
27
12
38
27
22
43
1
6
77
7
66
48
12
18
5
65
81
20
47
13
48
102
10
1
55
19
2
30
3
25
55
54
40
118
20
12
5
19
1
105
4
6
34
72
23
35
47
9
38
23
0
73
31
9
21
59
22
74
9
1
11
28
32
38
54
28
37
4
6
59
47
53
70
25
86
17
82
26
8
26
7
0
34
37
5
89
96
24
22
20
32
46
57
33
40
37
70
3
31
31
22
4
51
36
45
48
32
34
98
31
14
8
78
65
73
9
28
116
61
48
56
131
32
46
13
20
60
13
3
14
28
23
20
87
34
70
16
16
52
21
63
41
35
12
45
22
4
63
66
97
19
83
75
6
50
37
43
40
61
26
33
70
48
1
9
37
30
8
6
67
62
25
33
69
41
101
41
9
58
11
43
6
25
84
38
62
103
16
17
36
18
54
34
108
96
36
35
17
103
90
51
25
72
22
61
71
12
22
4
39
2
92
56
99
26
15
44
34
41
1
159
43
34
22
0
67
31
7
59
21
32
38
5
26
25
28
22
4
11
4
19
25
26
39
81
8
30
32
50
34
48
21
23
10
16
14
108
23
49
13
28
6
15
5
80
4
67
6
13
13
8
54
13
59
100
27
113
41
87
35
69
16
24
70
99
1
121
17
49
50
6
19
4
57
5
30
15
26
58
93
77
0
50
10
66
21
13
74
51
31
2
30
58
58
7
19
32
16
68
96
65
6
108
39
1
75
39
41
44
120
41
22
37
15
106
44
22
10
44
35
11
34
2
1
18
28
26
12
39
11
50
2
84
44
24
48
19
45
30
10
7
39
48
41
3
41
73
21
2
59
26
35
13
68
37
22
7
55
16
35
38
8
55
20
68
1
2
30
41
51
27
89
24
147
7
16
9
12
109
1
86
46
25
27
14
104
24
76
28
64
62
56
44
10
36
63
6
2
73
36
66
0
16
10
50
18
19
28
18
44
9
21
68
19
91
23
39
2
19
31
7
33
22
18
1
8
82
47
24
19
27
14
101
47
36
40
33
62
34
54
6
13
36
25
17
107
25
33
34
4
14
67
79
30
44
74
26
35
87
8
35
15
51
11
33
5
17
23
30
23
50
97
6
14
31
21
34
53
22
32
35
90
19
11
11
34
1
40
7
24
11
48
31
50
8
50
13
56
12
9
38
32
25
50
17
21
47
10
16
1
24
29
8
27
28
54
81
77
80
64
43
72
33
2
78
112
87
14
2
10
29
64
25
11
22
47
62
23
22
1
28
17
10
40
64
29
5
17
20
65
43
34
6
7
5
51
8
37
58
68
11
17
12
13
3
6
30
36
31
4
88
5
35
82
38
17
46
14
8
7
39
46
3
38
40
31
9
5
7
1
28
92
23
8
10
35
24
50
7
19
23
29
15
97
69
2
69
42
17
37
33
26
56
19
63
16
1
83
67
45
8
76
82
32
2
47
22
52
18
62
27
11
6
29
37
80
47
57
2
8
14
63
18
7
8
64
35
34
37
4
11
82
35
21
19
6
26
17
26
36
16
45
53
65
3
9
54
38
38
18
36
12
20
114
74
36
17
2
88
49
2
16
19
49
104
5
17
25
12
23
42
28
39
4
36
24
23
51
18
11
17
87
10
10
16
22
8
32
12
37
40
21
43
21
73
72
2
52
3
38
4
33
20
9
25
18
18
30
17
43
39
91
64
100
17
9
6
69
15
38
1
19
65
13
6
22
22
39
43
55
23
1
13
11
25
42
16
37
13
4
20
60
26
14
1
73
5
68
21
3
45
34
31
12
31
7
17
33
56
31
10
19
31
31
18
8
2
11
16
3
30
42
8
30
43
8
23
52
45
21
31
18
9
8
30
70
7
31
77
34
16
51
4
12
2
56
16
79
30
78
36
3
10
8
34
25
25
71
49
50
21
21
74
6
46
9
43
32
48
30
2
29
15
14
5
62
36
25
2
13
3
42
85
8
82
74
22
18
45
15
30
30
3
51
63
22
2
1
77
15
118
88
3
84
34
10
44
17
39
62
22
2
63
18
29
44
39
3
1
43
22
19
18
15
66
6
29
37
14
35
47
50
61
7
9
19
34
34
20
0
11
8
36
7
12
4
17
47
38
14
33
2
19
42
8
45
9
66
36
10
12
107
16
13
4
72
21
34
29
17
3
23
38
18
9
7
7
52
14
37
50
4
44
23
52
25
30
34
40
10
50
3
114
14
17
18
19
62
66
26
27
43
6
28
43
12
1
56
21
37
57
84
18
16
40
40
37
92
44
7
11
17
20
1
20
31
39
6
34
70
72
16
52
6
11
15
28
42
15
3
21
59
27
7
60
19
5
23
39
37
18
31
29
63
11
18
49
10
21
48
25
7
60
8
27
59
8
53
70
24
21
68
11
61
74
5
18
43
52
19
9
11
58
14
36
17
12
48
64
13
38
68
20
11
37
5
17
3
46
20
37
14
30
8
19
19
47
75
9
10
19
9
37
62
31
16
38
19
40
42
36
57
4
57
3
59
30
4
57
77
1
39
22
36
9
58
36
10
37
17
22
63
54
33
14
42
80
42
10
17
45
0
13
17
54
28
15
57
37
37
7
2
12
49
33
52
23
8
18
53
9
29
6
34
42
28
50
32
50
33
34
13
22
18
42
24
5
26
15
22
41
19
5
41
26
87
15
12
8
0
18
27
26
11
66
50
73
37
33
20
5
2
25
11
33
0
45
4
20
62
43
19
34
59
67
2
6
16
15
36
3
7
36
7
39
32
8
8
13
13
8
16
22
6
96
27
11
22
6
56
28
18
2
34
12
19
21
21
28
14
59
30
16
20
71
7
10
1
8
2
43
55
15
12
16
42
13
47
25
19
29
18
3
16
22
32
4
15
8
29
6
52
28
34
42
40
11
2
40
1
21
39
34
19
44
73
10
20
24
34
4
14
0
24
17
34
5
11
57
62
5
47
30
47
5
9
32
59
76
28
20
43
70
64
41
11
21
7
22
30
15
7
44
13
2
23
3
41
31
16
1
22
11
10
46
51
17
14
2
57
6
39
17
5
22
54
32
18
39
3
6
48
2
14
27
3
29
2
5
2
18
8
27
9
3
20
24
37
27
39
22
24
2
15
42
50
0
0
8
42
48
6
49
58
14
4
37
8
28
22
3
18
63
24
4
30
9
5
66
13
12
2
22
4
38
24
10
47
2
27
35
23
8
15
31
16
36
5
44
11
58
26
53
36
18
16
31
71
8
9
59
4
12
4
15
15
72
37
24
4
43
9
53
24
18
30
7
1
47
6
37
14
43
24
14
12
16
66
64
14
12
8
26
45
31
21
15
7
2
3
32
10
3
25
11
9
0
20
4
54
11
23
8
43
22
7
7
16
31
21
6
27
21
45
5
15
5
1
35
6
13
1
7
20
12
49
21
26
22
12
1
45
0
9
7
27
16
20
28
37
33
19
15
18
38
31
9
12
1
14
18
40
28
9
14
30
25
38
21
33
32
5
50
52
22
6
17
33
31
10
1
4
38
19
29
29
15
29
13
1
37
5
42
40
7
11
40
31
24
15
3
23
6
14
5
2
52
30
30
68
31
17
9
38
2
54
43
37
46
20
9
23
39
9
19
8
21
9
6
8
45
31
21
2
3
7
26
7
56
16
17
24
27
48
5
22
1
17
2
30
9
25
48
3
14
13
13
4
45
11
19
1
13
36
20
21
19
4
5
0
54
18
15
9
14
27
5
31
23
13
50
51
21
0
10
9
39
47
10
9
20
2
22
46
4
44
8
0
26
3
27
37
50
2
3
12
30
38
8
55
6
6
0
30
47
54
7
22
41
28
20
21
30
3
15
14
14
19
6
11
24
12
3
31
28
14
28
24
23
47
44
10
11
15
0
9
12
6
22
13
35
25
25
18
2
18
66
33
10
7
14
28
7
22
10
5
6
2
47
14
7
10
2
15
11
25
25
18
15
1
23
13
7
16
2
21
4
5
9
10
12
37
13
9
7
32
4
11
7
13
1
26
6
12
10
24
2
19
15
24
1
40
27
5
41
50
6
14
31
5
0
0
32
20
17
24
15
14
23
27
23
33
11
1
18
7
19
2
44
30
26
3
18
37
19
23
10
1
43
5
16
19
33
20
47
9
4
13
1
2
46
31
45
26
17
25
11
9
9
10
12
0
14
1
56
27
26
0
3
17
8
4
8
13
13
4
41
24
21
38
30
19
1
4
30
5
2
19
4
16
12
39
34
2
15
11
19
13
27
25
3
7
31
1
7
16
21
8
7
16
6
5
1
15
40
24
27
12
24
1
24
25
40
11
10
3
14
8
29
6
24
24
0
6
7
6
9
6
18
34
14
26
6
35
25
20
18
22
11
1
3
17
31
14
16
5
7
0
25
12
29
2
1
29
11
1
6
30
4
13
8
17
5
9
4
6
17
14
20
1
18
6
30
28
29
24
2
36
20
4
32
22
12
24
20
7
10
7
24
24
0
1
23
16
14
20
15
12
32
31
7
1
23
16
4
19
1
9
19
25
15
30
21
16
17
19
1
4
4
16
3
6
16
19
12
15
2
7
0
11
8
4
14
20
9
12
15
1
5
5
5
20
13
27
10
1
6
15
22
11
11
3
11
21
8
18
25
8
6
1
18
3
17
5
6
10
16
1
1
12
14
12
21
4
18
21
4
11
7
7
10
8
7
3
1
9
21
5
1
20
19
2
17
25
8
16
26
1
11
28
3
7
5
12
3
1
14
4
22
14
2
1
8
3
9
2
2
0
6
19
1
2
6
14
2
9
7
7
29
6
5
10
1
12
2
25
3
12
6
10
12
13
27
5
14
17
10
2
16
1
7
4
6
9
0
12
6
15
1
4
20
5
11
4
5
0
13
1
5
8
1
1
11
12
5
1
4
12
3
5
5
3
9
0
3
1
14
7
6
4
2
0
2
4
4
13
10
9
4
4
9
5
7
2
5
5
1
1
12
6
7
4
8
6
3
10
8
5
5
2
7
5
0
6
10
7
5
1
1
1
2
7
2
6
4
1
1
4
5
3
1
4
9
1
4
0
0
2
2
4
3
3
8
1
1
1
4
0
0
0
2
1
1
2
