28
32
77
6
15
6
122
81
17
44
14
71
3
43
61
6
15
38
39
5
73
19
27
27
20
18
1
129
14
0
7
25
55
25
12
32
16
11
12
88
60
4
72
61
9
25
123
8
59
36
52
80
32
68
18
99
38
3
41
47
70
29
105
96
46
68
62
95
8
1
15
10
62
43
37
29
69
33
62
144
50
106
65
70
53
56
19
95
57
45
0
17
73
13
56
0
30
27
17
71
17
65
51
7
75
38
106
31
70
203
103
12
65
73
40
62
47
76
40
8
3
15
126
89
59
83
52
29
66
144
33
28
118
6
129
71
10
79
57
10
41
6
23
33
85
54
98
55
57
86
91
79
79
73
68
15
13
20
5
34
117
9
7
37
42
10
22
49
10
57
93
51
55
24
6
60
75
8
169
37
111
21
49
101
9
96
23
34
4
9
20
16
54
173
45
56
10
51
21
90
49
32
101
43
85
57
12
17
14
8
78
58
20
41
74
52
65
82
38
8
4
17
49
49
12
5
39
60
71
1
117
5
17
62
39
10
100
115
144
27
57
0
0
65
102
15
9
48
59
22
20
13
38
40
142
44
60
25
18
2
6
22
185
31
42
68
47
15
63
6
45
5
4
13
55
66
16
68
73
115
34
120
78
38
1
47
82
8
7
42
99
55
111
7
7
1
16
44
81
94
4
67
79
31
6
8
89
47
29
9
96
6
53
9
34
1
12
31
45
41
6
0
55
21
100
1
54
121
47
55
47
7
74
83
91
22
1
73
22
30
59
138
271
202
22
39
27
52
42
1
78
135
80
4
63
57
45
58
2
16
16
31
37
106
48
46
4
35
1
66
8
100
135
49
21
33
120
71
38
9
12
17
76
100
27
24
96
1
84
38
30
68
8
76
67
12
37
11
254
19
39
25
82
29
36
97
21
42
47
64
23
16
40
151
11
101
39
48
29
76
48
25
17
9
54
28
212
19
10
31
3
30
68
95
73
19
26
1
99
72
129
97
56
88
124
9
1
87
19
83
19
1
9
146
142
3
98
7
11
8
16
125
31
92
30
12
4
53
10
27
4
37
16
29
72
125
63
3
1
72
49
15
18
92
80
65
35
18
35
12
8
19
51
56
6
97
102
126
49
69
8
8
27
19
84
132
37
16
23
18
125
6
58
53
48
50
31
20
95
65
61
32
8
19
67
74
89
80
41
106
56
17
113
109
49
11
1
72
51
43
1
13
64
91
27
55
10
35
11
1
51
39
20
118
51
102
89
17
22
26
22
75
1
15
53
33
96
28
171
53
3
150
91
110
90
91
25
3
60
53
39
42
63
50
31
34
89
64
1
20
60
67
34
49
65
40
81
17
70
37
47
23
44
78
27
26
45
71
48
7
73
59
47
9
31
21
110
41
7
41
8
108
22
26
116
44
37
22
86
4
1
28
62
25
43
115
15
80
10
14
46
52
30
0
10
34
38
135
76
7
92
63
13
78
16
98
5
28
65
19
148
28
55
138
65
63
36
47
95
12
18
84
5
46
61
7
11
137
35
21
11
44
23
7
36
49
122
52
158
79
50
138
46
76
47
6
41
11
108
53
34
60
84
93
23
60
92
121
35
1
122
62
19
1
119
124
10
24
101
71
38
3
1
16
23
10
48
29
15
31
2
15
100
56
46
96
159
16
61
49
36
32
59
37
35
19
48
29
0
31
28
52
41
24
17
9
36
40
3
84
23
59
17
62
67
88
30
44
19
10
68
152
10
12
13
9
16
23
17
110
129
28
105
114
29
20
20
54
1
32
41
33
85
94
64
22
29
101
41
36
126
57
58
79
38
102
111
25
78
35
35
87
60
62
7
29
26
66
32
29
49
16
20
44
10
122
28
13
148
38
33
112
10
115
102
24
30
75
38
1
13
15
77
21
51
50
52
4
98
12
19
43
36
48
42
24
164
76
5
4
42
91
18
144
9
61
2
14
8
57
132
0
81
55
33
55
66
37
100
54
25
24
30
45
0
113
22
22
4
53
94
21
174
78
64
5
37
9
15
54
26
23
29
18
60
117
18
14
74
125
14
20
78
103
21
10
16
114
102
3
36
71
69
43
34
28
85
91
13
106
15
20
70
17
1
32
26
20
42
22
85
141
42
108
84
2
47
28
17
23
80
10
80
24
68
46
41
27
186
80
9
41
21
11
71
29
62
92
119
20
13
0
37
20
77
4
17
38
8
50
83
41
9
81
62
7
54
32
72
92
14
13
98
30
27
148
11
60
99
49
28
63
4
33
29
60
150
3
45
78
71
39
13
79
18
47
98
5
69
18
39
12
112
63
67
2
0
106
51
77
23
100
113
12
12
77
5
34
63
70
22
1
56
10
117
29
25
21
5
11
6
73
63
25
46
60
1
37
71
10
49
105
68
109
104
28
52
15
35
41
60
58
43
1
59
79
71
42
58
34
83
121
21
72
11
35
58
31
64
89
23
48
38
39
126
18
49
25
29
7
72
73
16
82
45
169
52
27
2
92
60
33
96
13
1
45
45
32
55
64
69
29
39
15
22
23
3
23
30
41
92
3
7
58
17
93
40
29
80
151
6
27
66
17
75
59
51
91
133
0
32
207
1
34
11
136
30
85
53
3
45
71
72
124
55
72
1
88
16
22
65
12
14
165
14
86
23
15
26
37
120
12
33
78
43
86
79
48
7
78
54
54
32
94
78
32
69
29
44
77
65
79
73
75
11
64
111
18
9
45
105
95
51
129
7
24
51
22
71
41
64
15
17
72
15
96
49
24
27
11
23
10
58
19
44
42
8
25
59
18
30
4
71
29
48
49
66
126
86
49
14
94
50
15
19
25
69
28
30
101
11
97
122
7
89
9
25
69
17
71
26
11
59
26
26
44
28
6
19
73
47
37
61
76
68
109
93
9
38
44
18
16
34
98
26
57
17
9
67
88
9
107
29
34
7
2
83
75
111
111
1
23
82
18
34
2
24
71
20
64
137
33
81
7
5
32
41
46
2
110
2
64
66
36
13
26
1
27
109
57
122
25
18
100
58
31
19
18
86
28
157
5
10
93
3
109
34
58
72
85
47
45
4
62
5
19
15
85
93
11
25
26
4
50
14
26
16
24
80
43
39
143
10
67
3
41
11
30
5
29
40
86
123
54
31
33
48
109
52
39
25
28
32
87
94
18
41
5
3
81
27
13
8
79
2
19
127
105
2
24
67
21
80
97
39
20
121
59
57
15
9
22
4
75
60
18
29
31
40
55
24
18
15
27
43
33
68
39
43
17
43
10
10
191
18
6
16
44
91
33
70
67
7
102
72
24
0
57
9
47
123
83
72
33
11
60
22
2
5
100
6
16
15
84
13
130
27
8
55
10
6
80
32
107
37
64
16
78
55
1
42
53
51
48
115
49
8
56
17
21
34
9
33
58
79
3
18
7
42
29
16
64
51
45
10
19
77
16
25
46
37
22
46
6
51
77
97
32
15
6
18
78
4
130
45
20
47
26
13
67
62
15
12
89
98
74
15
58
32
43
81
34
52
25
42
95
58
40
113
54
12
5
55
124
55
19
11
54
52
27
12
30
4
24
35
108
11
31
40
52
57
3
2
45
62
20
17
40
47
9
73
78
3
105
68
35
88
26
85
59
127
31
35
15
82
75
12
15
97
33
91
133
50
55
40
32
11
31
8
15
75
35
58
6
73
35
100
62
67
14
49
31
45
64
90
126
2
64
78
27
74
67
94
20
36
30
56
37
100
70
164
22
45
5
61
30
76
33
83
59
7
12
48
30
69
106
5
3
24
14
118
46
37
32
75
75
31
38
28
17
45
100
22
30
50
79
2
10
44
41
4
46
101
19
43
35
85
17
17
40
16
16
65
46
52
37
3
61
42
56
44
29
34
32
15
74
13
81
63
58
68
43
50
69
59
50
74
118
95
34
6
115
10
13
62
34
15
53
84
36
70
51
49
89
99
65
14
35
61
38
110
20
13
70
2
20
65
9
100
85
111
37
22
34
54
37
36
129
56
12
25
67
133
73
4
24
100
17
29
7
40
17
29
126
21
32
39
54
41
36
40
26
12
34
42
25
0
42
55
61
39
48
5
119
31
29
83
74
18
26
57
8
19
37
32
2
36
51
2
62
6
14
35
53
47
121
4
19
60
10
67
11
53
6
19
16
135
24
16
78
49
14
51
19
43
100
13
47
71
36
35
72
18
49
18
28
16
31
30
1
75
99
78
20
106
0
45
96
59
23
30
57
6
9
0
76
10
129
19
59
4
62
7
11
32
25
112
35
101
12
42
11
38
50
47
89
65
1
9
12
9
15
54
117
48
67
25
83
2
75
98
13
43
18
11
53
79
38
17
15
47
2
2
65
82
47
63
14
46
15
77
23
94
2
13
22
136
26
79
26
18
15
24
73
54
58
13
3
33
13
2
79
19
69
101
15
28
20
19
60
34
54
80
40
72
95
41
33
121
2
64
27
28
94
5
15
64
3
12
26
14
38
9
8
43
21
10
33
15
6
2
43
50
64
57
28
77
50
29
30
49
27
26
59
7
15
62
1
88
109
77
33
41
20
18
18
35
18
49
37
40
60
60
150
25
58
31
97
22
72
61
8
31
24
50
28
58
8
87
7
22
20
108
9
57
7
21
61
37
28
16
58
36
27
65
23
1
54
9
55
76
7
52
50
95
54
15
26
2
11
108
67
27
81
27
126
32
99
31
4
23
50
89
1
36
85
60
5
24
67
55
48
79
22
70
57
55
112
4
4
14
64
38
91
28
103
25
7
18
4
31
106
5
15
25
18
20
2
14
9
26
45
4
10
68
17
3
17
20
58
79
10
30
46
28
154
41
14
26
22
56
135
66
16
61
29
116
107
24
72
71
137
32
139
14
87
56
33
34
90
21
1
40
3
21
100
32
27
33
54
12
77
113
44
50
99
35
28
56
35
9
23
44
2
2
2
24
24
40
40
106
69
14
79
64
21
56
34
31
45
63
10
15
29
40
9
14
71
0
62
36
54
47
6
16
78
14
70
84
35
23
142
28
70
150
99
0
0
29
11
64
67
71
11
5
49
43
22
35
12
65
62
54
42
48
95
11
48
33
16
67
33
9
98
13
9
2
57
74
14
65
12
69
97
57
56
48
109
73
17
11
69
36
49
1
12
34
54
45
72
51
27
9
6
32
32
1
10
1
6
22
1
123
56
15
17
26
117
57
14
34
5
150
51
48
10
42
82
41
24
21
31
5
44
89
11
22
104
89
43
124
1
12
18
42
49
17
72
1
148
0
82
89
8
45
21
58
27
17
47
12
30
54
42
17
85
23
51
15
20
34
51
37
29
91
13
118
4
40
55
62
36
103
16
20
82
29
15
58
30
123
39
37
88
17
76
11
35
12
1
54
12
32
76
61
8
60
12
13
31
2
18
47
13
4
43
47
28
6
9
41
28
83
68
15
10
30
42
20
27
56
17
66
94
28
43
7
40
14
19
53
30
39
10
88
131
46
21
15
12
25
4
90
100
20
54
28
44
9
34
45
50
11
25
6
114
40
92
14
14
47
48
17
37
16
28
36
1
18
113
58
73
50
3
52
86
45
66
11
26
18
86
28
62
50
47
27
129
31
71
7
42
50
9
68
0
15
48
29
72
80
16
121
25
32
27
27
107
128
14
24
43
20
70
6
125
22
4
151
42
37
70
18
36
12
78
8
20
87
93
18
29
3
12
29
19
44
54
82
31
86
0
17
99
1
42
13
41
44
40
36
74
6
3
1
9
52
47
19
25
61
30
45
9
9
90
45
12
8
5
27
81
13
2
12
45
9
27
21
27
66
16
30
67
101
3
32
72
7
27
55
4
8
45
30
3
72
7
9
36
75
28
0
35
66
18
81
12
44
6
75
74
26
16
10
47
78
75
10
32
83
6
17
61
73
26
38
26
19
36
1
43
54
56
25
5
44
32
38
10
70
8
1
6
22
73
12
51
60
34
28
52
11
49
60
24
44
21
19
15
28
1
10
34
23
93
83
14
5
119
60
19
10
18
30
82
28
29
20
39
21
0
18
70
16
63
52
41
53
61
69
36
7
55
13
17
26
37
25
32
36
25
45
84
20
51
37
38
105
115
63
61
27
74
6
71
46
46
7
7
31
4
105
19
44
82
28
4
7
73
15
35
78
28
48
3
19
38
53
123
21
12
60
50
24
57
5
14
22
43
62
77
31
21
44
69
11
14
97
10
3
2
46
3
20
32
42
48
8
22
75
19
9
3
21
35
38
13
16
37
30
15
17
21
39
32
1
24
51
10
35
55
63
4
42
18
12
4
8
90
13
25
89
23
31
75
75
50
11
11
28
2
33
67
5
80
11
39
0
19
20
34
56
20
12
8
61
7
32
46
69
57
38
2
2
38
23
5
121
28
9
7
51
26
7
17
48
4
76
9
3
70
70
3
24
1
23
44
29
6
33
11
6
105
18
23
45
28
138
3
9
19
36
32
81
28
41
42
10
57
5
5
46
15
63
80
23
16
4
38
13
14
3
54
31
47
13
8
7
36
10
1
2
30
34
12
28
49
21
118
24
7
38
42
23
3
10
50
31
1
26
8
78
21
36
28
12
3
18
65
10
11
22
17
19
107
29
64
37
71
30
45
21
66
18
6
57
15
25
40
9
34
74
47
4
65
36
56
60
23
57
9
19
18
43
29
43
1
38
2
20
22
34
93
50
14
7
1
86
57
35
9
25
15
4
54
28
27
40
10
12
20
33
16
47
32
99
13
34
56
1
4
11
44
77
31
74
11
45
29
22
63
26
20
26
23
30
38
94
24
13
2
13
29
36
18
48
18
9
42
28
31
20
21
2
14
15
6
22
11
11
21
40
4
56
77
12
60
4
30
63
47
58
23
13
1
27
49
2
90
26
29
79
43
34
5
8
0
20
33
73
35
111
34
31
124
8
6
5
45
28
33
60
14
48
42
13
17
7
26
31
14
9
83
72
3
40
10
30
48
21
10
45
69
43
6
34
37
50
45
15
28
34
38
33
10
35
32
22
30
41
9
18
9
80
31
61
34
5
9
15
66
24
24
3
40
48
23
25
47
33
12
47
16
1
11
49
28
23
27
15
34
80
73
87
52
6
7
41
57
88
9
19
32
61
28
45
41
32
36
24
17
52
5
9
11
30
33
23
67
10
5
3
54
36
26
12
39
72
3
75
36
46
31
50
27
68
28
11
0
46
79
7
46
24
38
13
22
68
60
51
3
42
1
36
22
14
52
86
2
25
4
104
10
39
41
24
27
4
31
39
31
7
3
5
34
33
19
56
16
94
6
48
10
2
7
26
4
52
35
19
9
75
54
11
40
48
91
67
26
22
7
34
46
24
16
43
33
63
24
19
7
1
16
3
21
14
6
64
47
58
20
9
48
30
17
16
25
39
33
5
44
27
12
7
5
1
52
40
28
48
42
11
5
35
56
9
3
9
27
36
10
45
39
63
14
1
14
78
22
10
23
33
44
4
62
29
16
11
56
36
67
46
55
29
59
38
47
59
12
3
35
32
27
52
5
24
24
17
8
50
18
20
68
19
1
40
2
7
41
19
41
38
57
28
6
16
20
13
5
38
15
42
61
8
34
20
4
39
24
28
41
33
51
23
5
17
19
113
4
12
24
26
35
19
50
14
2
15
49
38
52
65
104
66
45
85
6
8
14
48
22
17
8
12
47
81
14
7
33
8
12
31
8
5
7
2
68
19
9
31
4
13
58
3
17
16
14
38
123
16
43
15
53
38
41
14
84
8
6
20
26
50
21
19
9
33
9
105
3
2
43
67
12
15
28
48
14
9
5
16
16
17
3
22
6
40
5
51
9
39
28
19
18
23
14
34
24
12
12
13
47
20
3
24
20
21
25
59
37
26
7
0
5
18
16
19
66
23
67
18
44
49
14
17
47
33
21
40
15
15
41
5
21
16
75
42
27
5
13
25
18
22
23
62
27
12
33
8
45
18
62
18
7
4
70
57
43
7
29
1
14
11
25
19
69
3
25
48
7
12
18
15
13
5
27
27
37
25
63
28
26
3
7
13
52
6
9
7
44
6
29
20
16
16
34
40
15
31
12
11
20
13
32
32
47
13
41
61
65
3
10
32
9
16
30
20
40
15
21
56
19
4
0
21
46
21
59
29
37
97
23
4
24
3
42
18
33
39
8
5
30
4
10
11
11
72
3
31
29
12
78
5
52
11
24
17
37
2
18
9
12
10
22
0
36
16
47
14
12
18
66
33
34
28
24
42
20
53
4
34
35
31
10
52
39
26
8
21
19
27
2
12
42
27
1
53
28
2
57
2
10
24
4
43
5
82
27
26
32
20
2
20
30
46
29
58
90
34
18
10
27
53
132
1
8
31
10
25
7
31
24
45
5
53
20
46
31
48
11
20
19
83
21
51
26
35
28
17
11
11
45
7
33
46
5
38
15
31
14
7
22
12
10
38
19
4
13
16
18
38
5
46
24
27
28
15
36
22
1
33
27
22
2
14
27
46
8
57
11
3
28
43
17
16
18
34
25
37
32
15
10
12
31
29
66
0
13
21
29
9
17
2
39
45
2
45
7
5
76
32
27
30
7
2
0
40
20
18
20
30
19
48
50
27
39
9
32
2
5
25
10
2
7
6
46
16
8
15
12
3
8
11
14
39
11
9
15
18
60
27
11
41
65
39
1
12
7
46
6
1
28
29
41
35
8
60
26
0
30
3
24
26
26
8
9
31
31
9
16
17
13
11
3
24
24
8
48
7
14
16
43
8
2
22
18
26
1
21
24
12
11
26
26
25
31
37
13
50
8
1
19
27
3
12
28
2
45
33
42
8
1
7
6
39
33
30
72
48
37
20
21
42
4
2
11
12
22
48
16
14
1
37
9
21
4
21
23
6
5
1
26
19
32
16
35
15
17
20
32
33
9
17
35
22
12
6
37
15
4
5
40
11
2
66
18
6
26
10
14
15
26
18
28
49
56
19
57
7
42
5
43
20
56
42
58
64
18
53
26
54
9
22
15
3
18
11
49
27
25
18
17
3
1
32
9
3
1
2
1
17
45
20
34
16
3
12
31
17
15
22
35
43
12
34
9
67
38
12
47
15
17
14
14
37
22
4
16
29
20
18
5
19
10
7
15
3
38
0
62
36
1
36
11
34
26
41
20
4
33
6
6
9
14
59
48
16
13
4
14
16
8
4
25
16
4
6
7
39
26
7
52
9
10
10
24
9
3
15
27
7
9
37
6
2
38
11
9
29
19
1
8
10
34
11
27
8
43
33
4
21
73
7
27
15
11
19
29
16
2
8
12
1
1
7
42
26
25
20
12
43
17
30
39
24
10
9
19
16
27
3
15
13
21
7
13
35
11
2
29
38
18
1
4
5
1
26
19
7
22
25
17
23
21
12
37
5
23
11
34
21
8
12
5
14
17
30
20
25
3
10
6
8
3
5
33
26
10
4
11
31
19
22
2
7
4
19
25
16
35
4
3
2
20
4
4
20
36
33
24
8
32
25
19
21
68
11
11
18
25
8
2
3
6
52
12
10
32
20
1
21
4
3
5
23
9
16
8
4
5
21
48
3
26
17
38
6
3
19
9
13
8
21
29
18
3
10
3
4
12
16
18
20
16
19
0
20
12
0
15
3
31
5
22
33
11
25
32
6
2
21
25
56
11
2
32
24
13
31
36
45
1
17
7
18
1
9
19
6
19
13
16
32
11
14
7
9
19
5
18
31
2
1
3
10
66
11
8
14
32
9
12
14
30
1
18
13
12
26
15
8
15
26
34
13
2
9
1
11
9
52
7
11
24
21
11
26
19
13
24
5
6
7
7
8
5
9
2
26
7
17
2
18
7
2
1
2
19
26
7
13
22
19
14
15
6
6
5
9
6
0
3
42
17
13
44
38
29
10
2
23
12
13
26
4
21
10
11
27
8
25
1
23
7
11
17
15
13
3
17
9
45
8
18
21
11
31
5
15
24
2
7
11
11
15
8
11
21
4
28
11
39
22
5
35
14
13
29
24
9
24
1
1
17
0
5
20
11
12
20
38
11
1
2
13
46
29
5
13
13
14
18
12
2
10
23
27
2
24
6
10
12
19
9
12
8
6
20
0
8
7
13
1
15
14
21
5
34
19
14
27
6
2
16
15
0
12
4
1
12
2
9
26
6
21
16
6
11
4
21
5
21
16
24
8
2
32
3
5
3
1
3
25
7
7
20
2
4
2
11
10
12
19
22
19
13
22
10
0
23
29
13
1
9
5
22
4
35
15
10
15
15
12
2
3
5
0
13
29
14
8
15
1
9
5
1
5
17
8
4
5
9
7
12
6
5
15
7
5
5
3
8
7
2
9
2
8
5
2
3
6
7
2
15
9
12
1
15
15
11
11
16
17
1
1
5
5
11
2
11
20
1
15
9
1
1
17
13
13
0
11
8
8
2
8
5
1
2
2
13
4
13
9
5
1
1
4
13
0
2
3
8
15
10
1
1
3
1
0
21
11
0
0
4
4
1
2
9
11
4
4
2
3
0
4
8
2
0
6
2
9
4
8
15
0
3
7
2
6
3
6
3
3
2
1
6
7
10
9
1
1
4
10
3
7
7
4
3
4
2
2
2
1
5
0
1
1
0
0
0
