5
34
55
17
12
59
57
16
72
2
15
28
10
13
79
28
35
194
68
9
8
12
21
43
9
36
55
29
17
24
20
17
19
146
48
30
18
38
78
57
3
38
10
90
84
11
38
20
29
142
47
15
21
24
59
14
97
51
6
70
56
11
11
19
87
43
106
21
31
37
14
41
2
52
33
15
4
6
39
91
47
67
54
57
144
45
1
17
24
18
2
36
22
5
3
48
2
23
39
93
53
84
24
45
14
14
4
66
5
7
146
48
63
149
43
1
124
83
99
2
38
102
8
27
63
83
35
69
104
67
6
25
14
11
29
80
82
41
7
13
29
73
61
3
60
98
56
45
81
111
4
20
190
20
78
5
91
72
49
64
82
4
71
18
71
12
9
66
34
75
39
56
134
29
106
34
25
90
154
20
39
13
2
51
58
8
53
62
123
54
58
15
103
38
26
37
67
48
1
57
100
14
16
13
100
53
37
200
98
2
44
22
75
42
37
82
27
158
129
66
52
13
5
41
2
49
29
37
89
24
109
26
70
9
44
85
62
183
80
14
30
4
30
111
77
36
92
108
64
111
67
10
67
24
23
23
6
124
32
55
111
38
115
49
34
5
71
27
0
14
59
175
30
109
126
51
40
4
90
27
4
113
84
30
75
143
4
46
125
16
52
12
38
108
19
43
96
2
77
32
60
50
51
37
27
31
106
84
13
25
14
188
117
86
28
85
51
31
77
31
83
31
22
75
110
84
113
11
30
5
20
24
50
84
75
80
27
45
47
11
17
109
39
74
51
29
32
69
36
62
104
36
51
8
22
72
12
65
13
98
20
57
37
74
18
60
96
31
27
125
7
14
121
117
18
41
58
165
51
71
34
56
38
17
40
3
1
74
24
34
30
36
56
30
0
80
49
140
36
31
11
105
24
46
1
151
96
21
50
32
32
38
42
30
12
71
44
34
11
22
45
8
90
101
11
19
77
43
157
26
40
35
40
98
29
42
139
71
68
88
19
9
25
5
64
156
36
36
66
102
2
4
19
0
18
33
45
56
33
79
52
72
99
113
76
100
27
56
45
34
66
23
118
16
18
56
32
13
113
62
42
57
103
77
45
56
32
22
45
21
6
122
29
53
31
19
22
37
49
40
31
97
71
29
137
0
17
27
9
109
76
14
30
9
95
35
46
19
39
39
69
61
108
44
32
24
58
27
13
110
16
188
40
70
63
98
38
46
12
4
74
63
61
14
37
110
27
36
1
6
15
101
55
3
26
86
104
40
15
72
3
28
125
107
90
13
71
43
69
10
111
1
72
4
43
1
40
22
100
102
52
36
133
98
15
92
14
6
56
44
117
54
77
43
64
14
162
29
36
103
72
13
45
9
19
43
62
52
21
61
100
33
2
97
14
23
16
6
50
80
88
10
39
84
71
4
78
25
5
85
34
34
42
18
22
76
151
29
141
119
34
45
76
1
7
43
164
83
26
3
22
27
57
2
22
101
53
49
18
32
35
14
86
92
60
71
61
18
18
39
9
101
72
122
60
56
72
98
94
88
89
31
18
1
119
42
9
52
50
31
26
34
10
3
73
22
30
44
48
19
37
43
87
87
14
20
46
40
88
34
115
42
24
6
47
20
90
8
101
5
44
59
18
27
97
11
53
44
27
109
63
55
40
28
32
122
3
61
5
82
34
136
40
7
29
11
55
50
54
8
28
11
59
28
5
32
12
13
49
21
11
20
17
90
34
76
72
120
79
98
75
18
74
42
46
28
66
17
45
134
74
55
10
56
30
64
99
56
32
35
102
14
21
27
33
53
102
65
66
75
6
46
84
32
88
94
93
78
56
148
6
21
45
76
156
46
85
32
115
88
33
21
57
14
5
3
29
18
40
54
19
39
73
34
193
58
8
54
70
45
33
58
79
13
122
115
66
29
58
15
10
32
1
42
46
67
40
21
74
46
63
37
67
92
2
37
15
110
77
23
11
40
39
7
72
23
125
13
20
39
50
60
81
34
31
8
8
43
41
26
19
64
66
34
38
3
2
41
99
9
124
124
13
22
39
101
31
35
11
92
9
51
50
31
10
104
72
4
131
15
119
97
72
33
28
22
44
47
39
26
111
36
75
83
56
0
88
125
26
17
43
15
12
16
23
36
36
14
116
73
48
1
1
114
60
129
19
38
16
21
23
181
17
23
8
70
26
31
35
38
14
34
48
12
72
64
107
15
54
36
4
93
71
44
70
106
45
0
88
31
81
9
44
3
49
7
80
20
23
5
52
22
25
74
4
67
4
101
88
18
37
45
68
65
25
7
58
70
22
24
71
67
73
14
9
29
32
49
100
14
4
29
104
18
111
21
6
10
55
78
27
85
30
5
19
48
47
13
46
78
118
9
36
24
11
15
88
14
23
81
5
8
247
57
77
41
13
102
88
15
2
19
79
62
50
21
13
52
81
41
127
102
71
1
33
57
49
13
9
68
76
25
11
31
125
38
52
47
54
38
1
94
57
95
47
2
47
20
35
5
109
43
3
14
47
18
0
25
110
57
18
62
54
104
29
12
91
44
53
77
46
22
47
155
20
17
6
30
27
8
55
21
71
37
61
4
3
35
102
63
108
126
3
31
104
42
40
28
83
3
55
36
52
45
90
19
139
49
21
9
115
32
0
33
38
46
55
54
3
2
22
62
22
47
36
66
108
13
0
91
20
41
34
24
62
9
9
28
67
20
55
69
1
64
5
25
95
20
16
132
71
80
28
49
15
32
7
3
45
60
82
14
58
9
33
11
71
64
36
52
18
52
110
22
30
53
16
41
44
87
98
31
16
106
44
6
59
43
89
12
22
53
9
65
66
9
122
23
27
0
42
0
27
47
12
50
40
45
16
78
74
77
39
52
0
71
38
135
113
90
148
36
92
13
33
38
33
96
17
13
24
22
16
6
55
80
41
41
147
92
27
71
59
21
62
38
44
47
40
3
68
145
83
50
120
20
78
124
34
33
5
86
68
61
21
52
5
78
28
60
9
56
19
18
8
43
27
4
117
66
0
32
44
36
16
25
33
56
55
38
75
109
108
46
30
2
12
4
27
158
57
32
4
11
42
39
150
11
80
71
26
78
38
72
15
13
32
59
55
3
26
73
18
32
81
66
99
10
4
73
74
40
21
61
30
43
1
61
18
19
27
97
67
122
6
53
12
42
95
3
84
10
2
67
84
67
23
59
4
33
100
12
2
14
23
43
107
49
99
77
19
51
12
31
35
31
51
61
67
22
47
2
31
2
89
25
126
37
34
22
69
39
85
40
23
74
29
99
33
75
23
38
67
18
38
44
91
8
11
25
44
52
43
49
77
27
9
23
34
22
17
30
8
41
4
149
40
22
15
7
103
56
28
43
15
62
2
19
18
89
59
113
73
143
38
96
142
4
13
17
127
13
100
6
26
40
6
38
25
15
19
89
69
82
92
39
42
34
10
51
123
19
30
94
31
93
64
40
62
2
82
6
34
38
31
30
40
30
31
17
82
11
21
5
124
26
128
26
11
1
32
16
31
40
20
117
20
13
15
3
61
62
25
21
16
39
79
47
71
42
81
56
114
37
62
23
40
198
40
51
69
205
32
58
31
106
8
1
4
34
3
43
15
27
17
7
29
79
64
27
4
47
57
71
50
6
62
46
50
26
29
2
73
52
54
40
34
5
33
13
63
31
8
17
27
16
110
34
105
35
25
106
60
44
121
71
5
18
57
4
15
79
82
69
15
1
18
105
59
85
62
7
67
20
88
35
41
9
79
32
45
60
11
52
4
45
59
13
31
52
144
31
31
46
25
14
46
8
52
3
15
15
114
20
51
13
55
31
27
15
1
22
12
61
86
4
3
41
28
14
53
45
51
90
39
24
31
24
1
92
3
3
47
35
25
48
20
82
1
22
42
37
1
5
82
46
20
29
63
41
14
83
28
55
64
64
72
5
7
25
57
1
26
29
41
64
26
11
18
62
111
38
13
22
2
55
30
14
44
15
56
38
105
61
61
27
99
0
165
11
20
60
10
78
47
43
28
40
114
44
50
92
36
74
28
109
63
22
18
11
89
16
5
99
25
112
27
9
48
42
129
27
53
40
7
5
49
31
14
6
12
49
20
2
37
20
37
60
12
109
44
33
4
40
40
34
53
2
28
17
44
31
81
6
87
80
5
77
51
78
11
49
8
47
83
144
17
10
35
114
68
32
47
22
33
81
99
4
12
41
24
80
81
39
55
4
4
9
35
37
120
34
1
50
9
17
24
35
73
41
79
53
38
9
6
90
3
25
53
52
54
67
6
80
6
9
15
30
12
25
28
48
75
37
27
2
3
62
60
16
8
75
4
93
67
65
63
77
27
61
14
24
54
17
3
14
38
33
22
7
37
25
2
64
126
56
29
29
34
44
7
77
69
21
57
65
48
60
66
11
52
30
26
8
17
23
33
87
42
17
76
41
52
28
2
69
64
7
55
68
70
24
18
25
3
80
69
22
32
2
27
37
134
72
65
3
44
49
18
104
34
20
24
94
96
38
12
158
126
31
19
99
6
23
36
49
70
38
42
53
32
32
67
9
16
38
23
89
14
10
68
20
135
16
1
70
40
57
1
4
47
17
103
6
48
50
10
81
14
54
55
20
69
28
15
40
33
65
44
82
63
31
73
43
26
32
54
144
55
1
48
23
29
18
29
74
70
30
45
91
82
34
58
1
40
4
59
125
15
132
70
75
40
5
96
28
39
31
3
120
14
21
17
62
30
14
62
0
1
35
33
28
51
31
55
11
62
36
6
68
49
145
26
43
48
46
15
6
62
91
40
32
25
131
9
44
61
15
36
69
3
40
4
23
3
70
69
66
7
31
33
10
86
40
24
19
25
64
93
47
1
10
27
45
21
19
41
62
14
5
70
48
4
85
95
30
26
19
14
41
43
21
40
33
69
16
13
13
26
24
10
43
114
106
26
34
5
65
49
34
17
74
1
40
18
5
33
82
22
25
22
29
33
55
64
20
28
55
47
6
96
82
21
48
14
8
118
28
30
27
63
53
39
31
57
23
29
13
56
11
39
6
43
68
8
38
2
91
11
54
32
17
3
3
13
30
26
30
32
43
51
12
41
33
17
9
65
30
22
101
33
9
17
13
32
128
147
36
12
31
10
14
5
64
50
14
42
26
47
34
32
97
31
86
19
39
96
34
26
9
43
139
10
55
0
1
14
53
89
33
80
107
81
8
25
76
16
12
16
66
30
9
19
4
2
33
48
39
30
8
44
14
6
10
20
21
100
46
43
38
48
68
32
10
31
12
37
51
57
4
13
67
16
96
22
11
39
32
6
60
35
54
16
1
14
72
47
90
26
72
52
83
1
63
37
58
9
31
22
32
23
66
4
15
2
30
20
22
34
15
39
56
18
17
89
27
34
38
12
30
42
16
35
60
47
52
44
89
59
48
11
56
43
39
30
29
71
10
37
71
6
25
26
24
5
53
30
2
13
94
50
54
72
10
54
92
7
60
7
20
100
51
50
23
50
8
8
34
42
19
30
39
66
37
11
27
17
51
78
35
87
68
31
41
59
17
65
12
42
28
10
45
17
48
32
19
39
125
6
61
6
58
9
13
10
8
26
25
38
16
26
43
34
42
20
60
109
70
46
18
17
69
66
98
4
15
39
32
5
33
32
27
63
53
74
58
20
115
33
24
4
48
45
9
63
23
34
56
29
48
90
31
4
11
37
11
59
26
9
42
62
72
108
45
96
85
72
21
2
30
48
21
27
46
45
32
1
1
24
32
58
88
9
17
26
62
2
37
31
15
39
42
14
16
20
59
18
30
45
37
67
76
45
41
77
90
0
72
35
7
29
19
29
17
99
34
67
4
19
50
45
28
29
60
42
0
21
106
57
65
20
12
47
21
55
105
52
35
51
81
34
9
0
9
19
7
23
16
23
31
78
5
23
115
28
10
52
79
30
44
62
62
64
22
74
88
72
71
48
55
2
76
10
13
26
36
4
33
25
20
77
48
36
17
57
7
69
4
16
16
102
6
11
38
24
26
38
5
11
34
38
80
104
4
45
51
10
8
10
33
45
7
22
41
28
29
59
16
2
2
23
86
39
54
163
42
45
10
0
65
8
8
64
28
9
74
2
40
47
43
41
9
10
34
60
63
71
65
65
30
20
11
17
75
15
33
42
30
0
28
5
5
12
70
50
13
60
9
26
59
76
71
23
61
16
28
76
22
20
96
27
17
83
92
21
55
14
3
30
30
42
59
1
6
61
15
36
24
65
53
63
44
46
35
69
29
27
6
8
6
51
32
49
3
46
26
4
32
61
8
5
10
29
102
50
48
4
82
65
56
7
20
37
16
83
0
46
7
24
50
40
55
13
19
40
34
44
42
8
55
13
1
31
6
23
50
50
17
6
8
7
78
65
15
42
26
32
14
66
94
1
18
0
26
41
21
10
61
14
47
48
25
59
7
2
28
65
67
52
24
47
12
40
54
24
17
42
55
33
34
29
13
15
24
44
47
43
112
74
18
12
9
34
7
12
18
107
38
18
10
52
36
14
7
14
26
45
12
102
11
69
37
48
16
44
27
12
33
108
26
13
9
14
42
37
1
35
25
30
53
2
63
9
5
41
20
6
34
5
21
4
12
67
3
37
51
47
17
17
84
82
5
38
86
39
33
15
33
12
14
14
3
23
5
13
4
0
37
43
20
16
24
5
2
66
6
45
42
82
39
21
16
39
47
8
1
5
86
25
18
43
31
14
9
2
1
13
48
31
42
76
44
61
44
6
26
6
7
29
25
91
33
30
10
66
72
31
8
7
33
66
19
16
34
35
14
30
22
19
19
50
23
14
22
14
32
49
29
64
38
13
87
54
21
72
29
83
5
46
2
47
20
26
5
94
62
21
7
31
38
6
0
22
48
40
41
9
24
13
63
17
12
32
39
35
10
53
36
13
46
35
32
3
47
68
54
6
3
88
25
41
8
64
17
13
26
97
56
3
39
56
28
32
86
11
2
18
59
35
14
25
11
1
6
7
25
59
49
0
50
38
14
27
24
39
63
78
14
31
3
61
15
13
16
7
19
64
20
18
34
4
27
44
13
31
28
78
45
31
18
0
7
72
93
18
7
37
1
21
41
76
44
5
74
12
14
24
77
35
16
10
16
11
65
52
3
55
19
116
55
84
10
19
7
55
45
70
7
54
54
29
27
27
18
24
17
4
17
16
34
7
16
21
16
6
3
17
8
2
40
33
3
22
18
27
29
45
51
21
48
34
0
48
15
58
80
0
55
27
7
50
21
18
67
11
13
17
29
18
55
3
9
23
58
15
31
6
22
32
43
36
7
7
38
10
46
15
39
1
14
0
14
42
29
5
38
24
2
51
54
94
12
24
9
28
62
17
21
11
18
12
72
8
80
5
7
47
14
43
47
15
63
16
30
42
60
25
15
14
22
16
5
8
8
1
34
19
56
21
14
3
0
31
52
15
11
8
13
2
21
32
51
60
29
2
113
33
51
6
57
28
78
23
15
43
7
2
6
28
7
56
14
10
41
0
36
32
33
14
76
32
9
18
46
36
20
9
11
56
1
16
36
5
8
11
80
16
6
12
14
18
1
2
60
20
26
30
68
27
50
43
19
8
10
55
36
17
8
11
23
4
46
3
48
17
78
52
33
44
12
5
42
11
36
11
5
22
28
45
3
69
10
11
5
2
27
1
56
26
5
11
41
22
108
98
36
25
14
25
31
72
39
35
15
20
15
21
77
73
1
16
72
23
23
77
30
26
1
32
54
43
34
5
16
27
70
2
27
99
24
38
26
2
83
26
102
27
12
14
6
34
24
3
37
42
24
27
15
42
5
1
29
4
42
25
13
2
10
62
18
6
14
73
15
15
34
92
30
28
2
98
36
71
19
28
14
9
10
125
75
32
9
12
45
31
20
37
23
92
38
31
21
39
25
1
18
9
15
12
12
10
21
14
73
33
37
3
49
42
6
34
22
15
42
5
7
65
52
34
42
19
14
19
25
24
3
12
2
7
40
26
14
64
7
89
21
44
34
60
33
16
13
62
14
14
15
18
4
20
2
18
75
16
22
5
42
10
54
17
71
47
3
23
57
19
37
31
65
15
22
9
23
33
8
17
8
14
43
9
2
21
33
39
13
28
0
50
8
6
73
26
51
26
31
4
34
2
24
10
10
64
48
7
40
30
4
0
3
23
46
25
49
1
17
31
12
76
13
9
27
42
33
2
4
21
8
4
77
5
36
14
32
35
50
19
17
52
37
53
81
54
0
16
8
6
22
47
6
44
1
93
38
12
1
78
23
22
31
40
1
11
24
31
24
18
19
35
7
18
15
29
2
17
4
18
22
48
11
1
20
53
21
10
2
11
7
30
30
31
25
24
1
13
25
15
27
31
32
37
12
8
14
77
17
28
25
19
23
29
12
3
1
41
26
53
22
10
37
48
16
32
1
20
9
30
33
26
52
17
17
34
24
24
5
17
32
21
6
38
54
19
5
1
5
17
18
19
100
22
14
19
23
2
8
31
9
6
6
20
10
28
27
4
39
42
20
21
19
35
17
16
26
17
36
5
2
36
1
13
8
14
38
26
30
14
2
35
19
12
52
15
1
26
49
43
55
39
24
18
40
64
41
4
22
20
16
11
27
7
23
0
9
8
21
40
68
23
19
7
59
48
26
23
48
36
1
44
24
64
4
0
14
45
10
50
13
10
12
27
76
32
1
6
28
1
41
39
10
25
20
54
20
3
34
36
28
42
40
0
7
44
2
12
55
20
25
13
29
43
5
18
34
45
24
11
44
19
36
2
27
21
36
8
24
4
47
7
6
15
12
8
33
4
16
12
27
27
41
10
15
36
26
41
51
55
38
7
16
46
5
24
24
48
16
2
38
33
30
4
49
26
22
20
16
1
97
61
28
35
25
21
15
61
7
7
35
9
17
23
15
3
23
7
62
3
47
57
13
27
16
24
1
21
43
14
3
25
10
17
25
17
15
46
52
14
9
0
37
22
12
28
19
19
4
5
10
3
9
21
1
32
10
11
14
1
60
51
7
44
13
14
27
64
11
38
50
13
9
12
8
0
12
10
3
34
67
34
45
13
0
0
2
36
8
20
18
6
6
10
5
24
1
32
29
17
17
5
1
8
29
7
21
14
16
33
16
7
25
21
10
10
16
18
45
24
21
15
44
21
27
37
34
9
18
16
5
27
4
32
43
9
22
29
41
8
18
3
26
76
6
26
41
31
44
20
8
1
6
4
6
8
27
10
18
20
6
51
15
33
49
20
17
3
39
10
16
58
32
20
13
9
6
1
3
41
3
1
26
11
28
53
15
12
3
26
35
12
19
6
19
3
7
4
51
6
43
7
12
55
22
22
12
7
3
9
15
29
16
28
40
4
60
25
30
3
28
11
16
0
15
4
2
12
8
27
8
14
19
1
5
18
11
43
21
9
2
10
28
19
24
10
49
0
13
4
6
58
19
40
2
20
19
11
11
13
6
10
22
15
27
2
19
14
11
2
10
40
38
10
5
3
12
13
1
17
11
16
8
30
23
43
3
37
6
23
28
7
23
8
38
22
30
6
4
1
13
4
6
5
10
12
55
3
16
24
20
5
13
17
17
3
21
5
6
39
23
35
21
11
25
13
3
11
16
30
5
4
11
8
6
25
32
51
12
17
15
39
22
8
8
20
21
11
0
28
8
14
23
19
1
6
1
10
12
17
24
28
1
24
18
33
15
7
3
0
25
7
53
19
50
9
20
3
20
40
25
10
17
1
4
2
0
25
24
37
3
13
17
8
0
6
17
16
3
11
7
17
1
12
25
27
6
17
11
14
7
13
10
22
7
10
43
10
21
10
28
12
36
23
8
17
15
7
22
23
30
12
17
42
4
13
21
7
2
5
1
5
30
1
18
21
32
7
46
14
13
20
40
13
27
26
5
5
30
21
22
3
7
2
19
3
5
11
15
22
16
7
18
26
17
1
9
20
17
22
10
2
5
6
26
17
23
18
15
4
7
32
7
0
14
7
2
11
24
14
5
14
13
19
14
1
19
15
13
9
6
8
15
15
5
6
23
23
43
12
4
1
18
30
28
13
3
3
1
5
7
1
1
7
12
21
13
17
13
24
7
30
6
26
11
7
1
5
6
32
9
16
9
6
0
11
8
1
23
5
13
11
34
6
12
3
1
22
8
19
5
8
2
8
3
5
7
19
12
9
25
11
4
24
6
14
18
17
6
14
7
31
6
30
7
4
1
12
4
7
2
19
9
6
27
30
9
6
21
5
14
27
5
13
7
9
8
3
2
30
8
3
20
5
14
7
17
2
9
18
2
18
2
6
4
4
3
3
5
2
15
4
1
8
4
1
20
9
12
3
3
8
5
3
10
8
2
2
3
5
4
1
1
18
3
13
1
11
6
19
15
28
2
9
1
8
0
2
8
7
7
10
16
12
16
8
6
3
6
9
0
2
3
13
25
0
5
11
11
2
4
8
0
3
17
5
5
16
5
1
3
1
6
8
1
19
3
3
11
5
8
5
6
4
2
14
9
3
3
5
6
7
1
21
3
0
2
3
5
10
8
0
1
1
0
1
10
1
4
1
1
0
7
2
3
2
9
1
2
0
4
1
1
2
3
3
12
1
5
3
0
2
1
2
0
