1
4
15
7
116
50
1
51
71
3
78
5
15
93
35
7
22
37
127
15
17
12
29
21
41
60
33
36
2
13
102
103
79
64
84
4
0
15
97
6
38
12
23
23
6
69
25
33
13
31
37
28
24
29
73
64
95
79
58
43
61
8
5
2
36
73
35
10
2
24
46
90
56
29
59
43
26
5
22
17
7
40
48
19
1
48
19
30
58
14
140
5
39
8
86
82
28
119
0
15
70
28
8
92
69
31
54
60
142
13
67
130
41
27
11
25
7
93
8
26
76
55
8
97
21
65
127
28
5
81
18
38
40
59
78
50
21
17
84
90
115
31
1
187
7
55
106
47
53
97
0
9
58
62
78
109
17
44
70
24
55
12
3
73
78
19
118
27
25
103
18
67
109
26
18
104
50
32
17
98
65
34
36
10
37
116
97
45
115
56
82
4
3
10
114
83
95
120
7
75
54
70
47
27
74
2
99
60
26
36
39
50
37
11
6
5
24
13
50
75
42
142
11
37
130
83
45
133
76
61
24
61
70
102
55
70
2
113
48
41
77
50
22
58
35
20
33
30
74
74
25
28
164
57
84
102
78
30
61
95
46
172
15
31
58
171
52
18
25
18
34
11
68
72
27
31
20
26
54
35
17
114
19
56
35
46
100
24
8
110
21
11
13
45
60
3
92
131
27
33
46
23
144
127
150
48
45
0
83
50
24
23
75
78
44
72
5
27
34
46
148
90
2
90
69
52
71
74
20
16
17
4
70
25
5
29
41
6
62
33
51
65
96
74
31
17
161
19
16
13
82
44
54
120
13
42
146
99
92
33
61
7
42
111
52
15
29
102
1
52
52
29
76
61
2
139
61
54
62
46
58
64
82
24
34
20
69
145
169
68
71
8
105
163
91
1
11
12
16
46
39
68
72
74
10
22
36
12
52
19
43
1
76
142
91
72
29
72
15
63
58
49
77
31
34
46
71
8
43
75
11
35
27
72
15
24
114
69
120
130
125
17
9
70
70
60
100
48
45
26
31
5
42
86
99
39
126
10
43
36
124
81
60
34
41
3
80
17
90
124
7
16
83
91
87
91
55
57
25
124
97
78
44
82
4
42
9
106
60
49
45
126
46
112
6
57
29
79
25
101
25
18
12
51
27
52
89
16
1
33
0
59
139
104
88
3
51
10
32
45
1
81
26
115
153
93
14
48
26
50
33
29
90
32
0
88
120
180
189
16
5
24
30
10
3
21
106
18
33
105
85
43
1
48
32
73
22
17
38
28
58
31
14
71
100
100
19
1
40
120
50
4
28
75
40
3
83
40
130
3
18
58
84
14
142
46
61
72
67
56
16
24
12
84
108
79
76
60
126
58
2
13
29
20
104
115
85
19
24
66
18
79
82
36
5
66
25
16
58
9
23
137
55
98
20
68
46
91
4
2
44
11
89
14
12
46
37
29
30
30
38
17
72
132
98
34
22
3
82
49
10
0
9
28
47
156
115
67
30
23
63
18
71
47
2
28
11
72
38
30
32
14
133
9
7
25
64
7
40
27
46
28
88
109
176
12
81
66
5
61
30
146
85
11
122
113
49
26
28
58
35
101
50
2
26
8
41
17
95
39
46
35
3
33
111
144
35
21
4
30
56
9
36
31
10
30
55
14
15
114
135
79
27
97
10
1
29
35
21
52
56
98
18
80
47
26
31
71
20
102
138
12
78
21
31
45
40
30
4
23
22
109
21
121
40
106
8
10
7
100
16
68
143
66
6
75
63
123
97
75
69
17
25
28
39
21
12
16
36
5
19
12
12
24
21
66
124
74
57
2
0
176
99
45
99
30
55
18
12
7
48
79
38
76
12
14
76
39
29
26
2
37
91
4
92
99
38
86
60
57
10
22
59
125
44
25
3
37
27
25
82
75
8
14
74
85
12
42
28
95
51
39
33
25
92
13
32
12
97
46
44
45
112
69
2
1
6
141
143
3
24
4
40
36
36
22
81
56
91
87
88
31
9
26
3
22
81
46
135
40
19
2
95
72
98
47
60
12
15
47
52
63
7
34
73
88
15
24
76
7
13
14
29
64
109
30
16
49
4
45
50
65
45
22
9
84
44
64
71
14
86
94
38
47
15
76
40
79
51
3
13
48
21
4
33
13
37
77
68
95
22
53
35
52
78
7
56
8
37
123
13
10
97
35
9
70
4
59
9
12
21
15
46
137
65
68
15
55
27
97
6
55
74
7
85
129
48
70
29
54
37
86
7
24
17
85
168
17
2
66
37
33
55
0
11
32
18
10
44
52
13
63
62
65
74
89
6
16
50
85
1
32
40
69
145
47
30
41
22
38
10
29
1
73
29
28
23
152
92
69
9
10
70
15
6
53
119
46
4
69
104
42
56
42
12
7
16
22
32
98
81
46
7
69
23
19
0
63
38
7
102
23
51
26
81
74
50
109
88
15
33
52
177
2
25
31
111
18
27
61
39
85
72
77
58
68
40
78
53
89
55
4
19
42
3
51
6
36
53
12
72
4
11
11
41
23
86
45
161
66
20
1
20
53
38
152
24
123
15
70
54
40
1
7
47
46
35
49
63
29
15
81
2
15
60
26
14
55
55
42
16
90
88
26
58
56
118
51
73
56
158
56
0
14
14
6
34
68
76
94
57
48
18
10
6
161
2
16
38
32
20
64
41
37
4
6
55
39
49
23
19
39
39
13
1
10
15
116
11
77
17
38
40
37
54
70
83
10
26
98
86
15
20
76
56
51
64
20
43
113
70
43
48
0
54
77
53
10
132
25
12
33
63
30
69
28
132
64
53
29
19
4
39
19
88
4
98
52
54
88
15
41
5
32
26
57
2
161
12
30
7
41
1
50
40
5
99
86
28
7
59
36
28
89
9
41
1
6
42
54
7
28
68
68
72
37
14
40
10
56
4
22
23
41
32
57
18
109
62
87
102
71
82
6
2
62
89
12
47
7
59
55
91
49
66
82
61
36
7
26
18
35
10
10
73
54
18
57
149
72
48
126
85
78
50
168
32
115
60
42
52
31
84
98
23
92
54
42
17
1
63
28
14
8
9
15
47
36
33
35
13
19
27
62
59
1
80
28
17
59
13
68
35
32
3
107
4
60
81
12
6
53
31
9
38
153
24
133
29
28
43
72
40
15
74
5
78
10
83
32
79
31
2
13
50
54
24
91
25
34
14
161
78
2
74
74
97
78
68
48
27
78
23
90
38
2
17
46
78
90
160
49
82
84
40
16
29
13
37
49
64
12
22
55
87
25
26
56
48
61
1
37
1
83
14
32
32
45
128
2
5
53
6
58
27
107
21
44
3
52
48
29
148
39
34
3
29
17
23
11
44
43
22
0
26
53
21
52
12
121
47
1
34
53
66
2
52
49
60
31
124
15
90
47
33
28
31
59
39
43
18
51
0
30
34
52
28
63
55
28
25
37
6
123
58
71
27
28
11
65
73
32
2
32
67
71
27
68
48
12
67
58
17
3
11
84
46
44
61
49
4
5
99
19
86
7
13
48
1
74
32
16
1
21
4
58
10
25
50
6
2
42
86
34
53
37
113
52
150
37
29
57
161
2
105
155
36
55
65
25
41
50
41
26
85
43
12
37
20
51
26
20
109
40
34
6
88
14
74
51
66
3
59
91
176
50
3
125
29
36
31
42
58
14
71
39
24
96
113
30
27
59
36
0
90
34
101
17
67
24
62
70
26
10
19
29
15
52
3
52
102
19
0
1
1
30
56
26
23
111
11
8
5
35
85
77
47
67
124
18
9
84
82
46
38
11
59
41
12
12
8
33
39
6
8
68
92
40
15
92
48
24
66
113
73
13
13
18
11
38
12
104
29
72
25
38
24
63
66
12
78
4
24
20
8
50
75
61
33
20
45
124
50
84
65
47
148
123
98
4
7
45
12
27
76
105
79
100
57
13
31
24
101
20
51
39
89
65
22
18
11
92
21
69
50
41
60
41
20
0
24
40
63
13
86
35
52
9
48
56
88
4
25
29
64
30
78
41
12
1
102
122
37
71
50
37
20
89
26
118
31
129
5
5
11
36
105
19
29
43
54
22
25
10
73
89
74
4
59
47
53
73
136
19
95
53
18
62
49
42
82
4
5
1
73
84
13
23
31
43
9
16
133
32
68
38
51
20
6
9
13
21
33
5
62
0
23
51
31
81
55
43
79
142
10
91
15
29
8
4
32
31
162
59
7
130
46
16
20
29
29
64
36
51
21
5
37
48
12
97
16
48
40
153
90
86
8
18
13
0
37
39
14
17
22
36
8
87
18
22
19
68
46
92
44
9
42
82
59
16
70
67
29
49
35
32
23
71
44
47
105
28
35
5
36
34
18
63
12
76
1
22
15
38
22
11
51
41
69
9
25
3
101
23
16
10
4
4
27
44
44
56
18
11
3
10
99
76
17
21
2
33
62
27
24
4
47
32
86
29
68
46
29
19
1
49
44
53
30
44
69
48
47
94
51
66
123
4
7
12
56
20
7
26
42
3
58
60
39
36
42
66
79
10
32
4
69
54
37
22
4
4
5
9
46
31
63
83
68
24
48
69
42
20
68
11
29
5
16
13
11
52
4
15
47
73
5
37
35
37
30
31
75
57
24
37
106
20
30
25
53
21
2
70
17
43
30
14
2
3
32
21
23
49
17
32
3
26
116
94
19
89
41
96
7
77
7
81
70
9
93
22
28
11
49
51
46
48
44
57
1
42
67
68
70
14
9
23
80
10
36
30
13
76
2
76
76
18
18
52
78
49
59
6
14
1
48
18
12
98
30
69
13
0
76
60
57
13
68
53
64
73
110
6
12
24
12
33
36
43
45
23
61
14
103
0
21
21
8
119
45
71
87
69
68
53
39
12
43
7
93
20
8
2
35
11
65
25
30
46
70
16
12
2
30
28
33
53
8
45
43
60
53
69
53
30
67
12
66
9
7
11
26
69
4
34
2
14
7
34
23
29
57
21
26
7
79
56
55
51
12
12
51
6
17
6
66
41
60
20
51
107
71
50
33
40
1
7
79
36
24
85
90
35
17
6
31
107
59
114
54
91
33
33
6
64
94
27
29
41
106
109
28
5
18
46
7
41
60
66
15
99
23
17
46
18
38
8
108
10
34
6
15
26
87
48
9
26
9
1
44
21
1
65
46
72
22
25
23
102
20
46
95
68
20
13
7
36
50
27
57
69
7
77
94
13
76
17
66
120
36
44
109
10
34
58
38
73
80
105
20
24
73
32
28
86
60
71
30
9
69
76
155
18
28
14
48
14
102
34
27
24
18
61
25
61
35
3
21
60
85
144
3
39
16
58
92
10
32
16
8
1
55
73
60
2
9
38
82
43
16
32
7
3
27
9
22
53
47
68
53
52
7
47
70
8
75
91
14
34
52
56
67
22
20
61
40
14
39
30
0
6
3
96
35
40
0
7
35
50
41
44
17
37
71
3
57
71
77
27
38
27
26
35
70
70
42
7
50
34
66
103
52
5
18
8
5
51
14
14
15
61
14
101
41
87
61
93
53
39
57
13
94
24
22
83
15
60
28
37
10
55
75
55
45
8
51
45
6
5
10
73
6
48
40
0
31
15
11
64
11
51
6
29
1
26
37
19
21
8
56
35
28
3
19
71
43
71
59
26
21
8
35
25
13
24
1
42
9
17
38
67
16
9
25
127
35
139
35
19
5
13
17
92
24
33
24
29
11
5
48
51
60
31
2
59
5
32
41
58
16
38
11
2
20
35
25
89
13
88
4
59
51
14
121
79
51
30
12
74
39
35
2
10
23
50
27
23
33
14
19
5
5
26
32
56
70
79
13
17
47
20
8
38
61
29
56
19
10
19
10
28
20
15
5
85
49
79
64
31
19
49
43
43
1
33
19
17
46
87
22
48
29
65
3
17
34
32
8
50
30
18
47
7
27
21
74
4
60
45
22
28
9
31
42
18
66
6
58
74
4
1
78
5
11
13
81
25
27
68
5
29
66
1
15
2
107
47
10
25
53
66
1
87
55
38
24
52
46
2
42
40
23
14
61
39
18
4
47
12
32
28
47
4
64
20
38
74
43
8
18
16
50
54
20
21
7
9
13
81
2
35
82
0
94
41
29
78
38
31
58
66
40
5
8
13
5
25
58
47
52
5
75
18
9
26
63
32
6
99
47
63
0
12
58
29
87
3
29
23
43
71
32
20
32
98
60
46
19
21
109
7
45
20
26
9
50
75
62
43
48
31
19
16
49
22
38
64
1
31
57
3
1
110
17
82
25
73
39
24
15
49
46
12
47
20
37
43
18
12
12
24
67
37
103
46
33
41
35
42
19
56
67
34
20
47
38
27
51
49
27
57
16
32
27
5
41
16
2
20
49
35
62
70
59
17
2
20
60
20
21
6
21
45
93
13
36
59
92
17
8
12
35
18
54
11
25
17
12
67
21
68
11
36
59
37
71
6
4
43
6
58
44
12
86
4
37
12
13
30
15
78
35
35
36
1
36
62
64
2
10
44
36
43
22
14
44
19
20
34
30
24
3
7
7
10
18
38
24
73
23
41
29
74
58
87
20
16
18
49
24
35
2
2
33
30
24
16
34
105
27
3
24
56
81
95
11
61
72
2
65
80
28
24
64
100
23
29
56
5
21
11
62
48
45
28
2
50
32
17
78
29
3
16
16
61
20
50
33
34
5
10
2
46
10
8
2
8
36
39
2
1
61
44
14
47
30
24
82
8
94
34
81
2
38
23
15
46
3
46
38
63
33
19
52
18
102
25
67
43
22
62
6
4
53
15
22
39
43
30
16
97
5
18
49
6
2
65
52
9
3
16
26
4
2
62
14
25
3
3
82
48
3
51
39
84
88
70
43
63
33
38
85
70
20
5
6
90
13
34
45
27
38
22
11
69
59
19
28
40
2
40
25
18
22
27
47
44
19
90
61
6
151
44
6
9
77
30
37
54
75
10
10
14
4
41
76
49
54
74
13
22
42
46
6
19
60
47
37
96
20
34
11
15
0
20
50
41
41
2
18
58
1
20
32
15
9
31
46
60
14
80
19
25
62
15
76
32
54
20
25
41
22
9
31
21
21
11
9
30
28
17
45
0
50
21
24
92
3
23
31
42
37
57
65
71
40
10
37
57
45
60
2
31
3
33
19
50
35
3
41
52
2
12
24
30
11
3
5
30
30
31
49
46
54
14
39
43
60
5
67
37
40
22
19
57
48
26
25
16
96
23
16
15
30
13
10
5
29
11
3
3
8
25
37
27
54
0
23
61
14
19
14
47
45
75
38
31
9
21
35
12
42
23
42
8
10
21
41
28
49
76
41
36
16
6
17
47
1
46
52
62
17
8
40
23
33
24
13
54
14
47
2
41
11
56
25
26
41
10
16
9
5
8
22
33
21
34
23
46
35
47
108
35
52
36
35
63
16
57
48
18
39
15
5
8
12
61
0
42
9
57
17
47
39
32
16
33
51
36
19
4
20
9
21
27
62
30
31
34
10
3
16
11
37
57
24
27
73
2
16
65
37
26
28
3
6
8
4
31
14
51
10
22
0
30
66
1
28
25
1
19
79
14
18
45
30
72
19
28
34
44
39
25
20
8
107
35
40
8
54
2
42
16
8
17
71
14
96
11
7
26
29
27
7
7
61
24
8
83
28
58
17
29
28
31
25
26
22
65
40
34
22
2
0
2
9
17
32
64
13
8
7
32
18
20
28
16
44
6
60
21
29
28
30
40
23
7
1
16
15
3
49
43
22
7
47
27
64
22
61
27
3
7
8
46
30
12
58
51
12
15
42
52
11
76
3
50
32
50
5
24
24
6
15
50
30
82
10
87
29
16
9
4
47
69
15
7
7
16
54
7
12
34
24
29
29
10
5
21
8
25
1
18
39
16
48
29
11
25
20
4
72
1
19
8
36
7
24
28
18
44
8
37
26
14
54
17
21
16
42
20
9
45
23
37
14
31
19
2
84
52
48
21
41
14
13
2
1
27
21
23
17
59
53
15
2
48
51
2
14
29
8
39
4
12
39
5
82
2
7
33
43
81
75
42
14
61
43
7
54
8
34
40
66
7
14
19
21
43
7
22
4
11
39
52
7
1
38
5
38
2
1
23
25
24
79
12
43
53
46
40
15
36
4
21
13
47
38
28
5
37
14
3
38
63
28
8
51
55
45
33
10
17
42
35
22
48
51
2
50
20
31
10
3
27
15
26
73
20
11
1
28
23
8
2
21
9
10
14
40
17
23
31
41
8
18
25
41
2
13
7
8
61
23
27
56
19
13
36
13
41
54
24
57
26
20
44
32
2
14
7
18
3
31
8
3
5
38
22
40
29
54
8
27
4
24
11
35
28
70
15
13
3
28
3
12
62
32
64
10
14
7
44
9
33
37
19
9
33
21
28
19
16
3
3
72
29
43
2
10
6
23
19
5
28
1
48
5
27
28
21
2
6
62
35
28
50
16
36
8
20
44
23
27
52
2
33
13
41
26
44
15
5
32
67
6
16
10
31
13
35
33
37
24
0
3
0
28
34
12
4
19
41
80
26
40
11
35
22
37
8
52
15
5
8
12
4
16
27
2
9
37
50
25
11
1
30
17
21
19
16
30
26
11
19
55
7
38
17
11
35
8
48
6
6
15
1
26
8
26
30
12
8
3
11
20
24
16
40
0
11
16
33
34
18
1
9
15
2
0
63
12
18
39
6
8
0
42
47
6
36
10
20
11
4
26
26
18
66
17
12
1
2
15
15
52
5
6
11
18
64
27
42
19
10
2
20
4
38
13
1
30
52
25
15
11
1
4
3
21
32
21
33
20
44
24
6
5
13
10
18
6
28
24
31
42
14
27
14
4
6
21
33
20
15
26
4
19
23
41
4
15
82
3
84
84
11
55
32
6
2
11
1
1
46
25
0
57
16
51
0
10
21
46
0
45
23
18
47
1
17
24
27
8
7
43
14
31
3
53
6
25
3
4
9
3
2
5
28
1
13
25
23
9
18
25
29
18
35
8
17
7
4
0
32
18
3
48
11
32
49
10
37
8
31
54
9
4
9
9
17
45
0
45
45
38
54
70
0
18
5
58
2
17
15
56
3
41
25
35
12
13
16
13
58
46
25
14
8
4
29
11
18
11
18
20
21
13
25
1
40
16
31
17
3
0
55
48
28
20
16
35
15
7
26
33
33
39
6
25
47
26
27
30
27
9
28
18
20
4
12
8
16
42
1
34
14
4
38
9
13
29
58
43
12
7
29
17
2
13
29
6
4
39
17
10
43
14
36
15
24
33
4
4
1
5
49
40
0
33
23
2
24
15
20
35
13
7
10
20
24
29
2
50
12
10
0
41
6
4
35
30
7
18
51
42
18
0
14
2
23
8
4
12
10
36
25
17
25
33
33
24
50
31
9
3
37
9
35
0
13
5
16
8
3
33
40
5
42
30
27
29
4
1
11
30
19
24
9
15
10
22
6
20
9
11
34
24
45
7
10
13
9
43
15
16
52
2
25
2
8
14
36
9
18
59
13
11
0
15
26
50
46
1
24
10
17
26
2
32
7
61
17
39
37
27
14
20
42
55
15
4
28
24
8
24
14
10
39
10
9
20
25
18
16
16
37
7
7
4
16
13
22
5
11
20
20
19
26
22
12
72
16
7
10
31
29
15
0
28
17
8
7
23
5
43
2
14
25
35
9
8
44
23
16
18
5
45
14
20
3
16
13
5
5
22
2
4
18
2
24
19
27
16
32
23
20
17
6
15
6
30
9
31
29
10
1
15
5
9
32
38
45
15
10
33
32
16
19
19
18
7
5
17
18
22
17
15
2
2
15
34
46
18
5
34
16
2
28
5
33
19
23
7
34
13
5
34
27
5
27
21
23
6
22
12
30
20
16
9
23
1
18
1
15
26
16
12
37
44
1
10
13
17
1
22
24
12
16
6
10
11
8
46
39
2
36
13
25
15
9
3
12
11
9
11
29
6
3
37
9
8
26
10
8
8
9
36
2
14
64
9
4
1
10
37
14
17
11
13
17
5
20
4
22
23
20
12
5
2
2
13
6
22
20
1
5
13
13
22
35
20
44
8
1
12
4
2
8
2
17
2
7
15
27
3
12
17
32
4
4
8
0
20
13
6
12
31
20
1
6
7
6
13
9
14
21
28
9
6
0
12
10
4
1
10
23
12
32
7
24
21
6
9
13
12
2
8
19
0
18
9
10
44
20
20
3
33
15
4
5
10
8
3
14
12
8
5
8
28
1
13
2
1
13
7
20
5
0
9
0
28
1
2
5
11
0
2
18
14
9
2
21
11
11
3
5
10
8
9
6
1
7
7
24
6
9
5
16
17
19
12
4
19
11
1
9
9
7
1
33
21
27
1
9
12
1
10
15
9
10
16
13
4
7
7
7
6
16
9
6
21
17
4
6
13
6
18
8
20
22
0
8
8
2
9
7
13
3
4
39
6
26
28
10
12
9
19
9
14
0
5
12
5
2
0
7
17
14
6
1
12
9
4
3
15
6
4
6
7
4
2
2
5
16
11
1
26
3
4
8
2
3
5
1
9
9
16
4
5
2
4
3
18
12
4
4
7
5
6
3
5
8
6
5
4
8
3
6
2
2
5
4
11
6
2
6
1
1
4
7
7
2
0
3
0
9
4
0
3
0
3
0
4
2
3
1
4
3
0
4
1
2
2
2
2
1
1
1
