21
17
1
3
36
11
14
5
2
30
16
43
5
32
19
15
18
2
4
43
11
113
11
40
55
17
2
24
117
20
76
4
6
4
46
31
30
15
13
61
41
35
45
6
63
1
23
55
8
34
32
16
40
50
96
12
92
127
32
12
48
38
26
13
124
16
61
54
18
47
45
27
12
14
66
9
53
77
84
22
22
11
31
10
43
11
5
119
16
22
24
67
9
63
33
29
3
12
55
46
2
23
50
60
72
33
98
26
18
5
3
7
57
108
9
14
80
78
105
38
55
53
20
6
100
70
9
52
80
100
83
67
71
53
83
25
95
48
19
12
75
46
50
18
14
68
34
50
18
53
9
20
16
48
29
22
108
112
7
20
24
28
67
11
17
61
78
9
74
119
79
49
22
166
11
44
29
49
47
78
16
109
41
11
18
15
62
12
9
36
35
54
14
72
51
144
64
23
78
37
66
80
93
30
63
100
16
8
16
7
27
0
63
48
0
99
12
57
74
75
104
49
22
18
78
18
33
60
6
5
89
27
75
184
73
35
36
108
6
1
92
16
74
65
124
126
67
110
35
121
15
33
72
132
32
62
110
48
19
119
25
51
47
10
1
92
54
69
29
62
30
12
17
97
114
14
85
21
80
17
186
47
95
8
96
58
34
120
17
15
39
35
11
0
33
15
114
82
149
52
38
60
50
2
22
104
110
126
41
62
8
33
44
16
21
61
22
57
39
67
32
130
43
2
17
82
21
12
44
105
80
99
22
89
29
10
69
64
56
9
17
42
42
113
43
23
125
173
8
7
117
32
88
99
103
64
46
107
24
81
94
53
67
51
4
66
8
30
80
6
46
7
123
55
87
36
3
17
167
22
69
62
36
66
101
158
5
0
88
76
47
164
79
10
98
149
27
55
100
21
94
35
3
69
54
88
58
74
7
159
22
93
14
127
18
17
74
72
62
92
12
171
56
90
103
33
68
65
15
92
93
72
87
70
98
121
100
30
75
14
77
6
24
52
11
122
34
9
9
50
83
11
108
57
7
14
52
25
26
66
14
11
12
33
75
112
143
12
5
10
49
178
1
53
3
41
33
87
10
79
31
77
5
17
89
91
63
22
19
42
86
42
95
11
75
11
95
50
34
106
25
104
44
119
64
26
21
49
10
82
19
37
38
44
12
35
96
93
146
10
23
21
2
168
64
68
21
82
66
52
140
102
128
127
139
69
111
12
52
93
125
187
30
101
182
32
8
38
65
50
132
29
9
95
84
16
15
6
70
15
70
7
106
66
49
130
47
72
28
64
1
98
21
155
48
40
26
49
33
5
6
99
32
48
2
24
34
50
58
10
22
47
82
53
1
68
45
13
11
76
131
79
38
102
46
125
41
10
46
35
51
112
42
7
3
20
20
46
84
175
172
58
50
80
26
1
54
49
9
70
68
74
18
149
106
82
61
36
49
51
52
63
52
27
26
48
1
22
65
13
46
137
15
68
19
21
46
31
27
93
7
84
11
102
61
134
43
40
76
152
12
6
18
14
63
51
53
30
36
101
2
81
74
147
38
4
150
1
67
87
35
23
58
66
42
69
44
46
42
1
15
69
78
50
9
39
63
72
88
45
98
27
4
43
87
94
33
163
10
43
73
20
31
5
15
54
7
46
8
73
47
52
73
105
20
4
10
41
35
65
12
10
73
37
16
51
89
27
141
81
39
5
61
42
31
21
90
10
91
75
51
23
38
8
37
99
3
51
27
34
65
92
111
56
88
7
18
108
20
29
7
49
29
111
118
164
84
28
16
35
35
155
82
33
3
33
10
73
25
41
43
73
11
75
78
53
31
17
71
33
15
9
27
111
18
118
26
56
12
119
51
24
50
29
42
139
43
15
5
142
56
127
44
26
67
22
18
70
61
51
15
126
109
82
132
16
104
16
10
87
23
108
27
128
33
86
8
53
3
16
43
5
66
47
12
2
58
107
9
103
20
55
58
16
40
52
175
78
40
44
24
39
107
56
126
75
2
19
0
20
39
26
144
28
37
54
39
26
95
118
146
47
80
10
4
10
25
36
31
132
42
92
47
54
80
55
124
39
87
28
64
61
21
95
13
19
43
1
43
32
17
26
140
71
4
31
33
5
81
38
69
97
72
23
100
7
41
28
34
26
54
60
83
23
167
18
34
3
67
14
113
11
59
1
113
103
62
65
85
39
57
9
45
22
18
56
59
116
125
36
79
2
46
20
32
21
75
43
9
99
7
1
80
2
34
76
45
89
59
4
24
68
6
70
63
65
33
109
116
2
10
136
51
23
46
35
46
24
65
23
6
57
103
35
40
53
86
62
80
13
23
3
38
118
36
49
34
4
135
105
59
56
100
127
37
71
24
8
113
48
2
3
64
1
145
52
43
54
69
28
23
61
50
61
54
95
33
68
26
68
14
48
115
71
26
3
28
13
35
101
155
11
27
18
12
6
40
27
76
12
89
6
49
64
45
95
63
1
9
33
30
83
65
51
6
67
77
36
39
29
149
146
21
19
25
38
3
33
20
36
1
39
63
76
12
6
55
21
23
28
54
36
31
106
8
26
40
62
21
19
5
26
97
27
15
118
19
69
17
52
12
41
63
51
80
26
8
35
30
37
1
15
18
75
48
141
15
9
65
35
21
23
139
68
29
89
42
54
62
23
65
7
65
44
35
8
22
71
74
49
64
65
25
7
54
3
87
94
7
30
81
24
8
28
0
15
56
25
47
34
21
51
79
6
1
4
10
16
67
85
41
13
48
1
27
22
0
4
58
77
6
72
26
19
66
46
70
38
34
37
93
61
97
12
75
6
42
76
101
77
62
23
17
32
15
29
47
32
69
45
49
51
32
76
4
20
22
33
18
5
101
44
62
90
107
121
90
22
13
13
38
8
33
12
25
32
36
11
74
11
23
97
70
11
26
92
18
34
18
130
8
21
99
60
102
60
18
43
109
61
49
83
67
76
34
83
18
92
51
37
54
24
115
69
30
77
14
18
67
29
1
35
91
24
26
69
73
5
37
18
4
27
52
165
22
120
20
24
61
17
0
22
8
36
1
133
114
14
53
66
22
172
83
5
49
30
19
60
91
57
60
34
177
5
10
129
46
14
20
28
60
46
3
27
7
46
31
6
23
60
44
68
15
29
61
229
68
24
31
16
14
56
72
52
110
90
37
37
4
26
23
1
37
5
39
144
21
12
57
74
44
91
50
82
86
98
28
58
13
9
86
8
72
45
44
19
28
28
13
63
96
36
25
100
41
3
57
4
100
52
76
22
59
143
38
103
35
55
26
134
25
1
15
7
86
133
86
26
77
33
39
10
6
4
19
61
39
23
59
82
44
5
12
41
90
69
41
38
26
48
22
63
78
25
70
13
94
75
52
61
76
30
27
9
9
106
73
38
37
20
12
35
13
19
4
31
179
36
2
23
64
69
33
18
74
27
43
30
66
1
92
26
137
45
44
1
64
31
56
12
28
101
46
109
3
54
29
62
34
87
87
121
13
78
47
92
53
11
100
135
46
1
11
83
30
26
67
50
5
34
1
6
44
19
39
50
17
74
51
7
8
181
62
22
26
99
84
71
1
41
69
70
39
76
127
20
11
59
49
77
7
3
24
2
51
8
105
5
94
22
9
98
71
126
70
136
76
53
62
15
9
17
65
56
48
68
26
105
6
37
30
92
63
56
11
14
29
27
65
25
102
21
98
72
32
3
2
41
29
10
47
67
85
72
22
50
7
34
46
41
11
33
25
83
145
82
89
104
60
34
74
22
75
72
79
83
27
9
64
17
114
72
42
5
39
96
33
37
68
49
0
19
7
39
13
18
78
52
55
3
44
55
35
40
62
67
19
28
43
8
83
23
15
75
40
4
6
52
61
27
19
26
75
28
8
57
73
111
36
21
57
11
50
92
4
11
24
38
20
78
12
42
87
53
12
47
55
5
119
68
70
72
38
40
16
54
58
6
3
53
24
12
102
81
30
76
7
99
49
17
37
96
78
52
37
98
42
7
82
80
42
14
60
24
79
25
23
49
47
27
10
21
12
43
27
6
29
68
52
31
21
68
37
72
11
32
62
142
31
83
3
36
6
7
38
25
48
30
10
46
29
47
36
23
31
46
2
70
48
75
2
4
6
109
63
31
33
29
127
63
3
33
16
42
13
31
8
39
18
58
40
6
30
20
76
45
71
33
1
57
12
54
8
40
30
12
118
41
70
38
62
36
49
46
59
36
23
46
56
80
92
21
63
1
59
13
3
1
35
47
10
57
76
28
72
6
32
68
19
94
100
65
25
50
8
6
41
86
49
41
68
17
0
65
65
9
6
1
128
37
20
87
61
14
63
90
31
38
33
73
61
64
86
9
61
84
16
7
31
9
97
62
16
81
53
25
28
90
69
12
37
6
59
43
57
51
75
41
22
7
68
22
11
12
77
32
59
112
90
31
6
53
31
2
65
29
47
52
64
19
55
76
19
16
3
46
56
40
34
79
59
51
95
26
19
30
61
36
84
124
15
48
21
9
10
1
29
40
49
160
52
19
20
3
89
57
5
57
8
31
26
74
3
44
39
79
65
49
66
21
23
26
12
78
6
40
57
22
85
17
21
57
53
8
53
69
19
45
80
45
38
41
73
59
42
49
36
94
68
51
74
63
69
33
43
20
17
12
37
60
10
1
141
1
81
15
10
21
64
8
58
29
74
22
75
72
3
21
31
60
108
53
34
25
15
18
55
56
9
2
66
21
14
39
5
60
37
90
30
29
4
31
88
60
45
71
8
50
40
79
75
10
14
25
4
77
58
91
4
16
3
51
7
56
8
11
9
83
65
1
11
48
1
96
10
102
65
45
77
74
7
51
49
32
17
25
51
20
46
22
39
13
59
12
72
45
24
6
8
34
35
54
6
45
38
38
11
80
94
37
3
39
4
39
31
17
71
17
9
59
76
18
27
43
2
32
44
74
19
49
53
33
4
11
98
43
2
5
50
65
9
20
40
37
51
49
37
24
12
4
10
67
34
37
62
36
33
18
4
15
42
20
14
9
22
14
33
38
8
29
11
77
16
115
7
18
18
45
45
63
135
67
22
59
17
68
94
67
51
63
22
60
16
55
49
80
20
23
16
60
7
67
39
41
6
32
52
89
18
120
21
52
48
18
11
54
24
4
3
43
47
3
75
58
20
29
21
48
28
1
10
31
26
17
31
3
19
60
35
33
28
30
15
10
25
61
79
1
66
30
28
33
7
29
17
43
36
26
35
41
25
40
32
39
84
10
20
30
23
54
73
14
38
16
87
8
47
54
2
48
2
32
46
40
15
19
14
102
118
53
20
6
16
48
79
88
13
23
51
46
36
16
15
11
36
96
7
11
23
68
104
46
98
53
7
26
84
7
3
67
58
156
69
13
10
30
63
5
58
10
4
17
19
11
44
29
77
7
14
65
23
13
36
77
13
30
85
4
43
57
65
1
1
14
42
20
1
41
10
13
66
26
80
94
1
37
44
59
83
50
11
6
56
1
36
26
78
40
11
39
33
128
0
49
8
82
2
108
50
6
14
114
7
98
6
26
43
26
96
37
54
28
33
6
30
45
11
15
1
16
15
19
36
102
21
51
66
18
60
43
87
19
19
45
49
8
48
22
36
2
7
9
8
17
35
82
119
9
38
26
54
21
2
99
48
17
31
56
38
61
8
72
15
8
118
48
1
14
31
21
19
22
13
22
28
95
54
4
18
32
90
64
24
71
27
116
20
17
90
35
17
50
42
31
63
23
92
16
78
11
2
19
17
26
104
25
68
1
37
12
69
1
19
50
25
94
16
11
15
25
17
46
8
107
30
22
25
109
65
12
82
7
10
35
43
20
1
80
72
38
26
38
49
16
178
76
23
15
7
6
8
9
3
41
14
46
67
56
32
14
62
106
10
21
5
2
32
31
71
79
17
15
59
12
3
61
9
33
50
21
41
13
86
71
13
16
22
37
16
9
42
2
28
18
73
26
6
92
3
48
37
1
40
18
74
18
47
42
83
25
96
40
2
43
63
40
96
31
14
12
79
59
13
34
7
47
83
111
1
66
4
25
12
50
56
71
28
13
5
40
37
95
94
25
28
19
58
32
15
6
47
5
41
15
29
47
18
12
80
28
19
10
70
9
45
0
10
37
53
23
35
21
3
33
51
13
78
24
49
43
70
11
81
23
103
89
8
46
5
77
7
46
15
60
71
45
88
45
18
53
24
35
17
7
11
100
47
14
79
14
10
0
9
82
41
14
66
22
13
51
44
59
12
4
38
17
9
11
66
31
72
13
48
45
29
22
45
25
30
17
3
85
41
30
24
13
21
12
27
80
36
20
33
54
9
51
23
70
40
28
80
53
15
26
50
19
17
33
69
21
89
15
8
13
24
84
0
44
37
51
98
19
50
53
25
16
29
5
83
128
42
29
31
23
18
101
1
54
70
14
19
7
76
21
32
41
5
30
10
58
17
16
7
14
40
35
20
23
31
10
39
34
19
71
44
64
52
36
69
28
4
45
74
59
52
23
14
22
7
3
26
27
53
71
6
41
44
6
74
66
95
41
104
9
37
6
85
55
62
26
31
67
26
28
76
130
16
3
21
4
41
63
15
30
37
15
28
24
12
4
3
53
26
6
13
123
1
13
10
14
27
14
36
15
72
70
31
47
35
44
69
17
5
36
5
16
25
54
19
40
21
24
20
91
11
16
37
78
105
47
68
28
6
64
24
17
59
65
45
73
45
31
26
5
64
54
13
23
5
9
7
12
16
12
21
43
66
33
24
45
1
3
125
41
35
10
19
44
23
7
43
15
18
2
86
41
12
49
15
19
0
32
38
8
34
42
121
10
28
136
18
28
72
78
16
22
5
64
28
21
21
17
15
19
30
32
7
69
42
28
64
19
33
5
18
12
49
2
33
50
76
7
26
17
39
28
5
27
8
60
19
10
59
25
33
19
43
56
8
0
38
16
8
13
9
56
27
40
54
26
46
4
51
48
28
46
1
11
17
73
24
19
5
20
14
71
15
27
3
3
18
23
23
29
45
21
46
39
54
64
61
19
28
6
20
0
84
35
29
40
10
16
19
1
20
22
48
9
63
33
50
18
11
60
12
10
42
45
21
19
4
22
39
27
44
38
18
57
32
23
12
22
2
20
41
5
4
18
22
83
38
19
30
10
49
8
29
29
41
27
44
5
24
30
19
56
87
43
51
7
95
55
30
15
52
16
39
90
1
10
23
3
56
42
17
7
18
22
52
41
95
36
9
2
3
11
24
6
20
53
39
75
40
31
34
18
8
5
3
22
39
34
9
10
35
90
42
30
43
8
2
22
71
69
55
0
66
34
78
41
6
7
16
20
38
1
56
29
13
25
75
12
32
51
14
90
8
39
48
3
29
37
4
16
47
6
8
14
41
0
17
54
4
28
7
24
52
59
22
19
2
14
39
41
46
6
58
20
32
19
2
2
27
72
48
10
2
47
81
34
40
55
15
49
34
45
6
15
52
31
13
39
6
30
40
16
17
31
48
8
12
78
32
3
3
42
47
63
5
19
39
25
23
36
27
76
31
22
37
5
25
5
69
17
5
6
17
42
12
17
37
14
28
6
32
51
22
28
49
6
78
23
22
6
12
6
25
26
33
56
12
24
47
1
65
5
62
25
75
38
16
30
13
14
84
27
1
4
8
14
53
9
62
31
27
27
27
13
69
13
61
44
1
26
29
27
22
2
37
18
5
0
17
37
16
20
12
43
3
18
12
33
87
21
3
7
47
55
93
51
11
45
1
39
21
12
74
56
24
47
17
33
39
6
17
12
50
13
35
31
9
64
156
27
57
40
22
35
13
20
38
3
7
15
59
9
20
25
6
29
54
20
22
6
10
23
40
0
9
20
2
15
84
25
17
41
1
57
25
17
11
79
2
7
26
75
21
37
47
9
7
17
5
35
34
20
17
39
20
63
56
3
19
44
8
11
25
41
64
24
33
15
30
20
14
38
26
41
12
32
6
23
0
15
35
6
83
7
49
36
18
76
7
3
25
5
46
29
15
32
28
24
53
41
12
50
3
20
1
1
21
12
13
35
27
65
28
2
14
36
68
3
11
2
14
9
21
60
24
23
33
41
8
20
1
19
29
6
43
42
23
8
12
80
7
24
11
14
44
13
38
17
2
51
17
24
20
43
47
7
34
49
13
18
16
30
7
20
17
68
11
11
26
34
5
12
8
3
25
1
69
52
19
24
35
17
57
49
9
22
1
13
36
54
5
54
13
17
15
7
1
34
32
43
34
24
42
26
32
81
41
1
30
14
21
21
6
6
3
14
24
36
2
25
22
35
29
1
7
30
7
13
55
8
48
6
58
17
7
13
57
15
43
11
0
11
16
15
5
37
11
5
27
14
46
18
4
48
42
29
26
61
4
45
19
28
52
27
24
43
25
43
8
36
43
13
8
4
0
25
63
11
41
33
12
16
51
18
8
24
1
26
21
19
3
52
5
19
2
41
13
6
54
55
5
41
16
4
33
64
26
25
30
56
38
5
10
2
2
16
56
16
24
4
63
48
5
44
18
66
8
13
1
12
50
2
12
3
10
15
2
2
24
14
15
3
12
18
33
24
33
4
20
20
20
19
15
6
8
46
0
35
34
25
29
25
17
14
10
67
9
43
21
6
16
7
44
25
14
69
23
54
19
14
7
40
24
16
2
2
47
11
3
1
15
24
28
9
19
12
47
3
18
52
50
44
32
30
8
19
15
4
19
28
44
8
6
2
65
37
9
6
92
5
62
15
6
49
30
34
0
37
19
7
18
14
46
51
17
64
16
20
26
24
41
28
34
45
69
10
34
5
13
19
17
5
15
6
41
15
61
16
2
37
32
63
24
38
35
16
72
4
8
19
6
5
39
69
16
36
36
16
24
42
12
46
17
20
51
63
24
55
21
14
66
26
3
7
11
47
11
3
0
26
20
18
41
50
25
31
2
31
13
39
48
18
21
26
38
10
4
6
17
26
14
9
45
65
6
40
49
30
20
17
20
15
41
19
51
70
42
0
6
34
14
26
15
21
26
21
49
19
58
6
34
13
8
4
15
3
3
12
5
28
31
27
26
13
19
25
30
10
17
9
6
28
25
46
43
22
4
15
16
51
13
7
8
26
3
1
23
9
36
22
1
50
51
22
27
6
31
18
12
45
32
21
1
25
12
3
24
28
12
13
49
2
53
1
33
8
22
15
13
19
16
2
8
2
18
8
21
7
43
20
32
13
10
13
9
4
0
11
46
8
25
66
2
6
3
22
19
2
6
1
0
13
1
16
12
13
6
29
1
4
34
21
60
16
28
26
12
31
5
17
6
31
16
33
37
22
5
18
22
18
24
52
17
4
25
12
28
3
8
29
20
19
15
4
19
13
25
30
5
13
2
39
7
2
43
8
23
8
27
4
34
26
9
6
40
24
20
13
15
13
46
4
12
19
14
28
29
29
29
20
8
16
28
1
2
21
20
11
13
2
19
4
19
23
16
21
3
18
17
31
27
12
6
2
21
5
12
15
20
18
16
40
24
4
5
8
31
5
4
10
23
9
24
1
18
23
0
12
33
18
32
0
22
17
19
31
1
12
5
43
44
18
2
23
11
15
8
1
4
51
8
21
15
23
13
14
39
36
24
20
8
29
27
19
29
6
2
32
11
18
7
12
27
28
18
17
28
7
5
24
35
29
9
14
35
10
13
18
38
7
5
10
60
31
6
15
19
1
27
33
22
15
37
3
16
27
32
28
3
26
29
17
3
37
19
29
6
9
6
12
13
8
34
2
19
42
14
3
20
1
2
4
19
5
16
33
10
14
2
8
9
24
2
29
31
8
4
6
26
27
7
0
3
8
4
21
9
7
6
29
8
15
48
18
4
30
7
19
26
15
27
30
21
14
5
17
5
12
15
13
1
3
2
27
1
30
8
8
11
23
12
22
31
2
8
10
9
15
8
32
20
24
30
15
42
35
39
8
18
11
5
13
25
16
7
6
20
31
4
15
32
7
21
12
9
5
16
19
25
23
30
8
15
7
13
1
2
7
10
20
23
45
14
8
28
5
1
11
22
20
7
6
1
22
3
14
23
8
31
13
6
2
19
8
2
8
2
7
4
10
11
1
14
7
37
4
9
14
11
4
6
13
6
22
19
33
14
21
1
4
0
33
34
16
9
4
18
5
14
4
12
6
18
3
0
10
4
9
46
24
9
15
11
33
14
8
6
35
21
12
7
4
1
12
8
6
6
22
24
13
7
22
5
13
4
13
22
4
5
5
0
5
17
4
0
15
9
18
2
20
0
0
7
19
7
2
2
14
8
5
4
20
21
4
16
8
11
21
1
9
0
11
2
24
1
12
14
16
12
10
4
13
2
8
6
0
19
8
26
7
10
15
13
15
2
1
10
2
11
6
2
3
9
0
3
1
3
4
4
6
3
6
12
6
12
13
19
1
3
14
9
16
1
10
8
15
18
7
1
38
5
3
4
17
3
15
25
12
3
6
2
19
3
13
2
10
6
0
5
7
14
6
8
3
11
3
0
2
4
7
5
10
7
15
1
0
7
5
0
2
4
1
2
3
3
0
1
2
2
1
3
4
1
10
10
4
2
0
4
3
6
0
10
8
11
11
4
7
4
3
3
6
3
1
6
5
5
4
1
1
0
4
0
4
7
3
2
1
3
1
7
2
1
1
1
1
