11
7
19
10
28
34
29
113
16
21
56
9
4
69
51
14
10
2
63
71
68
68
19
76
60
87
19
18
10
9
71
40
10
23
34
48
12
114
1
12
16
23
73
26
37
33
13
4
33
111
10
7
16
19
23
30
25
65
37
35
19
15
12
0
11
90
14
25
9
49
21
19
24
6
19
38
11
63
34
10
25
16
62
26
56
31
57
47
21
60
86
13
56
34
64
35
2
38
37
124
19
68
105
26
30
40
4
189
85
103
55
21
19
28
83
31
82
44
113
70
14
27
75
47
54
55
73
85
34
6
66
45
89
5
76
26
13
10
21
90
41
24
42
79
59
38
47
75
34
77
43
9
90
114
31
1
7
116
32
15
52
73
137
41
60
111
29
45
62
30
100
67
60
20
86
38
60
74
27
113
40
3
89
92
88
21
6
136
62
68
97
0
49
22
58
88
18
2
3
19
124
19
129
27
72
80
34
24
98
68
33
9
37
31
51
104
113
38
32
55
112
31
35
12
42
68
47
82
107
25
125
62
78
66
66
7
84
43
15
45
107
68
27
55
2
24
9
109
21
97
73
83
102
18
55
31
46
85
144
14
110
53
6
16
105
46
55
32
78
10
67
105
58
77
50
75
78
101
2
10
23
13
43
120
3
43
27
130
30
79
64
116
168
40
85
55
78
7
89
51
88
38
27
14
62
20
11
26
26
84
146
41
85
2
81
53
83
12
138
55
59
66
11
25
12
88
38
0
79
34
7
93
54
39
55
16
29
48
29
122
58
36
22
77
43
13
36
25
24
0
30
86
67
37
47
55
66
51
67
82
42
15
24
23
42
64
0
64
9
12
21
68
11
47
35
49
70
41
15
26
34
165
8
29
9
13
95
39
31
57
38
144
73
16
49
21
95
21
25
70
35
50
21
78
63
28
62
110
7
62
106
130
64
51
83
10
108
46
56
8
68
0
125
24
38
41
1
35
128
89
74
113
50
3
120
68
42
94
25
9
46
37
128
96
63
11
32
65
60
6
1
73
7
36
58
2
61
77
20
4
6
99
18
54
33
23
8
112
33
58
108
4
68
52
6
25
116
17
38
94
21
15
3
104
40
57
64
5
18
106
70
83
3
20
17
14
24
26
63
9
88
49
81
49
19
22
49
2
4
90
44
52
10
15
82
101
86
17
24
7
46
6
64
3
43
32
4
43
15
59
42
56
96
76
80
22
12
68
33
46
11
103
43
143
40
16
133
1
1
122
62
12
28
45
118
57
13
46
83
72
23
40
0
31
168
2
26
36
33
116
105
132
63
4
71
51
33
135
61
103
56
63
118
63
46
142
46
44
63
4
24
60
36
132
19
16
9
56
68
76
62
20
43
45
54
37
43
8
0
9
20
97
37
153
3
33
36
21
82
22
90
39
66
95
26
29
50
2
38
54
2
130
87
39
10
12
23
42
9
38
86
95
109
22
125
135
58
64
10
29
61
33
30
140
120
100
50
1
21
40
45
0
120
87
99
2
35
76
27
81
112
28
89
34
8
21
11
104
17
75
10
74
28
62
93
51
0
54
63
91
72
55
75
64
30
53
29
22
88
19
45
7
60
29
16
8
28
17
56
40
77
81
35
22
1
47
88
4
154
55
16
18
20
170
34
0
3
68
51
72
57
54
120
14
1
110
62
54
98
11
48
19
27
9
84
49
25
50
93
56
2
70
23
54
3
33
62
64
1
91
36
11
76
92
34
99
6
50
69
28
55
15
66
141
39
86
7
150
55
126
133
51
2
59
39
71
29
24
72
0
59
7
199
73
97
15
35
38
19
90
54
38
51
5
18
135
97
81
32
77
11
68
50
4
41
5
119
56
15
65
80
44
7
9
75
72
26
83
18
12
69
43
80
74
101
45
15
112
24
42
12
76
104
29
119
40
25
25
106
46
23
42
77
120
57
43
42
0
51
24
97
87
164
87
58
125
71
48
87
51
64
93
55
37
104
122
58
42
77
54
17
34
50
146
35
77
15
29
89
11
66
76
17
91
46
1
12
67
20
31
70
20
64
28
22
78
90
48
2
7
14
55
68
132
140
108
93
39
48
38
152
31
61
163
51
56
92
96
52
9
42
10
55
10
91
162
76
2
112
38
12
11
94
76
73
2
38
182
56
9
72
5
88
28
28
97
69
13
55
15
47
1
75
5
69
42
28
100
89
52
11
6
43
12
82
46
42
15
18
83
8
78
102
25
48
5
82
26
23
35
8
14
95
8
83
84
51
55
132
93
41
25
50
32
43
41
67
21
73
21
41
96
37
20
26
17
74
110
2
23
26
5
12
90
18
41
73
48
78
40
79
45
29
106
16
44
148
27
24
12
4
91
40
27
17
26
20
18
36
92
172
57
17
53
34
2
77
79
8
103
12
14
14
45
32
120
30
9
43
14
27
30
4
71
16
26
109
14
41
1
81
28
155
93
46
69
30
56
6
56
33
23
24
5
107
28
56
74
49
18
16
45
24
9
20
110
82
72
79
24
18
39
37
20
73
19
24
66
4
12
1
75
28
43
14
28
31
27
26
76
56
76
72
57
4
96
1
26
34
3
40
5
44
83
29
6
9
96
16
11
92
52
90
74
65
42
18
61
1
8
12
6
6
100
66
131
23
43
65
98
7
15
62
84
49
64
39
126
73
50
11
20
56
65
107
7
68
100
47
70
57
2
33
83
68
6
75
9
27
35
35
118
8
5
40
85
142
98
64
11
63
94
125
11
74
57
70
47
34
85
42
4
13
59
43
43
135
11
51
110
23
31
29
42
89
63
15
64
96
8
29
69
6
69
17
1
119
33
59
29
7
70
63
74
123
6
42
17
69
25
54
63
51
51
60
70
38
34
25
6
112
48
80
59
62
10
21
41
35
46
19
42
91
60
5
62
65
90
28
76
5
26
47
45
36
29
3
22
1
29
85
35
78
15
64
106
10
67
25
73
12
3
18
28
5
59
15
15
83
74
28
35
41
55
154
31
43
77
30
59
34
54
35
18
1
113
45
111
74
11
62
22
167
102
92
58
38
86
48
79
30
19
3
7
65
115
84
4
14
1
77
80
10
33
11
70
76
31
57
20
41
125
43
43
68
1
70
51
25
93
63
196
23
55
13
29
20
45
79
77
10
4
67
53
88
110
31
53
9
167
51
23
78
46
18
113
7
38
31
1
67
19
45
7
46
66
95
51
53
25
12
80
3
33
45
38
39
8
6
22
12
104
35
42
72
71
59
54
25
37
27
61
65
89
20
34
33
50
25
32
67
42
30
5
28
8
124
23
50
102
5
1
10
156
5
22
36
91
37
110
2
47
27
43
53
25
53
129
58
25
19
92
19
5
30
41
60
12
10
11
54
41
61
68
9
22
151
98
22
26
79
109
98
9
12
16
60
5
5
11
58
34
79
15
28
125
23
111
45
51
7
48
38
8
20
66
60
53
13
54
55
26
104
74
105
27
121
27
77
17
7
70
64
11
15
62
9
6
26
53
7
92
83
93
20
65
19
11
68
23
20
72
76
24
25
38
77
59
77
31
40
7
42
64
130
42
57
16
24
60
17
16
31
16
68
80
2
64
27
3
19
46
48
98
2
30
33
49
3
146
154
68
25
78
66
75
73
57
27
45
31
19
61
120
1
16
3
71
77
92
44
4
26
19
64
122
102
9
91
17
57
71
51
15
113
159
33
97
30
35
60
25
90
49
95
11
22
53
45
31
45
61
7
15
28
57
83
83
7
37
82
2
41
12
50
21
18
13
1
150
99
3
25
72
30
55
27
50
18
91
57
35
20
55
28
44
27
13
66
57
84
80
76
40
46
45
39
48
21
9
36
24
2
53
49
4
4
2
32
52
11
92
76
141
105
26
46
66
15
58
143
49
4
30
85
47
20
85
70
73
57
60
5
10
76
2
15
106
8
52
33
47
39
12
29
30
147
15
41
11
65
33
27
5
72
15
44
70
20
50
8
11
62
10
28
72
27
23
11
69
31
54
68
115
9
14
6
79
65
71
64
11
39
17
36
76
34
9
68
32
49
15
50
71
72
28
68
53
53
40
48
16
76
57
45
16
42
4
8
91
12
12
75
35
1
7
13
18
55
1
14
23
37
30
127
37
50
103
29
43
75
69
46
8
22
129
70
77
88
24
77
6
16
38
79
47
39
54
80
35
101
21
72
22
23
51
29
80
59
8
52
14
22
5
1
1
13
31
81
22
21
10
25
26
77
65
42
81
8
20
47
75
70
132
1
30
4
87
28
26
95
31
22
22
9
140
23
56
59
53
11
47
6
31
2
55
26
3
33
39
32
20
84
7
16
10
27
85
36
40
46
8
13
14
79
51
4
101
67
3
21
75
11
60
52
10
9
16
54
42
80
89
38
48
89
53
100
29
40
7
57
21
58
30
104
9
34
16
28
26
72
6
42
31
26
26
61
98
1
37
26
13
22
53
36
34
23
17
130
32
2
52
37
19
3
48
16
7
33
63
46
37
3
32
29
24
49
62
7
17
31
87
37
28
79
3
99
2
33
28
65
50
1
36
5
66
49
38
50
70
84
107
118
21
76
29
77
38
32
14
64
13
41
75
35
72
48
48
44
71
39
44
11
5
79
11
49
30
59
35
54
16
49
10
25
50
8
78
1
59
72
137
46
16
22
20
104
16
56
61
22
38
41
58
37
42
78
1
23
23
95
39
57
19
9
41
36
40
26
23
134
27
15
69
22
26
16
63
8
8
20
38
55
10
82
8
92
76
82
60
39
4
33
91
30
77
70
77
38
31
34
51
42
21
5
7
27
75
18
12
43
12
10
111
90
66
13
97
69
66
37
65
11
10
114
29
50
6
2
76
123
11
11
2
31
3
52
22
15
23
1
17
12
39
4
0
0
6
29
34
48
9
65
89
19
50
102
5
55
65
26
54
61
33
65
87
66
64
51
19
60
93
86
73
20
35
42
54
57
0
29
56
35
39
73
71
58
11
21
102
41
63
62
23
95
39
2
23
3
44
25
65
48
51
34
10
9
8
37
38
18
4
23
83
11
27
52
99
44
4
18
83
32
106
55
46
6
92
20
5
24
72
23
42
38
31
38
23
17
112
65
33
127
33
53
79
35
53
55
0
50
70
68
10
7
54
28
45
20
108
42
2
68
95
50
5
3
13
29
108
71
30
6
15
59
22
31
74
9
21
5
13
73
38
44
8
83
60
37
48
39
64
86
72
58
52
123
41
54
119
21
65
6
9
89
1
73
67
36
53
64
10
46
8
22
25
6
43
109
61
10
15
23
39
43
60
27
12
11
16
3
53
43
18
108
53
78
62
45
3
52
15
26
125
9
17
4
30
20
15
38
2
69
58
36
8
47
34
47
11
27
33
3
9
0
28
9
16
85
47
75
17
41
41
33
51
0
2
80
39
19
4
57
35
98
49
60
61
15
98
34
42
49
64
23
7
49
11
85
36
17
29
57
1
23
14
2
118
144
16
90
1
66
67
65
5
20
106
5
10
40
42
7
28
68
45
39
23
45
39
17
49
84
160
8
27
4
1
16
7
57
4
53
46
47
9
46
11
181
20
5
42
73
80
40
71
15
14
33
42
44
63
22
27
24
34
22
57
4
13
38
86
66
2
26
47
72
58
24
27
46
26
65
47
84
18
55
36
24
47
83
38
91
34
57
45
16
49
88
13
15
52
41
10
41
86
29
40
10
57
63
28
16
47
18
30
65
43
13
38
10
7
65
64
56
39
26
2
33
10
24
4
8
51
5
21
4
81
121
88
12
48
9
35
22
65
92
6
42
29
39
76
125
72
43
38
47
32
5
36
44
39
7
19
78
47
91
25
52
31
7
41
59
26
40
54
85
27
102
7
15
44
69
4
17
44
84
101
45
57
36
56
22
8
23
1
65
16
5
38
40
10
24
1
6
61
11
24
32
67
100
37
28
70
26
57
10
12
8
89
58
14
10
39
12
2
11
11
15
92
55
14
83
37
55
17
29
14
18
5
21
53
83
9
11
52
76
42
33
21
2
15
8
44
15
9
53
15
8
42
25
31
40
35
57
25
66
53
85
5
39
13
18
10
50
54
74
26
21
26
2
23
11
9
5
36
20
31
47
13
20
4
8
7
44
126
11
96
52
27
27
34
41
88
36
53
27
57
40
82
48
53
30
33
61
14
4
3
27
1
51
38
5
4
116
40
50
3
60
51
2
3
9
10
65
55
3
50
42
106
29
23
47
9
8
29
5
3
73
7
5
28
25
18
3
27
43
8
11
16
60
11
80
4
9
48
51
74
79
32
17
22
2
56
0
34
5
37
16
3
15
34
45
29
24
60
31
41
68
1
36
24
26
8
16
69
8
3
24
38
23
6
6
9
36
13
6
21
11
29
5
49
4
82
36
47
17
14
8
6
36
20
66
26
5
4
27
21
65
1
38
56
11
103
23
28
30
7
27
30
24
17
37
81
40
62
51
62
34
47
8
33
50
0
16
18
75
12
32
68
58
22
9
13
10
14
11
15
34
71
51
30
32
14
20
39
152
14
146
31
0
4
69
16
68
1
79
8
45
30
30
21
61
100
41
6
13
3
24
74
65
12
85
35
72
45
13
21
33
37
28
49
33
3
89
7
68
11
35
28
34
49
26
12
65
11
80
66
31
93
55
43
51
3
19
37
13
9
45
66
1
26
3
3
37
1
21
90
45
7
51
4
44
80
8
40
30
11
24
1
34
84
84
53
15
27
9
50
50
8
30
49
12
59
21
43
53
21
41
1
16
20
24
8
8
44
66
12
30
84
48
99
20
24
27
7
88
80
29
56
14
30
73
21
5
100
5
51
28
11
32
48
27
44
48
46
75
33
41
22
39
46
29
36
1
12
19
4
36
26
19
23
18
54
19
45
3
42
36
29
23
42
1
29
9
3
40
21
6
59
180
16
4
7
20
37
76
45
45
38
30
7
51
31
77
18
62
0
49
57
75
1
17
4
43
10
49
6
31
45
30
17
36
43
28
60
11
21
91
4
48
33
23
48
9
11
18
1
9
37
43
10
8
4
12
1
30
60
8
31
25
41
54
18
11
14
34
20
2
13
76
67
14
33
63
44
5
28
22
51
25
34
9
6
13
36
13
10
37
56
8
5
24
4
10
26
52
45
45
19
33
23
8
72
5
42
13
11
11
75
58
15
74
16
1
27
44
5
17
83
74
2
49
39
10
41
43
16
84
1
6
45
48
2
7
23
62
1
35
47
1
6
51
13
28
6
65
44
34
11
2
45
57
21
13
13
12
1
26
39
45
47
45
58
13
7
60
6
21
2
30
7
11
65
40
6
26
26
53
30
1
74
72
9
6
53
23
1
23
41
46
15
30
75
7
34
17
5
39
44
30
77
54
8
51
43
19
25
34
51
10
23
2
78
60
2
47
78
72
15
42
5
51
22
33
43
41
61
71
52
14
0
19
2
13
17
18
29
32
11
49
5
18
33
47
12
3
6
77
6
54
6
33
27
8
36
16
34
19
10
45
45
47
43
10
28
24
20
40
16
66
17
11
8
27
40
28
12
48
19
55
21
5
19
15
6
25
23
39
77
23
33
20
30
13
51
15
24
22
4
25
30
17
32
18
106
39
80
29
25
54
52
63
24
17
31
23
7
11
19
11
44
22
27
10
8
1
11
40
31
78
81
0
17
57
19
35
20
25
17
43
13
24
13
50
22
3
35
56
35
31
2
11
21
16
6
4
9
16
21
5
25
22
27
88
55
22
4
30
13
37
32
0
12
2
55
1
7
31
22
20
30
4
101
28
55
7
26
21
15
45
3
0
31
25
14
3
27
14
2
15
6
15
41
6
6
17
15
18
38
9
38
67
15
55
12
20
9
3
61
22
68
70
23
36
11
17
51
40
57
1
18
30
34
0
4
43
45
5
61
17
9
27
5
18
9
11
31
45
44
44
26
21
46
18
25
21
52
26
6
42
44
14
8
8
34
17
57
38
32
48
30
55
25
10
30
21
25
23
5
22
4
32
11
54
40
17
24
3
38
9
48
19
21
33
22
21
19
11
44
32
21
42
7
22
20
28
14
4
56
36
16
22
32
30
27
20
19
59
40
50
10
29
44
13
59
18
28
31
11
27
8
29
14
53
22
4
22
51
19
18
11
42
7
111
20
10
29
25
8
20
16
18
26
18
27
3
45
49
30
13
13
16
64
10
35
8
26
79
26
12
4
8
40
14
26
18
6
3
16
18
19
75
36
29
22
22
51
26
4
8
8
5
3
8
40
54
26
26
31
37
44
34
37
26
4
34
13
2
6
66
4
14
51
37
9
23
53
6
6
59
4
21
1
55
66
22
77
37
37
11
20
14
5
74
52
93
52
6
35
19
17
38
3
5
53
3
16
6
15
54
20
31
20
6
42
3
6
72
40
41
1
5
56
11
79
45
44
37
1
14
66
1
44
20
60
11
23
31
34
39
15
12
1
34
7
25
21
72
37
46
41
23
11
10
12
56
53
6
42
24
30
30
22
1
31
11
14
26
1
50
39
15
24
57
25
0
88
12
19
3
1
44
30
35
15
19
24
26
1
28
20
44
11
39
49
32
1
48
62
15
20
57
4
40
43
33
20
7
0
38
32
26
11
23
0
42
30
5
3
45
6
18
30
52
17
24
10
46
0
25
48
29
15
33
29
29
9
22
47
57
11
36
22
9
5
65
30
10
33
48
10
37
14
12
18
19
23
22
25
48
4
6
42
32
44
17
23
12
10
10
5
11
28
23
11
18
62
17
20
12
56
32
13
31
0
27
24
36
11
42
46
20
39
32
14
18
21
25
11
13
7
4
28
2
38
19
19
8
16
9
29
21
9
24
6
36
2
47
33
24
4
2
7
10
22
14
8
59
8
1
24
36
38
7
19
16
11
8
29
48
5
32
24
12
4
5
10
19
17
39
23
20
20
4
44
15
20
16
9
9
18
64
20
11
18
41
3
1
8
7
17
10
13
15
20
23
55
33
46
0
15
23
12
17
32
14
17
13
2
9
22
27
45
9
3
20
37
16
21
21
3
43
20
14
12
21
39
32
26
29
63
2
1
18
29
26
13
20
28
18
77
32
13
46
4
18
1
34
45
33
19
5
46
14
4
9
13
13
25
3
15
53
28
38
30
37
25
59
31
9
27
19
34
12
14
45
35
4
34
5
40
12
16
15
3
26
3
7
11
33
20
20
6
7
20
32
22
18
16
4
13
29
14
33
27
34
13
8
20
17
15
4
10
17
20
14
7
31
13
8
12
2
23
10
1
21
28
12
8
90
16
26
56
19
8
19
8
16
28
38
9
33
19
22
3
39
14
23
3
12
42
1
23
25
24
10
3
7
4
11
11
22
5
29
21
25
26
32
42
18
30
1
30
22
32
1
3
11
10
6
17
38
26
13
32
47
2
10
33
48
27
53
9
14
39
37
2
32
18
36
1
12
9
12
10
13
16
47
22
12
18
11
30
1
9
18
8
48
8
21
15
8
18
19
17
22
13
11
13
5
0
33
2
52
9
4
22
30
23
6
22
48
33
5
13
1
13
27
8
22
28
22
1
17
15
30
25
22
6
9
31
14
36
9
20
3
34
4
20
15
13
34
12
18
25
2
37
12
40
8
6
30
2
16
1
11
35
15
4
19
36
4
17
2
29
8
32
10
16
7
11
25
2
2
31
17
6
41
11
4
28
33
13
7
1
49
23
31
24
35
1
46
7
17
16
13
4
9
15
38
7
15
4
23
0
4
7
20
13
49
7
23
18
6
11
3
15
8
9
22
20
1
20
6
9
11
3
5
16
35
4
6
7
42
18
13
11
32
27
29
20
15
9
15
7
2
6
8
15
3
29
2
25
49
5
7
3
15
8
38
15
17
4
28
28
5
14
20
14
4
32
0
23
9
12
9
28
1
20
38
37
0
21
10
7
18
28
7
31
18
3
6
4
27
25
16
22
13
15
4
18
26
28
14
9
4
18
2
11
10
17
39
8
2
6
30
10
4
28
4
19
4
2
11
2
25
4
6
21
7
8
3
12
4
9
12
10
3
22
12
9
9
2
20
8
14
16
5
10
12
10
12
17
8
10
7
15
14
2
4
6
5
2
6
11
15
2
12
21
3
3
23
22
23
5
0
28
1
5
20
5
14
31
6
14
16
21
3
1
22
14
33
18
4
21
14
22
5
9
10
23
19
16
11
16
11
3
14
13
5
19
5
17
22
2
10
16
8
25
12
7
13
16
12
5
11
0
11
4
11
13
11
48
20
36
14
14
9
20
15
7
21
8
13
11
6
7
22
11
12
0
31
7
11
10
9
10
10
10
3
5
15
1
5
10
8
14
26
11
17
13
1
8
21
3
12
15
6
38
3
4
21
4
9
6
20
11
15
12
1
7
8
1
4
25
17
11
4
13
3
13
20
8
5
2
6
20
3
15
2
1
3
2
12
28
7
21
12
1
4
2
18
6
4
4
19
7
6
2
22
7
17
27
1
9
9
12
3
8
11
1
11
3
20
13
9
1
7
13
8
11
17
2
0
2
17
20
4
5
5
11
4
7
4
6
5
4
11
4
4
4
2
3
18
3
2
18
1
11
2
2
2
1
16
3
11
6
3
7
1
6
1
4
4
9
1
2
11
4
6
1
1
1
6
1
6
1
3
7
3
8
1
3
5
1
3
7
3
1
2
4
7
0
3
5
4
0
3
3
2
3
3
2
1
3
0
0
0
0
