16
4
44
58
78
2
6
31
15
84
54
9
88
59
6
4
12
106
16
37
19
4
5
12
31
1
6
144
40
22
80
19
113
36
52
14
30
6
43
1
20
29
18
26
7
10
79
3
43
47
8
21
44
80
15
29
23
47
48
20
37
90
113
26
20
27
3
0
11
17
15
61
78
64
43
26
31
10
63
16
73
7
49
85
28
49
8
111
35
31
21
17
51
92
21
33
19
21
10
5
21
73
79
37
33
7
1
48
21
98
38
57
3
106
4
12
19
74
54
105
45
53
13
43
70
58
15
27
25
5
12
90
32
124
59
73
31
65
19
74
79
94
129
30
126
43
131
69
100
141
102
15
44
93
4
54
64
32
21
3
109
142
48
70
40
136
130
17
19
6
71
180
6
13
13
153
60
104
85
12
64
20
13
55
27
59
114
35
11
108
34
17
14
16
3
46
68
60
19
7
134
42
82
70
16
69
29
120
14
65
28
8
12
40
40
103
98
38
63
22
8
83
126
18
56
36
5
43
8
139
83
4
31
58
21
9
85
35
82
20
36
81
52
13
18
101
25
5
68
11
128
2
46
3
71
15
27
57
30
46
23
14
81
54
118
49
97
40
54
99
131
75
57
43
144
57
193
120
31
88
30
96
31
17
108
47
118
73
95
12
93
61
65
35
8
4
23
81
40
15
97
67
50
89
59
26
53
18
55
46
87
89
45
59
9
27
24
15
40
48
53
45
40
40
6
12
87
34
19
168
7
108
122
42
67
27
30
83
3
42
46
13
47
31
61
77
114
43
105
98
35
66
9
33
25
43
52
3
117
74
27
57
61
138
38
14
2
82
12
27
70
31
6
29
109
94
5
109
16
72
29
55
29
104
51
51
60
48
7
9
80
0
5
31
12
13
72
27
9
49
16
61
28
116
97
2
104
54
38
44
41
26
7
44
74
53
61
27
49
95
109
25
35
74
41
16
19
42
30
8
89
14
44
65
20
90
26
47
23
26
64
96
95
27
139
52
107
19
129
30
26
36
26
25
11
21
120
88
108
95
79
11
37
3
67
38
27
15
110
35
35
28
60
123
109
55
5
84
140
30
49
26
28
53
60
1
27
22
24
5
162
28
42
2
62
53
26
108
57
7
4
117
33
22
71
63
61
29
70
51
72
146
11
45
83
70
87
32
32
120
20
4
33
65
32
2
24
3
23
50
74
51
124
38
4
19
27
16
72
54
48
68
55
3
43
57
6
0
11
25
37
2
64
12
27
14
90
7
139
33
42
109
42
105
113
36
56
49
78
54
1
60
7
91
12
16
105
44
42
105
53
69
73
64
27
31
14
66
105
111
11
9
21
19
2
174
13
1
91
57
15
7
108
8
68
54
22
64
5
111
102
79
50
41
8
64
106
14
9
27
86
118
15
12
27
45
50
23
55
61
7
51
11
29
20
26
0
168
14
8
74
30
94
137
14
29
57
2
9
103
91
44
27
8
64
17
39
83
173
26
70
146
89
99
43
103
97
33
33
64
51
38
43
72
104
126
106
10
60
102
32
53
45
53
44
6
6
26
8
42
12
70
17
33
166
50
59
2
44
1
16
102
31
106
88
27
29
38
110
61
16
18
68
133
88
68
12
44
76
52
26
22
46
15
3
93
27
71
57
23
122
28
34
96
40
31
8
5
28
58
11
100
19
60
13
13
14
58
80
7
74
63
75
12
17
23
5
42
106
17
55
37
14
216
58
5
25
58
70
44
2
37
33
21
15
109
59
19
92
0
37
62
87
34
15
120
123
50
85
81
115
20
34
28
19
45
42
66
10
60
8
1
30
16
27
89
22
40
3
67
39
119
17
16
89
1
14
35
15
108
44
9
18
85
60
41
156
25
110
14
107
55
46
13
47
9
90
66
75
41
150
7
37
96
38
4
27
40
72
13
35
48
37
9
14
20
66
9
104
5
37
13
69
58
141
78
11
100
38
18
32
46
22
112
101
15
41
8
5
82
41
11
59
1
70
118
65
68
32
6
29
139
17
41
24
6
12
80
20
58
0
41
34
131
48
34
56
118
66
50
73
7
16
55
81
93
8
3
21
109
30
9
55
16
63
19
62
55
3
91
69
43
87
18
46
12
53
13
28
10
10
9
30
13
66
9
24
64
68
96
36
6
30
17
27
30
7
35
11
102
34
26
59
70
110
1
10
8
109
53
63
9
11
33
57
31
135
24
67
26
52
104
59
118
3
22
12
126
90
37
83
56
22
74
21
5
59
1
49
12
13
55
30
39
12
8
89
47
92
71
55
16
28
68
22
29
45
8
17
86
111
2
142
14
57
3
23
77
35
22
139
105
40
0
65
34
28
59
48
31
117
78
94
36
26
5
81
87
191
12
16
21
10
64
21
16
27
92
46
35
50
9
72
72
21
51
22
22
2
54
8
32
90
23
127
32
5
58
47
51
44
57
16
67
30
52
55
59
80
131
39
62
64
89
7
100
2
49
7
31
132
35
33
46
14
42
22
49
73
39
45
9
92
9
69
27
58
26
41
81
60
62
66
31
20
144
76
43
33
60
39
43
11
12
117
18
96
2
26
68
43
39
96
141
29
85
65
62
42
40
97
9
35
45
61
65
76
127
32
1
84
47
54
67
125
8
125
18
38
24
107
38
130
9
80
3
3
87
36
50
57
74
14
8
98
99
3
20
5
23
64
56
109
7
80
10
44
32
21
130
118
31
1
52
53
37
10
2
20
96
56
124
36
19
30
23
18
64
13
44
130
9
39
71
92
28
42
64
45
105
74
12
34
37
94
81
58
3
33
78
16
42
24
44
13
0
46
67
20
3
7
36
129
37
107
69
162
18
55
56
7
68
16
58
31
55
82
30
58
86
39
59
86
46
52
37
55
26
69
38
133
110
77
23
107
50
7
41
37
63
41
90
20
33
32
32
49
90
48
74
42
24
80
47
19
22
31
35
15
44
53
1
26
33
101
99
2
5
91
102
56
22
63
18
64
113
40
13
22
75
32
85
88
16
67
47
4
61
27
23
60
65
40
120
72
34
5
14
67
9
14
16
50
46
106
55
11
9
50
16
43
40
58
71
20
13
5
25
132
50
2
163
41
9
9
21
52
18
46
19
23
27
29
109
28
7
47
2
48
58
133
37
98
237
21
27
40
90
28
116
145
26
28
37
23
36
9
112
36
25
29
21
35
48
80
71
17
37
122
2
152
11
54
18
3
138
103
71
26
18
28
36
5
11
83
25
13
63
12
44
51
12
11
43
75
140
10
5
55
33
43
4
3
100
63
25
74
11
5
34
75
67
109
10
58
63
23
20
153
111
10
73
129
64
13
65
19
11
52
50
123
55
3
12
49
40
110
12
134
12
88
19
28
107
13
65
28
7
36
62
83
3
27
34
88
53
1
10
18
25
59
23
42
62
2
76
108
43
64
18
125
62
142
51
6
3
41
32
106
21
65
93
103
36
91
3
31
49
28
12
75
98
87
80
62
65
43
69
64
0
12
45
27
51
8
130
32
24
78
50
42
52
19
45
37
74
52
2
27
1
13
29
77
95
58
39
64
27
64
62
43
62
131
21
64
74
22
91
67
102
59
54
16
86
24
20
87
13
21
53
152
2
107
67
56
58
33
53
101
39
36
23
57
55
71
90
60
34
55
14
23
47
117
23
18
53
53
37
39
65
91
22
45
14
25
43
25
18
18
9
46
128
64
26
32
52
20
126
91
21
10
80
75
72
17
28
2
20
53
54
56
0
40
11
5
38
29
36
76
4
28
71
15
30
18
37
26
24
63
5
73
23
2
17
82
1
24
59
1
87
30
55
60
3
22
97
89
9
1
33
142
20
188
2
15
59
62
44
156
165
47
24
0
56
49
95
21
3
0
52
63
44
10
16
38
43
78
17
53
109
94
17
80
37
6
139
19
5
55
22
28
33
21
34
9
53
12
9
7
9
57
25
26
45
6
19
31
28
67
18
22
14
30
55
40
104
59
10
35
58
48
4
56
53
25
45
36
73
28
101
57
7
2
79
59
2
27
33
23
3
0
18
7
63
57
65
3
0
78
1
6
7
100
138
89
33
4
16
71
13
29
56
114
114
67
3
5
14
4
18
92
31
17
35
65
58
3
14
83
1
59
2
31
3
74
13
57
53
91
44
78
7
53
54
59
20
147
18
61
30
112
46
17
110
84
2
35
3
13
19
10
5
2
75
34
6
63
46
36
74
71
55
49
46
29
29
10
37
118
14
74
99
25
49
29
51
10
38
15
5
66
69
7
11
50
20
14
88
54
92
30
62
55
90
17
26
52
87
40
92
55
36
41
46
42
14
4
18
40
6
21
105
49
76
30
14
19
19
9
13
6
0
32
16
57
34
30
26
56
52
40
44
36
9
31
26
13
71
133
98
71
37
91
5
31
58
31
55
6
19
72
4
35
10
34
33
6
45
120
100
19
7
22
28
18
47
76
32
70
14
25
11
52
146
10
30
94
63
21
66
6
23
87
64
13
58
21
31
83
17
137
18
23
86
28
36
13
94
66
48
4
53
79
59
79
21
86
66
15
35
9
23
73
16
10
17
26
22
38
20
0
36
53
83
58
3
45
15
74
44
17
37
44
61
13
14
19
10
41
18
120
34
42
76
23
13
12
75
15
7
22
4
124
77
42
7
33
13
46
23
19
29
33
53
0
76
58
12
135
68
30
18
78
103
60
40
121
3
8
49
56
81
11
30
79
16
112
36
42
50
48
60
12
68
20
50
122
8
107
63
50
98
10
6
36
14
54
24
46
9
45
51
22
83
1
9
18
58
126
45
17
36
14
24
37
17
3
66
39
57
31
20
84
10
83
51
15
68
88
20
18
106
10
66
27
23
1
40
70
27
24
4
89
36
44
89
23
37
15
21
9
52
42
24
39
47
45
46
39
39
40
7
72
44
58
31
52
33
43
89
55
15
50
6
38
20
16
3
32
77
29
54
2
19
12
48
35
48
59
28
139
75
2
33
51
80
26
50
27
3
49
30
29
35
79
38
109
129
33
62
6
81
28
42
28
46
32
122
88
28
24
20
41
64
27
87
64
78
36
12
27
72
48
8
6
21
1
48
58
57
84
119
70
24
2
93
48
18
5
1
71
5
30
8
55
38
51
37
69
78
28
89
35
6
12
53
40
89
41
132
59
11
7
4
2
85
15
49
51
9
95
46
8
47
41
23
71
15
61
78
23
129
79
25
88
5
40
13
59
23
70
56
24
79
36
19
25
6
11
36
56
34
4
129
104
33
21
1
122
3
83
14
11
44
65
14
12
7
94
106
12
1
12
23
64
31
37
48
5
26
24
1
47
45
15
49
65
22
20
28
88
46
1
10
39
49
28
7
51
21
6
46
22
22
60
35
43
94
15
34
15
79
3
29
43
29
39
13
10
26
21
23
20
27
23
62
29
17
70
18
12
10
61
76
8
107
10
37
61
18
14
5
98
47
72
31
4
34
21
23
9
59
40
12
59
41
25
26
39
2
24
56
6
3
15
16
20
10
79
80
25
42
33
60
6
43
24
31
32
12
5
41
6
25
84
32
45
5
14
20
46
75
70
106
28
46
15
17
46
60
9
101
18
13
14
65
54
34
14
19
8
44
59
10
43
61
81
22
51
43
38
3
4
19
41
46
9
71
124
10
1
22
94
29
2
37
29
52
25
9
51
36
87
9
37
36
34
41
61
60
25
1
29
61
17
37
17
109
77
31
86
98
92
36
20
39
51
1
75
8
14
29
28
68
84
48
6
10
39
28
27
33
69
8
4
46
23
29
2
35
33
53
71
13
6
20
111
0
101
41
26
55
6
56
61
71
23
4
49
13
95
66
27
90
80
0
70
38
96
79
41
13
24
34
29
29
25
22
1
42
61
14
4
101
4
37
23
0
8
5
35
47
66
10
41
81
34
29
43
26
3
41
48
32
67
8
36
78
36
40
15
29
11
7
7
110
73
20
3
66
84
9
84
3
96
39
16
38
34
13
52
33
17
1
7
10
24
13
21
64
29
73
10
17
77
71
28
33
37
12
20
40
33
42
21
10
13
49
58
19
51
73
1
71
17
12
9
57
20
31
8
32
20
19
0
12
10
26
50
47
69
13
12
56
53
67
30
11
14
55
73
62
19
24
36
29
21
18
19
16
12
74
7
15
24
11
10
12
5
72
80
43
2
56
69
22
9
71
58
29
72
6
29
37
26
21
31
26
61
14
5
42
87
52
29
35
39
13
87
67
4
17
10
38
79
14
35
66
20
50
50
43
1
9
1
11
28
48
38
18
77
15
17
33
74
93
25
1
36
13
42
38
44
14
48
85
16
26
58
6
31
14
44
10
67
44
31
2
66
52
13
6
16
7
34
1
73
55
20
38
20
42
37
91
30
33
66
14
103
65
22
47
41
55
7
9
87
89
34
39
18
72
7
44
10
87
39
9
81
96
20
32
2
21
21
34
3
32
9
1
69
68
44
19
54
10
21
70
108
30
50
15
43
14
5
60
43
27
12
27
1
31
106
26
21
1
5
8
10
13
5
23
10
3
6
20
29
33
12
45
14
5
30
44
72
31
40
50
16
16
13
53
15
46
8
2
18
14
3
68
31
60
6
59
11
55
12
16
1
44
3
53
63
68
21
40
34
23
1
20
122
15
35
31
21
43
6
11
32
29
2
61
51
70
92
55
16
4
51
37
37
2
29
83
11
24
62
69
19
58
79
28
25
61
50
5
18
0
12
66
11
10
105
136
45
33
18
44
65
39
2
20
38
11
67
99
24
73
69
12
1
16
15
61
10
19
31
99
48
49
47
49
31
45
59
114
25
24
10
33
13
26
47
11
45
27
64
2
4
40
47
25
79
0
30
17
1
11
12
3
17
34
21
28
6
65
24
19
81
71
21
30
43
51
77
31
51
3
44
19
30
57
59
101
63
26
53
28
78
20
2
69
58
22
19
75
64
20
2
63
61
4
42
28
8
13
27
68
0
56
27
45
5
17
13
12
72
21
26
72
81
71
58
0
45
56
56
55
30
27
2
17
31
22
40
19
17
45
4
57
79
12
3
16
24
14
52
5
12
62
65
11
48
4
0
15
28
32
22
0
25
19
75
37
8
8
37
5
58
24
51
29
67
74
29
15
38
11
4
2
15
5
12
14
5
5
42
1
79
10
12
4
65
29
12
24
56
51
13
16
82
10
29
23
83
8
73
18
79
39
17
2
48
39
20
8
1
1
3
15
12
70
29
80
56
1
8
60
83
27
13
28
30
28
59
44
45
2
0
17
17
42
29
3
2
5
73
14
16
55
5
26
103
43
17
21
13
24
9
48
35
9
54
48
65
19
6
31
18
38
26
31
69
12
16
57
13
11
53
1
8
18
65
38
54
41
51
37
99
26
2
44
12
4
74
21
12
15
18
87
43
2
73
38
22
4
8
14
45
28
37
58
26
19
44
27
36
49
47
6
5
4
23
33
18
78
4
4
31
13
20
31
32
79
6
43
12
45
23
98
0
36
9
3
38
85
28
11
27
74
30
7
34
18
15
32
29
46
4
9
1
44
30
27
32
1
9
4
59
20
3
28
21
4
44
14
42
5
14
31
26
26
3
14
1
17
29
77
3
50
57
85
3
7
56
25
13
17
2
54
33
87
14
30
55
11
18
48
26
45
6
54
6
10
16
36
60
41
20
8
21
41
6
39
13
87
32
10
53
3
20
71
3
52
14
14
12
20
22
22
28
10
82
17
69
1
6
18
12
36
38
19
31
31
35
47
33
49
1
51
20
14
1
16
22
70
0
42
7
9
55
32
25
29
73
33
22
15
36
4
29
11
10
36
29
12
36
24
43
40
8
13
59
50
38
51
22
6
23
4
23
34
46
9
2
41
21
17
29
16
1
28
28
37
23
18
20
26
16
48
37
44
53
5
18
26
9
99
8
64
23
43
12
26
33
21
49
79
8
35
50
15
26
63
73
60
7
41
1
33
54
11
42
19
10
1
17
9
53
33
19
6
1
46
1
37
18
38
96
11
25
10
25
58
33
3
16
0
2
18
5
81
11
55
14
12
36
0
2
83
1
60
54
1
7
0
3
47
8
47
13
85
4
34
1
43
44
12
2
5
46
17
0
16
34
31
14
24
35
19
26
13
54
32
39
7
19
6
3
8
17
8
8
20
51
10
7
19
11
9
41
18
25
6
48
17
29
44
15
15
19
9
41
42
20
23
17
42
34
93
3
22
71
35
42
33
2
17
31
4
26
66
11
38
38
21
56
25
18
15
12
30
71
46
4
8
20
3
12
57
7
23
5
41
37
37
27
4
26
13
12
38
35
21
14
52
3
18
41
21
31
14
31
6
30
10
28
13
10
39
49
7
14
88
4
25
22
0
54
5
37
61
23
22
21
9
26
33
31
18
24
4
26
20
52
17
31
5
70
42
6
18
65
37
16
19
37
22
43
19
15
2
17
44
4
33
12
5
2
2
60
18
27
56
13
41
17
38
53
32
22
81
24
37
33
67
55
5
66
51
6
18
3
11
16
5
1
26
1
35
11
26
44
27
23
18
23
25
66
40
9
14
4
0
2
16
6
3
47
54
79
29
28
25
12
37
2
17
23
49
58
5
2
48
1
20
50
34
33
24
2
50
11
10
97
9
27
51
4
40
26
22
4
27
1
17
22
46
44
58
4
14
25
17
6
22
27
30
18
13
22
6
25
52
25
1
37
23
8
13
9
8
19
15
24
40
15
4
25
30
55
25
13
30
21
8
14
43
8
13
52
19
35
21
35
16
49
3
9
28
15
1
51
5
12
19
44
33
50
59
14
40
32
5
10
25
8
5
4
9
43
22
30
46
17
0
6
23
5
33
46
12
7
6
59
38
10
11
37
29
54
22
3
6
24
12
28
26
2
27
16
4
18
54
34
19
23
20
41
50
45
32
8
3
5
22
39
18
21
48
71
39
12
20
79
37
20
5
14
1
3
5
49
33
5
18
20
16
20
11
19
8
32
44
19
13
30
7
31
18
35
13
22
3
29
22
9
46
24
45
25
38
10
22
9
4
18
17
57
2
25
3
17
13
12
29
36
21
19
18
10
34
7
21
8
19
35
43
5
37
7
51
23
50
1
43
31
10
16
12
21
12
0
15
26
9
12
6
8
9
0
40
38
7
33
4
11
12
15
42
32
2
14
43
2
7
57
57
3
5
15
25
11
13
32
13
13
10
3
3
12
0
38
1
10
27
46
23
15
16
34
42
23
25
3
7
8
20
19
9
79
26
33
45
14
25
8
10
9
24
24
18
3
8
19
32
37
3
36
27
63
10
22
20
8
18
16
15
3
27
14
0
32
4
6
12
21
36
1
33
11
5
10
42
18
23
17
51
18
11
20
18
31
7
21
4
11
2
19
18
10
5
65
20
12
7
15
12
19
40
24
17
59
27
17
7
14
12
4
51
30
62
0
16
2
7
25
6
2
2
48
11
21
36
28
11
18
26
13
3
33
3
0
4
12
16
7
10
11
8
12
7
8
7
26
26
38
14
7
2
15
9
7
19
13
30
13
24
37
1
10
41
17
7
7
10
14
10
7
20
19
5
19
8
9
5
38
34
4
17
13
35
6
27
1
18
8
33
21
12
48
1
2
5
19
29
22
33
33
5
15
15
21
16
4
9
10
47
11
9
6
47
56
6
41
16
16
23
56
32
15
4
27
23
2
8
29
20
14
18
1
3
26
3
31
6
1
16
14
27
23
2
35
23
1
19
14
6
4
11
5
24
6
9
8
23
1
58
28
2
35
22
19
5
7
28
25
41
12
21
1
24
5
43
13
41
4
8
2
7
7
22
1
6
34
21
2
18
4
15
15
3
28
8
12
2
30
3
32
4
30
3
28
13
6
30
9
25
1
3
15
14
10
17
7
3
1
19
11
9
1
6
22
33
45
43
12
5
29
5
8
20
14
16
8
3
11
16
12
1
37
5
1
6
10
14
5
23
35
16
14
28
32
5
18
14
4
2
5
15
2
9
23
15
19
11
7
10
3
18
9
0
10
20
9
4
6
1
3
6
23
17
15
17
8
16
2
13
31
13
5
2
19
6
14
10
6
8
6
2
8
26
16
6
9
26
10
10
21
1
17
4
44
22
3
45
11
19
17
3
12
15
7
16
13
25
4
6
4
7
10
16
14
17
8
14
8
8
11
27
3
15
15
29
25
11
52
1
25
29
8
24
27
15
7
1
1
16
7
14
16
11
4
11
3
31
7
14
3
23
0
8
10
3
10
7
5
12
8
0
3
11
4
6
13
9
9
4
16
1
3
11
5
5
4
13
16
12
5
15
9
1
26
29
2
20
5
8
19
9
10
4
5
8
1
7
8
1
19
7
10
8
4
8
9
7
25
10
18
24
16
12
7
5
2
5
13
3
2
9
4
1
5
21
9
6
10
7
2
9
7
16
9
12
16
10
15
5
33
0
9
4
2
26
11
13
2
6
8
12
7
22
0
8
8
8
10
22
2
6
29
3
15
4
9
5
9
1
13
9
16
5
20
8
16
8
9
9
4
6
6
2
12
11
3
3
6
12
1
5
12
0
8
5
4
5
7
7
2
5
24
4
6
2
2
0
11
0
15
0
11
0
13
10
14
0
3
2
2
2
8
7
2
6
2
15
1
5
1
1
12
5
1
4
9
2
0
2
2
5
4
5
0
2
4
10
5
9
6
3
0
2
5
2
5
0
1
7
2
1
2
2
3
2
1
1
4
0
0
0
