7
18
15
108
56
21
4
14
4
4
10
25
103
13
43
6
50
21
58
9
5
28
19
19
54
121
12
36
72
112
18
15
8
29
28
16
99
12
48
17
28
31
47
104
6
2
107
33
66
49
44
41
78
54
15
30
27
27
87
51
10
3
61
55
78
43
3
7
57
42
25
66
55
95
74
24
24
42
34
76
9
40
9
87
40
71
3
20
88
16
57
37
68
9
12
40
4
7
22
59
25
69
44
79
62
24
2
52
97
102
92
46
75
52
73
38
63
1
3
40
17
136
99
36
36
98
17
58
3
87
90
49
85
21
38
54
90
43
5
22
39
19
35
32
101
207
112
46
61
11
83
17
55
1
11
9
17
50
40
105
106
45
5
39
5
42
20
122
84
6
81
27
12
138
23
57
32
64
38
12
33
9
151
36
55
12
12
55
129
17
86
41
45
17
96
58
118
4
1
87
95
80
7
9
46
64
57
18
62
142
72
11
50
70
38
89
55
8
17
82
127
90
38
42
107
13
32
2
61
48
47
9
149
73
34
112
11
68
88
33
69
40
2
47
118
10
40
80
3
150
18
34
77
136
12
40
30
102
17
21
28
184
37
32
15
24
130
54
49
91
67
50
0
109
94
117
13
63
63
36
75
63
56
49
1
112
90
51
18
8
26
40
16
3
29
41
37
43
14
111
25
74
46
51
11
5
27
42
166
61
80
68
12
22
14
41
18
50
26
41
33
32
3
17
95
143
32
123
165
137
52
44
196
87
34
92
43
40
62
2
61
37
0
44
47
121
9
86
93
5
14
71
39
10
9
81
54
31
46
50
98
29
43
115
19
70
28
37
40
34
47
105
32
4
54
3
38
10
16
71
21
17
24
10
37
1
109
60
67
75
33
17
164
3
35
44
143
47
8
77
85
74
37
74
11
87
72
50
99
36
30
83
139
209
43
30
30
13
16
18
54
65
74
102
17
55
119
32
19
7
82
70
21
21
24
22
116
52
170
100
14
150
115
29
8
48
37
104
145
9
28
19
35
17
51
2
7
118
101
57
2
30
2
71
39
37
40
4
122
27
37
30
30
3
36
21
10
61
42
9
66
91
42
64
64
61
29
162
19
110
28
73
136
37
4
18
23
62
99
82
57
9
36
6
56
49
62
97
41
15
72
86
23
9
12
38
5
0
106
75
1
15
149
23
26
94
79
13
82
48
71
75
10
54
73
24
20
72
20
88
102
33
90
3
35
111
56
65
31
44
85
88
14
18
11
21
23
29
100
63
16
13
2
84
25
36
98
12
37
131
103
18
45
32
25
63
7
55
28
5
49
18
32
20
100
42
154
41
28
90
6
80
110
16
37
24
45
9
66
118
10
58
29
58
19
52
8
26
41
1
16
29
34
57
20
30
55
57
45
39
110
56
79
100
12
74
43
35
108
15
24
62
18
85
114
63
19
43
23
162
46
73
55
121
164
30
16
14
9
95
17
60
4
10
68
48
119
9
2
21
179
48
34
12
86
14
13
60
95
23
25
76
52
111
90
125
7
135
25
128
22
35
81
156
35
74
11
71
69
7
57
54
127
123
109
44
4
38
62
11
4
68
68
146
89
35
40
33
36
65
21
90
80
10
28
30
86
38
53
10
40
23
122
92
99
49
19
22
47
4
87
30
2
9
65
62
16
120
79
102
21
57
74
125
3
55
39
19
27
138
24
36
42
40
26
49
77
63
144
72
36
30
30
53
145
172
43
47
6
72
118
77
39
5
58
22
88
28
3
41
112
44
32
50
85
140
78
49
56
108
39
82
20
17
82
71
73
21
120
84
81
3
7
52
9
116
116
23
29
66
24
74
44
48
13
47
102
34
20
54
67
38
63
67
69
54
60
33
89
73
33
0
30
6
8
82
96
3
16
53
10
68
3
84
14
154
57
18
66
119
21
27
61
83
87
12
50
66
11
11
140
62
42
39
19
77
63
113
33
55
24
26
95
1
8
81
12
56
22
79
28
81
12
77
50
80
24
97
20
59
65
7
164
56
68
42
9
99
7
0
26
78
1
74
76
26
29
6
59
37
66
35
59
6
36
95
66
24
2
109
61
128
36
15
29
52
6
48
34
32
30
54
13
9
50
43
24
140
25
65
46
66
88
11
2
36
103
17
40
60
71
6
61
171
15
36
41
20
82
68
27
49
59
23
43
88
62
56
29
41
45
40
58
17
29
0
3
9
94
101
5
15
39
13
102
58
3
22
41
49
24
96
1
64
21
35
19
72
18
193
36
49
46
13
38
61
18
33
128
8
12
3
8
86
36
21
19
2
22
69
108
25
114
87
45
31
67
114
107
10
67
25
7
37
31
151
31
45
87
8
5
39
53
31
50
96
49
73
53
67
14
79
3
31
158
24
58
34
52
67
59
22
4
37
58
32
64
44
161
48
113
75
54
39
7
14
2
27
88
27
31
13
23
33
12
22
6
0
47
64
24
67
29
67
56
1
127
24
133
70
54
72
35
23
53
43
55
53
83
33
32
28
41
53
13
96
7
124
103
26
17
48
23
91
72
135
24
16
3
38
66
53
95
59
47
17
57
14
27
140
19
53
34
113
100
35
62
33
123
70
49
61
33
20
20
23
124
38
51
12
5
108
48
176
26
86
9
52
61
9
21
71
53
9
113
100
63
79
26
21
79
17
70
15
56
100
34
11
25
84
35
116
22
30
58
9
69
20
5
102
17
30
68
39
15
65
69
23
20
4
93
33
33
19
89
40
29
108
89
18
62
78
75
4
24
1
103
69
50
60
5
54
21
1
72
22
28
23
20
10
39
40
112
99
11
5
40
59
103
56
125
84
55
38
33
22
66
69
5
24
59
54
10
5
38
13
29
13
52
8
58
28
74
7
48
6
2
11
64
107
43
69
58
67
17
44
16
25
65
87
42
46
136
15
146
93
45
3
75
6
87
17
4
52
68
6
67
14
9
90
42
89
21
32
53
11
11
19
36
3
82
48
57
105
43
11
24
44
20
15
46
6
19
35
15
65
130
21
92
45
45
65
8
93
21
38
36
23
56
13
85
57
62
14
92
11
36
140
31
94
122
26
32
88
17
76
12
10
58
80
134
38
75
10
13
15
89
17
14
5
71
1
32
3
9
54
91
18
57
44
12
53
75
30
3
8
38
46
18
84
153
61
61
112
12
46
49
4
7
97
5
57
60
62
23
32
149
129
65
1
4
38
79
29
28
0
60
21
56
2
0
23
86
29
78
38
101
9
38
1
33
64
3
73
116
24
2
25
111
39
62
16
18
55
42
108
65
9
72
32
18
23
65
58
63
9
19
108
4
79
81
76
59
28
115
96
26
9
18
33
86
37
11
22
52
23
5
70
34
70
21
47
4
46
25
37
35
18
17
125
63
81
12
40
86
7
7
94
77
20
37
12
22
55
50
28
97
12
24
29
24
1
13
57
98
81
62
52
24
26
2
2
14
74
24
80
63
7
51
9
0
15
86
86
20
75
41
8
48
5
17
90
1
82
47
60
76
33
137
130
102
11
12
20
86
71
15
6
109
48
6
39
24
151
23
30
59
111
53
38
44
5
59
38
19
44
1
95
86
29
97
42
73
63
18
47
63
91
86
47
5
1
46
30
100
106
39
30
97
2
53
75
43
49
30
56
11
2
17
47
58
30
3
107
54
12
41
25
8
71
67
1
40
7
30
22
42
14
63
10
42
25
64
15
49
25
2
8
24
19
58
7
69
3
40
29
43
139
44
6
87
61
45
128
28
41
109
67
13
70
75
6
3
6
96
62
45
44
1
53
38
88
39
27
42
92
78
11
50
40
22
34
148
18
21
72
90
25
38
41
39
12
29
39
19
80
32
73
36
67
63
3
32
15
89
11
121
64
35
89
70
31
52
7
5
43
61
121
73
38
54
169
56
28
79
18
127
4
104
49
111
7
64
27
33
15
95
47
9
29
38
5
39
57
14
22
114
4
34
2
69
85
40
5
42
14
27
113
43
60
104
28
30
7
89
72
21
2
115
60
65
30
41
34
30
3
41
85
15
18
76
4
51
26
32
16
30
8
21
67
62
178
48
35
12
1
47
1
93
53
20
28
63
66
39
14
89
91
18
21
8
56
53
59
89
27
21
79
8
79
58
32
46
35
14
25
11
21
29
61
84
24
24
8
94
40
50
32
49
10
111
66
53
8
53
58
55
3
74
50
69
26
107
32
38
55
26
20
26
29
76
49
118
137
46
29
12
33
13
42
31
1
36
81
56
56
19
3
8
65
62
23
55
82
1
62
64
65
14
26
31
44
8
12
141
46
49
73
11
40
48
36
9
39
42
47
0
56
0
39
31
10
84
4
103
42
16
70
41
58
69
40
48
17
79
63
55
51
26
16
32
134
86
7
68
39
20
60
9
88
64
41
4
58
10
12
22
32
5
26
61
71
10
62
42
40
20
26
0
113
40
53
95
61
4
9
47
33
15
36
14
117
73
12
16
56
19
52
51
7
4
93
50
66
66
53
94
26
21
50
15
2
38
93
30
61
24
24
14
70
7
62
65
56
60
2
51
69
2
74
44
40
18
25
28
6
8
40
37
7
71
66
156
119
33
26
7
48
36
5
52
63
37
18
14
6
1
57
5
23
59
13
2
47
11
72
21
104
2
71
20
51
33
30
74
63
42
57
23
20
43
51
102
21
39
36
48
21
45
102
100
107
11
28
48
23
8
48
5
51
69
41
50
24
13
69
57
59
56
80
47
0
76
1
18
22
11
92
94
45
5
4
14
42
56
4
85
50
54
51
5
18
77
106
94
26
118
27
47
9
42
55
66
51
7
48
46
3
7
76
24
71
81
37
30
1
49
18
48
63
23
40
106
52
20
30
57
9
37
20
41
26
34
2
70
35
29
77
5
2
6
26
27
16
12
42
55
71
16
4
105
63
29
52
46
62
8
37
20
91
17
47
49
0
71
32
94
32
12
89
62
32
14
146
56
48
8
48
42
107
7
116
99
55
76
19
4
22
82
32
5
53
69
13
76
66
44
94
22
39
2
83
52
10
42
58
37
46
1
15
25
18
4
39
16
0
59
38
6
9
30
64
11
45
14
95
30
72
17
26
108
12
41
6
58
52
8
34
22
79
14
59
20
1
107
146
57
55
11
130
29
105
9
22
30
44
32
23
19
26
2
12
69
160
47
18
30
5
80
34
26
24
69
64
6
29
20
41
11
25
23
133
54
36
29
22
17
25
51
48
27
30
17
93
38
12
45
11
4
129
77
3
4
41
3
16
49
2
30
65
19
35
38
60
82
18
51
70
28
80
110
28
71
8
16
39
8
35
38
3
36
67
9
59
129
19
20
27
68
12
16
19
14
78
97
20
15
43
9
6
1
37
28
2
88
12
74
11
85
12
18
66
48
69
42
12
114
17
6
44
4
13
9
29
36
40
128
65
1
8
35
14
15
28
53
28
99
42
10
26
24
54
34
40
29
60
4
27
53
169
22
18
26
33
45
41
54
130
10
40
21
12
36
47
107
5
84
33
88
99
19
36
4
51
36
32
19
10
16
21
5
38
21
44
20
2
61
3
56
34
15
86
4
43
40
7
111
23
102
76
16
107
46
49
7
35
20
76
59
7
15
2
33
24
2
16
50
44
74
43
3
21
72
21
6
35
57
74
53
44
31
20
31
32
19
18
36
16
40
18
45
4
7
16
15
17
49
45
40
9
43
29
39
94
2
55
12
131
38
80
37
29
71
48
15
84
98
21
27
63
95
17
55
20
50
41
83
91
21
33
50
64
35
40
49
10
8
26
73
185
96
25
38
38
105
6
20
75
7
85
21
40
1
76
9
41
76
17
55
76
12
39
23
39
92
36
42
64
4
17
5
27
96
1
54
62
44
19
84
138
61
23
72
4
8
38
32
53
100
62
105
2
36
41
54
51
6
34
25
15
22
35
17
15
10
75
34
26
39
31
31
58
9
21
51
18
29
47
43
58
102
132
2
2
65
4
31
71
41
62
57
57
17
2
36
44
40
65
31
3
104
14
10
35
64
36
37
17
5
39
32
45
9
31
68
21
37
83
32
6
13
38
57
19
67
48
38
31
29
78
15
55
81
61
24
42
32
35
40
23
56
61
24
53
81
15
12
51
22
3
49
74
110
18
78
57
1
80
12
10
22
27
10
22
83
4
39
11
44
62
39
24
6
19
107
3
14
12
9
62
54
54
50
9
8
94
41
42
63
48
50
23
64
30
9
12
42
8
50
44
50
81
8
80
54
60
7
0
3
6
43
40
49
44
8
7
35
12
3
45
23
72
4
37
8
45
75
48
10
42
2
112
60
40
15
41
4
39
28
35
4
35
3
13
13
41
13
27
107
19
83
34
89
44
0
14
33
21
14
24
34
55
60
25
6
8
28
34
18
27
2
16
60
11
6
42
101
19
77
27
78
9
85
59
37
17
2
11
17
22
20
60
32
4
14
74
7
18
91
78
49
22
44
64
9
27
55
33
25
103
77
34
27
12
82
69
12
12
69
65
11
38
14
17
11
32
39
7
29
54
43
46
69
90
31
46
25
11
1
18
74
50
41
1
55
10
32
66
48
10
6
6
70
22
47
23
0
19
15
12
30
49
46
22
16
69
36
40
29
55
8
3
54
3
18
30
5
29
15
49
27
37
6
33
74
87
17
32
39
35
57
27
5
33
28
26
5
7
15
65
70
21
77
8
52
77
32
43
69
14
91
41
49
27
135
38
34
35
30
19
23
12
24
14
9
35
16
36
59
53
94
18
15
40
55
36
50
35
31
46
15
14
9
16
29
25
4
106
4
13
104
44
12
12
79
9
33
63
58
80
4
89
13
39
14
7
45
26
16
24
29
3
41
44
44
21
66
74
62
27
16
15
49
29
27
2
51
18
64
63
5
45
32
25
55
5
2
30
22
71
0
29
10
8
74
17
2
26
26
6
16
165
8
91
24
38
25
5
38
16
38
25
103
24
44
52
13
32
96
26
54
21
9
17
2
9
22
18
58
107
32
20
18
25
1
54
9
19
39
20
33
13
11
25
21
37
44
95
51
128
59
12
22
32
48
40
15
16
22
8
26
74
34
26
9
41
39
10
115
5
18
88
29
11
41
16
10
80
3
3
6
11
65
28
2
61
1
64
16
28
12
79
1
55
4
68
7
11
27
47
31
46
18
15
7
64
50
33
15
14
7
1
65
18
47
45
3
18
37
60
4
38
55
46
21
23
6
59
1
29
23
3
36
27
55
11
27
54
58
32
48
15
9
5
13
9
9
36
49
14
23
8
43
12
18
9
7
49
16
7
16
32
43
24
16
43
72
24
48
18
32
14
38
69
67
65
31
57
48
5
58
0
21
49
15
50
36
22
24
38
6
2
41
79
104
2
6
21
40
78
6
3
48
44
7
13
82
45
26
6
9
16
40
48
48
60
4
20
8
2
30
11
47
45
26
16
34
2
45
5
95
35
65
16
74
1
8
12
37
34
45
5
28
47
15
7
24
84
29
48
8
3
52
13
41
16
42
21
80
6
4
33
3
40
45
41
18
14
29
15
15
18
14
5
5
3
25
20
71
36
35
10
16
3
18
55
46
20
54
36
15
31
27
3
40
12
35
54
11
28
14
32
16
37
17
49
43
14
106
4
54
80
3
10
30
11
29
22
35
2
36
27
21
23
50
15
14
45
103
53
54
32
3
4
1
11
16
28
14
75
15
12
84
27
17
15
11
44
38
13
35
25
61
35
14
56
55
65
63
1
12
20
51
13
19
2
59
31
25
3
42
1
23
37
16
13
20
27
56
58
12
18
17
3
16
16
19
14
35
2
6
40
24
21
28
20
37
22
24
6
53
1
27
69
30
13
35
21
62
43
13
3
5
23
25
37
70
38
17
8
23
0
41
22
21
14
2
33
12
7
53
26
29
14
8
12
10
58
4
64
30
10
22
5
53
4
23
17
31
40
56
18
55
9
4
37
44
44
3
12
12
47
68
31
60
24
46
69
62
22
4
18
1
66
6
14
50
2
46
28
21
71
65
7
10
31
7
9
9
33
26
26
4
25
11
16
12
3
12
5
6
16
34
21
41
28
4
16
46
14
19
42
19
8
64
2
32
8
25
29
15
57
35
3
44
66
11
18
47
26
26
50
67
31
3
36
58
10
24
1
6
19
42
5
7
12
0
49
21
71
83
62
31
25
7
44
17
7
69
15
18
42
30
3
41
46
29
91
41
18
10
64
14
17
38
7
1
17
33
17
13
3
33
24
5
45
45
44
19
3
7
15
18
4
58
32
30
22
54
50
43
2
23
20
33
32
15
42
4
22
33
46
22
11
6
61
44
33
6
31
27
55
8
7
36
33
64
19
37
16
12
20
4
24
36
19
32
18
3
22
39
56
61
55
15
2
49
19
26
79
13
78
52
21
22
14
14
51
9
26
11
11
33
19
9
49
40
11
62
44
5
9
10
34
18
22
6
40
0
33
9
41
46
10
17
28
11
26
7
50
37
14
44
55
4
3
12
12
32
67
40
52
16
7
0
43
40
53
31
21
14
17
33
7
37
35
12
19
22
30
37
2
25
62
9
26
18
50
51
11
1
42
25
14
25
30
64
37
1
48
34
4
69
18
80
12
59
3
4
15
6
29
9
9
33
29
7
45
9
43
25
30
8
21
42
6
9
26
42
29
27
2
14
35
20
36
2
6
5
8
78
26
8
34
11
53
19
12
36
5
6
10
7
4
8
7
11
29
29
15
28
21
20
92
48
1
40
31
13
51
13
5
27
7
18
2
75
2
10
26
44
11
58
31
6
6
41
46
2
22
27
13
10
2
22
13
1
53
39
36
6
8
14
16
21
13
6
17
12
40
19
22
2
17
30
1
25
35
20
2
35
14
18
69
7
24
36
58
0
12
35
15
2
32
19
11
33
52
33
3
6
28
20
17
35
14
6
15
35
12
16
12
5
14
8
32
67
9
32
4
17
16
15
7
6
40
35
48
15
33
5
9
21
22
8
3
3
11
8
32
10
25
5
26
10
4
22
19
8
18
30
15
3
36
30
37
23
3
14
15
37
29
15
18
13
41
52
19
39
40
38
31
10
0
19
5
18
2
13
12
14
7
22
15
21
13
5
9
29
0
4
6
33
33
14
0
20
33
30
42
16
2
35
21
4
26
0
25
81
8
32
24
24
13
32
25
5
34
21
39
1
2
7
6
3
4
41
34
29
16
16
32
22
28
18
15
14
30
18
21
4
6
12
46
37
3
8
8
27
4
4
28
1
19
33
32
13
13
9
45
48
21
35
21
14
32
13
26
23
1
5
21
20
16
26
57
14
36
18
23
3
26
10
6
25
38
18
18
27
1
14
27
2
8
27
0
12
30
3
26
42
5
18
9
27
40
11
7
5
23
1
24
43
16
12
17
23
4
4
9
33
2
42
7
4
16
55
5
3
10
25
67
15
3
1
14
24
3
64
27
31
23
17
25
78
11
26
48
26
1
14
27
2
34
0
26
10
0
9
20
16
9
11
17
26
9
36
23
3
25
3
20
3
7
12
32
15
9
15
23
4
44
3
9
9
25
9
9
12
59
32
21
52
23
31
24
3
26
14
33
14
29
1
26
27
9
3
28
35
3
40
29
1
11
25
27
51
48
2
19
3
21
30
10
17
6
22
18
0
42
47
36
13
25
0
23
3
22
30
17
25
34
16
29
29
5
1
8
27
13
17
33
10
27
49
27
53
60
26
15
4
8
1
14
39
32
12
30
33
8
24
19
21
3
5
3
1
50
8
23
14
32
5
21
27
8
23
6
7
23
1
32
32
5
29
24
18
1
1
11
12
20
4
24
19
0
24
9
28
2
7
4
5
16
11
32
16
25
23
17
8
30
8
32
8
19
9
0
39
5
8
13
15
11
9
4
16
51
21
13
36
9
18
5
13
11
7
15
19
38
21
7
6
16
12
13
23
12
25
51
6
9
8
12
36
36
6
3
28
5
21
25
4
12
11
2
29
3
8
1
5
16
10
30
24
1
7
50
23
8
38
5
24
24
5
25
8
9
7
39
19
7
3
5
2
15
18
4
23
36
37
9
2
4
35
1
1
23
15
1
25
1
14
41
18
14
13
3
5
8
11
4
38
26
6
23
9
3
25
35
20
25
16
18
9
8
2
21
13
8
39
0
26
20
2
23
6
28
30
10
10
0
16
8
8
15
28
23
9
16
5
5
10
19
17
12
22
5
0
0
9
14
11
2
20
18
43
32
5
1
24
15
8
16
19
26
4
33
12
17
4
2
6
6
1
24
5
2
1
2
22
26
27
8
5
3
19
6
5
7
2
4
13
25
25
10
12
6
30
29
2
21
11
31
9
9
8
13
4
6
6
11
15
4
18
23
26
5
16
9
26
9
5
0
10
1
6
1
22
28
9
0
2
3
1
14
20
27
16
14
7
30
13
1
25
0
6
21
2
22
3
9
9
4
14
6
19
6
11
6
19
13
8
5
2
16
12
6
13
9
4
12
13
6
16
0
3
14
1
5
9
5
11
1
13
14
23
15
12
19
13
11
4
8
1
8
5
10
9
12
14
1
20
5
1
1
18
8
9
17
16
21
12
3
0
9
3
1
9
1
3
9
3
2
2
4
11
9
2
5
3
15
12
3
7
4
5
9
1
10
13
1
5
8
1
0
0
9
6
9
1
3
1
3
9
5
2
7
1
3
1
9
3
6
2
10
1
8
6
4
1
2
2
4
2
7
4
6
2
5
2
0
3
5
10
0
2
0
1
3
