23
26
13
11
1
4
2
98
3
0
38
0
17
50
26
13
3
95
8
6
15
19
82
9
27
45
4
100
24
8
90
38
10
9
5
62
46
4
26
78
67
25
32
66
52
38
31
33
22
8
14
30
47
47
48
37
35
98
12
18
13
44
27
9
23
6
57
83
30
32
36
71
7
73
24
16
89
31
7
45
59
87
32
25
72
42
17
51
4
85
37
35
61
18
2
121
41
27
89
93
117
106
17
42
24
10
25
3
83
91
52
28
90
64
39
95
45
27
50
15
26
133
0
25
12
53
60
72
54
49
74
52
53
113
51
56
1
23
2
46
46
26
75
136
28
64
33
81
66
5
3
2
64
40
123
95
80
110
64
16
34
19
118
118
12
51
41
91
39
88
19
98
28
165
15
2
4
99
77
74
118
95
13
43
39
19
5
57
55
26
51
12
170
41
7
25
3
67
32
28
51
60
1
57
2
82
35
74
11
86
92
36
11
18
9
48
53
108
0
18
120
53
117
16
58
174
42
33
38
36
56
67
56
50
83
58
23
99
50
24
8
55
79
3
105
4
50
39
36
40
92
130
10
70
77
7
86
21
6
2
32
9
130
28
54
5
4
97
111
71
73
67
41
12
68
73
158
46
66
102
69
34
44
33
36
12
15
25
83
31
50
157
84
27
21
46
8
13
69
10
53
56
56
47
83
29
47
104
16
29
22
157
23
22
76
12
85
26
61
71
20
67
15
5
8
83
37
50
61
48
25
54
96
109
0
8
46
62
13
6
46
20
3
94
12
118
19
114
117
43
78
22
168
43
49
42
9
30
44
81
70
90
54
11
123
10
12
38
46
119
34
90
14
52
21
58
2
47
34
81
11
31
45
25
73
24
12
36
165
95
46
31
49
34
70
7
57
3
72
147
36
31
21
130
120
180
76
86
8
43
19
28
109
12
28
109
76
144
67
120
1
14
4
5
44
68
44
32
3
79
61
96
3
16
61
32
18
91
119
47
111
46
36
157
46
103
40
94
35
10
31
38
59
41
157
35
51
13
21
37
31
75
30
155
54
98
129
34
8
35
29
67
21
49
59
2
92
83
25
113
58
35
32
179
112
47
87
73
17
8
32
99
33
39
48
83
60
91
24
21
9
50
28
47
7
137
13
58
33
37
142
21
8
26
101
49
61
72
67
52
58
50
3
27
173
20
10
80
44
90
72
105
78
64
54
69
7
25
72
119
72
137
10
26
15
35
86
47
56
49
59
16
91
4
101
90
41
37
2
10
5
166
4
28
49
66
100
8
1
56
44
36
42
29
10
10
119
49
64
7
84
66
139
26
39
6
110
45
82
88
88
23
101
55
26
75
31
6
44
16
16
24
22
59
70
140
109
62
74
8
29
48
114
73
25
0
11
102
81
101
41
74
48
20
118
29
33
49
69
35
11
101
51
44
42
57
1
160
43
57
111
79
119
3
43
15
115
51
38
71
23
30
44
16
54
66
42
44
41
74
73
76
92
17
26
29
1
107
38
6
28
71
18
5
41
59
68
18
29
55
20
28
54
35
1
112
137
70
54
121
9
3
29
67
43
96
71
41
156
42
68
51
58
0
42
0
132
101
28
5
13
145
55
34
35
26
47
0
68
41
6
32
89
8
8
0
150
72
131
3
101
18
32
100
46
24
29
11
38
117
55
101
12
41
46
121
11
37
34
77
101
84
61
82
75
22
32
36
63
16
32
20
58
89
6
1
36
111
80
58
24
85
1
133
33
19
54
16
7
39
17
11
25
49
14
44
111
12
12
100
40
40
120
8
70
83
105
10
69
63
17
53
61
0
31
27
122
36
50
100
92
42
16
13
22
32
53
15
61
40
5
122
191
51
17
69
61
41
6
20
79
40
28
142
18
18
28
13
6
50
56
34
80
31
26
19
78
49
75
121
79
4
70
61
170
3
43
11
42
33
66
39
107
45
45
60
50
113
26
2
9
40
57
55
34
17
10
8
3
86
10
26
49
7
4
146
53
50
41
11
45
61
11
45
24
16
5
51
0
22
43
92
28
38
45
78
62
67
51
52
15
84
82
53
118
36
12
35
45
14
12
11
23
72
7
19
33
22
89
115
87
88
18
3
28
41
91
116
55
142
25
21
29
12
81
45
76
22
81
22
62
81
1
20
77
28
32
73
63
74
154
35
22
57
42
39
57
67
74
11
82
17
26
20
33
16
111
62
112
60
108
54
73
68
50
6
39
75
67
29
60
39
35
76
46
42
41
52
4
64
28
81
12
18
84
5
64
157
93
21
69
74
17
100
57
37
30
17
36
25
54
22
66
9
48
62
96
37
19
31
16
64
72
52
15
24
21
112
27
94
65
7
52
51
39
42
63
83
98
67
37
54
6
40
2
10
12
35
81
7
12
23
46
6
77
39
124
59
95
81
85
4
2
51
90
86
3
6
50
50
18
82
71
29
23
34
6
40
87
15
5
55
48
53
71
1
18
21
115
31
98
10
16
8
93
0
72
27
38
5
84
82
24
62
12
17
6
17
23
16
23
53
33
24
71
71
86
22
51
32
55
25
87
13
22
94
47
30
61
31
40
24
58
22
6
89
1
37
36
112
35
9
29
82
7
38
19
26
52
68
101
57
23
45
41
181
22
19
3
27
108
20
4
79
68
47
18
117
21
2
23
8
24
9
91
44
27
25
53
105
38
41
32
66
90
26
29
20
73
21
28
8
36
21
17
79
8
14
69
103
29
32
5
43
14
61
40
70
115
32
39
30
21
23
36
23
88
21
26
7
51
26
17
10
36
74
20
18
15
50
63
80
8
173
18
82
86
17
37
91
5
22
39
7
10
63
45
35
72
55
49
66
28
26
10
79
50
45
6
30
88
96
89
4
6
44
60
41
2
7
55
9
53
62
28
6
28
11
101
50
2
50
27
48
64
2
59
50
94
48
13
30
6
49
107
72
68
72
60
13
5
12
1
36
134
19
21
145
87
6
85
81
22
58
7
1
37
20
78
57
29
39
65
29
126
52
16
33
19
61
74
92
56
0
6
24
67
57
24
100
2
45
177
60
26
18
26
83
52
35
4
81
80
82
55
55
12
32
12
5
61
0
23
7
6
22
21
35
115
48
130
30
105
45
82
1
34
22
49
74
77
10
5
164
45
7
18
36
25
91
42
41
73
16
2
79
75
80
15
77
8
2
34
180
36
30
43
61
29
136
80
32
62
42
34
46
124
36
120
31
27
7
71
51
27
1
20
5
53
38
65
48
28
81
14
107
37
12
40
73
13
68
27
80
28
2
100
15
112
20
64
77
120
49
27
28
71
45
16
52
89
7
9
0
14
7
28
34
23
53
61
53
61
68
43
5
89
38
79
72
149
1
5
50
20
66
17
22
68
59
79
32
8
31
128
24
8
63
28
11
69
75
10
16
28
16
31
41
44
89
41
69
58
72
29
101
20
76
23
46
56
61
1
24
49
81
92
33
22
40
101
29
72
58
69
40
22
7
87
87
51
103
22
43
48
82
13
9
41
44
40
4
12
9
42
80
21
18
15
43
26
10
99
91
35
31
46
153
10
50
22
53
81
38
11
48
60
37
1
11
19
0
1
86
59
77
25
19
92
84
40
30
77
7
9
107
66
10
112
111
78
88
36
19
90
38
88
54
54
17
65
23
22
53
5
2
75
53
25
24
122
72
11
25
62
34
24
10
34
20
61
185
5
59
79
15
21
28
35
24
9
81
70
2
14
40
75
8
15
108
53
62
27
66
46
50
31
24
71
49
19
33
22
16
7
63
65
25
15
22
28
11
23
19
42
137
75
129
23
22
27
57
3
32
2
28
3
1
84
17
40
102
58
3
128
21
28
75
35
18
60
37
39
33
19
30
30
7
164
19
22
53
114
39
32
124
59
63
51
37
27
124
66
51
56
6
1
50
17
42
15
17
54
9
3
52
24
24
21
93
67
33
55
42
45
51
27
8
3
29
53
23
16
37
4
35
141
5
45
34
21
69
14
14
20
10
48
1
74
60
7
7
67
29
83
32
46
43
32
32
128
50
16
39
8
88
83
91
18
30
50
22
3
32
26
29
6
122
74
10
46
34
11
12
67
52
43
21
48
15
96
16
86
34
110
118
76
59
45
71
12
34
104
77
57
25
72
9
15
62
30
19
27
48
5
30
8
29
37
2
58
58
9
45
11
69
81
4
63
28
115
3
29
118
44
1
72
14
16
82
9
27
60
59
23
44
5
31
2
65
17
8
27
62
47
19
49
29
35
15
4
22
24
16
23
105
77
4
5
15
37
29
33
94
78
74
10
1
56
59
88
70
114
44
69
18
20
78
32
89
19
32
77
66
28
42
8
37
10
26
26
19
1
38
86
73
87
52
58
45
40
61
34
20
67
108
19
48
101
5
50
10
65
5
50
38
37
130
47
89
58
31
35
39
5
39
88
52
43
37
44
5
17
22
64
83
61
11
6
57
7
88
77
20
35
7
0
21
112
47
7
38
22
27
20
48
128
39
7
59
10
30
28
7
76
110
59
8
97
109
33
22
60
109
95
70
70
52
38
99
35
5
15
23
12
55
100
59
7
106
17
69
38
56
10
8
77
55
16
55
22
20
17
7
38
59
18
28
3
18
26
4
2
67
27
11
28
9
74
24
17
22
23
62
4
33
41
95
120
9
4
110
101
32
20
53
61
14
96
89
93
6
122
82
19
33
77
97
69
19
109
21
33
25
17
12
23
40
60
11
64
9
6
26
78
71
13
99
19
25
30
20
54
46
24
83
14
62
67
64
78
54
14
40
28
39
134
76
58
53
43
41
37
74
59
11
28
32
98
90
21
12
28
61
50
31
13
81
41
18
6
60
53
23
15
40
6
21
79
39
9
16
13
92
41
11
20
46
24
39
73
61
19
110
5
4
89
10
19
34
32
38
34
39
43
15
31
14
87
46
1
31
26
7
12
0
36
34
45
83
87
19
55
1
24
15
29
81
16
91
39
77
1
4
108
3
76
52
71
2
103
23
5
10
19
35
89
64
33
13
69
8
55
7
53
63
19
2
20
126
1
45
39
66
10
49
32
103
58
13
32
8
97
83
28
10
3
23
55
25
13
51
31
11
122
17
52
5
36
18
2
89
0
35
3
32
10
75
111
42
55
80
67
16
42
83
16
42
39
65
43
20
2
63
16
47
36
20
35
40
24
66
11
1
48
16
32
19
49
50
76
32
3
29
18
22
18
55
1
25
73
14
58
38
14
87
4
48
35
79
25
39
70
2
50
60
17
11
2
36
26
0
9
14
47
25
16
101
32
37
45
7
65
31
78
33
120
43
42
44
93
17
44
68
35
26
94
18
67
8
43
66
24
14
0
50
53
11
26
106
34
13
41
2
20
64
26
40
6
20
11
104
63
17
157
52
58
65
70
64
44
18
81
1
32
17
36
49
1
2
119
77
28
53
41
6
18
72
21
29
8
93
51
17
4
61
41
52
23
80
109
19
85
23
10
11
20
8
32
49
1
88
45
25
15
28
5
21
24
20
43
38
25
23
53
36
47
55
42
67
9
23
117
48
3
19
65
53
36
30
45
45
16
32
58
5
12
43
44
23
1
73
67
8
42
57
1
24
35
37
105
5
8
163
37
58
57
6
75
10
62
58
7
6
5
70
75
16
2
36
52
79
59
12
49
36
52
58
78
45
30
83
14
14
159
12
108
49
13
27
28
43
46
39
7
15
0
66
20
106
7
7
30
53
23
84
48
4
66
57
51
87
36
26
65
25
41
6
4
88
20
70
15
61
19
8
14
23
13
65
3
25
45
72
55
123
10
43
7
72
16
18
11
6
46
25
25
34
33
38
23
63
82
15
12
23
69
119
39
37
34
14
85
55
1
56
29
5
19
7
13
15
43
22
45
13
72
82
34
82
11
28
79
16
100
0
20
18
105
22
2
49
22
35
31
42
45
20
5
55
19
29
50
39
33
8
34
22
26
97
98
49
39
23
13
90
8
57
99
16
9
35
16
22
34
5
52
1
14
19
20
26
69
103
89
10
36
4
1
51
16
19
34
96
51
47
7
37
35
5
40
24
47
6
26
101
38
7
14
1
11
68
39
58
42
45
62
33
6
28
70
8
64
30
62
21
24
18
4
38
15
47
95
4
52
94
39
52
114
23
1
9
94
40
40
32
17
69
93
12
29
102
21
18
28
35
8
52
10
7
11
7
26
1
41
11
11
5
13
24
56
31
29
52
47
41
27
8
72
15
30
43
50
3
49
33
9
70
9
70
53
55
111
3
40
43
78
1
41
26
55
60
63
28
75
109
74
37
1
15
46
26
79
48
25
2
4
165
18
29
109
24
17
14
56
73
2
68
6
57
24
32
58
49
23
27
0
75
30
15
33
69
50
44
14
41
126
52
50
17
82
9
12
90
21
8
9
17
114
48
46
22
10
5
28
4
64
21
38
9
50
18
50
27
39
38
19
64
80
6
13
27
1
59
22
98
15
11
31
1
17
36
20
41
9
54
2
41
3
19
23
15
18
112
53
8
83
30
89
42
23
96
24
4
6
1
1
69
58
29
3
35
47
52
12
81
18
106
54
22
81
62
21
8
3
9
66
47
36
12
12
83
25
11
36
34
25
51
43
90
35
8
48
29
91
17
17
2
94
14
7
1
84
6
4
36
27
21
43
70
17
1
18
19
62
14
11
37
38
17
40
53
32
28
115
51
13
2
63
88
31
9
29
2
33
5
22
20
20
23
79
37
5
2
28
96
54
41
22
5
46
35
38
78
2
13
49
2
71
36
10
23
48
11
21
12
8
31
20
23
10
22
37
20
15
9
39
42
45
22
12
16
13
52
50
6
15
24
67
47
9
20
21
29
40
13
30
69
59
22
69
13
1
30
68
22
32
1
44
19
29
3
15
29
34
15
51
28
36
12
23
13
39
40
77
48
23
13
1
12
20
65
54
10
90
114
10
42
51
15
3
16
9
39
16
14
48
65
71
36
34
57
5
46
27
33
35
85
46
39
28
50
24
2
62
69
48
17
24
13
27
3
8
28
19
20
0
30
32
16
28
2
78
72
63
28
111
42
57
23
37
118
2
6
5
10
45
35
57
16
10
24
57
3
38
28
3
43
6
56
35
9
8
2
24
39
57
46
18
100
32
16
31
7
67
47
1
35
58
6
9
28
6
25
15
22
56
45
21
9
42
15
8
0
7
14
14
19
42
5
10
97
22
31
27
97
10
39
18
91
30
50
24
2
10
20
18
53
7
10
13
54
104
72
30
7
4
14
5
33
26
28
5
16
45
22
16
26
15
29
21
14
24
15
1
46
65
24
31
43
5
5
1
5
104
34
28
36
19
14
46
11
48
78
48
5
33
3
47
7
4
30
15
43
66
33
27
22
18
28
28
93
15
11
21
35
47
21
19
6
0
3
27
43
32
67
26
11
31
50
13
63
20
56
95
73
36
63
40
16
22
81
47
43
49
1
36
11
37
17
50
2
107
0
20
3
41
22
9
17
20
15
23
18
7
17
44
19
41
4
4
16
15
9
18
12
61
39
31
19
12
18
20
29
18
37
8
38
32
1
1
38
13
106
13
2
88
12
23
21
12
79
17
10
21
18
45
32
27
40
54
15
28
6
9
64
8
4
23
24
0
23
7
35
44
60
6
18
22
43
17
26
31
46
7
17
19
25
4
62
6
36
24
17
13
38
10
6
12
2
17
28
3
13
54
21
26
29
40
2
10
60
61
49
35
10
61
11
38
19
44
3
34
2
71
6
11
11
25
46
15
49
30
14
5
74
13
4
74
9
41
18
50
24
66
32
15
7
50
14
16
38
36
36
60
51
16
5
4
8
9
7
33
6
14
10
70
106
58
22
17
1
29
12
22
9
18
9
29
50
37
25
40
46
19
42
25
41
22
15
0
12
58
5
20
5
26
47
7
21
19
57
42
4
21
58
30
63
51
58
21
4
4
7
8
33
35
18
37
6
10
21
71
49
48
15
29
3
5
26
67
23
39
1
15
8
49
7
24
55
36
6
24
20
38
18
57
54
23
23
7
36
36
51
18
1
33
1
10
18
14
8
6
9
25
67
45
42
36
10
21
29
27
22
37
14
1
9
24
24
14
43
54
30
22
19
22
69
23
6
9
76
40
33
32
20
12
17
7
42
10
7
4
25
41
31
41
64
3
7
40
3
13
36
5
33
43
3
6
23
11
29
15
35
16
3
9
12
12
19
14
10
5
26
35
65
34
15
41
56
23
30
25
51
83
60
41
23
5
36
18
42
56
13
3
22
26
11
19
2
12
18
13
1
30
27
31
42
68
66
47
17
11
19
13
46
46
59
18
66
6
15
39
56
3
23
15
16
23
27
0
17
0
6
24
3
5
33
22
25
72
26
37
18
26
69
11
5
24
16
6
56
10
6
7
44
11
27
8
10
46
41
40
56
9
32
24
19
22
9
57
12
36
14
73
41
4
9
1
24
13
28
2
30
30
56
11
24
30
12
13
65
5
45
4
94
27
20
16
11
31
11
21
75
9
5
18
25
1
2
18
17
45
15
55
41
1
2
72
48
16
17
26
12
43
4
26
2
5
45
2
3
6
7
29
13
25
46
42
19
74
25
46
16
1
6
16
16
1
6
61
2
7
12
12
21
37
35
28
21
40
17
2
10
10
58
1
107
23
17
33
1
24
5
63
15
3
38
33
16
51
16
15
2
23
15
27
49
38
12
34
27
2
22
18
13
47
20
7
14
3
55
6
79
20
53
21
60
9
22
27
15
11
33
5
15
7
36
5
9
56
46
20
1
26
32
20
5
23
4
1
21
17
19
4
21
11
19
37
5
25
53
14
41
9
17
40
10
15
28
52
3
48
24
50
10
54
18
37
77
44
61
42
22
3
16
3
3
10
21
11
3
32
29
2
3
71
18
14
4
8
45
9
7
5
19
27
3
8
34
56
0
13
25
14
12
33
31
13
0
19
37
42
3
17
17
14
18
74
24
14
31
41
45
0
8
13
57
37
9
4
79
16
5
5
38
17
18
5
8
13
17
48
45
7
30
2
8
12
23
13
11
49
14
5
7
49
46
16
30
14
5
30
4
56
13
5
78
43
22
1
25
50
8
9
25
24
31
41
9
5
3
29
3
53
9
26
45
1
6
13
27
21
56
12
45
51
21
51
16
38
2
41
33
7
24
23
47
6
30
50
5
71
19
3
35
9
16
49
1
27
0
6
4
2
31
2
28
19
6
40
0
10
28
27
32
43
31
26
25
8
40
47
8
24
47
0
6
63
63
40
47
31
31
22
25
22
6
59
6
22
40
3
63
25
13
7
6
3
3
8
13
53
11
1
3
3
20
41
12
12
5
38
13
27
10
17
21
11
8
32
3
22
30
33
64
25
14
6
20
0
5
15
6
6
3
11
2
34
20
30
39
11
25
19
29
9
1
24
20
27
9
49
38
25
5
8
3
35
35
27
5
17
5
19
0
0
3
7
35
9
17
47
17
12
35
17
6
2
5
16
11
3
40
22
17
24
53
15
10
12
12
1
56
41
43
16
16
16
5
27
14
24
8
23
12
4
7
11
21
9
15
48
10
16
6
49
20
3
15
38
6
23
16
1
20
7
16
13
25
8
7
16
6
4
15
27
9
9
32
17
9
31
11
17
15
16
11
66
3
3
2
18
10
36
13
41
34
21
51
5
10
24
19
33
2
2
2
10
21
5
9
16
22
9
18
9
22
19
13
9
0
13
15
32
22
4
14
8
5
30
17
5
13
6
18
40
17
52
21
23
73
1
7
30
23
15
2
19
15
22
35
20
17
9
42
1
5
18
21
48
17
20
14
5
1
11
12
5
30
10
20
12
13
9
3
18
14
14
29
18
6
7
24
10
17
12
2
32
12
7
15
9
22
28
14
17
13
11
35
17
1
15
15
21
2
11
7
23
13
30
16
7
32
18
8
6
59
36
4
5
16
18
12
3
13
15
8
28
0
17
26
8
29
10
15
3
1
22
9
11
48
11
15
1
7
28
21
16
11
26
14
4
16
1
4
14
14
6
13
18
6
13
3
9
11
6
19
25
30
17
18
42
4
34
2
34
4
4
30
3
4
15
16
18
3
23
7
9
21
10
0
7
25
16
34
2
7
19
22
19
17
2
11
7
30
32
33
50
14
9
5
8
9
31
0
17
4
4
1
15
16
6
1
6
1
3
2
21
2
18
1
7
20
6
19
26
11
7
0
44
19
39
7
22
4
11
25
7
15
15
27
1
5
5
12
9
6
16
18
10
12
1
18
3
4
2
13
14
1
9
27
3
19
22
1
0
17
7
10
24
3
36
13
19
5
2
2
4
2
31
14
1
6
2
2
4
14
12
10
11
3
7
5
19
2
9
5
10
6
7
10
16
11
18
14
2
2
17
1
4
11
5
1
5
19
4
2
15
34
22
0
4
13
8
10
4
18
14
9
2
0
18
10
2
8
11
13
14
2
18
22
30
14
4
11
7
2
7
12
9
15
1
16
8
22
2
8
6
19
7
3
18
7
21
5
13
5
5
9
22
5
10
8
6
4
19
3
7
2
11
7
9
2
4
1
8
0
15
11
12
16
18
11
17
1
7
8
1
8
10
8
19
6
5
7
20
6
13
7
2
4
5
17
2
1
5
3
5
6
1
3
6
17
2
4
3
11
6
11
3
4
9
1
2
2
2
5
0
0
6
4
9
12
4
2
13
3
1
9
3
1
3
3
2
5
1
5
1
5
3
3
1
0
2
2
1
3
1
7
1
1
4
0
1
1
6
1
1
0
