6
0
15
8
45
3
30
3
1
20
9
1
8
8
7
13
16
24
2
3
15
5
16
9
22
20
26
7
10
14
25
20
19
19
22
5
3
9
1
20
15
18
26
42
25
2
24
1
2
42
20
7
21
29
4
28
1
27
6
18
14
8
11
48
29
27
1
19
8
14
9
11
35
36
71
1
34
20
11
14
0
19
6
29
14
19
19
13
9
7
4
28
11
18
1
29
7
26
20
29
30
11
30
17
3
18
7
5
25
10
6
33
3
1
26
12
1
1
5
0
37
10
15
2
27
4
13
10
18
33
23
25
6
21
26
10
11
10
17
3
6
3
1
32
32
14
21
17
26
6
19
9
17
3
23
23
17
47
6
13
0
3
13
2
10
14
4
15
30
1
23
7
31
8
18
26
29
0
30
5
9
15
1
10
56
2
6
33
16
6
5
0
2
4
15
9
12
3
23
25
13
9
14
20
5
42
14
4
20
7
12
2
20
9
7
25
11
5
12
7
3
13
26
2
25
10
8
8
13
8
24
11
4
7
2
13
39
2
24
7
11
2
23
10
6
12
2
16
20
11
5
14
7
11
23
13
20
3
15
1
11
1
1
31
33
11
14
20
2
13
9
2
2
30
2
0
10
32
4
12
13
4
25
32
15
3
6
20
11
2
20
5
12
19
6
17
12
10
8
6
29
3
4
14
4
22
6
8
27
2
10
10
12
6
23
13
14
13
23
5
2
3
6
20
12
9
15
17
7
2
17
8
6
6
12
22
27
5
6
10
0
39
22
10
4
20
1
30
27
2
17
12
7
27
0
1
4
5
5
16
7
5
7
37
7
7
4
17
3
0
2
9
11
11
9
2
13
3
6
7
2
5
1
4
6
12
2
10
7
4
8
21
1
2
7
3
6
10
11
19
0
14
8
7
11
9
15
4
2
2
11
7
8
8
6
7
3
6
8
17
6
6
11
10
7
9
6
2
9
4
6
1
8
0
4
4
5
13
3
0
6
3
3
0
16
4
4
1
1
1
4
4
5
1
1
4
4
1
0
1
1
1
1
2
1
2
0
3
7
4
1
3
2
2
2
1
2
0
0
0
