21
22
46
4
113
28
60
18
20
94
36
2
37
11
36
4
6
20
27
33
69
5
29
12
5
38
36
5
27
14
30
87
28
32
45
94
45
59
36
43
32
42
14
41
114
40
89
11
101
36
54
75
46
25
53
68
97
39
86
21
106
61
23
59
29
20
71
10
38
21
87
31
2
75
27
11
114
28
62
62
70
10
62
39
17
82
21
53
82
77
54
33
4
96
69
38
27
64
2
70
68
74
29
32
7
18
15
21
13
7
4
58
55
61
24
41
46
41
24
64
76
34
50
69
18
91
25
67
60
21
95
93
117
81
35
87
105
45
55
13
1
31
81
102
101
29
132
81
54
1
86
76
169
28
11
96
26
32
12
14
54
29
59
42
52
27
19
36
35
35
95
12
31
131
4
23
27
0
41
3
9
69
13
81
28
84
4
0
68
104
95
94
82
8
43
102
81
24
38
125
86
6
89
24
59
94
11
71
48
85
44
39
69
86
17
106
55
53
105
34
58
48
218
10
27
10
102
45
19
27
12
25
24
56
21
47
121
135
8
28
60
8
58
0
18
63
68
114
37
38
138
25
42
6
55
61
4
22
59
2
78
81
0
34
49
120
5
68
13
37
79
12
40
32
155
57
42
34
17
11
94
71
30
105
84
94
69
39
49
33
44
26
47
53
41
88
0
53
123
41
29
93
31
115
80
93
186
56
93
72
87
23
56
34
73
63
33
3
114
74
22
67
47
13
77
39
218
90
25
19
14
89
66
42
44
64
17
34
12
30
114
177
102
69
86
20
45
127
68
111
48
53
16
3
28
32
6
49
7
64
30
77
8
36
23
58
4
134
76
9
30
15
99
124
94
75
222
89
60
3
157
70
116
38
5
89
28
18
51
74
24
78
92
41
13
37
39
8
24
139
69
6
19
29
7
3
15
36
37
84
106
62
93
72
136
132
63
44
42
74
18
109
19
5
28
91
31
68
61
113
33
94
75
123
19
75
25
53
20
32
73
32
1
32
41
29
35
8
22
22
4
26
51
135
50
84
3
31
20
0
6
72
82
117
2
115
46
73
125
92
26
77
39
15
38
83
29
9
148
42
32
2
52
34
26
145
21
124
75
25
13
62
25
42
47
39
72
21
69
8
27
91
53
107
31
67
102
1
28
116
88
20
77
22
5
65
7
68
16
56
78
22
6
62
76
24
32
9
30
28
54
67
17
8
22
72
2
101
119
38
11
13
20
59
23
73
27
137
5
59
16
25
39
71
39
50
31
24
50
48
47
23
9
11
77
134
32
150
4
34
136
16
34
5
79
1
11
60
17
95
35
14
62
21
157
107
66
79
88
23
34
3
90
23
15
45
100
104
33
5
49
18
7
2
72
79
75
109
161
52
50
72
43
42
44
6
94
38
23
73
6
31
34
64
26
39
118
5
41
84
13
55
45
27
18
1
54
20
67
19
33
58
98
47
76
136
19
68
14
49
73
198
66
39
21
26
10
11
77
36
136
12
46
70
40
46
34
13
80
40
17
53
100
26
24
47
79
24
33
47
67
41
15
35
9
34
60
76
10
76
127
81
93
4
9
51
54
22
28
64
58
25
97
44
16
87
51
56
1
7
44
26
36
116
50
133
62
77
35
56
38
1
57
84
95
108
48
55
15
35
82
78
6
47
91
44
31
26
71
69
28
11
18
54
14
7
19
19
42
33
38
35
57
8
30
41
77
95
29
16
85
31
41
13
116
28
34
31
13
60
26
50
38
62
1
39
46
147
58
60
55
75
94
22
27
138
118
63
42
10
106
13
79
67
123
39
1
38
37
54
7
102
24
75
55
73
41
133
34
15
29
84
51
85
54
6
25
2
8
13
124
109
80
41
16
88
87
38
39
156
57
48
99
50
14
108
72
75
24
6
19
5
63
56
21
28
34
20
78
20
37
7
98
130
40
45
1
27
19
5
29
23
10
28
10
134
8
10
7
25
4
46
29
36
46
46
110
114
76
7
71
110
131
9
82
108
93
86
13
108
5
44
1
75
39
89
0
63
121
0
62
53
32
1
16
24
3
29
41
16
20
15
2
38
155
88
22
46
19
134
69
74
4
45
101
42
32
20
50
88
30
9
2
117
37
21
23
29
6
50
12
89
23
11
9
65
72
96
86
35
63
23
40
8
11
26
129
25
32
32
4
14
1
74
24
133
27
79
71
27
27
35
61
3
0
110
4
71
78
28
4
99
82
21
53
176
65
70
32
51
76
31
175
59
42
36
53
61
48
13
43
94
86
89
27
18
36
14
79
40
70
68
66
50
46
2
101
75
6
5
98
111
98
7
62
17
5
79
29
31
21
7
29
6
62
62
34
143
103
23
8
20
101
61
14
19
91
106
20
57
35
39
78
22
9
72
20
34
20
6
45
55
25
19
3
80
60
13
5
40
22
70
14
29
41
28
5
85
69
7
70
71
115
30
43
11
3
114
46
80
79
60
40
25
38
25
37
30
69
94
5
45
115
103
66
72
4
19
114
115
60
54
35
1
79
97
7
17
11
68
20
2
14
32
49
35
106
29
14
32
34
44
27
78
21
164
89
122
57
25
89
2
67
59
43
34
103
8
48
8
103
3
19
29
65
3
54
98
88
38
37
26
12
35
118
40
2
26
74
24
20
5
9
29
32
64
13
84
35
48
65
8
39
31
59
61
1
21
84
53
8
49
35
17
15
34
1
124
40
53
16
19
16
38
31
134
107
29
91
19
5
89
155
23
23
81
122
46
7
81
9
62
56
77
46
21
26
30
62
15
80
18
103
96
17
41
31
27
90
40
177
20
35
99
49
14
16
41
20
5
67
41
15
45
71
1
53
65
39
10
34
42
90
157
30
16
56
44
59
44
63
33
56
115
41
108
84
156
90
1
50
83
102
41
11
99
93
15
40
29
53
58
36
6
24
6
7
13
14
36
6
26
127
97
82
2
29
158
15
4
56
40
38
80
23
10
40
18
7
73
20
21
141
50
87
78
62
24
49
36
14
65
3
19
49
6
23
33
4
13
8
96
61
44
54
79
16
89
24
147
58
6
32
22
71
69
88
6
4
109
53
96
46
39
89
53
67
30
21
11
20
94
11
54
18
22
62
127
61
57
72
6
24
38
138
1
40
49
79
47
54
36
11
2
16
19
70
54
30
23
26
16
7
9
51
30
17
59
51
67
21
33
45
31
18
21
36
22
139
2
20
79
66
117
51
92
24
1
35
90
34
24
9
70
27
64
31
33
84
6
39
73
43
59
66
58
41
95
54
87
60
9
20
15
104
8
13
35
67
23
61
101
62
132
16
28
14
19
54
35
80
51
14
36
1
26
2
5
16
110
0
138
31
35
36
31
70
91
117
5
5
40
30
55
4
53
66
10
42
73
27
24
43
51
158
14
66
22
69
38
49
55
29
7
15
8
23
20
99
75
18
64
6
82
15
51
45
25
38
58
26
66
28
44
88
40
35
9
11
37
32
71
11
74
63
15
131
36
38
16
1
40
9
126
14
121
42
45
15
15
91
45
28
17
35
74
91
62
27
32
55
21
21
94
39
37
34
2
14
28
62
62
45
1
56
15
143
51
20
26
58
22
108
2
8
28
27
100
81
3
24
17
32
84
1
35
93
19
73
64
31
22
21
26
7
31
14
44
50
38
111
45
8
67
65
58
63
2
24
85
26
128
1
19
69
109
10
1
3
60
57
36
16
2
33
40
37
31
106
142
177
3
95
91
22
60
41
14
11
4
76
71
8
14
6
17
26
37
18
52
86
38
52
61
31
120
3
15
70
47
16
12
18
41
23
86
33
65
0
98
35
66
3
34
11
58
37
71
27
22
69
27
149
59
2
62
15
25
36
6
12
1
47
35
47
15
67
77
58
39
2
29
9
21
16
3
52
28
10
23
14
20
45
14
34
6
22
35
68
20
82
70
23
61
50
103
43
48
28
51
34
37
124
52
12
5
23
52
72
1
43
59
23
102
80
90
125
97
12
16
77
10
13
0
23
48
55
40
29
24
36
52
94
79
89
34
43
25
33
37
6
38
26
7
48
2
48
20
75
88
9
91
67
40
40
6
32
21
38
20
9
85
2
92
28
21
24
54
6
73
112
45
77
18
29
17
48
45
60
31
106
35
25
10
31
33
79
57
110
31
1
49
44
42
72
96
71
11
87
4
13
75
6
2
41
1
66
19
43
31
19
111
44
6
30
4
39
58
18
44
1
19
12
63
10
5
2
10
37
28
45
34
50
20
67
90
18
25
40
44
52
13
33
22
52
128
15
37
32
55
14
36
127
14
20
50
68
58
26
24
35
124
45
36
23
14
1
36
73
21
12
38
39
26
53
16
23
97
56
49
106
113
67
79
28
25
9
39
41
64
46
78
20
43
9
26
26
62
53
6
11
12
12
26
14
18
81
58
37
30
24
38
41
53
49
73
48
63
10
72
68
19
11
60
68
78
32
59
18
18
84
6
44
23
28
92
5
8
6
58
112
43
28
43
75
67
27
3
90
34
45
175
71
11
32
50
45
68
49
20
12
0
42
44
6
21
76
31
28
65
27
7
9
56
48
10
68
27
21
76
64
2
69
62
7
31
31
28
47
51
42
43
96
118
34
31
26
100
36
18
60
36
4
52
73
18
35
17
19
0
2
19
77
46
34
13
83
43
122
37
42
47
92
3
37
29
21
70
61
29
33
37
11
5
52
10
22
101
27
32
17
5
49
30
20
72
109
45
41
23
41
13
30
37
14
101
75
43
39
8
82
15
86
13
31
97
57
31
38
10
51
22
29
42
63
21
66
12
103
41
64
15
27
76
60
123
45
54
28
9
15
66
23
23
142
74
6
22
15
72
9
51
3
21
11
115
20
89
67
38
60
155
112
28
97
34
76
13
5
164
42
17
49
49
85
11
40
43
55
44
54
31
64
103
66
7
31
5
27
40
111
28
90
36
91
37
36
20
26
46
60
59
1
24
36
38
63
78
64
72
65
22
1
53
45
60
18
81
18
26
34
26
123
48
0
87
30
15
44
79
10
37
47
0
49
14
10
1
40
66
23
25
72
44
62
2
9
1
6
3
15
41
21
19
3
146
1
14
20
17
5
58
35
80
29
7
104
99
44
5
17
4
64
21
33
6
24
6
65
43
41
23
15
20
3
59
38
3
58
9
49
10
51
2
63
77
14
49
41
59
29
93
67
41
5
15
18
51
80
119
32
2
20
26
8
42
1
43
74
105
98
35
8
55
142
23
28
57
27
56
31
47
23
4
57
31
9
4
6
8
9
89
6
20
103
17
142
90
31
87
33
1
57
10
16
20
14
43
39
34
14
28
28
42
59
14
23
48
42
124
38
82
49
62
85
8
36
59
82
3
30
29
11
51
16
17
1
31
17
136
8
52
54
34
82
17
23
50
18
6
49
15
10
31
86
102
42
22
17
2
59
12
29
32
1
99
93
83
12
92
67
106
91
27
91
39
63
17
40
64
102
7
19
22
57
20
34
60
29
43
20
106
11
74
21
16
1
71
53
39
30
45
50
20
45
98
27
86
36
86
50
132
5
36
8
51
26
105
6
34
15
32
16
10
94
4
82
17
36
5
61
117
54
58
52
10
32
1
85
75
52
74
30
25
114
17
45
39
36
58
47
3
53
67
17
13
42
15
26
12
15
49
38
42
78
40
15
16
10
38
6
0
16
33
65
6
74
24
51
114
31
11
27
34
71
57
43
1
42
5
17
13
41
110
8
29
0
67
55
28
49
125
28
66
9
65
16
18
81
28
62
157
25
15
2
0
23
50
13
17
70
17
49
18
32
17
28
5
62
15
50
2
33
44
144
5
57
14
13
52
5
16
102
92
4
27
14
155
63
23
4
50
0
60
53
55
40
19
37
124
51
12
4
15
99
3
19
41
46
13
65
52
20
39
30
25
97
5
61
17
56
9
43
9
9
0
2
44
38
13
10
47
35
23
35
33
10
36
11
20
35
63
56
90
21
37
71
8
10
6
26
93
12
29
13
35
1
53
14
69
45
25
17
77
18
26
30
24
6
7
18
36
48
21
55
79
5
77
64
64
13
78
48
4
52
15
48
36
89
42
17
6
54
34
14
13
40
37
40
30
22
12
53
14
55
55
43
14
25
48
14
0
13
92
53
60
13
89
12
3
83
32
39
26
37
58
76
31
36
21
64
79
23
23
33
0
17
37
64
24
28
56
17
30
27
41
53
2
43
80
22
154
60
16
94
72
37
32
26
45
4
9
67
33
34
63
34
20
47
14
31
26
0
66
14
8
37
100
16
65
14
1
6
27
37
64
32
41
109
37
8
14
24
13
156
5
18
47
47
25
22
60
7
38
46
29
39
44
50
2
7
19
3
11
24
31
65
42
39
14
1
34
13
18
76
39
7
105
28
60
1
8
30
9
14
18
16
1
57
34
31
39
17
13
32
54
21
27
122
48
18
47
9
32
22
63
19
40
21
30
78
3
15
47
4
1
19
60
11
55
85
16
41
24
17
5
53
14
24
7
54
20
67
19
30
83
6
47
87
50
47
86
2
2
110
13
41
105
60
20
16
17
10
93
16
23
37
43
13
6
10
103
9
36
4
8
36
42
46
41
40
14
87
2
73
25
86
52
32
15
44
49
89
29
44
49
71
14
4
11
46
14
82
39
15
8
10
23
13
81
70
58
9
17
71
21
17
30
28
10
34
83
10
6
77
59
28
2
31
15
48
40
1
19
40
20
30
36
73
2
63
45
25
24
26
37
29
4
34
27
50
33
7
84
47
77
43
52
45
30
11
3
12
57
93
12
39
46
19
7
4
6
24
10
40
17
16
84
32
7
13
5
34
32
24
62
29
67
62
42
7
24
22
32
93
32
28
12
47
31
44
14
24
37
8
44
30
54
5
44
19
35
7
7
49
32
28
66
71
23
45
47
24
64
17
6
45
32
19
3
7
29
32
54
3
18
28
51
16
15
16
25
57
4
41
50
72
19
83
76
24
57
31
10
51
83
19
75
22
11
42
20
49
73
18
50
32
16
39
32
12
38
34
5
10
82
50
10
12
24
27
0
47
30
51
75
69
35
29
24
40
34
33
34
3
39
48
3
8
52
8
33
18
5
28
72
33
10
12
7
0
11
52
63
8
18
25
45
42
27
58
9
6
0
48
39
2
40
1
15
41
4
24
40
22
89
17
24
59
88
1
31
6
3
5
24
16
28
15
36
22
4
7
34
2
41
18
6
109
42
16
57
85
42
27
96
31
36
26
19
26
72
1
28
33
5
22
51
12
5
22
6
28
66
36
12
31
44
30
86
23
8
38
4
27
17
96
29
20
8
19
6
30
48
59
12
58
42
16
14
21
11
30
67
46
25
0
47
12
1
19
6
39
11
1
74
12
33
8
38
32
2
32
69
20
2
25
28
43
36
59
29
15
29
14
0
72
41
4
5
9
47
53
11
96
69
4
49
58
12
31
48
7
58
29
18
33
14
11
58
54
19
5
0
32
34
34
33
28
74
4
5
42
10
80
53
40
25
100
7
28
29
36
11
35
39
51
5
17
32
22
7
123
0
36
40
8
41
34
21
3
11
21
75
49
67
15
10
42
55
33
59
3
104
55
36
41
44
63
39
28
36
35
32
10
43
25
17
32
45
32
24
24
17
19
57
11
40
79
34
4
28
18
11
1
16
33
25
54
37
34
20
9
14
50
6
7
53
23
27
22
14
61
37
58
19
33
37
77
17
4
24
35
31
21
29
4
50
37
11
72
13
38
4
29
21
15
12
29
22
43
34
17
10
76
21
31
45
25
2
24
12
69
26
45
31
8
17
18
39
17
40
1
62
12
1
55
36
9
23
19
61
42
24
33
34
34
5
7
31
18
10
29
34
49
57
58
32
30
35
1
16
30
1
62
0
17
59
56
59
15
13
104
3
23
40
50
27
23
16
19
42
23
26
18
1
29
67
28
38
10
30
43
33
83
27
41
41
44
44
25
2
47
65
46
37
0
24
20
37
36
9
30
37
53
67
17
41
1
41
7
40
43
16
38
46
28
14
18
67
14
20
4
22
2
41
92
41
9
18
25
63
12
25
3
41
23
22
9
15
2
76
21
23
2
66
39
64
13
13
14
19
4
0
29
33
5
20
7
44
29
23
19
21
43
13
6
2
37
30
40
5
74
1
35
20
66
21
24
1
13
7
38
8
41
63
44
51
31
2
22
46
18
30
49
10
44
78
2
12
26
30
41
14
30
11
16
52
54
40
13
34
8
40
21
22
0
59
38
29
44
58
1
44
11
13
2
24
20
2
15
33
40
19
7
92
30
36
14
6
14
32
31
94
25
63
16
18
13
49
51
32
32
21
15
23
24
34
37
72
65
51
26
2
37
19
26
46
10
3
26
1
44
5
15
2
52
14
45
12
24
17
25
17
34
21
33
0
31
8
3
64
21
36
28
5
12
30
43
2
31
6
44
11
82
69
24
31
3
40
0
64
3
37
55
23
26
29
24
5
24
6
44
7
38
39
13
11
45
69
7
43
12
22
55
1
4
4
1
36
34
7
40
73
59
19
5
56
55
38
40
19
69
32
4
10
11
11
7
12
7
48
10
18
21
43
12
53
14
37
71
11
25
7
57
47
16
6
3
0
24
63
2
32
17
43
9
25
3
45
5
39
15
36
31
19
35
62
2
50
1
5
14
37
28
1
55
6
10
21
9
63
19
25
28
13
16
19
7
13
37
62
9
30
14
20
49
17
3
60
39
51
1
62
37
6
42
10
76
7
4
4
23
15
26
8
16
9
3
12
14
15
4
24
52
36
4
65
19
9
36
2
7
22
41
32
40
12
34
4
13
3
49
46
57
20
8
40
24
19
45
18
56
9
26
11
10
28
21
32
21
4
27
30
51
3
15
4
13
14
1
23
16
38
3
51
2
13
8
7
38
2
12
25
25
47
36
27
11
29
8
1
18
1
7
45
0
22
23
2
14
18
2
1
24
1
33
23
9
64
12
44
26
40
23
100
6
32
16
33
0
28
18
2
6
18
31
73
13
14
42
19
30
26
10
4
6
17
9
12
5
25
29
45
4
5
13
15
15
21
47
17
4
61
49
11
9
36
30
32
34
1
17
14
41
24
45
15
22
33
8
13
4
25
17
11
32
11
19
50
25
46
44
14
25
4
13
15
23
36
32
4
9
8
27
8
8
1
8
13
12
30
46
40
30
14
32
6
6
22
26
19
8
28
5
35
10
6
20
8
20
14
29
42
4
10
9
32
10
19
19
6
10
58
13
74
10
13
7
18
5
29
26
2
65
13
20
8
18
19
3
54
19
39
8
21
26
6
36
36
18
8
6
30
38
40
24
13
1
17
33
13
8
23
9
36
3
2
29
22
7
27
16
3
40
1
25
6
14
37
50
51
15
24
36
22
36
9
26
11
0
16
13
19
6
1
44
7
39
16
34
21
10
11
30
6
17
4
16
21
18
12
29
73
5
34
9
12
10
12
18
21
16
39
23
29
7
8
35
42
13
38
19
16
34
26
3
65
2
29
2
5
16
23
26
16
21
17
22
22
29
16
17
38
15
2
11
8
7
47
10
17
14
9
10
18
5
10
51
4
10
8
17
16
1
1
7
4
10
36
23
26
22
2
32
16
27
25
17
3
5
21
14
7
35
8
40
13
44
8
10
7
16
11
46
39
24
10
10
30
51
26
19
23
10
18
20
1
10
8
5
26
2
28
40
7
18
38
4
2
27
3
34
16
22
13
37
23
2
19
1
3
35
4
5
36
6
47
7
19
25
30
27
26
31
8
5
11
4
5
1
6
25
1
21
3
8
3
46
34
27
26
3
5
12
13
50
7
5
8
9
22
2
27
10
27
22
5
12
3
10
4
4
21
7
52
15
13
24
8
6
18
0
37
51
20
33
2
10
18
4
21
15
43
10
42
13
12
19
42
24
25
29
7
1
21
2
14
10
14
14
7
3
13
13
18
36
30
9
21
29
13
9
33
12
37
9
23
5
35
19
4
11
17
4
12
3
5
13
46
2
27
14
22
4
39
16
10
4
27
8
8
23
8
0
24
20
14
9
30
11
11
13
7
18
14
11
0
11
4
9
30
12
15
21
1
10
10
1
1
2
18
1
1
9
7
21
30
3
7
13
22
2
7
1
9
33
29
15
13
8
21
12
18
0
6
8
1
2
21
9
14
11
5
3
16
1
12
2
3
19
19
13
13
41
17
19
1
4
15
7
15
11
4
2
3
9
8
5
14
16
27
11
9
4
20
2
28
16
22
5
10
5
19
28
4
8
22
31
5
14
12
21
14
5
11
16
3
17
9
2
13
15
5
24
13
4
16
11
26
33
18
2
14
18
36
29
6
2
5
7
6
13
8
4
1
4
10
16
11
12
3
10
18
13
6
9
2
13
3
18
0
14
10
41
35
8
3
17
12
18
2
10
7
5
23
1
21
11
8
11
21
12
1
17
11
0
15
11
4
26
11
24
6
4
3
13
15
15
5
5
16
5
3
9
5
10
6
11
18
9
10
14
5
8
8
2
27
16
12
9
11
12
12
9
21
16
2
22
9
15
13
4
5
31
11
9
2
1
12
1
11
17
9
8
3
5
7
26
5
10
15
3
7
5
13
1
10
15
22
3
6
0
7
15
6
15
3
1
11
17
6
11
3
8
3
4
1
0
13
5
20
4
6
10
12
3
1
2
2
8
7
3
4
1
10
0
3
7
3
5
5
2
2
5
5
2
6
1
8
10
1
2
5
3
12
1
8
7
1
1
5
6
1
3
1
1
4
1
5
1
1
0
2
0
2
0
2
1
1
