1
5
5
18
20
78
99
110
2
55
29
55
84
21
56
60
4
13
5
17
5
39
88
62
7
12
95
15
2
20
24
42
35
25
23
7
61
23
104
1
21
71
46
26
4
20
101
60
5
133
39
117
11
6
2
13
19
82
79
39
27
11
32
152
117
27
18
76
96
7
30
70
23
25
40
12
124
2
60
47
107
64
53
42
86
37
14
11
73
36
63
55
62
90
22
50
14
67
31
37
54
79
83
95
52
58
107
4
7
23
39
21
18
65
98
14
36
15
55
84
18
28
3
72
9
51
37
16
128
85
118
76
88
24
10
102
102
46
6
51
68
82
62
16
18
68
66
39
49
35
84
45
57
7
103
51
25
47
75
7
81
47
15
35
3
25
28
86
6
12
25
4
54
102
18
17
17
19
2
116
17
152
62
37
106
30
91
4
63
41
20
45
42
39
31
191
3
23
85
41
42
27
28
16
53
38
72
19
46
50
11
34
56
48
108
27
34
32
58
214
85
98
135
113
34
31
46
2
61
109
27
46
54
78
17
49
67
10
35
81
49
25
4
41
33
92
142
142
11
12
32
68
114
28
54
11
76
81
63
29
54
3
68
11
42
47
19
40
24
68
83
9
103
17
140
78
33
53
8
89
33
28
84
105
105
64
7
40
81
8
6
123
97
47
2
11
43
8
46
44
95
23
1
72
75
70
31
135
56
52
81
20
52
142
70
69
67
17
59
90
18
5
35
58
72
27
1
88
171
140
41
55
63
21
178
7
85
32
79
23
180
5
27
151
1
117
27
4
3
14
19
120
42
82
72
95
52
34
52
77
9
52
79
75
23
65
10
40
42
158
102
54
87
7
57
77
9
3
141
80
86
31
47
228
76
38
6
83
23
92
90
66
56
12
93
2
11
68
66
137
37
101
139
25
3
63
51
37
4
134
8
56
52
41
124
41
149
48
197
26
61
38
64
66
21
99
84
8
63
36
130
10
58
37
63
172
70
61
12
16
144
34
8
95
11
63
104
23
99
43
89
7
20
26
13
56
16
24
23
131
53
103
143
145
18
52
37
51
78
39
18
20
1
10
74
88
0
79
31
16
36
28
189
41
90
7
20
43
112
20
75
76
72
28
76
100
25
4
40
60
30
192
6
37
52
133
69
85
25
52
83
95
14
28
109
52
27
43
78
82
71
60
79
2
25
37
42
28
35
101
4
38
86
56
24
35
37
6
27
135
91
94
24
1
53
26
188
77
84
49
42
6
102
152
14
123
90
89
5
23
135
16
63
113
39
56
139
31
61
41
83
1
35
31
51
95
9
12
1
75
1
7
41
13
63
26
24
104
53
75
4
25
24
2
116
8
67
19
45
47
43
69
98
88
65
13
56
67
86
59
24
14
3
9
15
69
54
32
10
1
36
30
55
118
70
26
59
70
11
63
10
153
32
127
14
60
113
44
6
44
6
76
53
86
117
7
57
35
100
69
12
20
36
19
35
34
23
15
55
18
112
35
88
111
16
89
72
67
33
55
57
44
135
71
57
33
38
19
113
49
26
82
2
47
93
48
53
79
79
24
29
28
4
6
49
0
39
37
32
24
30
46
36
13
39
45
28
5
52
119
29
16
66
49
53
11
168
20
68
9
9
170
79
62
141
3
27
25
55
43
69
73
1
12
36
11
29
30
14
32
14
95
54
21
32
38
9
145
23
32
4
36
58
44
14
96
59
23
5
19
46
2
48
31
16
43
3
57
42
49
12
104
6
22
152
7
45
120
23
44
79
9
7
42
11
102
29
43
106
24
43
18
72
57
23
79
9
66
28
58
58
56
45
85
40
87
87
100
54
26
32
8
31
52
16
97
30
22
2
83
18
9
79
34
54
31
40
41
63
93
49
75
84
93
84
38
3
22
36
54
45
90
53
3
55
71
6
25
9
40
23
4
30
2
15
62
120
57
28
61
42
53
19
17
70
86
1
30
46
64
90
79
53
150
81
35
39
6
12
41
23
28
68
17
108
47
41
46
47
38
44
17
94
77
87
9
32
70
21
68
71
71
6
92
116
66
89
31
92
75
40
63
46
89
27
40
11
36
87
37
42
87
20
63
103
55
109
113
28
50
10
17
63
35
31
12
65
31
84
90
69
70
84
12
83
30
1
38
15
58
90
83
13
31
20
44
95
14
31
47
73
54
51
76
43
8
31
145
7
49
138
34
10
44
80
62
51
36
54
42
7
43
19
96
2
117
27
16
68
21
57
46
11
41
17
41
130
67
7
136
137
27
2
63
15
59
12
46
79
18
59
18
68
94
20
24
2
81
6
3
37
19
56
35
37
50
19
38
59
3
83
59
11
37
43
9
117
20
14
69
60
51
52
58
11
18
68
72
4
29
1
15
4
40
44
18
72
32
21
1
76
102
29
78
32
34
20
29
54
62
29
29
62
44
10
7
26
72
49
20
107
13
13
14
54
74
13
16
71
125
120
75
15
19
98
35
44
7
12
16
38
4
153
93
40
107
42
64
78
42
20
88
87
48
8
3
0
37
7
114
13
106
46
38
35
17
16
7
11
58
16
1
13
79
88
52
79
33
51
34
65
81
19
70
37
135
6
3
21
53
68
53
41
106
1
45
20
17
34
44
69
73
84
48
6
9
15
0
39
47
93
72
102
9
12
10
64
60
12
98
76
9
57
105
101
84
72
37
125
45
15
74
45
68
1
38
40
33
100
15
17
11
122
69
20
3
112
60
17
100
35
90
7
10
23
42
48
29
38
17
27
49
1
74
10
60
29
32
66
20
20
103
26
36
70
90
4
52
59
23
1
73
170
17
27
42
52
105
31
2
64
24
30
174
69
46
2
48
11
58
113
189
33
166
73
137
65
65
14
86
20
142
28
51
6
97
50
26
37
33
68
54
40
35
18
87
34
52
47
59
60
170
88
19
81
91
105
108
46
22
82
37
26
75
144
52
62
130
118
13
49
5
10
53
84
6
99
18
129
81
22
33
28
92
7
16
53
60
3
65
106
65
46
91
56
16
193
186
31
58
75
32
64
76
25
1
10
75
9
5
21
41
132
20
18
12
29
12
2
78
75
47
78
13
81
34
37
14
96
16
36
58
16
5
81
10
65
15
80
88
30
79
39
34
12
120
65
66
80
60
27
13
112
81
51
170
20
33
40
26
49
24
45
80
14
22
68
45
36
3
82
46
21
20
98
41
65
18
4
89
129
10
9
130
4
2
12
72
10
51
46
6
50
11
14
27
37
3
33
47
53
75
81
103
2
4
76
15
101
32
55
36
26
7
54
22
43
2
2
116
19
73
40
43
16
74
102
62
176
21
4
28
58
30
54
16
65
70
22
48
71
7
93
41
59
32
49
50
74
9
54
21
98
26
15
15
4
14
5
15
119
54
27
23
65
65
127
60
51
11
128
49
17
44
19
53
55
20
41
2
8
10
14
69
38
60
97
50
21
3
104
15
67
15
66
64
104
43
46
67
86
69
9
76
55
36
95
32
33
77
79
33
23
41
8
6
57
57
14
95
38
19
16
24
79
11
21
15
36
63
100
102
26
90
0
71
26
95
74
16
41
20
59
24
44
89
109
4
47
19
89
12
6
17
39
10
119
52
25
12
137
38
16
64
86
57
91
60
7
21
106
32
136
21
130
33
50
20
48
9
71
108
29
33
98
8
81
64
137
91
30
19
68
11
127
33
12
34
8
81
4
23
37
6
81
76
88
27
36
68
50
29
63
96
39
14
27
12
30
19
1
40
35
2
46
66
95
74
65
77
19
135
108
38
8
37
62
61
34
112
60
39
112
28
104
18
81
30
27
9
81
166
72
60
127
48
100
72
68
7
7
43
46
39
61
43
31
13
8
43
34
59
41
5
83
3
86
109
65
1
37
20
1
39
0
130
21
42
78
27
34
58
26
65
29
123
14
6
8
88
66
54
151
11
68
59
51
77
56
97
53
24
128
49
1
42
11
69
29
12
15
20
48
23
87
22
40
64
19
39
84
2
0
10
35
219
90
68
99
29
60
44
93
15
65
31
13
13
60
90
71
35
111
34
58
42
40
7
16
21
33
55
93
80
18
5
87
14
57
2
31
65
4
25
56
38
31
37
71
16
81
26
3
61
10
5
19
32
27
15
18
33
30
98
58
52
76
14
130
24
10
2
20
47
5
3
54
39
21
112
13
44
22
97
10
53
43
73
40
9
8
27
24
112
91
31
49
67
81
69
50
27
44
91
59
65
70
45
58
4
103
24
10
20
79
51
11
59
16
2
25
72
1
55
52
28
111
7
2
125
13
46
17
74
14
15
56
28
2
34
39
10
30
61
40
12
56
47
4
52
136
32
49
24
0
133
19
20
26
51
89
22
51
10
18
63
51
35
6
80
34
67
5
52
39
28
75
9
18
11
5
22
50
25
103
21
14
46
122
7
3
53
35
17
48
39
30
63
13
38
31
50
3
6
5
7
70
45
5
43
55
24
70
124
62
105
9
108
62
72
23
50
2
65
24
6
7
10
76
11
113
59
11
65
29
80
41
49
114
3
38
7
24
34
30
27
6
53
23
16
60
18
13
20
21
42
28
11
15
50
4
24
66
18
53
12
10
16
148
38
29
18
91
12
59
61
17
65
84
98
88
26
59
36
53
41
24
83
4
58
61
10
11
6
2
4
14
15
105
17
111
79
86
64
70
30
79
99
56
59
145
6
42
35
67
30
21
87
61
73
5
40
10
89
53
87
24
48
62
50
66
16
1
66
145
14
12
17
39
110
120
0
8
9
50
16
45
41
25
8
42
38
51
41
32
31
10
18
25
17
16
80
104
45
33
22
71
43
55
42
27
59
88
86
101
9
5
22
57
56
19
62
52
25
2
45
30
75
23
68
28
13
0
34
3
141
62
55
3
8
28
35
64
49
93
17
28
43
39
14
22
39
29
69
87
10
10
64
67
93
127
21
41
16
79
89
21
14
2
70
31
52
16
38
42
33
43
48
17
31
14
43
75
83
17
32
10
28
15
0
79
55
138
17
16
56
54
53
38
44
18
16
36
39
99
82
20
26
17
40
11
7
0
10
8
13
100
12
49
70
11
8
8
36
82
105
72
93
9
29
54
25
33
27
26
93
71
11
45
2
56
34
85
129
106
110
77
15
76
69
43
115
43
87
19
11
59
41
32
17
24
89
32
23
71
1
29
26
16
35
22
2
68
8
76
104
63
77
5
73
93
52
38
4
26
7
16
33
12
81
6
43
21
9
3
20
47
12
16
0
53
29
49
56
59
16
66
11
40
58
31
21
18
33
9
95
7
10
29
43
13
4
26
46
97
13
50
21
39
54
26
76
28
36
22
9
39
9
16
77
62
59
31
37
42
34
72
40
60
4
44
77
97
63
91
11
110
35
29
25
99
25
57
52
39
30
61
32
55
8
12
41
60
8
40
67
75
46
15
42
30
99
52
20
13
34
49
51
55
48
53
17
33
15
97
90
57
32
37
18
92
10
49
19
13
142
25
45
51
45
3
98
31
26
16
18
8
39
76
10
15
7
87
27
18
40
38
44
41
31
16
11
9
8
54
25
47
40
9
28
91
3
21
13
26
54
3
35
16
45
24
55
89
91
31
0
44
31
7
16
104
3
16
95
74
64
30
13
27
12
29
45
5
44
61
100
76
17
66
15
41
13
3
22
26
45
44
103
16
25
30
172
11
111
12
37
20
10
92
21
58
26
29
9
31
3
22
7
22
11
92
21
50
17
26
35
119
2
44
58
53
3
33
16
27
87
40
77
24
3
31
3
21
52
29
1
44
78
147
3
47
40
1
11
61
15
98
60
53
12
25
43
19
38
1
30
16
116
35
37
15
22
6
15
70
51
11
2
41
1
22
18
34
5
23
20
17
1
56
12
56
109
44
8
63
59
37
54
45
10
33
5
76
64
24
19
4
22
52
17
17
77
15
34
55
22
76
4
9
50
60
46
53
29
40
46
69
133
105
25
7
22
14
48
36
33
4
37
33
24
9
47
54
35
5
19
13
36
25
11
14
25
22
54
6
94
17
72
17
52
6
105
7
34
45
22
169
43
48
35
35
62
16
6
49
60
30
81
16
39
38
24
23
43
59
50
16
81
51
30
29
37
2
20
36
107
15
49
3
49
1
7
52
69
27
2
8
27
9
33
19
24
18
2
21
64
23
24
62
106
78
23
7
50
28
22
34
140
68
44
3
66
141
47
23
23
29
48
15
77
44
9
40
97
61
16
15
24
37
24
26
39
40
69
79
12
63
21
16
87
36
37
42
10
0
23
42
33
86
1
30
15
80
10
23
37
54
41
11
34
68
13
34
39
57
6
66
71
43
48
23
32
8
18
48
74
1
17
43
12
71
29
26
17
35
12
1
72
26
34
73
8
49
33
52
24
39
93
39
74
62
71
10
26
0
20
5
26
53
48
14
9
88
27
80
1
74
38
22
14
27
75
19
6
42
62
71
5
25
5
15
43
42
35
7
44
36
56
41
25
10
4
7
15
55
39
46
51
70
54
39
17
19
3
24
31
49
49
6
2
56
40
12
20
6
27
43
31
14
53
26
8
18
34
82
13
9
36
34
8
15
21
51
31
42
15
17
21
33
65
32
8
44
48
13
85
53
85
89
61
66
29
3
8
5
13
13
29
17
16
74
0
37
34
69
9
29
16
69
113
13
13
39
9
14
3
37
30
110
12
1
61
42
39
25
50
33
57
3
24
16
7
21
12
21
41
23
5
72
7
6
25
15
18
9
21
13
4
23
21
30
1
102
15
0
88
72
27
19
44
30
21
28
46
23
10
30
24
49
37
13
15
11
6
14
81
13
17
1
50
21
123
26
14
32
67
16
10
33
0
42
81
50
12
2
17
31
14
65
52
30
33
55
25
17
76
21
16
10
18
52
43
12
28
15
21
63
40
3
31
84
3
83
73
65
84
9
16
20
15
10
13
24
20
24
9
18
23
13
69
7
40
22
29
22
16
39
28
67
0
41
20
14
36
77
60
56
64
20
12
38
6
16
31
51
26
8
18
18
23
13
4
2
38
46
2
36
15
19
2
22
32
11
18
47
5
42
26
84
64
11
39
22
7
46
50
10
36
4
51
2
33
5
16
20
17
16
1
21
1
46
56
32
74
58
28
63
39
49
48
44
34
92
39
34
7
92
18
5
88
7
31
17
45
17
19
48
3
14
36
14
45
26
51
62
19
8
36
49
42
49
53
0
32
58
14
19
32
24
37
19
15
26
85
9
27
63
36
26
21
75
11
48
25
35
15
15
23
17
10
10
54
25
65
19
5
23
28
44
74
39
45
14
54
33
21
9
4
61
11
10
18
34
36
45
38
49
32
85
74
3
59
39
13
48
18
15
70
41
43
14
66
36
45
3
16
71
10
47
4
39
4
54
46
30
5
36
9
19
6
47
41
63
13
59
64
1
76
8
42
4
32
66
51
4
70
65
14
17
2
49
17
17
38
37
12
15
44
21
31
28
14
89
65
64
47
2
11
36
19
64
35
18
5
74
52
17
9
35
26
12
41
77
13
70
43
37
11
60
37
24
1
80
65
20
38
41
44
5
2
37
9
8
70
24
14
41
91
24
19
28
6
4
12
33
70
29
32
26
15
3
115
34
14
59
63
39
31
25
2
30
11
25
15
35
15
23
35
0
84
42
2
13
18
55
9
31
23
19
26
36
49
8
20
8
25
25
21
26
17
25
13
31
26
2
32
3
61
11
34
30
1
41
17
31
80
48
72
14
55
28
1
33
47
8
2
20
1
69
32
17
36
13
55
32
82
20
67
7
19
68
18
81
23
21
61
32
62
14
50
48
61
105
93
55
13
12
17
4
70
0
20
18
99
48
63
5
38
32
51
36
21
0
2
37
74
33
20
40
30
4
18
34
44
40
6
51
4
80
37
42
22
25
7
67
22
15
86
17
48
9
29
5
16
3
34
17
26
57
6
14
53
43
27
21
19
9
56
10
9
35
0
15
29
45
3
19
97
3
36
86
9
19
10
32
58
42
12
6
17
50
49
68
16
30
4
30
27
24
1
68
8
14
5
12
36
42
24
16
9
18
25
51
19
38
30
24
49
15
40
71
11
27
57
22
19
60
0
22
14
22
8
16
72
5
36
73
16
39
33
40
11
5
14
40
12
56
35
30
13
15
8
4
34
27
23
1
46
6
8
6
41
23
50
3
33
42
42
43
23
29
33
39
38
4
18
7
20
9
52
14
45
20
5
26
9
18
70
54
22
19
20
2
46
45
12
51
21
17
26
26
17
60
3
51
47
38
32
25
8
22
19
81
36
3
28
27
5
19
40
35
19
6
13
22
46
6
37
44
15
8
32
21
14
21
6
42
42
13
4
13
20
13
49
30
3
24
43
2
43
38
6
17
57
3
32
32
64
11
3
26
16
1
9
26
31
28
1
42
41
10
53
26
18
30
39
66
2
33
31
5
25
1
11
0
18
27
29
42
80
17
32
62
26
5
31
34
10
19
17
3
33
5
13
4
46
21
57
5
51
23
1
70
37
1
14
62
6
35
63
17
58
57
5
22
42
27
18
33
34
50
13
4
14
17
15
39
18
20
20
31
22
11
0
22
10
41
84
14
3
21
21
3
15
1
38
16
12
30
34
64
22
14
13
64
41
39
11
27
75
19
25
58
68
24
6
38
19
20
38
12
11
27
33
18
1
9
79
14
11
11
14
24
61
37
30
98
24
33
12
40
28
28
20
10
43
13
16
11
9
13
0
14
51
28
18
27
39
19
8
34
15
30
16
44
40
14
12
4
56
15
6
22
34
9
5
47
24
10
49
14
33
13
39
7
12
26
13
2
46
3
4
11
46
5
14
7
14
42
17
35
50
40
39
20
20
61
17
46
31
66
1
7
4
12
14
24
10
43
11
37
53
65
11
9
11
12
41
30
3
9
25
26
19
9
35
30
17
3
37
25
36
18
26
2
15
7
2
10
56
1
17
2
24
26
42
25
26
22
11
5
43
54
26
3
10
32
23
23
7
43
32
24
0
3
3
2
59
4
23
30
42
30
11
16
4
23
40
4
4
18
10
6
6
10
49
39
21
56
20
7
3
12
44
15
13
4
42
13
45
22
34
14
12
6
27
8
46
70
2
27
42
16
11
9
42
24
28
6
37
37
20
17
3
9
29
12
6
15
11
20
32
2
18
1
16
22
24
51
16
69
10
35
26
49
3
42
24
24
3
18
24
10
10
29
14
7
12
42
31
24
14
7
41
46
15
39
22
16
61
16
23
8
44
1
1
19
30
4
33
6
4
16
18
7
12
3
20
24
18
36
25
32
15
35
3
28
21
18
53
12
14
21
25
34
3
21
29
18
15
31
12
6
21
3
13
30
0
42
26
6
18
11
10
16
3
41
5
3
33
22
31
19
9
11
21
7
17
10
2
7
32
18
0
55
46
45
3
17
4
5
14
7
25
42
32
2
3
17
16
45
0
13
25
4
44
31
28
4
14
13
14
21
30
55
4
8
21
2
10
30
11
12
61
20
4
11
27
14
13
8
12
23
26
24
16
33
9
22
9
11
35
24
4
29
33
6
21
20
7
7
17
7
47
19
19
8
19
22
45
19
8
34
23
39
17
5
50
1
10
9
38
10
34
24
8
25
61
9
69
10
10
3
38
32
8
37
6
17
0
13
22
25
6
4
20
33
35
47
5
15
36
8
16
32
8
35
8
5
15
10
9
22
14
2
1
13
25
21
11
2
31
57
28
19
0
26
6
18
11
52
8
6
27
6
14
20
25
6
28
10
9
9
27
30
27
4
59
7
5
33
5
17
12
23
2
36
41
19
8
24
14
14
2
41
11
27
20
2
4
13
2
24
14
10
26
5
37
12
16
20
6
5
45
4
17
4
8
19
9
5
33
29
17
8
2
15
22
8
1
22
2
31
9
8
15
11
9
21
1
19
2
23
5
25
29
32
9
6
17
10
17
8
20
3
17
2
8
22
7
15
1
7
34
37
26
1
4
7
28
26
19
6
9
25
9
5
24
10
0
42
11
5
38
10
12
61
42
14
17
3
17
10
2
18
16
13
3
11
1
9
5
17
14
17
37
36
8
25
1
3
6
0
6
16
12
30
15
8
1
9
11
8
8
20
2
6
2
16
13
11
14
19
5
10
0
1
1
25
16
31
19
7
26
12
19
7
4
39
7
25
7
4
9
9
21
16
10
3
6
22
0
11
10
18
9
6
15
1
20
10
5
7
3
17
25
8
22
32
9
22
9
28
9
25
3
14
14
15
4
17
10
15
15
10
13
2
1
12
10
7
2
3
14
8
1
23
12
17
21
6
25
26
0
19
17
3
12
6
22
21
0
6
8
22
5
1
20
17
15
8
5
6
16
6
30
26
0
7
16
3
7
12
19
13
11
27
5
8
22
13
16
24
11
18
16
38
13
7
33
5
5
9
5
19
2
7
7
1
11
10
14
5
12
2
25
2
5
7
22
7
17
12
10
12
4
8
19
19
10
22
11
14
5
6
14
1
0
12
0
22
26
12
5
1
9
15
23
22
6
1
26
4
12
13
2
5
1
15
15
2
9
3
11
1
4
17
11
8
11
2
18
4
0
3
15
10
13
17
4
1
10
0
5
5
13
13
0
16
2
16
7
7
1
8
12
3
5
14
3
5
4
5
3
5
9
4
18
7
5
1
5
6
10
6
13
3
8
4
2
5
0
1
3
5
10
13
7
5
2
6
4
2
1
8
2
2
4
2
7
4
6
10
4
16
0
10
4
3
1
2
2
10
1
1
4
0
1
1
1
6
8
1
3
1
1
1
2
1
1
1
3
2
0
2
0
0
1
1
0
