21
18
34
3
5
43
12
19
2
57
37
23
2
61
91
13
28
40
33
15
4
83
48
12
19
25
43
7
4
71
27
14
208
13
24
0
19
4
27
12
43
1
88
6
37
40
85
19
19
9
23
43
15
76
10
46
20
44
4
112
54
51
24
27
27
83
8
132
19
56
10
26
22
25
57
86
48
0
17
57
0
56
26
71
1
11
56
35
45
26
23
74
67
70
124
42
26
69
60
3
46
51
23
64
22
49
31
33
78
65
67
118
119
41
3
29
86
72
52
84
73
120
15
97
4
41
43
46
22
88
26
53
52
70
193
56
106
78
40
7
108
74
21
66
70
18
5
115
90
93
18
36
14
86
97
79
36
20
71
33
129
19
28
95
65
5
151
46
64
22
28
82
83
15
78
82
57
32
58
17
10
2
79
122
16
16
36
37
52
78
89
37
60
70
184
128
34
53
46
11
33
15
47
94
22
29
53
64
35
65
87
72
77
30
61
42
128
125
33
27
102
17
28
61
46
6
18
37
4
83
114
19
135
40
124
13
127
17
87
104
13
125
36
48
21
20
20
66
73
178
52
65
40
42
5
22
107
22
35
53
189
25
25
36
8
87
19
48
1
31
88
19
24
96
69
7
45
3
31
38
51
117
49
15
71
25
67
31
28
82
6
44
65
16
13
82
99
76
1
4
85
40
27
90
10
31
43
25
119
96
46
39
117
42
56
118
100
3
7
91
6
164
96
18
208
38
45
2
72
21
35
79
28
68
46
30
47
48
145
8
123
124
35
37
38
8
28
14
31
106
12
140
18
14
8
4
80
101
89
17
69
39
58
74
36
120
100
28
51
71
21
58
22
27
33
33
26
10
86
63
10
70
76
48
93
10
27
215
33
8
56
23
72
50
46
57
66
13
25
42
99
97
53
17
80
60
34
67
44
13
12
98
62
48
10
6
81
30
26
16
72
92
68
137
141
106
50
44
39
6
16
37
19
45
2
21
112
85
29
5
87
3
20
86
106
8
126
17
30
44
39
56
29
37
113
58
47
13
100
166
20
7
36
10
45
41
33
61
18
74
102
33
6
48
59
15
25
60
1
39
25
5
20
122
39
57
60
33
7
22
124
23
17
21
119
7
22
77
27
79
4
90
8
112
100
18
18
71
80
74
2
29
55
13
51
79
124
30
24
28
60
82
43
74
21
41
60
33
50
130
49
21
35
38
157
85
18
59
37
34
38
21
130
84
104
81
4
87
63
2
32
8
51
14
27
117
66
74
66
44
48
37
10
79
82
11
23
70
0
5
118
37
3
27
48
19
107
40
43
56
3
14
111
42
21
56
131
15
40
72
53
19
61
1
45
147
63
40
70
55
70
49
32
1
12
68
38
50
89
3
94
65
91
61
15
4
80
70
137
165
46
16
41
57
41
43
46
177
73
85
69
1
39
49
66
68
3
50
47
19
67
8
9
101
2
61
7
99
58
2
41
50
16
6
101
5
66
10
37
39
2
76
66
45
50
14
17
24
128
39
132
18
39
52
7
11
69
75
40
73
28
23
59
31
57
86
6
62
25
49
82
22
132
50
125
37
40
96
79
93
60
1
52
100
18
70
17
52
50
115
70
62
24
44
37
36
5
7
229
4
35
28
63
8
62
41
22
37
17
97
69
125
30
17
8
62
103
27
21
26
89
85
55
80
18
8
1
55
49
74
68
80
32
14
14
33
0
27
46
58
40
136
50
29
71
40
96
62
104
34
1
21
62
26
54
3
54
50
37
82
21
84
16
100
45
6
141
70
27
98
22
78
59
17
11
8
77
119
16
16
43
5
154
32
49
167
26
17
34
80
8
30
89
119
44
25
120
75
65
40
25
42
109
6
115
79
52
26
56
83
6
20
16
47
43
59
82
6
14
62
45
24
20
12
59
88
52
35
27
22
59
14
49
55
106
19
8
80
10
150
88
28
60
81
90
49
28
5
79
48
23
4
23
39
59
45
8
46
21
32
6
2
69
59
33
64
36
53
11
16
14
36
54
22
122
80
26
134
27
89
102
23
84
8
2
16
136
100
103
63
27
6
2
53
138
13
36
36
40
19
1
40
50
53
26
35
89
141
43
63
122
3
58
36
43
6
20
11
125
44
5
39
133
61
39
39
121
94
94
45
86
60
108
133
41
25
11
31
56
9
5
70
125
82
68
65
13
60
80
54
76
64
40
14
133
96
19
19
57
65
51
85
1
119
40
13
102
21
18
45
29
27
3
8
148
53
26
30
120
25
60
75
47
7
69
20
17
29
1
59
19
48
41
69
19
50
52
8
71
107
38
43
28
78
64
63
93
30
103
16
21
6
40
140
35
75
28
34
74
34
66
34
12
24
6
49
17
0
20
28
29
78
3
116
12
168
50
38
150
16
101
47
45
4
64
56
104
101
79
17
8
31
129
38
20
68
11
17
59
67
3
76
8
38
14
69
69
41
59
19
154
0
35
63
25
91
52
23
78
60
7
13
53
77
35
130
14
51
27
26
30
15
61
48
15
95
1
4
34
45
48
111
38
10
146
98
34
4
18
49
14
34
33
34
83
50
59
76
11
77
81
52
76
60
86
18
8
154
60
30
49
7
7
23
4
96
93
61
8
12
36
99
21
66
47
60
81
53
17
53
112
62
36
69
46
35
73
100
78
108
21
168
64
58
59
4
78
7
26
6
24
85
136
17
62
8
14
144
21
35
68
79
39
13
162
43
46
72
16
25
35
5
59
20
112
8
21
135
77
22
13
30
50
8
22
48
37
9
0
58
91
27
39
19
7
10
29
20
29
15
41
0
44
4
129
65
83
16
35
75
39
2
52
101
80
43
82
112
54
15
55
94
39
21
82
35
26
28
34
22
15
70
8
2
35
13
38
6
97
53
24
62
27
7
36
73
67
29
17
58
35
59
15
5
54
5
40
22
37
15
61
6
5
159
60
12
118
37
36
18
60
177
22
97
18
3
6
31
49
71
56
42
34
9
41
15
4
78
69
49
38
19
22
88
61
63
37
34
26
72
66
30
49
147
5
68
56
45
25
99
84
11
42
4
39
47
50
61
104
87
89
82
11
85
28
5
18
85
26
35
39
58
69
61
9
36
43
36
3
36
3
89
39
24
44
33
47
12
3
83
96
36
71
85
98
59
25
8
53
62
40
14
85
93
44
12
24
45
8
23
113
44
38
10
36
5
105
45
27
41
62
43
1
12
92
43
30
2
45
66
12
34
23
35
55
42
47
24
83
55
108
57
116
44
35
31
75
28
19
29
54
39
5
65
40
82
90
33
59
6
65
25
24
90
38
45
96
91
89
110
135
35
64
7
25
96
32
132
7
99
98
14
8
51
45
19
21
18
45
22
21
47
26
44
19
94
35
32
76
68
63
13
11
3
73
70
18
4
24
16
19
23
79
66
29
15
59
35
85
0
2
49
5
3
53
10
18
68
27
32
72
7
48
113
20
26
30
18
57
60
28
34
61
23
56
27
69
86
56
133
52
69
82
37
15
53
20
40
15
44
21
145
17
35
15
109
15
122
19
13
83
82
21
41
33
46
2
16
27
3
19
22
41
23
19
62
26
63
41
48
74
25
34
58
109
21
32
20
63
3
30
59
36
19
18
17
18
8
68
57
22
116
76
71
44
19
33
49
4
39
9
41
9
132
117
3
7
40
86
37
30
30
47
143
60
85
63
31
25
137
12
44
49
33
37
63
9
33
58
10
56
66
25
43
46
30
12
12
69
26
12
78
21
100
13
25
17
28
25
56
18
53
63
61
38
60
5
21
86
37
116
19
27
68
5
7
28
58
61
88
34
19
12
15
77
38
1
4
3
16
24
15
67
29
14
43
36
50
35
56
112
21
32
29
106
50
11
6
44
65
1
26
77
65
17
38
2
59
31
48
8
50
63
15
5
40
43
75
29
74
75
27
101
23
8
103
59
51
127
97
44
86
19
111
24
32
17
45
56
20
102
36
26
48
169
7
31
48
23
3
59
86
84
12
37
19
14
20
49
39
54
7
12
24
4
42
14
4
116
85
124
37
76
118
20
84
65
85
14
48
18
9
80
42
19
40
36
25
14
37
57
104
52
12
95
92
70
0
106
15
43
38
36
69
125
22
15
66
115
34
23
5
31
9
70
42
70
39
78
70
47
32
53
4
88
1
36
69
164
43
72
52
103
45
59
33
9
65
53
109
18
54
22
17
13
15
84
109
43
35
40
22
37
7
11
69
38
34
2
48
47
22
63
15
14
47
57
16
60
0
70
33
18
45
40
86
113
7
79
70
40
22
19
70
94
33
24
46
24
9
22
57
44
7
6
3
55
30
63
18
3
24
41
13
115
2
89
51
26
69
4
48
65
112
40
33
72
45
13
165
35
115
11
22
26
27
17
17
31
10
55
2
61
59
138
13
60
10
17
112
50
61
7
44
14
75
35
80
67
34
13
119
12
6
78
5
77
41
36
40
54
4
74
8
37
99
60
4
60
48
38
34
4
30
125
17
45
36
2
14
54
21
8
62
1
23
40
0
64
79
6
63
9
31
33
16
27
135
15
26
62
8
104
46
38
40
10
32
91
66
11
44
36
16
8
15
19
31
35
74
41
88
56
18
13
71
43
19
85
45
33
42
93
51
57
3
26
19
15
32
40
36
12
18
28
11
5
32
23
45
146
6
24
111
10
107
80
32
55
12
4
20
22
3
74
26
44
57
48
67
24
16
26
6
27
42
85
7
20
61
27
62
71
52
19
2
10
115
29
69
10
109
12
81
52
13
21
6
10
49
73
131
58
54
7
122
20
14
34
98
18
11
22
27
25
41
25
22
16
25
60
31
61
87
9
39
60
59
23
17
3
7
34
10
73
61
143
10
2
6
62
14
7
58
30
110
48
20
32
106
56
33
32
66
51
79
143
79
95
97
26
89
3
38
31
37
47
3
11
54
59
7
15
106
66
15
83
26
1
3
17
7
42
46
0
23
5
18
26
29
15
64
11
70
28
3
19
47
43
70
32
71
10
17
125
36
29
6
130
39
83
20
31
78
55
41
100
100
29
30
8
67
42
113
45
37
50
51
113
58
55
100
43
17
35
9
75
20
48
63
68
24
54
45
19
45
96
46
100
4
84
83
22
67
33
178
17
20
65
17
79
21
25
43
21
67
47
63
27
36
38
10
8
5
63
29
7
10
93
14
67
14
8
10
41
12
24
3
59
12
88
77
81
46
39
24
87
100
4
7
11
25
51
43
38
16
34
0
70
2
98
30
21
60
122
63
18
7
51
5
25
51
74
1
24
7
1
36
24
27
27
65
0
38
76
24
24
23
68
39
9
13
20
7
74
91
24
17
129
97
99
88
97
18
33
11
13
48
55
9
4
27
35
78
30
50
11
39
17
18
20
43
35
22
43
14
40
37
78
14
19
38
19
46
18
27
115
1
74
20
59
31
10
10
21
20
30
8
53
7
50
119
79
26
21
31
15
26
28
21
3
106
45
41
65
53
22
11
66
33
4
33
31
19
78
33
54
2
63
45
5
12
68
35
63
38
57
63
56
99
8
6
28
1
6
57
21
35
21
65
31
28
31
29
62
34
64
3
118
25
29
56
7
32
27
32
35
8
93
8
11
27
72
28
63
18
72
74
9
13
52
47
11
38
6
45
21
43
34
17
17
115
16
57
13
32
13
87
9
134
25
2
2
46
40
79
16
12
36
21
5
1
45
1
29
18
84
48
23
88
17
66
17
16
38
5
10
81
20
0
6
58
55
55
114
43
45
21
2
46
23
122
32
21
18
9
37
89
54
44
54
38
16
13
55
4
15
56
24
32
62
33
33
62
50
18
54
8
50
34
36
115
12
77
31
64
39
24
43
56
18
3
52
23
58
8
33
40
45
81
68
92
7
31
34
15
17
51
31
86
8
56
16
40
50
18
25
63
66
10
41
38
57
3
112
45
22
14
2
13
34
56
31
24
2
19
4
18
16
77
34
59
32
104
1
18
39
46
22
80
84
49
52
26
113
35
55
8
37
35
45
22
92
99
10
9
12
1
67
7
19
20
32
35
14
81
9
45
15
29
18
3
39
23
25
35
9
12
0
41
8
21
31
40
22
14
19
61
79
17
91
31
95
99
64
0
23
55
74
13
45
11
9
11
13
29
29
35
28
44
18
54
30
36
7
67
55
14
86
10
20
29
85
22
11
28
22
15
63
27
1
7
25
84
9
9
56
56
11
31
69
58
5
35
10
86
16
26
8
14
10
29
21
47
33
28
15
29
8
41
22
45
20
46
25
1
17
47
22
54
6
56
7
21
87
42
22
7
39
48
47
29
59
8
43
17
31
18
56
17
28
14
18
2
47
9
37
9
4
8
68
22
16
108
3
8
64
11
28
6
25
4
47
32
8
9
63
76
56
29
14
30
38
62
19
58
33
76
68
31
19
22
65
12
12
27
15
49
19
10
16
28
0
23
18
22
90
16
29
29
17
23
28
120
3
18
50
66
42
33
20
9
30
66
59
40
61
1
56
6
35
19
43
60
42
77
26
14
40
22
19
0
43
1
54
73
32
50
33
13
6
16
13
29
67
5
49
21
13
26
25
33
8
5
50
14
24
35
5
11
25
39
18
3
6
26
53
13
6
40
33
26
81
54
50
77
12
27
6
16
14
12
44
20
85
46
51
69
43
1
37
13
13
35
79
38
54
12
23
30
6
60
36
59
44
29
5
36
43
88
22
103
29
1
30
15
115
49
20
26
38
62
73
36
58
33
10
25
36
62
65
16
28
1
20
46
4
30
5
38
17
39
98
13
34
25
50
5
30
90
37
60
26
53
15
53
9
33
77
34
7
6
63
27
64
55
30
13
11
29
48
25
4
12
31
5
42
35
43
37
75
3
12
9
67
70
8
125
20
36
7
52
11
11
45
27
10
24
7
11
13
8
13
6
12
2
7
30
21
32
3
36
18
114
10
27
62
11
63
47
6
27
18
3
9
9
12
16
69
20
19
30
11
16
7
0
73
18
28
39
8
94
108
2
39
12
23
76
1
20
46
57
12
21
16
53
39
21
37
96
1
0
26
2
39
2
50
11
66
18
22
18
13
26
26
44
18
5
10
36
3
15
44
50
8
17
63
33
26
32
3
39
40
38
50
35
8
20
45
19
18
49
25
49
42
14
47
32
29
19
45
3
62
26
22
43
53
71
11
67
43
9
53
52
80
1
53
84
21
19
32
18
108
28
30
62
4
12
37
53
89
68
55
45
99
37
50
9
13
37
82
18
30
41
17
32
9
1
40
11
9
69
34
90
23
71
23
29
8
8
14
35
6
83
53
5
25
68
24
4
28
14
8
6
61
79
66
45
0
2
54
37
47
12
6
39
6
32
26
40
10
9
118
32
12
94
25
51
35
49
13
72
50
56
6
8
6
8
24
30
9
20
37
32
30
45
26
68
35
40
6
28
47
29
39
21
50
13
36
18
53
29
5
26
45
27
30
34
80
40
2
30
19
15
23
38
34
25
75
59
34
9
27
4
98
8
30
8
41
12
7
33
23
25
14
39
30
59
41
29
34
6
22
48
8
50
29
66
27
54
39
98
73
8
30
50
58
33
20
5
21
25
10
34
89
11
40
5
37
37
32
13
7
27
14
23
17
3
44
38
66
41
12
16
15
93
72
26
32
30
33
19
44
42
20
35
49
72
14
9
56
5
39
35
39
4
23
26
68
47
90
36
29
57
83
44
48
7
22
1
28
2
10
38
51
37
39
26
7
13
63
29
25
14
27
9
7
22
44
23
16
3
53
6
40
24
18
48
26
10
17
69
55
1
15
11
9
20
59
18
33
24
47
39
19
23
12
42
91
10
37
42
33
9
19
24
17
66
18
29
7
33
29
61
32
22
13
17
16
19
18
2
22
5
33
24
2
15
19
26
14
56
68
25
24
26
15
16
11
78
4
34
22
52
46
6
37
61
53
29
27
46
24
12
16
18
99
43
4
1
89
42
40
18
8
3
41
31
4
2
20
15
6
40
50
35
39
5
31
31
69
5
20
20
3
10
14
28
36
72
2
60
5
25
61
38
3
47
31
51
16
13
8
20
30
17
39
28
12
23
16
22
43
2
58
50
1
32
30
39
10
38
52
24
36
37
14
6
9
24
5
9
24
43
69
30
30
50
4
44
41
12
25
27
32
32
49
27
57
12
9
13
48
17
3
28
17
5
12
21
22
8
53
35
4
13
18
49
44
29
8
56
23
23
11
2
6
19
53
10
10
24
7
2
17
14
4
25
3
58
18
42
26
3
28
60
42
22
4
56
21
15
55
55
6
11
23
23
45
0
7
52
16
52
7
27
5
20
5
22
24
17
16
30
32
1
12
11
14
5
12
11
39
14
29
8
0
17
4
48
62
6
35
62
1
30
54
13
14
0
10
1
6
54
28
23
24
6
5
3
44
11
60
5
22
65
71
19
3
10
23
9
1
38
7
1
35
6
9
5
1
50
57
12
5
13
11
21
22
4
1
49
18
38
2
25
83
36
80
4
10
16
14
46
65
11
29
43
36
11
34
19
43
10
28
9
1
18
25
10
19
37
5
7
46
7
14
39
25
4
16
6
25
30
10
3
23
8
49
23
21
77
3
34
25
9
18
40
26
50
54
1
30
48
5
7
10
36
42
75
33
14
23
27
37
16
48
24
18
25
29
2
34
10
2
11
4
48
56
19
28
17
54
14
33
10
52
61
16
22
22
5
13
3
15
18
19
31
27
34
22
51
17
8
20
48
18
10
18
28
56
3
13
11
4
32
4
55
62
35
15
5
49
3
37
2
31
33
20
31
9
4
1
8
29
6
10
5
26
2
33
6
27
32
18
19
51
44
7
7
7
19
22
61
18
27
18
3
36
26
7
12
18
23
75
20
28
10
23
49
19
32
7
32
12
14
0
27
29
14
29
1
14
4
17
7
6
4
34
60
7
0
22
68
9
61
8
2
19
20
29
17
52
35
24
7
8
1
5
56
29
18
0
30
25
9
12
10
59
9
1
13
23
33
17
10
69
9
5
38
15
23
28
59
66
15
34
8
38
30
9
30
3
13
24
87
2
17
7
9
25
50
10
8
38
7
17
31
14
35
59
17
16
5
17
22
33
26
36
18
41
5
21
26
10
43
6
21
46
27
30
2
39
46
31
22
29
16
0
12
13
17
14
34
4
6
0
6
32
61
23
15
62
25
36
34
36
35
29
3
27
49
31
7
22
0
8
20
33
3
12
52
46
61
44
8
56
2
14
13
8
9
25
20
12
30
10
4
38
5
14
66
10
12
15
13
23
38
57
12
6
44
19
51
3
37
10
30
17
32
58
21
31
23
17
5
7
47
33
4
18
28
41
23
23
12
20
4
18
29
50
32
29
4
36
23
25
54
8
28
32
2
7
3
11
17
29
30
6
22
23
1
27
9
59
58
14
8
2
35
14
13
9
21
42
20
26
45
9
13
6
9
11
22
7
43
16
11
31
17
43
18
32
1
6
26
57
18
2
37
17
42
13
6
1
43
7
32
18
30
9
26
45
15
19
8
6
10
12
11
16
7
34
3
5
9
5
15
10
20
24
20
14
8
17
30
16
3
13
29
41
4
34
10
18
54
28
23
13
6
10
26
41
20
6
25
11
8
14
1
3
6
12
31
1
13
31
54
12
57
34
25
7
14
5
13
24
2
28
5
14
10
17
36
1
24
24
1
14
8
18
14
3
23
5
10
6
14
39
55
42
13
6
32
13
14
18
0
14
48
5
23
9
49
32
3
15
17
5
9
21
4
25
29
41
24
15
4
22
31
12
39
16
7
4
5
17
4
2
12
3
11
13
17
6
6
7
9
20
29
2
6
23
9
19
23
19
12
46
34
21
3
4
17
10
16
20
43
14
4
7
4
13
6
4
3
18
11
1
16
9
37
1
6
39
22
10
13
4
5
5
24
31
19
24
4
7
1
2
9
36
21
0
3
7
11
16
20
3
4
9
15
22
14
3
32
2
29
44
39
12
8
10
8
4
5
13
10
23
20
14
6
33
2
20
20
29
18
4
18
0
12
37
22
0
4
8
14
24
19
24
12
22
8
13
32
31
25
31
7
21
52
7
20
14
11
13
26
7
7
10
10
8
3
23
20
7
0
30
15
2
11
23
35
13
6
30
9
3
1
15
9
19
27
21
7
12
2
0
11
28
0
2
20
16
16
26
1
19
6
24
2
12
4
5
3
9
9
4
10
4
17
12
14
25
25
1
5
16
24
1
3
5
7
31
15
6
23
7
8
7
1
18
0
7
10
47
7
0
19
25
1
13
5
13
8
23
14
28
11
8
0
3
27
8
10
1
21
27
17
2
2
8
16
25
2
8
1
0
6
6
10
20
1
5
19
7
5
19
1
9
3
16
19
7
25
5
8
2
19
25
10
1
3
5
18
25
19
6
5
9
28
17
0
17
17
6
4
2
23
9
3
7
13
3
1
12
20
2
17
6
2
15
1
26
8
1
1
4
12
0
15
8
15
11
14
7
5
4
5
14
4
17
5
5
15
2
8
17
2
12
20
4
10
10
6
21
22
0
0
7
10
13
17
4
13
0
23
4
9
13
8
1
3
7
25
8
5
20
7
0
8
8
9
3
0
17
2
18
2
7
6
5
0
8
3
8
2
3
7
12
7
6
26
7
11
8
4
8
4
11
2
5
6
2
2
20
10
0
2
5
11
2
16
14
10
3
3
5
4
5
18
8
8
8
5
14
6
9
1
6
3
14
1
5
1
8
6
3
12
7
8
0
2
11
3
5
8
2
1
10
13
6
8
7
1
4
2
5
7
3
3
0
0
2
2
10
1
5
4
2
2
1
1
1
5
1
1
0
0
