16
74
39
59
21
9
58
89
6
63
37
0
28
41
5
2
12
59
6
7
19
0
67
19
21
43
57
70
43
9
69
15
3
4
33
20
15
19
150
22
12
17
35
64
30
37
24
32
28
33
38
163
13
69
5
66
55
21
48
97
53
71
25
65
64
27
16
25
23
3
181
43
69
44
55
58
44
47
73
14
50
69
4
2
60
39
15
74
31
83
15
58
33
56
41
43
96
72
139
151
5
74
17
84
20
46
37
84
64
11
62
5
4
4
34
3
31
27
84
51
26
48
13
123
10
13
94
70
14
27
3
33
187
20
78
70
81
20
21
39
32
61
8
20
104
1
71
104
29
80
16
148
27
43
11
95
51
64
65
93
5
83
58
43
47
93
56
13
65
54
29
144
109
5
3
12
50
44
91
44
56
10
15
64
39
79
86
41
48
36
9
52
2
148
28
125
13
112
40
48
11
0
92
62
67
75
175
60
14
14
43
13
8
51
73
24
52
79
59
46
40
19
22
151
50
120
1
13
28
36
47
32
63
2
22
37
20
55
78
67
71
31
46
38
59
119
25
86
30
37
109
36
23
20
55
36
91
54
122
17
3
18
35
71
19
6
32
77
129
9
139
34
37
35
54
64
51
44
115
41
104
4
41
131
40
162
54
94
39
8
45
10
50
22
83
57
14
31
35
6
81
17
116
14
120
8
60
7
6
130
19
149
40
3
82
35
56
108
136
53
17
14
0
115
41
31
94
65
30
47
89
16
11
82
36
63
44
89
53
32
13
190
78
22
24
42
102
4
81
14
36
59
56
99
13
15
48
20
41
85
28
47
33
95
129
98
49
52
88
33
91
1
18
160
25
29
115
65
54
49
23
159
4
93
50
130
13
36
57
0
64
31
16
163
12
26
96
42
18
52
154
4
34
32
3
6
16
14
16
45
12
33
11
52
32
58
127
21
89
71
8
34
26
7
103
155
14
100
144
25
12
99
90
29
12
42
74
32
53
12
8
11
54
56
23
0
148
30
35
71
32
67
46
4
81
73
127
66
79
147
19
157
12
15
33
56
22
54
27
80
21
96
11
79
43
137
8
40
12
36
154
104
97
31
84
72
14
104
21
42
3
77
52
72
77
69
45
16
27
26
139
7
24
34
59
131
5
12
32
6
116
5
87
62
86
31
76
28
65
97
195
55
73
5
49
189
67
31
23
3
99
67
52
76
54
67
89
64
22
14
116
86
6
47
106
51
84
75
38
23
69
65
49
68
44
59
48
5
82
55
77
20
79
49
14
78
15
97
22
90
4
157
30
110
49
36
26
54
112
90
28
87
44
54
31
1
39
13
68
30
78
55
69
91
93
126
9
63
15
32
25
27
25
2
171
131
71
22
15
120
82
17
88
80
7
2
13
47
148
27
65
80
42
16
25
79
70
80
8
36
20
71
27
19
112
79
57
40
17
60
34
12
10
111
86
64
26
25
79
4
142
44
5
57
75
17
118
16
18
68
18
2
38
81
6
92
70
8
20
5
52
14
26
67
44
64
87
79
47
17
40
121
42
31
61
18
73
54
47
7
43
58
62
41
110
37
135
0
29
10
12
55
109
59
44
57
20
41
41
13
71
110
88
79
111
72
8
12
37
68
46
86
87
49
53
74
2
59
96
13
3
38
146
128
52
61
3
69
25
52
23
101
84
191
94
66
5
5
47
24
25
7
19
27
6
71
14
38
68
5
119
46
84
4
125
49
64
100
106
89
79
37
17
50
19
3
15
6
41
22
92
50
24
129
8
50
12
93
82
6
44
32
27
29
22
18
36
67
13
15
68
51
49
21
4
12
35
188
161
71
87
4
98
66
21
30
49
111
165
29
11
24
37
29
4
61
59
75
18
8
36
26
24
28
62
91
78
21
8
30
21
2
9
137
16
33
42
14
138
48
97
42
25
3
60
94
101
89
87
148
97
8
7
75
56
39
11
124
40
109
22
132
9
109
1
41
92
38
34
20
0
52
34
106
5
56
1
96
85
34
14
121
30
3
45
116
65
37
78
8
60
64
31
39
34
58
140
64
72
55
26
78
61
12
32
11
98
7
1
52
73
46
23
138
30
83
95
74
10
69
36
19
53
77
3
32
4
66
85
28
55
68
70
37
0
51
10
100
26
68
50
9
5
40
56
26
110
21
85
64
58
107
27
5
40
42
24
62
49
52
24
0
192
4
8
64
38
27
40
0
24
14
34
2
54
37
34
60
45
66
30
75
97
61
57
79
41
71
65
158
49
30
58
44
12
29
5
8
46
102
47
84
24
92
40
93
10
33
18
35
95
21
54
84
54
1
57
38
1
76
56
26
30
25
10
13
12
15
50
26
60
22
159
26
55
99
36
50
20
77
30
142
97
38
19
30
56
15
31
12
84
70
77
45
96
87
54
80
3
108
31
45
22
32
36
15
69
29
20
30
47
3
87
90
11
45
76
7
105
96
75
128
17
81
105
63
157
40
19
35
9
29
23
25
22
5
62
10
39
57
5
50
17
72
84
70
2
5
67
17
60
50
59
12
35
6
49
74
47
2
43
65
54
66
6
42
34
45
15
50
2
8
6
43
41
50
76
4
94
0
46
60
34
14
30
23
49
19
12
18
75
86
103
28
6
68
45
97
47
19
35
41
9
111
59
40
42
13
59
45
29
35
14
9
60
72
14
56
39
6
38
37
24
76
35
39
54
111
22
55
13
15
38
46
50
149
114
232
8
0
2
58
18
81
30
0
71
62
21
16
42
7
28
16
191
8
70
29
3
74
8
44
39
19
21
28
86
62
34
59
11
66
34
7
2
16
48
41
8
84
69
49
25
15
26
124
15
2
18
58
37
53
20
9
16
53
56
3
80
40
5
26
62
23
29
32
9
57
11
71
71
0
3
22
63
84
25
9
192
13
64
65
79
47
82
22
25
32
63
48
42
79
1
10
57
42
21
83
40
49
36
109
28
88
21
27
33
2
73
24
34
46
143
23
92
19
83
3
30
63
13
35
77
28
9
43
28
50
7
31
15
22
26
57
24
22
49
56
17
17
54
16
13
1
50
6
55
69
32
10
61
31
26
53
29
79
109
10
66
7
79
37
127
17
14
42
96
46
44
67
39
24
1
6
28
12
2
14
68
17
62
61
44
4
50
36
59
1
23
72
24
18
27
4
57
18
94
54
75
80
8
32
134
42
62
42
6
30
23
27
119
36
59
36
62
64
53
9
90
51
94
18
32
47
14
115
4
68
74
23
150
45
83
41
71
9
51
62
67
1
22
27
57
46
73
13
8
7
21
33
86
19
4
48
50
32
3
37
86
44
36
45
15
35
24
40
15
37
17
2
69
54
26
1
24
19
8
81
78
32
96
31
53
72
36
42
45
81
34
37
42
13
8
17
20
8
36
7
5
128
25
30
75
6
29
70
42
48
45
37
23
20
26
21
24
45
59
2
35
34
27
19
42
77
85
19
3
37
82
73
33
106
9
29
0
127
20
20
19
89
53
68
35
71
1
4
38
12
27
16
20
19
84
53
0
31
4
16
14
123
73
40
11
6
56
60
16
22
58
29
54
106
17
60
113
12
121
8
164
33
6
10
64
34
38
12
20
5
94
137
38
30
31
5
10
13
33
30
63
72
58
43
6
10
42
13
55
73
133
54
5
25
18
33
21
42
22
45
13
28
27
93
1
143
29
35
42
52
80
83
9
103
49
4
15
31
22
54
4
91
73
31
48
1
8
82
109
84
72
73
20
15
26
13
103
36
49
82
34
56
64
34
100
2
48
6
18
8
95
90
28
92
13
62
72
65
2
42
72
101
97
40
52
7
10
32
40
42
38
20
33
26
15
46
62
83
97
8
35
26
40
9
87
36
123
51
93
43
88
9
22
60
78
25
99
22
37
28
45
17
77
1
36
54
34
10
15
44
40
7
61
48
77
17
44
32
10
35
42
40
8
13
22
87
65
24
6
49
64
102
43
62
42
134
33
106
89
3
54
10
54
14
71
109
3
80
58
2
7
65
33
20
79
34
83
69
54
77
27
3
79
26
36
86
15
61
45
111
7
40
45
8
44
5
27
2
51
13
12
5
141
39
0
59
28
70
106
44
33
63
17
5
11
2
173
39
3
6
60
71
26
58
41
17
49
50
25
53
77
35
2
22
5
47
36
88
31
13
106
19
14
11
57
46
42
13
22
9
0
57
50
80
59
53
12
107
17
63
16
116
120
33
45
93
33
28
6
32
65
4
124
21
54
19
2
115
6
0
25
49
107
43
28
20
104
15
157
30
92
62
41
41
83
13
60
36
13
16
51
23
45
47
12
7
20
29
84
30
58
101
47
4
57
70
1
90
84
34
16
1
29
52
78
103
23
0
64
26
3
31
53
12
52
28
43
40
71
74
9
16
5
11
71
42
59
43
17
1
5
64
29
63
35
15
85
26
9
10
35
51
48
37
7
7
148
73
36
17
58
31
6
103
16
62
89
109
49
35
68
138
60
10
24
149
45
41
62
47
13
3
9
41
3
21
61
28
34
63
82
83
10
103
16
61
15
22
27
57
78
13
21
26
22
63
32
3
68
8
114
31
4
49
48
28
13
36
90
6
24
80
71
79
35
62
34
59
45
6
87
55
88
41
161
85
8
63
56
13
20
120
82
38
47
64
5
8
31
28
57
15
12
104
79
14
63
48
48
51
7
54
25
87
16
46
20
55
5
112
84
37
5
30
46
4
97
16
42
11
56
2
80
5
41
52
11
29
53
119
32
0
84
29
64
12
15
2
68
45
14
7
53
32
18
23
69
101
51
17
51
19
67
99
63
2
23
56
86
45
69
26
5
25
99
8
5
79
96
98
29
34
8
63
71
16
1
22
12
14
16
11
14
46
56
88
54
97
20
21
27
67
20
41
9
29
35
92
15
28
95
72
10
25
15
20
81
72
6
17
65
43
38
75
24
51
3
6
60
1
5
26
36
85
19
3
50
32
12
32
6
2
63
32
57
108
52
15
131
17
5
7
2
6
62
50
34
92
15
0
8
71
11
7
73
2
56
76
12
20
30
6
16
56
46
38
25
5
60
21
59
18
17
1
67
25
6
4
16
95
17
49
28
31
7
16
3
3
17
1
55
5
20
11
11
51
31
65
57
37
12
98
49
8
112
30
46
35
40
13
14
52
20
10
80
16
90
8
64
80
25
17
97
73
6
18
27
29
15
141
55
33
27
82
61
126
1
97
37
24
53
1
41
29
59
28
20
41
89
26
34
88
50
138
44
2
37
57
27
15
0
26
40
2
46
5
45
13
39
111
23
0
34
27
137
55
26
10
44
57
32
80
14
6
91
36
94
36
72
2
4
33
14
26
1
22
16
23
10
21
32
72
48
30
51
80
37
26
47
1
25
2
84
2
42
72
35
37
39
43
4
67
45
57
33
69
52
80
41
36
33
46
31
30
19
138
10
15
7
21
69
14
41
39
24
41
16
18
41
68
10
4
10
32
32
66
73
3
57
51
50
33
73
17
19
70
34
23
27
68
74
50
4
69
82
31
28
39
8
13
90
22
46
7
24
71
36
72
58
33
41
3
87
35
84
49
12
2
34
84
51
4
70
94
30
33
7
57
24
8
30
39
45
88
66
11
35
13
17
30
43
4
39
67
77
2
60
34
25
50
57
39
9
31
16
30
16
51
14
35
3
4
15
68
6
30
9
76
14
16
3
79
17
33
79
56
69
18
24
5
30
22
42
29
50
10
31
42
49
25
37
32
98
14
136
14
15
80
64
46
107
50
5
7
76
27
7
47
40
58
78
9
45
47
34
97
19
70
31
14
42
7
8
61
67
11
17
76
24
14
17
70
22
28
28
31
68
81
48
35
52
23
143
60
32
54
5
8
4
32
29
76
27
48
67
93
30
11
68
103
25
47
40
44
40
47
65
11
119
16
4
79
34
57
58
34
38
17
83
124
94
89
8
27
42
59
6
53
24
4
53
46
22
54
61
38
17
37
16
11
60
26
30
1
10
3
8
49
20
36
14
1
71
16
8
32
45
39
74
60
2
53
45
15
7
33
26
32
47
45
68
28
31
61
79
16
30
32
98
41
57
6
7
43
28
36
77
84
59
55
55
11
1
54
55
96
44
42
38
34
99
10
97
17
12
12
49
46
13
63
26
42
67
9
71
21
81
12
53
36
57
168
52
26
35
59
37
51
83
21
57
11
53
82
69
53
12
59
9
18
9
78
57
30
60
25
12
66
8
22
16
18
41
56
4
35
167
41
28
73
48
1
34
11
100
33
1
12
37
65
24
33
13
91
26
9
18
52
27
10
3
19
29
21
66
46
61
36
34
19
60
13
41
20
41
7
66
72
36
32
25
60
18
3
3
44
42
84
27
65
18
29
21
83
17
22
35
44
9
2
48
53
87
42
31
100
39
60
36
24
20
5
37
37
31
11
22
17
73
73
40
23
33
23
68
70
41
40
89
10
19
13
22
4
2
34
30
14
14
29
48
47
7
24
41
85
56
21
28
58
30
64
56
69
17
19
27
17
62
12
61
35
8
53
1
101
27
32
55
13
27
15
37
51
11
80
17
52
43
47
108
23
18
51
63
83
6
34
9
36
3
20
21
55
16
43
19
35
55
94
73
11
44
62
47
7
51
56
27
40
37
61
29
38
48
37
3
20
12
40
9
32
82
13
63
29
13
52
22
21
38
52
50
39
53
107
2
43
75
38
2
17
21
16
16
37
32
14
3
46
3
7
9
118
31
35
23
29
18
41
69
23
90
31
1
89
3
67
19
5
50
51
27
1
64
27
55
10
80
23
8
97
82
104
24
8
6
27
4
13
13
76
30
69
76
49
25
26
28
64
12
2
8
50
26
42
43
4
17
6
4
14
13
81
4
64
54
42
13
32
31
60
1
3
33
5
17
20
20
81
32
5
36
16
48
103
19
21
95
62
3
60
44
24
36
46
6
101
9
94
28
25
65
36
53
31
39
12
55
26
25
34
32
5
41
15
91
54
20
46
9
41
8
17
33
22
28
21
19
47
10
21
17
152
46
11
13
3
36
89
74
41
46
29
63
31
7
12
5
48
64
26
59
17
102
18
4
30
23
50
29
81
74
85
20
31
20
52
4
19
32
79
45
40
8
46
9
9
21
12
64
53
48
32
5
60
14
18
33
94
43
32
44
32
52
21
18
27
28
3
32
21
80
3
14
7
48
85
50
41
35
1
14
5
21
30
13
6
62
43
15
26
28
15
10
68
0
4
42
25
83
54
40
63
14
18
64
10
6
72
36
20
9
29
25
35
47
34
41
22
13
22
12
56
58
23
45
6
47
66
47
60
10
20
24
77
79
39
22
14
7
15
4
59
1
1
6
28
37
60
55
24
66
51
14
65
42
4
26
23
72
11
23
35
28
57
29
14
72
42
36
61
8
5
48
46
35
40
2
23
15
8
47
64
52
20
10
1
51
52
1
25
74
82
85
18
39
16
44
6
46
71
33
0
59
45
54
36
11
69
4
10
63
36
28
48
9
89
15
25
33
42
33
53
33
5
5
41
47
12
24
3
5
39
35
65
2
30
30
13
4
16
9
19
8
71
24
57
3
70
50
28
33
19
34
36
25
47
15
50
31
1
93
14
3
47
31
36
3
19
17
23
15
14
10
33
25
3
63
59
22
26
43
1
33
17
12
19
17
18
1
11
63
5
17
39
53
56
17
58
36
78
17
47
22
1
7
39
81
53
16
28
36
23
15
22
0
24
8
16
8
35
1
27
15
35
14
13
59
65
22
28
38
27
42
41
13
0
73
4
18
36
7
3
5
30
28
17
13
25
36
81
46
2
23
18
48
39
2
15
4
39
35
32
100
70
17
1
10
54
16
42
18
8
11
52
31
26
31
39
29
13
7
11
0
6
36
16
94
19
8
38
13
51
20
38
16
10
66
3
43
53
87
15
35
85
41
40
13
31
49
10
6
23
5
70
83
32
44
69
15
13
2
36
56
21
16
30
37
12
10
16
33
66
30
21
15
9
25
54
48
11
68
22
69
52
2
50
28
3
47
26
6
55
28
24
6
41
78
22
21
15
2
15
47
69
13
16
53
21
62
10
17
6
36
5
30
9
15
0
35
9
28
41
14
46
56
62
15
36
21
4
4
19
22
20
44
3
23
13
64
37
24
34
20
34
29
55
20
5
14
24
20
14
15
49
25
1
24
67
30
16
15
21
11
24
7
9
73
20
21
38
12
11
17
32
10
9
9
20
15
11
46
2
52
41
30
18
25
31
1
39
54
15
55
28
25
9
46
68
96
17
9
15
6
67
5
13
4
2
49
3
18
15
15
38
58
12
21
2
24
48
73
41
16
9
7
21
36
4
32
97
53
110
17
11
15
34
16
7
29
58
41
1
9
39
24
8
17
33
87
50
73
49
7
13
13
18
0
17
3
39
4
26
64
0
84
58
46
4
11
53
45
16
19
25
43
30
8
1
13
25
30
8
13
70
20
64
2
9
45
31
31
12
17
57
5
60
38
9
16
38
40
13
79
10
18
36
19
29
7
2
20
3
32
2
21
43
7
25
21
1
21
8
23
100
47
3
41
76
52
32
32
63
11
18
6
3
26
49
5
38
9
48
26
80
2
23
12
57
19
31
26
22
5
0
27
36
26
16
1
47
14
4
8
13
15
2
65
50
4
67
9
1
18
14
1
42
24
21
55
3
41
29
12
10
28
25
21
18
2
13
76
8
23
3
39
63
13
53
29
28
24
19
9
37
4
8
11
6
18
52
12
8
20
55
34
31
8
2
44
3
104
7
42
32
4
3
41
2
40
0
12
32
18
46
17
43
17
4
60
32
9
1
4
6
5
7
3
18
21
3
20
16
27
2
2
48
18
18
24
23
16
52
32
5
28
26
45
16
14
15
61
7
3
14
41
18
16
32
2
66
72
54
37
10
7
11
12
40
21
12
19
7
24
15
22
10
10
10
36
2
24
61
21
11
0
29
6
18
3
1
5
15
13
20
11
25
28
6
27
24
46
27
2
21
6
7
53
8
21
8
8
9
32
3
28
40
24
25
8
2
29
24
14
12
44
18
12
16
2
27
1
19
31
10
35
26
49
4
62
17
25
4
35
38
10
9
4
6
1
45
19
23
13
10
6
28
3
1
37
23
37
26
38
5
33
10
0
25
3
5
51
8
5
31
15
21
6
15
21
22
28
59
18
7
23
23
13
4
37
4
29
13
39
17
29
58
20
1
39
9
14
4
37
43
32
27
3
17
8
29
8
8
6
15
19
1
10
13
16
31
37
23
14
40
12
2
9
21
24
8
34
29
7
20
15
1
16
24
21
28
34
19
47
37
22
5
25
11
7
50
17
14
31
15
27
26
3
64
27
5
22
15
15
14
6
23
25
28
40
54
23
23
3
29
30
3
21
5
16
28
96
8
4
17
54
22
43
40
8
44
37
21
36
8
18
3
10
13
19
28
13
9
32
24
1
12
48
10
25
3
6
2
5
10
8
53
7
3
19
16
44
46
3
12
16
6
36
22
19
8
17
5
7
17
46
42
10
21
18
11
30
18
10
11
44
19
5
5
2
6
10
33
1
5
25
16
27
6
43
35
14
9
6
15
28
28
22
2
38
7
54
31
10
30
13
30
9
12
12
63
41
49
5
35
3
12
59
20
23
6
17
7
13
7
19
24
16
40
3
8
1
11
15
37
4
29
2
35
45
4
25
0
17
47
14
19
18
11
2
25
8
24
10
39
1
3
24
17
44
20
27
16
11
19
9
43
35
2
18
12
24
8
9
7
18
4
19
16
17
12
6
21
39
3
7
11
41
14
12
2
21
3
27
11
22
22
12
7
12
2
43
26
32
20
33
7
9
18
40
31
10
6
34
6
28
2
13
8
12
2
5
38
8
5
39
20
39
37
2
34
32
11
6
26
26
13
37
3
9
8
11
9
14
61
14
10
36
8
12
37
36
4
14
25
17
14
7
24
1
6
10
13
10
39
20
11
11
13
19
17
0
10
14
10
7
0
19
7
18
15
3
4
8
3
15
21
15
20
19
11
39
30
6
30
19
17
3
30
12
16
5
23
0
11
7
17
33
18
40
35
19
0
4
7
7
33
19
20
28
15
16
5
43
21
2
1
17
24
8
1
27
27
17
3
2
10
22
18
20
17
1
4
12
4
6
14
46
4
10
18
3
46
3
38
11
8
20
13
17
30
1
44
0
20
8
23
26
15
9
9
8
7
9
40
7
9
14
20
4
6
2
7
14
10
22
11
7
4
5
5
4
10
16
22
7
11
3
4
26
30
5
2
14
4
35
0
8
15
28
14
6
9
3
4
4
6
1
1
9
10
1
8
10
3
10
5
10
2
9
2
14
31
21
15
6
0
6
5
3
23
9
19
11
13
14
11
13
5
21
11
4
1
9
13
9
2
8
2
11
21
11
17
11
9
3
5
5
22
14
18
13
6
14
18
6
0
11
10
25
14
1
15
1
20
29
17
12
15
4
8
6
15
18
1
4
13
8
12
7
14
23
6
2
17
10
9
4
12
7
9
10
1
4
14
2
21
3
6
5
3
7
0
4
9
6
8
11
21
8
5
4
16
7
11
6
0
15
10
5
14
9
16
13
12
25
3
6
2
17
1
2
8
2
8
13
2
8
19
12
9
4
4
6
4
9
5
6
1
5
6
12
9
13
11
0
2
2
6
11
3
2
0
4
0
3
4
2
7
4
19
3
12
0
8
3
5
5
10
21
1
5
3
6
8
5
9
7
2
6
1
7
11
1
7
1
3
10
9
2
2
2
9
2
8
2
2
5
0
6
1
5
7
6
1
5
8
4
2
2
6
1
4
3
1
2
5
1
2
6
0
1
1
4
9
1
1
1
1
1
2
