4
81
15
54
17
1
12
5
65
88
16
12
5
28
12
14
8
16
80
39
28
11
3
29
24
19
16
19
41
14
15
124
48
132
11
32
25
9
16
51
29
4
2
97
30
59
7
44
18
0
41
19
128
62
46
11
3
91
38
43
16
19
22
8
25
125
130
2
5
120
41
11
30
21
19
71
49
3
65
24
6
13
7
94
62
43
1
39
37
10
123
69
72
17
55
12
10
14
6
94
100
20
55
64
43
58
75
114
46
14
66
67
74
34
39
121
45
10
40
14
85
1
86
89
24
6
80
2
103
42
5
128
15
14
0
15
86
79
7
36
4
91
17
29
71
73
24
16
59
115
114
16
1
45
11
113
32
108
49
10
54
9
12
50
7
64
88
111
24
18
114
107
55
70
6
26
41
65
24
102
1
15
27
58
7
81
62
65
9
5
72
52
123
66
12
12
58
54
59
1
44
7
16
80
88
33
74
74
78
14
92
151
13
47
30
80
95
14
7
169
4
95
36
38
35
114
27
1
8
88
1
89
33
14
146
42
10
2
34
34
125
31
49
11
70
64
107
85
35
37
86
20
49
45
81
29
57
68
66
15
4
51
64
46
19
128
24
132
7
173
40
110
77
164
26
73
38
65
48
153
44
38
77
24
82
13
10
7
54
18
57
122
37
28
85
43
4
15
95
78
51
5
32
109
141
55
17
44
9
2
4
74
37
23
6
88
58
85
66
79
35
61
15
56
76
16
63
32
112
42
1
56
20
25
53
35
87
26
81
41
24
18
56
55
14
60
15
28
43
60
56
7
114
1
29
32
123
19
98
31
76
92
53
84
32
8
88
63
99
171
126
73
137
100
77
25
107
20
57
37
107
210
72
88
73
67
46
7
118
70
14
20
4
19
58
5
27
22
83
31
15
24
37
76
50
29
129
74
39
23
160
4
16
49
70
43
123
86
29
2
85
75
8
45
93
80
179
66
33
2
70
46
24
85
81
118
112
119
0
47
36
33
143
53
1
102
163
91
99
146
14
2
13
3
83
23
28
54
40
157
138
94
1
68
60
87
13
116
35
18
125
1
167
51
54
20
75
80
50
29
73
57
2
46
51
12
60
50
46
98
46
81
87
1
15
104
50
65
9
111
4
0
39
91
34
100
15
39
87
201
28
41
6
42
85
46
50
76
43
52
32
72
68
21
38
42
16
65
56
4
103
26
72
137
76
113
88
2
70
16
8
56
52
22
29
41
54
146
36
23
7
20
26
34
136
105
47
70
2
42
38
63
19
15
5
37
16
80
24
139
151
48
45
60
25
65
93
13
64
18
36
23
76
67
8
73
27
19
63
82
98
185
29
19
50
96
33
230
123
45
30
67
82
43
0
66
39
41
75
136
65
22
59
12
0
94
158
37
151
40
162
33
0
11
29
50
39
110
65
60
4
14
8
45
29
26
26
26
119
21
3
10
40
136
10
50
31
77
2
29
73
101
10
16
55
23
40
23
25
164
92
93
62
22
70
11
26
44
72
69
21
43
11
2
26
20
17
108
80
48
14
29
25
123
154
43
43
49
27
66
9
41
66
0
13
83
59
55
31
20
72
24
59
97
12
3
7
99
6
53
44
52
14
28
40
57
107
69
34
84
16
23
3
123
116
52
1
84
70
93
16
79
59
15
55
58
17
42
20
3
113
134
39
52
21
23
60
50
44
29
121
56
29
97
113
62
39
34
1
2
73
73
90
98
38
44
7
27
25
34
29
0
73
91
52
20
71
58
21
67
35
48
77
18
83
20
122
4
84
31
78
60
51
39
44
45
9
91
20
44
113
59
35
37
126
9
23
70
33
90
92
2
61
74
56
15
0
41
10
173
2
8
107
26
83
45
36
25
35
65
3
56
62
64
46
67
2
11
42
3
84
17
20
47
32
78
54
12
123
1
101
33
27
9
69
31
109
25
55
20
85
57
17
24
70
9
7
28
64
25
62
155
29
52
23
155
84
14
148
60
70
23
98
78
5
61
100
22
28
37
32
11
132
26
1
53
12
53
19
33
102
59
4
71
61
17
34
80
34
16
14
25
5
15
62
33
26
80
50
44
0
66
30
44
32
7
43
64
25
9
69
20
131
6
46
86
24
22
20
18
30
32
57
20
39
4
15
49
42
95
22
24
74
9
77
74
2
46
166
128
27
5
46
12
29
73
0
118
21
32
77
34
53
10
20
34
100
63
141
122
80
128
33
14
3
68
92
53
1
34
52
8
57
20
63
112
1
35
68
59
44
120
77
37
44
38
12
95
80
52
4
69
59
7
145
30
23
51
36
2
13
17
40
63
102
47
16
25
7
31
66
63
37
106
91
51
64
78
38
61
53
15
33
99
10
29
84
18
39
2
4
35
90
3
80
113
33
61
18
5
47
42
35
7
154
64
81
143
5
110
1
43
117
32
38
179
14
0
97
100
46
109
79
33
17
6
93
89
40
14
15
87
109
43
4
56
13
62
3
91
12
175
47
22
12
6
52
46
71
48
40
84
101
9
59
5
9
9
24
95
6
99
89
5
11
142
23
17
109
141
115
72
108
37
2
50
68
131
93
57
68
39
20
33
85
55
134
2
10
65
33
1
82
189
56
56
9
24
80
10
116
25
78
145
63
54
27
19
191
83
27
142
102
76
43
69
44
3
10
17
17
40
108
68
108
62
75
6
42
69
51
90
20
95
59
44
13
34
36
35
12
16
46
180
85
65
27
32
16
7
57
82
20
28
14
40
16
35
41
29
53
36
35
3
20
11
55
72
34
66
101
54
39
30
53
84
65
28
12
85
103
19
37
21
60
105
29
19
29
50
49
60
10
126
166
29
41
58
42
57
65
54
15
20
18
0
100
13
38
40
3
31
55
54
51
54
72
93
29
26
11
9
26
30
24
60
68
60
26
36
45
29
13
59
42
92
0
31
28
28
108
31
96
39
18
92
135
65
73
121
11
8
2
11
3
3
25
17
21
159
34
23
39
55
79
59
35
38
65
131
91
21
38
46
48
1
50
49
8
121
12
106
95
10
15
15
76
41
79
71
67
125
67
70
21
58
152
5
10
8
63
28
15
17
33
27
49
62
41
29
47
21
92
86
76
90
130
30
55
65
18
55
26
14
86
58
19
9
25
32
15
113
166
56
76
34
55
6
53
11
80
78
36
108
27
102
34
56
114
45
52
56
63
22
35
56
74
51
54
19
18
25
30
54
0
41
14
31
57
55
28
20
43
90
61
54
41
3
96
26
57
56
55
63
4
69
40
31
45
21
70
10
43
87
122
37
31
85
48
122
89
1
13
8
49
27
46
42
137
40
56
19
2
116
48
63
31
83
36
26
22
40
42
8
91
40
30
15
30
42
89
28
21
24
5
5
106
93
4
38
29
20
16
43
45
36
32
28
25
60
61
0
55
10
2
46
7
46
119
33
14
54
23
26
47
27
29
39
5
97
95
5
25
6
38
3
63
39
45
0
24
113
6
8
9
8
62
41
16
110
4
42
8
62
24
22
26
1
7
50
41
73
48
34
19
46
51
60
53
33
8
14
44
95
131
65
3
72
43
10
10
15
129
87
37
96
0
55
34
8
29
112
20
48
103
39
95
23
48
30
118
19
4
79
10
37
62
34
10
10
76
52
33
29
71
28
59
39
40
47
12
41
69
20
21
13
22
5
43
38
20
50
62
6
17
113
36
35
69
23
108
74
99
26
15
53
15
1
73
57
3
47
5
22
71
37
1
77
22
52
65
37
51
0
78
45
67
77
38
139
5
2
18
96
39
22
2
54
5
41
28
12
19
136
142
34
44
77
26
56
66
31
16
5
54
6
24
107
14
28
131
41
6
82
90
49
31
75
86
22
28
67
99
35
86
9
4
99
38
52
54
2
30
86
26
30
100
48
13
34
76
67
96
29
66
16
49
59
7
39
32
9
65
44
21
70
31
17
1
15
17
27
17
20
58
54
4
87
16
23
11
16
53
87
2
121
2
16
25
73
27
54
33
20
66
94
37
13
60
74
57
5
10
25
9
32
2
100
22
9
1
36
76
9
27
38
68
83
22
81
172
100
13
7
1
51
21
26
40
69
18
59
53
43
38
47
57
65
53
58
6
75
111
22
27
58
1
98
74
41
13
71
14
26
62
24
52
78
136
15
59
62
20
56
5
27
6
56
44
51
62
58
50
109
12
25
50
36
58
110
7
62
51
58
28
33
19
72
37
48
144
48
78
44
60
22
12
43
4
78
5
45
55
29
35
91
9
22
54
2
26
33
14
17
127
80
53
40
35
125
1
51
13
91
10
38
45
26
11
15
30
91
77
82
59
15
37
56
77
5
19
100
120
30
81
90
30
32
17
22
47
2
12
101
51
67
18
1
87
49
4
23
13
6
38
21
46
25
38
50
29
60
13
4
42
30
74
49
86
8
25
24
25
5
33
81
18
21
18
21
8
66
31
50
13
115
87
3
74
73
36
16
86
88
38
85
16
76
75
26
32
62
56
3
3
14
55
4
30
16
67
31
33
33
76
36
4
47
2
134
103
82
5
36
46
44
49
6
1
41
17
70
33
73
4
27
52
37
13
27
51
99
83
45
54
34
32
8
69
37
26
3
8
35
39
2
15
34
58
21
32
11
19
106
69
5
56
28
57
40
33
7
22
16
50
57
54
116
116
36
61
3
7
66
70
62
27
113
23
31
67
22
9
7
157
72
55
12
17
36
5
19
46
54
10
2
70
83
13
7
18
8
72
5
17
63
24
46
50
82
53
53
55
30
36
24
8
24
74
35
12
66
66
50
38
100
24
65
47
23
52
39
23
59
74
16
24
8
34
18
63
8
88
20
6
45
19
19
37
87
20
37
80
27
90
82
34
41
36
11
41
14
26
14
70
29
46
3
89
28
53
144
114
43
41
52
29
65
104
0
53
47
51
18
52
56
106
45
99
14
4
13
29
27
13
15
68
21
36
4
13
25
22
38
39
48
73
5
68
48
41
18
22
54
31
112
22
91
18
12
21
25
33
1
43
69
25
44
24
46
19
65
23
19
36
5
38
20
32
51
94
65
38
54
8
57
97
30
3
9
124
39
142
93
24
70
121
3
12
24
13
5
2
16
41
4
95
6
56
2
7
5
51
47
40
10
91
18
50
37
30
32
14
21
4
61
161
25
23
21
22
42
30
5
13
47
29
20
27
27
109
34
92
55
91
16
1
45
61
10
91
26
15
43
56
26
47
16
18
28
45
13
29
7
30
41
19
30
55
90
37
42
55
12
21
85
49
102
18
20
63
91
19
60
49
50
6
38
71
12
10
67
29
101
26
92
18
81
32
37
29
32
12
23
72
21
34
64
9
49
34
53
102
20
33
35
82
56
149
29
58
63
43
7
9
2
31
13
26
62
40
6
28
103
23
37
96
35
36
17
16
2
25
32
18
10
5
35
10
61
18
56
24
24
112
26
31
2
41
61
92
24
84
67
9
6
103
1
50
82
2
5
106
31
33
23
57
60
70
18
30
28
37
61
21
67
22
22
57
22
21
82
31
0
30
1
51
2
6
110
17
14
23
10
109
27
21
39
31
12
22
65
9
12
50
15
36
5
18
17
16
26
80
15
36
150
3
69
18
13
25
42
33
28
43
4
39
13
16
53
22
1
21
9
38
5
93
1
70
57
6
52
41
36
1
56
102
26
4
71
26
9
72
7
29
37
15
45
59
25
14
73
19
14
6
23
38
32
69
73
98
55
1
14
48
42
29
52
47
138
18
29
12
21
32
7
18
64
49
10
101
20
13
37
13
20
22
52
92
25
98
11
36
12
35
28
44
52
43
31
21
46
48
45
34
23
9
93
21
25
85
54
33
18
0
30
6
37
34
54
30
23
46
6
6
46
38
39
55
5
5
12
42
70
51
24
24
65
46
35
65
15
50
8
60
22
99
6
2
23
96
45
36
16
41
67
27
82
5
13
28
56
33
77
133
29
12
54
31
70
65
128
107
40
123
11
80
2
21
17
2
143
63
15
34
48
144
8
44
27
32
93
5
14
43
6
38
21
8
18
91
3
60
8
46
108
15
10
0
82
1
21
24
96
97
142
39
48
13
26
38
6
89
64
63
79
84
32
10
4
127
23
111
16
21
34
20
25
19
15
38
72
30
91
121
2
9
37
13
14
6
74
8
24
82
48
11
127
32
89
29
41
39
12
17
23
38
19
92
75
26
3
29
24
17
9
40
7
43
8
16
51
39
32
22
131
2
7
7
31
76
15
10
24
62
43
13
23
16
12
92
74
68
52
68
83
7
30
1
17
43
37
7
19
71
86
15
59
16
50
78
52
36
11
35
20
28
42
14
76
15
5
34
55
49
3
3
58
97
74
0
24
1
15
19
18
57
24
16
56
25
45
23
80
22
54
64
17
36
14
52
26
35
3
18
75
16
0
43
69
31
53
90
58
7
31
38
38
1
20
58
31
24
59
55
14
24
44
20
23
3
91
7
50
17
17
49
43
24
38
35
11
53
70
17
43
63
10
5
15
8
57
42
14
25
8
65
32
12
14
29
32
8
2
72
27
37
20
32
61
4
23
55
13
12
21
8
1
36
99
18
31
17
17
19
26
101
5
53
16
30
53
7
49
74
69
32
54
9
23
28
15
98
19
6
28
18
27
21
5
9
30
46
44
8
44
15
33
3
79
22
18
52
2
9
35
67
57
13
84
5
7
25
1
13
5
18
54
41
4
46
5
13
77
17
4
46
11
8
3
65
80
57
72
66
18
25
42
2
11
15
1
14
7
50
2
39
41
40
50
53
8
31
48
51
30
21
17
87
1
46
52
58
7
15
108
16
4
56
26
33
71
42
35
29
47
8
21
52
4
68
29
31
108
8
67
7
7
10
47
28
3
66
59
42
62
39
10
72
16
47
26
26
92
43
8
37
39
115
32
64
24
48
69
26
67
25
57
28
24
30
10
24
40
92
12
33
50
28
64
7
18
6
3
53
18
8
26
47
53
26
6
63
4
15
35
31
45
39
76
38
55
13
35
1
17
6
25
26
34
18
0
9
16
4
11
18
48
11
28
15
6
17
69
23
30
7
63
44
24
11
43
15
4
37
40
17
66
39
13
43
60
55
56
7
55
2
5
82
23
77
13
6
4
29
5
33
63
78
45
85
3
6
9
5
14
83
36
25
47
11
2
36
32
30
39
38
24
38
43
14
16
21
23
36
3
6
9
10
27
34
32
42
13
63
26
32
3
79
25
11
38
20
26
35
19
80
37
10
0
48
37
26
11
80
34
21
30
34
62
35
11
7
9
18
64
41
117
16
43
14
4
31
43
16
16
32
61
9
72
34
10
1
28
9
84
33
16
6
24
10
18
15
3
47
29
65
21
4
55
37
16
49
17
12
47
5
50
38
60
45
6
54
69
11
103
8
44
5
25
16
25
12
40
102
6
20
0
7
14
10
58
12
5
68
38
21
5
26
2
0
2
18
56
6
22
50
21
87
17
70
36
25
6
8
13
49
28
11
24
62
42
50
15
8
15
3
9
24
12
33
53
3
74
59
42
21
32
27
75
2
85
63
9
10
36
28
16
40
24
8
39
16
14
12
5
26
18
7
10
17
20
14
79
9
33
34
21
78
8
43
70
29
91
50
18
12
17
13
17
4
6
45
72
44
29
43
18
44
9
37
13
79
2
25
6
42
14
53
7
25
33
10
7
42
2
6
11
17
12
9
12
3
14
45
58
24
23
11
51
16
1
36
27
22
10
26
6
6
16
24
76
61
9
55
26
5
12
68
9
27
56
31
55
54
20
7
14
20
86
22
2
44
18
6
19
23
41
98
22
41
14
48
3
30
5
8
24
25
33
13
8
25
29
31
12
22
13
73
17
63
23
24
7
12
23
2
58
6
19
58
26
7
31
36
28
79
16
29
43
42
15
16
35
22
44
26
94
9
37
15
34
23
23
11
31
43
17
3
56
23
10
40
5
30
19
35
12
36
1
48
6
15
1
50
71
25
22
24
0
33
31
64
63
24
26
33
23
34
58
16
42
15
5
48
55
15
18
11
37
37
7
29
22
52
16
46
53
41
38
18
16
21
7
32
46
3
1
14
12
7
17
36
3
6
2
2
24
105
0
22
12
17
2
41
18
29
14
33
39
0
3
28
32
64
48
15
37
21
36
64
19
16
23
0
2
17
92
75
19
11
23
12
26
14
8
32
36
31
24
40
82
31
17
35
16
12
50
12
12
50
6
12
2
16
12
27
5
16
99
8
11
13
38
1
27
21
28
44
37
62
6
26
55
12
42
21
38
58
22
31
4
26
6
36
54
48
41
75
6
37
46
2
11
23
4
10
31
51
29
18
30
12
24
46
14
49
33
1
31
50
18
24
32
64
66
12
25
4
43
50
8
14
2
46
15
21
25
18
33
4
2
26
42
9
28
21
31
41
28
24
2
7
11
17
3
27
23
7
5
32
1
9
12
32
25
42
31
32
10
24
49
31
7
15
42
8
54
30
51
8
40
6
84
23
70
4
30
26
36
62
8
35
28
31
28
1
4
24
30
6
36
37
22
27
7
22
8
90
1
9
21
57
25
9
14
32
39
7
56
6
33
25
32
21
51
42
23
9
47
13
9
35
47
64
48
2
11
42
52
10
1
1
34
20
26
42
47
46
33
29
42
28
23
3
48
5
11
32
22
10
68
55
16
56
32
12
7
9
38
34
27
6
24
5
27
58
14
0
33
52
18
24
70
36
50
21
2
16
34
9
34
4
20
3
16
22
7
27
52
13
5
3
16
27
30
11
24
16
13
10
33
12
51
43
7
1
37
32
9
34
9
21
24
7
11
17
43
46
35
25
17
43
5
16
19
20
9
69
86
12
8
19
33
30
24
20
38
57
29
1
11
22
6
13
16
0
23
39
42
33
9
8
19
102
31
13
6
26
32
3
69
19
20
16
31
17
32
9
19
33
40
42
16
3
7
2
32
23
5
22
8
8
15
9
2
25
30
92
4
11
13
7
23
3
30
27
35
8
49
47
11
11
45
1
28
15
21
6
8
54
44
31
33
10
12
33
3
42
34
79
11
38
17
7
33
7
13
44
50
12
31
38
5
10
0
25
30
4
6
2
18
39
26
50
7
51
16
16
16
26
15
37
5
28
33
48
36
8
5
61
14
7
4
13
25
40
30
27
14
38
32
43
16
6
37
10
25
25
9
31
39
23
61
13
25
36
11
14
19
2
4
37
48
21
17
22
51
41
3
38
16
77
12
8
62
81
31
24
8
9
11
11
53
17
2
34
40
28
14
1
7
5
13
49
41
25
11
52
12
5
28
21
24
26
37
41
62
13
1
5
19
16
5
38
38
3
5
1
10
36
14
22
31
3
42
39
11
6
55
10
37
13
12
16
38
34
33
4
14
8
23
1
4
0
10
7
44
10
2
9
24
20
6
1
7
42
31
27
7
75
12
38
8
36
1
7
15
6
16
6
8
27
15
12
27
5
47
33
46
28
20
14
4
7
5
24
31
35
42
29
29
26
42
34
18
12
0
5
10
5
13
39
57
26
29
34
17
1
30
5
1
37
12
2
19
1
12
25
36
3
12
20
23
18
13
2
9
4
4
8
6
39
8
30
43
6
20
17
9
24
10
3
17
2
2
25
14
14
23
56
24
41
7
34
11
0
17
30
6
35
20
24
14
1
0
14
12
14
1
9
18
14
0
4
8
6
27
6
18
4
26
41
17
15
10
16
28
11
3
10
9
7
2
0
24
34
18
10
9
15
14
4
36
4
56
14
3
23
16
1
7
29
1
5
13
20
0
4
34
18
16
11
25
3
4
13
1
12
6
29
9
29
4
28
22
4
6
4
1
6
15
24
38
7
14
10
1
10
38
0
9
28
15
6
20
18
9
5
5
5
2
17
14
17
16
2
2
24
14
0
7
4
1
4
4
14
25
56
1
41
20
3
23
26
11
2
20
6
13
29
18
34
1
27
10
3
48
0
48
18
13
2
10
8
23
23
22
8
44
19
2
26
40
22
20
5
9
20
5
3
18
22
7
1
4
37
17
31
2
10
9
1
4
49
18
7
2
8
8
8
14
12
19
4
4
18
2
11
31
8
0
8
9
14
22
6
16
19
2
4
25
35
7
49
1
17
18
8
17
1
16
22
15
11
4
9
20
6
14
32
8
1
38
4
28
14
13
10
1
2
41
10
19
41
24
7
4
26
0
10
10
24
12
18
9
16
3
33
16
5
14
16
34
2
18
7
0
16
8
14
24
20
3
21
5
30
23
33
9
13
8
31
15
26
28
5
7
9
28
22
7
6
2
13
2
10
8
3
3
10
7
28
8
17
34
19
18
1
5
30
4
18
8
13
8
14
1
12
9
30
7
22
12
16
9
7
7
3
7
19
7
5
16
35
6
15
3
5
36
14
5
13
5
14
14
4
8
9
17
5
20
5
17
6
22
4
20
25
4
8
14
23
13
10
1
10
0
14
16
8
25
14
1
22
10
28
13
4
14
2
20
21
14
8
7
9
8
27
10
7
11
19
12
19
13
8
10
7
15
3
5
8
14
14
4
12
0
8
8
11
13
10
16
0
11
0
15
18
7
9
16
4
11
1
5
2
3
8
6
7
5
5
9
10
6
4
18
8
10
3
6
14
10
25
7
9
7
8
1
5
6
2
12
15
19
15
5
5
0
29
3
13
3
6
1
13
1
6
13
3
20
17
1
14
9
9
4
8
0
19
4
10
5
8
16
6
1
2
2
6
10
6
15
11
4
5
8
8
6
2
6
8
0
21
9
5
0
5
12
6
11
1
1
1
1
6
2
2
4
11
7
4
2
6
1
1
6
11
7
1
1
1
3
3
3
1
3
4
0
6
4
5
5
1
1
5
1
6
0
3
1
1
3
1
2
2
2
2
1
