1
85
34
59
5
89
24
24
132
74
145
6
4
26
1
29
30
17
61
8
40
54
4
93
18
8
43
74
21
26
9
27
24
43
43
10
34
30
16
73
34
6
22
2
59
21
26
33
36
39
27
48
91
35
3
6
46
13
83
32
35
13
40
83
143
136
30
63
123
6
42
56
152
23
23
39
47
37
45
5
56
20
63
172
16
47
16
2
12
63
203
57
21
32
67
3
86
8
65
48
19
22
2
71
53
39
32
42
134
2
51
74
24
63
61
90
43
59
40
8
85
116
45
8
56
37
33
42
72
19
69
49
43
12
2
36
138
90
32
130
13
10
14
38
101
67
10
26
18
56
32
150
133
1
20
5
31
63
50
17
27
81
27
18
53
113
9
119
85
52
95
100
26
81
10
72
16
40
84
25
78
50
50
40
94
46
102
47
28
36
126
32
47
58
1
158
70
63
15
53
28
10
7
46
47
146
84
139
59
110
11
37
42
5
27
10
54
46
106
14
110
26
26
40
100
87
117
55
1
184
0
9
13
48
22
63
22
2
2
1
27
154
93
41
37
33
71
16
6
67
85
51
56
20
39
67
40
57
27
51
34
60
51
95
47
94
16
48
11
149
73
92
94
35
84
16
38
164
58
160
75
6
5
80
100
87
15
80
69
160
51
23
66
12
39
57
90
149
54
113
25
21
13
63
4
103
8
3
13
67
67
105
76
27
58
9
74
8
46
16
22
37
154
64
32
20
34
66
6
6
24
42
6
26
46
9
147
33
35
79
31
16
8
32
47
135
32
114
58
22
24
5
74
16
88
39
9
16
181
63
34
126
59
26
170
37
94
19
39
86
22
30
31
26
7
62
3
59
20
80
43
90
56
110
125
99
77
44
18
61
65
48
72
117
18
75
26
133
47
10
29
7
55
35
43
10
23
76
31
13
6
63
33
8
168
32
53
83
136
8
81
10
53
12
5
40
86
22
79
49
3
33
50
62
65
106
7
70
22
9
29
41
98
58
53
17
54
33
169
39
16
77
10
33
51
24
3
15
53
19
28
10
97
66
49
53
56
104
26
44
89
78
19
0
68
31
51
76
44
55
91
64
76
27
100
32
16
6
99
99
8
41
41
30
34
163
60
6
75
33
60
42
14
51
18
143
88
85
81
99
43
21
54
45
60
0
50
61
17
39
43
0
111
9
92
22
11
12
82
32
15
59
59
17
4
67
21
43
61
50
78
64
44
26
74
32
98
20
24
61
94
89
8
45
15
14
122
46
73
25
35
7
58
51
3
6
28
3
13
7
122
42
133
21
48
40
4
9
47
62
24
39
80
80
21
69
80
98
33
7
30
62
44
38
149
50
45
23
79
40
66
22
17
49
44
129
42
74
59
63
25
10
15
16
42
4
153
50
3
83
124
78
9
14
78
18
40
69
21
17
48
139
66
40
2
45
22
32
39
89
24
25
37
5
61
23
16
77
39
10
52
45
87
42
37
12
44
31
96
84
12
160
52
98
18
19
110
25
3
149
58
23
140
12
14
48
19
45
137
87
7
40
15
36
3
95
62
17
57
94
19
66
23
76
7
115
56
22
79
51
4
85
27
80
7
20
51
44
81
54
40
45
20
50
48
7
65
41
32
18
3
5
14
47
80
91
53
40
60
19
10
29
49
0
51
122
97
109
6
65
90
44
82
53
17
32
2
26
8
56
72
62
23
6
36
82
50
14
33
59
22
13
8
64
11
78
37
96
26
62
80
152
0
40
47
65
50
74
56
121
72
98
8
23
64
30
8
52
5
31
9
77
0
76
82
90
13
10
13
8
16
7
53
5
90
59
17
58
32
68
80
84
29
19
67
45
48
30
3
34
18
26
20
28
65
45
226
105
11
35
55
129
5
98
98
10
156
28
55
66
4
59
53
75
45
16
72
20
20
44
0
35
40
76
38
67
68
28
23
17
55
5
52
99
1
38
6
50
137
23
68
12
116
125
14
17
52
59
4
2
81
59
67
45
100
120
56
34
4
89
41
11
12
107
49
24
85
96
61
7
61
25
14
1
42
61
19
5
121
109
31
61
53
22
37
22
97
18
20
93
22
20
11
72
58
33
39
12
55
23
36
117
58
109
10
63
100
17
17
68
87
12
1
65
17
49
38
150
13
42
34
76
94
15
43
74
59
107
94
8
59
27
92
40
133
15
13
22
46
115
87
15
85
102
42
86
12
15
4
27
9
23
8
4
45
50
96
37
81
125
21
132
10
16
26
1
36
87
69
22
85
109
19
7
3
7
36
43
34
28
56
15
25
2
28
30
66
84
27
159
107
46
120
53
77
68
32
28
3
15
84
55
39
60
17
60
5
59
108
17
25
41
17
35
40
49
39
61
43
75
5
64
55
44
83
146
100
56
5
26
84
175
86
96
65
78
27
98
5
124
132
74
2
89
53
6
27
15
16
31
83
13
7
39
148
20
72
54
85
80
31
96
34
3
28
44
79
149
137
136
38
78
55
69
52
86
18
3
71
79
123
22
49
19
35
102
39
36
96
1
60
43
17
84
53
4
32
27
25
35
76
109
16
21
28
58
35
43
19
3
12
120
52
42
61
117
15
98
75
21
63
3
78
23
12
115
22
85
78
63
12
23
39
100
11
86
87
49
56
2
15
96
61
21
31
98
85
38
80
60
40
41
64
58
38
76
69
50
109
97
0
28
70
11
37
4
44
28
16
75
83
56
28
27
166
80
25
33
31
110
28
32
125
5
64
172
33
48
21
33
109
18
54
33
61
34
96
24
126
73
79
71
21
23
13
28
40
63
50
44
14
14
21
45
0
53
18
69
0
104
100
42
10
106
30
39
59
59
10
14
76
44
127
41
80
18
8
22
22
61
81
31
8
101
59
11
30
51
69
17
11
61
44
36
84
9
25
38
16
36
150
100
74
17
7
83
47
20
27
99
2
32
26
51
73
53
77
42
92
30
83
122
55
25
105
22
44
36
21
61
0
34
10
34
86
48
79
18
18
2
13
18
98
63
22
29
2
29
25
32
19
59
50
6
133
69
70
34
27
6
16
6
28
26
46
61
131
26
59
54
110
1
56
26
82
24
76
53
35
141
67
14
77
98
39
122
22
79
39
14
19
30
46
77
27
5
75
22
16
31
8
19
74
70
96
88
4
137
4
69
4
31
23
33
87
40
140
41
66
77
9
27
25
60
25
35
30
11
49
24
66
48
43
83
55
59
66
49
77
75
80
18
39
46
58
40
28
1
41
155
105
13
11
86
7
33
52
95
47
25
20
42
93
29
2
40
46
19
23
73
6
109
93
40
76
39
5
77
120
11
83
37
7
46
78
53
91
53
37
113
51
55
52
77
12
44
79
43
61
110
1
25
28
34
39
32
78
28
45
52
35
6
95
73
75
93
3
32
40
9
17
8
34
59
31
68
117
23
22
6
34
47
11
59
135
33
30
4
47
31
18
10
32
112
53
1
27
71
81
30
55
97
54
38
91
6
0
16
68
71
5
52
83
16
76
79
38
16
4
2
28
6
83
46
95
32
25
53
36
36
162
12
30
20
68
12
79
7
83
71
52
119
37
31
22
77
25
16
66
84
147
80
33
33
120
70
49
64
13
59
76
155
10
3
86
29
29
81
16
7
36
65
29
72
64
29
59
79
40
149
36
85
60
27
44
124
66
10
105
88
61
24
51
44
110
34
23
42
99
24
59
11
5
62
37
36
3
7
38
23
11
65
62
37
22
25
40
31
22
10
26
28
101
97
10
62
44
23
73
104
28
8
2
69
57
15
47
46
23
115
85
54
99
20
16
18
38
4
35
8
71
45
37
75
30
37
108
7
70
0
49
72
36
82
2
73
42
9
22
46
8
88
148
35
3
62
30
28
5
53
81
36
85
44
121
13
69
125
41
27
5
19
11
84
18
13
43
10
57
39
8
2
35
3
40
61
60
121
27
125
5
46
1
70
49
44
79
26
96
1
7
13
43
24
23
57
119
2
45
44
76
11
77
14
149
9
136
43
68
46
70
17
11
36
69
22
43
7
9
70
30
21
65
67
40
87
4
69
12
90
9
61
75
27
12
105
43
26
19
47
81
64
22
29
83
9
15
11
98
71
10
12
10
3
22
10
30
19
10
15
45
26
63
78
47
43
2
17
9
67
15
10
38
77
3
61
82
24
84
39
128
34
4
84
13
55
26
93
22
63
89
21
4
74
15
21
40
68
22
4
13
110
42
103
31
50
58
61
24
122
32
44
32
134
73
20
55
39
91
7
9
103
43
34
52
74
57
18
132
10
14
48
64
0
3
4
71
52
4
39
27
88
73
50
8
51
111
16
31
8
47
22
26
30
68
49
5
21
36
15
2
8
60
8
65
16
38
31
16
22
2
52
52
85
29
58
16
17
31
82
66
35
5
92
60
27
11
89
11
61
5
10
67
63
4
101
48
46
67
72
13
128
28
114
24
5
47
41
58
18
4
68
63
43
53
55
5
21
71
17
82
33
58
35
19
82
7
10
74
9
9
38
46
147
34
17
44
5
2
43
11
15
28
105
40
3
64
32
65
57
34
34
2
7
5
9
79
95
116
63
35
62
19
41
39
53
31
97
4
15
75
21
48
76
40
63
40
126
35
43
31
45
50
5
67
44
75
24
45
16
25
65
21
4
97
88
51
51
80
26
21
14
12
1
26
14
1
2
35
1
77
49
37
14
59
22
74
48
31
51
4
87
78
16
7
47
24
1
23
16
17
10
55
21
23
46
33
61
64
17
39
55
29
49
12
98
38
26
48
35
25
46
25
17
18
36
129
1
23
48
19
8
28
110
76
82
68
4
49
36
6
4
30
33
38
56
21
50
46
42
26
37
6
15
61
58
14
41
61
15
20
61
36
8
11
29
29
34
3
45
102
134
95
23
5
41
14
45
59
58
27
52
139
2
21
23
29
19
2
4
19
3
53
70
34
59
44
49
14
9
66
71
62
39
37
31
70
86
3
14
19
68
78
13
48
50
61
28
3
16
41
29
3
67
48
66
8
133
6
29
31
54
39
50
1
26
27
80
103
50
64
11
70
67
4
26
37
2
13
25
30
50
67
5
23
83
0
102
39
16
39
2
35
11
11
68
63
47
36
38
70
69
14
1
84
63
85
27
35
37
43
75
128
43
14
10
14
21
86
43
51
66
38
11
3
49
18
58
17
4
20
55
91
35
66
41
60
60
6
105
59
64
73
2
45
16
43
19
58
17
33
52
6
35
27
111
27
53
59
37
2
25
17
6
37
4
95
93
76
26
46
97
69
39
20
17
129
96
51
86
44
1
81
35
43
6
2
35
58
75
9
65
24
18
27
5
1
10
59
53
113
107
47
32
16
67
33
4
15
41
26
33
2
13
93
8
100
113
19
12
39
61
40
31
82
18
5
40
74
55
90
25
10
29
34
63
38
49
33
73
25
7
40
78
10
6
20
22
32
11
10
17
37
18
77
47
15
2
39
15
2
14
40
1
34
33
74
40
45
1
13
18
23
45
1
59
51
68
114
71
5
72
11
83
71
52
50
27
5
56
124
13
47
75
63
7
28
4
39
23
4
26
23
47
55
45
97
122
31
11
16
8
63
21
29
29
74
45
77
65
28
25
10
33
54
43
39
22
13
110
79
31
41
94
41
31
46
24
80
26
2
8
46
18
14
23
48
25
31
25
17
20
24
17
62
43
40
15
107
37
79
40
51
58
33
16
14
4
60
59
61
68
19
20
51
73
6
30
38
80
41
17
3
48
14
15
63
66
59
42
23
37
41
52
75
7
78
79
19
64
45
25
26
34
58
53
79
16
25
36
62
51
53
54
51
30
30
55
55
93
48
45
16
28
12
44
29
3
69
23
13
2
21
54
29
43
52
48
21
20
47
37
24
21
31
3
59
62
49
73
73
63
3
79
24
24
10
13
23
1
26
20
16
41
21
84
51
13
62
48
48
75
56
41
37
37
65
24
38
21
71
3
46
12
2
38
88
17
3
13
29
31
41
23
21
5
9
65
3
12
44
70
149
88
21
55
98
3
88
39
2
10
33
14
60
29
18
107
64
24
10
47
42
16
43
22
113
21
45
30
27
11
34
39
6
35
10
7
61
47
15
20
58
24
48
66
43
10
12
41
37
18
34
96
13
1
25
83
40
36
53
3
18
25
26
12
30
47
64
95
10
6
47
88
22
45
40
83
7
35
56
16
47
86
18
33
13
18
59
47
16
41
36
10
74
8
59
94
20
23
6
12
39
44
29
10
24
5
13
10
121
48
25
9
47
23
51
69
17
76
41
26
91
4
31
4
44
14
11
28
18
42
139
57
31
6
10
34
11
19
71
40
21
5
1
77
22
22
64
35
40
65
44
9
6
45
33
35
6
6
18
5
42
56
61
17
28
79
22
60
59
61
13
30
40
98
9
102
2
48
26
7
19
20
44
76
9
6
5
35
51
22
28
15
29
10
36
12
9
19
24
18
29
52
7
30
56
28
26
14
54
67
84
41
36
15
9
4
83
55
2
30
31
46
61
23
30
12
41
25
10
14
39
19
6
47
12
4
0
3
2
51
17
17
38
2
10
81
18
21
40
30
25
80
42
43
76
20
60
20
30
22
16
2
38
21
4
68
27
42
23
1
56
64
34
60
41
3
28
20
43
3
6
86
9
11
2
28
66
17
22
39
2
36
9
93
21
61
83
40
72
52
20
52
88
16
45
35
16
55
24
10
78
61
69
28
34
23
17
18
34
28
27
2
74
60
16
44
65
46
23
13
14
20
74
4
39
25
11
39
51
46
26
13
42
7
55
11
22
35
30
46
75
39
5
64
61
12
70
14
3
42
40
47
1
61
66
38
8
111
58
11
24
106
76
28
7
16
78
42
9
24
73
24
51
70
9
56
48
10
16
42
12
23
20
39
2
87
21
31
11
48
18
37
28
16
6
34
65
20
24
1
66
3
35
0
32
50
5
7
69
83
35
59
15
16
33
14
8
23
89
57
73
66
7
25
28
8
14
74
28
56
5
56
19
38
66
65
44
52
1
48
10
35
4
24
60
30
7
21
29
33
69
37
5
13
0
42
17
70
53
8
66
22
6
68
32
85
7
50
41
44
16
19
10
10
16
31
34
91
78
19
55
12
21
49
7
36
30
4
60
29
11
12
82
74
29
51
24
14
17
33
8
112
54
20
26
64
4
47
29
63
26
70
41
24
15
7
3
10
36
25
46
9
49
47
4
3
37
1
23
65
9
6
11
25
71
43
41
57
26
43
93
36
10
58
6
10
36
66
2
49
21
4
28
72
20
2
7
24
22
45
43
25
12
67
31
17
61
33
6
65
10
16
32
51
32
9
26
127
17
0
31
39
30
56
8
26
21
10
41
43
24
26
49
4
25
45
23
0
31
9
55
57
38
14
17
52
23
60
33
62
35
3
13
21
64
27
46
26
1
9
28
7
22
20
83
29
23
23
52
1
81
41
16
9
20
12
29
19
53
17
69
13
19
10
24
10
49
38
11
14
35
9
46
60
44
8
25
81
13
23
41
13
16
63
6
39
30
29
21
13
36
72
17
7
1
19
30
41
89
27
39
121
26
40
4
31
7
23
14
76
14
10
33
16
42
18
21
32
24
6
49
26
18
7
17
56
37
43
27
38
3
75
68
29
56
11
66
26
37
21
9
3
17
40
71
13
18
35
28
26
11
107
33
25
0
14
41
23
33
27
55
20
45
11
54
36
59
46
52
71
23
8
26
23
16
28
40
29
2
28
27
7
51
11
1
73
36
81
22
44
12
13
21
25
24
33
2
31
9
24
86
6
37
6
12
70
96
39
24
35
53
19
19
37
18
12
49
24
45
66
59
9
5
20
46
32
59
49
4
28
31
48
28
5
38
21
19
8
7
8
20
32
65
16
9
8
21
25
57
5
27
2
18
48
33
4
42
18
29
51
11
42
36
46
18
23
21
4
53
25
18
22
8
7
9
14
29
13
3
8
52
62
1
9
41
11
46
7
23
34
6
8
44
53
6
45
85
35
9
1
52
31
6
35
0
25
28
15
12
9
74
11
18
28
22
48
58
10
35
5
13
24
17
39
67
33
57
11
27
23
45
16
6
10
30
14
42
42
21
11
45
24
3
16
54
3
11
34
7
35
19
46
77
27
26
24
27
19
21
44
63
70
38
11
16
46
37
57
8
15
25
27
5
61
33
25
7
26
22
33
8
41
13
29
6
14
15
6
15
96
2
10
25
11
8
23
25
36
16
9
18
8
43
33
15
5
37
50
22
7
10
77
6
24
27
19
22
10
8
2
11
10
54
30
8
3
38
42
13
28
12
50
8
11
44
69
19
31
25
23
16
43
23
7
11
4
8
30
4
24
26
6
18
48
26
21
15
25
17
50
14
48
2
83
8
4
33
8
1
23
73
31
21
48
43
30
21
27
13
41
22
33
18
7
49
39
20
5
42
19
3
3
8
46
14
21
36
6
10
29
52
12
16
75
11
6
27
3
15
8
28
25
19
15
41
5
45
52
35
23
29
35
7
84
29
19
38
56
3
70
29
46
53
26
26
47
31
10
55
17
17
47
21
31
11
39
23
5
14
5
30
28
1
13
12
16
17
35
10
10
47
35
30
16
8
46
20
26
7
19
2
36
26
20
77
30
39
18
19
41
5
58
9
8
44
25
10
6
4
30
19
24
30
23
40
27
45
19
9
47
8
24
21
26
3
66
32
33
7
18
30
53
6
75
12
54
26
16
4
26
15
18
17
45
59
4
50
36
8
25
36
44
21
39
47
28
23
0
34
9
23
25
12
1
48
30
22
16
36
10
3
28
41
3
1
18
56
8
9
1
42
71
19
1
25
23
4
48
41
2
53
31
2
10
14
33
30
16
8
7
54
29
17
15
52
32
25
7
19
63
34
55
66
34
16
1
18
1
40
15
53
24
26
3
32
4
28
17
0
36
25
54
21
13
1
14
28
11
19
38
34
9
6
5
7
22
5
27
14
38
35
10
12
36
15
27
15
50
21
47
58
39
40
66
10
41
15
13
40
61
2
22
27
18
72
16
74
8
15
29
4
56
24
22
14
29
3
45
28
1
27
54
17
8
8
25
45
1
1
10
56
25
22
17
37
29
11
15
8
21
27
7
21
12
27
4
25
5
7
25
1
1
12
8
15
22
34
8
1
16
2
16
46
40
49
13
43
12
28
22
42
26
2
20
20
39
35
4
10
6
19
10
45
11
5
42
21
5
10
7
7
33
23
9
1
37
9
16
32
24
34
20
15
32
16
8
4
33
28
20
24
20
25
22
22
13
30
8
3
28
42
64
7
13
8
32
14
32
10
25
24
38
29
43
5
35
17
4
33
38
12
38
10
1
36
19
40
34
49
6
6
15
9
12
33
53
34
11
38
51
7
34
39
9
48
19
17
7
30
5
5
12
17
11
33
44
28
26
3
15
22
17
5
2
21
12
44
7
21
26
48
46
23
11
22
45
13
6
10
14
8
1
26
23
2
34
10
32
38
19
11
22
24
2
36
22
1
25
4
5
7
4
19
26
20
5
2
4
7
17
6
33
14
10
38
33
12
16
17
24
8
0
19
11
24
8
17
3
36
3
0
14
62
3
7
7
15
17
15
7
1
10
20
34
34
8
28
33
15
10
20
6
2
1
6
30
5
17
26
3
11
24
14
23
0
27
19
2
11
2
12
16
18
30
24
38
24
13
10
8
17
8
13
12
5
2
5
5
13
9
5
15
1
39
47
26
28
23
7
6
14
35
20
7
0
3
19
3
12
7
7
50
40
14
1
16
5
26
2
40
9
14
19
8
22
16
51
3
27
34
18
22
1
5
4
5
13
11
11
19
17
23
23
19
2
2
4
20
36
24
11
7
17
18
18
19
9
60
38
8
26
18
8
28
67
1
14
45
27
2
16
21
12
26
55
34
21
26
16
9
6
29
4
10
39
13
18
6
12
52
15
9
36
20
33
2
9
43
39
21
1
12
3
5
2
39
12
23
23
36
27
17
21
1
14
25
5
17
4
19
13
6
11
3
10
18
1
10
21
25
20
25
8
7
19
5
31
31
2
22
5
3
24
7
5
1
25
21
1
33
33
14
0
30
20
25
15
25
4
4
17
8
4
17
16
2
47
35
9
27
3
7
3
9
23
37
20
15
22
19
12
11
3
12
3
22
14
3
26
13
33
5
2
4
6
34
9
10
17
8
11
8
6
24
11
8
27
31
16
12
11
7
9
36
25
7
19
7
22
18
11
5
20
4
30
4
17
11
8
27
0
13
19
27
2
19
38
14
10
10
1
4
2
20
3
28
19
1
23
4
16
2
0
5
11
20
11
33
22
3
6
15
23
21
5
9
9
13
9
31
10
21
8
5
13
20
40
4
1
10
4
18
30
11
13
13
8
5
6
20
20
0
1
1
8
34
1
16
7
5
12
6
19
15
5
45
10
6
5
1
20
38
6
19
32
33
14
20
3
1
3
13
11
15
2
8
10
15
11
4
33
14
13
16
6
1
9
9
14
4
4
20
5
8
18
7
8
16
34
0
21
7
5
12
13
11
5
23
5
4
2
2
10
4
6
5
3
11
15
7
1
10
13
1
10
14
12
11
3
2
10
2
14
5
2
11
12
2
12
2
17
5
12
18
25
1
4
13
7
20
5
0
3
6
11
3
15
11
5
13
14
1
11
20
17
2
11
9
1
4
13
7
26
17
10
9
6
2
2
3
9
9
7
5
18
9
7
9
3
2
5
13
3
4
9
9
4
3
5
18
4
3
22
14
1
1
3
6
9
2
3
4
0
8
7
18
0
7
10
9
10
7
4
3
5
2
1
2
4
5
8
9
14
3
3
6
4
6
7
7
3
2
7
7
7
1
5
7
1
4
8
1
8
5
3
3
9
2
1
3
0
4
0
0
3
1
0
0
