43
111
38
3
13
26
51
12
39
5
51
7
0
24
14
12
5
18
9
63
82
8
10
42
191
26
232
25
71
25
29
50
10
16
138
35
28
1
22
39
54
36
9
120
24
22
16
31
35
84
43
5
49
33
56
152
45
7
34
203
95
5
96
10
8
39
95
33
137
93
114
32
84
30
33
23
74
47
35
52
15
33
88
25
40
22
110
12
41
41
19
6
85
4
58
46
9
77
10
32
9
7
26
93
14
41
10
52
17
35
56
49
86
7
10
33
7
108
113
24
61
48
137
37
44
69
67
31
43
168
15
13
63
11
25
35
88
16
72
107
74
30
15
23
4
9
93
75
29
31
67
4
46
137
37
63
48
142
21
28
9
8
120
118
29
62
32
13
30
31
59
18
33
27
153
43
39
64
21
3
54
156
4
0
71
122
27
37
104
46
92
34
82
44
9
116
32
9
56
79
61
26
34
27
73
135
36
77
93
138
33
38
18
85
62
4
4
17
42
29
27
5
1
17
32
6
111
30
40
84
55
60
14
51
44
112
131
4
35
61
2
50
106
112
6
20
69
111
63
21
59
52
50
19
126
15
36
48
13
15
3
32
32
6
16
37
47
41
32
68
103
33
99
22
42
47
81
32
31
93
26
14
133
41
64
77
22
14
79
206
10
41
123
104
58
12
2
38
23
13
54
10
79
9
126
21
24
59
83
8
74
105
53
29
12
49
127
12
85
111
87
69
26
4
61
50
14
28
3
138
20
20
61
66
85
170
37
72
62
42
95
41
22
64
10
32
5
2
20
40
70
26
43
7
44
39
46
1
44
15
54
60
16
30
3
100
10
46
112
81
6
28
20
69
22
16
25
119
21
41
30
45
94
119
125
78
99
18
126
110
19
71
78
30
30
13
21
89
11
146
33
56
2
88
81
11
23
9
28
8
92
34
109
43
35
39
24
50
80
80
34
58
47
30
124
55
96
74
0
2
4
6
45
11
101
66
58
33
73
53
60
54
63
12
32
43
12
32
17
11
60
12
171
25
13
166
1
89
9
71
5
32
54
4
18
43
47
36
25
40
34
9
75
80
20
57
5
4
64
93
122
75
28
85
95
52
75
47
22
77
16
17
54
22
89
72
33
36
52
52
27
33
48
22
20
40
58
0
7
81
125
100
198
26
82
18
50
17
13
120
56
177
10
35
34
50
18
70
0
11
73
31
4
82
60
30
49
52
47
127
10
0
9
31
69
19
17
23
31
52
27
48
46
35
34
107
98
26
38
4
11
44
25
44
35
79
9
65
40
26
0
2
62
101
56
1
43
78
1
30
33
61
16
34
30
84
18
34
105
29
13
81
95
47
146
5
144
63
14
51
26
44
177
30
124
53
88
45
73
48
29
17
21
54
25
8
16
175
64
27
78
142
140
63
64
33
50
96
47
140
21
43
33
7
2
57
79
8
63
6
49
46
33
43
38
20
61
52
24
48
4
41
73
60
7
33
62
19
38
18
12
148
124
115
27
83
15
89
27
58
38
94
21
99
37
38
12
89
0
26
79
125
47
78
35
56
36
37
21
79
67
97
172
37
67
10
31
37
4
120
27
121
23
34
82
2
51
23
92
98
116
71
133
38
128
69
123
82
98
2
66
10
18
61
112
23
59
28
60
19
23
100
41
20
22
82
4
78
24
65
57
44
99
94
60
61
8
65
43
49
24
129
31
34
42
32
101
59
11
44
14
45
92
72
54
60
17
57
11
62
26
41
25
110
95
24
30
97
83
22
41
166
112
65
101
212
22
11
45
51
36
20
47
62
52
134
101
20
127
64
65
13
0
21
16
12
70
98
2
119
157
53
50
53
94
62
67
96
0
92
47
27
46
33
91
55
120
66
116
0
49
36
86
9
140
46
45
12
15
72
10
18
85
21
79
70
14
107
2
2
97
24
11
10
45
77
16
105
35
83
32
21
60
27
93
21
21
70
11
32
87
66
104
123
53
46
60
64
42
17
37
81
28
22
122
121
122
21
3
55
73
40
26
102
1
43
14
117
20
78
66
9
33
52
35
138
110
31
56
7
40
19
42
69
87
41
41
13
3
81
136
38
64
104
94
8
17
41
57
96
85
52
23
87
39
9
38
6
2
10
82
55
62
2
13
42
56
67
62
75
73
78
50
69
32
78
16
34
24
22
41
33
9
63
27
133
24
12
39
80
65
13
60
22
16
135
50
104
43
17
19
125
58
11
92
78
70
17
36
9
55
77
17
178
69
78
18
1
110
11
15
77
70
97
77
78
65
78
82
14
65
20
19
12
9
69
38
62
19
25
91
50
4
5
36
66
60
15
102
30
34
56
132
38
33
83
80
48
52
79
56
0
17
23
56
7
103
4
8
3
7
40
21
46
80
150
13
8
16
67
39
42
66
91
67
11
18
68
26
23
130
18
59
125
62
26
18
83
1
23
77
47
22
51
23
103
31
26
101
27
121
107
50
54
51
32
12
61
9
7
24
49
52
16
63
4
16
151
160
17
44
43
106
140
84
1
18
31
30
37
3
59
126
117
98
2
20
80
190
129
90
12
37
81
91
16
171
50
6
47
15
61
33
66
27
12
31
77
6
52
34
14
20
2
47
127
4
4
37
32
16
3
12
70
79
62
46
150
27
14
41
14
60
8
25
142
71
26
22
78
72
22
129
7
44
151
102
48
20
42
26
26
0
45
101
66
26
8
54
19
35
44
35
40
41
100
50
82
2
43
89
46
31
14
37
27
38
64
36
11
125
16
33
4
30
58
5
51
140
32
57
108
94
154
2
31
140
99
143
93
95
10
1
26
57
83
44
23
27
96
29
28
8
14
8
44
49
2
54
83
64
68
3
48
41
12
1
18
56
36
42
42
59
0
11
47
27
80
29
13
31
55
11
59
91
106
15
11
29
103
4
75
10
64
114
2
34
35
66
93
70
69
54
148
40
41
6
8
5
5
90
20
22
54
4
10
34
65
57
85
38
15
48
4
50
54
7
67
101
31
152
50
19
83
78
7
28
28
42
34
56
54
62
4
185
29
13
6
43
30
2
28
70
9
40
47
36
18
17
18
39
27
7
17
33
16
34
9
118
59
97
23
2
33
122
11
104
53
110
45
57
33
16
51
1
65
59
5
16
18
30
54
86
87
50
62
35
6
18
61
43
12
121
10
15
14
47
13
71
34
6
4
89
70
51
115
61
77
17
133
11
9
123
25
7
26
42
9
57
81
96
20
89
13
47
8
71
28
50
36
21
21
37
78
29
4
73
26
58
14
26
55
72
24
71
52
14
76
60
81
106
2
27
48
96
104
57
32
73
9
4
70
1
26
49
21
26
18
30
47
42
31
27
11
136
57
7
29
91
42
26
23
8
57
7
5
4
99
72
29
90
123
84
47
18
51
77
7
69
69
13
52
60
10
73
10
11
22
39
59
24
100
40
84
30
20
46
14
60
8
21
97
3
15
17
3
70
102
47
98
82
37
58
73
111
27
35
47
79
126
16
31
46
40
19
8
6
59
87
62
20
3
12
17
34
25
13
69
1
57
132
12
4
65
117
41
25
16
41
96
87
130
27
70
19
116
34
8
64
36
33
24
1
64
52
20
8
8
24
56
6
98
88
69
70
37
52
58
108
2
39
43
32
87
59
38
77
54
42
11
59
19
63
12
51
41
41
91
1
97
17
13
96
16
24
1
13
41
24
56
56
36
51
13
6
12
15
6
92
37
53
84
60
40
94
35
5
13
57
89
15
79
1
107
16
25
7
66
13
70
106
3
2
19
16
77
12
70
20
25
85
38
14
4
122
71
33
110
0
25
53
88
36
51
10
26
28
40
22
34
12
50
107
24
10
46
25
8
54
12
40
21
23
5
10
34
3
12
108
82
11
4
30
6
44
93
21
164
7
65
106
49
24
23
79
36
221
14
7
56
37
43
15
1
98
111
17
44
62
72
40
50
14
47
49
35
70
63
33
29
36
7
76
48
62
33
22
35
7
55
11
11
40
32
21
38
89
3
49
0
50
55
43
7
16
63
40
44
16
61
33
36
54
77
16
66
73
47
65
63
31
76
19
11
13
41
31
6
35
34
5
6
78
106
54
25
46
31
35
20
94
62
36
9
5
71
63
45
48
55
41
59
86
66
11
1
63
50
79
36
42
38
0
10
8
89
65
89
55
8
52
73
90
31
15
103
74
41
93
27
49
76
6
56
5
22
7
81
42
68
13
5
11
18
23
57
96
31
105
12
21
17
31
29
20
36
65
16
34
49
70
2
60
22
28
91
90
36
67
26
38
120
7
54
23
76
21
16
43
31
30
51
14
7
99
41
16
49
26
83
95
113
5
95
8
90
1
29
36
72
23
5
17
186
60
49
35
8
44
25
142
2
62
55
56
25
32
15
1
26
15
28
36
69
57
13
54
162
5
30
98
42
74
11
117
37
11
57
23
27
62
25
83
68
50
1
10
11
58
37
31
33
15
29
88
35
7
28
26
32
21
38
10
172
3
22
18
114
55
91
31
73
15
8
48
74
21
24
29
3
5
6
57
104
34
14
25
6
77
15
14
41
16
45
34
44
10
25
17
57
12
76
43
72
17
15
66
114
120
59
21
32
12
14
81
78
13
41
49
80
34
16
18
82
78
52
20
42
46
81
32
18
2
58
52
6
28
16
50
27
44
44
40
54
93
22
32
23
69
1
46
32
5
84
2
19
63
105
25
56
82
84
32
28
21
23
97
97
20
31
48
73
23
12
34
80
4
60
37
11
21
2
7
51
60
96
9
36
126
79
67
40
30
77
29
105
33
88
9
21
45
83
37
58
39
31
41
3
11
71
72
48
10
110
47
21
13
10
12
33
47
42
104
97
25
41
47
74
17
82
34
10
24
57
103
98
51
25
15
158
69
14
32
7
52
36
33
103
10
16
49
26
10
37
43
17
31
19
20
7
30
29
50
29
27
94
68
33
40
109
30
38
1
3
86
6
80
2
32
57
66
14
7
66
33
29
46
61
5
35
7
1
41
95
26
15
68
7
20
14
24
6
98
55
12
92
74
51
7
59
44
110
61
6
41
29
9
81
10
6
1
83
20
8
2
19
15
59
20
22
63
59
3
8
75
73
8
96
53
22
44
36
2
35
25
2
99
15
26
13
44
19
174
4
38
58
3
42
19
99
29
35
60
18
70
9
5
35
41
12
44
11
26
149
14
12
78
8
53
48
26
6
2
24
45
52
75
88
100
86
60
34
66
55
63
28
72
86
45
46
53
49
23
20
34
12
64
74
43
40
41
56
51
74
19
144
78
140
46
17
15
40
33
58
11
59
71
14
18
27
58
15
97
45
16
38
50
15
55
13
33
60
15
31
92
69
70
12
6
25
64
9
6
14
24
35
36
54
2
16
41
68
2
16
70
77
31
77
9
53
69
1
8
64
70
0
50
46
39
27
2
24
4
43
78
26
12
17
12
57
42
24
5
15
5
38
129
15
27
37
2
17
5
50
35
104
40
25
55
75
10
15
33
138
49
15
37
73
69
91
7
56
27
13
11
22
32
61
78
34
41
3
37
27
31
59
6
4
40
99
59
61
90
52
24
21
135
28
73
134
75
27
2
33
10
94
9
39
15
32
89
19
47
30
24
56
68
52
37
15
20
27
13
25
59
1
54
56
87
37
20
1
75
30
31
6
14
6
17
16
25
40
54
11
16
16
59
84
54
43
39
41
27
77
52
55
55
7
41
13
13
35
127
33
56
60
28
51
14
36
84
45
56
53
1
24
71
19
23
14
85
2
24
64
45
98
8
10
26
22
16
149
9
2
37
10
81
78
0
22
43
23
16
20
55
76
38
20
62
70
34
55
33
71
50
6
25
21
75
22
12
21
5
18
39
27
73
51
30
2
46
117
20
22
15
107
33
2
23
28
8
41
55
82
78
21
43
14
78
33
29
85
19
27
3
74
15
23
2
15
46
11
8
74
16
75
10
88
46
27
83
25
13
35
64
62
28
41
17
25
12
30
10
86
6
12
28
33
132
52
0
14
90
1
8
7
32
62
9
4
96
42
53
50
6
8
3
57
23
74
12
53
77
22
15
14
27
77
16
43
27
78
7
66
21
29
18
49
11
17
24
69
39
46
50
8
5
1
15
30
16
122
9
27
23
29
51
1
30
9
24
19
40
22
47
5
74
30
28
18
3
27
62
7
13
7
19
12
16
48
18
32
30
29
26
31
50
102
59
37
27
17
58
12
3
70
0
19
51
102
41
31
183
54
5
40
16
20
12
25
39
52
14
31
30
40
35
44
28
4
44
17
10
2
79
10
3
61
12
61
67
35
5
74
49
23
3
80
105
4
29
23
28
24
70
47
22
19
46
10
67
13
32
70
29
50
51
56
14
7
60
111
28
16
7
72
1
32
65
39
17
4
24
6
71
29
37
21
60
30
5
21
69
2
29
54
9
32
45
60
3
9
37
69
4
47
11
35
57
4
5
113
53
17
74
25
15
3
56
19
8
50
58
13
91
37
0
47
84
4
2
13
10
12
31
3
67
85
22
1
20
55
89
127
6
15
31
13
2
91
43
54
11
14
4
71
1
9
36
7
25
0
21
70
13
44
33
4
62
73
69
23
26
9
30
42
3
41
36
10
36
36
39
27
48
56
16
50
68
18
70
2
19
37
13
5
33
21
13
45
22
52
50
72
39
42
15
34
54
78
30
24
25
38
6
11
12
17
3
44
58
28
54
22
28
84
43
0
45
57
36
43
37
69
16
49
15
40
19
53
36
3
34
13
33
19
56
41
124
36
28
4
27
18
40
50
35
34
4
27
24
4
38
26
72
2
13
29
35
67
5
19
45
11
14
50
47
93
4
34
8
75
104
25
38
72
73
0
30
50
45
43
43
34
5
15
57
14
3
44
31
27
10
65
58
28
16
14
34
17
15
7
0
16
78
47
44
69
32
5
4
14
11
17
16
35
22
0
27
1
14
61
90
18
4
35
38
30
35
45
39
74
46
62
22
74
1
28
10
21
2
15
19
20
35
48
4
6
26
19
52
51
62
22
79
11
20
18
21
74
7
56
48
2
44
38
183
48
53
2
22
20
50
18
78
19
125
42
5
25
75
70
27
40
44
5
12
48
8
12
80
34
64
20
6
49
14
37
34
43
25
37
77
4
7
44
11
55
81
8
25
44
33
23
12
35
3
37
73
3
7
10
23
48
36
73
3
73
0
59
33
27
9
49
25
54
21
12
32
63
6
26
22
38
40
59
74
28
12
62
13
51
73
16
36
9
9
23
50
17
13
65
25
26
24
26
13
47
6
32
2
41
33
35
115
86
28
42
4
9
30
5
91
0
8
20
142
7
22
31
66
13
41
45
76
25
53
24
27
13
6
34
11
27
11
10
25
9
19
49
29
6
40
35
37
2
10
56
11
20
35
7
55
60
0
16
1
32
13
27
8
42
21
27
6
19
10
4
20
22
5
6
36
7
21
23
1
20
22
8
64
29
30
0
92
5
30
60
41
63
26
29
46
0
17
70
75
8
8
25
31
28
20
12
42
23
2
17
17
31
27
35
13
13
9
67
42
34
1
14
25
62
13
47
9
11
24
6
11
96
29
46
32
10
13
68
64
84
48
23
2
62
41
17
24
47
36
37
14
135
14
42
71
21
58
20
37
16
8
67
32
5
98
69
45
17
8
6
39
20
13
30
42
28
17
25
46
36
19
2
30
54
64
4
52
11
38
42
21
56
27
8
26
3
21
26
8
2
46
24
6
26
15
5
50
31
34
50
33
22
5
46
14
15
20
106
47
29
33
49
2
68
20
29
15
36
24
19
73
29
16
7
51
34
15
88
17
4
6
22
30
47
68
59
32
9
35
33
37
43
72
75
23
28
25
75
35
68
45
19
30
13
16
68
2
32
54
24
96
2
50
3
0
38
22
65
23
6
22
35
64
37
32
11
27
34
63
1
63
62
46
22
45
70
34
9
1
10
21
15
27
14
43
55
22
30
51
1
11
1
40
28
0
69
9
7
27
3
57
53
11
84
57
1
29
39
20
11
28
22
35
67
11
8
54
53
43
41
48
12
2
50
5
29
0
47
68
34
18
6
31
84
34
4
20
18
39
41
9
14
1
16
48
62
23
18
1
25
14
67
71
0
23
25
6
16
44
44
26
72
28
29
21
13
28
56
32
11
14
34
13
77
53
0
11
2
3
42
36
14
6
32
24
81
23
17
50
6
2
34
6
45
39
4
119
26
26
2
26
31
41
0
26
6
48
8
42
25
21
8
3
3
38
33
4
14
24
3
58
14
18
39
8
32
19
22
26
67
58
52
44
27
37
37
2
7
115
38
5
2
28
1
4
13
9
32
106
26
14
84
9
3
30
5
9
96
52
13
3
51
50
17
20
11
37
27
26
22
47
18
9
27
13
31
17
9
65
20
29
17
4
24
19
28
32
9
36
41
23
50
19
40
39
13
11
19
26
71
30
0
5
23
7
48
5
2
16
7
7
12
22
49
19
22
23
48
43
58
46
13
3
33
21
11
34
22
7
20
8
11
26
53
23
10
22
33
67
52
24
10
1
3
3
3
3
19
65
41
20
38
45
20
27
25
29
28
37
26
22
33
28
36
33
29
7
13
15
27
20
27
11
15
28
23
7
22
44
45
25
0
21
15
6
20
19
23
12
14
54
19
8
21
7
23
65
48
54
17
15
39
30
1
24
34
35
20
34
17
15
6
55
3
51
83
24
63
13
35
31
25
11
2
18
21
13
2
22
21
7
9
45
6
5
43
17
44
59
21
3
25
40
91
8
25
23
13
15
39
38
24
19
16
19
34
49
48
21
11
1
8
14
7
22
21
5
18
17
4
12
33
17
19
24
6
17
7
6
41
12
51
14
18
1
38
23
5
81
25
33
0
39
3
8
4
24
13
23
67
38
23
18
32
21
10
0
12
29
60
2
10
49
28
15
11
29
17
93
3
5
6
11
31
21
7
1
5
34
36
0
11
53
59
10
45
23
19
10
51
22
6
18
36
13
33
35
11
24
32
44
39
2
31
43
4
3
69
26
10
63
15
2
8
3
5
43
53
28
1
16
24
14
10
1
32
31
19
7
3
3
28
5
38
36
63
5
11
50
39
56
52
0
18
12
23
29
9
1
40
7
10
43
51
8
4
32
28
5
4
33
11
23
19
15
4
57
13
13
18
32
2
23
46
9
23
25
20
34
31
18
24
5
28
18
19
7
1
27
19
30
16
63
46
20
23
29
23
26
41
10
25
41
39
20
8
14
19
91
20
12
0
18
5
8
5
20
14
27
39
34
12
5
24
34
47
11
21
44
12
36
20
45
17
13
35
6
7
15
16
9
25
59
7
2
45
13
42
8
59
13
6
5
21
22
20
28
30
45
23
0
27
4
6
39
20
14
4
44
38
5
8
8
39
33
11
20
7
20
71
47
21
13
16
19
3
31
28
26
62
12
19
59
19
13
36
5
3
6
35
14
63
41
3
35
4
2
11
1
14
42
21
8
55
19
13
11
42
25
36
47
76
25
5
30
1
21
40
15
7
19
6
6
54
39
22
5
7
17
7
11
14
8
16
28
38
45
16
8
35
6
32
16
2
19
10
20
4
26
36
9
9
31
23
0
5
18
7
30
44
59
1
30
23
16
32
1
16
12
16
24
2
30
5
1
23
6
22
1
11
48
9
6
1
10
24
7
36
23
24
6
47
33
2
46
30
11
7
6
1
14
54
24
38
5
9
8
20
7
18
8
5
4
23
43
17
17
16
20
21
10
23
13
5
10
36
22
10
23
21
33
10
13
9
34
27
31
8
19
8
31
11
31
36
41
12
26
35
11
27
3
49
8
5
24
12
7
41
9
5
4
2
20
38
3
5
16
46
10
7
31
41
26
20
16
18
7
13
2
1
3
5
11
18
10
8
1
12
22
14
6
12
58
5
22
25
11
0
35
7
5
18
0
1
17
24
12
9
18
5
21
25
11
14
4
10
21
28
15
32
29
11
16
39
2
10
16
26
2
0
0
20
1
37
2
18
31
29
17
4
14
6
39
5
10
3
3
38
11
5
21
15
28
3
45
9
9
29
6
14
20
14
23
43
12
12
1
24
31
40
13
36
10
10
33
15
9
2
6
7
22
13
7
32
16
34
45
21
2
2
29
37
12
15
11
0
16
28
24
23
10
21
40
6
36
21
34
5
16
7
9
18
2
16
24
5
18
10
15
27
16
33
1
10
13
18
9
10
10
33
9
6
6
1
19
2
14
5
42
7
11
16
3
2
3
20
6
42
19
36
20
2
2
7
19
1
3
18
0
29
16
2
9
15
2
1
40
22
24
23
8
3
10
12
12
8
19
2
1
7
6
26
28
4
13
16
2
27
19
4
26
3
11
4
1
34
15
5
2
19
4
10
9
25
14
11
6
1
10
3
9
12
2
16
1
10
17
9
11
14
28
14
13
9
19
5
18
25
27
25
8
30
11
10
7
6
0
13
21
9
6
11
24
15
12
6
12
32
10
9
10
14
7
22
19
8
3
10
17
10
10
13
25
4
22
8
19
1
4
1
20
6
0
34
5
1
14
3
17
3
11
13
1
23
4
15
21
16
11
10
19
11
9
9
8
2
17
12
1
15
11
10
3
25
12
9
2
13
11
8
9
7
11
15
2
3
6
8
15
7
22
9
17
4
35
15
6
21
8
7
4
0
25
18
0
34
15
7
14
6
2
4
9
8
2
5
17
11
19
2
10
5
2
10
2
13
7
2
17
6
10
10
20
1
2
4
7
3
6
10
7
4
4
2
3
11
9
7
5
7
15
3
2
3
11
11
4
6
1
0
4
9
1
2
11
7
4
5
1
1
4
1
11
2
7
9
0
3
9
0
2
3
1
6
11
3
1
8
2
3
3
5
1
4
3
1
3
6
3
1
6
2
4
1
3
3
1
3
2
2
2
2
