6
32
42
62
0
30
1
20
4
2
50
10
63
43
4
4
7
1
32
9
9
6
9
23
22
46
17
9
30
95
12
65
46
70
3
18
14
106
35
63
11
20
86
72
55
24
38
124
7
35
35
12
38
1
26
39
32
73
21
42
46
2
21
43
121
22
83
7
54
29
42
17
11
7
5
54
0
23
10
7
10
22
84
64
32
49
54
62
54
42
50
48
11
40
74
136
14
120
70
120
74
151
35
90
13
56
72
60
105
22
131
65
63
26
25
70
48
87
26
17
29
83
13
28
3
98
13
41
3
125
69
26
14
19
4
109
21
89
61
115
14
49
1
10
51
38
4
56
15
23
131
19
199
49
84
7
39
62
94
62
50
28
89
4
4
48
29
58
9
21
193
87
22
50
47
114
69
116
32
6
28
119
4
43
37
16
43
7
130
15
70
93
48
136
16
16
12
115
7
77
45
75
37
21
11
94
59
33
100
34
18
14
67
25
4
19
51
19
149
32
20
29
12
44
68
31
20
48
25
62
54
61
58
24
42
54
10
5
50
19
33
68
3
23
17
128
34
67
59
19
2
49
35
71
11
22
6
99
177
62
151
110
39
42
8
79
74
11
41
16
54
16
44
38
155
120
13
25
1
40
77
27
48
10
76
52
80
38
160
27
21
17
45
17
12
31
37
107
61
85
30
132
40
56
94
11
31
63
45
124
12
42
31
14
35
73
20
74
15
71
84
97
51
8
9
28
6
122
60
21
70
51
75
36
75
36
25
55
103
97
80
62
34
88
65
1
33
25
88
53
116
11
7
58
75
30
86
2
136
27
37
112
27
123
50
33
74
29
2
21
39
67
127
91
147
1
151
169
10
40
67
101
68
31
19
63
51
40
45
12
3
65
35
29
2
54
3
43
64
44
45
43
95
86
26
105
29
55
27
19
43
70
26
19
2
54
41
134
62
9
72
32
72
54
50
35
82
25
34
46
24
18
78
7
17
29
59
16
21
153
111
17
96
63
69
37
6
8
66
53
26
87
33
14
44
8
51
35
58
34
37
3
47
100
4
107
60
57
19
51
95
64
65
86
38
38
37
57
63
184
5
148
62
14
2
55
37
38
5
28
34
44
109
8
97
19
94
169
7
58
20
16
51
55
88
17
82
114
38
33
94
125
6
48
18
7
46
27
8
56
42
76
43
59
4
101
24
47
38
11
59
36
91
104
136
16
152
34
9
8
29
26
70
8
38
18
11
22
5
10
63
19
6
61
25
64
136
64
15
66
104
28
125
62
15
81
18
63
87
30
1
11
8
71
29
97
5
43
2
29
4
41
136
29
19
49
30
33
8
155
117
90
9
19
105
12
56
127
123
74
24
81
13
12
75
12
56
64
131
34
12
43
133
34
21
24
1
92
23
25
50
53
45
36
41
20
119
96
73
22
130
7
1
48
7
107
95
36
22
78
21
35
56
82
5
2
50
38
107
38
48
69
13
13
21
22
128
23
115
1
24
21
30
107
34
20
8
130
50
59
25
119
22
42
96
27
51
13
17
96
48
35
212
15
50
70
27
18
158
62
62
119
6
121
0
104
21
10
5
30
3
2
49
25
62
46
114
51
52
52
39
1
10
137
31
4
12
29
54
38
51
12
77
13
35
10
26
109
10
12
1
16
86
16
14
105
47
137
56
37
34
43
46
37
38
78
109
38
4
73
67
176
14
10
80
12
91
100
42
28
49
67
61
5
41
69
36
14
25
49
7
57
80
12
37
4
92
31
52
54
81
44
40
19
22
39
117
75
31
33
24
96
19
85
29
81
36
52
77
4
31
1
60
13
115
129
28
116
22
21
34
101
9
59
46
11
51
26
46
20
68
51
90
23
42
123
106
40
53
62
1
91
79
85
9
73
156
145
50
21
57
21
21
53
162
103
42
67
13
16
19
22
105
29
13
84
137
68
31
94
66
72
112
22
71
67
32
61
39
1
14
29
72
23
78
33
66
72
17
66
35
79
1
82
92
73
7
65
28
87
139
29
111
187
47
44
81
13
40
40
52
21
23
50
66
15
15
26
5
22
57
57
58
33
98
20
43
80
1
11
99
35
7
78
80
23
93
53
200
13
17
4
50
52
9
10
42
130
104
93
63
50
59
20
4
115
12
63
2
60
12
86
56
40
53
26
61
35
28
3
4
25
37
58
46
7
65
77
97
65
64
11
17
18
46
76
112
36
85
20
4
14
25
4
18
36
3
27
34
111
64
26
94
19
2
122
44
22
41
1
107
50
41
30
16
36
1
66
37
39
93
23
135
64
68
41
41
3
86
110
35
24
3
131
114
48
5
33
7
22
68
27
21
67
80
60
17
54
70
7
76
38
123
0
120
31
31
5
51
31
85
35
26
9
43
17
57
8
31
31
103
31
18
63
2
3
1
80
21
31
34
41
58
49
94
1
47
27
17
27
84
11
59
11
20
96
96
32
24
2
92
32
22
130
137
53
2
2
65
62
8
45
57
31
8
79
5
58
67
19
72
39
41
34
25
17
76
8
13
92
68
68
37
186
88
15
53
15
87
64
36
50
4
12
22
23
35
99
7
70
12
63
15
89
1
43
63
4
48
9
3
29
23
42
65
0
72
68
52
85
19
46
25
60
89
3
107
10
49
54
45
22
5
41
94
18
7
147
76
172
87
39
28
77
58
2
155
1
95
12
30
37
90
184
84
52
23
2
28
30
40
39
79
89
13
1
46
92
51
7
11
6
51
40
38
23
28
62
49
47
10
27
111
43
20
42
121
99
88
26
5
133
33
109
70
60
10
51
118
106
22
97
42
66
1
37
23
28
121
110
3
57
37
51
88
89
5
38
80
35
34
111
88
73
13
56
10
34
35
21
152
16
25
88
54
38
37
74
24
19
82
38
11
60
87
23
45
61
34
13
16
10
12
22
60
16
131
15
56
86
62
60
30
39
17
78
57
49
83
44
27
85
42
3
63
29
1
40
4
86
98
55
46
69
42
51
44
28
29
65
43
66
27
5
14
54
24
44
58
31
10
80
42
94
9
98
10
104
3
106
3
66
23
62
104
31
4
11
19
102
30
74
77
20
52
33
43
18
88
38
1
53
135
27
4
28
12
56
125
1
57
94
27
41
77
60
56
66
76
39
39
57
187
97
21
2
112
61
62
10
52
43
44
86
6
15
83
88
22
36
83
46
63
78
18
73
42
55
74
20
40
10
109
15
82
50
6
14
22
76
18
39
50
53
13
76
92
13
41
44
100
23
108
123
42
42
38
48
7
53
36
86
17
6
35
6
20
78
14
36
56
56
95
79
110
11
59
29
34
61
19
43
70
86
1
7
14
87
68
2
85
19
55
102
44
91
60
62
77
5
112
126
8
20
4
50
30
96
74
41
124
106
20
53
29
42
52
90
21
18
35
42
19
17
99
52
113
15
22
11
76
134
101
46
63
54
41
17
54
57
140
95
14
58
23
65
47
27
70
24
21
119
1
34
43
67
34
11
0
82
70
2
73
7
49
32
57
22
24
4
95
36
36
59
41
44
1
47
20
10
94
53
55
9
10
69
18
17
33
1
12
13
8
53
11
34
23
9
66
16
48
57
39
71
26
80
72
19
101
50
66
60
46
42
97
24
27
3
70
42
13
102
96
18
21
77
17
67
39
18
2
1
88
30
52
10
64
56
39
112
58
92
2
29
119
23
44
86
110
6
11
15
23
9
92
24
16
5
5
10
70
1
46
46
44
8
42
88
19
1
17
29
6
109
21
22
3
45
22
84
100
10
49
72
94
35
110
79
15
5
75
42
4
24
23
39
65
112
15
100
60
12
17
90
15
54
49
108
8
58
55
12
107
12
32
11
125
72
98
62
39
3
44
21
8
16
88
6
51
101
74
42
40
45
22
29
21
12
28
46
3
114
58
29
39
53
17
3
40
28
68
25
14
17
50
94
8
30
58
65
46
16
81
56
39
10
8
19
15
116
54
103
53
55
53
27
24
31
50
13
33
29
27
4
61
39
35
22
73
42
78
38
52
34
26
135
11
10
47
1
46
6
84
64
35
60
88
25
91
29
3
41
77
12
18
31
44
23
28
53
49
110
6
35
38
13
56
78
86
9
68
111
34
67
40
57
45
35
67
112
4
6
19
90
107
76
71
14
34
59
4
7
58
56
42
44
8
35
7
4
76
10
34
92
11
39
22
11
70
11
88
27
11
55
6
115
12
78
66
32
70
8
11
78
3
50
52
17
8
135
14
65
53
12
32
29
59
12
5
40
104
84
28
16
75
75
50
65
41
18
1
18
31
40
57
31
16
39
4
6
39
13
54
46
28
69
31
13
55
50
59
10
34
36
44
85
84
65
32
2
56
114
81
50
10
18
25
32
107
33
81
16
51
50
42
42
2
34
36
4
14
11
7
56
17
17
2
35
73
1
99
3
70
76
53
78
29
104
88
85
49
61
0
57
66
98
73
58
4
3
24
14
3
40
23
18
23
36
123
51
90
36
5
18
62
31
44
5
11
22
60
23
21
21
15
58
37
78
29
41
66
14
22
63
14
98
77
18
79
59
43
65
4
41
36
115
61
9
27
9
1
139
50
23
15
57
23
13
33
5
79
34
14
32
14
37
2
1
36
56
52
35
9
30
12
40
117
56
9
29
2
8
70
3
37
43
16
4
77
86
77
30
13
14
45
33
70
82
28
28
90
24
17
21
5
15
86
8
40
15
18
23
4
21
8
57
30
6
144
51
34
0
12
43
10
5
14
60
1
40
52
31
15
18
23
119
49
7
95
40
103
0
19
16
57
92
45
16
13
56
18
98
34
34
11
33
23
50
15
41
1
31
6
27
63
34
8
135
15
90
13
38
8
4
3
56
69
55
59
30
23
56
24
75
20
54
2
42
24
2
16
53
1
40
52
1
20
32
14
135
0
23
47
27
38
133
4
16
20
38
3
39
1
87
39
7
18
31
62
32
123
40
33
53
59
38
76
11
41
17
52
21
61
23
58
20
22
23
40
18
113
73
16
31
36
40
19
18
13
31
113
36
54
13
103
66
60
16
13
8
52
36
72
38
14
80
14
31
27
36
9
30
73
9
54
16
4
23
61
39
5
19
16
85
21
1
47
66
72
92
38
50
43
49
82
25
39
29
6
12
61
66
35
55
25
12
2
18
63
4
91
30
13
17
4
29
121
64
30
21
4
31
40
26
26
10
27
24
22
155
15
12
60
37
20
45
11
97
7
84
3
55
10
66
51
61
40
53
12
7
35
3
73
2
18
19
29
72
133
21
80
2
51
36
87
41
37
60
19
3
47
34
7
64
72
3
8
51
46
100
9
8
100
37
136
27
22
5
2
9
51
71
10
10
43
84
31
75
35
11
30
35
7
14
70
109
92
132
103
5
59
36
34
67
83
18
25
48
4
8
125
71
15
5
18
42
54
22
32
15
78
45
1
23
78
3
4
88
98
4
78
26
77
50
28
10
69
21
29
45
73
27
77
17
136
2
29
24
19
24
28
55
45
9
6
40
2
79
37
131
1
19
71
11
80
43
68
18
21
4
52
1
9
12
36
39
59
0
78
88
24
30
38
2
2
60
96
41
32
84
6
15
1
14
73
68
42
39
19
45
55
70
60
23
1
16
4
52
16
42
20
71
34
37
103
17
65
8
1
19
24
27
9
1
98
67
46
1
87
40
63
52
5
34
5
15
7
104
8
56
46
54
30
36
185
54
16
38
32
89
32
17
14
21
101
13
160
16
35
11
13
7
8
60
7
16
88
27
89
75
1
47
34
48
3
15
36
22
20
69
29
29
147
56
31
20
10
14
37
40
26
48
32
11
77
21
24
9
37
37
0
58
31
25
41
16
73
12
28
55
17
35
25
20
30
52
48
20
15
93
16
56
46
32
47
27
9
8
83
21
20
1
68
37
18
26
1
6
10
48
27
39
56
85
33
5
33
24
40
55
6
33
34
66
40
10
30
25
17
46
17
41
11
31
30
8
59
114
93
73
56
62
96
5
27
17
39
3
60
12
20
33
27
54
55
50
14
14
1
41
17
11
2
10
41
14
47
46
15
2
20
67
6
46
42
130
26
41
33
33
41
7
6
116
36
74
28
21
40
24
5
26
26
59
20
1
63
85
62
2
35
36
73
19
35
1
43
60
21
16
16
49
51
58
71
41
35
66
55
4
23
68
6
43
38
62
56
52
40
95
14
7
8
47
35
8
26
17
41
28
17
91
51
31
83
2
37
1
69
17
20
30
31
33
105
11
1
48
10
17
65
38
15
1
28
14
30
61
23
64
41
61
39
27
32
113
68
1
40
18
101
89
61
2
137
60
33
46
66
1
41
17
5
19
8
24
51
9
9
65
68
1
26
53
9
59
17
11
78
18
41
76
28
25
0
25
51
92
20
10
5
24
13
65
30
117
39
34
34
7
70
49
29
30
23
18
5
70
18
100
11
69
16
40
39
8
36
31
53
6
25
6
19
11
39
46
28
56
16
93
21
22
10
35
3
15
20
69
2
23
63
60
3
16
70
19
39
43
68
29
30
60
6
25
59
6
43
21
45
29
34
30
21
52
72
2
47
28
55
52
18
1
25
34
8
48
11
3
13
37
49
6
4
33
61
144
7
23
33
13
36
27
74
39
48
10
53
1
27
60
3
41
46
65
23
105
3
20
87
40
10
20
31
24
65
26
65
8
33
48
29
65
67
67
2
17
2
8
30
45
31
9
47
44
95
12
17
29
19
35
20
24
14
53
2
21
7
33
10
5
74
78
49
34
58
66
1
21
10
12
24
95
38
29
91
73
3
6
38
49
59
52
8
12
1
78
40
15
32
15
103
1
44
23
13
137
10
19
55
101
23
32
42
83
64
3
44
12
45
15
20
38
14
29
32
19
12
14
68
13
21
73
56
2
56
4
107
63
11
15
20
22
57
29
42
34
25
55
49
21
55
14
27
31
24
52
23
23
52
28
2
58
72
11
17
71
2
2
64
28
21
66
17
25
70
10
26
122
120
22
41
5
16
38
25
54
43
49
70
36
66
22
19
1
72
2
52
47
36
16
47
60
14
8
38
79
2
74
47
71
40
2
44
7
16
39
59
3
29
14
78
27
1
56
41
45
9
42
6
36
30
19
5
52
53
4
19
30
65
29
58
29
24
12
95
46
11
65
42
126
21
23
8
13
7
14
32
35
14
65
34
9
6
57
11
17
7
23
23
39
21
94
85
50
40
46
9
36
41
55
26
8
31
38
56
20
28
6
29
19
13
55
0
47
19
12
70
35
24
21
34
82
16
15
66
28
53
43
50
69
27
17
44
53
14
1
53
10
27
11
33
66
9
22
26
18
65
11
16
20
63
5
40
1
37
26
11
14
9
37
2
46
66
81
24
34
28
51
98
39
74
33
7
13
10
47
77
53
6
22
47
35
4
0
3
69
1
21
8
26
16
30
1
4
12
110
59
33
42
21
10
12
27
41
49
70
40
16
11
70
8
14
50
13
3
1
41
15
15
12
5
9
16
52
47
48
3
28
4
9
26
34
63
19
24
33
4
70
45
0
14
9
1
14
68
61
9
10
14
18
29
41
3
17
24
46
88
16
39
8
0
66
18
13
32
54
61
47
63
10
20
29
30
21
39
35
2
54
13
83
6
48
37
2
31
40
6
1
2
91
42
43
15
20
22
5
21
27
0
0
39
6
17
39
56
1
38
11
50
59
80
5
37
60
45
51
4
54
6
72
65
12
40
13
68
58
4
19
28
42
82
6
20
40
17
28
64
44
10
15
1
40
38
4
11
10
80
1
47
14
9
23
12
10
23
65
72
35
4
48
17
10
24
34
8
0
26
39
15
53
67
57
32
12
4
20
35
7
79
22
10
12
23
57
17
11
30
7
50
68
74
15
17
19
19
50
29
47
43
17
77
38
50
16
115
26
15
42
24
44
129
32
3
6
13
32
11
16
58
28
8
24
24
17
22
11
37
18
4
9
9
89
30
45
31
27
26
30
15
5
41
17
73
8
8
44
9
29
17
7
15
15
4
1
90
10
15
5
3
22
43
31
79
16
6
100
1
33
46
3
69
26
30
4
22
31
59
34
10
42
2
18
17
35
11
56
36
3
20
6
8
6
3
42
30
45
36
13
39
44
8
0
24
17
96
10
21
10
6
15
40
13
6
38
2
11
56
17
44
32
8
33
53
13
19
12
5
39
9
13
13
38
20
42
1
55
12
18
13
22
3
12
15
3
6
35
56
18
41
22
12
42
16
26
34
10
33
34
65
11
22
13
34
12
2
11
21
25
45
17
6
35
35
5
10
41
30
52
48
14
20
14
19
38
24
12
29
18
39
20
60
4
13
3
17
1
15
24
42
75
41
39
12
1
7
47
31
2
2
3
38
13
8
22
14
3
69
18
52
3
55
50
5
34
58
40
27
6
27
39
39
28
32
31
31
10
4
54
50
10
25
10
19
19
17
44
63
5
10
19
14
50
61
33
55
17
21
54
21
44
13
1
39
29
40
23
23
38
24
3
45
25
21
14
18
12
28
35
39
11
26
13
50
36
39
5
33
11
69
13
10
56
11
41
45
45
8
96
1
13
22
32
17
18
1
47
8
63
15
46
34
57
62
3
2
20
23
25
77
7
53
38
21
69
14
28
40
3
21
44
6
4
14
37
10
6
52
29
3
37
9
10
44
32
1
3
9
18
11
81
11
31
21
27
23
1
28
31
6
6
35
26
9
22
11
30
6
60
22
47
13
9
16
23
16
47
41
10
8
34
16
42
65
4
15
5
32
9
28
26
14
71
11
17
3
34
23
24
17
8
4
32
4
6
27
25
35
8
3
31
8
17
20
19
14
35
40
9
26
39
12
32
2
14
5
9
31
12
15
23
19
22
58
27
22
77
58
54
21
15
9
7
48
19
11
11
55
9
26
48
15
26
21
13
40
27
43
7
16
13
24
9
7
12
19
54
42
16
8
4
63
0
2
18
18
22
15
10
35
32
45
19
10
39
9
1
5
41
9
22
5
14
13
16
9
35
13
9
41
31
4
21
13
5
64
24
28
57
38
37
23
21
49
7
32
1
2
19
32
56
3
55
7
28
6
6
19
23
12
8
44
24
47
15
1
25
8
16
17
37
12
22
31
37
41
21
29
4
1
33
19
16
66
6
27
7
65
42
35
24
6
8
36
17
30
4
9
25
26
33
17
49
16
38
64
37
44
29
50
30
30
45
28
18
12
25
5
3
14
11
20
50
7
35
14
39
5
12
3
35
29
12
31
27
40
10
3
13
38
25
22
5
11
16
47
20
11
28
11
20
21
18
8
46
16
6
19
23
9
17
44
16
54
65
30
18
61
40
6
15
15
31
53
5
22
16
3
2
12
1
28
20
47
18
58
44
23
19
16
9
62
5
28
10
48
3
41
10
17
24
7
32
16
0
32
17
11
5
18
7
5
27
1
31
21
59
5
9
5
5
10
32
17
40
1
23
15
29
28
34
26
12
43
34
3
17
2
15
32
10
19
7
16
17
21
6
20
33
2
12
11
6
27
10
48
21
55
5
13
62
50
30
12
15
11
3
16
5
33
27
28
32
17
35
2
6
19
13
5
6
26
16
10
22
3
38
6
47
22
10
14
3
6
13
47
14
12
28
15
16
17
27
70
21
40
61
18
10
1
42
55
9
7
20
7
1
0
16
26
19
1
5
45
12
29
10
1
40
12
23
21
11
27
31
22
4
2
9
9
0
15
5
8
0
23
27
2
25
36
22
26
21
33
24
43
2
4
6
8
27
32
23
9
18
6
33
13
2
14
3
33
9
45
24
3
15
2
3
17
38
12
8
26
17
3
15
50
5
14
2
1
40
43
21
19
2
2
14
37
8
25
4
5
1
17
24
24
4
26
23
36
30
43
12
5
19
2
20
14
20
0
38
34
17
2
10
37
1
16
6
43
6
34
14
1
11
9
23
20
45
36
49
26
18
14
35
8
18
19
3
3
37
31
3
5
12
14
12
7
20
8
13
13
23
6
3
20
12
10
22
2
49
8
6
20
6
35
15
27
29
17
37
5
44
13
31
29
8
41
4
23
10
28
51
23
13
7
38
21
0
7
0
32
6
15
25
10
1
6
35
28
10
27
18
14
17
14
2
34
23
15
4
4
19
9
25
10
1
5
19
18
8
3
5
24
36
3
4
16
6
3
15
17
20
12
4
1
5
4
5
26
17
10
10
42
4
4
2
3
13
25
26
3
6
49
16
7
7
28
31
1
6
38
20
15
3
46
11
8
3
13
9
18
3
31
9
20
9
16
10
22
8
5
18
12
3
5
19
29
4
0
21
3
3
10
6
6
10
26
19
6
15
11
11
11
31
8
10
15
12
11
10
26
22
15
27
24
5
9
26
27
33
15
5
19
3
6
12
6
3
16
1
5
22
9
27
11
17
19
13
4
1
32
21
9
6
13
0
10
1
20
16
3
3
23
10
20
16
13
11
3
1
11
3
12
7
7
0
7
29
8
14
17
9
9
10
16
16
1
0
27
9
13
9
22
12
14
4
8
5
9
1
33
25
8
0
5
15
7
5
7
16
13
16
4
9
18
3
10
7
3
12
16
3
11
25
6
17
9
8
27
7
7
1
3
1
3
22
10
10
14
15
11
13
3
5
14
17
2
0
2
9
9
14
8
8
1
4
10
14
15
7
1
4
3
7
15
1
8
9
4
6
1
15
5
5
3
8
11
9
1
6
4
13
0
8
4
5
6
12
7
8
19
19
2
8
3
17
0
4
9
6
11
3
1
6
4
3
6
10
14
4
13
3
5
15
15
6
3
3
3
2
4
5
12
2
6
19
2
10
2
5
14
12
20
6
1
7
4
1
3
0
8
10
7
7
0
4
2
2
3
3
0
2
0
6
2
8
5
3
3
2
2
7
7
7
1
7
0
4
5
9
1
7
5
6
0
3
1
1
2
2
0
1
1
2
1
1
0
0
