36
15
0
42
27
56
9
0
25
65
8
52
34
3
9
19
96
5
111
6
116
18
40
81
19
50
29
81
23
29
103
97
54
12
26
41
65
36
24
79
9
13
34
16
4
25
8
3
6
70
90
38
30
39
10
102
19
53
11
28
96
26
43
33
84
60
41
8
36
30
54
79
60
32
114
13
50
60
107
10
7
28
18
55
16
32
5
7
18
92
84
19
21
64
68
14
17
40
84
20
2
92
61
11
98
38
82
136
10
125
36
6
47
35
40
12
64
86
13
136
17
5
104
107
35
119
15
85
33
42
35
75
30
48
0
5
117
38
54
20
9
61
137
77
26
22
49
57
73
131
73
1
49
71
102
62
35
39
9
101
7
19
31
137
92
41
27
71
0
28
26
39
46
133
88
58
25
37
85
57
16
15
171
75
23
25
14
36
59
74
21
22
24
2
124
60
3
1
15
25
71
100
50
27
25
104
3
43
71
68
69
33
0
99
23
44
113
166
57
11
137
106
91
80
114
82
39
72
53
56
73
21
147
7
61
152
108
45
26
48
9
57
50
29
37
145
56
76
13
100
105
28
6
66
50
69
79
62
100
139
0
7
11
12
25
16
5
88
53
2
82
35
2
46
59
5
30
25
2
107
61
55
31
43
53
8
30
19
92
5
49
97
51
81
26
24
48
55
66
11
95
195
57
12
12
57
43
92
91
87
44
101
29
88
39
87
1
60
32
52
84
125
70
87
2
61
17
23
7
32
85
7
21
44
20
87
67
21
75
12
56
51
56
35
2
47
89
59
43
162
22
6
67
107
3
166
145
72
113
212
64
92
130
68
25
146
0
37
74
54
55
243
123
55
9
21
85
55
11
46
50
53
55
103
34
147
54
57
71
83
13
60
75
75
76
53
99
144
106
3
83
123
182
73
79
157
13
102
14
14
102
9
21
32
109
73
16
16
117
30
121
14
25
6
65
9
2
32
28
83
13
43
126
25
18
64
138
37
53
91
37
40
67
46
33
63
32
21
108
30
90
81
124
77
98
87
1
104
22
31
118
127
5
73
63
59
39
31
68
29
86
111
8
92
26
28
21
9
22
27
72
10
135
44
11
44
131
61
4
38
39
77
10
30
29
126
17
18
48
91
42
0
110
4
26
19
8
68
18
64
43
99
91
5
141
37
31
43
5
40
115
30
84
38
21
147
30
53
108
15
132
32
7
15
50
95
127
27
67
35
177
22
3
9
91
126
52
7
49
37
7
5
3
33
23
47
87
105
78
20
65
28
19
101
34
52
71
197
99
12
68
36
32
71
1
14
42
102
9
48
19
15
54
2
97
101
17
62
51
135
67
24
47
42
80
82
84
15
123
35
95
108
115
63
21
1
84
38
142
93
22
8
58
41
68
61
30
46
47
21
20
0
55
106
98
14
56
56
62
109
53
110
9
39
26
57
13
87
79
48
10
38
20
55
56
13
12
50
70
40
9
73
73
40
53
54
44
70
67
30
27
49
0
8
44
19
71
22
206
69
59
48
79
94
49
114
98
29
123
18
24
13
60
55
48
37
148
59
28
22
3
60
100
63
84
4
79
15
13
35
8
50
1
63
93
28
59
51
31
21
49
17
68
27
69
84
32
91
43
15
55
67
9
98
12
5
9
85
104
28
88
62
55
4
65
16
97
4
34
24
17
12
89
29
83
129
36
60
29
16
59
33
119
19
109
14
6
46
62
60
58
41
73
63
117
11
6
5
101
74
26
17
16
95
11
11
24
73
67
39
60
38
19
67
57
147
44
18
41
39
38
167
56
44
30
105
91
1
25
28
4
54
41
37
76
153
52
34
32
40
97
35
6
87
118
25
18
70
73
88
7
114
14
55
33
44
21
7
6
55
45
7
15
11
22
29
7
5
23
129
26
96
169
133
13
25
60
40
122
42
55
27
112
134
1
114
42
89
50
46
66
94
53
6
22
6
111
88
8
38
100
3
21
6
22
42
53
65
39
56
46
59
57
42
32
2
38
2
15
35
79
29
114
77
28
72
14
72
19
2
48
93
93
20
17
17
29
97
80
17
91
7
29
38
49
16
40
82
38
25
59
134
146
37
60
9
16
65
58
29
19
42
95
15
33
74
125
43
65
84
13
149
67
48
8
30
74
116
36
27
44
23
60
85
53
1
43
67
34
88
30
20
29
39
15
40
56
63
14
47
1
18
49
8
6
66
56
20
53
18
78
45
28
79
20
71
14
59
57
39
1
53
1
27
31
99
39
47
123
136
81
35
43
56
13
122
44
163
40
57
145
122
46
15
40
70
108
73
8
0
30
17
47
132
13
78
68
66
43
19
137
49
119
50
8
85
124
72
62
90
6
71
68
40
15
45
33
18
24
58
6
57
15
23
58
6
113
18
8
102
5
56
14
86
86
19
72
73
60
24
16
31
20
14
4
39
63
65
133
19
47
57
115
42
48
45
14
9
94
10
72
10
65
24
37
8
30
10
73
12
12
50
76
98
81
41
70
33
95
94
6
57
9
105
28
8
61
26
9
5
21
112
45
50
20
37
30
45
70
15
39
19
51
68
57
52
41
17
41
46
65
39
27
62
74
8
93
41
105
78
152
74
125
13
49
10
8
68
91
46
60
64
116
71
150
56
29
4
85
17
45
52
21
23
41
49
56
18
29
79
48
9
45
70
0
28
18
79
90
54
86
17
22
84
56
6
20
22
83
36
70
53
7
29
67
13
41
42
89
108
50
37
40
165
30
63
26
95
12
134
62
21
34
1
41
107
90
42
2
0
28
50
25
3
62
2
55
9
107
13
21
10
108
66
49
27
137
116
45
39
61
8
53
58
36
13
54
7
37
47
3
89
23
2
35
85
16
52
121
29
48
26
127
35
101
4
130
47
23
31
3
55
88
79
30
20
17
78
97
3
49
16
45
86
12
39
33
66
81
68
4
7
18
22
37
18
2
45
66
90
10
57
32
10
17
5
5
94
57
32
35
87
60
83
51
64
19
11
38
13
126
18
103
24
0
84
35
88
52
33
47
75
54
21
11
26
16
72
174
20
61
103
118
8
86
5
18
38
54
11
17
122
19
114
24
102
19
98
28
78
22
19
25
41
18
64
110
26
24
69
93
32
57
69
37
99
40
36
130
91
78
87
70
159
70
63
13
24
43
56
56
86
69
10
28
164
16
48
50
112
15
70
20
86
13
15
35
6
16
4
67
12
48
27
98
21
2
129
59
13
12
157
66
30
19
15
34
53
68
53
42
16
72
54
47
45
48
62
52
48
67
33
40
32
22
6
128
25
0
138
43
112
7
56
83
45
46
11
2
43
46
56
83
76
15
89
74
52
98
48
36
146
33
73
90
13
19
26
38
46
30
112
13
12
22
54
113
129
43
63
54
5
34
65
59
38
32
0
103
6
81
59
121
19
65
93
18
2
100
160
34
20
19
88
36
94
119
65
38
6
85
94
4
29
59
3
159
24
55
91
45
29
45
52
93
25
13
23
77
25
30
14
1
55
14
125
4
18
28
19
82
26
63
14
19
39
99
121
4
25
15
80
14
83
7
2
45
52
67
37
78
35
9
24
125
49
30
5
17
24
22
114
2
27
77
102
64
9
14
59
17
24
102
7
16
101
22
14
54
53
4
6
30
174
73
123
1
41
45
38
62
113
54
17
0
14
20
6
50
70
24
5
73
14
5
36
73
35
38
83
17
84
6
43
75
56
35
15
5
112
67
103
9
122
26
2
105
3
68
33
7
6
52
36
83
7
7
22
61
38
84
69
1
50
138
6
54
3
68
9
105
37
19
35
46
44
36
38
90
6
21
90
35
12
26
31
23
55
49
77
3
49
41
39
11
4
22
34
73
19
7
11
46
3
1
100
20
116
24
42
6
19
90
77
55
59
28
21
95
18
31
56
46
35
17
83
8
23
47
87
9
17
8
29
97
28
39
39
28
99
29
18
87
40
2
97
10
2
46
24
26
41
108
67
46
17
34
23
29
32
60
39
13
88
54
23
131
18
39
15
13
66
19
64
13
92
0
71
4
2
19
41
18
60
68
105
9
27
65
89
43
70
23
52
47
43
36
30
63
20
157
22
60
21
6
17
50
3
65
11
96
92
68
10
43
8
19
138
22
40
8
100
50
51
80
36
20
61
41
27
20
18
74
12
88
6
11
99
45
116
20
3
41
15
87
54
67
53
94
37
24
73
41
10
53
75
26
7
51
26
38
28
92
55
54
110
59
16
95
59
14
75
28
20
111
21
53
34
5
2
71
64
43
116
14
7
51
75
3
64
96
32
16
27
31
88
110
65
18
78
65
60
15
51
119
57
28
73
39
8
67
17
3
6
46
37
21
44
82
48
19
57
10
79
34
59
18
46
68
89
41
10
81
58
79
38
51
58
24
1
96
95
11
3
55
10
7
2
73
39
106
67
38
47
4
31
41
13
22
6
62
20
19
11
45
41
61
11
4
18
21
92
33
54
71
45
32
75
12
8
68
76
56
118
41
103
73
24
100
49
91
109
25
25
98
28
69
22
78
63
9
41
43
55
6
47
73
9
39
17
9
18
28
149
29
26
108
75
48
82
41
13
55
44
60
14
49
12
16
32
54
32
16
9
37
9
5
12
1
9
2
47
8
40
175
87
45
14
2
142
1
4
13
53
107
57
92
96
31
49
53
133
10
19
2
60
51
6
33
1
15
81
25
34
86
47
29
28
14
65
42
5
100
7
72
93
3
19
53
8
17
62
2
37
34
41
25
7
88
6
66
31
70
16
47
39
87
33
57
10
59
2
16
37
10
31
38
17
26
112
14
3
71
45
8
6
117
66
18
125
78
64
18
13
30
49
6
8
69
36
64
19
119
6
5
28
105
4
33
123
20
18
110
51
23
141
57
33
44
80
107
63
104
16
53
87
92
64
13
17
59
51
49
37
0
95
56
48
7
24
45
46
51
24
3
3
46
38
73
62
34
2
34
98
72
69
58
5
41
54
62
73
7
4
17
47
33
62
34
89
5
1
106
94
35
14
30
9
38
22
89
15
12
15
16
40
80
111
16
44
31
35
16
51
15
59
9
34
39
51
81
10
75
20
55
27
66
3
79
86
28
3
45
24
91
27
26
43
5
21
88
59
107
92
81
25
23
20
98
98
7
21
53
22
50
45
21
10
67
15
13
45
14
58
26
57
30
50
8
90
31
55
55
10
96
75
8
82
98
72
29
15
53
13
57
23
32
46
56
56
24
17
36
12
92
4
47
41
1
32
11
22
41
68
16
16
31
52
26
24
70
72
91
76
34
17
14
40
59
74
62
28
39
19
59
43
38
81
11
61
49
29
42
57
53
41
12
112
20
89
58
40
78
26
22
140
27
8
6
60
35
60
2
16
25
59
25
27
48
21
146
146
9
7
39
11
67
72
56
1
5
68
46
2
103
31
14
27
10
2
60
29
15
67
26
7
13
52
36
106
12
15
1
4
33
55
19
19
84
53
18
4
29
67
4
2
3
35
50
31
57
65
69
37
112
21
4
20
54
100
102
12
12
9
44
72
15
64
13
43
30
36
1
36
13
13
13
47
25
84
127
6
23
74
1
95
9
123
75
53
12
59
19
74
26
24
9
73
10
95
9
31
64
46
8
13
12
8
15
14
25
16
88
36
28
54
14
20
15
57
40
16
57
6
10
19
8
113
87
2
23
45
29
19
6
31
8
11
9
121
57
7
75
25
67
1
26
32
72
48
80
24
86
12
16
27
56
21
83
23
40
34
16
45
0
74
53
54
86
27
18
27
48
104
44
34
16
99
51
6
70
42
2
80
64
9
43
1
5
2
57
35
1
74
45
41
3
57
28
33
27
50
2
23
112
31
46
80
36
0
18
23
4
63
24
5
35
70
134
48
13
21
1
12
17
92
81
63
45
28
75
86
39
28
55
10
34
18
36
50
21
27
6
16
38
23
23
38
49
59
9
37
37
10
51
42
75
45
37
21
80
58
45
86
49
8
4
27
37
13
22
13
6
56
14
22
25
48
50
44
10
35
38
2
60
62
33
85
51
45
55
41
6
14
19
18
38
9
76
16
51
29
36
25
74
83
9
29
78
52
12
10
53
92
19
124
42
16
160
38
82
57
7
13
35
14
16
42
67
80
20
70
11
37
42
70
24
77
20
48
24
4
38
42
30
47
112
110
13
76
16
86
52
41
72
45
24
116
54
114
42
14
52
103
12
16
23
18
69
60
9
19
5
11
30
72
52
15
19
25
112
46
29
56
43
39
27
28
7
86
80
52
54
25
31
33
3
67
42
16
49
66
58
7
22
79
51
29
17
39
10
118
15
2
82
49
18
13
24
10
65
13
74
52
37
2
53
16
7
1
20
5
29
17
41
58
65
30
52
12
34
68
57
16
59
33
27
31
4
11
33
27
9
42
6
0
30
50
29
19
54
26
58
51
19
2
2
103
13
44
6
53
3
6
20
34
17
34
2
26
36
46
42
27
42
14
22
79
26
53
1
43
60
21
10
13
22
64
76
70
47
40
37
28
6
25
23
27
109
20
29
52
9
70
34
40
19
65
25
32
89
4
1
40
31
29
35
0
22
7
27
25
40
31
1
47
59
25
5
11
0
37
42
3
12
30
36
3
3
2
37
36
33
27
8
29
62
1
16
34
46
81
23
3
12
29
13
2
26
41
37
33
60
54
10
17
32
14
75
27
73
20
5
15
11
14
33
16
49
11
110
43
2
3
64
46
9
37
45
26
112
12
47
61
18
37
26
14
12
14
1
52
56
11
77
16
49
23
21
45
4
76
18
5
2
26
53
38
65
43
22
51
17
52
43
16
72
85
51
42
19
13
93
34
25
21
79
29
15
31
7
37
52
56
19
33
105
45
44
35
31
13
28
27
9
23
38
4
1
46
26
17
42
45
86
36
2
4
31
9
64
26
17
22
33
1
9
69
26
51
5
23
88
24
48
37
40
73
0
41
25
41
39
57
34
42
14
34
19
35
62
1
26
26
5
50
19
27
3
7
79
50
16
6
50
64
10
68
25
84
6
16
33
50
43
7
46
87
95
9
6
14
30
7
50
25
66
44
25
1
36
29
45
19
41
95
51
53
10
1
14
67
19
15
19
54
13
28
10
12
57
40
21
50
22
21
53
2
8
43
56
85
3
38
22
22
38
0
13
31
89
54
73
44
10
62
25
8
36
33
31
28
23
44
30
41
25
19
22
2
12
13
4
2
37
1
16
42
15
31
28
40
6
30
72
12
9
51
80
10
63
42
56
23
28
45
9
66
56
2
22
13
19
5
40
19
12
69
11
5
16
59
54
7
16
28
54
67
21
55
26
52
5
26
5
33
26
33
0
12
23
5
26
10
24
4
27
42
25
33
37
30
39
6
12
3
7
4
16
50
43
3
23
91
39
23
22
5
46
23
25
59
66
28
19
85
31
22
7
19
34
37
28
22
15
4
105
35
11
20
41
54
26
36
14
11
41
32
5
102
1
4
28
38
25
38
20
27
11
28
92
21
23
38
52
15
16
34
22
47
20
122
33
21
26
19
15
43
1
16
45
12
36
82
30
10
3
4
45
71
25
20
34
30
28
41
59
73
31
55
22
30
7
17
2
37
32
22
22
12
22
24
79
12
20
19
27
19
26
91
87
47
15
38
6
63
22
39
27
59
22
7
59
65
7
13
36
14
31
0
10
33
53
4
32
17
15
7
8
4
22
39
28
54
40
52
0
36
35
53
11
43
22
50
45
23
34
73
79
0
24
4
34
14
39
101
38
13
11
81
23
50
0
7
9
0
71
70
23
75
46
63
23
19
34
23
22
38
49
24
3
22
1
13
71
78
71
25
39
27
5
79
37
17
33
63
39
63
13
36
63
22
42
70
31
33
53
62
31
9
72
82
12
46
17
18
27
74
5
1
3
24
20
8
18
11
44
10
62
7
47
22
11
75
8
6
22
15
34
11
4
34
62
33
47
38
37
42
33
1
0
26
12
65
8
30
26
40
15
1
46
16
32
14
16
33
19
31
35
3
98
19
18
5
44
34
57
6
77
69
12
16
13
22
21
34
60
20
17
90
16
4
42
4
28
12
72
35
13
7
57
19
6
41
1
73
27
43
4
9
46
25
15
25
1
25
51
7
0
2
18
8
25
0
23
46
65
28
44
1
16
14
10
37
8
36
43
13
3
7
21
59
15
13
19
36
1
3
16
14
63
20
50
37
35
25
7
15
9
23
29
21
28
21
30
12
3
14
75
8
54
17
10
14
35
1
47
26
3
37
12
23
35
31
74
51
23
44
18
31
16
5
7
56
25
30
32
50
18
30
1
9
42
6
21
3
12
33
6
21
11
16
81
1
3
5
83
69
21
31
36
55
53
46
43
2
13
14
56
21
27
4
17
26
8
27
1
78
67
35
3
53
21
2
21
59
21
40
32
11
16
1
20
57
61
0
51
84
18
33
53
9
29
21
42
38
13
66
17
31
9
25
9
100
26
35
32
34
9
30
10
1
4
5
28
54
15
2
7
42
38
25
41
45
96
21
32
40
21
31
36
5
48
1
36
16
3
75
11
36
6
50
6
2
34
24
36
17
17
19
0
23
5
16
60
11
12
13
9
21
7
13
13
34
1
20
13
27
55
11
15
9
9
27
21
21
27
0
11
41
64
29
34
7
45
1
1
15
11
30
36
36
34
0
65
3
22
40
6
24
9
5
10
52
29
4
13
28
30
39
54
42
10
37
1
32
33
8
26
27
37
10
14
2
16
17
47
63
3
22
30
43
17
5
10
20
16
40
12
33
67
4
5
13
34
30
17
22
3
35
9
10
13
30
68
39
84
25
41
1
55
9
56
15
28
0
1
20
33
37
16
3
26
11
8
18
24
9
12
45
11
10
6
30
20
18
43
18
20
41
9
49
9
44
25
16
2
20
29
3
11
13
46
9
6
52
21
10
71
13
23
16
13
1
54
23
17
22
3
0
12
17
2
5
46
2
17
22
8
13
51
13
9
29
9
31
20
34
10
21
7
61
32
29
1
22
53
40
3
3
70
45
31
19
34
2
24
0
28
6
51
35
52
8
55
12
62
8
10
6
44
10
6
7
10
40
9
27
28
25
58
34
0
29
14
45
22
26
7
27
21
40
19
7
78
3
2
50
12
47
69
45
1
27
1
15
17
31
41
12
35
22
11
30
39
20
6
30
27
1
48
55
93
32
15
41
19
1
20
12
23
9
9
74
25
11
43
7
5
5
27
44
34
20
56
13
15
43
23
13
23
49
12
1
21
49
17
10
13
43
10
6
25
3
32
19
58
11
17
4
11
59
5
27
12
18
22
5
3
21
30
11
2
29
5
2
6
2
29
42
23
2
16
10
20
10
54
9
8
55
5
25
20
4
48
56
15
31
5
23
7
12
11
2
17
42
7
88
4
21
1
15
15
9
4
56
17
61
2
35
11
13
16
2
33
15
3
11
7
15
51
14
13
1
3
4
14
36
15
24
36
8
14
14
2
3
44
23
44
25
45
20
33
9
26
16
4
3
0
20
38
0
17
12
4
55
11
21
15
42
34
25
18
6
0
16
22
36
44
3
9
3
9
6
41
21
49
23
0
20
14
15
20
6
7
32
44
3
47
25
60
28
28
60
28
12
40
42
6
1
26
11
46
34
17
2
9
1
27
38
6
2
5
20
43
38
34
11
12
38
8
16
1
39
48
30
17
16
6
36
13
23
18
42
10
6
22
14
3
8
38
8
32
25
0
46
30
9
16
57
25
28
17
30
41
27
1
30
15
23
18
2
10
23
4
24
4
0
4
9
31
26
5
17
35
10
15
54
32
42
22
8
12
10
28
34
34
9
15
3
14
17
4
37
31
21
3
20
33
13
2
20
5
16
33
6
22
15
5
40
10
15
6
47
24
26
27
2
2
5
6
12
12
4
11
11
19
36
22
10
50
26
4
10
2
4
28
0
19
15
0
3
21
10
14
55
7
18
3
7
16
4
9
29
1
3
53
12
33
41
14
1
14
27
5
3
23
46
10
9
2
5
36
6
5
24
11
6
13
1
4
14
33
9
38
10
16
1
4
14
10
2
33
14
3
22
33
9
42
5
19
1
6
2
46
5
12
24
24
33
2
46
22
8
6
16
0
11
37
2
43
23
37
16
12
1
0
3
3
7
36
30
18
5
11
34
20
14
27
10
14
6
51
16
7
12
10
7
2
11
27
4
23
18
15
7
8
16
5
26
12
16
0
4
1
11
22
24
11
2
37
4
14
18
14
25
5
9
1
5
10
29
48
5
18
11
8
24
5
16
16
1
34
30
7
7
3
11
12
17
20
17
7
14
3
7
9
27
22
13
19
19
3
9
28
23
5
12
2
5
17
6
14
21
6
7
1
29
4
18
7
3
9
31
9
4
26
3
19
7
28
24
3
45
5
20
1
7
5
1
2
30
9
36
41
5
9
8
23
24
3
10
8
12
3
14
10
3
18
36
23
5
14
13
19
12
1
8
6
20
6
8
28
1
6
14
6
18
6
26
14
1
14
2
3
20
28
5
10
0
2
5
7
15
9
2
5
0
6
15
2
0
20
10
9
5
0
3
21
2
20
9
5
5
2
8
7
12
6
2
13
5
11
4
18
23
1
0
6
2
7
3
2
11
4
4
7
22
3
17
16
5
10
5
9
15
1
6
8
6
0
18
19
9
5
9
5
17
1
8
13
6
8
1
16
1
9
9
3
1
14
8
2
6
13
6
24
20
6
3
21
17
1
3
6
7
9
5
1
16
18
15
2
8
11
4
8
2
6
4
3
6
22
17
7
11
13
12
6
13
0
17
3
1
10
15
4
22
5
3
1
8
3
3
6
8
11
3
8
2
14
9
11
0
5
6
2
2
16
8
6
9
6
6
15
10
7
2
1
7
2
0
10
4
4
9
2
4
6
1
7
0
10
6
2
0
0
4
0
5
6
1
9
3
5
0
1
4
0
2
1
1
3
1
2
5
3
1
1
0
