3
4
52
24
24
12
32
6
42
23
6
48
23
1
20
33
6
147
39
2
17
24
7
75
128
14
16
78
3
15
26
11
26
64
19
34
29
62
19
40
79
31
20
23
44
90
15
94
13
6
27
7
54
18
21
16
26
31
11
55
125
85
16
48
49
41
7
7
59
22
23
53
20
10
28
120
10
97
81
24
17
28
180
1
16
18
40
111
28
33
88
27
37
78
36
108
60
89
8
70
4
7
60
54
28
56
48
5
92
107
8
36
35
84
42
35
35
21
53
18
10
26
79
53
16
69
10
87
87
52
77
126
66
59
0
7
30
74
61
57
64
59
34
13
93
30
26
8
9
41
104
63
67
67
34
42
27
76
30
4
50
37
35
7
27
47
125
42
16
1
77
9
85
85
25
43
33
68
56
126
57
18
34
103
76
50
89
75
31
12
182
37
37
45
72
18
60
105
82
63
76
29
100
92
2
13
89
102
58
90
71
36
25
117
8
14
23
64
36
45
131
88
13
2
33
53
18
106
49
19
70
62
43
25
127
47
131
12
66
171
83
5
36
26
97
172
88
4
20
131
23
21
8
13
2
5
96
90
80
4
87
22
38
66
88
36
45
90
30
18
44
29
68
37
38
9
39
8
46
12
10
7
8
118
91
37
67
156
26
3
70
22
89
33
35
3
152
48
58
7
69
77
113
14
33
20
64
12
35
37
69
33
43
15
61
9
42
103
8
28
41
9
117
7
12
60
20
16
11
33
140
52
85
188
87
95
28
30
47
47
39
139
68
15
19
12
50
96
36
28
0
74
75
59
7
91
117
33
171
27
97
128
15
147
39
11
72
37
0
3
28
68
33
50
113
10
0
55
80
22
31
86
26
79
14
20
69
25
11
166
70
48
87
61
88
39
30
44
13
68
7
65
33
44
9
32
8
59
71
59
23
40
96
27
14
16
3
1
104
14
56
44
120
126
21
60
108
30
108
95
29
30
15
63
5
43
62
1
120
39
89
19
26
5
50
66
151
58
76
28
50
59
88
3
81
11
122
83
76
53
23
59
19
11
52
96
54
140
77
28
59
42
20
24
111
140
54
42
101
73
87
72
44
20
59
28
60
6
133
16
62
66
73
74
43
38
27
62
25
110
27
83
16
10
62
155
92
23
52
20
57
4
88
19
30
19
115
129
186
137
1
130
8
25
1
16
44
31
56
114
39
20
80
47
7
75
19
0
76
15
68
28
25
39
97
50
29
135
62
14
12
65
44
38
18
145
37
24
86
40
96
90
56
47
72
15
76
3
36
83
76
14
17
65
65
2
58
78
154
39
12
80
54
79
102
102
31
88
47
59
107
31
61
47
8
56
23
110
94
69
137
9
78
8
54
139
13
16
40
20
22
58
137
19
24
30
49
16
69
24
46
12
120
147
57
38
38
46
37
1
100
53
30
52
21
10
14
39
39
30
152
65
76
80
9
36
19
19
28
42
31
33
10
7
141
93
16
17
1
35
34
33
81
58
93
142
83
111
74
122
26
10
183
26
100
95
64
41
72
6
65
105
37
107
72
31
51
37
38
68
20
8
54
100
26
28
65
69
123
72
94
96
39
8
74
2
93
108
64
58
106
161
48
87
27
118
33
60
11
93
33
71
36
44
16
35
2
5
125
51
57
8
1
96
36
33
43
36
9
51
1
111
37
12
53
32
57
54
99
22
55
59
24
21
115
19
18
9
52
156
5
12
50
47
75
3
17
15
40
98
53
30
58
9
20
24
18
66
64
79
55
14
161
66
36
39
23
68
41
5
112
79
42
59
81
44
21
35
15
91
19
10
6
72
37
37
91
46
28
99
40
22
53
63
105
5
152
110
55
3
41
28
87
95
18
138
97
63
36
25
11
64
7
23
19
66
19
41
0
51
9
4
39
75
42
1
69
103
9
38
39
38
22
13
8
50
42
22
21
125
15
70
103
20
8
14
136
103
123
34
85
14
44
16
30
27
66
10
60
38
103
21
2
78
112
58
54
73
50
30
115
8
138
14
32
97
81
50
10
6
24
18
50
9
33
107
14
16
28
70
62
4
18
99
41
32
34
29
52
11
46
61
36
30
70
61
7
33
52
1
17
40
35
70
61
35
29
3
34
66
64
32
145
47
47
119
62
87
37
27
70
72
58
89
54
19
34
54
24
14
37
100
134
42
52
8
17
66
97
18
63
55
49
28
20
50
99
67
9
116
18
6
25
46
48
65
53
39
61
36
86
36
21
14
38
52
55
9
118
70
94
14
63
70
72
24
8
46
21
50
2
119
45
42
75
51
2
82
63
19
26
137
22
1
31
111
35
88
137
41
21
163
64
44
40
40
8
12
10
52
28
1
88
154
66
0
40
6
16
18
40
33
59
119
31
51
46
150
59
102
123
48
53
15
92
89
29
52
20
33
1
47
35
84
18
49
16
8
2
79
2
19
138
138
76
19
14
52
34
43
105
12
49
26
146
45
108
22
11
81
64
77
43
28
13
95
13
149
30
50
15
48
41
96
23
96
64
26
75
100
24
15
2
65
3
29
43
19
45
28
9
30
40
46
102
113
16
7
17
28
112
86
102
21
56
32
103
37
76
66
66
60
76
41
69
32
70
52
81
132
136
67
56
13
31
16
87
24
33
18
48
20
40
32
11
77
85
30
25
66
51
15
0
8
25
59
4
6
14
26
27
135
157
13
5
0
24
100
103
5
55
20
2
57
46
83
2
141
62
61
88
97
31
61
49
5
24
49
19
76
94
60
123
94
17
125
75
39
86
9
28
17
2
39
58
2
147
21
68
20
125
107
56
19
69
83
30
13
77
61
122
5
10
121
93
57
86
27
36
75
64
55
47
39
14
38
15
24
88
46
28
2
45
72
6
78
63
12
5
12
63
67
26
7
51
34
21
16
18
35
28
56
38
46
30
13
26
9
12
60
57
72
107
24
106
32
12
4
33
35
122
55
61
15
37
58
63
72
22
30
111
8
17
117
28
152
37
67
36
6
43
67
36
181
4
8
45
112
24
19
143
109
45
117
64
32
49
54
44
64
16
68
31
14
22
10
25
104
56
67
7
11
41
62
14
62
54
20
38
31
44
36
71
71
27
10
38
27
3
9
31
12
77
87
13
62
103
5
73
8
34
46
27
23
48
35
96
127
23
7
75
20
125
23
105
92
107
29
44
55
81
27
10
50
44
11
99
56
14
10
88
2
17
37
72
20
35
7
95
9
63
16
50
16
28
80
40
42
68
19
11
28
9
8
2
52
42
39
134
59
6
23
94
42
115
114
120
26
14
14
74
16
80
60
7
0
90
25
102
19
55
21
132
16
38
26
9
44
56
38
14
77
27
20
43
35
50
31
76
8
17
37
89
137
25
27
107
105
99
31
177
26
53
91
19
35
146
9
44
116
66
28
13
57
96
42
21
68
7
81
17
45
50
30
5
120
49
97
1
3
77
95
23
28
44
16
51
1
21
82
107
24
55
98
96
50
2
83
46
112
77
8
11
14
2
87
12
41
43
65
2
16
48
79
84
33
41
63
94
4
92
49
96
121
156
22
79
31
131
79
49
129
40
3
73
80
41
2
78
4
13
105
81
4
14
48
142
39
3
3
12
118
137
16
5
51
12
61
30
9
130
5
47
20
32
20
32
54
69
48
0
86
31
60
65
148
50
24
78
14
24
51
9
41
82
5
92
20
1
9
32
8
37
21
18
47
56
68
23
31
31
70
79
39
94
10
34
83
56
27
51
78
57
52
32
53
83
44
62
32
63
42
6
17
21
167
42
25
65
29
7
70
51
51
7
41
47
88
78
13
114
108
43
13
14
32
18
67
31
13
41
9
44
49
1
77
68
31
37
105
33
68
27
11
18
38
72
39
49
35
15
13
27
80
25
51
63
17
8
125
197
33
22
27
6
12
35
16
118
26
96
61
50
68
84
63
39
59
104
8
33
18
43
22
122
84
19
15
18
155
27
4
54
2
46
40
4
68
17
19
11
71
2
84
46
75
34
19
37
109
22
35
15
32
80
88
123
22
40
2
35
36
45
7
3
78
75
15
7
19
26
29
1
48
49
85
60
118
3
79
55
21
53
29
28
9
27
10
89
11
74
36
61
49
18
8
32
108
35
60
108
33
29
1
68
31
17
64
25
150
74
53
25
31
76
7
23
0
42
156
41
47
7
19
6
7
34
36
13
26
45
3
50
7
20
83
17
38
60
51
39
142
17
96
111
0
55
0
9
68
34
103
0
15
72
43
84
5
14
96
11
19
6
33
46
2
47
66
3
23
40
93
99
7
57
65
2
50
71
8
52
70
75
29
41
9
13
45
49
75
48
0
22
1
46
2
13
16
48
29
30
91
1
108
145
15
4
76
39
20
26
22
13
48
41
19
36
13
3
68
122
17
2
47
0
32
9
59
43
46
151
33
46
117
46
25
79
39
51
39
62
119
36
35
2
68
30
50
23
5
49
118
43
8
32
43
33
17
11
6
91
8
61
115
42
8
18
58
67
77
14
19
47
29
17
90
104
73
30
21
38
47
39
54
42
18
15
0
158
23
71
57
26
91
69
14
68
86
41
56
4
6
23
21
10
42
38
92
18
29
119
60
111
158
23
65
31
8
12
19
43
21
83
61
30
47
100
12
23
84
13
163
34
82
3
1
3
13
63
43
62
69
13
40
56
12
44
9
97
40
39
48
11
14
62
77
63
53
30
97
114
44
52
19
70
29
35
126
5
42
28
48
7
33
73
11
5
45
171
4
64
72
15
9
22
27
14
3
60
21
31
16
70
12
115
48
0
30
62
44
22
40
5
3
59
70
86
56
38
25
7
24
67
61
27
62
5
16
8
66
29
36
16
19
15
43
39
40
14
59
53
57
15
125
43
17
35
61
9
40
57
63
10
85
6
95
30
79
68
9
14
28
59
55
38
46
36
70
34
56
10
17
25
6
36
5
52
28
14
20
40
3
14
30
63
38
35
155
45
54
68
3
16
17
3
55
60
36
56
28
22
27
164
15
2
41
47
66
73
90
9
47
33
37
84
25
39
112
13
20
48
57
19
72
15
7
57
3
63
111
70
53
41
124
54
41
86
8
38
57
42
26
14
65
79
28
12
54
62
19
67
36
34
86
20
41
7
64
21
56
42
12
2
3
51
11
28
10
28
12
11
21
2
26
62
65
7
28
16
10
49
79
35
21
29
28
38
85
64
38
56
44
65
46
23
10
1
36
26
22
24
21
70
135
51
46
23
91
86
7
4
63
81
72
0
18
72
27
27
35
29
10
106
57
14
50
82
62
51
21
4
42
79
6
27
26
49
43
103
18
52
30
16
88
19
26
53
96
45
51
3
67
110
79
11
6
12
29
44
115
36
76
25
38
23
47
79
11
13
15
41
8
20
53
35
14
46
7
67
22
21
55
47
27
14
105
33
57
56
77
4
55
17
126
142
88
28
30
16
13
24
2
26
44
22
1
89
35
28
32
23
41
47
8
52
31
19
104
3
49
72
2
48
60
10
42
27
52
25
92
61
70
42
49
27
13
41
22
76
75
26
21
56
18
13
40
30
50
38
11
36
11
61
5
40
25
68
63
4
53
75
1
22
40
3
71
2
62
49
22
54
24
40
2
52
58
20
14
41
35
8
24
29
5
57
72
3
14
30
17
19
114
8
7
23
70
10
15
18
30
40
62
47
73
54
35
85
58
20
24
34
32
20
32
18
2
73
15
59
4
41
56
76
24
34
13
4
76
2
42
110
19
39
113
36
20
92
4
16
2
16
47
34
4
2
1
17
20
23
65
24
13
77
33
2
23
65
27
14
24
52
38
94
6
21
35
59
5
91
18
45
35
64
76
42
18
29
42
25
10
15
100
65
105
17
19
26
46
43
7
75
53
33
70
15
91
23
23
27
50
32
38
92
7
110
129
32
73
67
61
3
17
3
42
17
49
89
85
45
47
28
86
1
12
48
22
31
51
29
21
63
6
2
31
74
11
14
5
33
6
36
66
111
62
28
4
19
2
11
54
9
16
87
16
41
23
17
22
4
30
1
48
63
3
34
7
48
41
119
89
14
1
12
21
86
41
125
24
35
24
3
18
64
91
2
41
58
17
64
44
5
40
9
23
2
23
15
80
7
89
85
48
52
23
36
15
21
1
27
15
19
93
46
19
17
24
43
127
12
4
69
47
12
90
81
49
49
92
41
11
30
24
61
51
13
33
30
16
48
38
81
87
30
114
27
21
25
18
11
30
55
52
41
30
34
51
11
29
111
23
75
10
1
71
25
54
18
7
39
47
28
60
34
19
24
48
33
16
4
76
8
10
52
34
10
52
66
58
9
27
24
49
22
17
17
62
48
30
3
39
10
28
25
40
14
36
11
66
36
85
5
49
21
57
28
25
59
49
13
20
18
40
32
1
28
1
15
20
16
1
66
52
54
60
104
15
78
50
35
28
18
30
8
19
28
15
3
38
41
11
18
68
16
29
31
47
32
6
18
79
4
22
13
40
37
73
25
6
49
10
58
71
28
45
38
9
66
1
15
31
0
11
29
9
6
32
61
1
30
33
116
16
43
63
11
49
3
27
8
6
67
5
19
1
24
1
52
5
7
24
31
28
9
26
49
3
14
3
92
24
18
4
4
66
30
27
45
50
37
21
52
35
28
11
24
5
12
8
1
23
17
16
21
28
56
52
75
38
21
5
14
4
20
43
8
47
5
21
55
39
12
16
37
31
67
12
14
0
0
14
21
26
31
39
126
5
36
28
51
31
4
16
10
42
11
17
73
17
77
37
6
1
31
18
38
6
3
2
42
20
24
14
37
69
18
29
44
13
90
90
2
28
81
14
54
30
22
3
30
76
9
26
4
41
28
3
19
91
69
0
25
19
1
46
26
61
33
51
15
2
3
38
61
36
27
75
9
15
33
33
24
14
33
75
23
54
33
27
1
55
11
2
32
21
27
14
41
36
43
11
16
40
63
12
20
8
40
80
2
34
45
62
66
12
31
100
26
59
25
33
44
11
47
17
55
27
18
22
10
121
35
22
3
14
33
32
58
70
61
18
30
44
25
14
44
19
11
60
12
15
23
27
3
3
0
42
11
39
13
59
38
2
13
30
18
18
6
50
48
33
36
24
8
13
13
24
34
9
104
13
6
17
36
61
7
11
20
24
42
84
14
95
8
62
50
42
101
24
75
1
84
5
44
27
4
6
15
13
50
32
3
23
50
45
25
3
25
27
15
41
15
5
0
2
1
8
7
49
47
20
39
1
59
18
28
11
33
17
34
16
26
32
14
73
66
16
11
7
23
52
52
34
55
6
27
20
56
31
2
6
17
60
24
24
2
38
12
51
7
6
24
84
23
3
22
8
17
63
19
11
44
36
34
31
31
20
10
33
20
47
68
55
37
11
6
38
79
62
18
43
34
9
9
39
73
8
53
8
69
8
9
66
33
8
11
5
10
9
32
36
16
26
2
35
4
47
5
39
49
15
4
57
43
60
1
8
58
10
25
1
37
64
55
21
38
25
23
21
9
46
3
10
57
55
35
51
40
22
20
106
6
42
20
24
13
18
10
30
6
60
38
41
40
26
22
14
5
7
49
8
41
33
9
62
56
69
14
38
17
31
28
70
7
26
98
35
27
28
6
8
14
37
16
14
48
4
37
4
58
7
69
19
47
44
45
20
14
27
37
39
18
8
58
17
5
25
27
58
21
63
17
33
3
23
38
23
24
13
4
6
56
11
28
24
24
17
63
19
41
27
55
63
26
67
32
18
14
20
24
34
33
22
55
38
2
29
5
2
23
37
40
23
9
58
23
15
59
51
37
5
24
23
36
3
8
36
31
18
33
9
34
17
48
51
72
13
32
86
34
57
25
26
30
50
4
6
5
20
34
17
28
12
7
10
1
13
6
66
23
20
9
90
39
65
10
12
22
19
29
31
13
54
25
38
18
83
1
50
17
15
4
31
5
54
12
28
38
0
32
18
50
30
19
65
16
24
3
22
33
14
16
8
44
23
6
23
32
73
23
9
21
42
60
70
66
0
30
15
44
11
40
13
21
77
26
11
25
47
37
18
29
61
40
6
48
114
25
38
35
31
27
29
52
72
10
0
49
5
39
44
40
10
40
57
29
26
18
5
26
19
19
5
1
14
47
10
72
32
46
65
2
57
1
10
28
2
32
44
13
3
11
24
20
11
20
18
2
43
29
20
5
18
56
28
31
11
1
15
39
13
11
20
45
4
56
24
41
39
21
32
14
24
49
41
50
89
20
61
24
52
49
39
38
25
52
36
12
65
25
3
23
36
33
33
32
17
23
12
37
40
8
27
8
54
25
41
53
49
14
33
6
12
22
26
50
62
38
26
36
8
20
3
46
0
44
36
12
39
37
16
6
26
54
49
14
38
53
13
45
1
7
42
54
18
58
25
43
15
11
33
15
34
15
26
13
11
11
24
43
1
6
32
28
36
10
30
72
15
47
19
1
20
53
5
23
22
5
84
28
13
25
19
27
20
25
23
1
37
42
14
41
1
3
1
16
9
40
24
40
69
24
56
22
5
6
13
6
44
78
25
2
42
20
28
19
45
3
33
11
18
1
4
19
25
27
11
46
0
39
7
4
4
31
17
3
54
41
45
42
0
65
2
12
17
72
8
83
2
28
3
35
41
11
13
48
85
18
12
21
1
39
40
15
13
43
56
22
26
28
41
1
4
36
13
19
16
1
66
33
12
2
43
59
1
3
51
8
43
18
60
35
66
50
73
22
5
8
31
21
0
38
55
7
5
48
25
0
7
43
13
69
24
29
31
4
8
4
22
77
9
7
36
4
50
40
5
7
3
23
26
35
13
15
33
71
19
27
20
7
5
43
14
55
3
80
74
21
2
11
1
9
29
32
32
10
31
43
3
26
34
17
19
14
5
25
3
41
11
7
37
22
11
26
58
5
41
23
39
9
33
9
9
47
42
40
15
81
27
1
37
17
20
21
15
5
6
66
23
22
16
12
50
2
54
29
53
29
42
49
80
13
19
6
39
23
53
5
27
29
31
16
11
41
11
1
2
17
5
14
10
9
29
6
22
11
2
33
20
15
60
5
5
19
17
20
37
6
41
34
55
22
3
56
3
30
8
15
3
17
18
14
4
10
27
4
37
17
36
53
13
30
25
32
6
86
32
23
38
29
22
47
12
5
12
27
9
5
21
15
31
17
6
66
2
50
25
64
0
27
21
41
17
8
27
35
17
18
1
30
29
42
47
2
8
37
86
11
26
66
7
35
21
36
23
13
12
20
4
16
0
3
33
37
39
24
27
14
47
7
22
13
24
1
24
4
22
14
27
40
1
58
8
18
46
10
6
53
13
18
22
44
35
53
17
20
2
39
28
2
28
44
29
37
25
46
16
14
41
29
6
7
27
41
39
47
2
27
8
36
15
43
16
24
7
32
21
14
40
27
16
22
34
46
49
8
5
17
20
13
32
15
15
27
36
41
17
36
4
27
10
28
40
11
4
6
29
2
34
25
16
38
25
36
32
51
18
31
39
36
21
17
1
6
1
3
21
52
7
26
29
8
5
12
46
3
16
0
14
2
8
1
8
11
14
14
30
6
29
2
6
5
9
35
11
22
26
56
18
21
4
20
3
48
36
51
8
19
22
43
3
50
36
10
24
1
17
2
24
19
9
13
6
5
11
16
21
25
18
9
26
22
7
29
7
22
21
20
28
7
5
18
18
19
7
22
15
17
24
13
16
35
3
14
11
6
29
10
7
5
10
32
20
0
5
4
18
55
27
38
13
57
9
30
30
4
44
38
16
47
5
11
37
15
29
15
2
49
11
0
24
6
19
17
7
16
8
27
7
0
9
3
6
29
2
65
28
19
7
13
30
11
39
23
7
23
43
30
15
9
4
22
5
50
66
7
11
3
35
2
23
19
36
33
5
49
23
14
3
34
13
21
4
18
2
10
1
13
10
33
46
5
22
14
21
1
20
55
19
44
42
2
16
16
12
28
9
23
13
20
30
10
27
8
34
27
16
23
46
38
16
13
15
8
9
35
15
39
6
9
8
11
22
11
8
16
13
28
27
7
13
27
6
14
21
30
1
30
23
8
11
21
6
12
26
18
44
11
5
9
36
6
20
3
10
5
29
23
6
16
7
2
13
5
18
40
3
25
8
27
23
10
2
25
5
33
1
15
34
8
4
8
21
5
6
4
3
30
18
7
24
11
5
2
19
10
9
10
61
40
1
20
14
30
0
5
15
2
24
9
27
21
18
47
21
5
3
28
22
4
20
10
17
2
5
13
32
11
27
55
26
12
2
22
10
21
28
22
11
5
9
23
0
17
32
17
3
24
3
2
4
15
2
12
13
27
3
5
12
25
3
7
33
4
20
14
9
1
13
47
1
10
1
19
24
58
2
0
5
29
1
7
13
26
2
37
4
3
39
15
5
19
28
12
7
1
18
17
1
10
2
2
15
1
1
2
22
1
15
7
1
20
4
12
4
15
5
9
20
0
13
2
26
2
13
9
2
14
13
10
13
15
14
21
3
3
0
5
6
17
0
17
7
29
1
7
3
6
15
5
1
2
23
6
5
1
26
16
10
8
2
3
12
10
3
10
1
11
18
8
1
5
3
14
3
15
19
9
3
6
15
18
16
11
12
1
4
17
4
3
3
22
11
17
11
19
14
17
28
20
0
1
16
12
21
16
27
10
7
7
1
1
13
6
8
27
1
10
18
13
6
11
6
1
1
3
7
3
20
18
10
10
3
17
4
14
19
23
15
18
7
1
3
2
2
10
15
7
3
1
8
17
12
10
17
10
3
13
7
7
2
5
7
8
15
4
12
3
4
2
3
3
5
10
11
9
3
5
5
1
6
13
6
14
3
10
10
9
3
1
6
9
11
1
11
7
2
10
9
2
4
2
9
5
9
1
4
9
6
4
2
12
6
6
3
2
8
4
9
4
10
2
0
7
4
6
2
1
1
2
6
3
7
1
2
2
2
2
5
2
0
4
0
3
3
6
2
2
0
4
0
