0
1
4
35
31
15
27
23
7
9
15
5
2
2
10
8
7
9
24
15
1
12
6
11
15
7
24
26
23
48
7
25
16
11
5
9
5
20
2
26
42
7
21
16
41
24
19
29
37
51
7
4
3
30
21
6
4
17
17
25
15
10
19
5
37
25
12
14
54
15
30
22
1
6
52
13
10
21
19
20
8
5
36
8
29
33
13
17
24
5
23
24
11
19
14
34
16
24
30
43
14
10
21
8
30
3
19
38
2
23
13
15
5
4
19
10
1
10
22
16
28
32
2
13
52
3
0
9
9
19
26
10
32
17
11
4
25
25
29
30
21
23
9
16
19
9
37
19
10
3
20
1
32
8
32
8
25
19
0
23
14
30
37
3
13
9
11
14
11
25
5
6
6
17
31
17
23
28
11
1
13
3
2
30
4
14
13
7
13
6
19
2
2
25
24
16
4
6
35
27
15
21
21
16
22
9
1
4
11
7
12
10
4
23
27
0
8
21
13
6
18
15
8
3
39
21
6
16
34
11
22
2
1
8
13
4
8
7
1
7
23
14
6
6
34
8
15
7
4
10
5
11
2
5
27
43
20
15
24
9
4
35
2
2
11
26
0
17
2
4
20
36
21
27
17
19
9
2
16
5
0
16
13
2
8
14
8
22
3
9
1
9
4
8
22
10
10
15
22
4
14
1
9
26
21
8
7
1
10
5
15
5
3
6
46
28
8
19
23
20
3
0
11
8
2
2
8
11
0
19
10
6
2
11
1
2
17
8
13
15
14
2
15
0
13
13
4
5
10
1
9
4
19
2
8
6
5
13
7
9
7
5
17
9
8
23
12
0
6
4
20
20
8
10
1
11
13
3
10
1
21
2
5
1
8
5
9
18
3
5
6
4
11
9
1
10
14
12
9
2
8
3
0
4
0
4
6
5
7
9
4
8
13
17
2
4
3
3
2
8
1
4
10
2
11
3
18
7
10
5
19
8
6
0
2
6
6
6
10
4
4
8
2
9
4
8
7
10
3
8
0
8
1
6
2
13
5
11
3
4
2
1
8
1
2
4
3
1
2
2
2
2
7
2
3
3
2
1
3
4
1
0
2
2
0
3
1
1
0
0
