15
2
7
3
47
42
39
28
11
57
70
33
130
7
34
19
8
94
42
102
56
158
10
20
4
25
11
20
18
84
8
94
1
15
32
5
115
12
11
76
29
15
4
50
30
24
134
176
27
7
94
49
76
15
43
47
75
66
35
54
36
45
30
98
47
2
11
4
35
53
0
23
16
37
20
32
14
25
141
29
66
23
21
19
63
25
9
5
31
6
28
26
108
10
11
3
17
72
42
31
29
60
66
30
33
38
32
68
79
55
109
85
10
69
108
62
18
38
142
31
6
43
23
6
37
83
88
142
56
3
4
36
128
38
65
13
16
21
69
99
126
25
67
95
102
64
55
59
49
27
71
50
93
56
69
102
82
16
83
43
53
26
45
105
26
64
27
154
103
12
115
87
13
129
105
60
3
56
45
133
68
116
22
80
50
132
50
3
5
67
139
84
72
39
104
7
24
75
3
36
26
97
93
54
24
20
68
54
59
28
1
13
23
65
45
24
33
23
37
86
122
30
9
31
22
5
70
52
42
51
54
61
113
47
12
18
134
6
35
77
151
49
13
16
119
3
54
161
36
122
34
10
87
63
18
38
40
56
34
39
69
161
78
151
71
55
4
36
15
10
52
75
14
15
70
31
106
41
93
40
83
59
79
27
41
15
54
50
23
41
1
108
14
41
60
54
28
110
53
62
74
25
71
4
5
59
26
14
35
94
16
36
17
36
57
81
26
81
21
69
21
118
23
82
78
43
26
28
123
123
32
207
68
19
87
44
16
35
46
31
45
11
15
16
87
7
34
48
30
38
43
83
17
59
114
11
41
98
151
33
161
60
112
28
13
29
45
1
36
54
21
78
102
100
91
35
10
36
46
67
143
92
13
57
48
38
126
62
6
36
86
36
36
10
66
39
52
19
64
114
41
17
17
186
71
147
45
101
86
0
10
14
70
24
7
126
43
3
20
16
73
16
65
54
57
35
32
56
22
48
36
104
208
65
106
79
60
34
90
81
66
34
82
27
43
158
81
40
31
4
17
67
84
103
103
13
81
42
146
140
179
46
36
55
28
52
19
92
45
21
96
40
29
120
6
39
51
48
47
17
93
19
130
16
5
63
33
73
27
144
14
46
11
170
32
47
65
2
86
65
0
73
26
175
27
4
1
16
37
53
26
180
82
56
40
24
66
165
128
57
36
41
53
190
38
55
65
46
13
42
49
59
14
59
46
45
42
21
16
6
2
20
64
136
99
91
22
104
149
17
51
8
108
9
78
54
115
55
24
6
97
20
4
10
10
148
100
20
21
85
26
39
17
3
21
111
65
92
24
36
35
57
85
53
23
75
80
72
40
52
27
57
30
11
46
93
20
73
74
22
61
10
50
51
32
102
35
69
24
52
10
13
84
13
53
65
65
56
4
112
140
13
124
12
27
74
137
107
61
7
11
22
103
121
31
10
107
23
89
52
70
41
67
49
19
3
33
41
63
65
78
160
83
159
82
26
17
134
28
18
5
37
107
45
27
48
3
75
63
3
20
14
2
78
9
28
43
60
73
96
19
3
96
27
38
64
63
0
80
32
100
86
48
48
29
53
108
67
39
15
24
7
24
26
90
3
75
8
44
33
111
33
102
57
72
10
27
10
82
10
28
21
63
74
59
13
103
90
8
58
19
174
7
32
39
115
28
78
38
28
67
23
49
95
12
39
71
43
50
54
36
108
44
37
69
29
44
65
90
57
26
29
7
33
29
23
71
7
100
111
74
72
22
47
35
35
104
115
151
17
98
14
54
107
38
23
27
32
20
33
32
54
14
90
27
70
17
19
18
42
26
26
122
38
52
64
25
2
118
7
29
58
51
43
63
68
33
56
58
41
27
3
51
57
43
183
17
7
83
73
25
28
50
112
55
102
30
58
76
154
13
69
67
32
26
46
34
40
55
155
68
88
19
58
111
19
55
128
30
55
82
12
27
31
29
13
69
41
79
15
114
30
10
81
51
18
159
4
54
44
30
134
85
0
70
31
61
15
8
33
25
46
9
51
96
48
60
9
77
72
61
39
72
70
32
63
7
29
57
19
71
77
17
6
74
17
103
117
44
27
7
42
30
77
78
56
57
128
64
6
3
54
69
45
60
51
19
20
86
168
1
6
35
87
112
41
20
17
78
27
89
54
76
8
20
26
18
7
2
48
37
103
76
90
6
71
48
20
14
79
36
2
75
17
25
165
64
36
21
78
14
33
2
159
62
54
8
56
37
46
50
128
44
52
109
95
10
26
23
85
154
48
1
24
9
86
6
143
17
161
51
20
61
43
6
50
103
6
72
101
2
22
103
71
80
63
0
40
31
34
47
33
36
70
83
6
116
68
15
29
18
24
30
122
15
42
122
5
23
77
43
65
2
80
48
29
12
15
6
28
48
29
39
36
46
90
8
58
70
31
141
52
108
22
24
28
8
2
45
50
44
75
83
90
82
21
16
4
82
29
72
4
55
38
3
26
48
50
34
72
68
12
90
80
15
23
24
26
68
98
45
45
25
97
74
37
15
19
9
7
77
25
10
134
48
25
106
15
21
18
17
12
58
15
85
56
65
76
83
85
101
30
21
16
29
64
11
3
114
28
70
65
87
28
41
16
17
55
19
55
34
97
48
6
23
29
101
11
29
33
25
80
47
55
34
65
115
124
6
29
34
2
9
33
72
123
35
95
21
21
31
40
8
40
85
100
7
17
122
114
21
41
68
27
18
22
30
77
10
24
52
77
49
23
1
135
41
18
44
23
17
44
1
55
142
103
187
66
40
20
4
5
54
52
93
100
75
55
62
135
40
131
13
21
45
1
22
31
96
8
37
91
59
36
9
21
6
63
36
99
54
91
170
18
1
37
14
37
35
81
8
16
0
48
74
77
154
3
25
36
42
81
59
36
81
103
23
65
17
97
32
86
88
39
100
16
23
28
93
9
99
69
51
13
25
122
57
7
64
26
5
147
35
38
47
59
21
108
99
22
6
6
11
13
3
0
19
46
31
56
41
62
66
9
24
11
18
26
18
18
0
3
64
11
10
22
34
4
88
19
91
38
56
91
70
35
9
38
13
61
36
128
24
8
72
30
15
112
34
35
123
43
76
13
23
56
59
32
35
80
58
34
77
135
86
54
68
8
4
65
75
39
63
65
62
40
126
15
11
17
109
93
16
20
55
63
75
65
32
56
27
91
100
91
64
17
128
66
13
30
83
105
19
93
55
176
124
27
89
8
0
56
56
7
67
40
8
34
74
59
17
8
42
70
43
19
3
151
37
29
8
36
75
69
39
42
150
11
24
14
31
49
59
90
70
99
34
40
8
50
4
99
94
58
35
8
15
62
87
69
15
85
56
35
21
47
2
85
7
88
16
1
13
21
4
15
21
62
18
18
33
79
40
72
58
1
99
101
56
24
51
15
67
6
63
15
68
52
75
11
84
15
35
70
16
77
25
31
91
119
94
29
39
4
30
8
43
60
9
3
29
16
95
31
14
23
21
26
94
79
49
59
17
64
26
57
41
69
25
71
36
27
48
22
112
17
106
47
22
69
44
22
83
26
4
125
17
84
58
88
93
13
89
59
32
44
117
105
74
13
31
41
96
41
5
39
53
5
88
4
45
115
18
82
54
106
69
36
64
64
93
8
5
90
24
72
86
22
92
22
5
58
68
74
3
14
99
138
40
37
75
22
38
28
48
48
2
19
35
52
17
55
65
39
4
48
164
34
72
32
34
42
71
15
22
96
5
20
83
19
34
81
15
48
21
67
10
59
29
18
26
49
40
67
45
44
7
69
43
61
34
48
10
33
29
1
22
82
29
9
15
48
25
102
96
5
26
37
1
28
100
22
32
76
32
38
11
55
27
73
30
31
75
78
51
131
41
28
49
77
6
27
44
70
49
62
7
35
40
71
55
2
42
10
36
69
23
122
56
38
14
116
42
15
52
31
1
93
69
35
43
86
18
35
24
77
12
4
21
105
86
57
33
7
54
74
20
34
19
79
45
24
12
64
4
51
80
124
75
71
11
26
46
8
70
62
28
86
38
83
19
19
49
38
76
32
9
40
17
1
56
178
25
72
92
86
9
30
21
108
10
1
61
97
53
63
5
37
69
15
9
58
3
10
109
6
16
14
40
29
27
47
40
37
12
41
29
72
95
23
26
4
99
105
62
80
17
52
73
12
79
68
102
99
4
76
34
9
98
10
24
55
41
63
57
69
29
29
24
35
43
19
8
109
24
69
41
150
4
28
5
11
99
94
2
53
26
79
49
66
19
1
8
68
13
40
36
38
55
11
7
108
35
12
27
30
104
8
21
29
111
30
120
49
31
85
42
7
19
57
21
50
8
45
80
14
43
112
31
13
16
107
0
15
29
25
14
111
15
58
92
5
56
58
66
30
46
63
54
2
142
108
30
2
27
56
73
125
26
40
45
23
56
26
3
46
7
47
50
67
35
88
47
67
50
35
41
5
21
90
86
64
119
142
110
116
56
13
77
39
12
3
19
13
59
94
14
19
53
13
49
114
60
49
8
124
9
4
21
33
64
64
84
66
74
63
30
5
44
5
114
13
100
60
39
0
32
48
116
65
22
35
33
105
4
92
45
67
5
12
91
10
52
1
28
2
67
73
71
30
50
20
26
66
60
22
58
74
82
115
65
19
8
10
53
1
111
83
32
76
56
51
11
4
73
45
168
112
43
24
24
68
63
49
16
79
42
20
31
23
30
14
122
72
60
10
89
16
3
38
5
78
26
5
8
77
56
33
17
0
3
24
4
30
77
63
6
58
15
36
7
74
24
4
45
111
5
14
56
27
12
42
91
43
11
48
25
40
45
33
11
50
28
42
82
69
40
14
54
10
2
15
4
64
62
39
8
23
0
2
19
68
38
64
34
42
6
36
82
59
21
57
12
51
25
13
87
35
25
24
45
35
112
7
24
122
18
66
17
73
107
61
61
39
2
47
69
21
15
44
6
69
21
11
7
74
13
45
12
3
6
52
9
53
43
23
10
25
73
40
55
88
8
32
25
19
7
4
31
66
59
30
42
20
68
25
57
19
108
155
1
74
64
126
55
44
5
32
88
34
28
11
24
66
64
94
8
0
42
36
58
99
6
36
5
7
19
15
22
73
48
25
60
19
104
25
39
50
30
62
49
13
28
38
49
86
53
2
29
30
46
68
11
30
18
101
17
88
18
2
28
65
50
4
62
56
59
7
108
21
6
9
102
105
75
38
28
77
16
65
63
12
38
30
14
91
51
46
20
58
80
43
59
51
4
49
14
96
57
15
3
21
21
17
13
62
29
51
11
75
1
63
15
54
71
71
95
95
1
86
55
94
13
111
8
12
31
63
44
82
27
26
25
51
35
5
29
59
53
59
1
109
6
52
8
70
71
76
0
19
16
93
63
8
26
89
56
75
20
12
118
11
1
17
50
84
58
35
64
14
18
8
50
113
3
110
14
42
63
51
92
23
11
86
66
60
14
12
11
48
21
12
73
2
15
6
43
66
104
2
60
18
67
6
58
13
82
20
16
4
72
35
27
20
32
25
74
41
58
102
4
78
17
68
17
42
110
14
24
58
62
26
51
95
14
19
6
68
5
14
7
82
13
1
80
43
11
61
13
21
27
1
29
74
26
17
42
51
12
22
6
19
36
55
37
5
46
9
27
44
46
50
23
17
49
48
53
35
10
69
38
38
49
24
25
73
53
46
124
26
96
118
94
17
15
56
60
33
61
18
31
7
11
71
30
15
66
43
24
46
58
42
1
63
85
8
135
20
29
44
106
137
75
85
3
74
55
92
15
41
60
17
8
30
57
69
18
41
13
5
8
20
47
55
30
52
37
43
38
11
28
78
30
33
24
14
50
14
127
43
27
4
60
67
30
34
29
18
39
69
5
2
45
32
48
4
18
36
6
18
34
120
67
15
18
42
85
27
53
7
36
7
6
55
24
57
65
10
68
43
3
32
22
21
2
72
34
43
35
67
65
30
19
3
37
48
69
17
26
48
19
92
20
13
39
37
48
59
13
14
68
39
2
40
25
31
11
17
5
54
16
9
22
32
43
1
94
10
168
16
12
38
92
45
14
26
36
21
49
14
13
38
97
61
18
34
27
32
17
14
2
108
50
18
53
46
81
65
9
19
52
23
53
2
30
32
76
13
95
39
33
15
2
24
50
94
15
8
15
27
38
39
29
12
29
48
35
70
84
45
2
5
18
6
34
58
10
20
12
75
25
33
24
23
52
25
6
15
53
26
34
29
4
37
2
26
13
11
0
27
30
24
61
15
28
86
60
11
5
38
41
84
77
51
20
66
41
25
79
3
96
56
8
8
4
15
41
89
52
15
5
53
19
76
11
24
92
28
3
27
5
2
25
48
37
10
27
8
25
22
35
48
65
64
16
8
31
1
112
5
37
22
13
4
41
38
32
3
50
4
67
64
83
13
26
70
33
67
49
6
31
47
56
1
59
96
26
47
47
5
77
22
18
15
41
5
35
41
3
33
76
64
54
15
44
24
10
8
39
30
20
50
2
19
64
65
70
3
50
120
41
28
14
13
12
47
19
89
25
28
24
59
45
31
12
40
4
4
71
47
68
18
46
45
6
21
8
6
7
1
23
8
45
44
50
8
77
95
74
32
16
42
6
16
42
19
28
48
10
5
23
54
59
7
61
67
12
22
7
10
41
15
21
64
42
15
64
61
46
55
65
60
41
7
55
0
15
35
38
3
29
50
4
93
0
18
35
24
2
44
16
62
39
8
56
44
23
111
42
5
68
6
35
22
74
48
60
29
10
3
2
63
8
30
113
34
26
47
10
39
41
48
2
24
28
36
16
30
5
92
31
35
63
71
41
33
37
34
66
31
11
18
39
22
6
101
29
29
37
117
58
23
36
5
47
34
41
26
56
40
0
17
28
12
9
19
79
47
19
69
13
19
13
50
55
77
44
5
37
63
26
79
104
13
23
40
41
31
26
30
55
54
53
7
15
16
42
8
8
63
18
34
25
67
22
36
65
57
24
35
47
23
86
22
49
28
4
37
12
17
16
56
15
60
3
35
8
20
60
65
38
27
16
1
40
88
50
10
27
47
24
44
32
15
63
31
21
54
46
9
6
38
3
50
56
60
3
44
4
51
1
44
36
20
29
28
46
4
3
65
46
61
7
54
15
3
37
40
36
46
44
49
22
17
9
54
68
59
76
20
20
36
42
22
47
4
45
15
7
19
35
11
23
22
3
3
19
23
2
92
3
89
30
22
11
33
58
27
18
2
11
1
67
40
16
6
14
18
9
3
52
39
21
52
71
39
32
49
0
8
42
28
45
48
1
27
73
10
11
60
69
1
24
19
12
0
12
66
0
55
113
11
18
2
10
54
65
0
17
29
78
42
33
42
47
15
20
47
26
16
3
32
5
9
75
4
36
6
13
2
29
42
16
77
61
73
52
15
9
67
4
60
2
30
54
5
44
36
71
3
47
12
10
29
65
40
14
29
1
49
62
28
26
16
13
9
50
98
53
45
36
6
3
43
47
2
68
50
77
73
6
55
23
9
8
27
48
48
45
11
8
60
7
64
22
8
77
14
26
30
31
9
13
10
37
20
62
5
32
9
1
39
75
38
10
35
25
23
55
59
46
15
40
69
27
44
24
109
36
61
11
13
47
57
36
9
3
9
7
43
20
26
67
18
62
8
39
52
10
52
33
67
86
63
64
29
18
14
25
56
49
14
20
6
3
49
67
24
8
39
47
12
17
7
26
86
28
31
10
23
43
27
50
41
35
8
73
33
29
14
5
22
6
3
55
5
63
20
11
29
57
13
50
24
26
6
8
30
87
29
47
40
32
19
9
10
5
15
33
27
59
48
16
42
27
7
63
31
6
57
13
68
30
23
80
48
76
63
37
32
25
13
13
2
4
33
1
32
5
7
31
45
38
79
14
45
49
54
24
21
97
13
23
13
24
3
37
7
33
18
47
39
41
19
62
39
54
62
10
48
25
51
56
18
45
22
48
10
18
25
27
5
21
4
47
45
72
25
32
45
9
36
0
35
29
12
31
16
6
37
30
48
19
29
5
6
22
14
6
7
11
48
41
56
11
64
18
18
24
24
31
36
13
18
9
15
34
8
45
41
9
28
18
25
41
18
5
5
57
19
38
29
41
22
48
23
10
25
24
13
19
34
60
38
0
15
18
41
65
22
8
39
17
45
28
10
2
50
7
31
13
7
2
31
32
12
12
5
12
12
36
15
14
12
45
5
1
18
32
41
44
40
66
44
63
45
10
49
28
18
18
95
18
4
62
12
80
2
24
46
19
5
10
59
1
38
14
50
71
61
27
22
47
12
48
27
62
14
43
45
20
11
31
12
15
88
78
42
86
0
19
18
11
13
17
37
11
36
12
35
47
17
26
5
65
22
26
38
12
14
22
1
65
64
36
11
11
25
29
68
16
16
3
22
73
6
52
12
16
30
19
26
11
16
4
44
22
36
32
4
12
45
12
29
28
101
13
53
44
8
19
8
3
17
14
24
44
5
83
11
23
19
62
24
30
35
5
49
18
9
19
31
21
46
18
2
1
21
39
30
27
0
19
67
21
5
27
60
3
43
10
7
34
21
18
7
5
21
58
41
27
6
23
7
39
23
33
23
26
15
31
8
13
42
10
70
45
51
47
52
17
1
27
45
54
47
30
26
35
9
25
78
24
15
61
1
5
3
8
24
83
25
23
11
1
21
17
26
13
42
7
45
29
41
36
52
7
47
14
11
28
6
19
11
6
54
5
25
14
47
22
60
21
60
12
16
10
23
4
4
7
10
14
52
29
6
26
2
55
22
17
14
14
24
10
62
5
6
34
22
32
1
46
16
38
3
57
14
37
47
10
35
18
33
15
43
41
5
73
5
24
26
108
13
0
39
43
33
3
43
33
23
19
34
28
14
38
22
15
13
2
23
26
21
12
5
18
31
2
12
44
9
29
17
6
14
20
40
19
20
41
2
44
22
10
46
39
15
19
64
5
38
30
0
20
41
26
25
30
5
48
1
25
28
6
47
3
71
8
16
3
4
38
6
58
30
35
1
47
13
38
41
5
14
33
18
12
5
38
53
9
28
9
29
12
38
28
27
18
22
9
10
0
8
14
25
8
60
50
29
14
65
22
20
21
50
45
24
46
27
24
27
39
6
33
40
23
54
44
15
1
22
25
39
60
12
0
30
17
35
20
15
1
43
6
40
18
28
9
18
40
0
23
33
7
28
9
11
43
3
23
10
16
37
2
6
31
22
9
5
30
38
17
8
11
59
11
7
24
6
12
17
52
14
43
18
25
26
36
19
16
14
4
68
18
24
21
6
34
14
21
15
9
25
2
15
47
27
25
17
12
12
31
17
17
73
41
18
46
9
51
20
13
2
21
43
11
6
24
23
5
24
37
14
16
5
32
21
8
3
32
33
33
29
15
18
2
17
19
37
35
30
14
16
6
48
38
1
10
37
60
7
26
32
6
0
12
43
19
28
3
12
51
17
8
6
24
27
48
24
41
1
70
9
22
12
35
18
18
15
50
44
8
5
18
2
26
6
8
19
15
44
23
5
5
9
12
0
11
15
9
16
11
26
3
13
0
47
14
2
43
25
8
3
14
9
2
60
21
16
17
6
33
13
7
26
47
5
13
27
17
15
10
7
18
8
37
8
12
23
7
26
43
24
48
8
14
18
39
28
7
7
16
43
43
21
12
13
8
1
1
2
7
22
16
4
27
4
7
31
47
22
25
8
46
13
18
27
54
7
6
20
43
21
6
24
5
13
24
1
26
11
25
16
7
5
14
1
15
19
1
20
4
27
68
37
34
12
39
30
41
55
2
2
8
26
4
21
15
4
9
1
8
14
41
29
13
17
44
24
12
3
28
14
27
13
10
4
11
4
29
7
22
10
36
58
25
8
7
38
4
8
2
10
21
14
4
21
21
29
17
13
17
14
40
8
1
6
6
12
3
22
13
42
36
19
7
13
18
27
22
38
5
6
0
33
37
17
20
2
18
22
9
22
6
4
20
31
35
25
22
38
55
9
5
7
11
28
22
29
1
11
15
33
22
0
16
15
11
19
1
27
5
11
8
11
0
0
8
47
14
11
28
9
7
8
5
7
15
11
26
36
20
8
37
7
16
17
11
21
0
40
7
12
5
8
31
9
2
1
35
21
15
9
7
2
14
18
15
6
15
29
0
11
6
2
15
15
19
19
9
24
16
9
15
1
11
7
23
7
11
8
16
2
4
19
9
16
18
16
22
5
1
20
34
1
23
20
11
9
33
18
9
4
21
2
2
4
8
19
8
41
9
7
9
28
1
3
40
11
2
9
25
23
38
1
3
17
17
22
38
11
6
1
19
15
22
2
5
15
43
3
5
38
20
28
24
13
13
0
9
5
16
9
17
18
16
26
10
5
26
14
16
36
4
11
11
31
33
13
15
1
40
19
16
2
13
10
4
14
21
36
36
5
27
19
14
7
4
17
1
8
23
13
3
7
7
21
2
10
24
3
9
6
13
26
19
22
29
21
0
24
4
7
8
14
30
4
7
20
25
1
1
10
16
20
12
1
21
10
5
5
17
22
6
3
18
12
4
18
13
16
10
2
1
6
0
0
7
5
9
9
13
3
1
11
8
28
4
22
28
25
7
3
8
12
5
24
1
6
7
3
14
8
21
8
3
1
14
23
1
5
12
13
8
17
15
11
1
15
3
14
10
9
6
12
14
3
8
7
17
8
13
9
4
13
6
6
9
14
11
31
15
16
11
15
9
1
4
9
5
1
0
12
2
9
7
0
10
23
11
7
4
15
10
14
23
6
6
2
2
13
14
10
4
2
1
12
3
10
12
4
1
5
15
4
6
11
4
1
3
2
26
1
7
2
11
2
4
6
0
10
6
5
2
6
3
3
11
3
1
8
3
9
4
7
10
6
0
18
3
1
7
2
7
11
2
11
15
8
3
1
4
8
7
5
2
2
2
4
10
1
2
3
8
6
2
0
1
1
16
0
7
1
2
3
3
0
3
0
0
3
0
2
2
2
1
1
1
2
