11
29
21
18
2
2
23
130
25
103
14
3
13
32
28
12
55
13
9
3
5
3
22
11
11
18
31
7
19
15
56
18
92
6
27
169
8
38
28
8
19
19
169
39
7
51
79
21
19
1
49
66
49
54
16
95
10
5
20
22
53
31
52
46
45
7
32
35
10
73
53
22
10
38
6
52
48
59
19
5
83
60
110
30
35
0
3
72
83
21
74
31
55
1
118
75
84
61
76
19
13
38
13
49
31
138
42
41
89
46
15
111
4
39
38
75
12
56
25
29
64
61
56
65
136
61
11
21
16
29
14
0
77
64
43
61
15
32
8
76
98
91
4
45
26
73
16
115
75
36
71
36
33
65
3
60
53
77
2
33
31
59
51
63
76
34
9
10
69
11
35
0
31
0
9
22
92
9
45
45
139
32
20
63
17
179
5
41
45
1
113
30
127
23
87
84
24
81
22
30
7
58
37
22
150
58
17
39
54
81
2
24
56
24
79
97
32
76
158
2
56
20
69
32
138
104
20
49
71
50
98
37
87
19
20
27
75
42
98
12
26
60
73
45
94
119
17
57
4
1
93
41
100
3
19
63
29
30
38
24
71
72
38
154
20
40
32
102
37
68
5
59
8
2
23
6
76
58
61
14
30
32
157
94
7
78
30
54
21
78
18
146
11
51
12
42
55
23
61
27
9
57
84
46
55
17
85
100
86
70
49
16
42
107
3
13
29
73
5
74
32
51
17
11
61
20
48
95
45
55
111
84
87
35
0
41
127
65
136
14
68
14
65
57
92
98
11
58
138
65
31
12
200
89
170
23
6
191
18
23
2
111
34
34
134
58
14
131
8
8
41
91
57
16
69
0
23
21
32
79
67
2
5
34
12
61
90
32
83
23
100
41
7
37
47
137
31
13
2
116
86
57
96
55
50
8
41
84
59
47
8
118
46
25
59
93
61
9
38
15
11
94
86
17
24
86
5
5
58
60
28
60
29
159
31
39
34
34
46
38
22
10
2
90
53
16
48
157
25
0
15
34
161
63
35
77
107
16
41
8
40
168
78
142
36
87
85
11
18
74
95
67
56
76
24
62
10
2
186
79
55
37
54
63
24
24
27
32
77
51
69
19
53
23
14
16
10
82
3
16
19
77
15
39
162
48
29
170
14
46
15
8
15
93
63
19
35
48
113
73
35
3
77
107
2
13
35
112
75
25
105
103
15
41
20
60
103
38
56
71
31
21
12
23
38
4
80
80
60
91
19
3
38
69
61
103
101
152
91
25
121
40
103
37
57
26
174
24
57
57
65
37
19
60
26
6
11
20
11
1
78
21
4
79
8
82
111
53
3
55
138
78
67
37
128
53
24
66
40
44
4
48
71
23
16
17
11
58
72
92
117
2
11
117
42
94
2
39
144
37
59
29
17
98
41
4
103
20
78
84
20
43
43
5
10
128
10
15
1
121
38
84
1
128
118
31
42
23
36
60
47
31
59
63
9
156
94
4
8
73
45
119
52
171
117
66
52
69
22
1
45
93
78
66
20
56
26
18
1
121
136
71
21
94
72
115
35
20
2
75
126
67
56
137
100
5
28
40
1
11
45
25
57
140
0
29
93
96
76
143
35
3
119
54
72
86
11
14
95
41
29
14
42
56
46
6
29
80
36
28
58
37
55
73
1
162
65
22
61
50
37
56
174
38
90
28
34
63
7
13
54
22
131
113
21
83
95
5
31
38
54
12
36
62
65
72
15
20
77
15
16
84
34
3
35
52
73
43
12
26
4
49
1
9
51
111
44
1
16
23
22
63
7
49
111
47
67
6
49
32
28
71
15
64
84
23
28
33
10
84
41
46
4
86
38
105
41
26
9
3
64
205
106
67
13
29
158
3
130
47
29
78
26
12
67
39
34
15
62
12
116
69
14
97
101
6
118
115
12
59
27
7
7
11
67
36
92
18
9
66
78
66
101
49
38
55
5
29
63
36
26
51
87
161
56
6
9
11
0
74
27
52
30
12
22
19
12
76
35
29
98
61
3
61
44
83
148
32
22
26
65
7
54
3
113
21
1
43
89
9
41
41
35
62
22
100
9
49
27
30
25
80
50
30
11
22
80
13
9
14
24
15
38
51
44
27
21
5
124
42
0
75
50
116
80
23
39
67
26
40
205
117
97
74
23
50
4
18
173
21
49
37
76
109
92
50
0
87
117
21
43
84
30
40
59
170
66
27
65
61
46
37
17
23
68
18
48
38
24
8
4
50
63
158
92
99
41
2
31
17
7
27
101
70
43
109
42
91
10
18
63
14
66
40
107
23
6
66
94
96
26
77
31
41
82
57
109
36
21
63
4
41
74
19
9
32
39
33
49
51
15
76
73
15
87
62
24
110
26
62
20
155
9
15
39
19
12
9
37
46
5
15
44
76
35
44
95
123
37
11
47
48
40
54
49
36
80
120
48
46
87
22
77
87
64
28
85
10
33
58
55
115
97
59
121
87
53
27
87
153
20
90
46
47
59
103
35
18
115
36
9
15
65
57
98
65
107
7
7
68
29
51
6
19
70
116
59
10
10
45
35
36
56
14
19
42
58
68
159
37
40
76
16
75
83
15
105
12
85
60
25
72
10
49
24
78
29
16
18
30
77
30
2
29
42
11
58
15
82
60
64
52
28
87
13
39
3
89
141
17
180
12
54
26
103
40
46
54
2
13
38
53
132
13
5
63
89
10
42
81
39
55
22
35
44
17
28
64
151
26
15
22
80
50
45
44
50
74
67
130
69
21
102
49
20
62
18
4
86
16
140
6
29
26
31
77
38
42
54
12
87
58
50
86
70
77
32
46
53
23
15
134
1
7
94
13
60
76
57
4
13
127
13
7
111
3
3
56
0
66
16
28
69
100
11
3
80
89
57
91
92
24
22
37
2
5
125
47
70
26
33
35
73
19
78
29
23
84
4
69
33
4
52
180
66
31
30
79
34
104
114
3
52
25
18
105
12
13
12
33
13
3
1
12
90
22
15
44
108
67
8
38
29
20
87
54
15
104
42
35
7
91
71
22
27
109
51
63
4
55
86
42
42
6
27
53
31
65
33
33
21
54
86
63
33
10
23
11
22
14
3
127
22
13
67
35
24
21
67
29
9
28
3
8
6
23
3
1
40
86
2
15
21
84
79
50
20
26
23
54
5
46
59
82
20
32
29
3
131
9
28
6
60
60
10
42
16
3
11
11
43
108
59
84
87
42
8
16
153
7
33
23
32
82
81
63
35
127
50
35
140
22
38
7
15
91
49
42
75
57
62
17
0
54
15
41
13
86
160
3
90
39
27
100
84
5
86
24
61
23
102
68
31
31
49
33
49
43
121
18
14
9
51
18
21
25
48
85
39
40
78
31
24
9
43
112
3
65
19
27
84
25
40
87
30
64
18
91
30
29
53
40
68
28
34
122
58
16
31
35
34
49
12
12
92
62
39
4
9
114
60
15
66
51
37
47
1
16
9
49
10
27
24
29
102
65
63
30
108
5
58
34
96
95
66
46
5
72
65
20
47
83
4
108
30
43
133
5
12
2
95
5
50
54
56
26
44
41
22
10
97
37
57
10
63
48
94
18
37
33
82
12
123
25
18
35
68
7
71
40
49
39
62
97
19
46
77
15
62
45
5
18
25
48
29
19
30
79
55
78
75
66
44
61
107
17
93
63
28
83
28
50
13
27
6
78
53
13
17
60
109
4
25
12
17
48
33
21
7
58
37
111
77
56
167
44
34
85
81
43
26
10
63
32
49
33
40
53
68
24
34
11
24
11
96
50
29
17
65
3
34
28
47
25
31
99
5
24
73
16
27
31
70
30
16
4
65
46
23
42
1
65
28
7
16
49
31
34
78
92
49
41
55
20
68
15
0
79
0
38
119
96
13
104
55
43
54
132
21
91
74
89
6
74
26
60
8
103
40
51
33
49
3
125
56
20
21
16
98
60
98
32
18
15
23
60
49
50
31
25
10
135
91
6
55
25
34
11
13
5
88
55
93
48
42
90
85
111
21
62
51
114
53
41
35
7
83
43
67
11
21
55
46
5
11
68
72
38
14
24
78
29
36
45
30
29
81
51
17
51
39
78
41
67
40
23
20
36
26
68
2
54
13
38
31
25
40
14
50
26
2
14
35
63
49
12
28
45
39
9
71
93
55
45
8
11
9
52
88
58
9
23
12
20
36
81
25
51
111
18
18
92
48
6
27
55
138
2
16
10
24
44
18
33
11
46
13
83
39
102
10
19
67
46
8
38
22
54
99
19
72
138
28
28
52
39
4
11
71
33
13
22
38
75
33
3
4
6
48
107
115
39
69
38
18
6
79
27
8
1
2
91
49
61
75
12
6
43
36
67
79
103
3
12
52
35
23
14
47
27
10
48
47
37
159
17
17
18
132
11
54
44
29
35
101
34
11
43
19
43
55
15
88
82
16
73
67
95
71
38
53
10
57
54
27
37
72
23
65
3
85
12
115
8
94
112
41
15
5
10
87
66
68
57
143
70
4
40
32
47
9
25
31
5
97
102
79
50
2
13
96
8
114
119
71
2
83
6
19
53
23
8
65
88
58
6
52
29
113
35
52
89
30
19
29
80
37
79
2
65
42
22
27
21
51
68
73
79
63
43
11
104
48
99
13
67
79
99
43
39
32
17
19
32
22
58
76
1
16
37
1
4
71
14
45
31
52
28
8
54
25
1
66
7
28
78
29
69
4
43
36
23
57
34
34
100
14
9
45
79
51
43
18
29
18
60
96
59
14
85
66
6
17
73
35
108
10
4
79
23
31
33
2
15
25
47
34
106
58
10
28
80
53
19
88
12
29
91
67
8
50
62
28
6
35
1
71
29
20
7
5
89
9
5
2
35
18
9
57
83
30
46
79
41
11
74
136
120
75
61
72
46
11
11
83
45
45
147
23
14
6
0
81
43
7
38
49
21
4
69
47
53
33
58
37
18
16
18
31
44
45
12
8
76
35
71
0
63
37
59
98
86
47
77
16
35
13
70
112
30
13
48
2
39
1
66
53
92
1
144
18
50
68
45
36
55
2
50
80
76
12
72
41
21
25
103
46
72
66
74
36
20
8
46
28
35
64
46
58
78
95
29
15
11
61
68
57
87
36
14
74
16
102
55
33
108
20
38
29
14
17
5
74
73
27
31
9
44
40
47
42
16
56
59
20
12
45
81
40
100
51
19
13
49
124
39
92
92
68
31
49
40
35
50
44
70
19
29
15
26
43
24
88
61
16
85
17
64
30
61
84
37
47
48
88
63
5
28
16
21
71
73
53
31
71
3
79
67
81
26
50
49
44
48
102
38
103
158
7
3
26
34
16
24
87
52
31
14
0
66
11
14
51
63
24
31
22
51
77
97
11
11
55
9
31
16
102
10
82
93
20
3
12
27
24
73
13
60
52
5
34
32
73
66
42
38
1
48
59
22
85
51
30
68
43
60
30
56
22
30
69
18
40
8
92
47
37
74
10
30
40
8
25
21
48
29
24
53
17
35
31
68
68
106
90
6
53
46
35
24
111
15
32
4
61
8
11
33
70
39
7
31
35
16
38
93
64
103
2
26
94
13
1
59
40
41
14
53
16
18
16
16
101
67
6
41
55
44
76
2
71
17
47
16
12
54
5
65
10
47
18
35
91
18
4
70
32
15
60
42
37
110
25
9
33
54
44
36
16
14
17
10
30
87
21
18
118
95
22
46
27
9
19
10
47
79
9
49
27
16
49
16
66
136
16
24
33
41
43
63
42
71
79
14
30
65
60
23
53
11
6
28
16
34
20
82
101
48
9
23
16
16
9
26
64
43
29
57
65
19
9
15
30
11
61
49
9
58
71
38
100
11
19
57
7
83
7
12
35
88
44
90
13
50
27
35
37
81
74
26
2
67
6
39
17
73
69
91
18
30
72
5
40
33
89
1
149
1
53
61
17
27
4
18
42
9
25
3
60
7
108
16
1
35
110
36
16
10
29
75
56
26
17
15
15
79
48
9
4
60
37
49
73
26
10
58
10
84
59
56
112
129
31
80
28
92
21
68
3
60
16
52
48
20
13
7
77
45
44
18
42
32
45
69
29
54
82
80
91
1
60
65
75
2
11
47
78
11
24
2
51
89
52
43
7
44
61
7
19
3
40
56
45
14
92
52
30
52
1
14
32
10
21
39
34
49
39
32
6
30
26
69
47
43
47
12
29
1
35
6
16
45
14
33
7
15
44
15
13
8
10
52
14
35
51
37
75
2
11
24
14
92
23
90
1
49
122
19
18
22
20
1
8
52
68
43
41
7
35
57
22
39
20
31
14
21
64
27
0
5
48
114
56
49
14
41
34
8
97
43
25
22
23
12
71
1
22
63
26
38
9
35
33
20
14
77
42
22
109
58
13
20
5
17
2
20
26
28
33
51
25
14
24
18
60
84
77
5
44
43
29
27
45
36
32
67
2
31
122
69
63
50
59
30
44
32
2
15
81
15
23
17
0
78
22
66
6
2
22
34
61
5
46
85
46
6
21
12
11
5
42
18
26
26
55
16
1
30
67
23
36
57
71
5
29
4
24
115
1
50
0
40
43
71
71
30
41
21
37
85
30
9
23
66
133
45
7
2
20
2
36
17
0
26
14
32
24
63
32
94
62
30
16
54
1
27
21
0
32
14
36
68
7
61
32
49
24
24
37
7
27
26
6
110
25
41
13
27
29
27
12
37
18
9
3
30
4
112
58
30
13
2
3
18
26
28
48
25
66
34
59
1
45
32
39
56
67
57
32
25
115
6
14
35
31
7
56
19
8
17
58
51
20
17
8
6
48
9
24
33
51
8
78
63
33
108
55
81
25
30
40
4
1
60
19
50
12
76
34
44
0
17
1
63
59
15
48
66
72
71
42
18
24
78
53
44
2
16
20
44
43
18
85
64
12
27
71
58
13
22
5
50
62
28
28
78
9
27
39
50
35
7
64
11
21
3
15
39
45
12
41
7
48
74
1
59
1
41
76
9
31
50
63
42
5
3
6
17
48
23
49
37
61
40
38
1
24
26
30
1
54
74
40
43
37
21
22
8
16
33
7
1
38
35
35
36
28
8
118
18
2
47
32
29
24
70
5
25
75
11
17
42
35
5
50
5
38
38
18
32
17
50
6
28
77
20
38
80
10
30
44
15
26
24
2
14
30
11
42
23
1
1
27
1
2
59
91
90
42
45
27
42
22
0
13
12
0
6
60
13
5
12
38
23
5
8
49
11
3
6
48
16
20
19
35
38
43
43
28
54
73
70
12
1
49
1
9
8
27
9
13
32
16
5
109
5
20
10
70
28
10
15
5
14
5
24
0
5
48
20
39
29
9
11
45
5
43
8
29
39
13
27
38
15
12
29
18
5
22
22
6
40
4
4
35
37
40
32
0
18
31
60
1
70
5
47
35
15
80
23
20
49
38
54
69
13
48
23
45
33
23
4
14
68
3
67
59
45
11
34
9
7
3
7
31
34
40
14
23
19
4
6
48
66
32
2
17
37
9
4
33
3
36
23
2
64
59
33
3
24
27
5
48
35
23
49
29
4
12
64
64
22
22
22
23
56
42
31
28
1
30
9
7
11
64
23
15
28
46
14
8
29
73
3
19
9
29
42
30
45
45
13
3
5
15
12
20
33
67
15
41
57
12
8
3
16
37
32
53
17
18
4
45
33
27
4
15
17
73
25
24
7
102
26
53
17
33
74
38
16
3
16
36
3
14
33
11
14
8
65
105
17
36
5
45
41
38
15
31
56
27
5
20
12
24
32
60
35
47
13
48
16
21
2
35
71
43
99
108
51
20
18
18
47
1
25
39
40
35
8
31
54
8
2
1
25
10
11
39
37
2
40
23
61
12
28
44
34
13
30
21
49
7
10
30
21
66
15
28
34
4
3
55
31
69
52
22
77
48
59
0
12
7
9
6
18
27
79
5
12
24
12
28
54
21
55
11
24
38
36
1
39
80
41
10
23
70
10
36
3
32
39
0
20
9
10
113
5
2
32
32
19
24
16
17
39
11
29
13
11
59
7
15
19
1
27
26
18
114
29
58
31
59
18
29
88
21
0
0
100
19
37
9
11
58
2
44
33
49
22
16
19
17
68
27
5
63
37
37
58
8
31
43
20
28
2
15
19
50
13
61
32
56
4
49
10
4
13
6
30
37
57
83
24
31
27
35
0
17
29
58
16
6
20
37
10
41
16
24
1
41
48
61
0
21
29
62
5
12
59
4
15
21
11
53
32
71
43
17
3
22
71
45
35
8
32
28
17
25
46
26
89
16
33
41
0
48
28
26
80
6
50
9
32
32
33
8
3
17
3
56
62
15
27
27
6
26
14
27
53
70
12
20
30
20
18
39
12
28
20
40
63
37
17
38
33
17
8
42
45
28
30
56
1
9
12
12
42
47
3
37
12
93
11
5
34
26
51
21
17
7
20
11
8
10
21
4
24
79
13
18
8
56
51
30
43
1
19
42
22
33
19
85
52
36
36
10
4
30
14
43
30
47
43
7
39
55
3
56
21
40
47
62
11
30
7
5
8
8
5
22
29
11
7
6
21
70
36
8
40
54
19
13
14
49
24
29
10
43
10
6
0
39
22
23
21
69
23
8
13
21
7
53
27
7
18
52
19
41
9
15
20
11
24
20
5
51
10
57
20
14
23
37
25
19
37
44
9
69
2
2
20
3
46
7
7
34
65
10
20
77
11
3
39
10
33
17
10
33
0
71
5
16
51
7
35
1
54
36
9
24
76
18
33
15
99
55
35
46
16
42
7
51
14
36
22
18
13
60
18
38
21
42
32
20
11
1
1
10
10
61
3
21
10
35
29
5
21
9
32
39
19
59
40
43
11
15
10
47
24
18
4
39
30
37
26
16
3
13
5
25
13
11
11
3
16
54
69
34
37
61
17
0
40
42
91
25
2
28
26
21
38
40
9
14
15
21
14
58
29
62
6
7
19
3
10
34
26
18
28
16
19
41
57
34
45
13
40
41
39
13
15
25
22
14
25
40
0
56
4
24
35
14
3
18
25
37
20
36
63
21
4
38
38
31
9
3
23
17
28
9
49
36
14
46
13
22
53
9
57
37
42
5
10
32
23
66
23
4
19
19
31
7
10
54
18
10
8
4
33
2
4
5
8
49
16
12
23
17
46
30
3
14
24
1
6
25
37
19
30
47
67
39
48
18
9
13
24
44
19
18
18
4
25
12
6
5
1
14
26
50
46
6
48
27
4
13
28
18
2
44
50
22
30
9
10
21
16
25
24
26
24
16
48
31
11
9
37
4
50
23
11
28
16
4
22
5
23
8
34
30
14
32
15
33
29
15
53
20
26
2
32
35
3
51
29
19
5
38
19
76
58
4
16
62
19
44
112
46
23
40
2
14
33
9
26
19
10
91
50
40
1
6
19
12
45
10
30
1
28
7
3
1
49
31
26
16
22
18
49
26
21
31
8
31
33
19
2
23
9
29
8
22
7
13
7
39
78
32
5
35
5
25
8
26
57
19
11
35
30
54
40
42
74
17
31
23
44
11
37
5
1
16
4
0
15
23
5
20
26
22
22
20
13
63
18
10
29
4
38
18
5
20
10
23
30
12
11
20
4
0
35
22
12
42
32
26
37
8
20
29
2
25
25
24
18
31
34
3
1
25
17
8
13
21
55
2
10
34
22
8
18
23
14
1
46
37
14
17
5
20
13
22
7
3
5
11
5
43
33
9
25
48
5
1
18
9
22
34
6
1
4
4
20
3
34
24
3
4
8
26
4
6
13
10
13
14
3
16
9
15
6
54
27
16
5
23
29
1
20
7
18
52
16
17
15
36
12
24
6
33
6
3
4
16
30
2
3
32
12
4
8
6
35
12
34
3
6
1
6
5
9
5
11
26
38
2
28
3
16
23
47
11
32
53
5
65
11
31
17
34
17
8
4
6
7
22
2
16
1
8
0
23
5
17
37
13
2
33
20
12
24
19
5
20
8
28
32
27
16
56
11
11
3
27
2
12
25
7
4
34
27
6
18
55
40
11
2
3
7
24
24
30
10
15
5
10
17
31
2
7
6
7
2
31
39
16
23
12
9
11
23
5
1
28
5
5
19
20
9
12
19
15
7
6
4
40
11
7
3
12
13
10
28
10
27
11
14
45
14
9
13
11
20
15
26
6
20
2
9
46
34
3
12
22
30
17
14
10
6
32
14
29
6
51
5
8
19
8
19
36
16
39
17
4
6
19
32
28
8
19
21
15
3
2
7
14
28
4
25
1
23
10
3
7
2
33
28
23
1
23
3
14
24
15
20
15
13
33
41
12
4
12
11
9
25
3
8
10
19
17
35
12
26
4
18
6
4
18
3
13
18
30
4
3
1
3
25
5
12
8
11
2
19
16
20
18
12
27
9
32
20
0
6
28
13
36
13
16
30
1
29
5
16
30
2
13
26
23
14
26
7
13
19
23
1
43
0
6
10
3
0
13
1
2
19
10
7
31
9
3
16
10
13
5
7
11
24
22
15
16
36
5
4
13
0
5
4
23
9
30
6
13
17
1
7
8
6
14
15
4
11
1
21
12
5
13
9
17
25
21
9
1
7
5
8
17
4
3
0
4
11
16
27
2
18
11
1
11
0
8
4
7
15
11
27
6
2
2
24
13
10
5
3
18
2
8
2
7
15
2
3
8
32
3
13
24
23
12
3
5
11
11
36
1
19
8
17
8
10
2
8
2
6
8
1
17
18
17
1
11
2
10
10
2
14
1
12
7
9
4
0
15
4
7
3
4
20
13
5
21
13
5
13
1
3
4
1
4
3
13
6
22
5
1
6
13
3
22
1
13
2
5
1
9
12
2
13
6
9
9
2
10
2
9
5
15
6
7
13
1
1
10
7
14
1
3
0
2
4
16
8
26
4
8
7
2
13
3
6
0
6
1
14
4
11
1
11
1
1
4
4
8
7
3
3
3
1
15
2
7
5
10
2
1
4
2
0
7
7
6
7
6
2
2
4
2
4
8
6
4
1
1
6
6
5
1
6
5
1
1
6
2
6
2
6
5
2
12
1
4
1
0
1
1
0
0
0
0
0
