29
44
96
27
59
12
17
20
4
24
57
2
56
86
2
13
11
27
37
67
58
30
17
58
38
17
6
1
100
7
10
44
8
62
125
14
30
22
58
28
60
159
17
70
44
44
45
22
32
11
69
5
41
7
32
37
19
50
57
2
12
59
27
53
101
51
77
36
55
15
12
41
154
20
40
58
50
70
59
76
66
16
24
42
28
69
55
35
42
15
35
6
0
77
63
70
71
54
106
57
11
13
50
7
1
51
58
7
38
27
9
72
37
104
59
25
87
37
44
61
22
40
53
71
92
4
9
9
81
69
60
55
24
1
100
71
27
72
65
131
61
4
15
41
9
63
89
27
65
48
13
22
86
77
31
66
107
70
188
55
29
57
117
68
168
9
95
66
18
28
120
89
21
46
88
55
42
100
22
10
28
42
27
7
2
74
47
42
27
115
37
118
85
25
5
101
31
21
119
75
35
2
59
8
65
124
15
18
36
71
47
5
52
101
21
14
34
3
41
35
39
33
6
50
14
8
124
63
94
18
82
99
40
51
54
11
96
34
11
71
69
41
9
9
14
44
33
177
33
69
33
64
40
60
43
39
68
102
58
5
36
6
21
37
86
86
108
30
27
25
48
35
137
65
28
47
132
81
206
1
41
76
61
9
79
78
59
2
122
26
78
89
5
50
33
81
88
6
5
33
36
10
182
2
123
16
140
67
142
17
115
42
23
17
88
9
56
24
32
66
43
46
35
2
114
80
61
6
80
26
32
27
69
19
2
60
64
3
18
32
73
99
16
111
54
4
70
16
100
81
21
86
40
54
49
18
2
4
78
68
29
17
170
12
108
17
40
33
132
36
42
15
52
14
81
17
11
33
41
2
14
51
52
19
114
15
44
13
57
177
67
6
11
14
14
36
88
24
80
11
4
103
4
20
85
80
36
214
5
112
36
3
11
0
42
10
78
64
235
63
46
14
6
54
33
74
14
58
2
23
31
33
25
20
20
19
19
2
91
73
103
29
103
24
15
7
86
95
22
25
103
7
85
42
4
54
38
18
54
22
60
25
47
80
50
18
23
45
86
7
86
98
9
108
45
6
7
33
35
8
36
15
53
20
87
44
21
97
14
43
78
15
53
14
45
51
56
20
63
2
7
68
75
72
31
17
113
19
31
12
49
19
7
36
42
85
30
109
14
77
156
51
35
58
25
6
65
29
7
1
79
41
77
18
15
6
82
80
12
48
4
21
37
9
38
86
47
48
8
92
96
94
32
149
92
66
41
0
20
0
91
14
70
106
152
23
11
0
108
54
75
45
27
3
66
38
81
6
5
46
12
4
39
163
31
2
95
60
70
56
26
64
115
98
15
41
114
85
31
89
117
27
37
14
6
68
46
50
83
118
89
63
89
49
2
74
15
84
32
95
15
94
78
5
20
11
68
97
160
118
66
63
5
36
23
70
4
47
35
6
92
3
37
23
16
18
40
41
41
112
70
20
51
90
46
9
26
131
84
40
66
6
35
57
61
111
2
52
25
120
53
15
69
49
52
23
196
43
14
27
46
39
13
105
86
116
69
7
78
34
15
31
106
41
16
38
13
21
37
97
32
1
6
55
45
44
2
13
1
54
18
26
38
55
65
140
77
69
46
68
49
62
68
74
112
12
39
58
22
2
10
44
24
80
164
8
43
67
76
73
54
50
24
71
79
56
40
110
26
13
131
105
21
48
54
24
12
62
12
91
171
16
65
36
16
16
52
36
22
87
3
52
21
19
130
15
47
66
82
79
65
91
48
17
25
50
3
25
49
24
105
24
96
35
46
25
25
70
114
7
128
11
5
82
42
47
94
15
69
55
80
113
47
66
35
11
48
16
8
7
19
87
81
39
72
27
18
135
23
194
10
89
26
36
10
93
114
99
81
39
78
20
26
25
104
11
119
67
5
45
27
13
35
76
12
6
54
62
8
32
52
45
109
8
11
141
90
16
97
192
8
5
100
74
33
17
65
24
90
9
8
52
41
74
52
10
7
30
6
30
5
38
6
42
44
38
26
24
47
4
27
1
28
129
15
2
8
20
82
19
36
17
39
0
30
11
120
50
87
11
43
58
100
37
31
50
101
43
18
29
11
138
28
53
34
120
72
40
42
6
52
25
59
78
76
60
7
17
65
5
39
29
98
60
12
173
30
115
31
181
11
2
11
109
99
70
13
49
49
27
18
87
91
68
18
73
80
20
23
48
46
8
211
77
75
74
52
88
94
91
57
15
133
12
5
46
148
14
32
20
61
22
4
11
32
4
19
55
2
94
49
33
3
152
82
64
47
13
11
28
8
67
97
23
50
48
90
25
11
89
63
79
90
51
29
51
33
42
101
4
47
68
5
109
21
4
54
57
76
2
19
26
29
5
44
22
209
63
115
19
10
83
55
66
48
2
48
25
18
28
60
42
36
49
62
77
31
30
72
12
38
51
14
66
27
9
58
51
3
37
11
42
108
74
139
6
6
57
39
22
17
67
3
16
22
39
17
31
3
75
25
20
66
59
76
25
66
83
38
3
31
3
137
19
60
83
103
60
22
59
109
56
37
55
13
94
75
85
118
86
74
13
17
70
30
60
135
1
50
36
24
27
33
65
58
61
8
20
96
24
24
87
47
34
4
4
58
96
31
49
12
26
2
30
11
71
92
45
107
55
27
71
55
54
18
9
90
16
36
7
29
34
49
45
23
22
43
33
211
18
59
44
62
119
101
19
104
64
43
47
49
43
18
16
8
3
27
19
3
34
19
143
2
31
49
33
192
98
67
90
17
48
29
5
37
55
9
25
15
84
47
51
99
43
21
69
14
95
33
17
29
60
25
9
23
46
1
55
39
125
53
1
14
190
34
57
51
15
89
9
58
29
32
31
80
115
137
19
2
22
52
62
9
43
88
42
131
83
118
79
118
69
52
68
59
46
185
69
26
19
31
17
7
18
17
55
1
81
33
39
2
21
40
112
119
0
21
142
53
7
107
22
19
50
31
23
69
102
21
23
33
60
76
14
7
40
20
73
77
16
24
143
59
8
11
40
86
59
36
87
4
96
78
64
14
15
14
63
91
40
20
56
26
39
60
157
55
8
46
23
56
25
15
23
7
14
47
46
22
45
24
51
21
71
64
83
28
103
7
44
47
28
99
65
17
73
14
53
15
21
62
112
52
10
69
0
65
74
46
33
34
83
36
30
29
57
128
138
7
25
26
48
84
35
38
56
8
80
26
46
21
2
24
80
125
64
62
15
15
48
18
14
2
42
14
50
163
40
50
39
11
4
14
32
38
56
43
8
30
24
59
27
11
98
67
15
37
34
55
44
153
6
6
43
26
22
3
13
63
27
31
72
84
41
106
128
28
6
49
44
151
50
22
114
84
64
11
1
9
4
38
34
26
33
22
65
11
88
100
4
36
28
71
5
15
69
14
51
19
7
96
11
12
16
56
23
23
40
63
23
15
55
75
120
26
76
83
85
23
25
63
58
62
41
19
52
29
40
46
3
54
47
41
23
27
83
144
10
72
1
39
69
8
38
19
45
65
41
59
12
81
111
63
59
168
16
43
59
40
36
26
73
29
21
19
1
92
47
93
58
11
20
42
12
78
23
34
30
10
30
84
66
45
22
8
63
32
37
13
29
29
1
33
64
6
44
153
13
10
47
3
19
40
37
9
74
116
3
28
19
22
25
8
7
11
61
87
87
60
30
63
27
73
15
38
33
39
4
83
124
20
66
7
8
49
82
100
88
27
87
18
63
6
74
11
98
29
103
76
20
102
72
82
11
133
31
13
83
14
3
22
26
113
123
17
20
116
52
28
53
1
34
36
81
6
37
55
69
52
84
61
27
89
32
36
4
67
18
39
18
1
52
7
17
41
20
4
16
35
52
24
48
94
97
55
40
10
86
117
29
22
39
53
29
84
42
19
56
18
40
40
107
13
99
14
24
9
28
62
1
42
3
17
73
44
71
49
32
38
59
47
89
3
61
46
71
95
11
118
19
80
74
23
2
11
69
8
9
2
22
2
55
76
96
13
48
9
23
42
173
70
10
90
32
55
54
7
67
64
10
8
39
36
56
17
24
49
55
100
70
19
89
9
24
10
8
26
39
30
47
23
16
27
25
69
6
43
65
109
112
66
63
91
2
1
3
11
2
27
48
48
105
29
71
130
46
50
46
35
41
35
112
28
115
32
9
69
6
134
65
112
49
10
40
25
59
23
10
33
89
70
10
119
52
57
23
40
110
28
40
35
6
70
123
17
20
10
41
14
7
79
88
63
85
1
102
15
69
6
77
8
86
32
99
31
54
16
33
26
88
83
58
18
1
52
71
103
33
84
28
9
6
31
82
45
53
20
43
8
78
58
102
16
2
97
3
46
5
57
5
53
32
88
74
27
45
28
34
71
24
58
32
55
75
6
48
35
18
22
12
58
54
25
39
13
19
33
18
154
35
35
25
136
74
106
42
43
70
109
58
54
88
21
27
41
64
41
36
62
77
37
11
18
46
91
55
32
24
90
9
29
37
74
73
16
83
109
91
59
45
52
30
44
1
44
34
15
12
74
25
86
14
22
5
72
57
32
73
53
62
61
14
64
78
15
70
94
26
23
82
4
12
108
3
30
32
77
72
22
57
14
14
38
17
53
17
91
64
13
37
62
37
3
21
24
84
29
28
31
58
5
39
14
48
100
51
93
70
0
16
23
34
20
26
68
96
36
78
103
68
10
125
32
84
71
33
26
67
88
36
48
53
19
21
27
32
27
24
14
41
121
11
40
16
31
55
65
33
33
58
42
21
14
68
20
0
70
34
11
3
13
95
89
19
72
63
38
10
14
26
22
8
76
74
28
11
68
10
36
11
2
3
50
69
64
115
17
16
13
33
71
60
61
17
5
53
26
12
65
35
16
12
15
60
44
0
76
16
30
64
69
40
89
1
28
83
67
8
68
43
32
36
4
7
27
39
63
31
88
22
119
48
23
86
32
29
42
37
45
37
9
21
18
16
82
39
56
14
58
10
18
143
34
109
16
25
48
68
8
5
163
50
47
55
46
56
77
93
3
28
143
40
13
1
17
72
39
31
47
2
41
3
68
29
6
66
30
20
92
26
45
43
93
4
36
14
37
40
33
43
1
23
36
25
12
65
24
48
40
43
35
91
20
10
9
21
74
88
4
15
0
78
99
23
82
166
128
31
68
156
45
23
37
41
21
57
28
112
66
100
11
44
7
16
57
38
41
7
9
114
17
54
50
60
39
33
4
38
33
90
0
59
33
10
3
34
106
23
12
56
25
54
76
37
4
55
5
11
9
11
39
33
64
95
49
55
14
21
11
12
37
32
57
17
32
3
41
10
55
21
3
70
17
76
14
47
10
54
69
6
45
13
32
48
14
59
19
29
36
70
23
14
39
71
10
52
29
29
49
95
15
60
14
22
138
90
19
53
28
76
19
24
15
2
68
56
9
108
6
29
141
49
52
5
7
27
71
15
37
94
26
53
79
154
14
22
43
51
46
39
4
39
36
2
11
46
15
46
92
14
10
34
25
56
72
23
68
11
42
8
6
59
83
13
28
12
15
18
44
26
3
31
10
1
2
43
68
13
36
27
24
22
34
70
22
60
0
74
48
54
21
41
69
18
135
16
51
40
17
100
27
49
68
23
17
4
115
41
66
12
89
40
74
17
63
18
86
19
44
8
0
84
17
16
35
44
54
28
18
71
45
47
49
32
17
42
12
9
86
87
24
50
10
26
105
80
38
18
64
37
66
19
24
119
46
33
30
35
8
31
14
27
41
65
17
46
13
69
79
20
51
39
41
46
14
40
108
22
27
21
37
0
77
61
96
47
15
44
16
5
22
37
48
11
95
74
29
56
35
14
58
9
31
73
47
9
61
40
103
3
28
98
4
73
48
75
31
61
17
26
7
38
117
59
9
7
70
19
26
20
46
20
75
27
45
23
41
40
8
43
66
43
1
42
59
32
86
2
13
29
16
78
29
13
22
55
26
35
23
86
32
19
5
24
20
26
27
35
27
41
43
23
38
10
67
38
18
27
17
26
53
31
36
4
15
12
48
69
25
15
37
27
91
51
47
58
18
19
0
24
27
47
1
38
16
34
40
17
7
53
55
9
3
56
46
26
71
65
4
44
12
16
86
43
24
47
67
16
43
79
80
23
13
43
42
97
15
84
17
12
15
87
0
13
24
25
91
7
10
18
15
67
27
22
84
6
28
43
22
70
31
27
30
14
53
2
37
26
30
109
89
21
79
12
48
4
100
95
41
3
1
9
18
53
10
23
38
37
52
32
23
84
6
47
17
21
49
8
32
39
56
57
57
31
52
9
0
12
6
95
1
24
8
30
8
34
99
30
59
12
15
3
26
16
64
82
52
4
5
28
18
66
48
42
56
81
37
33
0
76
52
21
27
32
30
31
27
24
35
70
35
5
68
27
35
10
11
58
85
34
41
72
9
3
31
50
18
15
34
60
19
59
27
20
10
159
1
5
12
19
19
84
70
26
13
1
4
58
16
11
49
68
29
69
64
32
54
53
39
37
21
34
48
53
4
78
0
75
18
35
30
21
44
86
3
33
13
1
37
8
15
4
72
14
29
105
34
36
110
5
75
11
45
10
69
97
138
69
10
59
21
78
5
75
6
35
53
43
17
63
43
49
21
82
13
43
1
11
25
29
74
27
48
69
26
10
36
36
47
26
25
6
9
3
69
26
37
26
7
99
47
26
32
103
8
3
64
18
34
23
57
89
96
23
5
14
69
84
56
2
50
60
37
34
13
5
35
4
16
24
107
36
33
42
34
19
26
66
8
44
31
50
7
7
3
70
87
51
11
57
50
13
52
26
30
61
93
117
10
14
78
50
35
55
39
58
42
20
10
11
66
28
3
48
73
15
78
48
34
73
66
60
17
12
18
10
21
45
104
95
62
17
32
3
49
39
51
47
110
33
60
25
33
6
22
48
14
15
12
28
22
7
11
22
20
30
65
15
54
33
9
50
9
46
52
36
23
17
34
17
17
55
82
34
86
27
35
16
3
54
47
24
27
38
8
21
14
17
8
8
20
100
32
34
2
24
22
29
67
51
2
66
39
56
24
38
21
57
8
17
81
44
31
26
23
19
34
22
22
2
62
27
48
35
50
24
53
45
13
6
31
6
16
67
47
45
23
58
30
40
94
6
35
7
1
33
42
47
39
62
67
38
21
22
30
60
34
19
51
74
28
39
108
60
22
92
10
37
21
27
24
48
67
51
11
44
29
35
75
37
12
1
30
77
15
53
25
23
92
36
69
15
48
6
7
17
59
109
69
15
41
45
4
37
3
67
21
55
10
73
48
14
16
9
49
52
2
4
67
53
12
36
14
1
52
1
43
36
36
52
35
52
77
35
101
58
65
40
7
31
20
32
85
4
55
62
32
14
11
13
18
62
21
5
33
20
81
3
65
57
67
23
58
60
72
22
36
15
6
40
150
13
12
31
24
16
11
36
88
40
11
25
25
112
13
2
45
1
12
55
55
1
43
42
26
78
53
27
75
16
56
11
2
76
2
70
11
33
20
17
47
3
35
38
75
68
61
0
11
13
10
2
1
25
11
22
7
28
49
32
34
15
66
44
19
26
18
52
42
75
65
19
12
67
30
7
7
44
51
55
15
39
33
33
8
21
20
15
59
3
43
3
45
25
39
2
57
19
63
1
42
27
2
9
48
20
1
18
42
29
6
40
54
53
37
6
24
5
25
29
38
53
60
22
16
1
8
11
11
12
26
37
2
66
93
72
9
38
62
63
8
68
15
34
69
43
26
84
35
11
16
27
6
58
39
41
32
5
74
48
78
28
19
34
64
2
64
48
11
8
10
21
23
3
6
78
38
87
16
3
20
16
43
31
8
26
32
23
38
14
35
56
21
24
68
0
65
53
31
26
27
14
27
67
14
4
23
74
27
30
87
26
14
49
9
9
36
43
34
42
35
14
17
17
16
66
1
86
21
115
3
85
10
16
14
9
27
57
17
3
49
17
43
69
31
27
12
26
7
16
45
11
9
1
35
1
23
6
43
15
48
35
44
28
18
3
17
10
4
32
84
0
13
13
38
12
19
22
74
63
13
3
40
53
24
36
4
36
49
43
8
47
39
18
24
11
14
28
14
26
41
33
12
14
38
10
13
15
16
21
16
14
8
63
36
2
71
49
70
10
23
1
18
50
31
55
2
51
42
24
20
2
6
29
11
37
54
66
44
15
29
22
79
24
21
16
45
22
2
14
48
16
9
4
20
13
31
18
51
29
63
20
10
29
42
9
22
7
41
18
11
0
72
15
71
7
21
47
16
32
37
17
5
29
12
105
23
23
51
31
6
65
35
14
70
9
7
49
10
20
27
10
57
25
51
10
24
27
23
5
56
28
40
21
14
35
23
34
19
24
5
21
23
8
11
15
6
9
26
4
31
52
16
28
30
1
32
5
0
38
14
13
8
11
46
10
29
72
30
40
52
49
3
6
58
59
19
28
33
15
7
39
46
10
57
11
13
24
3
8
57
14
21
8
45
5
37
38
20
58
8
7
66
13
20
10
5
2
19
48
30
7
24
42
40
9
14
51
11
15
47
7
1
31
24
15
51
21
36
34
20
4
20
40
6
9
1
75
19
27
19
17
60
1
31
55
67
18
89
12
4
24
15
40
35
52
61
40
29
3
8
1
20
2
23
3
3
24
19
86
1
17
41
43
8
10
2
26
6
7
96
43
4
24
37
6
16
26
26
31
39
15
18
3
49
15
71
68
7
20
19
22
2
5
51
45
0
14
38
17
16
28
21
2
10
53
21
45
41
3
19
5
88
25
34
11
80
20
51
43
52
0
35
38
1
1
9
23
27
4
14
1
24
1
16
18
28
14
18
50
19
19
1
29
6
30
35
13
32
18
31
10
5
18
24
5
57
3
10
103
14
25
14
1
2
32
23
34
38
24
3
32
8
24
17
47
35
44
9
5
18
7
26
0
17
17
9
40
4
31
25
11
1
1
23
13
46
38
33
29
25
18
22
27
50
26
7
65
13
46
4
12
0
10
7
51
6
27
45
25
16
4
57
23
35
42
16
98
3
43
45
22
15
10
4
46
9
27
46
12
23
2
16
38
17
11
13
2
19
9
20
19
5
15
36
18
15
18
68
43
22
34
9
48
14
17
38
12
17
40
1
10
35
13
48
25
0
16
4
43
24
6
10
8
21
71
17
11
8
19
1
20
8
22
30
5
36
45
26
29
12
18
36
26
8
22
4
23
22
68
4
14
20
28
10
24
0
25
0
54
32
2
21
16
35
10
1
4
7
7
10
37
15
21
29
2
37
11
23
1
27
7
35
8
34
77
32
36
55
45
0
44
14
20
13
33
12
3
27
32
30
4
40
2
22
28
9
38
34
26
30
11
23
5
5
9
36
60
9
3
27
10
23
6
5
23
12
23
11
43
16
28
19
5
22
24
13
4
20
18
13
9
47
45
22
60
18
37
8
12
30
5
37
1
25
36
34
19
40
4
12
3
2
16
2
4
30
10
5
3
1
17
67
10
30
25
27
1
16
9
5
1
17
39
2
15
5
12
9
22
29
11
36
2
20
18
22
13
17
16
7
46
37
1
8
37
5
18
16
1
59
8
10
7
13
8
41
13
9
32
15
37
4
1
30
9
15
23
27
8
53
7
12
41
8
56
35
27
25
22
3
12
35
16
4
28
35
2
14
14
54
13
14
43
23
5
20
21
31
26
17
19
10
15
18
14
17
32
36
17
19
11
19
7
18
2
11
17
45
9
3
40
13
15
23
4
4
32
43
22
54
15
28
18
7
7
34
1
54
13
16
24
15
34
18
13
35
7
19
8
2
35
2
41
16
34
2
12
8
36
8
32
36
10
45
10
6
34
6
20
7
6
3
31
31
4
14
45
25
35
7
3
3
19
33
9
13
23
8
3
12
10
37
10
35
12
9
60
6
43
35
21
11
18
7
17
9
5
26
27
6
21
28
0
14
18
22
28
24
48
6
2
25
17
4
13
9
4
16
15
20
2
24
5
3
30
0
10
22
19
13
23
17
19
2
20
2
22
17
3
1
6
12
14
3
25
11
20
17
3
1
39
21
2
21
1
3
4
19
17
8
1
29
41
19
18
9
14
66
3
19
35
1
10
4
11
18
10
6
1
11
29
11
20
4
23
42
1
13
8
33
23
6
2
4
16
14
3
14
8
2
17
28
21
11
0
25
11
8
12
2
31
50
21
29
16
3
2
2
40
5
15
13
17
14
3
26
10
2
0
31
10
17
11
9
39
4
9
3
0
13
11
12
0
10
8
12
0
46
6
9
3
21
30
4
1
18
12
25
5
16
1
11
23
16
0
24
3
27
1
1
11
17
3
0
11
23
19
6
10
23
4
15
4
6
6
5
21
11
1
31
2
29
26
16
3
10
44
4
17
3
11
1
36
28
30
25
23
18
21
9
9
4
15
14
11
1
12
3
26
7
8
15
20
5
15
19
13
16
6
5
3
2
15
1
26
12
2
10
1
6
5
20
7
2
4
18
13
6
2
39
0
13
12
15
12
16
1
27
0
3
12
20
0
6
11
11
19
15
9
25
0
10
15
11
23
5
3
13
11
6
15
7
19
13
2
7
26
9
12
0
14
0
21
0
15
8
8
16
8
16
25
20
9
4
18
9
2
13
26
8
8
1
4
8
6
17
21
10
8
22
9
39
11
5
7
38
3
15
13
1
18
5
4
6
10
16
4
15
4
6
3
0
19
9
11
7
11
19
16
2
15
2
1
14
10
13
16
8
11
13
5
5
8
8
27
26
4
9
6
12
10
1
10
14
0
4
26
0
15
1
4
6
6
16
4
9
6
0
3
16
7
5
5
4
6
2
5
1
3
1
4
21
4
13
1
5
8
17
3
7
7
4
16
5
3
9
4
4
11
18
12
2
9
14
1
11
14
8
2
8
4
8
2
4
7
3
6
2
1
1
7
3
2
0
6
6
1
7
7
3
2
4
5
0
3
4
0
8
6
2
2
3
4
2
2
2
3
8
8
1
2
2
0
6
0
4
3
3
3
3
3
3
4
1
1
1
1
0
0
