35
7
5
60
15
6
5
37
48
88
4
44
37
87
4
7
0
12
12
8
37
27
10
114
179
5
20
2
9
11
4
3
76
80
24
2
29
57
15
22
36
6
43
36
48
33
56
13
10
58
106
154
62
53
80
12
25
79
5
36
45
11
30
153
55
7
49
64
30
41
20
61
51
37
3
15
61
75
64
42
24
18
19
37
49
33
38
16
15
57
38
4
24
41
76
90
37
30
66
23
17
68
15
68
27
31
73
41
116
6
63
23
11
59
153
7
41
6
94
28
94
5
26
64
62
6
23
85
77
59
70
16
68
104
5
10
47
78
73
28
71
77
15
16
1
9
17
18
44
71
41
112
1
60
6
23
50
71
65
18
8
1
37
13
123
152
128
77
15
65
35
59
68
35
34
128
92
13
147
113
29
89
100
56
72
30
3
137
108
80
57
146
72
152
34
68
30
13
22
73
10
21
34
58
85
123
9
34
25
68
97
34
142
55
33
22
139
136
44
62
3
21
47
79
9
21
9
68
103
33
44
70
146
105
32
129
10
16
14
98
58
19
13
23
36
38
21
8
82
74
15
0
14
59
64
95
44
127
21
75
59
30
30
65
37
25
30
94
73
42
76
84
128
7
100
26
55
27
18
60
26
5
7
6
25
42
38
1
6
26
29
38
126
9
134
9
9
16
58
105
91
37
52
33
71
161
35
68
10
55
122
15
47
29
19
93
48
154
12
22
32
56
46
17
83
17
9
53
70
56
124
29
96
21
38
36
64
32
55
82
49
19
104
106
48
29
24
6
3
36
63
12
122
10
182
55
21
0
36
46
36
18
52
20
58
126
73
40
22
111
50
2
94
75
30
12
60
5
47
23
23
72
15
51
37
76
39
46
13
52
4
106
69
51
6
42
75
8
23
51
24
9
3
92
35
45
44
26
1
21
61
95
107
42
47
2
193
107
15
23
64
54
35
80
12
45
124
61
22
117
2
43
8
10
141
20
122
19
67
25
21
35
63
55
13
61
40
0
75
32
83
87
18
37
48
28
29
15
22
101
34
231
35
128
143
74
17
36
75
10
23
90
182
93
3
39
32
82
100
114
0
16
85
99
47
6
26
84
54
70
114
47
66
20
122
97
11
37
46
13
58
102
41
52
42
47
6
10
16
31
62
5
12
31
26
11
48
72
19
39
69
80
142
102
73
21
25
54
45
37
107
16
91
8
86
22
18
48
8
52
22
119
104
123
13
60
72
10
46
2
18
82
17
142
125
36
27
122
13
50
180
72
30
168
97
13
11
127
107
59
6
50
3
45
14
23
57
52
18
8
30
12
59
10
94
5
103
20
10
11
71
83
36
9
59
54
52
39
110
25
16
11
23
4
63
142
84
80
43
1
95
22
63
23
99
11
30
6
5
64
122
125
3
33
7
77
90
12
34
134
119
3
56
52
50
115
8
35
113
44
47
94
89
0
70
23
11
84
67
14
38
39
15
91
37
25
12
5
28
45
22
28
179
89
58
15
34
59
36
4
8
31
102
58
86
2
93
19
30
20
9
24
35
66
49
72
9
54
67
13
21
61
54
36
2
49
57
27
16
46
50
70
86
6
62
54
45
14
26
96
34
51
33
55
33
1
19
90
59
24
16
14
26
75
108
7
28
60
85
9
67
65
58
83
19
28
18
60
44
95
41
139
7
4
38
40
28
22
76
94
26
137
52
55
60
12
4
54
11
62
17
34
18
5
64
65
39
125
67
68
28
78
92
122
54
109
64
22
95
93
19
5
42
27
5
63
26
73
3
132
25
54
11
29
76
20
23
27
34
76
23
9
64
41
74
165
36
16
15
162
58
65
11
65
14
19
53
45
115
58
10
14
9
76
113
180
98
25
110
25
6
121
7
34
15
92
52
61
38
61
58
7
74
44
27
62
48
34
13
16
23
12
40
75
28
136
51
83
20
50
31
8
42
12
75
10
146
32
77
36
12
16
29
56
156
25
6
16
4
81
47
111
67
40
25
66
71
26
13
23
13
80
71
15
35
9
74
78
54
111
71
45
65
56
98
26
21
61
114
10
108
94
35
3
40
19
107
76
73
76
33
58
62
66
35
36
108
65
69
36
116
16
6
2
30
53
53
20
54
9
109
81
10
164
88
27
31
3
51
20
114
21
15
113
29
13
10
29
33
88
2
69
16
32
49
25
7
50
134
63
56
60
2
49
112
2
72
19
8
19
70
35
92
139
43
98
44
14
3
39
81
36
54
6
39
5
29
33
138
82
36
37
21
86
109
83
163
91
18
2
68
49
53
31
58
79
56
65
38
42
15
119
7
58
17
98
48
93
27
92
15
2
22
85
57
46
93
51
52
14
52
121
54
63
69
68
39
23
29
79
19
49
10
15
47
21
52
75
67
82
88
90
22
59
50
59
61
62
69
40
4
61
10
72
40
23
25
26
76
70
171
28
5
59
64
10
26
69
30
124
20
115
17
26
83
27
9
76
38
71
51
62
45
72
76
25
40
72
100
66
26
5
37
89
58
36
14
24
14
140
13
55
91
44
1
131
14
12
13
14
27
47
26
16
97
0
12
143
67
108
29
44
26
25
15
1
18
88
63
11
64
1
32
59
151
82
109
15
2
33
11
2
55
23
101
57
100
74
49
8
21
57
1
43
10
99
72
5
12
48
28
16
18
47
44
32
5
111
31
61
116
76
28
10
75
53
37
11
43
99
49
113
37
7
16
27
21
100
10
10
21
13
5
44
67
21
54
80
84
10
5
108
21
50
93
47
52
38
54
37
69
91
7
15
135
31
41
90
17
105
134
81
20
22
40
18
1
5
37
37
18
11
31
1
39
3
15
13
78
69
44
42
69
54
74
59
40
9
57
28
36
18
59
52
63
5
97
33
84
41
11
28
53
20
25
74
34
6
57
53
3
64
100
188
0
90
11
74
16
13
64
1
3
41
5
19
17
72
28
72
72
3
25
53
39
38
107
83
131
27
82
81
122
120
23
48
2
84
81
29
38
135
68
21
38
40
57
33
37
68
66
9
96
12
28
45
33
10
27
37
60
60
53
18
34
36
26
17
42
71
49
47
39
95
103
35
34
10
57
72
44
32
39
24
101
24
102
19
35
31
19
169
91
68
63
17
98
48
70
26
61
50
57
31
88
108
20
17
72
63
76
16
42
51
38
16
16
38
20
24
33
12
14
70
24
59
21
30
2
54
77
2
49
89
17
36
16
52
25
19
78
37
83
18
12
122
19
27
93
65
78
2
10
65
17
54
92
80
104
16
70
62
17
63
64
24
63
5
24
3
67
29
79
16
73
84
26
64
50
91
41
39
35
69
9
48
17
57
8
11
54
10
87
17
39
29
19
60
112
9
22
109
3
3
48
116
26
87
35
42
88
13
28
40
30
88
19
48
29
44
5
2
1
36
22
126
17
9
37
43
20
65
58
63
60
58
15
91
13
77
15
147
17
13
84
11
34
57
18
30
23
73
2
47
78
47
15
113
72
17
56
15
42
28
31
9
66
2
51
20
2
11
3
53
10
39
58
60
84
97
64
42
67
22
7
47
2
34
7
33
85
31
103
23
94
2
84
20
9
0
14
70
20
108
59
56
60
49
7
106
86
7
80
84
41
14
55
11
96
67
46
34
21
31
41
41
97
17
11
33
89
14
117
13
1
104
25
14
109
28
69
97
70
82
13
76
19
64
46
138
42
38
1
49
21
3
47
72
97
10
3
13
89
85
14
4
111
55
30
83
29
29
32
42
39
37
78
18
18
21
16
54
40
32
5
118
102
51
62
4
23
73
7
116
23
33
38
72
5
23
32
81
20
29
32
130
63
51
60
93
51
57
15
29
30
12
35
40
63
50
73
38
50
44
24
5
15
21
24
55
22
10
52
14
37
77
129
50
18
67
92
41
69
55
15
67
11
5
32
124
16
28
15
54
23
26
83
24
130
14
15
15
15
88
31
107
31
18
62
78
12
178
15
47
115
12
41
45
46
7
20
113
12
64
94
18
20
6
49
65
83
26
0
17
5
77
86
92
28
15
80
28
101
1
95
62
31
99
67
30
57
34
15
7
69
4
7
16
35
65
3
27
60
47
3
111
52
139
56
81
14
73
52
93
33
39
35
19
10
1
40
66
10
12
40
84
51
4
7
31
9
15
44
23
60
2
15
34
87
93
20
71
73
6
38
17
12
39
63
8
60
27
13
75
76
25
40
77
1
89
17
32
57
19
69
90
24
98
42
26
50
24
21
39
139
70
111
81
32
44
3
59
124
10
55
44
28
4
64
22
10
10
17
21
77
124
55
52
13
11
62
41
1
39
15
77
25
58
53
95
139
43
72
5
9
39
68
40
130
45
66
116
1
3
2
87
2
3
28
27
70
45
53
40
22
27
75
63
72
26
9
4
74
5
40
12
47
36
11
13
7
53
29
36
84
58
163
45
31
49
7
4
16
73
2
116
74
17
0
34
37
6
65
17
1
22
68
38
30
51
74
33
47
9
37
9
14
46
37
44
21
8
16
81
56
25
58
27
0
19
37
54
1
36
2
12
22
63
13
57
31
8
109
55
13
18
29
77
13
15
3
3
89
13
48
92
0
0
17
24
21
40
53
41
98
49
24
81
78
22
96
87
23
73
9
64
31
5
57
45
12
37
32
26
88
66
26
58
45
54
88
38
53
7
21
29
34
136
5
21
30
60
117
123
59
5
67
37
21
8
11
82
27
36
38
43
98
20
16
35
1
13
10
52
19
73
49
24
68
37
104
60
32
45
165
48
82
60
44
62
55
52
28
73
93
1
41
63
79
24
12
48
29
103
4
42
75
96
25
37
7
65
46
35
9
70
2
27
60
52
11
5
42
34
14
99
8
36
72
90
47
34
12
52
3
68
12
43
9
60
25
64
3
119
63
18
59
54
40
30
4
27
2
13
62
63
50
39
36
88
1
43
55
31
47
37
20
5
13
3
65
51
25
18
104
58
67
22
2
5
27
74
70
22
9
68
13
33
52
25
141
50
116
66
56
28
13
33
27
57
8
12
44
24
118
42
33
57
18
20
73
82
17
34
58
74
42
48
51
21
22
5
32
25
42
69
47
3
30
62
14
68
23
16
82
35
11
22
108
59
6
43
107
24
123
75
4
87
15
11
31
46
78
3
50
32
56
33
66
49
48
19
26
76
4
8
174
39
34
8
8
31
41
56
31
0
24
14
31
27
23
70
74
12
47
28
56
53
113
25
74
45
0
31
20
44
21
68
57
61
2
35
51
22
16
32
26
69
76
12
1
11
29
12
10
70
40
4
51
40
8
3
13
37
16
41
41
31
67
22
8
16
34
78
29
85
20
7
14
39
21
104
44
48
123
57
13
50
0
10
27
18
26
8
3
28
59
14
4
59
42
42
38
81
28
14
39
10
39
59
6
16
59
28
11
51
4
52
15
22
25
12
43
0
10
14
41
21
30
9
81
7
27
123
48
24
15
20
126
49
26
6
19
30
5
44
57
92
98
18
98
21
22
63
50
6
48
29
36
15
10
59
32
27
9
97
3
17
19
56
53
17
43
34
55
99
114
2
22
13
44
82
16
25
66
17
45
80
32
12
15
108
44
7
9
19
32
2
1
48
3
102
39
23
14
22
94
97
15
27
67
21
59
55
31
100
46
65
49
26
19
27
21
38
14
32
38
10
11
51
16
7
2
18
44
40
74
28
59
1
40
19
46
67
11
16
65
35
33
5
26
32
35
102
4
64
36
7
11
46
9
4
50
28
31
42
7
28
38
20
14
50
46
127
28
21
81
27
16
52
2
21
32
77
37
32
48
52
46
65
103
63
1
22
12
5
26
61
10
54
11
7
39
46
32
33
46
45
48
12
58
6
1
2
6
9
72
44
11
33
18
2
37
44
41
7
52
5
27
40
64
3
36
10
18
96
46
35
4
6
45
46
15
7
23
10
37
91
23
5
31
25
59
16
8
41
9
59
5
41
1
21
32
83
79
17
21
99
17
10
57
62
12
35
30
50
14
135
73
36
65
21
7
18
4
6
23
61
71
23
6
4
50
29
40
14
51
44
30
2
68
15
3
66
79
27
31
13
76
4
51
10
65
43
51
14
37
1
56
103
43
53
14
68
62
1
3
72
14
29
17
18
20
35
17
61
71
11
35
47
18
9
36
46
82
71
35
56
23
30
7
41
93
45
22
44
7
13
58
3
70
3
66
45
77
37
13
60
42
1
24
61
19
27
30
12
4
1
53
13
116
58
26
35
29
39
53
63
71
38
89
31
62
81
17
92
123
25
10
66
9
66
15
61
21
13
2
77
39
134
70
3
5
38
28
62
21
97
77
19
53
31
50
6
155
37
72
21
50
28
48
7
38
7
29
45
21
7
136
20
4
38
26
48
89
27
50
14
3
79
31
58
42
28
5
19
63
53
9
7
121
31
69
8
12
42
46
12
56
5
20
26
67
88
31
23
79
4
30
33
19
12
55
49
113
16
25
23
6
46
32
27
49
72
14
43
10
2
17
15
48
21
43
60
1
60
24
50
52
68
87
33
29
16
13
65
1
49
65
53
13
2
12
27
92
23
17
2
68
49
30
96
41
41
60
32
20
19
8
57
13
69
56
56
69
52
6
4
22
17
37
64
63
53
41
13
50
31
19
10
2
21
7
111
17
53
41
82
7
49
58
49
13
29
20
1
14
12
26
28
3
93
24
56
80
37
22
32
15
29
33
35
71
9
19
26
27
18
14
87
64
30
14
24
14
19
126
93
28
41
23
36
5
40
40
33
53
32
25
11
49
21
13
26
32
43
120
37
25
76
41
32
33
66
29
24
3
36
4
6
41
17
10
82
7
6
17
20
49
47
52
24
61
20
19
3
16
37
77
9
30
0
56
19
65
5
84
7
54
23
41
37
2
17
15
51
19
5
7
40
61
23
5
8
50
7
42
37
22
45
45
78
51
152
2
70
13
54
3
11
72
63
34
48
25
74
82
17
15
64
34
50
6
16
21
20
16
14
11
11
1
117
5
44
39
63
126
15
32
4
69
18
33
67
54
13
11
53
16
2
15
56
13
28
115
18
46
31
82
3
11
15
18
73
62
6
56
14
38
61
71
3
85
60
50
18
13
22
17
25
65
27
8
11
40
20
61
18
24
23
64
71
4
44
53
47
45
11
5
28
13
59
19
53
3
86
10
22
4
3
58
50
44
1
50
24
23
31
33
20
76
68
7
39
9
33
26
27
17
100
63
34
55
18
8
71
14
40
7
22
1
37
4
8
9
5
10
21
29
41
82
31
27
1
59
27
45
2
14
13
82
89
8
40
41
2
48
9
3
26
11
44
14
8
1
35
21
42
62
9
93
18
44
25
35
5
9
76
11
20
15
27
24
42
55
21
39
35
4
15
18
17
18
9
0
26
11
22
74
4
103
4
61
12
12
30
23
5
19
28
48
29
92
12
58
22
28
0
72
36
22
33
43
45
16
63
57
13
31
26
19
46
37
53
6
48
9
76
14
9
17
32
30
9
22
56
73
15
126
8
12
0
3
42
36
13
25
14
14
33
33
25
12
2
56
53
18
77
4
20
5
17
85
6
7
3
0
44
21
27
105
31
62
40
37
70
30
81
42
35
77
67
54
21
63
3
50
15
28
55
50
27
13
12
19
16
21
10
0
9
1
13
32
26
1
61
19
31
23
59
16
16
15
79
25
8
2
7
34
54
28
30
12
6
15
31
4
12
24
25
18
24
57
41
1
59
50
41
8
37
20
22
33
7
85
17
10
38
42
65
13
13
55
68
98
16
18
16
1
17
30
72
8
28
18
14
66
7
69
61
19
18
11
50
15
7
7
44
39
125
15
101
15
13
26
2
2
15
56
23
25
75
24
44
68
27
34
11
7
41
81
80
33
6
24
100
40
9
26
4
23
2
20
32
6
38
40
54
30
18
21
18
11
16
47
34
23
12
5
22
26
5
21
70
91
13
18
46
36
14
21
17
53
37
18
7
45
3
55
49
64
9
9
12
6
29
10
41
4
8
58
2
50
30
33
15
39
55
7
24
31
31
35
3
72
32
29
9
9
84
8
15
27
35
10
21
33
8
68
48
31
2
74
18
31
13
11
71
56
71
16
5
37
33
26
47
43
30
9
42
24
19
44
39
27
26
15
44
38
20
59
12
59
25
8
5
2
26
37
41
5
7
42
5
27
59
56
47
81
10
25
21
1
50
18
17
33
6
51
49
88
19
12
18
5
56
3
37
22
17
13
51
12
40
20
17
1
8
21
26
38
62
33
28
34
25
21
4
44
61
33
17
22
2
57
16
10
29
7
17
30
68
38
7
60
28
39
7
7
42
17
64
7
25
2
8
39
29
54
46
2
27
6
55
22
71
41
10
30
0
24
7
7
9
96
21
41
71
17
14
60
32
45
13
5
61
11
22
25
51
52
15
11
66
16
12
25
3
10
17
2
14
23
7
5
47
54
20
23
31
36
40
22
13
38
4
16
58
43
59
3
70
45
4
5
46
18
5
6
28
36
39
12
9
37
42
7
2
71
8
20
60
17
56
60
12
11
39
10
65
22
33
11
3
42
18
7
43
24
12
4
24
23
39
17
44
27
18
14
11
5
20
4
14
2
36
20
2
23
5
17
43
9
15
50
23
8
1
27
17
37
27
89
63
80
0
51
17
70
26
68
23
19
48
3
3
25
13
11
40
14
19
1
53
15
20
10
47
15
9
24
20
10
16
4
20
9
56
9
8
63
47
42
65
5
21
61
26
18
1
17
36
12
31
14
12
24
10
58
2
44
24
18
34
15
1
20
45
15
20
7
21
2
42
16
4
35
5
3
27
18
82
23
47
8
29
27
31
30
13
6
65
48
13
31
26
18
9
28
18
52
26
37
43
7
8
51
67
11
70
25
28
12
15
11
29
57
23
3
47
3
24
7
13
30
9
9
23
0
12
20
6
8
23
8
26
41
4
25
5
37
12
41
60
38
25
7
112
0
3
63
2
12
16
82
30
24
50
1
15
19
14
75
41
32
5
67
11
7
9
5
3
28
32
58
23
5
40
47
21
10
2
15
27
29
23
24
1
7
38
52
10
34
11
22
20
26
12
61
56
51
17
11
32
24
24
41
21
6
20
18
35
33
25
9
16
3
3
21
12
55
3
22
30
53
14
47
0
9
42
9
19
35
9
5
62
3
21
32
6
10
3
17
25
12
16
10
13
6
14
16
10
63
59
16
36
40
17
13
13
20
31
12
54
1
17
22
19
16
16
21
59
38
35
10
8
42
26
12
24
18
44
31
7
34
24
21
7
23
30
1
24
8
4
15
26
39
25
51
97
32
25
16
17
61
27
19
5
27
9
14
58
6
11
45
1
11
11
22
33
7
19
25
32
20
21
40
8
27
0
11
12
39
3
5
23
20
0
18
29
45
42
4
58
46
23
62
40
25
7
2
0
13
0
32
1
16
25
8
8
0
48
8
10
20
16
45
18
7
15
4
37
9
28
1
7
1
27
23
48
3
17
2
15
9
9
1
8
0
56
28
34
10
28
23
1
46
8
24
20
37
23
44
36
22
7
4
31
12
38
24
20
21
8
7
50
7
12
18
48
10
42
19
1
32
7
12
21
13
32
56
31
17
22
34
19
11
18
11
17
29
43
49
0
13
55
50
34
20
10
4
21
1
29
10
16
5
39
11
3
25
9
31
64
6
25
5
26
46
32
4
11
13
15
33
31
18
1
30
38
38
2
4
3
16
30
17
17
25
42
2
21
17
32
49
16
32
22
49
49
2
21
12
8
27
8
20
31
35
2
6
9
31
24
37
41
17
7
2
11
48
16
30
33
18
17
11
30
1
33
25
42
45
1
10
47
13
2
39
5
14
0
5
7
1
30
27
26
8
5
11
19
4
35
26
16
7
19
25
51
29
19
19
8
42
16
6
3
30
5
41
6
14
11
28
3
9
5
25
14
21
12
18
33
37
5
33
16
23
10
6
42
0
7
28
1
44
27
13
8
4
28
46
9
7
17
38
18
7
21
2
36
11
23
17
8
22
15
0
43
41
45
3
4
29
42
17
1
12
6
23
14
2
10
16
9
32
4
22
34
12
54
3
5
31
6
9
17
33
35
30
9
2
21
22
2
7
16
10
48
5
1
17
31
24
9
5
28
9
20
12
7
12
1
19
1
1
8
12
6
21
35
24
13
1
19
15
22
4
3
11
21
10
6
14
15
1
34
32
1
9
20
6
20
6
0
37
16
11
25
2
5
19
9
11
18
2
4
14
1
19
22
9
6
24
14
41
2
11
2
2
11
14
23
28
28
21
11
1
14
21
3
4
19
19
4
10
18
35
43
6
10
12
14
3
20
4
2
13
7
15
3
39
36
10
18
12
9
1
2
16
16
10
16
29
6
6
27
20
21
21
9
30
10
7
6
2
10
20
1
6
11
3
4
9
9
22
10
15
39
19
3
5
5
10
12
25
35
35
17
21
3
10
7
13
6
8
23
18
4
24
1
13
13
20
31
1
4
26
45
2
6
2
20
1
30
10
10
7
23
19
30
4
3
14
9
22
15
2
20
25
2
1
12
3
4
27
5
10
1
7
22
8
1
24
8
6
1
13
17
27
5
1
10
24
10
1
16
15
6
4
0
27
12
6
8
11
7
9
13
18
1
3
13
19
5
3
13
16
3
17
14
11
11
22
22
20
6
14
5
7
7
7
2
19
1
2
2
8
5
9
17
21
16
1
17
6
5
23
6
9
19
2
1
2
4
13
4
1
2
7
1
4
20
27
5
11
5
16
31
0
3
1
8
20
2
19
2
14
31
12
3
2
2
8
1
10
0
14
6
8
2
2
18
1
4
8
6
3
6
8
5
23
22
17
11
3
6
10
5
6
1
2
3
8
8
1
6
7
22
0
3
2
6
9
19
7
1
4
11
9
2
5
2
9
12
1
7
10
2
6
10
11
3
12
5
11
11
4
7
17
1
7
4
9
8
18
3
10
4
8
10
8
10
6
4
4
3
2
4
4
2
3
1
3
7
10
13
2
4
3
9
3
7
6
6
5
2
1
5
6
3
3
0
2
1
1
2
1
1
2
2
2
1
3
0
0
2
0
2
