32
17
64
12
31
29
7
16
0
6
17
5
60
68
10
23
26
27
11
15
10
80
17
10
12
44
16
40
150
30
72
5
32
59
23
45
4
33
13
37
46
12
51
44
82
17
29
18
17
9
161
141
39
24
67
2
38
26
99
16
3
42
15
61
85
101
65
105
11
54
9
30
1
66
8
41
16
84
52
149
8
25
105
55
0
65
56
32
3
18
5
46
92
18
40
18
7
32
2
80
54
82
31
61
127
47
84
3
44
72
6
58
3
62
10
101
69
119
66
51
52
14
24
75
115
28
45
6
46
74
15
110
5
18
119
130
87
7
122
54
22
104
48
34
47
91
84
7
20
78
17
8
38
29
22
43
12
65
2
35
12
22
42
110
55
104
84
29
71
52
8
16
41
13
96
53
36
80
73
105
38
52
74
46
54
95
80
48
18
7
65
95
67
136
84
96
53
47
144
26
125
69
61
28
42
62
6
44
2
5
4
30
23
25
12
16
55
24
11
6
69
85
39
42
44
26
23
26
113
63
153
33
55
31
76
40
154
7
2
184
103
208
49
193
110
39
17
71
7
1
26
26
43
37
0
40
51
72
72
3
106
56
97
99
164
91
13
37
120
46
39
28
126
76
41
99
68
23
44
96
31
64
74
49
4
48
37
34
82
46
55
3
112
10
55
27
75
39
3
41
96
139
77
52
9
66
85
87
56
139
5
55
103
3
59
97
50
15
36
127
28
31
37
29
94
16
179
85
9
92
28
5
26
76
51
1
89
71
22
41
41
69
25
119
30
64
95
97
45
85
115
8
14
93
29
9
29
125
27
65
46
39
108
63
33
91
144
92
25
76
77
99
41
74
45
54
23
101
54
111
80
22
84
82
54
7
78
59
48
201
68
12
7
81
20
1
54
58
39
6
42
81
69
56
213
85
16
31
55
96
15
44
40
4
65
68
119
18
67
4
34
102
54
26
67
61
226
48
27
45
70
7
52
47
52
95
16
82
49
37
77
34
55
12
42
16
120
36
56
20
123
17
66
24
24
159
64
7
138
12
142
75
11
50
8
31
71
117
11
48
30
66
69
46
58
12
2
34
25
35
26
95
34
47
32
118
117
31
35
59
5
29
41
10
96
3
131
64
67
4
34
49
35
17
95
6
18
85
27
37
1
4
27
42
66
40
96
148
79
23
19
32
20
99
17
10
58
27
31
97
49
7
17
2
28
63
159
8
21
31
7
8
63
14
106
37
185
21
36
32
27
37
58
141
17
63
124
113
65
4
42
4
12
20
136
177
4
33
110
45
8
62
77
40
21
118
19
41
38
7
17
50
75
11
39
37
62
47
71
5
63
25
1
73
52
37
76
30
44
30
43
11
74
28
105
16
55
160
117
105
177
2
189
58
58
15
38
20
54
4
109
99
45
3
45
26
12
18
2
23
73
110
106
8
15
91
70
121
90
54
16
55
170
24
86
113
65
87
123
97
111
1
35
42
25
45
112
35
75
25
52
64
71
42
159
5
65
95
13
96
35
47
49
9
3
81
35
21
82
35
70
52
13
54
41
15
2
24
20
4
50
124
167
8
59
151
42
37
61
94
25
31
20
114
24
98
17
60
8
70
25
25
7
39
86
34
55
7
114
3
46
65
8
54
82
42
19
33
129
40
104
73
59
20
21
46
4
101
52
25
31
100
47
64
29
2
47
45
110
52
28
5
165
131
86
70
83
91
128
40
21
61
18
22
60
23
4
17
36
13
51
17
91
47
170
63
61
10
15
52
30
119
92
113
60
42
40
57
21
24
28
58
13
64
22
20
35
21
60
19
66
23
51
22
36
64
61
87
51
56
82
52
79
7
6
46
20
19
15
25
19
29
169
106
4
55
44
76
7
163
9
102
36
45
143
38
3
19
55
63
4
13
48
95
68
114
25
81
10
59
23
175
93
53
25
12
48
101
21
9
5
69
173
10
18
60
17
59
41
8
103
24
10
45
59
13
17
37
137
60
74
69
22
53
53
90
90
97
37
34
38
8
32
38
92
53
15
13
22
88
11
54
45
8
23
92
39
93
136
77
136
32
38
41
25
129
86
17
24
10
78
150
120
78
74
26
74
32
43
27
55
30
116
30
9
13
67
37
6
84
23
22
21
25
57
24
14
84
90
29
22
45
11
37
41
23
71
184
94
2
80
26
28
41
55
68
51
3
73
29
0
73
40
79
36
68
70
31
78
4
0
43
77
30
37
78
29
149
20
73
2
34
30
88
25
23
63
84
62
48
49
10
37
51
21
27
30
27
59
79
61
13
71
67
16
59
88
17
9
77
21
55
62
18
13
34
42
33
67
22
21
18
58
61
31
46
30
156
37
40
10
3
28
64
169
13
29
31
146
14
36
95
62
1
2
34
23
2
74
44
67
94
11
134
35
43
21
71
4
8
56
24
105
20
97
104
19
137
19
92
84
92
100
126
12
53
101
61
107
60
15
6
64
92
45
46
97
59
59
1
81
3
117
16
18
11
100
111
4
6
3
175
62
49
14
83
15
16
16
103
71
14
28
55
64
105
19
54
19
68
7
49
145
79
76
27
47
125
65
84
64
93
13
13
39
3
11
78
111
57
59
27
42
58
48
46
22
33
100
105
90
39
6
38
71
78
17
155
64
49
45
19
29
98
73
40
58
24
56
50
17
16
10
39
55
58
10
70
37
56
17
17
24
85
73
90
6
51
39
13
52
44
43
82
35
37
20
53
41
72
34
20
54
12
53
49
39
7
78
24
33
8
11
28
3
114
19
32
26
6
3
53
95
24
81
53
43
32
63
34
12
24
6
83
88
28
76
19
32
23
30
21
53
39
83
75
64
21
37
24
10
37
16
48
3
24
44
85
124
55
26
118
66
80
18
23
24
30
43
3
17
13
53
3
62
44
48
98
8
89
3
80
10
109
43
6
76
63
72
9
60
47
24
28
23
101
7
73
34
5
53
94
63
41
43
4
20
77
7
91
20
9
62
11
19
9
122
35
72
38
52
63
43
114
53
77
94
38
58
8
4
86
35
137
14
72
27
41
9
2
73
85
1
49
16
37
0
24
55
56
38
44
81
58
29
1
43
104
7
61
15
5
112
35
70
74
48
51
108
51
15
35
13
106
153
76
21
46
26
6
70
104
7
19
86
51
32
34
87
4
22
94
63
17
7
13
23
72
48
8
16
9
64
4
24
74
66
1
4
14
103
91
34
87
91
115
84
78
76
45
84
52
70
9
41
87
45
16
23
19
22
139
0
47
61
86
57
54
15
133
31
10
161
103
53
32
24
58
35
93
1
39
5
34
8
18
60
3
61
124
111
46
7
43
63
22
41
46
57
75
54
68
87
33
47
59
41
5
73
47
8
57
8
48
38
57
36
42
108
144
25
65
22
49
31
37
5
29
59
84
94
39
6
67
85
24
104
98
54
25
17
33
55
27
3
85
41
63
76
46
12
22
47
82
85
13
143
78
36
146
2
102
73
94
97
25
32
4
14
181
36
47
44
0
1
100
5
28
2
61
158
90
30
7
96
18
25
127
91
76
44
26
127
14
75
107
48
101
31
46
83
85
53
11
36
47
69
13
75
24
3
16
30
5
26
47
35
66
56
6
53
55
7
58
31
139
49
88
44
60
36
15
49
64
20
4
23
59
88
51
38
17
36
6
118
5
2
24
52
74
1
21
36
25
37
166
10
91
39
79
107
50
46
150
56
44
18
84
20
51
7
9
3
20
38
78
43
86
37
61
52
21
0
19
70
74
52
31
5
4
112
72
32
75
86
12
14
38
76
67
68
0
35
99
78
131
27
35
70
55
131
55
71
58
20
76
95
108
41
43
49
5
118
54
54
70
4
21
25
60
11
36
4
60
12
81
3
50
91
19
60
71
42
185
53
36
122
2
58
3
77
5
109
72
7
68
84
57
34
16
11
25
14
10
8
61
35
21
32
56
10
16
56
37
88
84
84
17
75
147
17
85
92
54
75
27
52
92
18
77
11
26
26
30
40
10
6
70
72
1
132
29
27
30
8
68
8
82
103
79
71
18
95
42
89
5
49
21
74
41
43
49
25
6
9
24
4
58
21
5
29
112
50
72
99
65
86
36
82
13
1
9
6
42
23
62
15
46
6
48
80
14
136
96
51
28
3
21
10
100
61
53
30
1
111
92
57
38
94
14
31
25
28
66
42
38
19
33
69
29
159
25
36
79
83
40
22
109
36
84
34
45
67
3
25
79
35
69
20
3
64
92
19
32
13
86
23
65
77
68
43
69
35
6
83
25
3
39
42
76
5
86
73
4
39
17
4
55
41
34
7
80
52
8
91
51
61
105
16
48
4
68
39
7
30
46
65
33
54
41
18
20
5
20
53
19
44
47
7
33
56
8
37
65
59
13
38
1
51
13
39
6
65
67
4
76
27
78
16
6
71
82
52
125
63
33
20
52
7
43
41
25
9
38
60
109
76
13
76
104
46
40
2
55
164
40
91
83
33
5
83
22
0
11
15
97
88
44
10
57
65
61
22
16
41
18
42
3
90
53
60
5
16
54
82
65
30
18
19
15
44
3
79
20
23
11
112
89
69
22
36
9
24
55
34
53
3
44
47
48
45
49
27
76
15
43
76
9
2
52
15
20
77
20
55
11
131
29
5
17
101
48
83
72
44
80
100
67
4
10
128
11
39
55
22
78
60
3
26
24
77
61
49
17
51
16
30
11
18
27
25
2
43
27
13
31
77
15
7
61
56
69
31
91
118
49
125
1
3
37
15
12
65
3
68
67
58
15
30
121
45
58
65
7
9
27
96
7
69
30
6
24
71
45
17
31
43
5
87
46
1
24
43
85
49
69
83
44
21
0
14
93
34
75
105
4
40
53
76
45
66
34
55
50
71
22
8
42
58
28
49
27
12
66
24
12
13
16
0
4
8
46
5
43
87
64
19
40
7
34
41
67
9
10
56
4
24
30
9
36
49
11
4
32
4
6
6
45
6
15
41
5
114
43
69
14
53
13
26
47
44
51
24
102
43
20
11
16
16
43
89
43
49
53
48
77
16
36
4
22
118
20
105
168
4
9
75
53
34
2
5
83
32
20
54
81
174
28
41
42
7
26
35
28
26
63
40
11
48
8
32
39
3
13
9
17
58
30
5
45
0
21
57
145
25
42
73
8
90
1
22
61
19
74
37
25
39
16
62
1
35
1
2
72
134
12
51
23
30
47
42
17
52
37
45
0
44
16
25
5
16
32
58
44
26
59
4
14
87
114
31
12
51
26
19
92
10
26
46
5
8
19
20
134
47
27
36
36
15
53
91
75
21
34
46
52
42
3
35
56
54
34
11
23
30
9
94
9
21
52
30
41
1
32
56
21
39
32
61
8
23
26
26
18
5
47
81
26
27
15
21
21
27
0
26
47
11
31
78
17
58
11
22
64
5
8
12
3
79
146
39
24
11
25
0
40
9
68
8
71
39
101
24
6
41
20
5
60
34
2
41
54
42
15
52
119
80
6
19
37
50
53
62
81
34
53
16
27
103
15
62
11
81
128
18
33
39
41
14
34
19
14
30
19
58
3
10
30
18
36
97
39
21
31
31
46
62
80
92
10
9
25
3
25
21
49
33
28
13
70
7
11
24
29
27
16
12
45
5
30
19
33
47
41
126
39
25
78
92
4
33
65
46
52
38
0
25
9
13
2
60
32
13
23
62
64
24
68
5
40
34
25
102
38
8
35
32
48
20
66
10
9
6
64
69
34
47
88
78
14
40
43
61
51
29
44
73
17
38
57
32
24
24
14
25
20
45
17
64
33
4
12
48
17
67
32
3
107
45
17
92
23
39
36
44
131
66
71
30
12
52
0
88
32
74
41
21
36
16
85
11
46
15
52
38
10
13
34
6
3
0
48
71
53
50
81
113
45
15
36
95
46
24
56
53
21
47
89
60
24
103
50
7
36
79
56
29
11
33
12
40
12
44
51
22
62
23
71
5
17
53
34
72
44
14
11
50
32
53
71
82
46
43
32
62
20
124
15
60
18
58
121
50
46
11
21
9
3
47
20
50
25
8
98
22
12
5
62
5
39
88
34
40
17
34
31
56
36
96
61
51
11
30
79
93
55
57
1
3
33
50
27
75
11
6
40
52
18
35
29
38
84
24
23
14
74
30
18
18
18
13
53
99
26
30
14
9
35
46
4
5
76
28
34
30
44
44
9
5
13
16
1
15
4
11
0
8
14
30
89
59
110
35
43
4
14
45
70
5
56
5
42
18
34
10
159
29
8
17
68
49
40
12
89
53
52
24
20
93
19
3
6
30
17
38
61
46
24
59
4
56
5
16
78
94
144
13
17
58
11
30
77
3
6
0
12
25
11
62
79
17
2
69
78
111
21
46
51
3
39
20
12
14
25
33
2
31
46
21
32
25
6
6
2
26
62
64
9
14
12
1
35
26
7
54
43
18
6
14
126
66
32
7
5
13
30
64
21
22
16
50
15
25
53
43
73
28
47
39
106
32
6
51
38
0
7
39
18
26
24
3
14
35
10
42
29
173
12
34
3
38
9
39
39
25
16
38
22
2
55
90
29
49
10
90
16
76
50
34
26
26
90
67
11
36
37
50
36
12
8
17
42
89
15
49
106
22
10
22
11
13
51
17
36
48
45
38
6
9
22
39
5
33
2
39
12
6
58
6
5
19
39
38
30
7
40
8
9
10
33
87
83
15
67
37
12
67
5
50
55
3
3
15
17
15
45
46
55
65
59
20
0
55
13
5
149
20
42
42
5
42
31
34
9
14
19
20
134
43
9
22
30
30
10
0
58
40
34
7
23
13
1
5
15
47
50
7
21
57
15
20
24
17
49
62
32
30
56
48
36
9
57
2
40
46
20
20
12
44
32
90
29
29
90
24
3
18
92
28
20
9
29
47
14
47
27
34
38
17
59
22
34
70
60
73
29
26
85
45
52
71
35
87
16
23
12
57
2
0
13
112
33
38
42
31
59
50
13
39
8
67
37
45
22
51
12
13
38
59
15
22
64
6
13
69
6
2
40
14
49
19
26
2
37
33
31
113
26
22
69
25
18
22
5
55
8
24
0
13
16
36
20
70
75
64
83
58
31
54
14
9
15
39
30
67
30
10
11
45
1
12
35
83
70
35
62
71
19
14
57
28
3
7
0
11
10
4
33
27
8
68
3
67
47
12
38
26
53
62
37
8
48
84
23
12
61
93
79
9
29
10
20
3
41
3
33
53
33
49
5
16
11
24
91
39
44
1
48
31
3
9
28
12
50
31
38
17
25
15
22
66
54
25
38
50
31
6
73
3
19
53
11
18
51
3
60
8
20
17
33
86
5
28
11
30
26
38
60
49
43
43
14
24
28
3
7
21
4
1
1
6
44
14
35
12
39
21
26
8
60
74
56
57
18
76
7
65
9
0
28
68
37
33
16
65
23
78
65
4
30
22
24
55
29
3
79
75
7
16
34
20
27
36
81
22
8
37
30
82
6
13
96
23
6
8
40
31
14
47
31
39
37
45
43
16
19
15
62
5
15
51
37
7
1
18
18
51
3
42
63
36
32
49
75
49
11
9
26
31
43
77
27
62
7
59
54
12
63
78
27
50
62
44
9
23
45
31
22
6
50
29
8
22
18
31
23
90
86
18
1
59
24
46
1
72
46
56
85
18
55
21
47
34
58
33
42
62
36
29
24
8
13
6
52
21
28
19
0
13
37
31
69
46
4
9
63
23
60
10
19
14
7
70
28
12
32
31
4
48
62
67
2
31
26
21
26
43
41
74
8
12
2
0
46
29
86
42
17
51
1
85
22
102
61
30
15
11
72
42
10
20
49
37
46
61
15
44
54
58
15
0
99
45
2
11
21
41
9
13
9
48
27
35
9
10
23
15
14
6
1
30
18
43
5
1
52
103
92
45
33
2
56
6
12
15
8
17
14
14
40
28
30
18
37
42
49
13
11
2
9
8
36
69
13
60
28
28
38
28
0
25
47
10
57
48
16
11
26
34
29
57
1
21
17
5
29
5
5
61
71
76
33
23
23
30
28
3
23
38
2
36
34
70
1
87
38
57
108
38
35
49
4
13
9
3
55
26
61
5
58
20
44
52
35
15
39
58
35
4
56
9
52
16
6
8
50
45
6
0
18
5
94
29
83
32
16
62
8
55
43
9
17
4
57
14
10
34
59
63
23
50
14
34
0
22
62
13
8
9
36
51
36
59
22
7
1
7
28
32
59
16
31
20
46
5
33
8
70
60
2
4
11
9
14
25
41
10
43
13
17
22
28
59
5
14
32
48
21
15
21
53
27
0
22
18
23
12
12
33
16
12
37
2
24
3
12
43
14
39
47
61
40
18
13
0
18
34
40
9
9
29
17
3
63
4
31
7
5
33
49
46
6
59
4
5
1
62
3
11
1
65
19
37
38
20
10
2
12
1
33
61
63
5
24
19
44
64
47
6
19
85
9
22
61
8
51
9
13
6
34
6
21
55
25
9
62
24
32
20
76
57
44
13
4
31
30
23
16
14
6
62
23
3
46
50
10
9
33
34
57
12
47
6
9
44
37
2
26
26
63
1
0
11
24
7
13
49
84
13
29
41
41
21
33
62
81
33
14
68
3
29
19
11
20
28
34
42
27
24
63
21
50
5
8
47
9
18
16
26
83
59
11
5
30
25
33
75
0
13
61
39
51
22
24
1
48
0
47
32
27
17
53
2
15
26
4
18
34
35
29
50
14
18
15
23
47
37
5
15
3
13
20
16
8
3
15
61
57
43
39
49
57
14
47
20
15
1
26
40
8
58
8
6
52
29
10
44
42
14
11
74
38
55
8
23
10
33
9
39
33
31
2
43
34
24
12
10
26
4
100
24
30
43
48
17
4
31
71
29
3
5
3
6
19
32
13
12
36
55
43
88
80
9
78
16
19
38
12
51
14
38
34
10
45
36
3
10
45
29
30
7
9
8
2
10
50
46
10
22
69
39
1
31
54
1
15
13
41
42
27
1
12
9
4
4
47
8
5
38
7
47
15
14
40
45
51
13
17
30
12
58
24
5
47
22
4
15
20
17
4
22
13
12
27
28
37
4
35
5
34
25
54
18
8
16
7
53
45
4
2
19
31
16
1
37
5
1
67
9
22
50
13
21
13
43
23
9
14
21
4
37
37
40
13
40
1
55
51
26
12
19
0
15
53
9
14
2
35
25
30
51
44
22
29
38
16
31
20
8
19
34
19
15
7
69
4
47
16
24
32
10
40
18
20
28
2
20
14
7
4
2
22
86
24
7
4
59
85
3
29
31
7
59
35
49
31
65
43
22
23
5
4
27
41
18
1
36
29
26
40
4
45
58
14
4
48
15
33
29
17
12
2
30
15
15
40
23
27
13
35
11
3
16
6
6
39
9
28
1
30
34
6
17
35
13
10
5
4
18
27
18
5
40
6
24
66
39
14
15
39
15
13
31
66
20
9
53
64
10
44
15
18
107
18
52
6
52
13
6
57
9
27
13
22
10
12
4
22
45
15
39
19
9
26
14
32
36
30
19
33
14
24
59
4
6
12
5
2
46
41
38
73
31
6
1
1
5
24
31
31
20
21
24
4
10
22
24
21
5
1
8
35
20
12
22
19
16
79
1
15
5
24
17
35
36
1
28
5
14
27
58
23
15
31
39
16
24
13
42
1
11
14
17
4
4
21
18
4
7
13
10
41
18
4
14
9
26
6
43
36
45
24
18
55
33
14
11
36
51
36
18
4
19
38
13
6
64
4
38
13
53
6
20
1
9
7
29
2
74
18
2
38
18
4
4
12
3
16
12
3
6
24
19
20
26
33
9
19
3
35
34
3
3
27
21
12
22
13
34
26
14
8
14
3
59
30
2
12
30
29
37
9
11
66
22
1
10
16
17
8
54
6
14
26
21
16
9
6
36
21
31
6
23
8
4
4
8
25
2
7
11
19
23
5
1
12
12
5
20
40
19
22
34
30
5
15
25
24
10
16
1
8
34
21
14
11
44
2
31
13
12
20
5
19
8
8
13
5
0
5
44
32
8
21
2
25
6
32
5
28
5
3
3
10
5
14
5
1
2
38
16
4
12
13
19
25
19
11
13
38
8
31
18
42
6
24
53
37
0
7
32
24
17
8
19
8
36
1
21
7
10
45
28
22
7
3
35
4
8
21
18
22
11
9
38
17
4
10
19
2
12
31
25
18
29
26
12
17
17
25
6
17
16
52
7
0
14
9
19
10
17
23
18
12
21
45
12
21
23
6
10
1
14
23
27
32
12
23
31
14
10
2
12
0
8
37
5
20
4
2
3
28
16
31
19
22
25
17
0
21
3
12
5
14
10
64
10
25
35
2
9
5
13
29
45
13
8
18
0
12
1
26
4
21
4
27
26
30
13
25
0
7
33
14
13
12
22
2
3
7
18
15
21
36
12
18
24
11
26
4
21
9
15
4
3
22
18
45
18
2
26
6
20
1
12
11
11
8
17
8
20
30
6
16
26
21
31
9
6
17
8
1
11
2
6
20
27
9
17
8
16
3
8
30
7
8
23
9
12
1
21
6
9
29
12
9
20
1
6
0
14
4
20
1
21
29
25
34
14
1
5
3
23
19
3
3
11
17
13
16
15
7
1
2
3
8
9
18
20
22
11
12
12
15
14
5
12
28
2
0
3
11
26
8
15
19
15
2
5
11
15
8
9
7
7
11
7
16
4
2
10
5
2
21
14
2
12
16
10
14
18
5
8
9
11
17
5
8
3
12
6
9
1
3
32
23
3
14
4
1
9
12
18
23
8
2
8
10
7
1
7
24
4
8
9
16
3
11
22
5
13
7
12
20
10
21
4
4
3
10
9
1
14
11
5
2
11
5
12
11
9
1
6
22
6
4
10
7
21
5
3
18
4
16
8
9
21
12
3
4
3
10
14
9
6
5
2
8
23
14
4
10
20
14
3
4
9
6
20
11
9
3
9
12
6
3
6
7
14
2
3
8
4
8
13
7
1
7
5
13
0
8
8
10
6
0
0
1
20
1
3
1
1
1
6
9
5
0
17
0
5
1
4
7
8
3
5
2
2
14
1
8
5
6
1
7
4
4
4
1
4
1
5
2
3
1
4
2
2
1
3
4
2
1
1
4
2
0
2
0
