27
22
10
2
65
11
1
1
20
13
121
97
62
65
5
127
91
8
99
4
6
50
39
10
38
25
86
9
32
76
1
1
22
29
33
138
5
17
6
0
2
40
48
36
20
53
11
39
30
19
13
64
0
22
110
1
54
34
95
43
29
61
78
32
47
48
48
20
65
58
3
58
21
47
27
21
65
27
38
36
7
72
18
62
51
54
82
11
53
42
165
33
32
58
64
42
24
14
52
27
82
50
17
71
40
97
69
12
2
19
117
142
28
57
22
81
5
111
9
85
12
56
73
34
54
85
63
22
29
84
13
45
2
68
45
12
50
7
148
80
23
45
9
40
54
103
28
89
151
35
75
114
36
68
17
10
10
60
38
27
27
36
107
75
13
83
25
7
102
7
4
17
17
47
97
40
55
131
101
70
49
77
33
114
51
75
32
169
7
1
23
150
25
2
14
76
3
31
32
2
126
11
143
78
35
125
34
51
60
45
22
19
13
47
53
50
27
41
71
14
19
120
48
175
7
19
51
109
75
91
102
93
10
8
63
57
77
22
77
44
226
46
48
71
79
109
46
95
32
3
8
33
158
67
133
83
29
48
172
167
116
56
147
89
4
11
16
50
18
26
63
9
100
70
103
1
38
87
127
11
16
57
71
102
46
22
25
21
28
79
56
117
13
47
1
68
88
15
47
80
86
5
10
91
81
79
73
72
52
61
8
7
127
107
21
51
158
72
31
18
86
1
28
140
33
37
79
52
108
67
68
79
31
152
85
32
79
61
10
136
17
76
36
65
62
45
53
14
49
24
37
88
24
89
82
73
59
77
106
8
51
31
52
20
91
58
19
9
99
71
30
29
15
104
39
109
43
25
25
90
137
62
44
18
29
64
68
6
16
29
59
52
19
33
65
34
188
49
150
45
66
30
58
166
36
113
245
28
28
44
17
101
19
10
42
15
88
21
68
49
13
26
49
64
78
94
12
59
4
55
99
69
58
42
107
47
57
12
5
22
92
68
129
36
11
106
26
4
55
25
2
11
44
93
84
15
76
91
86
71
66
216
46
68
60
91
128
55
95
89
80
13
5
104
85
25
3
61
134
96
94
62
2
108
61
40
25
85
5
30
2
230
119
7
93
74
67
9
4
44
25
31
36
56
15
26
36
93
181
18
9
46
47
16
81
55
53
131
43
137
147
33
19
51
16
88
50
70
41
16
17
24
11
52
28
21
47
51
33
87
83
72
64
128
7
11
110
11
107
180
55
145
14
54
63
134
74
122
8
6
72
55
6
64
10
72
136
76
116
9
15
114
20
16
8
78
86
83
116
59
126
39
43
1
3
75
66
29
21
93
67
49
19
16
106
116
84
19
34
77
55
57
22
7
57
65
40
91
15
94
5
12
24
38
3
93
26
19
48
6
151
20
36
2
91
111
41
51
13
3
74
78
104
135
57
68
30
8
85
25
107
14
93
53
51
103
187
8
45
30
59
43
18
137
77
124
64
43
64
10
13
10
29
84
103
41
79
140
20
68
17
34
114
251
20
68
72
42
10
63
19
72
54
73
13
83
42
40
75
91
27
70
112
44
5
33
161
55
17
7
39
29
123
72
62
39
28
93
41
1
15
11
77
96
92
97
12
1
19
45
57
4
93
48
128
15
67
77
45
56
2
53
119
50
82
25
106
23
82
13
67
103
100
95
58
130
45
22
27
59
4
13
104
76
14
25
91
64
57
59
186
65
88
60
107
0
55
17
59
146
63
69
176
9
41
91
16
11
19
44
33
65
27
117
39
86
16
11
65
11
32
79
5
12
5
41
10
12
39
58
122
132
42
52
6
71
82
34
33
19
89
3
17
43
94
172
22
130
1
96
82
59
109
31
19
13
22
91
127
7
5
28
55
74
26
34
48
35
187
15
35
29
6
26
13
9
149
49
18
92
33
40
13
63
88
43
29
9
76
36
59
74
90
119
48
45
67
74
55
35
27
37
55
48
16
57
122
53
103
19
8
10
81
19
26
83
39
56
113
4
55
150
82
74
131
91
73
14
75
20
83
36
56
143
31
109
41
29
99
48
34
28
67
54
80
38
13
50
41
38
108
147
27
142
38
63
10
10
39
68
37
41
53
9
54
86
159
82
26
25
34
124
3
13
4
6
9
14
45
18
64
150
70
46
45
56
36
18
64
78
16
98
58
19
132
71
72
13
8
91
1
46
71
47
69
64
22
184
76
24
30
19
22
54
45
72
2
86
36
64
31
2
10
65
19
17
28
49
2
3
11
127
125
23
19
40
2
4
17
4
106
37
54
4
56
41
114
64
53
30
152
2
30
90
73
38
36
59
36
114
8
57
82
12
33
23
57
142
48
33
9
0
70
105
34
68
13
30
72
50
51
34
25
4
12
40
35
165
52
9
30
40
60
17
46
4
37
37
4
29
125
98
10
171
1
105
16
5
4
14
57
34
23
26
24
50
47
137
58
123
13
37
23
92
108
12
46
53
11
38
84
99
27
5
25
57
19
7
74
8
80
8
19
23
32
131
45
123
21
64
88
65
39
49
75
45
8
13
70
85
4
60
19
47
83
31
52
3
9
61
48
1
6
26
20
9
94
102
61
14
99
85
64
28
51
8
114
8
60
52
85
58
16
99
29
10
64
102
44
23
5
13
96
85
17
19
21
11
82
28
96
67
56
31
72
87
96
46
24
54
31
12
69
5
21
8
91
54
109
35
29
7
50
68
20
50
19
101
131
117
88
73
45
11
10
121
3
43
103
63
24
53
90
34
65
25
41
5
117
2
136
55
49
28
94
13
21
116
177
60
58
24
36
70
11
49
4
41
81
48
73
12
34
33
13
9
35
49
28
15
23
74
35
103
114
39
13
4
25
26
26
61
14
128
130
47
85
8
37
40
22
46
59
26
131
68
39
3
162
18
3
18
8
19
153
45
20
86
88
35
10
32
58
23
75
46
57
94
29
16
98
34
84
22
8
2
49
32
68
66
32
75
14
40
70
51
3
61
10
37
64
80
13
19
26
30
61
10
26
18
16
5
18
41
61
75
26
50
65
8
39
1
10
17
2
71
1
9
54
107
92
7
67
10
33
40
22
39
109
18
67
31
45
8
1
35
72
76
48
8
42
13
15
42
72
5
67
44
107
12
2
137
33
2
3
47
99
23
19
66
35
111
123
18
73
59
51
0
14
151
81
32
8
71
24
39
21
3
89
11
22
71
111
71
23
60
90
24
35
126
6
84
89
61
55
61
4
9
64
3
180
0
50
43
94
32
40
95
45
80
19
49
87
15
38
88
50
80
19
41
61
47
0
36
12
24
88
8
110
14
115
39
49
47
57
56
128
47
6
31
52
96
38
38
52
22
104
54
10
14
0
82
25
33
22
44
131
87
46
44
29
31
51
115
46
17
38
26
35
69
35
23
1
75
65
81
38
33
33
38
3
39
44
49
1
22
17
8
135
58
20
25
35
43
30
31
9
71
11
7
26
65
75
98
65
65
6
232
30
79
13
7
65
67
39
14
41
40
12
29
15
13
33
41
8
40
5
4
69
44
14
97
92
13
25
47
7
42
16
39
49
120
70
64
5
27
7
140
35
88
79
35
101
16
47
60
40
92
35
12
32
63
61
44
59
85
33
27
112
78
33
34
102
72
12
51
57
84
28
31
22
3
31
27
43
26
78
62
34
38
104
16
5
59
131
32
69
55
24
56
79
153
26
4
5
20
11
47
11
91
36
39
71
24
22
111
31
17
53
62
12
5
97
71
16
1
27
77
47
5
63
70
9
41
68
37
29
1
40
147
36
46
2
37
57
3
15
26
74
81
35
33
14
59
9
33
54
35
27
68
40
16
48
28
35
24
41
3
78
65
80
23
80
25
35
6
22
42
96
80
30
42
4
31
41
18
28
51
21
7
61
29
139
8
12
34
21
22
42
6
32
61
64
84
61
22
11
71
8
51
31
52
45
174
30
1
169
32
28
29
85
20
10
66
23
4
34
6
74
16
58
42
102
29
33
21
0
65
3
11
46
81
39
130
51
2
15
44
78
20
22
59
55
32
10
51
36
13
87
108
22
35
11
1
30
10
131
58
53
21
20
12
32
34
62
79
54
119
21
77
26
61
29
39
21
12
37
63
20
58
38
51
21
51
68
22
18
60
36
82
47
3
9
50
93
44
48
37
29
27
1
56
61
92
87
97
41
12
17
19
65
15
63
20
79
48
37
70
93
10
130
158
14
45
54
0
94
77
25
21
107
57
1
21
93
63
52
29
16
39
142
64
5
76
65
39
80
33
52
26
9
40
20
7
5
12
82
126
26
19
48
74
12
15
58
38
1
97
59
41
64
47
38
28
71
9
20
65
86
53
35
45
72
56
79
64
17
46
95
20
76
38
14
61
27
34
56
42
34
31
65
25
26
32
119
35
4
77
25
16
21
12
30
18
31
57
8
21
25
46
58
14
10
8
36
83
51
30
20
91
38
89
51
52
42
67
39
23
108
101
123
69
32
26
1
21
45
4
11
15
44
52
60
102
18
111
53
11
73
19
70
9
25
50
103
65
9
7
45
167
81
55
17
66
19
30
90
179
17
100
1
15
91
44
16
19
19
24
99
29
35
2
19
49
42
6
38
36
33
45
23
54
56
3
32
37
66
15
102
45
48
40
43
30
20
32
19
78
81
40
126
41
23
1
45
69
65
12
37
8
8
53
21
11
48
21
95
30
50
24
99
9
15
99
46
16
38
96
79
36
31
24
70
7
64
85
12
7
41
11
63
108
32
35
87
84
41
144
31
36
10
10
4
13
0
57
29
72
83
17
89
69
7
25
68
71
100
11
39
27
42
141
32
10
4
16
70
80
27
23
47
132
13
7
63
12
82
20
42
81
48
70
41
9
0
40
71
39
68
105
11
37
34
31
64
19
13
37
49
16
27
79
74
65
37
90
30
22
9
27
59
39
94
25
77
47
22
14
119
3
30
99
24
58
24
9
69
44
23
59
13
13
69
81
99
43
9
3
67
43
31
31
43
37
73
27
39
0
56
1
14
58
4
31
89
71
109
47
34
35
30
67
71
34
18
36
5
59
73
31
38
21
43
19
13
90
3
34
49
30
21
12
53
48
1
81
97
31
11
48
8
30
47
20
61
99
52
11
15
18
14
38
42
67
90
20
102
56
54
19
30
5
17
47
62
26
24
35
23
66
88
76
55
13
15
36
2
18
72
9
79
27
55
35
123
1
4
57
36
3
24
30
67
83
89
28
30
22
43
61
57
18
38
4
3
33
68
61
38
47
77
26
3
30
99
81
14
5
9
52
20
8
16
18
1
43
40
24
151
105
65
32
2
113
69
75
40
80
146
42
2
11
62
7
63
5
29
74
63
80
31
3
19
3
54
24
7
15
79
27
50
85
34
35
11
10
36
72
24
51
11
28
41
12
14
8
12
15
7
41
46
136
19
1
36
10
91
9
18
9
50
26
8
19
90
2
137
4
34
108
81
8
16
18
20
60
46
21
15
8
8
11
22
49
75
98
12
14
14
34
10
32
19
12
24
89
10
30
73
4
97
12
54
42
24
68
25
11
59
25
44
22
36
28
13
72
19
0
97
38
115
54
37
15
50
14
37
46
83
65
30
18
93
13
22
40
16
90
6
33
16
12
33
29
23
31
9
50
73
9
193
67
26
76
74
51
13
7
22
50
83
56
44
57
48
19
15
29
9
41
46
5
36
48
6
98
31
62
26
37
92
47
10
47
54
16
29
25
33
36
3
13
10
25
46
30
10
98
33
11
62
1
43
67
46
59
7
77
34
18
5
30
50
23
29
96
32
6
8
0
13
29
11
1
60
56
32
39
40
14
51
40
66
63
6
41
15
92
31
35
19
61
113
49
17
33
17
33
58
88
30
16
29
87
63
60
89
36
13
59
101
27
73
10
22
55
45
30
17
71
22
4
33
16
53
80
33
74
66
5
29
7
26
48
29
20
35
43
40
29
34
36
1
41
18
87
5
44
38
74
3
50
15
43
1
58
60
17
69
11
56
47
7
9
101
13
9
40
35
55
13
12
8
42
14
64
69
70
12
105
26
52
32
84
31
15
46
19
56
17
26
47
27
25
10
8
47
41
107
117
21
49
5
10
48
8
60
45
12
24
6
70
42
51
57
28
71
16
31
21
8
36
8
45
2
8
8
1
8
37
71
41
13
20
20
28
60
9
22
1
45
22
53
31
7
3
58
22
13
6
69
39
27
25
55
82
44
23
17
68
58
3
15
32
23
21
1
52
61
64
61
36
90
48
45
18
11
6
8
113
64
18
48
34
22
22
8
36
12
79
69
60
4
23
17
36
125
31
6
21
49
14
1
21
56
8
15
59
7
84
30
45
17
33
24
42
10
33
42
51
54
4
12
19
59
66
53
21
72
55
28
19
24
8
31
33
59
39
65
51
71
59
5
31
23
16
16
70
83
64
77
50
27
86
42
47
66
62
69
13
74
3
52
52
24
65
68
45
23
26
55
74
25
14
61
43
32
23
44
27
138
45
3
20
7
67
47
78
38
4
0
14
71
58
30
21
16
50
8
68
62
15
6
25
31
67
53
34
94
31
21
58
48
42
23
74
4
91
65
38
21
15
13
74
14
18
57
11
24
74
48
1
80
13
11
47
6
27
25
19
51
47
87
45
7
11
38
32
18
107
46
54
90
78
32
13
15
13
97
6
57
106
28
30
11
97
47
31
35
25
32
117
59
26
23
26
51
17
0
22
25
7
39
54
72
6
6
46
76
17
44
13
12
40
26
133
67
43
16
33
23
83
1
40
22
105
33
100
32
48
15
26
16
69
33
67
20
62
83
4
41
34
49
7
78
61
45
37
13
51
23
48
40
43
52
14
16
49
29
7
33
41
24
48
94
35
19
4
72
32
23
40
7
56
39
7
20
40
50
62
2
74
28
57
27
60
58
31
48
68
35
3
132
29
17
15
54
48
7
35
2
64
64
15
34
56
11
47
34
70
62
69
11
137
2
36
16
4
74
12
31
18
72
45
29
12
12
44
31
37
40
16
10
8
71
77
88
1
38
7
9
28
37
39
12
14
16
23
27
71
26
21
9
2
21
27
42
45
34
44
48
128
11
38
30
45
12
41
63
2
16
8
63
28
6
8
41
20
34
14
40
57
56
6
24
33
5
29
61
77
3
72
5
3
45
5
15
58
34
25
29
24
32
73
38
68
18
100
32
2
11
7
15
18
45
11
12
13
98
10
62
20
22
40
7
29
32
64
24
44
48
25
45
4
59
63
78
15
20
14
5
38
58
32
60
64
2
26
63
37
4
32
15
39
27
36
9
1
43
91
2
18
56
43
20
33
70
34
37
10
57
21
52
20
10
14
2
51
15
51
25
9
35
49
16
41
43
24
20
20
55
9
4
44
34
8
29
10
27
40
46
18
25
23
44
40
12
74
33
62
25
41
60
17
50
25
91
1
22
42
25
27
25
100
53
57
41
49
103
72
94
7
48
24
29
71
24
77
87
59
13
19
43
9
27
35
5
47
10
67
6
67
72
51
29
20
7
38
61
52
76
48
29
32
5
44
39
13
66
49
16
3
7
50
15
1
33
11
1
24
10
19
29
68
62
63
18
53
46
23
4
4
55
7
47
44
87
20
13
3
12
29
41
32
74
21
25
51
21
1
73
37
45
21
47
13
31
55
48
47
33
32
16
50
40
28
4
21
35
20
2
30
39
42
37
57
9
15
18
91
27
26
39
25
23
13
21
37
43
50
27
52
1
27
26
5
25
8
7
27
27
42
14
43
19
43
74
31
29
26
43
10
39
9
34
73
17
27
4
23
67
37
9
17
100
3
36
55
46
52
16
12
50
35
15
36
34
40
80
53
9
13
25
2
29
9
18
11
55
50
19
34
58
43
20
29
47
34
11
56
39
17
1
38
40
8
34
15
38
19
38
14
11
12
45
44
44
22
10
11
27
24
61
5
5
100
45
5
59
45
25
102
32
0
18
9
40
19
2
30
42
7
30
36
10
9
8
26
57
67
1
16
28
47
39
31
7
22
43
13
27
26
3
64
4
3
47
25
79
28
71
37
1
20
38
4
2
32
1
12
57
15
23
30
34
59
9
17
6
9
155
54
42
9
12
19
21
74
37
1
25
85
2
37
15
61
22
22
34
44
67
86
9
62
7
43
9
75
8
20
32
49
16
13
5
26
2
100
71
32
4
17
31
2
6
45
23
12
28
63
23
15
61
32
25
15
3
8
20
52
5
23
6
38
25
19
59
22
38
1
58
7
39
43
20
29
21
43
18
29
3
14
3
4
2
5
11
3
24
27
11
3
13
0
3
9
3
55
16
1
18
12
7
29
38
30
4
4
16
36
10
13
15
52
20
30
7
41
13
20
88
66
31
21
52
54
6
33
20
67
6
1
34
50
71
13
5
46
87
51
0
81
35
14
9
6
1
9
25
46
33
36
42
3
28
20
13
7
3
26
23
1
10
55
26
2
43
24
3
9
34
1
20
55
17
54
57
45
32
40
31
8
60
2
69
29
25
9
16
9
61
5
7
2
9
7
41
13
18
45
42
30
59
23
6
31
26
49
25
15
45
43
34
12
55
15
11
41
23
54
13
50
13
27
16
19
41
18
8
14
37
70
39
16
22
22
13
26
84
8
36
12
7
23
9
30
64
31
81
64
35
54
39
5
26
23
34
3
47
21
20
11
0
38
71
59
14
29
8
10
36
69
19
30
23
8
12
56
78
13
8
55
58
6
5
20
17
12
63
2
20
35
51
18
46
28
2
22
60
15
70
5
8
22
4
5
27
62
69
2
24
7
17
3
5
41
2
2
36
16
33
24
35
5
32
32
42
11
35
28
9
9
1
15
42
67
46
20
21
1
6
6
8
1
17
25
29
56
51
25
22
80
38
14
16
25
11
28
56
3
7
41
13
24
14
11
85
40
40
14
3
29
7
36
43
15
64
15
47
15
20
56
27
37
52
26
34
7
24
49
7
7
25
4
53
10
10
91
3
8
7
30
36
26
22
7
18
9
2
8
12
21
6
14
33
4
7
16
53
5
19
0
44
38
22
60
19
41
93
6
32
20
85
12
30
6
21
24
9
26
46
3
12
35
8
49
18
17
22
4
36
51
4
13
0
4
6
16
9
18
32
13
28
21
1
7
51
7
23
17
52
5
8
12
32
8
1
62
21
19
3
46
11
2
1
1
36
21
30
21
14
36
15
4
30
0
2
12
50
21
14
63
2
17
14
26
36
2
5
5
26
24
1
26
2
4
26
35
49
76
67
7
11
44
18
9
0
5
47
44
38
22
85
4
15
38
9
9
15
2
39
3
17
20
3
49
18
7
15
13
6
20
2
3
26
12
22
19
43
32
0
39
14
40
34
18
32
2
10
1
25
3
21
60
8
15
3
4
7
17
23
5
21
52
18
7
34
21
19
34
9
2
12
39
11
16
5
44
16
40
29
15
11
18
40
29
1
16
15
55
2
3
1
12
26
38
3
11
52
25
0
3
0
14
15
49
17
22
4
18
46
0
54
10
4
25
9
9
33
24
68
5
12
24
31
42
11
12
8
3
30
5
14
24
57
0
13
5
2
25
32
16
3
37
16
24
17
31
11
2
31
7
12
35
23
16
8
31
13
20
19
28
40
3
1
27
11
38
27
20
8
23
44
18
8
11
23
3
48
4
20
25
12
43
41
2
12
18
4
9
35
23
7
41
13
12
8
15
8
24
29
33
26
10
5
37
20
33
24
13
7
10
20
40
29
22
15
1
16
9
23
48
20
1
39
13
16
12
32
68
6
4
13
43
9
21
1
24
8
43
23
53
27
8
14
2
5
34
65
34
39
31
32
43
46
3
1
24
27
42
16
45
13
17
58
3
17
45
23
19
1
3
17
7
19
5
0
13
10
1
29
11
23
15
8
3
50
1
30
12
2
43
7
32
26
8
9
43
11
15
15
28
5
36
13
12
15
4
0
2
45
47
37
10
14
36
17
45
45
15
24
55
24
10
5
5
59
16
20
44
3
10
30
9
17
40
4
6
0
13
1
6
30
17
25
35
15
23
5
28
6
28
10
18
25
29
1
29
47
31
7
7
17
13
29
25
50
39
13
10
49
13
38
19
0
5
14
40
29
29
14
29
23
6
19
25
5
11
23
23
40
8
17
23
7
31
1
20
20
37
4
9
20
6
13
22
18
0
12
52
16
29
12
16
27
20
17
2
25
4
38
41
9
21
12
16
24
27
7
9
19
38
6
1
14
13
12
30
6
11
1
16
5
1
26
20
9
10
17
10
16
6
24
1
27
5
42
1
19
26
17
8
32
13
22
13
17
8
48
1
23
10
12
9
4
29
7
25
27
12
12
8
10
3
14
11
35
5
25
8
16
57
21
5
20
0
17
10
29
20
10
4
15
6
4
13
22
10
9
54
16
8
0
17
2
12
22
6
18
1
27
11
49
22
17
10
22
7
20
26
41
8
0
13
11
26
11
15
7
4
10
4
39
28
11
16
8
6
1
4
26
7
12
19
4
3
1
6
5
8
14
4
7
3
3
5
10
3
13
10
12
29
1
15
8
10
17
1
23
5
18
5
14
9
6
14
7
3
6
9
22
13
17
22
11
4
14
6
21
12
9
19
4
13
9
15
18
10
8
12
21
4
14
30
8
1
3
4
0
11
18
15
24
2
1
14
14
2
1
3
2
2
9
3
10
0
1
5
1
1
8
11
6
27
15
22
12
4
14
5
19
1
5
26
27
3
7
15
7
5
5
14
1
18
2
31
3
11
8
9
3
18
1
18
36
8
7
10
4
9
12
5
12
3
27
16
9
4
6
9
3
4
8
6
14
8
12
12
9
7
5
21
17
13
14
8
1
3
8
18
17
6
0
9
6
9
10
20
3
4
14
2
8
12
10
4
1
4
26
14
8
14
8
3
1
1
2
9
5
7
12
3
1
17
7
6
2
5
5
6
0
5
1
9
12
8
2
5
3
6
1
12
18
8
17
3
11
8
11
5
7
1
5
1
20
3
0
7
9
7
7
4
5
1
1
5
7
3
1
3
9
9
4
4
15
10
1
6
2
2
3
7
4
1
2
9
5
3
1
4
2
8
3
4
4
0
4
6
2
9
0
5
6
2
1
3
2
4
1
2
