16
101
12
16
49
41
82
14
26
2
34
11
24
20
14
35
13
6
27
9
81
18
7
131
16
20
42
3
31
178
2
10
30
83
25
20
61
11
16
31
14
34
39
36
28
13
28
79
18
46
12
27
17
16
16
42
55
37
15
54
122
49
124
27
17
8
3
25
19
14
97
14
118
3
22
2
20
46
72
49
37
34
18
45
59
75
115
33
25
178
37
163
88
14
89
1
1
45
86
24
20
67
22
55
96
54
86
96
59
3
50
10
85
1
36
11
7
8
7
10
8
14
120
32
9
144
35
24
231
97
21
114
76
54
44
176
38
73
31
20
98
63
2
61
83
67
79
16
77
82
24
15
47
3
25
56
194
49
56
61
76
68
10
6
132
32
36
63
2
37
36
22
107
74
65
89
158
72
14
42
1
71
91
26
11
39
52
64
18
5
72
50
53
30
5
15
90
49
82
110
94
39
25
60
85
76
14
23
3
64
72
89
98
71
51
7
32
52
94
3
115
16
131
76
84
72
51
221
7
144
93
40
25
1
25
22
86
93
4
15
140
25
13
10
46
11
55
51
110
64
12
74
64
10
14
62
85
84
22
80
22
15
12
118
20
32
29
97
45
28
6
104
187
30
44
35
47
127
53
62
2
66
1
23
1
130
126
13
64
78
9
31
17
29
98
76
36
69
81
68
128
16
114
31
2
9
16
106
66
17
2
50
136
26
85
128
114
29
73
125
18
86
27
39
63
38
121
14
15
36
3
126
13
77
64
45
31
110
38
62
27
84
84
30
31
106
30
44
34
87
34
3
48
92
27
66
72
20
51
44
81
21
73
7
35
38
46
190
26
62
10
45
81
82
43
5
76
41
31
13
61
105
27
26
5
27
86
9
6
171
8
67
85
25
95
10
50
46
6
55
9
66
136
17
72
11
37
63
137
13
169
90
56
104
5
24
82
6
7
33
27
144
8
26
18
18
45
34
18
64
24
7
48
105
38
98
28
47
43
17
63
30
91
40
84
73
71
1
51
9
227
30
26
53
69
18
20
80
110
55
115
113
44
62
9
2
52
46
51
103
53
39
45
7
58
15
88
98
11
159
47
99
99
12
118
93
79
73
10
14
103
6
47
52
127
13
131
0
32
73
62
15
86
168
39
76
3
107
21
17
14
92
72
1
130
53
50
130
34
70
16
71
18
27
7
37
4
24
157
26
124
86
50
33
44
51
43
3
87
56
30
115
27
51
67
36
4
145
22
3
99
117
64
43
7
48
82
7
4
65
58
18
68
136
137
32
75
23
84
46
50
13
156
190
26
29
0
33
56
66
63
80
38
48
97
121
9
31
39
152
85
50
63
6
76
71
64
6
137
51
26
11
55
124
15
31
90
80
97
166
4
90
27
54
51
14
59
46
17
61
41
11
0
105
65
44
139
70
1
59
48
28
54
120
29
52
14
5
21
99
179
89
44
27
109
176
73
35
95
33
28
28
12
11
31
13
2
193
40
90
147
56
121
37
162
103
10
68
4
7
104
62
16
45
148
8
70
66
71
151
80
60
98
8
16
93
56
23
49
28
13
24
40
83
20
22
129
43
19
26
45
124
59
10
97
52
69
9
57
98
21
18
10
23
7
8
94
53
30
25
9
75
109
66
115
59
93
9
45
94
81
22
40
120
42
46
49
48
16
184
23
17
16
135
39
32
66
59
129
86
85
11
13
58
16
73
52
118
45
40
86
53
51
51
14
91
0
111
91
15
136
8
32
21
23
49
31
27
41
11
19
87
81
18
136
132
11
97
33
25
26
40
25
59
86
111
67
26
78
91
13
163
75
52
52
29
64
18
39
89
80
20
85
24
45
27
28
96
51
92
6
112
63
99
34
79
8
45
29
65
35
16
32
55
38
42
82
42
33
13
100
41
22
22
15
7
63
42
25
38
97
48
50
44
41
56
64
124
80
49
36
20
17
160
3
38
54
59
55
71
53
115
81
22
88
15
2
65
34
46
12
48
241
23
41
118
16
123
68
39
136
75
38
8
79
40
60
65
50
99
24
31
13
12
17
9
30
21
79
4
22
1
29
47
46
96
43
24
15
65
43
16
86
77
53
26
39
11
64
91
81
117
17
85
34
63
45
190
34
99
73
2
85
116
46
10
36
166
26
55
38
77
8
64
20
42
39
55
14
78
14
22
22
20
87
23
98
42
64
17
52
71
65
111
17
142
23
32
44
21
1
10
133
36
10
102
102
10
25
29
29
72
25
55
63
174
71
118
67
45
94
34
194
34
208
16
30
9
63
24
57
31
21
86
36
114
41
65
23
65
19
19
68
17
93
86
54
113
35
39
56
14
15
36
8
66
36
22
110
37
68
79
47
38
31
121
40
65
80
25
41
37
9
12
25
67
44
3
62
48
63
39
0
2
57
35
6
1
15
6
32
34
44
96
70
41
142
58
4
103
16
140
36
31
59
17
65
63
49
139
16
17
36
34
16
18
126
23
0
49
75
52
52
48
9
98
39
29
20
62
38
20
42
11
60
10
44
110
38
7
23
86
64
21
74
71
73
6
20
65
40
48
23
14
30
100
44
34
105
34
60
5
37
62
48
123
73
59
69
110
65
26
38
25
75
59
18
45
45
82
8
22
179
60
55
11
25
9
81
101
68
9
114
6
56
72
25
63
38
27
25
82
89
22
54
92
62
133
63
158
103
75
46
64
7
70
17
65
14
146
41
13
13
143
65
104
34
3
38
24
167
29
90
86
10
74
35
74
10
24
147
56
115
94
29
3
64
85
79
44
13
19
68
27
22
62
146
89
40
24
39
4
80
56
60
60
99
90
51
78
87
31
56
70
1
3
51
48
124
134
1
75
31
70
37
79
53
150
23
29
64
62
44
16
0
47
34
47
90
2
51
32
50
42
59
65
24
7
6
7
51
65
20
80
8
91
101
31
20
22
19
68
56
51
20
108
19
90
83
79
10
21
13
2
103
59
62
41
30
27
5
85
91
42
32
39
108
2
95
51
61
64
99
47
70
81
30
30
35
44
51
27
10
3
59
7
71
81
195
2
104
89
3
29
120
111
4
96
8
26
1
125
27
28
22
16
4
9
7
57
39
88
82
77
44
35
78
23
87
7
24
57
12
9
70
102
47
82
18
26
72
8
104
130
22
98
72
10
42
86
19
92
16
24
20
0
105
133
57
40
2
47
55
22
19
37
11
55
35
8
83
24
9
75
28
50
76
19
179
37
43
6
79
19
8
30
38
81
63
10
60
150
53
30
5
63
10
21
67
21
60
3
8
82
29
52
13
4
11
39
6
40
108
35
10
26
1
34
8
119
13
8
22
136
65
38
75
81
116
77
85
43
103
22
44
55
62
63
33
32
77
26
41
78
75
51
66
5
10
89
31
118
19
81
28
61
50
54
1
74
26
22
78
81
27
16
47
10
2
33
72
75
54
42
18
36
77
40
17
32
50
69
23
85
41
57
14
14
39
32
93
37
40
33
40
11
30
49
18
35
87
44
40
45
110
18
72
1
76
40
6
84
25
68
19
5
42
5
61
47
67
28
30
65
10
23
76
41
40
38
1
38
32
31
13
11
63
2
62
21
107
54
102
7
25
120
49
91
108
79
51
24
46
162
0
141
46
23
55
64
139
32
0
124
8
17
10
27
34
71
72
34
21
26
65
21
67
12
5
7
10
64
2
15
13
22
9
2
22
114
46
84
89
10
25
136
53
47
72
35
48
122
47
109
60
62
32
51
7
15
67
11
49
52
48
142
24
79
27
36
5
11
19
7
19
14
53
0
19
23
8
38
50
63
40
46
16
40
5
168
110
72
49
14
29
45
105
58
11
41
90
68
38
36
83
166
21
86
46
48
74
50
6
34
16
44
28
28
41
184
4
45
68
128
20
45
56
108
10
35
22
51
83
1
49
48
69
1
41
126
12
13
16
18
3
50
43
41
80
98
36
95
80
14
36
15
41
1
21
98
60
12
61
12
4
69
24
34
17
7
57
40
24
75
36
3
42
21
34
84
8
48
39
9
13
19
8
20
12
27
66
12
115
6
26
82
75
14
88
55
119
21
82
39
32
117
54
60
86
60
63
30
62
27
61
82
20
67
96
63
80
7
4
79
0
28
9
11
63
40
47
40
55
42
127
4
27
64
1
104
15
75
12
24
5
17
71
26
4
90
62
1
26
2
61
15
12
32
50
45
58
64
97
109
41
73
19
20
55
47
96
100
13
57
37
4
29
14
45
90
13
67
104
26
15
37
25
48
55
27
15
48
86
34
1
2
57
6
6
18
31
36
16
77
28
60
25
36
26
17
76
9
6
33
28
17
3
4
20
36
10
57
91
57
64
17
65
159
10
1
40
41
2
25
101
6
87
108
50
67
6
64
28
7
62
6
88
35
4
8
37
18
59
6
99
26
37
89
76
17
15
24
66
10
31
71
64
18
27
36
23
27
12
43
88
51
39
88
98
35
39
7
47
89
2
78
46
33
54
22
41
28
16
32
61
6
22
7
6
113
44
37
42
80
21
82
6
66
49
19
7
49
38
8
7
56
92
92
42
25
28
22
5
53
68
33
7
14
24
77
82
41
53
48
37
20
119
95
37
17
49
66
43
90
76
4
91
35
6
22
38
9
46
21
61
38
41
107
12
57
76
40
25
39
2
21
26
102
65
101
10
61
4
64
52
4
98
81
14
28
19
9
36
69
60
108
66
58
49
119
51
32
54
17
41
28
3
13
8
11
3
97
22
46
19
96
32
13
31
35
106
36
54
18
23
3
65
50
13
15
4
21
29
31
16
8
17
74
14
33
25
19
44
35
31
57
67
28
44
17
16
2
46
43
60
38
16
26
61
22
52
100
27
42
57
51
57
23
38
101
34
8
57
26
36
2
65
71
121
51
90
13
25
79
61
4
96
7
17
33
2
8
5
9
57
38
56
79
53
0
0
21
58
28
30
40
55
38
28
22
100
88
77
29
36
33
68
7
22
48
50
82
67
92
20
67
17
7
82
100
50
14
37
79
21
22
2
87
71
111
7
92
103
3
22
35
73
50
138
15
35
14
24
40
17
53
60
64
1
27
49
52
32
79
63
21
41
12
28
18
76
33
64
70
111
76
14
41
47
8
67
0
41
48
84
8
10
18
28
12
105
18
39
112
67
7
24
51
7
24
32
62
17
9
16
42
84
28
41
1
19
57
38
13
58
133
52
82
35
36
65
5
17
11
46
45
107
10
60
2
19
40
101
28
85
29
30
17
36
26
55
46
30
97
0
31
33
16
67
117
7
29
7
106
96
148
4
10
12
17
33
3
30
37
72
58
17
59
21
7
41
26
62
15
21
42
80
12
84
39
82
15
55
39
28
12
42
49
106
55
49
61
54
53
27
37
16
6
38
56
22
6
7
20
2
33
67
2
26
35
65
54
61
26
13
98
41
51
24
16
29
98
21
69
22
56
70
42
21
11
102
8
48
112
65
16
137
92
46
14
30
22
71
50
54
34
6
102
32
59
30
57
23
13
25
3
95
60
54
6
62
78
38
86
0
61
40
19
31
98
23
39
59
92
23
47
40
8
23
65
50
36
28
22
18
18
1
1
72
18
49
46
13
33
34
18
69
15
13
4
11
6
62
33
13
22
24
50
50
9
1
37
91
23
11
65
81
109
67
34
39
18
47
20
20
57
3
23
60
57
99
83
5
61
46
55
11
41
62
20
16
26
8
57
39
78
44
69
65
11
71
33
67
27
33
85
18
17
38
45
6
6
14
77
27
19
5
18
27
98
35
47
40
116
4
78
52
27
11
14
18
2
32
62
84
50
24
78
18
17
37
23
57
7
42
32
54
7
47
44
38
7
71
71
3
87
50
4
33
8
27
34
24
38
50
39
28
12
57
39
51
88
27
42
36
54
22
25
6
38
121
60
36
27
9
15
43
12
137
7
10
80
5
36
90
52
30
78
39
10
10
25
0
30
33
77
53
35
16
67
6
41
38
61
35
85
12
35
6
36
9
35
8
49
3
44
13
17
130
17
28
55
1
84
43
13
13
15
31
5
22
22
9
67
1
73
58
99
6
58
49
31
102
7
89
54
30
66
9
23
115
61
40
28
15
113
56
7
2
63
57
88
57
5
4
14
21
66
122
36
8
12
8
11
43
9
77
9
38
25
18
18
5
115
39
55
19
63
7
43
15
56
97
70
3
13
41
50
4
28
29
22
28
7
1
24
14
39
55
52
16
0
3
6
14
87
93
26
17
3
60
51
16
79
15
11
26
60
6
1
1
109
73
90
49
39
4
63
50
30
3
59
24
63
33
72
51
16
6
44
3
26
38
109
13
77
65
38
69
18
72
63
49
21
2
72
21
62
35
48
22
33
16
4
70
16
6
4
18
31
34
18
25
87
18
21
51
31
30
14
11
25
13
68
71
101
16
115
17
27
38
12
47
33
46
34
51
36
23
29
21
52
86
13
54
33
37
52
40
4
69
6
37
77
65
2
22
17
3
86
25
26
25
39
1
39
3
29
84
2
49
58
68
22
41
61
24
28
124
73
64
3
26
46
34
8
24
50
77
0
26
20
32
10
19
73
6
5
16
27
50
15
46
56
60
23
12
13
44
13
34
14
44
2
26
9
41
47
38
2
1
28
17
0
66
66
37
26
4
48
24
16
1
55
14
26
22
12
82
10
44
60
13
36
17
14
70
30
23
2
52
17
5
15
22
22
4
22
92
19
7
19
98
37
12
31
4
59
105
18
44
2
43
10
60
36
93
36
50
9
68
9
14
8
14
28
24
15
14
46
15
28
85
16
28
70
56
12
5
32
8
21
33
34
8
24
22
61
16
58
49
10
1
16
25
12
13
35
12
23
4
9
46
55
8
39
44
67
5
15
3
3
16
39
46
33
29
33
37
15
31
10
13
11
13
65
5
10
1
85
3
15
3
6
59
9
8
63
22
78
3
36
47
45
56
11
53
58
31
47
135
10
16
69
38
10
58
16
10
9
3
21
85
56
63
27
46
25
71
12
16
130
35
31
10
1
49
98
53
59
61
22
23
18
14
6
22
50
8
9
62
53
26
12
39
72
45
79
44
30
34
33
117
32
52
28
4
35
28
29
4
2
14
49
89
92
4
39
11
34
25
59
75
40
9
14
5
4
14
0
62
49
14
6
18
9
43
29
5
48
30
38
36
26
29
49
52
15
81
19
1
52
77
29
22
3
2
60
71
24
33
1
68
37
15
37
10
22
67
60
91
42
83
30
35
122
4
22
14
5
18
33
21
110
27
10
21
3
35
29
40
8
17
25
8
6
19
9
28
8
20
20
32
14
16
46
24
44
12
42
53
14
50
27
74
48
57
5
19
15
1
50
57
22
5
23
17
1
11
40
35
23
8
25
24
12
5
40
48
7
110
27
5
1
12
47
45
64
71
8
81
15
12
76
58
46
24
41
10
7
33
5
33
63
11
37
25
77
37
49
19
18
24
68
25
19
56
4
45
42
20
16
58
24
6
73
3
9
38
38
36
20
50
51
6
50
80
67
8
25
2
71
55
36
20
23
3
40
24
30
54
74
40
28
42
33
3
0
4
54
13
83
14
47
8
21
25
79
10
19
31
6
9
41
19
2
6
23
90
38
6
6
47
13
3
38
59
1
10
79
37
20
44
58
66
1
27
9
63
27
38
18
22
17
45
24
8
74
26
31
10
17
76
20
28
39
1
26
21
38
18
16
60
52
6
26
71
26
18
34
41
13
21
17
73
32
19
28
54
27
33
43
32
16
32
2
82
5
106
4
10
108
4
44
15
24
4
22
6
37
17
40
37
55
20
76
12
94
108
32
46
9
50
28
55
4
84
7
15
23
34
10
28
73
48
9
0
13
8
11
21
39
30
20
9
0
27
65
53
27
50
28
33
13
4
43
1
30
13
9
28
44
51
26
15
3
1
26
46
78
53
38
39
34
8
68
17
7
39
76
32
15
30
18
42
29
35
79
27
13
47
61
18
16
1
26
49
47
56
44
14
26
40
11
46
70
17
29
43
5
41
28
81
22
2
38
35
3
16
25
2
12
70
8
27
0
22
19
28
39
38
77
14
34
35
45
27
53
3
48
23
8
77
13
4
21
47
44
25
77
41
48
8
8
9
18
20
31
5
52
18
46
48
35
23
47
54
28
41
7
38
18
30
27
3
42
67
29
49
24
15
35
11
58
1
3
67
68
59
42
67
5
40
21
62
44
58
1
18
10
12
4
44
21
14
28
18
13
37
16
46
45
10
8
44
19
2
25
35
65
8
38
41
44
9
25
20
9
54
56
7
0
68
29
77
14
28
33
23
55
64
7
67
22
0
18
33
12
18
34
19
58
34
12
95
15
29
62
9
13
19
1
11
26
5
42
5
47
12
38
41
42
30
63
22
2
22
59
44
9
39
4
44
2
83
17
20
10
2
13
15
42
38
54
3
4
50
1
20
36
29
6
32
22
4
9
1
69
23
27
36
27
41
50
36
19
23
59
2
26
14
68
28
1
14
53
48
34
1
28
39
13
22
25
6
48
33
22
21
17
17
28
46
17
12
57
11
10
22
33
29
59
64
11
13
43
15
9
33
24
7
2
12
22
2
22
11
25
88
65
35
31
14
8
2
9
27
13
26
59
38
33
23
32
33
29
36
19
8
79
29
22
2
19
39
43
25
36
3
33
35
26
23
69
10
18
52
8
1
24
54
62
16
3
31
17
7
11
25
69
5
50
25
25
20
28
0
55
13
34
65
38
20
37
20
95
7
26
62
36
25
45
22
4
68
5
17
23
17
8
27
25
24
80
54
6
10
21
8
29
35
32
24
34
39
10
6
20
20
42
31
31
82
31
23
14
39
2
12
19
55
2
23
9
8
16
33
12
16
9
1
38
29
85
12
21
18
14
21
21
64
39
2
21
55
39
7
12
52
25
50
4
31
38
13
60
20
13
25
10
15
3
28
34
2
17
16
25
37
6
109
3
5
5
71
27
65
21
48
7
33
14
22
45
26
5
13
45
9
1
1
29
22
38
20
14
25
16
13
6
3
94
32
4
13
20
10
5
27
3
29
3
7
48
16
22
91
60
4
2
48
45
21
32
8
35
26
2
8
6
3
22
45
37
35
50
61
6
28
3
47
23
15
51
15
8
9
33
4
37
15
13
38
54
4
44
5
21
25
4
6
4
16
23
1
28
17
43
4
13
23
74
5
2
49
34
16
2
6
31
1
13
2
22
28
15
12
45
37
28
29
29
22
24
28
3
16
34
40
38
33
15
37
32
28
11
20
15
3
13
13
5
10
24
10
60
12
13
3
24
1
30
49
26
11
17
3
21
37
7
20
23
29
42
13
19
18
10
3
20
39
7
30
19
20
25
58
3
47
26
47
35
19
28
14
29
33
36
34
3
0
17
37
37
15
27
20
7
45
6
71
16
18
3
33
22
0
24
13
7
22
4
9
3
52
22
29
9
16
17
50
38
40
50
18
26
32
20
10
32
49
7
1
48
66
33
11
2
25
19
39
19
14
5
56
4
19
7
4
23
11
8
4
13
13
39
18
5
48
14
20
65
9
12
3
10
27
6
22
69
37
59
9
13
24
9
6
13
10
56
13
17
19
26
1
8
17
0
42
27
16
10
17
23
12
78
7
2
20
22
9
35
8
8
11
2
2
12
57
1
84
2
10
35
36
8
25
15
42
23
2
9
23
3
18
2
71
1
11
4
16
91
19
2
37
49
2
3
33
11
48
34
17
11
30
11
61
18
50
5
5
4
18
28
17
24
4
15
41
7
22
6
38
6
1
37
13
5
9
9
12
22
52
5
15
32
7
26
14
3
9
7
27
30
7
11
10
13
16
16
5
17
6
1
26
21
22
16
37
13
20
7
9
35
14
9
43
20
50
14
12
26
22
19
3
3
14
6
17
7
18
14
9
4
1
15
27
29
18
14
2
48
11
19
10
15
17
11
17
20
11
32
18
19
3
10
10
28
31
48
12
54
20
34
48
18
23
33
47
5
1
16
8
6
32
19
25
22
5
1
31
29
31
12
8
6
6
4
5
5
5
11
12
15
11
24
29
25
11
11
3
26
6
13
15
19
19
3
7
32
16
3
17
52
7
40
35
23
11
11
7
5
5
5
20
5
11
9
8
31
15
20
2
10
22
16
12
5
7
21
9
11
8
24
9
12
5
29
26
1
16
28
25
40
7
1
32
17
17
11
23
1
23
25
7
7
1
9
10
27
7
12
3
9
8
12
8
31
24
36
19
14
29
10
21
30
11
16
4
28
14
21
16
10
13
12
10
5
9
13
11
21
23
5
10
37
20
7
16
13
25
20
30
12
3
11
4
1
9
0
1
2
28
16
30
7
5
13
9
3
20
18
4
8
44
0
18
31
6
11
13
10
36
14
6
11
16
25
0
13
3
8
17
40
29
2
11
28
25
11
2
2
11
2
4
2
20
14
1
13
10
19
78
1
10
9
23
5
6
0
3
26
26
22
8
14
10
4
17
14
1
6
6
23
24
3
19
10
16
4
3
1
7
29
3
2
17
32
24
3
2
23
9
13
3
21
26
25
9
26
9
4
31
4
12
5
13
3
5
27
20
9
23
2
4
8
14
6
16
35
10
13
14
2
17
16
9
15
1
21
2
20
13
7
7
4
11
16
12
26
21
27
18
6
1
17
9
8
26
21
16
8
17
7
4
14
17
18
1
15
22
6
9
11
18
12
18
11
3
14
6
1
6
11
20
7
8
11
5
5
17
2
18
3
1
6
12
19
1
8
0
3
12
21
18
2
0
2
9
19
1
8
10
12
2
2
17
15
13
1
5
9
22
16
9
4
18
9
21
24
7
26
4
4
3
22
2
10
4
13
18
1
7
2
18
11
5
13
5
7
30
4
4
5
3
10
6
2
1
12
13
3
8
17
14
14
27
13
0
1
4
5
11
4
8
17
1
5
11
9
9
9
1
1
1
2
11
6
12
11
27
5
5
10
8
4
3
11
15
12
0
6
8
2
2
7
1
3
6
10
3
1
9
3
3
1
7
12
8
10
10
4
2
5
9
3
0
7
13
6
12
0
11
1
6
1
2
6
2
12
7
4
6
10
2
6
3
3
3
4
0
13
0
4
2
7
2
4
3
1
1
4
2
0
6
6
3
3
4
1
3
5
1
0
3
0
2
1
1
1
