49
59
57
16
80
17
132
21
1
9
23
12
30
25
69
85
1
15
9
12
66
0
16
59
52
64
24
22
25
1
15
93
3
8
10
88
15
36
13
29
57
36
122
42
35
29
33
6
5
68
11
25
152
53
79
41
45
10
4
60
20
9
26
13
126
26
65
59
38
32
4
73
104
67
40
63
27
24
15
15
44
125
10
28
26
65
92
48
32
45
23
11
14
103
40
54
4
150
63
23
13
136
0
68
1
57
75
40
27
1
44
31
119
58
5
136
68
100
73
111
82
75
118
106
84
69
112
45
7
60
15
42
69
68
30
54
72
21
86
9
33
87
46
161
45
14
9
35
151
13
25
62
54
88
49
56
21
61
71
45
5
100
36
73
93
13
39
101
164
50
50
16
12
1
79
4
7
34
25
24
123
135
107
115
1
73
78
30
7
64
34
57
51
42
89
11
13
74
24
181
30
13
119
85
74
38
38
27
15
94
35
43
32
28
106
34
86
59
9
63
129
55
55
73
1
54
49
64
3
41
92
66
11
4
18
6
235
36
99
110
74
5
12
71
29
12
19
119
36
35
31
65
10
53
37
109
11
5
26
74
50
40
8
7
107
148
39
5
1
90
11
75
23
7
41
104
26
80
24
24
41
5
34
57
83
153
37
106
32
7
100
90
92
57
19
90
9
69
106
20
106
66
30
104
16
26
4
39
1
114
75
29
41
55
88
62
3
43
23
1
30
30
47
80
15
65
18
17
12
152
139
19
146
72
67
25
70
80
55
35
51
134
16
91
19
41
95
58
6
13
37
64
52
10
74
17
62
72
55
48
36
22
22
32
73
49
45
75
41
22
110
18
116
9
19
82
33
42
80
19
130
17
103
11
37
17
28
70
26
28
15
76
8
5
39
1
68
35
89
69
24
66
38
57
90
13
143
70
5
27
34
9
74
3
76
86
60
99
31
8
68
66
54
49
60
72
19
29
11
19
11
19
8
33
4
36
7
80
63
42
75
33
102
39
19
100
8
21
39
42
55
38
68
70
29
107
38
84
81
89
110
2
88
41
123
0
45
54
65
17
11
66
55
18
48
32
18
31
100
6
115
1
137
30
11
60
52
23
146
93
72
37
17
97
37
11
22
15
44
64
46
39
74
169
2
63
8
65
96
20
57
50
64
67
54
55
145
67
63
20
11
79
81
2
102
22
56
9
56
69
16
36
100
1
34
11
52
86
116
22
109
67
7
14
193
34
143
12
117
23
97
194
33
74
4
26
8
172
5
7
4
78
115
57
4
10
61
27
42
76
127
180
24
111
72
37
76
12
59
103
53
67
2
31
28
44
94
14
58
115
59
128
21
97
20
44
21
26
22
51
49
12
25
72
133
106
7
16
47
73
70
57
13
28
59
53
53
58
35
33
2
88
145
54
19
35
38
96
62
6
204
26
76
17
41
2
2
16
88
69
5
27
74
36
8
13
103
23
64
102
28
84
41
44
23
94
59
10
98
4
54
83
32
34
109
20
192
16
54
23
23
56
75
141
65
47
36
18
7
35
5
25
16
27
111
47
95
12
72
94
107
4
32
36
7
4
172
105
4
12
17
121
22
24
17
29
9
53
53
114
103
25
13
78
13
57
52
3
47
66
53
33
66
19
21
44
105
55
21
67
25
97
12
109
104
9
144
49
0
20
26
80
113
76
81
88
60
70
54
75
52
70
110
14
23
153
71
140
5
49
8
59
38
22
48
143
42
8
11
64
119
18
24
60
24
129
50
2
72
26
52
81
127
9
83
9
68
59
55
59
148
44
52
125
49
142
8
90
21
126
51
78
72
8
108
49
22
25
2
38
20
22
20
29
107
23
101
23
32
73
42
3
22
24
88
46
32
26
13
62
27
32
28
75
20
42
86
105
84
38
16
107
98
55
57
48
50
67
86
125
44
59
82
37
137
2
25
48
29
17
24
21
13
33
44
12
197
48
4
113
4
14
20
32
13
10
92
3
41
10
24
47
4
8
51
15
4
100
16
60
10
18
45
48
10
152
116
61
87
135
83
25
21
64
29
38
73
8
85
80
5
52
5
45
2
41
23
26
91
9
70
36
116
27
1
91
24
32
44
75
16
62
16
20
81
128
25
5
26
44
13
38
13
77
10
79
97
23
38
63
55
61
64
10
38
74
9
161
48
74
77
86
28
35
125
45
5
29
20
86
5
37
79
92
146
22
5
13
0
87
39
22
18
16
31
9
56
108
29
16
33
79
25
37
68
55
75
17
115
64
13
6
35
52
39
148
29
62
72
11
77
28
23
61
19
30
35
27
17
37
41
54
13
165
52
15
82
57
81
60
132
10
1
118
50
37
134
74
94
120
109
58
62
10
19
1
12
105
47
59
2
35
86
4
99
149
62
83
36
5
22
40
69
35
9
39
126
107
44
51
59
75
43
19
26
73
14
35
51
19
118
33
69
24
22
46
12
32
54
105
163
25
24
50
43
14
76
35
59
2
81
22
2
35
6
95
29
57
40
8
25
84
25
68
26
18
49
8
17
39
27
169
72
13
33
33
3
47
14
8
73
28
56
57
52
98
14
135
42
28
70
46
100
17
45
9
72
127
1
42
67
33
49
117
115
22
8
63
53
9
104
70
110
22
19
81
12
27
53
30
92
8
12
18
72
28
27
8
36
23
20
25
12
53
66
20
114
60
7
54
123
38
62
48
43
20
68
58
29
48
15
169
45
36
70
66
8
11
47
63
55
14
13
2
24
34
41
6
44
51
85
41
45
93
48
27
33
15
104
160
59
65
9
40
29
62
42
52
16
60
56
59
3
26
40
38
94
14
67
25
32
23
108
18
89
30
80
9
10
8
55
14
4
88
60
56
62
54
49
147
27
47
52
71
47
71
22
13
48
4
97
84
38
47
5
62
78
10
45
130
48
51
95
38
13
39
74
6
39
99
20
23
76
106
13
60
65
47
3
28
64
35
82
29
56
55
19
5
11
9
28
15
159
22
52
91
107
95
7
34
14
50
18
31
92
103
56
3
18
78
75
48
17
20
36
19
21
60
84
87
61
35
11
2
6
33
57
69
57
26
41
82
20
10
56
52
52
1
74
43
84
26
69
57
40
14
3
68
22
37
58
27
101
64
19
7
47
130
59
2
112
24
39
99
37
12
95
44
36
120
31
57
98
47
8
82
48
39
9
43
58
26
29
95
34
31
5
133
4
57
107
108
31
33
31
26
7
2
79
46
28
72
2
16
218
64
144
29
34
73
76
61
27
15
95
113
98
69
96
21
32
124
27
25
59
45
64
18
17
2
71
31
18
23
67
52
42
92
20
6
54
14
45
8
29
69
53
76
64
44
34
58
101
1
143
49
18
35
34
37
19
17
8
34
149
90
20
3
11
4
57
5
4
12
22
38
39
64
23
17
70
23
50
47
59
4
14
61
20
59
19
3
9
50
82
45
20
29
54
20
33
42
9
39
1
131
5
62
166
24
37
4
110
38
51
81
69
27
21
13
17
41
2
11
25
35
92
58
73
69
6
82
32
12
52
95
17
74
87
11
141
16
40
21
14
108
55
57
53
39
27
12
58
53
46
57
63
28
113
85
24
34
31
1
23
90
56
14
6
34
53
15
8
30
24
17
94
147
48
12
62
8
116
51
57
58
46
26
48
67
4
73
54
14
11
24
33
41
22
24
4
93
24
117
78
33
92
17
68
43
55
109
35
10
46
70
29
48
89
21
61
31
38
67
9
26
80
10
71
64
127
4
31
3
43
133
81
6
54
60
22
2
12
6
88
26
128
30
78
35
0
35
50
20
26
24
44
23
30
11
106
11
85
65
7
1
12
14
7
36
13
62
64
64
85
68
101
12
61
29
101
83
96
19
1
33
89
86
95
98
32
45
40
73
98
44
48
4
102
15
25
118
74
39
83
30
2
8
3
15
47
166
44
4
35
116
43
86
25
53
78
2
8
65
57
109
67
7
53
68
66
34
83
42
65
11
40
10
5
20
20
49
115
3
18
46
10
29
33
94
125
12
1
50
0
95
99
83
58
75
48
25
46
76
31
44
21
15
25
17
29
47
1
4
31
31
66
2
44
73
3
4
37
36
89
71
6
65
51
76
43
10
15
35
51
32
41
7
45
51
62
43
35
72
44
19
75
54
24
75
43
67
47
51
86
29
7
30
16
30
3
69
62
9
14
24
68
28
18
68
32
102
8
71
64
48
23
42
54
95
65
46
29
74
48
25
14
79
89
2
77
111
27
174
78
14
45
46
93
92
14
53
1
141
126
71
33
60
42
36
10
17
46
65
53
32
82
56
55
44
13
108
11
133
41
21
70
20
12
0
47
32
55
28
20
112
28
27
43
69
2
38
99
62
39
77
49
96
40
6
68
43
60
83
35
23
104
49
33
38
86
63
26
50
4
9
13
3
27
29
103
59
49
21
48
7
18
43
7
14
21
4
55
35
26
92
24
89
74
3
22
43
61
6
35
67
19
57
60
8
65
56
14
54
45
17
68
48
3
55
64
69
63
91
34
10
15
17
18
150
144
25
14
63
21
49
40
60
53
52
80
4
13
96
25
15
33
131
18
88
78
2
58
39
35
16
5
22
6
22
9
146
57
84
22
37
28
40
5
69
7
44
30
10
29
5
17
64
3
9
56
19
59
31
56
27
73
5
21
19
47
78
3
58
89
13
46
19
20
43
60
0
4
3
71
84
20
62
93
15
70
4
1
58
25
26
25
61
9
60
5
102
51
75
104
2
20
51
8
24
70
32
1
10
21
23
7
50
76
61
50
11
92
5
36
28
50
3
33
19
17
7
52
32
101
17
8
1
122
15
1
19
20
22
2
95
34
57
24
97
16
70
4
20
35
33
22
82
84
5
19
49
60
36
48
113
35
20
31
40
53
46
25
88
16
41
19
35
46
11
30
53
39
17
2
30
102
24
65
15
14
37
33
22
20
78
51
36
32
5
7
87
16
34
15
45
13
2
20
17
44
34
22
5
15
9
18
80
103
82
54
11
77
132
41
100
35
127
1
16
5
48
30
5
49
26
61
22
94
3
27
40
26
66
86
25
0
89
11
25
6
52
21
70
58
55
61
2
66
58
17
1
46
13
117
8
36
15
31
66
112
35
2
50
8
2
61
7
108
28
13
33
38
29
57
33
14
81
78
37
8
48
3
47
81
23
13
18
8
6
79
5
5
89
11
42
19
3
86
67
99
51
111
6
47
44
2
48
2
132
1
64
27
132
66
84
77
47
27
68
54
13
75
9
59
11
16
15
7
31
32
25
32
10
50
18
14
16
60
69
6
50
67
29
106
5
42
67
40
10
49
48
71
99
6
38
80
19
88
12
92
0
66
81
2
81
48
3
53
27
65
9
39
2
7
51
168
33
10
17
87
11
54
2
37
33
5
11
12
35
41
16
77
69
53
17
7
39
7
44
81
62
24
15
99
53
43
4
7
70
33
73
8
23
47
39
33
60
16
13
83
12
7
3
46
8
3
12
27
4
6
17
109
49
69
33
17
22
28
20
3
47
20
29
71
19
14
66
20
22
54
112
63
66
60
69
27
104
7
25
13
16
58
70
137
36
29
13
89
66
57
44
39
13
26
50
29
1
29
5
14
16
44
76
89
12
14
11
48
104
6
60
76
16
36
101
84
27
55
57
9
95
26
47
2
16
31
63
17
39
60
39
71
96
64
40
7
50
59
139
69
9
50
96
45
67
21
34
98
0
81
39
68
5
18
25
10
4
48
51
31
42
82
62
87
47
51
23
35
18
40
18
22
47
4
68
16
23
22
13
87
40
23
55
57
69
0
12
71
52
25
22
20
47
100
21
21
38
93
3
32
28
18
21
66
63
28
11
0
3
36
19
35
18
43
40
17
3
9
12
58
21
50
8
32
52
74
89
1
5
37
3
14
72
11
26
51
40
50
19
15
2
147
42
1
16
8
21
4
62
14
28
50
49
71
48
35
10
75
74
16
49
50
25
10
27
18
31
92
6
66
52
37
37
57
22
42
3
28
9
14
9
19
31
77
12
123
3
5
70
68
9
35
147
15
118
13
12
11
62
20
36
33
54
20
43
106
51
62
14
42
16
41
13
5
34
6
13
107
8
69
24
6
27
81
42
20
54
9
46
70
37
33
12
93
28
67
51
24
7
38
14
3
44
3
28
7
78
6
41
37
46
51
7
115
23
28
42
27
70
9
3
44
13
139
18
90
140
11
26
22
10
43
7
45
43
50
75
63
3
26
2
19
19
8
36
57
8
38
18
10
53
12
16
21
65
8
32
84
55
93
11
62
69
1
11
25
7
52
15
38
11
25
38
13
89
16
17
62
57
2
92
28
2
14
33
35
8
1
15
2
37
63
7
14
27
29
60
51
27
14
0
3
35
33
6
49
54
7
42
27
76
20
57
58
25
3
71
50
22
7
109
14
10
93
49
33
93
29
71
28
74
61
96
95
25
4
94
60
30
15
70
132
33
65
90
13
33
61
3
15
5
25
18
19
34
17
10
37
25
8
49
56
19
61
72
26
13
51
3
37
64
76
15
44
28
99
33
15
21
17
13
58
21
1
4
98
44
43
72
54
5
96
35
16
27
35
106
54
37
41
51
46
5
16
14
17
38
54
4
53
36
142
31
91
55
88
47
95
29
37
6
6
35
15
19
56
79
44
30
9
12
53
31
22
11
35
19
44
67
89
8
9
112
51
28
33
31
73
98
26
5
1
11
20
5
40
16
58
12
33
33
46
25
32
1
70
28
32
46
22
17
32
54
19
5
50
18
83
11
10
97
13
7
36
80
22
106
17
42
39
9
117
16
80
2
19
37
15
28
44
56
72
18
47
50
110
12
33
15
43
23
24
26
27
28
27
31
52
23
20
4
82
8
27
24
33
5
35
38
41
24
99
36
24
2
41
23
104
40
54
31
10
74
63
28
43
36
17
7
56
39
19
14
66
70
3
44
30
24
11
30
32
98
3
5
7
10
2
24
9
9
4
50
56
3
86
51
43
7
7
58
25
35
38
47
14
37
32
7
88
9
29
95
0
29
58
0
23
119
46
10
70
25
67
20
18
15
27
6
2
76
10
23
14
28
24
37
92
55
44
23
21
49
12
77
13
22
45
30
17
50
125
14
14
15
46
0
33
29
50
46
12
31
65
19
19
5
44
58
17
9
49
11
15
57
9
63
3
60
93
69
27
66
18
2
26
22
26
59
25
15
23
58
2
21
7
10
22
41
17
40
53
25
12
55
28
34
23
2
13
6
35
77
10
111
9
11
1
65
39
31
7
19
20
18
55
6
20
72
70
6
46
99
21
29
0
39
6
58
22
5
18
48
23
43
72
64
13
14
17
12
53
9
50
92
23
2
11
5
74
33
95
21
16
39
66
40
84
19
28
3
25
1
45
21
20
7
31
47
52
6
7
44
2
55
28
15
12
23
54
43
23
2
97
15
42
56
53
11
23
33
11
0
32
82
27
42
25
38
20
45
12
15
9
87
41
65
61
4
3
15
6
8
39
72
45
23
30
2
9
48
13
56
20
21
44
38
3
53
4
16
20
50
53
20
34
12
5
19
7
5
13
53
18
20
5
17
13
18
5
49
4
36
56
39
26
7
19
78
9
50
33
39
42
6
51
32
30
6
23
3
80
7
7
48
22
26
26
37
30
77
30
5
81
32
29
9
32
79
17
13
67
1
83
23
64
4
79
15
28
12
44
5
30
29
31
42
63
23
17
11
81
28
66
35
23
32
36
4
23
50
1
41
14
6
17
37
10
46
25
26
47
2
11
22
51
13
18
3
19
70
21
3
19
50
24
5
22
16
24
53
33
18
10
44
9
66
25
26
46
0
12
66
40
12
4
107
1
0
32
42
17
87
36
34
42
47
6
19
7
19
8
59
23
28
4
36
8
13
15
90
62
86
16
47
5
31
7
71
63
74
8
12
36
36
6
6
14
9
24
16
9
10
23
2
15
18
22
15
26
1
23
37
43
0
50
11
32
45
38
23
34
36
5
42
48
20
24
5
10
44
53
60
34
53
12
0
29
9
1
32
16
23
40
49
12
25
35
3
34
10
8
26
33
31
2
78
18
54
18
8
51
18
9
47
81
44
30
36
27
31
1
55
17
23
15
13
14
23
19
25
54
17
46
44
8
68
1
40
5
39
54
41
43
15
15
23
2
37
24
44
6
38
56
43
5
7
35
29
18
10
35
7
51
88
35
23
57
60
11
51
7
51
39
9
7
1
39
56
1
49
22
15
7
13
11
56
35
36
28
78
5
39
37
43
7
46
10
44
21
39
4
26
35
13
13
13
17
3
16
134
10
46
2
122
34
13
61
3
39
6
49
101
25
17
20
9
26
23
10
28
72
24
6
53
44
23
19
5
31
84
6
28
7
46
12
35
30
49
5
11
2
63
50
1
16
1
25
22
28
2
57
5
107
35
31
7
31
42
3
18
1
34
39
27
11
1
15
41
2
6
6
2
14
21
21
76
41
15
83
80
21
87
33
19
5
15
43
9
23
6
36
21
19
20
12
66
24
28
14
25
7
33
1
31
5
9
0
10
42
6
39
32
45
36
21
7
11
1
27
2
22
37
17
39
21
30
17
50
24
11
6
43
93
8
11
30
29
9
4
9
26
47
10
17
28
59
71
11
49
20
35
41
33
55
52
1
10
13
27
4
20
17
45
1
6
26
86
12
31
21
35
30
1
16
7
25
16
25
93
3
42
20
19
15
11
18
17
18
6
35
30
24
12
2
30
27
50
19
25
3
28
35
27
10
18
13
53
3
40
19
22
7
27
30
38
4
33
18
16
80
36
14
32
75
11
42
21
80
1
47
9
22
12
33
38
15
56
1
15
6
2
29
32
32
30
0
51
72
17
61
12
18
26
19
29
38
1
68
45
19
47
12
26
31
23
39
14
4
10
56
3
29
27
32
43
21
44
4
37
24
43
4
31
8
49
6
99
27
21
33
73
51
24
23
30
0
18
67
43
9
8
21
0
53
23
16
22
21
13
50
24
7
38
66
77
4
3
16
43
5
1
20
17
17
28
43
11
1
0
13
24
70
14
5
40
35
14
20
14
8
10
42
7
31
67
25
24
12
13
13
12
7
17
19
9
18
27
9
36
6
9
1
61
14
35
51
0
9
1
15
21
2
7
30
19
42
27
18
10
1
63
17
35
22
6
53
8
30
24
14
12
35
8
9
23
6
4
16
11
3
15
49
30
7
0
7
23
2
48
3
26
35
7
12
78
60
19
41
12
20
35
30
21
13
25
15
18
13
55
40
12
20
19
45
53
53
12
6
16
7
6
21
77
11
40
7
20
40
0
63
17
24
24
17
8
18
5
0
20
6
11
40
18
9
1
50
24
32
27
41
7
20
8
38
16
26
29
5
89
46
1
21
3
24
11
1
14
56
43
17
10
16
2
18
10
42
15
21
5
15
4
8
26
2
30
12
21
1
13
20
11
5
51
45
6
10
19
6
15
41
12
17
23
46
11
37
3
10
24
31
21
10
1
15
10
33
33
2
46
24
2
29
12
21
33
16
1
35
46
15
0
9
23
55
18
3
15
0
42
13
6
13
22
25
25
14
13
29
55
6
6
10
8
20
1
26
35
22
22
35
15
53
31
16
8
19
20
15
26
48
1
4
33
2
47
23
13
15
18
28
6
23
4
77
3
0
9
21
34
46
16
1
20
10
8
26
26
16
4
12
20
22
8
38
37
60
2
7
4
3
51
12
23
8
27
14
15
8
6
54
25
25
41
4
16
8
34
37
21
5
23
37
7
22
13
38
14
39
8
10
2
15
20
41
31
29
27
32
30
8
26
39
29
14
22
39
13
12
13
42
6
3
8
35
2
15
31
23
33
40
41
35
35
39
14
23
28
39
1
21
9
13
23
27
17
25
3
7
15
2
13
28
41
6
9
9
8
11
16
27
6
29
16
14
20
11
15
56
56
59
2
9
20
42
18
22
11
12
7
3
30
22
13
57
22
12
34
12
50
1
25
36
8
12
3
26
34
7
9
1
29
0
0
13
21
19
13
19
34
2
43
5
5
19
5
23
25
0
5
1
21
7
16
12
2
48
16
28
8
39
32
12
9
4
10
1
14
5
7
31
37
29
14
6
48
0
15
14
3
44
4
12
12
11
22
27
3
29
25
2
14
17
12
22
25
38
1
4
24
11
1
11
47
26
8
27
40
23
9
27
31
0
24
31
29
13
22
6
13
5
3
8
4
23
15
7
33
1
12
15
5
29
26
44
3
38
13
48
40
0
13
14
12
0
48
20
26
10
13
13
17
45
18
14
15
17
35
27
18
14
10
10
4
21
1
3
11
1
2
21
14
14
14
1
9
12
23
36
5
8
16
7
20
4
2
33
18
40
15
2
11
31
6
12
5
20
7
13
18
12
6
7
12
2
9
7
23
12
3
12
1
3
32
4
14
1
9
5
28
1
19
34
2
3
3
1
14
5
7
19
15
34
1
12
11
6
23
44
9
2
6
16
2
18
25
3
13
2
6
6
8
23
22
26
22
15
3
12
22
26
9
9
2
7
13
23
5
1
5
28
4
21
5
5
0
5
13
9
16
54
10
12
0
28
12
47
22
9
22
16
13
15
19
12
4
37
4
2
11
5
0
19
19
9
5
3
15
18
7
8
16
27
23
6
14
11
41
4
13
4
12
1
7
9
12
1
25
12
2
11
17
22
5
14
18
2
3
18
4
22
2
9
0
9
2
13
34
17
1
12
3
6
42
20
30
2
7
16
17
6
11
16
6
32
10
9
4
19
5
14
12
11
3
33
8
3
2
4
34
7
4
14
3
4
25
5
2
17
45
17
13
0
5
9
1
17
14
1
16
2
30
2
2
5
12
4
13
15
19
26
7
23
4
7
7
4
6
4
3
9
5
12
16
7
23
0
6
4
4
24
12
4
26
3
15
4
10
1
1
1
16
4
9
0
5
1
6
1
15
20
1
10
1
7
12
19
3
3
0
1
5
1
8
6
4
1
16
3
9
2
2
2
5
8
17
8
3
8
17
1
2
17
14
11
9
5
11
1
9
8
9
4
8
11
10
6
6
11
22
3
8
4
10
8
2
13
17
0
6
1
5
8
3
2
9
13
0
4
3
2
2
2
5
3
1
1
3
4
5
3
2
2
10
1
4
0
0
0
1
1
2
3
2
2
1
1
3
0
