85
24
59
9
104
35
3
104
18
160
1
5
30
6
25
69
106
16
25
17
18
69
74
21
17
25
13
9
1
26
21
10
15
2
113
1
22
41
29
103
106
36
63
11
16
75
19
15
20
26
139
23
75
17
48
37
15
11
81
59
3
37
118
30
56
8
34
43
23
45
7
45
17
21
21
55
26
40
1
42
4
6
100
24
80
20
45
14
3
113
62
50
23
87
38
61
27
39
21
27
37
8
50
72
141
43
37
25
93
75
26
23
50
42
7
49
97
34
94
14
54
28
48
2
57
61
33
118
13
22
43
24
3
118
82
87
70
86
81
90
32
13
19
63
40
70
61
117
56
96
44
69
25
50
0
12
82
18
36
87
61
114
32
112
154
68
42
93
29
22
2
90
112
30
14
15
154
21
176
16
9
3
68
87
49
0
13
101
9
43
18
31
33
36
102
62
45
133
138
107
35
107
81
45
55
9
37
73
63
116
23
61
67
70
7
0
40
16
34
27
11
47
82
5
15
92
60
115
87
4
59
17
98
25
1
13
36
81
55
21
4
17
19
85
52
33
1
30
135
97
53
23
52
71
110
83
21
23
15
121
66
7
96
32
71
3
34
37
115
29
21
66
8
131
106
35
43
5
65
102
24
70
134
63
10
5
60
34
19
18
23
81
57
38
52
7
13
77
58
145
29
176
75
16
75
8
69
42
42
18
29
43
20
75
73
149
44
55
33
70
27
108
44
30
8
30
70
88
24
134
28
80
170
80
101
79
79
74
116
18
21
70
41
93
10
46
136
6
11
35
20
53
65
60
110
103
45
45
72
72
7
46
3
6
0
42
26
35
18
59
1
49
96
11
1
57
56
20
28
78
3
46
37
24
9
80
19
106
61
9
1
78
44
88
78
85
28
178
35
25
53
15
65
65
22
15
13
29
42
27
18
111
80
12
25
19
33
29
87
77
17
39
78
90
71
55
26
24
21
74
46
50
14
98
39
50
151
208
3
12
32
6
4
35
54
0
26
103
18
96
55
76
36
31
130
28
84
61
6
77
77
145
14
60
24
54
81
4
31
21
5
0
25
30
80
33
67
114
8
37
50
37
70
34
48
149
48
66
105
41
31
22
82
159
26
72
19
17
63
68
45
10
169
102
29
5
20
48
109
97
23
4
51
37
63
6
166
27
6
109
21
26
39
74
28
31
70
22
55
45
69
84
43
84
158
53
43
41
17
71
15
146
12
79
5
127
92
77
42
22
150
53
24
4
75
177
79
151
6
55
45
148
29
2
26
36
23
43
175
107
25
113
6
13
18
17
10
73
104
41
18
14
1
31
111
37
33
127
29
63
61
90
24
32
49
49
33
22
42
27
70
14
24
5
62
27
42
23
129
36
61
169
7
19
38
41
10
80
67
86
31
20
42
101
34
56
44
42
26
83
43
31
60
15
123
10
53
18
40
18
29
2
69
93
50
3
26
33
108
30
9
71
76
46
58
74
44
13
27
38
32
22
127
47
65
62
16
14
30
48
20
47
5
102
7
15
97
168
0
79
33
21
19
82
71
1
94
60
52
36
83
10
31
55
67
125
71
45
108
53
31
2
93
36
106
68
16
9
97
113
33
46
20
41
8
11
67
16
20
86
71
46
24
72
29
79
85
14
60
43
37
40
34
27
51
47
85
3
18
4
116
41
57
8
70
49
117
124
30
64
23
92
24
66
20
36
7
37
92
87
80
66
100
60
39
89
81
49
5
35
2
49
42
19
51
57
72
6
45
17
67
71
23
22
46
44
1
37
45
4
34
59
23
81
17
140
13
41
85
24
90
42
2
142
32
44
49
63
45
26
93
56
47
81
18
3
83
50
34
29
5
13
59
42
117
3
105
26
58
28
23
24
6
35
180
37
44
51
78
94
2
7
69
55
129
8
103
16
68
31
16
18
95
74
124
63
92
22
8
33
74
101
6
112
60
54
113
78
139
25
15
30
62
55
33
86
97
59
133
28
21
72
164
25
24
15
14
85
133
9
91
41
31
139
53
24
3
43
127
16
40
12
35
19
17
51
48
47
100
112
20
6
73
31
9
85
61
41
101
6
37
153
61
101
2
52
50
28
30
74
34
11
56
24
14
110
31
63
4
35
54
65
29
47
48
31
34
9
70
23
135
29
9
73
113
80
22
42
12
35
154
97
100
11
183
44
57
102
36
25
7
126
68
66
7
10
45
87
83
109
100
71
93
19
38
88
41
110
59
83
29
52
21
9
108
42
24
38
93
22
30
37
140
12
35
54
57
116
102
31
0
16
16
89
13
30
105
90
36
22
56
32
81
149
31
71
68
22
28
120
58
2
2
104
81
85
21
86
93
21
48
11
103
79
49
34
78
59
46
40
38
54
86
45
58
11
63
72
98
9
53
1
8
76
4
12
50
1
166
6
70
119
54
25
53
108
46
91
80
82
45
19
73
66
23
49
21
130
22
80
48
76
9
41
44
38
17
178
111
70
27
9
25
25
20
24
12
70
39
22
109
55
4
58
132
57
115
27
10
105
73
53
52
10
15
21
0
137
45
78
31
82
23
84
74
44
17
103
40
41
45
11
44
44
14
80
35
7
84
8
20
84
98
20
34
4
102
59
5
124
25
8
85
13
93
24
20
50
4
57
66
11
5
15
31
17
90
24
75
120
44
13
15
28
19
37
34
101
17
89
71
38
10
42
19
53
40
15
116
35
27
21
45
119
81
174
29
65
13
22
26
53
14
63
9
14
71
27
15
33
58
32
16
9
30
111
163
36
143
111
12
44
67
52
28
125
62
33
42
9
145
38
69
50
37
28
129
26
63
99
74
46
18
2
71
40
33
12
142
28
46
12
52
40
73
31
8
10
136
10
21
28
49
44
67
33
10
18
78
9
25
36
80
6
46
1
80
68
144
4
26
27
96
20
13
69
68
60
10
2
10
117
12
20
14
38
52
156
20
110
2
17
14
48
69
83
19
67
62
79
34
82
51
4
17
36
21
102
59
126
18
7
32
65
9
9
17
14
9
93
10
33
82
76
6
14
114
106
58
125
22
38
30
10
146
23
2
18
98
29
55
79
28
31
7
73
37
82
117
2
52
62
23
36
2
37
10
57
76
90
18
48
20
50
42
35
62
28
23
45
56
14
31
0
80
14
3
13
29
48
121
55
46
76
43
37
10
23
17
9
12
61
108
4
17
42
26
103
39
27
41
14
40
6
29
8
89
41
23
94
115
17
69
39
6
127
80
69
41
43
58
81
38
39
32
6
29
46
68
59
14
21
82
28
38
103
30
11
106
7
59
50
83
56
66
12
32
32
3
100
106
103
51
36
72
152
177
36
66
41
12
59
31
119
34
46
8
22
143
46
75
10
2
53
125
58
88
10
40
85
9
65
27
102
1
50
62
17
29
96
56
1
23
68
3
26
87
50
20
26
18
14
99
29
76
35
16
2
62
81
16
3
44
32
23
35
81
70
112
15
37
84
72
84
60
6
109
4
38
1
9
101
56
18
18
81
5
0
27
94
86
8
28
86
108
14
1
40
34
74
98
39
105
34
37
51
7
51
1
126
32
9
85
28
4
30
30
61
34
35
107
10
38
18
5
19
66
34
25
18
4
8
20
56
50
155
60
53
15
61
77
79
43
7
43
14
36
51
62
11
97
27
35
131
14
16
31
20
40
4
19
82
135
49
66
48
45
14
134
2
46
1
146
45
47
67
24
62
17
71
185
59
48
180
19
7
98
8
97
5
42
55
48
3
14
123
107
25
23
100
8
12
100
74
61
21
55
24
3
111
55
175
36
12
41
37
67
69
49
55
33
16
2
4
52
0
20
28
10
15
56
69
4
3
19
96
52
33
28
111
26
50
40
30
35
52
5
12
2
129
96
9
22
2
78
107
17
21
17
6
109
28
69
113
74
55
2
40
10
83
1
72
35
52
71
46
3
32
16
131
63
23
30
37
29
97
63
36
23
27
18
23
38
23
45
21
52
7
31
53
0
9
15
6
74
18
23
64
79
27
87
53
67
13
8
29
44
42
84
8
57
1
86
31
47
11
72
98
47
153
11
39
77
60
136
67
27
66
53
12
33
73
77
57
51
56
66
41
102
42
10
6
67
29
69
46
60
56
4
21
58
14
1
48
19
109
11
90
92
32
2
21
20
25
36
30
1
102
70
64
46
124
20
78
93
58
30
29
96
91
6
5
50
58
22
37
45
7
33
27
25
62
36
97
11
137
11
56
26
114
77
10
96
58
57
66
97
19
12
30
86
28
34
93
25
33
47
35
70
63
10
66
58
74
1
19
108
42
85
10
35
51
48
9
28
32
2
58
26
38
17
44
49
86
57
35
122
12
21
134
6
80
92
14
60
67
31
7
18
24
39
86
7
51
64
20
102
50
67
13
0
13
55
18
18
44
80
41
29
77
43
63
40
36
69
2
45
96
89
18
19
55
11
36
8
71
55
11
14
136
7
76
44
20
23
3
58
64
102
30
64
74
36
25
22
10
30
7
104
43
20
11
49
94
10
24
41
76
12
41
64
11
27
3
13
8
71
67
34
26
76
41
110
105
13
80
4
41
53
83
43
83
40
31
2
3
57
12
75
22
49
67
17
67
63
22
19
180
31
80
29
68
1
2
69
12
54
34
124
101
35
48
75
8
78
54
49
10
25
14
51
15
20
118
68
20
81
32
9
60
89
80
2
36
49
56
8
89
20
31
21
8
18
129
60
55
58
30
38
33
81
158
50
30
0
30
18
2
59
3
78
9
2
19
21
25
16
4
30
27
58
61
24
37
21
86
76
86
65
86
17
48
54
28
16
109
82
15
13
7
2
11
142
85
68
8
76
21
26
33
68
2
64
148
16
90
25
40
10
62
43
76
100
12
63
29
25
61
87
3
28
16
87
2
12
57
3
81
33
16
53
67
5
36
28
41
43
3
59
36
10
26
51
2
30
54
39
32
1
17
84
7
2
71
77
71
87
121
80
25
52
6
43
50
18
71
50
19
17
37
28
39
2
2
81
32
8
27
69
23
1
71
38
23
62
123
31
119
1
42
0
68
35
16
95
62
117
44
71
5
34
22
14
23
52
22
47
78
7
88
20
39
45
1
45
23
51
5
29
44
41
7
3
13
51
87
1
53
92
65
95
28
43
2
134
35
96
77
90
47
89
40
80
4
21
73
6
43
27
39
1
19
56
42
43
62
42
54
25
8
66
30
60
37
35
12
53
128
65
106
6
33
5
55
5
30
17
89
18
42
41
75
16
32
25
79
70
15
32
3
99
3
9
32
11
63
80
49
54
19
24
25
47
37
55
51
29
23
21
38
51
120
10
31
41
16
50
49
17
40
10
9
52
19
41
47
72
4
15
31
18
31
36
61
15
47
34
44
11
30
3
0
53
20
102
7
27
47
45
87
119
7
55
8
99
60
31
14
60
33
28
32
104
58
68
14
27
77
64
47
14
74
98
19
29
38
99
63
23
38
33
52
5
8
29
8
27
59
71
39
44
51
70
30
78
43
62
9
60
28
43
65
49
28
56
15
61
25
18
32
103
39
49
4
24
48
92
34
4
56
31
17
78
15
52
39
77
52
43
59
24
121
6
22
45
37
39
58
38
158
65
63
12
42
8
43
24
27
68
52
28
55
45
7
42
65
37
29
11
57
61
35
23
98
68
5
56
81
5
12
45
44
67
21
7
35
35
25
7
50
46
140
54
17
11
3
90
38
39
2
45
43
10
50
115
52
59
73
14
43
23
35
13
4
21
25
51
73
61
10
4
45
47
50
39
11
98
12
42
128
96
20
9
21
56
39
7
1
4
41
36
37
2
9
3
5
36
17
54
28
31
10
51
76
14
52
39
20
9
44
12
4
39
84
52
16
36
11
10
144
18
10
25
3
6
130
45
0
103
79
21
58
12
1
29
31
37
85
86
66
35
64
23
8
19
10
68
12
7
73
38
29
69
61
56
100
8
47
58
28
17
103
79
77
86
16
33
34
61
5
53
38
34
30
36
17
80
23
91
19
12
65
4
42
42
40
15
105
81
29
5
44
14
23
68
34
8
11
2
108
54
39
19
38
20
38
34
68
52
72
19
12
1
4
79
9
1
20
26
26
8
12
30
48
22
75
69
5
23
39
41
28
75
23
48
28
24
8
26
8
44
15
23
45
49
30
38
8
69
22
60
13
102
35
13
5
62
17
16
0
32
29
49
27
41
7
61
25
81
30
2
6
29
29
44
21
35
66
44
18
67
53
39
50
35
19
33
4
106
23
18
6
11
29
18
56
55
12
4
87
43
53
16
98
27
4
28
23
74
89
6
3
17
26
4
17
36
26
48
23
7
44
22
36
45
19
32
54
27
2
87
11
36
30
40
12
8
34
70
50
2
0
3
8
35
70
20
67
22
62
101
75
11
5
58
45
31
3
62
2
36
7
30
35
49
69
30
58
85
23
45
51
52
6
10
29
17
60
62
5
31
2
25
46
27
25
101
51
83
54
28
41
27
73
16
91
20
17
41
8
45
20
13
9
55
65
50
34
44
4
51
89
15
41
45
62
7
59
11
12
47
70
13
5
6
33
32
35
37
25
4
36
62
34
59
12
11
47
32
16
53
55
27
5
63
60
32
105
62
47
42
48
28
21
23
6
48
24
65
19
12
84
9
4
89
32
24
27
38
56
0
30
9
85
8
39
42
91
55
34
31
14
16
16
19
91
30
2
46
17
46
6
12
44
37
24
53
23
25
83
10
89
19
27
13
3
20
52
87
50
14
2
31
95
48
17
39
10
72
3
52
26
8
28
5
44
62
100
53
69
18
43
31
28
13
94
85
58
54
39
4
26
18
5
9
26
62
8
34
48
4
37
32
8
104
69
16
56
48
34
3
30
14
7
19
29
5
51
26
4
42
63
43
7
60
76
3
92
55
61
24
0
12
6
15
8
103
99
34
14
66
33
9
37
27
75
55
18
2
8
23
8
62
9
14
30
53
43
8
53
38
24
18
19
9
9
3
0
7
69
40
7
56
62
51
70
24
90
49
19
66
0
101
106
56
10
32
45
17
24
13
6
24
14
8
5
3
2
35
24
50
16
29
67
50
57
50
16
31
21
19
22
27
17
47
53
8
42
10
4
36
45
14
20
53
90
57
31
46
3
36
11
2
69
64
102
92
60
19
44
68
54
31
56
6
5
51
35
27
94
57
59
48
17
15
70
24
27
33
12
13
8
69
79
69
45
18
30
36
60
38
51
23
13
4
34
14
63
57
21
1
29
31
38
21
47
8
1
44
34
3
28
6
33
18
14
39
9
64
77
37
37
15
117
106
17
41
41
26
18
68
32
57
18
22
13
82
6
41
21
33
79
74
33
28
35
46
14
13
51
38
12
12
41
77
19
39
13
9
84
33
11
77
26
18
6
11
51
35
16
74
30
24
50
65
2
6
39
8
4
89
67
30
49
45
24
6
41
67
24
0
27
14
10
71
47
11
6
14
107
6
96
65
2
5
5
32
49
42
25
7
70
1
32
3
32
19
4
48
13
39
1
54
34
55
23
1
47
20
24
6
17
45
19
40
63
57
102
5
22
24
22
35
28
1
18
66
4
100
9
21
21
66
82
15
29
46
7
15
35
24
26
20
0
44
27
29
44
27
25
46
9
63
23
24
1
6
33
59
1
26
9
42
3
18
81
31
30
9
4
29
3
46
4
45
32
29
75
15
11
1
28
3
12
5
57
46
32
52
55
1
31
0
15
24
55
24
10
36
37
40
8
54
35
2
41
20
48
23
26
9
94
2
33
33
49
5
39
2
25
47
2
83
30
17
18
48
27
15
9
61
20
8
45
28
12
7
33
30
44
37
7
34
15
43
74
27
17
11
78
4
47
47
32
21
20
7
4
37
41
20
6
76
3
30
35
0
29
31
48
2
8
88
22
49
48
109
38
16
7
68
36
79
2
70
20
4
26
38
42
1
10
12
17
39
3
25
13
19
73
49
30
9
20
14
42
20
34
1
16
53
25
31
2
45
1
19
50
34
1
22
10
25
22
10
3
8
62
19
29
67
73
5
21
26
5
15
62
6
27
25
33
15
14
48
42
25
16
89
21
44
13
6
84
34
26
4
20
8
15
36
7
33
7
22
3
60
36
8
8
1
50
76
25
13
45
58
29
45
77
64
3
114
7
36
24
1
25
42
7
25
58
60
40
55
41
40
13
57
3
112
22
19
28
49
57
20
43
5
83
37
26
20
9
27
1
31
10
7
12
51
8
34
45
36
1
35
34
22
45
12
31
14
74
9
24
63
18
14
67
35
45
4
32
64
6
30
14
46
4
38
15
6
54
12
24
48
17
15
4
9
44
13
15
29
64
6
13
62
58
29
10
14
0
91
10
48
42
58
10
62
16
5
48
2
61
16
19
23
5
39
22
25
69
17
14
40
33
4
32
23
19
2
7
27
8
102
17
5
82
5
21
6
56
39
6
42
16
35
66
85
36
6
1
0
27
25
49
30
31
42
40
12
4
49
24
56
44
13
34
64
22
45
12
36
4
8
38
27
14
10
37
48
27
47
15
44
14
19
5
16
66
24
35
4
31
51
6
12
51
25
24
27
30
8
25
2
12
20
38
16
9
11
1
4
38
21
12
43
23
89
11
1
36
17
18
14
2
26
25
52
14
35
53
52
58
20
3
56
30
41
15
18
20
0
47
9
2
79
22
28
32
41
30
32
48
8
10
0
20
36
13
14
4
79
33
30
114
23
4
17
4
33
33
5
15
14
30
19
45
34
8
19
26
14
22
36
23
32
9
5
17
21
3
28
68
31
6
46
22
32
17
51
15
51
7
13
14
28
10
1
25
28
3
5
1
35
16
0
11
28
5
27
21
24
44
24
21
6
4
15
29
51
2
52
56
64
36
75
70
25
7
10
14
21
42
42
32
5
12
21
10
32
14
5
23
1
44
56
66
43
35
6
33
37
0
31
21
30
6
2
9
4
26
6
33
34
9
4
13
14
12
54
8
35
5
18
15
1
40
43
38
55
24
24
3
42
25
18
5
33
2
24
37
7
65
17
36
1
16
5
12
55
7
34
45
52
43
41
61
2
30
4
5
3
25
27
32
46
9
16
1
23
18
65
25
5
52
53
5
4
1
18
6
9
8
40
36
27
61
9
5
48
3
40
24
2
33
14
12
15
17
30
43
46
43
19
21
20
72
7
65
1
37
22
14
3
9
22
7
18
16
5
19
9
26
41
11
49
77
6
23
4
36
15
23
30
5
9
39
16
16
13
45
19
20
25
2
26
4
12
52
43
7
16
32
17
18
24
39
35
34
30
52
20
18
57
32
16
47
27
39
6
26
5
34
9
16
3
15
9
65
22
41
5
31
44
20
26
31
6
21
21
25
3
24
19
3
12
37
11
8
15
44
45
4
26
19
9
19
73
3
41
61
15
19
10
1
4
23
13
33
17
29
72
53
2
6
22
17
28
22
7
3
13
21
9
34
12
2
42
14
7
24
24
47
13
46
4
29
12
0
20
42
11
20
7
22
61
11
29
6
2
3
11
0
43
28
22
73
7
4
6
16
25
5
14
37
20
21
4
44
12
4
15
3
59
53
3
8
17
39
3
63
28
18
24
15
5
10
34
20
26
35
37
18
5
24
22
6
14
13
5
22
2
14
10
1
34
22
7
60
26
21
4
51
19
22
18
10
0
27
6
21
16
55
34
2
24
24
13
8
32
24
22
31
33
12
38
3
39
43
1
2
34
8
28
32
26
23
29
32
2
15
31
34
18
8
18
12
3
11
4
38
40
32
15
40
20
15
18
14
14
12
17
24
6
28
5
41
19
10
10
12
17
30
16
11
26
19
16
5
12
14
8
8
36
22
18
4
3
42
11
26
10
22
22
33
18
13
10
10
36
14
5
8
53
18
12
23
8
46
2
6
31
0
32
19
18
69
1
13
11
4
7
9
21
55
14
25
20
9
9
5
12
6
27
15
37
4
14
6
3
38
25
14
33
3
11
25
1
20
1
23
3
57
38
21
27
14
34
6
38
12
0
5
6
52
27
29
9
6
51
15
18
41
14
7
12
12
12
26
62
12
13
2
3
10
14
25
17
16
1
23
14
9
42
4
10
27
32
2
31
12
24
15
2
2
18
2
23
30
6
3
52
19
7
9
16
6
32
22
5
18
0
19
6
4
2
10
8
17
31
9
47
1
11
16
23
11
20
13
38
6
29
1
22
26
10
14
9
0
46
0
17
6
6
10
13
12
5
17
33
44
10
5
17
27
14
26
1
44
3
15
17
11
2
31
13
43
36
2
3
9
25
6
10
13
16
6
14
26
27
10
17
7
40
11
14
2
7
14
18
9
5
15
12
8
18
2
21
5
37
22
18
14
9
12
16
11
7
30
25
11
20
13
5
12
33
28
23
9
18
3
14
10
12
18
4
7
2
18
1
29
7
18
15
24
26
23
40
11
11
22
24
14
26
1
19
44
3
33
2
6
3
11
10
9
16
21
37
1
1
11
6
4
16
33
13
13
9
3
11
15
23
11
0
15
1
5
5
10
0
12
33
13
2
15
17
14
15
13
36
12
16
18
9
24
2
22
20
3
16
10
14
6
17
18
5
35
3
19
16
16
1
19
3
8
4
1
15
6
11
7
1
11
25
20
13
21
6
8
1
27
40
2
41
22
11
14
4
11
23
19
27
3
1
16
36
14
12
9
6
15
14
29
24
6
2
2
14
7
12
8
4
10
2
22
5
6
4
16
2
30
5
32
9
16
21
7
1
2
10
5
17
13
28
11
18
19
4
8
5
11
14
12
24
15
7
14
10
10
2
8
8
29
22
17
20
8
22
6
18
3
5
3
1
20
8
6
8
3
20
10
7
19
27
7
14
10
11
0
10
11
4
6
12
10
13
20
10
6
21
20
3
6
17
1
6
9
3
27
7
17
18
5
1
10
6
7
17
21
13
7
13
4
4
11
3
4
15
2
1
21
14
16
2
9
6
3
1
17
3
12
6
9
6
20
1
9
12
16
9
18
5
2
11
3
2
13
2
2
1
5
4
2
9
5
13
5
5
4
3
1
1
8
12
11
2
9
5
4
2
5
9
5
4
0
2
10
21
5
1
1
5
6
13
0
2
7
6
11
4
9
1
2
7
12
1
1
8
6
11
1
1
11
8
1
2
9
2
3
4
2
1
0
7
3
1
0
5
5
1
1
0
2
1
1
0
0
