24
63
1
33
89
34
22
18
22
59
51
22
4
63
6
69
2
15
22
19
33
13
13
64
77
55
36
15
18
25
24
5
65
25
11
53
5
33
27
26
37
64
15
6
69
77
10
13
105
8
24
33
5
41
17
82
92
52
1
30
97
72
37
182
1
29
6
45
17
6
25
10
24
29
11
32
90
88
69
152
25
25
22
62
18
126
83
29
86
47
35
126
6
10
4
45
17
41
6
60
48
6
7
0
58
66
35
11
82
5
59
38
34
21
14
65
49
28
22
67
5
80
138
3
88
69
107
10
113
63
9
74
22
95
3
40
62
23
1
31
40
54
9
25
3
21
8
0
66
40
24
144
6
34
137
78
66
96
89
124
37
75
20
122
95
30
77
6
38
9
18
138
100
27
25
90
65
103
30
18
3
60
91
13
8
144
89
127
21
97
186
15
29
24
44
57
67
17
32
40
33
69
90
76
2
13
85
70
76
69
11
26
50
9
57
1
37
10
54
93
9
58
42
39
81
81
126
41
90
29
39
7
92
174
14
19
48
10
14
93
50
64
53
30
7
13
20
37
55
3
59
109
41
133
12
27
72
42
139
103
88
100
40
8
37
100
161
0
13
20
14
68
86
25
23
32
50
90
29
45
44
100
91
54
23
2
8
56
24
38
79
7
71
81
101
99
32
8
8
202
72
52
5
10
47
6
122
107
61
1
108
156
49
90
74
19
32
25
36
17
5
48
31
7
59
51
111
24
78
159
1
9
52
114
95
18
42
95
198
43
86
2
60
125
34
30
13
47
69
57
125
10
48
40
41
44
57
128
9
124
16
9
78
69
75
25
6
78
0
93
74
29
5
23
6
12
55
98
156
94
30
34
86
88
23
43
65
143
17
2
34
6
10
93
26
29
63
82
79
59
80
98
53
80
52
36
73
61
21
102
31
63
4
29
69
61
51
29
107
86
104
17
8
31
80
11
103
4
56
109
95
69
7
69
15
108
3
109
112
41
100
16
157
66
7
96
155
124
26
6
20
48
17
72
5
63
170
101
46
10
56
1
107
34
74
94
104
29
16
181
22
37
17
123
27
118
68
21
70
90
95
105
77
4
53
147
40
121
47
67
59
41
27
17
23
31
46
5
30
15
6
100
29
22
11
49
33
37
36
47
66
15
30
42
13
41
8
94
12
29
48
18
7
142
41
31
31
76
38
11
32
37
27
72
80
44
15
24
56
2
20
42
49
30
46
92
125
174
44
32
46
86
141
90
9
38
17
28
17
5
50
61
20
154
40
107
8
60
9
68
63
79
23
61
14
110
160
70
26
26
165
52
53
119
5
77
10
176
66
10
35
71
31
24
31
14
103
74
112
23
120
16
26
25
71
20
85
25
35
17
92
53
10
56
31
26
22
19
34
79
57
63
41
46
83
11
50
22
70
126
50
8
46
31
47
21
69
3
88
92
0
163
89
14
26
13
9
62
2
172
77
21
8
5
21
32
72
36
16
28
63
120
24
26
40
87
39
48
202
44
79
114
36
49
59
40
4
42
162
61
80
68
70
32
78
78
32
4
6
36
45
24
18
132
78
36
28
43
78
38
39
14
31
58
115
7
23
124
22
14
66
32
42
21
40
2
64
40
36
165
20
18
56
35
65
79
7
130
31
10
53
7
50
41
72
6
50
19
42
31
98
27
66
30
32
23
58
62
176
150
110
85
68
84
11
42
94
8
52
34
101
104
4
47
30
78
93
29
117
77
58
17
118
39
40
76
98
58
28
28
72
104
40
146
9
10
37
34
43
32
39
39
21
65
73
31
36
5
134
90
17
105
61
30
6
27
60
82
106
50
7
6
14
9
121
61
92
37
137
19
21
3
132
19
10
78
37
48
34
19
33
14
70
132
58
67
67
95
48
14
40
14
13
78
98
86
31
23
2
26
48
42
35
52
22
2
17
113
72
4
176
46
48
79
72
35
106
67
81
106
88
52
125
44
18
2
144
86
106
3
64
23
69
28
13
10
140
10
111
1
100
48
28
52
10
153
29
59
72
89
9
134
25
67
193
97
53
21
30
62
9
87
8
112
49
31
48
25
107
11
4
98
9
70
28
53
7
49
10
35
182
24
88
52
36
27
78
18
49
11
14
50
11
88
115
62
9
78
71
100
7
125
5
55
103
53
83
129
111
5
145
1
18
82
19
3
84
55
58
22
9
2
19
74
78
10
42
38
66
57
50
109
31
28
22
61
11
43
18
28
0
121
45
53
125
111
101
107
50
25
117
100
2
59
31
49
30
42
45
85
7
11
45
17
26
37
32
25
139
42
15
29
68
80
41
71
44
13
18
35
43
126
51
1
68
36
57
122
17
22
71
46
3
21
12
17
25
31
59
32
3
39
107
69
53
86
29
11
83
46
3
38
2
34
81
61
3
126
107
71
9
122
29
19
87
5
43
14
53
96
34
58
62
11
115
14
52
63
30
5
81
29
75
32
113
67
14
154
2
22
125
43
38
109
47
31
17
1
34
17
3
68
43
31
103
23
28
88
52
12
42
135
1
56
5
3
82
52
22
34
54
8
14
36
2
18
12
53
5
65
43
56
15
20
29
29
43
9
35
111
122
61
9
106
27
30
69
13
18
88
43
5
76
80
87
29
78
1
4
31
23
20
63
132
12
45
31
26
26
70
0
3
8
48
117
10
41
71
86
37
60
20
118
17
89
25
4
78
79
99
24
5
72
82
62
35
13
59
54
149
3
50
48
67
79
50
67
52
27
121
148
2
8
6
101
155
4
53
4
142
96
34
9
19
40
98
20
58
50
41
80
8
60
25
29
21
47
75
197
20
29
93
41
31
53
7
33
48
56
12
31
4
59
10
134
48
11
40
40
94
22
43
37
5
88
98
20
39
42
48
16
44
31
59
78
32
16
45
60
50
90
98
2
11
55
122
99
14
2
32
24
19
18
93
74
43
48
19
32
122
92
139
9
1
87
28
19
71
13
65
53
42
18
36
71
6
49
4
65
62
94
39
3
44
29
36
3
15
3
8
175
70
51
37
95
39
54
68
26
0
22
15
66
38
34
14
54
27
12
78
5
60
66
80
56
15
7
81
42
75
97
69
54
101
81
4
14
10
38
54
50
33
6
19
85
32
42
153
27
22
34
59
5
45
49
66
10
57
52
46
62
7
68
48
27
84
25
100
72
66
70
46
67
53
32
106
154
5
61
26
6
77
52
20
52
40
89
44
60
41
69
4
81
21
118
46
11
38
67
10
8
5
40
34
40
72
11
3
18
17
27
9
73
34
10
17
44
2
39
80
16
97
28
32
51
55
27
4
73
37
63
48
46
44
22
69
23
123
36
87
44
30
130
23
26
23
92
1
5
6
15
79
80
36
29
1
127
26
51
197
66
10
96
47
39
7
2
9
25
47
26
55
107
35
59
66
79
47
42
24
33
36
13
66
42
6
4
25
156
56
67
14
29
7
24
67
44
21
36
7
19
1
11
45
59
24
19
136
95
21
25
2
56
101
7
42
22
49
85
56
39
17
40
8
7
36
30
31
39
2
108
122
47
4
30
37
14
15
1
37
37
7
17
142
122
49
7
36
53
34
1
37
3
11
70
1
95
49
48
21
20
101
33
60
62
4
11
72
79
46
23
80
1
47
3
14
31
41
19
77
61
38
40
62
64
43
40
110
10
88
16
95
38
28
15
40
22
11
54
49
21
74
14
93
176
31
4
18
26
19
58
20
12
16
117
123
39
0
90
99
68
50
5
53
39
20
43
11
36
17
55
123
26
14
50
36
32
17
24
80
42
9
32
36
7
3
65
88
60
50
40
9
41
27
61
40
8
25
28
11
74
20
1
73
49
58
20
80
25
80
32
40
41
36
63
12
42
28
14
59
3
75
7
85
79
11
15
43
44
37
19
60
59
27
6
55
5
30
39
98
104
54
91
59
6
49
30
2
30
85
4
98
83
21
126
13
27
86
20
15
35
39
38
8
16
3
1
79
7
34
3
66
55
13
49
50
28
74
81
4
19
79
57
79
75
16
30
1
48
1
11
29
40
12
77
121
95
51
52
104
2
9
9
60
22
32
31
3
22
54
50
26
3
85
0
3
1
12
17
43
27
46
2
39
24
32
113
34
62
65
66
12
33
51
96
78
91
50
50
18
1
33
79
96
128
133
45
86
41
36
63
26
39
48
25
3
2
29
10
125
40
7
109
61
32
68
73
52
5
35
32
4
30
100
52
5
69
5
37
46
25
26
16
77
40
9
74
52
89
1
4
10
3
45
15
34
14
89
51
13
23
33
46
30
73
32
28
24
92
1
41
9
63
54
65
51
40
123
24
74
67
8
38
68
58
6
66
57
147
32
2
36
22
25
42
32
17
26
6
7
125
39
38
66
6
89
32
41
51
81
54
25
71
11
3
13
22
117
25
4
69
59
0
113
60
49
11
14
17
47
26
17
6
20
28
83
75
50
43
74
15
36
53
66
24
74
50
3
70
61
97
70
5
17
19
39
37
27
57
30
53
41
17
19
7
86
66
4
22
151
42
20
113
55
86
54
79
53
37
24
41
4
31
37
72
46
14
1
18
38
33
14
52
15
1
33
21
43
40
86
34
8
18
17
55
24
8
24
53
44
86
6
78
37
22
61
54
70
2
28
87
42
51
115
45
25
25
31
60
64
7
65
109
7
5
6
30
134
20
36
42
21
43
19
21
29
13
21
52
92
48
63
31
53
93
95
54
19
4
62
61
20
148
38
57
52
1
9
19
20
21
9
58
46
79
53
1
80
45
71
86
30
48
9
13
21
43
15
129
85
15
70
44
51
64
128
26
47
76
42
86
69
46
55
61
6
10
44
44
23
8
36
115
16
48
20
52
95
22
1
83
55
51
78
54
81
48
23
18
90
101
41
5
36
6
89
9
53
55
58
29
10
3
87
1
10
8
3
12
36
119
9
49
45
54
16
3
97
26
46
57
14
86
4
24
12
6
42
116
46
47
18
60
29
50
4
64
91
85
72
116
10
57
4
42
34
60
108
78
7
57
86
3
20
49
38
4
88
48
65
21
24
12
13
25
11
25
113
29
40
10
47
43
58
51
11
36
83
24
49
13
110
39
30
72
20
18
36
17
13
115
93
30
62
35
24
42
36
63
90
28
81
111
64
25
36
37
80
140
26
26
21
30
97
36
17
20
17
24
18
37
109
8
5
10
1
83
10
34
38
10
71
38
87
20
19
5
8
8
60
3
18
86
1
32
21
4
40
66
45
85
30
64
0
3
60
16
39
28
93
23
72
13
36
52
40
19
39
44
16
33
29
33
53
38
18
81
54
118
31
76
133
76
54
65
91
37
1
62
9
15
100
46
129
5
49
82
87
100
11
3
30
87
39
35
121
6
49
52
37
35
37
11
49
15
114
38
134
11
24
26
25
0
54
38
124
20
37
20
21
71
79
53
68
21
18
23
2
2
11
47
4
33
51
23
40
30
79
57
32
23
14
75
58
113
14
35
23
108
40
87
66
37
96
32
28
38
4
4
1
48
46
109
11
2
14
21
73
69
55
15
19
27
30
1
121
9
16
9
96
110
77
5
39
52
48
12
61
17
3
35
32
59
37
79
7
36
0
16
24
83
100
61
66
28
5
20
29
118
22
24
103
3
62
94
43
52
37
48
5
24
74
2
39
2
8
20
13
26
15
60
20
6
20
31
59
18
2
32
66
84
66
26
73
5
28
33
20
48
3
41
4
15
27
61
58
14
15
31
1
9
93
41
4
2
0
59
17
39
99
50
26
20
1
27
11
9
23
54
103
32
53
45
16
9
4
7
24
5
80
25
70
38
46
28
14
40
48
21
43
56
4
15
9
12
29
8
25
11
59
10
79
6
52
34
22
33
39
103
30
59
4
27
78
39
18
22
8
57
38
46
23
23
10
91
1
12
9
28
75
51
34
38
1
18
102
46
14
24
40
11
10
33
15
66
67
54
0
1
8
23
51
48
22
17
56
2
3
47
40
7
19
7
44
6
22
29
43
99
59
34
64
119
23
11
12
46
81
24
37
54
33
8
13
63
11
94
6
43
84
37
22
23
16
31
107
56
61
14
77
17
0
84
13
43
15
30
22
94
17
46
14
26
76
16
11
83
26
50
16
129
54
24
0
14
61
37
142
70
30
52
10
50
21
12
13
34
16
32
13
46
73
54
26
6
98
101
29
1
102
26
41
43
7
0
52
23
8
9
14
61
11
15
80
20
1
113
27
54
7
9
20
39
8
77
13
68
19
10
18
48
57
40
70
72
119
18
2
29
5
6
55
19
54
39
76
36
3
27
26
73
64
46
27
27
70
101
37
37
27
50
41
57
3
14
25
59
101
55
13
58
90
69
1
45
15
25
8
82
2
12
41
3
50
86
24
32
83
60
26
64
7
51
23
79
43
61
38
0
34
13
48
78
37
62
57
15
11
72
54
14
49
23
3
6
42
36
59
81
74
63
9
23
14
50
33
1
23
55
45
13
39
41
45
17
21
60
78
4
52
4
48
126
88
25
19
12
70
44
32
4
15
47
53
69
48
65
7
26
81
52
49
5
52
18
122
7
17
3
50
41
40
19
3
19
29
37
29
82
7
22
31
26
8
49
2
17
13
38
180
33
50
13
14
45
12
0
25
4
48
87
24
108
50
57
58
21
55
30
5
36
13
1
14
37
18
84
27
41
48
25
15
6
35
14
36
5
94
24
5
5
52
41
11
35
95
55
29
32
11
67
8
40
50
2
6
16
7
70
9
2
136
69
2
71
35
17
21
14
82
4
108
33
8
109
57
9
35
31
64
6
53
71
28
10
14
75
60
107
64
5
20
73
65
8
73
88
0
7
61
13
44
4
7
15
37
19
21
32
5
42
33
4
59
68
9
37
3
63
68
31
1
23
18
29
25
14
63
9
6
55
41
7
22
5
17
8
10
29
26
8
5
44
9
12
21
59
7
27
42
1
71
40
25
29
17
1
54
43
75
55
35
62
28
34
32
47
114
106
54
2
5
55
27
6
14
11
27
53
43
8
52
25
43
18
71
38
61
24
28
2
8
3
2
43
28
53
4
35
37
30
60
48
5
43
69
32
33
46
40
50
103
48
19
27
42
25
100
59
70
10
50
30
102
6
32
5
50
42
17
15
46
64
5
25
27
39
5
35
4
46
3
50
54
24
1
25
20
3
14
20
12
24
19
35
26
27
20
4
70
25
38
78
2
9
36
4
51
72
18
65
23
47
52
48
19
23
63
13
21
34
63
55
4
42
17
21
26
82
63
26
9
14
27
42
43
18
12
4
51
4
68
46
11
16
26
11
27
35
23
3
13
49
44
50
106
6
25
94
9
39
19
1
33
12
1
8
51
15
21
26
59
39
14
36
25
33
7
54
8
19
14
27
35
55
87
73
59
86
16
20
43
3
19
10
43
29
53
19
1
26
1
8
12
10
26
1
1
57
18
11
30
5
40
69
5
65
2
10
94
7
35
31
26
25
41
19
88
34
105
3
16
16
31
11
64
69
5
27
28
37
48
13
69
14
5
23
35
17
3
4
16
42
29
18
7
5
0
10
72
75
60
11
35
4
18
21
23
29
8
30
56
35
76
38
15
21
1
10
36
55
2
29
20
2
13
29
46
18
18
60
17
18
50
8
74
0
72
11
15
4
39
29
10
6
49
36
32
17
33
12
25
34
37
6
26
54
27
11
18
75
30
54
101
24
40
75
64
28
12
5
10
20
62
42
65
62
9
49
0
6
12
19
32
42
9
1
21
81
4
12
37
21
16
5
23
58
62
39
41
44
87
95
27
2
1
19
67
51
12
9
41
17
49
16
10
16
28
1
5
63
31
33
33
14
25
45
15
14
22
10
58
2
69
29
96
46
26
31
65
6
121
20
29
15
79
9
30
5
10
22
49
53
4
4
21
9
39
22
36
8
21
63
2
2
62
70
35
4
16
37
95
41
59
25
2
79
10
30
19
15
48
38
2
14
1
58
48
8
80
6
23
17
10
15
33
23
6
94
14
8
48
137
51
17
11
7
23
43
0
67
6
10
35
95
80
27
38
7
26
36
68
15
96
22
46
15
6
57
3
16
32
16
21
11
32
69
45
32
47
20
51
9
49
14
35
28
17
8
7
2
40
51
38
39
7
51
52
32
25
54
39
6
10
9
7
35
69
19
8
46
48
3
8
10
18
17
22
51
3
2
42
13
36
24
4
79
34
6
37
27
37
33
23
44
18
16
53
26
11
5
14
66
32
8
67
63
87
35
42
30
1
6
16
35
12
1
65
59
15
8
38
10
8
50
17
4
36
10
33
60
11
30
54
3
13
25
34
19
25
4
60
66
7
31
59
15
11
3
11
22
22
17
21
39
32
4
59
2
45
14
17
13
23
30
8
71
49
35
19
14
30
39
31
62
16
7
20
12
32
56
63
7
29
5
13
31
31
47
59
19
1
3
14
50
70
42
74
45
32
35
48
11
45
49
2
3
8
21
3
16
15
36
31
34
19
31
3
33
35
1
17
52
45
15
31
36
16
29
12
29
21
13
33
10
3
5
3
57
62
36
53
9
24
12
25
33
69
26
2
0
49
12
17
27
71
34
52
60
31
23
19
1
38
9
27
75
5
25
36
18
9
5
27
101
36
49
71
12
12
25
24
51
37
6
24
45
1
28
4
7
17
17
43
21
29
16
74
11
47
92
43
5
3
37
9
22
17
41
12
6
15
2
36
14
28
14
48
36
6
90
23
18
20
13
30
6
21
5
13
13
12
24
44
43
32
57
30
42
12
25
43
43
4
10
10
18
2
10
24
8
9
30
67
20
4
42
24
54
6
26
59
6
7
9
36
6
1
18
38
54
10
17
41
35
28
2
20
17
12
48
19
3
4
22
20
9
4
61
18
15
13
10
33
56
6
12
3
13
36
48
37
67
6
16
13
26
47
13
1
21
14
43
22
40
28
3
14
16
8
3
42
17
8
77
41
7
9
31
33
40
53
12
16
58
46
17
7
7
29
40
53
33
4
24
16
62
62
10
33
2
88
10
20
68
5
57
40
7
37
16
24
8
28
12
27
2
24
12
19
2
16
26
7
34
10
21
45
37
39
6
10
48
30
27
20
14
4
11
32
29
8
3
51
19
10
17
5
12
33
30
55
23
5
8
18
6
37
61
7
7
27
22
7
1
22
34
73
63
38
11
19
5
2
38
7
17
13
38
12
12
42
8
12
7
9
0
33
41
32
5
13
4
23
4
26
54
26
35
82
19
2
75
40
76
10
20
23
44
14
13
32
10
36
12
32
1
8
74
47
24
16
2
12
48
7
73
27
16
13
17
50
28
30
46
10
32
32
7
16
45
33
18
42
10
17
27
15
9
2
36
19
7
26
0
17
20
17
53
38
15
51
22
45
6
6
25
4
21
45
34
36
6
6
14
44
34
26
37
18
3
34
34
30
15
18
29
52
22
7
27
26
1
37
22
8
109
9
16
31
7
1
3
9
4
33
10
10
54
48
20
65
25
52
10
6
1
53
10
3
11
34
39
0
1
5
50
1
10
4
38
18
5
21
39
7
34
6
52
2
8
9
13
9
37
44
12
16
36
30
6
15
54
55
14
5
11
8
22
12
13
8
45
13
11
26
52
46
24
18
3
3
26
22
3
34
48
43
57
20
7
12
28
24
48
9
42
9
5
54
8
25
27
29
16
6
38
42
42
13
5
26
54
1
34
33
2
48
29
12
1
25
8
24
16
18
23
27
18
17
22
16
3
7
9
24
41
13
4
12
23
29
3
20
12
29
5
49
16
19
42
4
45
15
34
19
2
25
17
46
2
7
2
20
32
10
6
12
9
36
1
4
35
8
1
33
23
8
0
35
14
23
23
26
20
39
7
18
62
2
1
9
21
34
5
17
42
17
13
38
6
3
35
16
18
15
14
35
32
57
20
34
4
28
26
14
21
16
56
4
35
7
3
17
21
6
16
16
19
7
33
20
33
26
26
34
10
16
36
7
5
19
19
39
2
25
27
26
47
4
66
34
3
1
14
24
20
13
40
44
22
14
38
8
24
10
23
11
10
35
16
3
7
26
14
6
19
29
6
16
10
6
5
2
22
10
6
48
21
14
20
2
2
29
10
26
27
10
19
12
46
3
19
9
47
3
10
1
1
34
16
28
20
35
30
31
19
12
6
18
28
6
15
19
11
19
10
4
10
38
2
4
2
26
5
15
16
8
20
2
16
22
23
29
8
20
13
19
21
14
28
2
27
4
13
0
24
36
10
19
11
4
2
33
6
11
6
15
34
5
0
26
14
3
29
9
4
2
33
56
27
10
1
12
37
43
11
5
46
9
16
11
19
1
11
1
4
1
11
21
23
8
14
13
42
24
17
23
18
3
3
10
15
8
15
7
1
56
6
23
6
3
12
23
27
0
5
12
40
8
10
8
39
43
1
1
14
28
1
35
18
12
33
58
25
18
5
18
19
7
8
17
8
21
7
9
4
10
1
0
11
13
18
8
24
21
19
29
25
7
2
16
18
19
29
9
2
2
16
5
17
0
13
14
16
5
12
7
14
7
9
8
19
10
11
9
26
22
16
14
6
24
9
2
8
16
23
16
14
15
24
11
45
25
3
5
25
16
12
12
3
37
4
21
14
16
14
19
12
9
18
30
24
7
19
3
0
12
27
12
6
22
14
4
4
8
16
2
17
8
11
16
31
9
5
15
17
20
6
9
9
6
8
21
2
13
6
7
9
17
27
11
3
1
2
10
4
6
16
21
12
14
13
10
5
1
2
1
19
12
23
4
7
27
4
22
6
10
14
18
27
10
1
24
8
13
2
7
6
6
9
28
15
22
8
6
7
5
8
0
10
5
14
18
1
10
11
12
2
21
24
8
14
5
2
2
2
10
3
16
16
3
2
12
15
1
6
11
3
17
6
2
5
9
6
14
6
13
16
11
5
6
2
0
13
22
7
4
9
1
2
12
23
13
1
6
15
3
12
7
13
15
7
8
4
23
10
2
5
8
12
7
13
1
12
5
9
5
18
0
15
3
19
2
1
3
0
11
13
5
5
1
3
14
7
2
4
4
6
3
9
10
8
2
12
3
2
1
3
3
2
12
2
3
17
0
4
14
5
6
6
7
4
1
5
8
3
6
4
1
3
5
5
6
5
0
2
9
3
7
13
1
4
0
2
3
2
4
5
5
3
2
2
2
9
3
3
1
1
7
1
1
6
0
0
3
0
2
1
0
