11
13
31
5
1
24
1
7
28
4
21
5
12
8
2
6
31
9
16
14
19
2
16
8
8
21
7
7
9
13
10
14
46
6
2
17
9
17
14
12
44
13
20
7
9
2
18
6
18
8
25
25
3
49
16
3
3
11
4
23
9
20
14
14
10
4
22
39
58
4
4
24
16
8
18
35
4
9
10
16
13
10
16
23
16
9
15
18
13
12
7
6
14
8
14
18
33
40
11
26
1
4
23
8
3
17
3
32
6
20
24
3
8
23
3
19
2
8
11
24
8
28
1
27
5
11
11
4
1
15
11
36
34
2
1
15
16
9
20
7
24
1
19
11
35
3
22
14
18
14
3
19
5
2
28
4
11
33
13
2
13
12
12
13
11
19
28
29
30
21
0
9
13
4
2
23
11
13
18
1
4
8
13
14
36
19
45
31
19
3
9
24
10
10
6
17
17
2
5
15
9
16
21
2
24
20
0
21
26
3
23
9
18
4
13
15
23
5
7
9
6
22
15
12
16
7
13
7
4
2
21
7
1
16
12
4
17
21
13
6
0
17
21
14
15
8
2
3
4
19
4
4
11
13
18
2
20
1
4
10
18
2
25
13
19
17
9
3
4
5
32
15
5
8
20
14
9
30
6
1
4
24
16
8
24
20
7
10
8
16
33
20
1
15
5
11
23
5
5
11
4
2
9
11
3
4
12
12
8
6
20
20
15
4
4
11
14
23
2
15
10
4
0
4
35
13
23
19
10
14
5
3
12
2
21
4
7
16
14
3
5
9
14
4
0
4
1
14
11
24
6
17
15
33
3
5
4
21
5
10
4
2
14
9
2
13
13
1
22
2
15
14
14
3
9
1
15
8
5
1
3
6
10
10
2
10
10
10
7
3
5
13
6
7
6
6
12
6
2
5
2
0
1
4
24
0
20
14
6
3
6
12
15
5
10
14
2
11
7
5
14
4
0
8
14
5
13
18
5
9
11
4
0
8
1
2
5
6
1
1
2
1
11
4
8
4
6
2
2
2
8
9
4
6
10
1
1
8
3
3
6
4
5
2
4
7
16
1
4
0
0
0
9
0
1
1
2
0
4
3
3
4
3
3
4
1
1
2
7
1
1
1
0
1
1
0
1
1
2
0
