11
1
98
94
70
58
52
24
22
32
8
9
20
11
7
30
11
100
14
29
8
61
38
71
38
106
106
14
12
23
26
7
29
39
141
4
10
7
23
98
59
26
28
47
15
10
63
25
18
145
10
10
17
32
19
67
29
27
33
50
26
19
19
46
25
42
47
60
34
18
46
62
20
5
5
65
22
16
34
4
36
132
17
75
1
125
17
43
11
103
135
69
28
2
58
67
95
54
16
66
30
39
14
103
19
18
57
15
16
64
5
3
62
35
130
101
5
24
7
88
6
8
43
32
91
20
55
1
48
86
44
52
46
35
81
54
79
62
7
38
72
34
135
165
25
42
26
67
48
112
74
130
30
14
55
7
10
12
28
39
16
17
12
134
8
108
80
54
30
7
36
18
108
30
27
16
41
86
48
133
90
56
8
2
27
46
11
77
68
85
54
33
11
28
147
70
30
55
68
15
37
52
84
31
53
109
54
6
110
41
15
47
55
25
57
130
49
24
117
48
85
3
168
80
63
61
64
68
46
1
52
51
16
114
11
8
37
47
9
46
20
83
20
105
62
37
5
24
6
20
71
115
76
49
1
85
102
7
18
53
30
12
3
89
28
38
38
25
26
33
37
14
17
41
35
24
50
8
172
4
75
15
3
152
49
35
10
74
75
40
50
22
59
74
40
93
72
194
30
21
41
29
15
80
70
15
43
90
132
103
15
47
59
68
34
17
23
26
58
95
6
64
78
22
118
24
74
92
67
26
4
10
44
45
24
13
21
28
43
30
55
81
77
1
11
83
33
9
25
72
35
21
69
6
57
68
32
113
120
56
141
99
23
20
130
38
59
17
75
109
67
32
5
57
77
17
45
27
15
82
22
39
5
70
54
59
97
187
18
99
6
158
90
104
38
65
10
67
87
63
35
5
64
30
6
59
71
32
136
58
124
119
44
60
38
90
18
85
21
14
3
121
2
3
74
93
47
18
12
39
93
40
30
36
85
17
9
184
44
98
124
81
59
32
90
30
1
79
80
5
127
41
11
34
28
62
3
75
22
140
80
22
73
30
72
7
5
59
69
99
5
45
38
66
27
81
21
3
77
80
22
32
5
35
73
52
39
71
75
31
1
31
6
73
1
5
11
14
41
72
81
139
22
26
73
56
2
90
6
120
125
54
57
10
85
151
24
36
23
115
25
111
86
47
78
23
24
51
16
37
80
24
63
52
3
61
73
91
20
57
21
15
0
9
79
66
11
16
10
5
34
87
6
69
39
59
102
8
59
32
12
27
128
16
26
158
134
150
62
48
49
44
39
50
38
1
16
26
82
6
6
29
39
74
3
133
78
99
5
14
138
79
12
5
55
96
147
132
54
25
7
9
8
95
56
58
62
73
1
135
48
62
6
18
22
60
135
46
3
14
10
114
2
71
92
64
61
22
36
30
57
30
12
53
49
24
10
45
74
82
99
33
75
143
86
52
23
47
59
143
74
49
9
42
45
61
47
14
55
28
35
18
140
79
12
95
39
96
35
98
87
6
59
70
7
97
100
61
42
73
21
34
2
35
97
40
45
105
65
70
15
22
1
114
39
42
16
49
64
62
94
62
51
130
28
39
50
5
10
45
60
34
159
28
20
23
29
95
69
62
10
59
79
17
19
58
39
63
60
78
105
37
92
36
27
43
94
31
12
14
68
31
113
34
11
90
38
31
95
77
18
40
10
4
108
73
102
29
67
170
19
5
76
67
52
39
49
15
51
31
51
93
62
73
18
22
55
13
35
57
92
67
35
52
36
6
139
13
47
63
236
7
66
139
33
38
114
52
138
49
44
142
7
48
5
30
51
74
51
61
93
77
29
83
18
42
24
28
79
79
42
39
37
18
66
204
16
50
14
7
23
25
105
32
4
13
117
44
27
0
56
60
43
139
108
7
23
17
92
9
56
124
9
82
2
8
23
120
55
50
43
136
60
51
18
28
90
6
43
13
4
20
64
12
21
104
65
1
88
10
67
34
8
108
21
31
2
55
15
47
38
126
68
64
124
30
46
57
38
29
90
8
81
9
27
87
28
57
71
35
52
72
26
59
47
8
44
42
6
139
26
73
2
33
79
25
3
20
3
22
13
121
25
51
47
45
98
31
64
69
2
149
76
43
52
91
85
5
44
81
5
68
41
40
59
83
97
109
31
42
38
46
39
37
92
0
58
53
6
20
11
72
2
46
65
33
145
172
23
25
78
73
56
24
15
96
0
56
37
48
69
24
18
2
34
17
27
39
18
119
15
8
20
37
46
34
0
25
14
90
32
96
45
195
13
52
99
32
15
44
13
88
74
47
94
112
92
15
40
30
25
7
80
91
126
39
162
93
96
134
44
4
29
123
91
50
119
21
72
44
29
30
113
51
117
92
45
46
41
38
4
62
90
15
47
0
22
149
13
22
56
60
14
23
31
27
2
31
38
106
155
0
47
22
16
27
17
36
16
39
75
104
40
48
12
47
57
57
29
83
23
37
83
20
19
25
16
61
147
35
50
36
22
37
39
117
14
51
20
83
19
25
83
13
48
36
32
18
103
11
58
40
42
157
9
48
116
61
24
47
27
49
21
61
53
18
41
37
1
67
43
94
111
43
124
60
8
7
60
71
1
88
39
27
35
26
135
212
1
143
78
11
50
2
16
66
51
35
5
62
54
89
4
95
102
9
96
64
37
52
34
45
45
60
60
39
72
30
58
1
11
8
23
36
7
33
144
88
69
54
63
94
9
76
9
74
30
89
4
25
43
53
27
30
2
116
55
38
98
64
46
94
3
63
18
45
23
7
5
69
34
54
81
35
37
92
84
42
68
35
29
52
11
52
112
32
23
1
81
102
31
34
22
31
26
71
47
18
142
38
45
54
100
107
5
25
34
5
65
55
1
10
18
14
24
33
60
57
39
46
38
29
69
11
16
37
115
39
78
1
70
32
90
111
49
27
5
120
80
7
130
178
1
58
48
68
50
29
31
52
89
96
3
14
31
27
19
79
67
134
47
47
73
30
87
19
4
38
13
54
7
23
101
52
60
51
26
17
7
74
41
26
60
7
79
74
146
25
5
31
18
75
5
107
66
77
45
22
20
43
53
128
4
49
49
66
61
62
44
7
49
148
75
16
17
100
36
29
19
94
10
18
14
31
38
18
136
10
33
24
78
80
104
74
58
14
44
24
37
86
25
103
100
156
12
1
94
7
42
105
82
18
25
187
186
52
46
28
37
40
22
80
48
98
19
9
101
17
13
32
40
5
63
9
43
6
15
88
45
55
41
149
6
28
89
25
58
22
4
16
79
46
91
142
61
14
2
51
74
26
63
32
62
85
158
37
42
109
9
87
83
20
38
43
31
17
42
28
83
65
29
17
0
50
44
38
71
84
29
105
35
83
70
9
19
16
38
19
12
25
61
137
21
55
0
66
7
126
47
65
60
105
50
126
24
27
113
31
16
80
15
41
116
94
17
59
6
109
82
35
37
78
53
69
31
9
2
39
51
48
28
1
5
108
88
14
14
1
34
13
112
94
21
99
133
65
80
1
88
16
48
71
19
2
43
66
52
57
58
40
92
40
4
64
75
15
10
84
61
27
53
118
52
21
35
80
37
15
3
25
84
23
1
90
55
11
52
57
20
86
46
54
22
2
9
53
37
76
32
10
43
25
45
13
63
49
42
53
9
16
8
49
77
44
124
153
29
140
26
5
13
43
32
42
141
21
82
13
10
26
23
82
57
93
46
6
20
115
46
68
40
41
111
47
26
92
22
80
16
17
118
58
2
42
17
96
28
66
53
64
52
70
16
24
15
18
60
14
31
12
101
9
5
28
69
25
41
17
50
25
98
15
184
14
50
69
113
119
0
22
24
7
29
73
5
58
39
6
76
19
29
42
67
7
21
97
2
17
47
30
9
42
56
27
19
70
42
102
132
8
11
6
23
43
99
32
38
3
97
54
51
13
18
62
72
7
21
60
46
2
68
50
71
6
90
59
13
7
16
11
74
86
77
68
42
0
88
3
29
64
161
75
62
105
62
62
50
33
81
2
60
79
20
83
36
1
30
66
1
14
18
1
26
3
30
87
123
81
16
20
92
3
96
3
5
24
26
50
59
79
66
17
1
98
12
83
58
21
7
11
37
122
19
35
64
78
19
42
34
27
33
44
32
87
79
71
61
12
11
20
64
29
71
16
71
3
42
75
26
28
58
79
37
25
46
70
11
39
27
64
3
0
65
16
41
0
46
99
16
14
19
54
104
38
46
10
26
112
43
92
81
8
13
49
39
6
11
4
125
46
28
75
70
105
51
68
6
96
10
6
31
50
42
35
22
44
58
10
38
74
19
17
36
54
78
14
84
6
78
15
33
35
81
56
31
21
19
38
21
5
36
59
48
55
38
63
35
48
64
55
30
38
15
5
55
7
10
127
2
72
70
26
11
33
24
14
57
105
15
10
51
45
13
59
86
83
39
7
16
11
64
24
25
58
103
11
15
9
34
106
7
25
9
27
103
65
72
85
38
7
74
75
41
8
55
25
58
21
0
10
103
60
62
13
48
38
17
17
25
46
81
57
76
4
43
85
40
75
37
86
67
42
63
31
87
46
9
55
52
22
12
18
4
59
5
81
54
7
66
96
9
90
27
7
125
31
86
43
81
3
39
0
39
56
27
14
17
77
26
59
12
55
69
26
29
35
18
20
27
56
42
27
5
48
124
79
31
32
24
36
3
23
22
41
89
83
26
88
41
8
25
132
56
23
34
51
3
44
39
18
23
12
62
15
9
14
12
6
0
101
32
1
37
29
73
47
55
71
20
61
29
16
30
8
13
3
88
41
30
132
17
20
31
39
36
15
117
70
6
43
52
103
63
11
105
78
54
8
7
128
53
131
68
21
41
70
6
21
7
32
22
0
89
42
88
1
39
12
63
49
70
3
39
6
36
61
46
60
45
48
37
50
31
27
11
4
8
4
8
60
26
2
58
23
44
4
51
18
6
22
8
14
73
18
49
48
101
17
82
69
8
35
9
15
118
82
25
13
6
66
77
62
20
39
37
51
30
8
50
14
24
67
2
4
5
11
10
49
6
79
48
9
3
11
70
76
34
107
65
56
28
45
126
6
83
69
8
24
152
5
2
39
15
16
42
22
49
96
42
17
1
11
14
15
2
15
79
53
12
14
23
4
46
64
58
24
126
86
25
10
69
25
9
22
85
109
37
30
47
44
32
27
40
71
39
6
25
13
19
25
45
87
74
20
92
85
48
45
64
40
45
43
62
20
61
13
26
122
1
6
5
61
37
70
32
96
12
15
50
31
66
8
145
38
14
11
31
16
75
13
6
32
11
24
29
64
14
109
20
94
64
4
11
13
46
113
49
14
35
4
66
77
47
79
90
34
1
70
39
133
16
60
20
82
37
90
86
14
42
42
30
38
75
13
34
34
9
26
1
33
84
66
119
23
37
11
80
85
21
20
55
4
33
73
69
2
80
19
25
1
20
4
25
51
32
35
50
49
57
67
26
1
9
61
106
143
3
31
30
46
50
57
29
76
9
28
31
66
94
58
59
37
96
18
16
61
34
23
19
65
22
33
33
85
96
1
81
88
17
27
33
14
45
21
58
4
21
34
41
9
50
0
20
94
7
26
24
43
11
1
27
42
8
43
28
19
12
54
68
2
59
36
91
1
11
41
49
85
3
63
35
50
78
59
56
38
58
31
16
50
18
44
67
67
105
0
38
115
5
3
3
31
50
27
139
28
47
8
19
10
26
5
1
112
78
52
37
14
114
31
6
83
47
33
4
27
68
115
52
82
60
18
73
13
20
44
50
11
47
2
27
116
20
104
57
72
84
63
26
25
38
69
15
43
90
47
6
41
17
19
37
4
61
21
43
102
20
60
94
64
1
95
6
9
69
10
2
34
5
54
39
4
11
12
70
4
25
2
6
47
56
60
45
64
41
30
20
44
89
61
42
2
57
47
40
36
91
8
35
30
161
43
42
40
4
9
10
43
45
42
48
70
35
64
11
8
8
2
16
13
75
0
24
24
14
76
4
108
18
53
55
29
79
40
31
47
14
7
26
35
9
53
30
30
55
54
23
10
39
12
39
3
101
9
68
16
21
30
16
69
3
28
10
43
63
7
22
12
24
11
33
46
30
1
65
15
10
49
36
81
62
57
26
21
93
69
105
31
61
14
85
43
47
53
68
62
59
26
2
100
37
19
38
22
17
22
38
17
25
70
1
32
8
37
17
56
0
15
53
51
65
104
8
32
40
11
100
49
19
165
4
45
22
51
11
12
22
33
1
34
141
10
38
8
8
14
55
34
33
49
105
29
17
83
36
14
57
15
47
89
6
18
95
35
72
70
38
2
18
41
77
9
74
54
76
28
96
4
40
2
94
39
32
41
59
19
36
36
81
20
77
74
34
25
47
86
26
36
50
84
71
73
24
12
25
3
13
7
42
19
110
21
100
16
23
2
103
54
42
19
58
47
27
77
18
38
8
39
46
31
29
1
31
107
45
52
7
70
38
12
28
47
40
10
8
76
72
16
1
17
58
26
2
9
98
18
76
55
45
63
88
12
41
66
32
49
43
84
49
115
2
29
114
28
6
19
12
37
71
5
31
92
12
44
35
6
29
39
58
8
15
52
14
51
130
48
61
64
87
28
56
9
7
1
29
48
153
6
15
52
22
28
11
27
28
21
6
33
45
21
15
62
53
33
35
9
31
42
20
49
19
23
20
13
35
7
31
27
42
25
18
34
60
39
63
44
57
60
44
25
13
17
101
50
39
38
95
13
78
15
102
49
23
16
16
20
113
36
1
7
8
68
18
6
26
17
44
76
22
13
9
89
57
31
11
16
18
12
39
2
35
19
53
16
47
6
8
27
71
69
40
4
44
32
31
64
37
47
21
27
12
81
50
16
39
2
22
9
22
33
32
69
11
44
2
3
62
50
20
8
92
89
7
56
21
17
21
1
21
64
17
86
45
23
14
64
5
82
1
64
24
40
28
10
63
60
8
25
35
5
22
30
58
8
71
22
60
5
12
28
26
21
100
3
16
11
35
57
59
9
13
44
17
0
11
44
52
44
7
40
94
1
10
9
25
53
14
36
20
37
7
89
57
16
39
49
58
2
30
44
19
5
52
24
54
50
62
27
14
25
21
7
10
28
45
1
21
3
24
4
8
56
17
47
28
37
12
11
2
31
31
11
53
42
14
45
35
26
52
38
62
35
58
57
42
42
16
3
36
67
14
7
20
147
36
57
19
18
17
24
59
50
17
17
0
23
44
14
55
2
23
44
21
16
1
9
15
78
86
73
9
68
42
51
46
27
12
49
13
16
12
13
3
24
32
12
50
122
41
43
77
21
26
8
20
76
16
8
15
31
55
19
27
0
6
6
35
21
33
13
24
88
38
68
19
4
36
33
7
61
27
17
1
68
25
56
18
79
4
21
58
69
5
18
14
44
13
27
21
24
13
74
22
101
57
51
7
15
2
16
7
10
7
14
70
54
18
30
4
48
24
21
7
21
21
13
76
34
46
4
78
67
1
7
2
17
41
30
10
39
55
20
123
38
31
54
21
24
22
61
20
3
40
62
9
32
99
34
33
42
29
7
62
17
21
30
28
30
11
18
16
55
10
23
11
34
3
13
6
61
16
3
41
9
32
65
33
20
76
1
8
14
37
21
15
47
31
61
56
94
40
31
8
2
16
40
16
6
5
39
2
53
34
16
47
39
13
6
13
114
3
13
3
93
94
76
46
3
9
2
24
2
25
41
72
2
21
22
37
18
18
41
46
34
8
33
14
8
10
6
88
25
24
18
34
14
26
74
65
21
55
46
20
8
54
12
10
5
53
22
12
43
24
21
56
3
16
11
33
35
5
42
1
1
6
95
16
79
47
21
52
42
27
61
17
6
50
18
30
51
83
1
35
40
76
54
6
37
40
0
21
25
14
63
10
24
43
10
4
22
17
38
23
6
28
5
18
33
41
41
26
8
6
16
42
52
35
54
28
69
13
64
47
13
110
34
14
42
62
55
52
37
53
41
35
84
40
54
33
18
9
6
11
2
33
0
17
27
39
6
14
94
43
9
27
40
18
58
21
18
46
37
27
39
43
39
46
2
28
4
32
24
49
19
9
27
15
20
51
27
34
39
7
18
35
13
7
21
6
3
4
4
14
6
101
53
31
27
56
60
35
6
46
37
24
62
10
15
12
40
31
15
45
2
11
6
3
27
60
9
9
20
52
61
11
3
48
22
64
7
13
6
67
2
32
23
39
16
13
16
23
59
12
13
37
41
2
29
30
4
24
12
21
8
7
28
23
11
21
74
37
7
40
9
64
33
24
32
39
19
31
12
15
22
17
114
55
29
2
15
10
11
20
46
1
29
29
43
70
29
52
21
27
64
49
11
23
3
2
70
3
31
35
21
24
42
19
30
3
42
41
16
4
0
2
12
8
28
1
16
18
81
29
71
2
7
24
77
18
26
12
31
23
48
18
19
49
24
25
59
14
23
6
43
43
1
20
6
34
24
46
83
8
6
52
62
45
53
10
23
62
6
52
11
37
5
46
18
51
13
47
1
46
4
16
14
17
38
22
108
35
61
26
41
63
45
21
22
3
4
19
16
34
6
60
35
33
21
15
5
45
47
61
43
37
43
26
16
16
1
1
4
28
0
35
12
37
39
0
28
2
26
20
26
44
25
21
33
11
33
42
4
44
43
6
73
23
22
8
86
1
19
17
10
17
12
8
19
22
24
19
25
32
16
74
16
40
44
20
2
35
4
4
70
9
37
45
27
20
2
38
21
21
8
17
1
10
32
7
23
23
6
39
19
42
5
44
6
44
69
37
20
14
14
15
17
59
13
15
63
3
18
33
5
15
19
37
25
4
22
35
12
25
46
49
34
64
33
1
56
71
11
13
94
38
69
45
23
32
20
10
31
18
3
52
3
13
47
3
28
63
48
10
18
18
11
2
25
6
21
11
108
26
35
22
7
51
9
70
12
32
46
3
16
9
58
18
38
47
15
34
1
26
17
39
7
12
61
30
28
11
41
21
17
30
28
2
47
24
32
26
11
18
76
17
7
60
12
20
27
3
3
43
22
19
45
24
70
3
54
0
27
30
48
51
16
26
80
23
8
67
28
36
24
42
44
22
14
1
46
64
33
17
4
33
1
9
47
5
24
37
3
31
84
49
58
27
62
52
29
26
13
40
14
17
3
22
49
12
52
2
29
26
9
39
31
16
5
1
9
64
13
9
18
21
29
4
37
8
18
6
24
31
48
15
14
2
44
32
88
7
1
17
32
6
10
45
50
9
8
5
51
34
28
18
25
6
26
7
7
28
35
25
22
61
9
40
4
19
49
3
67
6
24
6
12
22
33
9
20
12
2
53
4
19
19
25
22
6
41
17
29
35
28
6
2
20
14
52
13
8
23
42
2
46
50
16
18
13
25
46
6
0
0
19
48
24
1
8
3
3
17
8
27
15
5
23
20
34
14
28
4
13
35
15
7
18
18
6
3
33
24
27
22
2
23
15
0
11
10
17
30
4
12
52
29
8
7
43
45
6
24
25
34
12
7
9
7
14
16
24
0
7
12
57
5
4
32
10
45
3
38
13
26
4
33
46
7
4
11
30
47
23
42
2
10
34
6
14
15
16
6
23
5
19
10
13
17
29
20
11
15
23
43
17
19
8
10
24
20
43
7
29
20
42
27
31
41
4
29
8
18
7
33
41
24
8
35
12
36
31
13
2
31
15
4
27
22
0
27
4
34
42
17
36
25
24
47
9
9
35
15
26
43
11
41
21
6
9
9
8
38
25
59
10
11
20
17
61
34
16
32
12
2
39
30
27
34
23
26
2
12
5
2
14
30
11
14
16
6
53
23
11
13
1
27
28
5
8
10
15
71
2
24
13
37
21
1
22
11
15
5
20
14
2
36
25
1
8
2
32
17
60
14
37
6
26
35
17
23
2
38
3
16
2
1
29
14
12
14
13
4
28
3
9
61
26
6
7
41
31
43
41
14
49
1
30
29
25
20
2
15
9
7
7
2
17
20
8
17
2
3
13
0
13
5
3
1
34
26
23
33
17
8
39
12
16
27
38
49
17
10
4
11
6
11
36
3
10
49
35
3
20
26
13
41
15
46
13
3
26
34
23
3
25
10
0
7
17
12
54
29
19
12
26
3
41
20
19
34
9
18
14
43
21
22
21
7
2
14
8
8
12
0
10
13
4
27
14
15
5
29
13
33
20
21
37
2
31
43
23
9
11
18
1
14
20
24
31
24
23
9
12
32
11
14
25
1
12
9
9
14
13
11
0
10
30
16
9
11
26
4
15
25
28
12
15
18
8
13
13
6
20
13
32
18
19
7
18
21
10
21
3
8
25
33
36
13
15
23
2
24
12
7
5
41
2
10
36
0
22
0
28
34
38
1
29
39
7
12
6
12
6
1
8
18
70
9
2
14
26
13
41
5
0
36
7
17
19
16
1
29
21
7
9
20
16
34
31
2
28
24
12
6
25
33
22
20
4
23
14
16
13
15
4
7
10
13
26
14
9
1
10
4
10
32
20
16
18
22
6
22
29
20
7
12
25
20
21
48
15
25
5
18
6
6
13
2
27
20
16
3
17
0
10
16
31
11
16
18
18
21
17
3
32
9
1
15
16
4
3
1
14
11
7
12
12
1
21
18
39
30
7
4
4
33
19
25
34
35
18
7
2
17
7
5
3
6
6
7
17
16
2
8
9
14
15
2
12
7
12
6
26
28
15
16
7
11
4
1
13
22
34
7
7
15
15
17
20
22
17
3
7
1
7
4
14
3
1
13
25
23
6
6
6
23
9
18
2
22
15
6
12
23
12
21
4
6
2
24
22
13
9
5
23
4
14
13
11
8
3
25
1
7
2
5
13
4
11
20
18
9
8
5
7
23
22
12
0
10
6
8
2
7
38
3
1
3
15
8
15
8
9
9
35
4
9
7
13
4
3
8
10
14
8
11
6
7
2
6
11
11
3
8
3
20
4
4
7
1
3
14
12
1
14
12
4
3
1
2
11
23
4
1
11
19
0
5
8
6
8
1
3
17
18
5
11
4
1
2
21
17
2
5
4
11
12
16
5
16
7
6
10
0
8
0
5
3
6
0
2
12
6
9
3
2
0
3
5
1
8
15
5
4
2
3
11
2
7
4
6
0
7
3
0
3
6
4
1
7
7
1
7
0
1
6
1
1
12
5
2
1
0
1
5
2
2
0
3
3
2
3
3
2
1
1
1
2
1
1
