5
7
4
1
11
4
32
7
27
27
19
2
7
6
6
7
2
6
5
3
8
9
18
2
14
42
23
16
26
8
12
13
13
24
19
19
36
11
10
9
13
15
3
20
8
13
15
11
26
7
19
27
6
16
13
8
23
6
41
7
5
21
42
20
0
5
33
9
5
15
27
32
6
2
17
12
1
13
13
30
11
1
16
11
34
8
9
5
18
22
31
23
3
7
32
7
18
10
13
30
13
2
27
23
23
7
72
11
0
21
19
19
26
6
23
38
10
15
32
1
39
16
12
35
8
16
28
4
0
31
12
7
20
1
14
12
11
47
17
4
21
40
25
36
13
23
4
30
7
2
5
12
19
17
18
11
13
1
43
19
20
19
3
36
1
9
1
26
0
3
15
22
26
9
1
0
29
14
18
17
9
14
2
17
15
3
3
11
13
12
0
12
9
40
8
8
12
3
26
7
7
18
13
6
9
17
8
9
30
9
5
15
1
11
25
34
4
0
12
32
32
3
2
6
25
16
22
20
20
2
7
5
2
23
12
6
6
17
6
18
8
25
15
8
32
8
15
18
8
24
2
1
33
13
9
27
13
30
13
12
12
7
3
8
15
10
3
6
9
9
12
13
16
20
12
6
6
43
7
21
0
28
7
19
17
8
3
9
28
5
7
21
7
9
7
9
4
1
8
6
9
5
12
14
16
4
11
1
26
35
1
7
5
21
8
3
5
11
15
31
4
2
7
13
21
6
12
4
2
9
5
15
8
4
21
0
14
10
1
10
15
17
9
8
2
13
22
3
14
16
6
15
12
1
24
14
4
16
5
16
23
6
5
4
16
12
5
4
21
6
10
9
5
17
8
3
0
6
1
7
2
13
3
5
14
2
5
3
14
19
17
8
1
11
2
8
1
16
2
3
2
12
14
10
7
4
1
5
13
9
19
2
15
9
3
20
3
3
8
1
2
15
10
8
19
5
7
12
3
14
5
5
10
4
13
7
12
7
15
1
9
15
8
5
10
14
7
5
12
11
0
0
7
2
1
14
4
5
0
7
4
15
1
14
4
0
4
10
6
7
6
2
1
10
1
3
9
1
11
4
6
3
2
4
2
2
5
4
1
8
0
3
2
3
2
0
3
8
5
1
3
0
6
5
5
3
2
1
1
0
