4
23
7
8
28
3
44
30
33
5
20
10
7
9
4
9
4
17
11
19
0
30
14
20
10
10
7
9
9
2
13
8
3
12
10
13
8
24
15
14
24
12
14
4
43
16
9
1
38
9
38
29
7
4
8
19
20
31
11
12
22
4
22
36
33
10
17
13
26
9
3
8
4
7
21
6
5
4
15
55
28
24
7
13
20
15
4
10
10
46
20
19
10
8
4
17
3
21
4
23
4
5
18
4
25
40
11
18
4
20
11
16
20
17
27
18
25
61
15
4
7
39
14
14
5
24
5
3
12
18
8
14
15
5
29
3
4
15
15
23
26
8
22
2
7
10
15
24
11
6
0
2
10
17
28
25
30
11
14
37
7
3
7
11
8
28
7
2
20
15
13
5
16
34
3
4
16
16
10
5
5
9
30
8
11
18
5
30
1
36
7
19
13
28
12
14
15
4
1
29
13
43
5
17
28
14
2
43
29
4
12
21
4
16
9
15
22
9
3
15
2
25
20
8
27
5
1
7
38
24
17
13
12
6
12
4
17
1
24
26
8
17
3
8
27
33
13
36
16
9
10
1
3
32
3
17
15
29
30
16
21
2
21
1
9
4
1
13
1
19
12
31
30
5
18
19
13
0
20
5
14
20
7
13
25
6
14
9
10
16
7
15
1
13
18
9
6
23
11
6
19
9
10
5
17
6
3
1
13
9
19
11
1
6
25
10
1
30
8
14
37
5
8
1
4
13
15
0
12
14
15
4
0
4
6
14
22
1
14
26
9
25
13
20
22
8
1
13
2
3
8
6
12
2
24
19
0
13
14
5
9
13
17
10
5
5
3
1
10
23
5
6
2
9
11
9
14
4
1
18
16
10
6
8
8
1
6
16
12
18
23
2
9
6
18
13
2
0
12
15
2
8
21
4
1
6
5
1
14
11
9
5
1
2
10
10
21
27
5
1
11
6
13
9
3
10
12
6
1
5
0
14
5
10
12
7
8
14
6
5
4
1
6
3
18
2
10
6
7
9
9
12
7
4
2
1
8
4
3
6
2
1
1
12
14
1
2
3
8
5
3
14
6
1
3
5
7
4
3
10
6
4
3
8
10
3
2
2
1
4
4
5
6
3
6
2
4
2
5
1
1
0
4
4
2
2
4
3
0
4
1
3
0
4
1
0
0
1
1
0
