1
24
6
1
37
10
14
6
20
20
8
8
1
11
14
2
2
5
12
8
3
14
22
24
5
26
10
26
5
15
20
15
25
4
8
22
4
21
0
13
15
10
33
38
25
22
8
1
15
9
11
58
0
10
20
23
29
35
13
21
30
22
8
13
43
1
16
22
11
7
10
20
40
0
15
1
11
9
10
23
21
32
5
17
9
55
14
1
36
18
23
14
2
7
13
20
1
26
15
15
18
26
0
5
33
16
10
8
17
6
12
5
8
9
22
1
6
9
31
8
16
16
29
23
27
29
14
21
9
23
28
13
40
5
17
27
39
2
9
7
2
10
0
1
7
44
17
12
18
6
5
14
17
10
12
19
24
17
17
1
25
27
9
30
21
17
5
17
13
18
12
15
11
15
13
3
12
42
28
22
7
2
12
26
15
18
8
14
20
33
25
14
18
29
23
19
12
12
16
5
16
8
11
12
4
15
11
21
8
37
34
4
18
21
24
12
29
20
5
19
7
16
14
2
26
0
2
8
2
18
18
11
20
15
1
4
17
17
36
7
8
7
9
30
13
49
12
6
19
0
10
12
9
33
43
22
10
0
43
2
28
24
9
27
0
10
11
11
6
3
4
12
8
5
15
16
6
31
8
11
20
22
24
4
19
4
10
10
27
17
4
32
3
24
7
10
9
30
6
6
50
13
6
5
20
3
25
4
7
15
8
2
7
17
12
23
3
18
18
6
19
9
18
19
2
9
11
7
21
12
14
5
11
17
24
11
1
9
9
6
6
9
15
2
23
22
39
30
0
11
1
2
26
16
7
0
1
3
6
8
11
28
1
18
1
8
7
5
6
13
15
13
20
4
1
9
8
15
24
1
10
18
1
16
6
6
2
4
12
13
3
18
4
1
18
8
3
11
0
3
4
19
5
19
22
3
9
12
2
8
1
3
7
19
3
1
3
22
2
6
22
11
11
3
8
12
1
9
5
11
21
3
8
5
5
4
21
1
16
11
7
6
6
4
16
15
5
3
5
28
1
6
7
1
4
2
10
3
9
6
2
6
6
2
0
1
3
9
3
3
2
7
1
2
5
5
7
7
17
4
1
6
5
1
2
0
3
13
2
1
6
3
3
1
6
4
3
15
10
2
4
2
4
2
5
5
3
5
3
10
4
6
6
7
1
2
9
5
2
2
0
3
1
0
2
0
2
1
1
0
