1
10
27
11
17
4
17
19
33
11
8
1
50
0
24
8
11
1
15
2
14
37
6
17
9
17
35
5
4
1
18
34
32
29
9
27
57
10
15
8
3
9
25
1
9
12
11
9
21
48
10
3
27
2
16
37
22
38
17
25
8
22
26
9
18
12
23
1
8
10
25
16
37
27
24
2
14
17
32
11
1
19
6
20
52
7
18
2
19
17
18
8
1
10
30
46
12
23
23
23
1
2
14
16
33
34
20
26
6
4
30
35
0
9
24
28
42
0
7
4
5
25
10
28
10
23
0
3
30
16
1
19
4
7
4
2
1
35
4
25
13
23
9
23
29
38
36
1
5
11
14
10
4
30
0
2
4
22
12
12
21
6
26
29
7
13
2
4
11
20
4
27
13
10
12
30
26
16
47
12
25
19
19
18
0
10
10
25
2
16
20
14
21
24
5
1
2
22
11
0
6
16
41
23
17
1
9
26
28
12
20
11
14
19
0
4
32
9
13
19
13
21
1
12
12
8
48
17
0
26
9
2
12
9
16
12
30
10
17
23
11
12
18
9
19
12
43
2
8
14
2
11
13
22
8
18
9
8
11
3
10
27
8
9
0
5
1
4
10
4
2
7
39
32
13
32
22
8
4
16
1
13
19
3
23
26
10
6
1
6
6
7
12
1
19
13
10
5
2
11
21
2
9
17
24
1
40
17
18
6
8
14
1
2
30
3
4
26
41
13
6
4
8
18
7
30
1
11
6
4
3
12
3
10
20
13
17
25
29
2
16
1
6
16
6
5
19
12
4
8
11
23
8
18
10
12
2
12
7
8
9
7
16
16
25
10
11
1
5
14
14
31
36
3
17
7
35
3
2
18
17
32
7
4
3
0
15
0
6
11
12
2
20
3
6
11
2
11
12
10
5
11
7
11
13
14
3
14
11
5
12
5
16
14
0
4
6
15
5
17
9
14
13
3
11
5
8
12
3
5
22
9
11
4
14
8
5
10
4
12
12
2
3
17
11
10
2
3
4
11
1
10
4
23
1
7
10
3
7
2
2
3
1
13
18
23
9
8
4
11
8
4
3
3
11
8
5
3
10
0
2
4
15
10
11
2
0
6
1
3
6
3
6
2
3
4
6
0
2
2
6
5
3
12
4
2
4
0
4
1
4
2
1
11
8
1
1
5
6
2
2
2
3
14
4
2
6
1
2
2
5
1
3
3
0
2
2
2
1
0
