4
17
1
10
7
4
0
15
6
1
11
4
12
53
9
13
2
57
8
26
47
8
16
13
7
8
10
3
13
6
4
9
20
13
15
9
16
34
20
9
15
13
2
6
43
5
29
16
1
7
15
3
25
2
1
23
4
5
23
17
17
19
1
6
36
24
27
19
11
23
1
5
0
24
10
9
5
36
27
40
10
18
45
6
14
9
32
21
18
16
11
23
39
15
21
1
27
19
23
2
9
4
14
0
22
2
47
12
25
17
12
11
8
2
25
24
31
8
12
2
9
9
28
21
12
51
16
11
45
8
11
34
4
16
0
5
12
26
1
35
5
9
4
5
7
7
2
11
18
46
21
3
22
6
19
5
14
43
15
6
1
10
7
4
33
14
10
26
32
1
2
11
46
38
18
11
11
20
0
11
5
24
25
3
20
25
17
2
5
33
5
17
30
16
2
30
6
14
1
3
1
10
16
9
2
7
18
6
31
25
63
8
53
19
7
12
35
29
15
1
5
11
13
4
1
6
13
13
6
18
30
5
27
17
2
11
20
3
23
9
2
11
14
8
26
9
5
3
31
28
2
4
21
10
16
2
7
11
21
2
17
35
21
6
2
7
34
12
31
27
25
43
8
14
2
46
9
3
1
19
2
10
22
8
7
1
24
18
25
11
18
3
7
4
15
6
6
17
22
9
3
10
10
15
18
15
21
24
9
14
17
5
17
19
16
23
35
68
7
5
17
1
30
29
3
9
28
12
4
16
11
10
22
0
8
0
0
30
15
4
17
2
5
6
6
8
4
5
8
21
9
13
18
2
10
7
18
6
12
13
13
5
14
13
1
10
11
6
1
17
14
3
13
15
4
6
20
0
1
6
2
1
22
3
13
4
15
18
6
2
3
7
2
1
10
14
13
14
1
8
10
25
20
6
3
17
5
7
22
7
10
14
9
18
14
3
8
10
2
16
8
13
7
10
7
16
6
9
3
0
24
6
19
7
12
16
32
9
15
15
5
3
5
13
17
0
4
13
5
1
1
2
8
14
2
2
16
7
0
5
11
6
1
6
11
1
4
15
9
2
5
12
5
14
5
9
5
1
5
11
15
4
4
9
7
1
4
17
0
5
1
11
13
7
1
6
10
13
11
4
8
5
16
4
4
9
3
9
11
10
8
3
3
1
1
11
12
0
2
3
1
1
1
9
0
14
1
1
6
1
3
4
1
4
11
2
0
5
5
1
1
2
2
0
1
1
1
1
1
1
