24
5
0
2
5
36
28
7
5
1
1
7
14
32
6
7
15
14
25
2
2
2
18
9
5
2
2
26
4
4
24
14
17
22
6
2
28
25
1
26
5
22
27
18
4
14
8
31
40
33
7
10
16
23
26
12
40
7
51
27
12
5
18
12
8
20
19
21
5
9
3
19
1
6
38
1
39
14
38
26
2
4
40
18
16
9
21
42
30
20
34
16
27
0
10
32
13
2
10
18
5
8
12
5
0
26
24
10
34
2
13
19
50
7
11
7
3
20
8
7
13
31
19
9
4
55
31
53
39
25
12
44
12
8
5
8
12
16
36
5
30
1
2
6
39
16
10
26
1
14
8
13
7
1
17
20
6
45
1
33
13
8
2
18
7
17
57
14
1
33
19
37
22
18
2
15
30
12
33
0
18
6
19
5
4
12
14
8
2
1
5
25
41
2
15
18
7
18
6
9
32
44
26
29
20
5
18
3
40
7
9
19
7
36
11
9
6
12
19
14
20
18
30
3
18
27
3
34
32
8
23
1
5
7
17
26
22
9
28
2
25
7
1
7
27
7
34
11
30
7
28
20
5
26
20
8
1
44
5
22
22
9
11
21
20
16
17
4
7
17
35
21
4
19
17
12
14
31
6
21
3
18
15
2
22
3
23
25
29
29
21
4
12
4
4
10
4
21
4
6
24
4
38
38
22
23
12
6
39
11
9
8
8
6
3
5
2
8
13
30
20
25
1
12
2
0
5
11
1
15
15
12
2
23
1
3
7
6
12
5
2
6
6
7
24
11
5
10
18
4
11
10
3
5
15
9
8
13
5
23
0
25
14
11
4
2
9
13
9
6
38
8
7
25
0
4
34
12
5
15
21
9
9
21
7
9
13
9
7
4
3
11
4
4
4
11
13
3
11
15
19
7
4
11
0
24
1
36
8
6
1
4
22
11
10
7
28
2
11
7
9
1
1
3
3
5
13
6
7
11
2
3
1
12
9
18
3
3
1
10
1
10
17
1
4
9
11
18
5
11
14
12
19
3
8
2
12
1
11
1
0
7
17
4
9
4
14
6
10
7
2
3
8
11
5
5
1
16
2
4
14
14
9
7
1
3
7
10
4
1
3
10
8
1
15
9
6
3
9
14
14
5
9
5
3
1
3
3
10
11
6
10
7
2
5
9
17
1
6
6
3
4
5
16
8
12
4
1
1
3
3
3
15
2
1
3
6
1
1
5
0
5
1
6
2
3
1
4
3
1
4
0
6
1
1
0
0
0
0
0
