10
26
21
5
2
5
13
30
14
9
6
8
0
3
7
13
11
38
17
10
9
35
3
1
11
15
4
21
23
9
2
16
40
6
1
18
35
22
6
56
38
20
32
1
16
11
15
33
22
14
19
9
32
7
4
12
6
20
22
0
1
28
33
18
16
8
4
14
33
13
4
17
13
32
50
8
23
1
47
11
30
5
17
4
27
44
16
24
9
1
26
7
43
14
0
22
45
10
23
9
4
49
0
20
5
14
2
6
16
17
1
25
19
17
16
32
17
41
4
10
2
26
29
17
8
13
22
4
25
17
16
11
12
42
6
35
3
20
5
13
6
20
14
12
36
21
8
20
26
34
1
19
10
8
1
26
26
26
8
32
25
29
15
20
19
1
6
11
3
7
2
37
24
10
51
46
39
18
18
23
28
10
5
19
6
1
13
7
6
24
11
16
28
8
12
19
35
28
5
8
1
6
13
19
0
6
16
7
20
12
16
19
7
4
5
0
9
14
18
8
10
20
27
0
26
1
9
2
44
19
34
11
18
4
18
15
9
8
3
43
22
7
10
10
32
35
28
1
8
2
10
12
12
1
26
16
12
14
15
16
3
45
19
2
13
8
13
24
0
31
0
12
13
8
0
5
11
19
12
3
25
4
4
5
10
18
17
5
7
5
17
1
6
12
7
12
17
4
10
1
27
12
8
14
5
1
40
8
9
6
4
22
16
1
22
8
6
21
24
8
2
13
20
18
8
28
1
8
2
9
6
6
13
1
13
6
44
28
5
7
23
3
7
9
5
24
2
4
22
11
36
18
21
11
19
21
21
0
18
1
10
9
12
10
13
1
5
13
12
0
15
13
13
1
1
13
14
7
33
12
12
13
7
22
22
2
26
30
6
4
5
5
23
7
4
2
17
3
1
8
1
0
21
25
13
2
10
7
8
26
8
14
4
4
8
5
11
13
5
1
16
11
3
17
3
17
2
7
11
6
7
0
6
7
0
18
0
3
5
8
13
13
1
13
1
4
3
8
14
20
2
5
24
29
10
7
6
34
7
6
2
4
4
3
18
1
2
6
2
0
7
4
2
14
4
0
4
18
6
18
8
1
9
0
5
8
8
11
2
14
12
20
11
7
5
3
0
12
12
13
1
16
9
2
3
3
19
10
7
0
8
9
6
15
2
11
5
2
13
4
10
3
12
2
10
3
5
14
11
6
4
5
1
5
7
2
13
11
9
3
8
7
13
6
1
4
5
7
2
2
5
1
8
3
4
5
2
0
3
5
7
2
1
1
2
1
1
2
1
1
