4
18
27
15
12
27
18
4
13
41
5
10
11
4
8
13
33
3
4
19
8
9
7
8
9
14
14
7
20
42
14
17
24
7
4
10
19
9
14
4
4
14
32
16
37
6
20
34
3
37
8
37
12
1
2
18
13
10
5
18
15
3
14
10
18
19
9
22
28
7
20
8
21
8
6
30
38
0
43
19
14
38
12
0
23
18
7
26
33
11
18
6
24
19
5
6
24
16
13
15
0
15
3
36
0
10
31
16
13
1
1
33
10
4
10
28
23
4
0
13
20
21
16
24
4
33
5
0
24
22
4
7
20
16
11
6
10
14
18
6
15
43
11
28
13
32
17
25
31
40
13
4
17
17
3
11
11
60
4
32
14
7
19
5
34
1
16
19
7
20
11
23
26
12
9
19
2
25
30
4
11
8
14
9
14
9
26
9
27
7
10
31
2
5
22
25
9
13
5
19
7
0
22
8
8
26
22
2
49
10
3
36
6
18
9
18
18
3
21
0
41
40
38
28
14
1
33
2
24
2
5
23
9
3
27
6
27
37
8
35
3
37
9
27
0
0
16
26
22
6
8
1
21
6
14
11
3
22
22
25
14
4
14
23
9
20
8
24
8
5
28
39
9
4
26
21
6
27
29
11
3
5
1
6
28
14
11
19
14
4
8
19
15
10
7
10
0
30
3
25
12
7
11
3
7
11
3
10
11
2
16
27
24
18
22
1
1
5
22
3
1
18
29
10
6
2
17
5
1
12
17
16
12
23
4
1
1
20
28
19
41
23
6
5
15
14
3
19
2
11
16
3
17
8
4
5
10
11
35
14
35
19
13
11
13
5
7
17
10
16
25
4
17
11
26
12
4
10
21
24
26
5
1
15
15
20
3
5
16
12
5
9
3
14
19
24
5
23
8
6
17
9
5
5
10
13
18
21
12
17
3
11
0
6
11
10
14
8
3
4
8
17
15
6
3
5
5
3
12
1
9
27
2
9
20
0
25
13
11
6
4
6
9
3
13
13
7
6
4
6
7
3
7
1
6
14
10
16
7
1
4
25
3
1
21
19
10
14
5
11
20
6
5
12
13
4
2
5
11
11
9
3
5
13
8
2
11
17
4
6
11
3
6
11
6
12
9
4
22
1
18
3
8
1
1
11
9
7
2
10
19
0
3
4
2
12
0
9
22
1
10
11
3
10
2
1
5
4
0
0
6
8
7
2
12
1
19
0
5
0
2
2
1
5
0
0
10
4
1
9
4
1
5
1
2
0
14
0
5
7
0
0
0
0
3
0
3
8
4
1
2
0
4
1
0
0
3
2
0
2
