14
1
6
4
3
8
1
23
4
18
10
31
2
7
11
4
22
28
8
31
8
0
7
0
32
9
2
9
11
19
40
15
28
20
1
22
7
12
13
2
7
0
20
12
21
5
29
13
26
40
22
16
8
42
11
12
17
37
26
0
53
12
30
14
12
29
8
4
21
5
35
41
0
18
8
25
7
23
37
0
6
5
5
26
16
7
2
11
27
12
0
8
14
3
16
19
18
33
13
44
20
23
21
3
2
11
24
24
35
11
3
10
24
5
27
4
29
10
1
3
12
50
12
14
21
19
31
23
3
36
9
30
19
11
11
19
44
16
9
9
16
8
45
3
3
5
6
16
27
8
24
9
3
15
4
9
21
29
15
27
3
6
3
7
9
1
55
7
6
27
18
8
40
22
43
26
2
6
13
41
2
51
47
5
10
11
2
15
12
8
26
1
8
16
1
26
13
12
30
40
18
1
15
7
15
9
24
2
35
11
13
15
22
7
3
29
7
14
1
20
48
15
7
2
4
21
16
0
15
6
22
22
11
9
15
5
5
7
1
15
18
14
35
5
11
1
20
10
12
15
23
13
7
18
11
14
4
7
24
2
9
3
15
12
3
29
3
24
34
37
3
18
16
22
0
1
14
6
3
30
1
5
15
5
6
8
24
3
29
25
5
4
13
9
5
22
26
12
2
19
4
33
25
2
22
3
14
18
4
4
38
13
7
18
11
21
14
12
9
1
25
17
7
7
6
7
5
10
24
3
19
22
14
11
10
10
29
4
25
16
13
13
10
15
6
6
23
4
10
19
1
11
10
6
10
20
12
28
10
18
26
1
19
7
1
12
15
12
12
13
11
5
6
27
17
1
17
16
13
13
13
21
8
11
11
1
3
19
7
18
8
20
12
11
19
23
8
0
11
20
3
12
5
13
11
23
4
17
17
17
2
6
3
17
28
13
3
6
17
2
1
7
13
4
25
13
3
4
7
15
4
14
12
19
0
23
4
7
16
25
7
5
5
6
26
5
5
4
9
3
6
0
5
7
6
15
3
9
21
4
5
3
0
5
6
12
12
8
4
5
5
15
1
8
7
6
22
6
2
18
3
6
0
4
9
7
9
4
4
4
1
3
12
3
14
16
10
2
8
10
3
6
0
3
1
7
14
3
10
15
4
10
2
8
1
3
15
10
2
4
4
4
5
6
1
7
15
8
6
2
7
2
4
2
3
1
2
11
6
13
2
3
1
8
14
6
4
1
1
3
5
11
13
3
1
3
3
2
9
4
6
3
5
6
4
4
6
5
5
7
9
5
2
1
4
0
5
0
5
1
4
1
1
1
5
1
3
1
1
4
