10
2
9
20
14
2
2
3
14
3
1
10
12
21
13
2
19
10
12
19
15
19
10
41
10
5
15
6
10
13
35
13
28
3
18
16
10
6
23
16
40
6
27
20
18
11
21
19
11
4
9
28
7
4
30
7
12
28
6
34
44
25
19
32
24
10
12
27
11
41
26
0
5
60
16
29
6
8
11
5
8
0
12
14
26
29
36
20
21
3
23
52
9
20
3
17
21
40
1
11
5
27
0
3
53
18
16
6
32
7
8
4
7
22
3
37
28
17
2
26
14
17
5
24
51
38
24
33
20
31
44
5
1
8
5
8
10
13
2
6
2
38
12
39
18
13
12
43
0
13
18
39
20
9
25
30
35
10
29
19
28
6
3
4
20
11
11
14
2
15
7
7
19
2
1
24
27
3
9
30
0
17
15
46
1
1
22
10
18
43
10
0
2
19
20
50
1
41
11
10
17
40
45
33
18
6
11
32
17
35
5
7
16
13
24
26
35
19
17
27
27
14
35
3
0
6
4
28
15
1
9
30
8
10
32
7
20
19
37
12
7
12
5
33
29
22
15
1
7
14
26
14
4
8
8
17
2
21
22
35
6
0
4
8
3
18
7
12
25
20
19
21
1
13
4
11
6
10
9
45
11
13
30
9
18
15
25
10
7
5
11
3
42
31
43
9
15
12
2
4
12
37
2
6
2
12
12
8
34
11
27
10
2
10
21
25
9
5
10
21
7
2
9
7
15
10
3
22
30
11
6
1
7
19
0
14
10
4
10
8
16
27
38
9
5
4
16
1
7
10
4
7
1
3
7
2
13
12
11
8
35
27
39
1
14
9
7
3
8
5
0
5
6
2
3
29
13
7
1
2
8
18
11
16
11
9
0
22
18
10
8
9
4
30
7
3
26
12
15
9
10
10
1
1
3
36
6
17
23
8
17
3
3
13
4
3
16
20
5
14
27
16
6
2
15
5
10
16
24
15
13
31
16
2
9
3
13
7
19
3
10
19
9
2
4
2
6
6
19
14
8
4
2
2
2
19
22
12
14
6
6
15
8
10
5
9
11
10
14
6
2
10
0
2
5
11
13
8
7
12
4
2
3
5
2
5
8
9
7
1
3
7
14
1
5
13
15
6
7
2
16
0
15
11
17
9
2
11
6
14
7
11
5
13
1
11
9
1
9
0
8
11
2
0
9
5
21
14
12
1
2
7
0
1
5
10
9
2
2
2
2
6
11
10
1
16
5
1
10
10
7
1
1
4
9
3
0
3
4
15
12
9
9
2
2
2
2
1
13
4
1
4
13
1
2
3
3
9
1
2
0
2
4
1
3
7
3
2
4
1
0
1
1
2
2
2
2
0
0
0
