1
26
2
0
2
10
30
41
32
1
8
53
11
18
2
5
12
8
2
11
17
22
8
10
0
6
15
10
16
7
9
5
28
33
38
31
27
2
3
14
5
38
29
4
10
14
41
30
41
3
4
44
19
17
13
2
14
2
47
30
9
13
0
14
6
24
46
35
16
8
8
19
9
35
56
2
22
12
8
27
11
31
21
2
30
2
19
38
6
33
10
24
7
25
11
12
8
22
3
32
7
9
26
23
13
5
44
12
72
19
22
14
8
46
20
6
20
6
12
32
29
8
18
0
30
44
35
10
6
13
28
13
20
46
6
3
28
7
20
5
8
5
14
4
20
0
10
10
21
28
24
16
1
1
32
12
29
15
39
18
27
23
9
14
35
23
24
5
45
4
16
28
12
9
11
0
6
13
23
10
20
5
35
25
7
11
20
13
10
30
3
10
3
1
33
44
31
7
29
38
32
9
1
2
0
13
5
9
14
7
27
7
5
46
27
17
4
14
40
14
11
1
1
12
17
17
1
20
19
23
0
12
21
17
10
10
7
9
0
13
4
14
15
20
4
29
13
26
20
1
20
1
16
38
2
30
20
7
49
12
10
10
5
14
30
11
15
39
54
21
14
17
8
10
13
0
11
5
13
19
9
4
10
2
18
24
14
8
35
8
11
7
23
32
32
7
9
24
13
5
15
2
16
10
11
27
37
12
42
10
0
28
39
17
22
13
17
1
3
19
21
13
6
25
2
8
1
10
24
30
16
4
3
11
15
3
11
13
7
5
11
1
26
31
22
7
9
27
17
16
1
2
5
11
8
3
20
15
35
34
7
13
7
2
34
13
15
33
3
6
7
5
11
3
2
9
16
21
7
10
12
8
14
20
6
6
1
33
14
11
2
14
2
16
12
4
16
2
10
11
1
15
7
4
30
43
9
21
26
5
12
10
32
2
0
11
28
3
21
4
7
19
16
8
12
12
7
11
5
12
7
17
7
3
1
8
27
8
30
21
9
9
12
19
22
3
5
16
2
17
7
7
5
8
23
0
8
20
8
0
4
9
17
10
9
13
4
4
1
15
9
6
3
4
0
7
9
4
6
19
12
5
31
1
8
5
1
3
3
9
2
6
20
23
12
6
8
11
15
6
18
2
3
9
5
4
4
19
13
9
14
11
2
8
0
10
3
4
1
1
13
5
3
9
4
5
11
6
17
5
1
4
17
3
3
0
12
5
6
6
1
5
4
20
10
5
1
8
10
6
2
3
2
8
10
0
7
6
9
12
7
2
5
3
8
2
3
2
13
7
2
11
2
3
4
7
8
2
2
4
7
4
5
1
1
2
8
5
6
0
3
5
4
5
5
5
1
6
2
1
1
1
5
1
1
0
0
1
1
2
