3
13
6
59
12
1
14
7
32
3
13
1
19
4
16
0
48
28
3
3
15
40
34
23
7
17
0
2
0
8
18
20
25
26
7
8
17
24
3
15
33
3
3
42
5
20
7
31
14
16
48
1
27
35
15
41
1
14
14
1
20
16
19
16
36
29
16
25
7
15
34
5
0
1
5
4
3
45
30
11
43
27
13
29
4
3
3
11
22
5
4
33
25
30
30
10
32
18
9
22
49
31
9
16
26
2
26
38
33
22
20
9
25
13
38
1
17
11
7
14
11
30
18
10
21
5
28
26
11
30
14
29
1
2
48
42
1
50
13
7
24
24
20
7
47
2
7
20
14
8
2
5
3
17
36
8
14
17
6
21
38
22
5
5
33
15
37
17
6
9
9
2
34
19
5
29
43
21
14
7
15
20
53
7
19
4
5
32
3
27
9
9
17
13
47
7
17
42
16
13
33
16
3
34
10
24
38
1
42
13
11
12
2
12
3
25
22
46
0
10
2
24
32
3
0
12
4
34
16
26
34
11
38
56
2
33
5
10
9
4
13
3
14
12
29
38
3
1
2
9
10
17
20
36
12
4
31
0
30
9
7
1
9
12
15
7
20
6
16
16
11
4
10
8
3
12
6
16
17
33
17
41
25
11
29
7
10
4
17
23
10
13
12
10
9
11
27
2
22
9
26
14
24
18
2
9
5
6
19
4
18
1
4
17
5
10
28
19
6
12
20
4
27
6
28
6
12
1
44
5
2
2
16
20
14
12
7
30
13
21
26
13
35
21
2
6
13
3
7
7
16
24
4
18
8
10
7
20
8
30
24
4
26
11
4
20
22
3
5
5
1
11
23
25
13
3
11
22
3
7
9
11
17
3
9
8
21
28
5
42
12
33
16
3
3
16
11
3
3
7
11
2
18
11
2
5
12
10
0
9
11
21
3
1
32
1
1
12
14
31
24
3
21
4
6
10
7
11
16
8
9
11
13
10
6
9
23
4
37
11
4
7
17
12
5
23
5
10
1
12
1
20
6
21
29
7
27
3
7
8
8
14
16
22
10
6
4
15
12
13
3
29
3
4
10
21
15
11
15
9
8
28
7
10
26
1
4
11
5
10
18
3
3
9
13
9
1
10
1
8
2
3
4
13
3
8
14
4
7
13
2
5
2
6
6
2
6
8
13
4
1
10
5
7
1
4
2
7
6
11
5
9
6
11
5
15
4
6
18
8
2
5
6
6
2
8
13
4
20
4
13
6
4
1
13
8
4
1
1
12
6
6
0
12
5
0
2
0
2
2
9
1
8
17
1
1
6
3
0
2
8
4
1
2
5
6
2
7
2
4
6
3
2
4
5
4
7
10
6
4
8
8
1
5
4
1
1
2
2
5
8
2
4
1
1
4
0
0
0
0
