3
26
9
13
5
0
4
21
8
33
3
5
2
9
26
24
1
37
14
24
13
8
28
28
17
2
12
7
17
28
32
18
5
38
10
23
23
11
8
25
4
19
21
35
13
23
10
28
23
17
32
22
3
21
16
43
26
26
17
0
24
29
30
4
32
4
32
20
12
43
7
11
8
20
12
6
18
17
13
3
22
46
67
27
38
32
55
24
36
27
21
37
20
6
15
6
25
3
17
19
5
32
1
4
13
20
11
3
8
16
22
13
3
35
0
21
59
10
14
6
29
5
7
26
15
26
6
28
31
20
22
3
15
10
4
2
4
20
26
5
39
20
18
1
4
26
7
14
3
5
27
45
33
3
34
7
27
5
3
36
10
15
13
5
15
3
31
0
37
4
20
13
42
7
10
18
2
5
5
7
17
10
12
31
4
25
6
37
10
15
21
8
8
25
48
10
0
19
30
6
9
18
22
6
23
31
11
24
4
2
18
15
21
31
13
5
3
5
10
13
15
32
3
2
37
23
15
3
6
18
47
14
10
5
28
6
23
23
16
24
15
8
15
16
21
24
12
41
45
4
9
2
15
21
2
12
5
24
12
5
3
15
4
7
20
22
16
19
5
16
9
31
27
6
4
16
37
12
6
5
36
8
10
15
4
8
18
12
18
2
19
9
9
26
17
30
24
2
15
39
42
6
6
5
8
4
6
5
18
5
32
23
10
27
11
16
1
6
0
13
1
24
32
5
16
22
27
33
36
11
6
22
9
23
2
13
3
18
11
34
1
11
10
21
2
10
17
2
14
1
4
14
15
10
7
30
2
1
10
7
9
46
5
4
32
25
4
9
12
9
4
22
6
2
7
12
21
6
4
6
12
12
10
1
11
4
0
19
30
23
12
16
48
30
35
8
4
2
21
2
9
3
14
1
10
17
5
3
5
17
8
11
4
4
1
36
11
11
3
1
26
27
5
10
17
4
7
16
9
12
6
8
1
3
10
1
13
23
6
3
5
21
3
17
11
4
21
9
10
56
18
4
2
14
14
4
3
0
1
7
5
15
2
14
6
6
7
17
5
17
9
3
6
3
13
7
1
21
9
28
1
2
10
8
5
7
8
1
5
2
6
1
28
2
22
15
22
7
5
2
5
2
2
18
2
21
13
4
7
5
6
4
6
16
4
7
6
9
0
7
1
8
8
11
7
16
6
8
1
12
21
6
9
2
6
3
3
1
1
3
0
2
2
4
10
21
11
1
11
1
7
6
4
8
5
0
12
1
7
7
10
3
6
4
4
2
3
22
6
3
17
2
5
6
3
6
10
2
6
1
2
7
6
9
3
3
1
6
2
7
9
8
8
16
9
0
2
8
3
5
9
9
5
11
3
5
1
5
6
2
0
6
6
6
10
1
3
9
0
1
5
1
2
2
1
2
3
1
0
0
