7
4
0
14
2
21
3
11
1
4
9
43
10
31
6
0
14
10
11
32
4
24
11
11
20
1
17
2
0
11
32
5
23
32
3
11
1
3
17
8
12
2
11
4
44
45
23
33
34
16
0
19
3
16
11
18
36
1
31
0
25
33
24
2
23
55
4
3
11
8
14
5
0
1
4
17
16
1
11
23
11
39
7
15
21
2
3
11
2
6
11
31
15
12
23
15
32
24
20
28
3
29
11
4
46
1
20
27
60
6
6
30
3
18
3
5
0
24
22
18
20
13
11
18
5
22
19
47
11
14
44
33
0
26
1
11
13
19
2
1
46
3
41
21
7
12
4
13
23
37
12
10
35
7
25
8
20
49
10
44
32
16
48
65
15
2
28
9
20
16
18
12
29
26
9
40
4
23
25
14
25
23
56
5
9
10
15
7
35
19
21
12
10
12
2
31
6
6
11
22
8
12
15
17
35
9
33
12
42
3
12
36
0
12
18
10
2
7
24
12
32
29
25
1
13
35
26
13
28
6
1
14
25
11
41
17
23
53
15
28
24
27
48
8
4
14
8
4
13
33
14
10
6
4
11
16
22
17
4
10
11
36
17
19
31
35
7
7
41
9
22
1
9
18
16
24
6
11
11
12
4
5
11
12
0
29
9
29
12
6
8
11
10
25
34
8
17
34
17
5
12
41
3
5
14
9
7
0
17
22
25
40
0
9
42
20
15
8
15
25
14
8
18
26
13
12
9
5
2
28
0
23
5
12
19
25
13
14
9
6
21
11
24
12
3
18
3
17
24
10
30
26
30
15
4
10
22
21
10
28
1
7
0
17
18
5
3
6
2
2
12
1
24
8
0
28
3
35
36
3
1
13
8
12
1
32
11
29
13
3
11
24
18
10
12
28
6
8
5
31
24
3
10
1
15
21
7
7
15
31
2
14
5
12
20
11
22
4
9
12
1
3
11
13
35
34
38
8
23
5
7
9
8
5
14
3
4
4
11
5
14
4
13
26
1
2
0
20
5
7
17
3
2
17
28
18
7
2
0
2
4
6
23
8
22
14
7
7
12
1
7
19
10
8
11
1
10
12
3
26
19
29
9
7
12
3
15
7
5
5
3
13
0
9
11
15
1
12
21
2
1
12
10
24
4
1
10
22
11
5
8
4
14
13
6
1
12
4
8
3
4
18
8
0
16
10
18
16
6
12
3
28
0
8
10
14
16
9
10
3
3
23
1
1
1
8
11
7
10
17
9
4
13
2
3
24
7
1
13
4
1
6
3
13
6
5
2
6
8
2
2
17
3
4
2
13
0
3
1
1
2
8
5
9
1
4
0
4
7
5
6
6
11
8
4
3
9
15
3
3
0
6
4
7
0
6
8
3
1
16
5
0
3
3
6
2
8
5
1
1
1
8
0
3
1
0
1
5
2
0
6
0
1
5
0
0
0
0
0
0
