1
22
12
27
2
1
9
26
3
8
2
18
6
13
1
25
20
9
10
25
10
38
6
1
6
18
36
33
25
23
9
14
2
4
29
15
5
5
13
11
13
8
31
42
33
8
27
4
19
2
52
27
13
44
29
31
15
22
11
35
49
5
16
2
40
27
11
24
2
27
12
28
15
17
7
3
18
26
32
16
13
13
3
33
27
30
13
18
13
25
53
43
31
14
7
21
31
8
2
26
15
17
26
32
24
35
8
6
54
4
20
36
29
21
26
9
16
11
10
13
9
3
2
15
9
28
12
9
39
39
23
5
9
22
35
4
19
25
7
19
26
29
21
21
34
0
37
5
23
14
1
11
26
2
38
9
0
38
3
38
12
9
40
28
18
8
7
13
18
22
54
34
30
29
40
2
38
4
18
9
4
5
5
3
42
11
17
49
2
11
11
24
35
7
23
3
21
12
8
14
28
12
17
5
8
2
11
42
8
16
11
1
15
9
24
10
0
33
27
1
14
20
28
9
0
14
13
2
3
25
34
3
3
21
15
22
16
6
4
15
20
20
29
2
12
2
28
8
22
27
13
18
6
0
7
32
12
11
17
47
34
11
0
16
12
15
7
37
24
8
4
7
5
13
21
24
6
10
3
18
12
7
8
15
36
20
25
17
3
7
33
26
19
4
54
13
25
15
14
26
1
32
54
40
13
5
29
22
25
19
20
2
9
2
20
4
8
24
22
6
3
19
15
15
25
11
5
6
14
29
3
11
24
17
12
10
1
3
6
13
9
6
36
26
20
18
1
11
30
2
9
12
31
7
11
5
8
9
17
24
26
29
8
17
16
13
19
7
19
2
5
10
0
16
22
20
23
7
6
12
9
2
19
10
13
5
22
12
11
30
17
13
6
25
20
19
34
4
25
11
1
19
7
15
14
5
0
15
4
4
1
10
14
9
33
33
3
2
16
28
39
27
22
20
13
9
20
5
11
8
3
9
9
18
14
7
9
25
35
3
15
7
15
6
5
10
8
5
6
1
5
1
33
23
25
31
0
11
1
21
4
18
8
32
2
12
1
4
3
11
1
11
0
13
4
14
5
17
33
13
31
7
8
1
9
9
5
10
7
13
6
17
5
4
7
5
3
6
0
26
15
11
7
20
9
1
1
21
10
32
9
5
12
4
1
14
3
14
15
1
13
0
23
5
6
2
9
13
6
3
14
7
4
23
0
5
16
12
1
12
13
2
18
5
6
1
4
10
3
13
4
2
6
6
22
9
3
1
3
15
8
13
5
5
3
6
3
18
4
4
6
2
3
13
4
8
10
6
3
11
18
4
2
3
5
7
13
5
3
1
12
12
7
3
7
3
3
4
4
10
3
1
4
16
9
3
4
3
3
0
7
1
5
1
5
6
5
1
8
4
0
8
4
1
1
4
7
3
5
8
0
4
0
3
1
1
5
9
1
1
1
2
4
1
3
0
2
1
2
0
