0
6
10
3
1
3
14
6
4
36
8
17
17
52
46
10
8
15
9
2
2
23
5
8
13
22
5
14
18
48
4
42
0
19
18
10
6
14
25
17
4
17
12
16
37
6
8
14
29
6
15
1
13
14
21
0
1
34
3
9
33
7
3
38
27
1
32
3
10
10
21
31
17
3
33
12
9
3
7
26
10
5
34
0
12
39
14
27
20
44
6
39
0
31
25
13
16
26
11
5
25
15
10
14
10
31
18
4
45
1
11
37
22
8
11
17
3
12
6
15
24
23
27
8
3
14
20
19
15
12
20
31
10
36
35
33
37
10
7
19
22
35
14
9
4
7
20
2
14
18
25
14
17
48
3
11
2
14
23
24
4
19
44
22
21
19
20
14
25
20
4
23
25
3
9
21
6
22
39
1
17
2
4
26
30
18
22
5
2
11
14
32
32
41
19
30
28
38
3
1
12
9
62
15
11
4
10
39
3
37
26
9
23
8
16
24
13
38
10
58
11
12
1
46
25
18
20
11
14
13
43
11
40
6
10
8
1
25
5
9
9
6
32
14
16
23
16
19
37
38
11
23
2
2
13
36
7
45
17
28
41
7
22
10
3
7
34
38
42
4
19
6
11
17
5
5
18
30
1
34
15
1
10
3
6
12
32
5
12
16
8
22
7
9
13
24
28
45
12
40
4
7
18
15
2
34
3
4
1
13
1
53
34
12
17
0
1
12
10
6
20
3
1
29
18
3
7
7
4
7
19
7
39
0
22
2
6
10
22
18
19
6
2
10
3
21
5
8
34
1
19
17
9
4
13
9
4
23
5
3
10
35
19
33
6
25
28
22
17
2
4
12
34
26
9
5
15
5
6
3
1
5
18
21
24
4
8
20
34
4
2
2
17
5
21
23
19
16
11
17
29
22
5
0
12
10
4
17
25
22
0
3
25
6
17
9
6
6
3
1
33
20
5
11
3
5
22
2
19
24
35
5
14
17
20
33
8
5
4
4
4
26
12
22
5
14
9
14
3
5
15
3
10
12
10
21
18
12
16
18
20
10
8
7
32
8
17
4
13
9
10
9
8
0
8
9
13
2
8
9
1
9
24
11
9
33
2
2
9
31
12
23
3
13
4
6
13
3
23
8
20
15
22
6
17
2
14
35
9
5
0
3
11
2
12
12
6
6
13
2
10
2
4
4
12
3
13
2
1
4
2
8
10
21
4
2
10
4
4
4
17
1
2
8
27
0
17
13
1
6
2
3
6
3
1
15
11
0
6
12
8
30
3
12
9
11
11
20
12
10
10
7
10
6
0
6
8
11
27
3
14
13
1
11
5
2
25
11
1
3
13
5
1
11
3
3
6
12
7
0
3
1
13
9
3
1
5
3
6
9
2
16
11
1
5
4
0
10
5
6
0
3
4
1
6
4
2
10
0
3
3
2
7
2
2
4
5
6
4
5
3
1
8
3
1
7
6
4
1
0
5
2
2
5
1
1
1
1
1
1
