6
31
44
19
5
8
9
7
1
12
15
7
12
24
25
3
5
16
13
1
6
18
5
21
14
17
24
4
12
11
62
14
2
3
11
18
26
27
19
13
42
37
0
10
25
17
34
16
1
22
15
46
1
9
12
20
17
21
29
0
4
19
14
22
17
7
36
5
18
21
23
4
4
1
20
26
12
19
7
2
15
16
39
4
22
1
16
10
33
25
25
34
9
33
35
6
41
36
17
6
9
77
8
16
3
2
2
37
34
14
25
0
64
36
33
15
20
1
6
20
34
8
2
10
34
17
18
19
4
31
20
31
14
30
3
10
26
6
21
17
31
41
29
22
24
16
5
25
16
13
18
33
5
5
20
16
4
30
5
33
5
33
14
10
12
20
3
25
15
6
0
5
34
36
36
56
17
36
16
12
7
2
42
17
6
4
0
58
9
1
45
14
20
0
20
4
9
5
17
14
10
21
12
27
22
25
38
8
4
13
15
10
6
1
3
3
15
8
43
8
37
19
19
7
26
14
9
14
20
34
4
24
7
9
15
7
13
39
30
61
20
29
11
15
10
27
6
34
11
46
3
16
2
21
18
9
41
24
21
11
36
16
25
20
20
7
9
14
39
35
5
26
17
19
31
24
11
6
37
30
9
15
4
23
46
3
24
14
49
1
31
12
60
1
38
12
28
12
34
21
10
37
33
36
2
7
26
2
7
18
2
31
10
15
9
10
17
31
8
7
2
4
29
9
11
5
23
7
5
6
3
12
26
17
13
9
25
6
2
12
11
3
33
2
10
17
23
36
55
8
7
12
6
16
3
1
3
20
6
9
22
9
12
3
10
31
34
14
37
0
23
16
14
3
42
4
36
5
13
18
12
3
36
17
4
0
5
16
27
2
11
9
14
26
26
28
23
29
22
12
13
12
0
14
0
17
16
12
9
3
18
2
1
1
4
17
26
3
24
16
21
6
1
37
5
3
2
9
20
2
7
8
14
8
20
18
8
9
31
16
10
13
7
29
11
12
14
4
20
18
5
5
12
12
7
27
14
9
15
20
8
27
14
5
3
27
11
16
1
6
22
2
8
1
3
16
5
8
14
7
17
4
6
4
10
35
6
9
22
27
6
4
5
4
4
11
5
26
11
5
10
1
6
11
1
12
3
4
9
8
8
3
1
9
2
14
8
4
1
1
8
12
4
7
3
9
19
2
4
1
6
16
12
20
1
7
13
8
1
15
9
0
5
3
6
25
1
8
8
31
19
7
4
2
8
3
9
14
21
2
11
18
12
6
4
3
2
14
16
10
12
5
11
2
4
12
16
7
11
2
7
14
1
9
1
12
14
2
2
10
0
15
0
2
12
2
3
4
10
5
4
9
12
3
9
7
2
3
3
6
3
8
5
11
5
4
14
14
4
7
9
6
4
2
4
7
3
3
0
3
14
10
5
2
1
7
1
1
2
1
9
3
3
2
10
6
3
0
5
3
5
1
4
1
7
4
4
1
6
4
3
2
2
1
8
3
0
2
1
0
