23
0
19
1
13
5
40
21
7
6
15
21
17
4
14
22
42
3
14
8
2
41
14
17
17
18
16
11
10
16
0
5
27
14
27
1
12
11
39
21
29
24
30
33
8
5
4
10
17
6
23
8
12
18
18
11
12
4
24
39
11
28
20
11
8
29
11
25
17
1
25
7
28
13
3
2
25
21
56
14
29
1
12
14
17
22
26
0
13
16
36
8
32
14
25
19
12
58
18
52
7
3
7
12
11
2
10
5
22
17
21
40
24
12
7
39
10
15
19
29
2
22
19
42
2
5
15
33
15
46
46
7
47
8
1
20
3
7
28
6
2
53
15
3
1
8
17
16
4
32
34
12
19
12
20
52
33
43
13
19
10
12
48
6
13
19
18
11
5
5
4
43
10
3
24
8
4
10
12
6
8
13
12
13
5
13
39
6
13
3
1
2
20
26
35
26
35
24
22
3
5
36
5
14
12
9
0
24
44
25
14
18
26
5
39
57
30
14
36
10
25
22
14
24
30
3
10
1
18
3
1
20
24
1
19
19
32
7
3
28
26
16
29
3
5
16
16
24
1
16
9
6
3
10
2
5
40
5
14
32
0
8
29
29
13
8
18
4
7
13
10
29
23
10
16
3
12
13
4
2
12
32
23
26
22
15
9
36
9
13
21
15
3
14
10
36
29
18
13
34
7
15
11
19
23
4
18
12
5
32
40
17
7
26
8
3
9
9
30
10
11
16
12
25
23
30
2
42
29
11
16
14
6
3
14
1
7
16
12
7
16
20
0
27
23
21
1
29
12
6
15
7
23
7
3
5
16
6
6
20
25
12
26
27
4
9
5
25
17
10
2
9
11
9
10
24
1
7
5
0
40
3
8
13
3
20
28
27
1
12
4
16
11
13
13
2
3
18
15
1
14
47
2
17
9
21
0
16
2
9
5
1
7
3
12
12
13
15
23
16
2
12
16
1
12
17
15
10
5
1
30
13
7
24
10
5
19
9
17
13
8
12
3
23
17
6
1
9
1
3
9
8
5
19
23
16
23
7
3
14
28
6
20
30
1
5
20
5
7
19
6
20
14
5
20
15
4
3
36
10
11
0
2
24
20
0
17
24
3
15
11
16
5
25
17
13
16
8
2
2
5
3
19
28
6
16
22
11
17
17
4
12
3
23
0
20
5
0
16
1
7
27
4
1
18
7
14
12
9
30
20
15
13
10
10
8
16
9
9
2
1
3
11
10
0
2
1
4
14
14
5
21
6
1
7
9
2
14
12
6
11
11
2
15
2
6
9
5
12
1
3
13
6
19
2
4
4
4
7
3
5
4
20
0
10
19
5
20
2
6
14
22
6
7
7
12
13
6
10
10
6
12
6
2
11
8
4
8
7
2
5
5
12
5
6
1
5
0
1
3
8
5
2
8
20
3
3
8
4
11
5
5
14
3
1
8
2
9
0
10
3
6
0
4
6
9
1
2
7
3
7
0
3
6
1
1
8
0
7
3
6
3
0
0
0
6
2
7
1
8
0
4
6
3
3
0
4
3
5
0
