12
7
32
0
2
0
6
28
10
23
35
10
11
0
24
6
32
8
10
5
10
46
32
34
20
5
10
50
26
32
6
37
42
11
27
6
24
6
1
5
29
1
25
64
11
27
13
19
32
16
20
40
25
28
13
15
15
19
11
44
26
5
1
44
21
15
8
14
17
32
44
22
13
21
60
21
29
5
5
46
11
6
40
6
6
45
24
23
14
43
26
8
3
7
15
6
23
4
14
12
10
8
19
9
1
8
14
19
27
5
13
42
28
9
18
5
59
9
21
8
6
46
4
25
1
1
9
9
22
8
16
11
34
18
15
20
7
47
16
22
15
3
13
9
37
22
18
11
17
0
15
35
7
12
16
22
2
7
34
32
27
17
3
51
16
9
19
36
46
49
4
14
25
11
10
23
3
1
11
46
30
9
1
40
21
17
26
13
6
17
8
20
15
5
5
22
10
1
26
9
12
54
34
23
9
10
11
6
20
2
8
17
13
68
15
56
18
20
49
10
11
5
46
18
31
15
7
25
5
25
15
1
16
31
2
14
59
8
2
12
2
8
20
12
0
24
12
41
22
5
4
22
4
22
7
24
3
24
4
2
23
53
23
21
42
30
3
31
39
49
27
20
5
18
33
5
24
15
12
40
6
8
8
7
18
5
39
22
8
2
30
26
25
40
44
2
3
19
7
13
3
19
34
6
25
7
20
34
24
9
24
17
16
6
9
7
16
16
46
33
5
36
0
13
8
21
23
4
18
33
3
9
14
22
24
19
11
23
0
3
19
14
1
30
9
25
19
22
21
1
24
5
9
19
9
4
12
2
9
23
26
8
9
16
4
1
42
6
13
39
31
23
5
3
7
0
14
40
36
5
1
4
21
0
8
6
6
1
15
4
1
28
14
6
2
0
14
23
32
3
29
6
17
6
20
4
0
25
14
1
11
27
12
24
12
11
17
18
6
6
9
6
6
0
19
11
25
8
13
14
8
16
7
1
16
13
18
7
10
41
5
24
17
6
18
1
0
5
17
8
6
0
2
12
20
15
5
7
10
7
2
15
3
22
11
13
25
12
1
36
7
21
6
11
3
4
8
5
28
31
20
2
9
18
3
13
16
20
8
4
7
4
6
3
13
10
8
3
9
10
4
4
1
26
10
5
5
19
33
19
8
15
18
15
6
1
17
5
25
12
5
3
2
26
37
4
8
0
15
6
23
2
13
3
5
6
1
13
1
17
22
9
2
5
2
0
6
32
7
32
1
11
0
10
2
3
3
10
16
11
3
7
11
6
4
11
9
1
6
27
6
10
13
10
9
5
5
18
16
7
2
14
15
1
4
21
9
23
16
2
10
1
16
4
12
9
9
4
1
12
21
13
3
11
19
3
5
7
5
1
1
13
9
10
1
3
2
0
2
0
13
1
18
10
8
3
1
6
2
2
4
4
8
9
7
3
3
3
3
2
13
3
13
18
6
9
6
4
2
4
0
4
2
10
5
7
7
7
2
7
2
1
5
8
1
3
1
2
1
2
4
3
6
3
1
0
0
5
1
4
3
0
2
1
1
1
1
1
0
0
