1
1
11
7
5
7
2
37
23
13
4
13
4
11
3
61
10
3
3
40
16
3
47
2
19
11
2
14
2
18
19
12
6
4
13
20
33
5
15
12
0
34
32
39
5
38
14
18
29
11
13
14
10
1
4
11
47
10
20
12
1
9
17
30
29
31
18
25
22
21
13
25
7
17
12
48
76
29
35
10
30
18
61
31
18
5
2
34
24
25
26
18
45
1
14
3
28
6
3
27
25
10
15
14
24
30
17
29
1
11
60
27
27
9
33
29
23
4
21
12
2
8
22
31
23
9
0
22
4
14
14
1
35
22
32
5
11
22
7
18
27
34
4
10
13
34
16
25
8
14
9
2
4
3
35
9
3
15
8
33
19
13
11
7
16
30
27
6
8
42
19
0
45
1
29
0
1
13
32
9
12
12
38
32
37
15
15
21
15
10
8
18
16
30
22
30
0
32
13
34
3
10
28
17
9
1
14
44
50
28
40
28
7
19
27
31
2
0
14
15
11
19
25
9
1
1
0
14
50
10
18
15
2
3
36
13
27
9
27
4
13
23
26
36
34
1
6
14
11
9
12
11
1
14
15
3
11
1
15
4
6
8
4
33
5
23
18
24
19
9
10
23
11
2
2
18
34
7
21
30
4
7
21
22
3
28
4
2
12
18
17
11
25
10
24
6
1
10
6
20
6
6
2
5
12
10
24
15
0
8
14
1
26
8
37
17
14
20
27
27
10
9
20
10
10
1
1
12
12
10
4
46
9
13
57
13
8
26
45
3
20
14
7
13
6
14
2
22
9
43
27
2
17
8
1
5
18
24
0
28
31
3
13
43
12
22
18
1
3
2
6
35
1
1
6
12
14
8
10
9
2
26
28
11
17
17
13
1
7
18
0
2
45
22
11
2
33
12
16
20
39
5
2
12
2
23
4
11
49
1
7
24
24
15
7
32
23
4
13
1
5
5
18
0
19
3
4
1
24
3
3
10
20
23
17
7
25
2
0
1
21
7
12
10
25
35
17
29
1
2
40
14
28
11
27
7
4
7
14
0
25
0
7
9
10
13
21
25
20
8
3
12
4
15
2
10
5
26
6
0
18
13
5
2
7
39
4
20
16
23
15
21
14
27
9
7
15
2
2
18
11
8
20
3
6
0
19
19
1
4
8
14
27
12
5
7
30
6
3
10
0
11
15
9
8
1
24
32
9
9
23
17
9
26
11
4
0
20
8
3
13
3
4
10
12
24
9
9
1
21
3
16
17
9
20
3
22
6
8
1
20
8
13
10
25
1
23
19
5
15
0
6
15
28
3
14
6
9
18
1
8
4
3
7
4
0
5
7
4
14
2
8
2
1
14
1
3
2
1
0
2
9
4
1
13
0
1
6
13
8
9
1
7
9
14
1
13
13
16
3
5
12
8
12
8
2
2
1
10
2
5
5
7
13
4
4
3
7
12
6
5
1
1
5
3
17
6
6
7
12
8
2
2
1
2
12
1
6
5
5
0
5
3
17
2
3
3
6
5
1
4
0
7
6
2
2
5
2
9
0
6
3
1
5
8
5
8
4
6
9
1
6
2
1
1
1
1
0
0
0
