14
4
1
37
13
2
7
4
22
23
0
11
23
5
2
14
18
48
16
42
14
2
33
21
9
17
5
29
42
7
13
7
10
29
5
19
9
23
24
30
1
17
10
27
3
30
20
25
19
21
26
33
27
3
9
24
20
7
22
6
14
2
43
14
13
23
43
2
11
13
3
51
6
28
29
31
30
2
31
1
44
30
28
19
29
15
8
19
4
52
19
43
5
5
13
1
18
25
19
6
2
15
5
13
1
41
21
13
19
3
27
3
24
29
9
12
9
13
3
53
13
22
38
4
25
34
4
22
12
30
29
19
19
1
4
1
3
51
6
36
14
16
21
28
11
50
35
19
17
30
51
35
19
35
37
7
37
16
24
7
25
5
33
16
11
6
8
30
43
24
13
6
10
21
23
6
0
0
27
6
24
26
27
16
8
15
5
8
14
25
12
37
1
21
2
10
9
9
9
11
34
21
4
21
46
15
45
4
18
11
22
5
11
16
11
29
5
9
23
51
7
7
12
15
46
41
1
3
11
11
30
27
64
48
2
20
24
2
15
6
16
6
7
12
45
17
13
1
26
5
34
4
9
20
3
12
54
34
16
27
41
24
3
29
7
24
5
30
31
29
15
5
24
4
14
12
9
10
29
15
13
29
30
7
10
20
7
5
10
3
18
1
22
5
11
23
16
0
21
3
26
26
34
18
9
36
20
32
7
9
10
22
17
1
17
17
13
21
14
2
14
11
29
0
6
16
43
2
6
35
19
11
3
8
22
17
20
13
18
4
7
13
3
5
1
30
35
22
12
5
13
11
1
5
19
20
16
23
14
8
5
17
1
19
18
34
31
4
18
9
11
0
26
6
2
20
8
23
28
22
14
27
22
4
26
15
1
14
2
7
6
32
26
2
11
21
4
18
7
2
20
8
5
3
20
14
24
13
31
13
1
6
43
12
1
13
28
6
1
1
31
2
8
6
8
11
14
6
6
25
27
39
35
17
10
18
8
6
1
18
12
1
6
6
19
18
11
6
8
0
5
13
10
8
28
29
3
3
26
15
20
5
0
31
11
8
23
3
11
22
6
3
12
10
21
10
27
1
19
21
34
4
11
6
15
38
14
1
18
38
17
21
8
14
16
8
8
1
15
11
7
24
21
28
7
15
2
7
12
6
6
9
6
14
22
9
11
0
9
23
9
20
0
17
5
1
13
22
3
1
14
1
10
10
1
2
11
5
0
6
35
20
1
11
2
11
10
19
7
5
2
2
17
4
10
23
4
16
1
8
2
8
6
13
6
4
5
1
35
14
20
2
7
20
11
1
14
12
3
14
13
1
22
4
2
8
1
13
4
29
11
15
3
11
14
23
0
22
10
14
6
10
5
11
7
0
3
9
11
11
8
1
3
5
5
7
8
11
2
2
7
11
23
3
9
6
4
24
5
8
2
6
18
3
12
3
7
2
2
11
3
4
7
9
10
4
2
5
9
4
3
3
9
5
11
12
6
8
6
2
8
5
2
1
1
4
11
1
9
1
3
3
4
9
3
3
1
0
3
0
2
4
4
1
4
5
2
7
3
0
6
3
1
6
11
2
4
10
0
4
0
2
4
2
0
3
1
0
0
0
