0
15
43
2
0
14
1
36
18
35
31
4
6
62
0
7
23
9
16
1
37
2
13
13
0
14
24
13
25
8
17
14
20
2
20
7
6
28
13
3
33
30
58
10
23
4
2
17
11
34
12
9
24
16
28
0
32
28
1
7
2
0
22
10
12
19
31
49
41
34
25
70
45
5
45
1
26
14
27
32
10
39
50
3
5
4
10
3
4
6
38
28
15
46
0
27
6
36
12
14
21
45
30
45
13
7
1
1
34
22
21
44
31
7
10
11
32
1
11
16
24
11
17
28
31
10
7
28
39
25
19
16
28
44
3
17
6
20
12
4
57
21
20
10
26
13
23
11
14
51
16
20
27
15
53
28
32
15
7
24
13
23
18
24
6
58
58
2
12
8
7
57
8
33
45
30
0
22
19
33
6
11
7
21
22
6
1
28
20
20
45
20
2
3
10
7
4
1
7
4
5
16
32
11
14
23
25
19
29
46
0
12
26
12
36
15
24
4
41
44
7
56
14
10
17
32
30
7
37
15
6
14
11
11
18
14
11
43
10
9
2
13
20
2
13
8
34
1
17
11
21
12
55
20
2
11
11
25
17
9
31
12
15
2
30
11
11
16
42
0
28
32
33
12
35
7
18
13
8
17
13
25
39
32
51
11
45
0
21
15
27
12
11
22
6
34
1
7
20
7
16
7
13
31
23
3
6
25
17
39
38
3
20
3
12
24
51
18
17
28
39
2
14
10
12
14
4
7
16
11
8
7
11
19
18
2
25
45
26
5
17
0
2
15
30
50
22
28
7
16
38
15
19
2
6
5
2
18
2
1
13
18
30
35
14
2
13
21
19
11
72
2
5
1
3
10
14
15
12
12
4
8
13
14
22
8
44
27
29
11
14
23
1
17
24
12
10
10
0
54
1
19
1
19
8
6
10
9
21
28
8
32
13
19
11
37
21
14
30
11
15
12
20
10
15
10
2
1
14
7
0
8
11
5
1
28
17
5
4
1
21
10
15
3
3
2
11
2
12
5
26
21
22
3
10
27
29
1
5
22
8
26
2
4
49
10
0
41
10
2
18
9
53
8
12
20
2
8
3
30
24
24
15
0
6
25
9
8
15
14
7
11
3
9
24
4
4
24
1
18
2
5
2
9
10
18
5
1
29
3
4
8
19
16
10
8
6
10
0
17
11
10
13
6
22
35
2
4
15
4
3
16
6
11
8
1
20
17
6
8
5
14
20
17
3
1
3
7
3
3
5
21
4
17
21
16
1
14
5
5
12
0
3
13
1
8
2
9
1
31
8
3
9
7
2
8
3
17
7
8
10
1
9
0
5
15
9
15
20
6
2
5
8
6
13
13
0
7
12
8
12
1
5
5
11
8
3
6
10
8
4
5
10
21
4
4
16
4
9
4
4
1
3
18
9
6
0
0
14
6
11
7
2
7
0
0
7
4
2
10
1
17
14
6
1
1
9
10
3
3
4
15
5
7
2
13
3
8
8
3
3
8
7
8
3
17
7
3
9
13
2
1
2
0
7
22
5
1
4
0
3
9
7
5
0
4
6
3
3
7
3
2
0
2
6
3
10
2
4
0
1
3
4
4
4
3
1
5
2
9
1
8
2
4
1
2
2
0
2
0
