7
22
2
11
3
6
4
2
8
1
25
8
12
5
1
10
7
4
15
41
14
20
14
38
5
8
7
1
8
3
6
6
15
2
4
15
8
27
8
12
13
29
8
4
22
4
3
21
6
9
2
28
17
43
39
34
5
9
40
14
34
32
7
21
5
13
8
11
4
5
11
11
15
26
9
25
33
7
7
40
28
13
52
7
4
8
19
1
34
2
54
15
16
29
24
33
33
19
7
19
7
2
27
32
31
8
30
2
3
1
38
4
8
24
21
20
18
3
17
27
55
24
4
6
14
25
16
6
26
1
3
18
7
13
10
50
11
10
39
4
2
18
12
25
23
12
38
35
15
17
33
10
19
2
16
3
24
26
24
6
20
22
27
31
10
19
6
11
34
4
25
5
18
2
13
13
27
19
1
10
11
8
21
24
21
48
22
5
9
7
6
4
32
17
32
21
18
41
47
33
8
4
13
4
7
4
15
13
21
9
0
6
41
7
2
29
22
24
14
18
21
31
34
3
8
3
32
4
8
4
13
33
12
15
11
24
18
0
11
28
41
60
24
35
14
2
24
13
17
2
7
23
3
30
6
30
32
18
16
46
1
21
7
17
60
7
26
44
14
50
38
22
8
7
39
1
15
8
16
37
17
28
9
6
26
10
2
2
9
39
14
8
25
28
10
20
22
10
4
4
37
11
6
35
49
7
5
13
6
4
4
14
5
1
16
20
3
36
26
3
9
8
9
5
38
54
15
24
5
8
4
5
14
33
6
21
21
6
15
8
8
3
10
15
11
11
13
12
6
30
4
1
7
9
19
14
31
15
9
15
8
13
6
24
18
5
11
1
41
6
6
1
15
20
11
38
11
4
14
9
4
20
28
14
12
15
6
2
27
3
31
37
21
7
16
3
30
14
35
8
11
40
24
16
8
10
39
7
17
1
5
9
13
10
8
3
22
20
46
17
16
10
6
41
23
9
7
2
22
39
21
7
2
40
17
6
15
17
24
1
12
18
2
12
17
4
1
15
6
5
1
16
13
10
18
1
5
11
13
7
0
7
18
13
16
13
8
3
4
4
17
5
19
4
7
0
12
12
19
16
1
3
25
1
1
8
5
29
45
14
22
8
2
7
13
32
21
17
24
6
14
26
10
20
8
14
1
14
8
12
12
1
7
12
10
20
2
15
5
13
16
13
9
3
29
31
15
10
15
14
12
0
6
6
2
16
8
8
4
14
31
13
7
2
2
7
2
7
18
1
14
18
7
7
5
3
1
20
3
29
16
18
33
5
1
8
10
20
6
9
2
8
24
7
1
11
12
5
26
13
11
1
7
12
10
2
2
0
2
19
3
10
3
23
3
14
2
25
3
32
3
6
9
9
2
31
21
11
7
1
4
6
24
13
6
6
8
9
7
11
7
11
0
24
20
4
12
8
5
9
11
4
12
15
5
18
2
4
7
6
3
15
6
16
16
9
0
7
3
10
7
9
13
0
9
5
4
2
0
2
11
14
1
3
4
3
1
17
4
4
6
4
13
3
0
5
8
8
2
2
9
14
4
4
6
2
4
9
1
6
3
3
2
2
3
14
3
3
0
5
1
3
10
0
3
0
4
8
1
1
6
1
2
0
5
9
2
6
6
2
2
3
2
0
3
0
0
0
0
0
