10
19
7
3
39
11
13
4
7
5
9
9
30
6
10
7
10
21
19
2
3
11
0
20
23
21
2
2
1
16
3
26
26
21
7
19
5
7
17
23
37
5
29
8
9
5
23
16
22
22
23
9
13
36
3
37
10
8
18
1
1
13
70
42
62
3
19
0
33
8
4
11
3
23
5
11
42
9
32
7
11
31
17
32
22
41
28
5
7
20
26
7
52
17
28
29
44
3
18
16
3
7
1
4
4
32
35
20
15
53
8
2
42
21
26
3
6
16
21
16
36
17
1
37
46
3
27
37
17
2
3
8
14
14
23
36
6
20
33
49
45
32
6
10
8
43
24
22
13
0
30
22
2
10
2
11
1
19
1
16
3
21
0
26
34
3
10
20
4
58
12
14
24
22
54
17
3
22
15
20
15
3
20
0
23
28
4
20
21
14
55
21
24
7
3
55
9
11
28
25
75
4
9
25
0
25
1
26
7
36
45
15
23
36
40
33
22
13
8
53
2
8
2
23
53
24
2
22
30
9
55
8
1
3
6
26
39
16
7
14
26
35
42
25
7
4
29
19
4
35
32
14
38
11
26
2
13
38
0
11
11
2
9
4
14
9
3
26
17
35
22
39
33
29
27
7
34
42
22
8
25
75
12
6
27
6
12
25
28
8
11
24
8
37
6
4
18
11
4
2
4
22
11
12
3
3
33
3
25
7
13
43
12
19
8
4
7
22
37
23
0
16
17
5
5
18
21
9
10
12
1
23
13
32
2
14
24
34
6
4
18
22
39
25
16
20
35
5
15
8
23
10
26
0
15
1
16
16
1
25
18
9
16
32
5
15
18
5
4
13
19
8
14
24
1
13
25
19
21
3
14
2
24
17
12
11
19
17
17
8
5
23
18
0
3
5
14
13
1
19
17
20
2
23
9
4
29
23
31
17
2
4
23
7
17
33
11
19
11
0
18
23
35
5
21
0
4
16
6
25
18
1
5
9
6
22
11
4
0
12
15
4
12
23
21
13
10
5
17
29
1
35
15
25
11
22
28
20
29
9
3
3
1
1
17
12
6
9
18
17
24
32
10
14
6
24
20
17
14
9
10
31
4
10
5
6
3
13
14
21
18
14
15
4
1
24
8
12
5
20
31
3
6
10
5
30
0
7
8
19
27
11
18
12
27
4
12
16
23
32
4
13
4
21
14
10
3
7
5
32
9
5
20
2
2
4
9
4
11
8
16
5
2
11
10
21
29
5
13
9
10
8
7
8
5
7
2
6
8
14
12
13
3
8
8
10
11
4
4
27
14
3
14
6
5
8
5
0
8
1
4
24
29
2
6
6
23
7
9
1
23
4
11
11
4
19
2
2
6
19
7
4
9
19
8
8
18
7
2
27
0
4
11
24
15
13
1
1
7
15
1
13
3
0
4
11
9
12
5
1
11
1
27
1
5
9
4
1
10
8
13
3
15
9
5
4
2
7
11
6
6
6
6
11
4
11
9
2
2
13
15
10
6
0
1
9
9
3
5
2
9
11
0
4
10
17
14
13
1
1
4
1
2
0
2
3
5
8
1
18
3
2
4
8
0
9
5
2
10
0
2
1
4
6
1
1
5
10
5
9
3
1
2
2
1
1
0
9
9
4
0
8
1
1
5
2
2
2
6
1
5
2
1
1
1
2
0
3
0
0
