6
6
21
40
1
17
6
46
0
8
36
0
17
4
10
5
6
60
3
20
5
17
27
22
12
23
7
17
14
37
25
11
39
18
22
25
5
9
7
4
50
14
30
12
39
2
28
7
11
36
24
10
18
17
35
17
4
25
42
30
10
12
32
13
22
14
5
5
4
48
25
8
24
19
37
6
9
10
20
14
43
45
32
11
27
17
1
5
10
14
14
11
16
0
6
50
5
1
44
38
19
17
1
6
30
3
25
10
20
0
5
9
9
13
1
4
20
1
3
11
31
37
15
2
5
33
35
19
31
30
24
25
23
8
1
13
7
1
25
5
16
9
10
33
8
13
34
27
36
13
28
4
4
4
32
10
4
7
25
7
21
21
13
7
21
31
29
27
5
32
30
32
38
4
41
12
49
8
19
3
9
10
15
15
21
38
8
1
4
10
18
13
5
40
24
14
38
7
13
11
26
40
11
41
25
7
31
29
1
26
22
18
20
3
1
19
1
32
3
13
36
4
37
21
4
3
38
21
25
45
6
1
6
35
31
7
22
18
30
19
17
17
15
22
31
42
20
12
2
11
13
22
19
6
18
18
25
6
18
3
8
15
12
2
21
16
33
61
14
6
8
17
4
34
4
30
27
7
40
55
13
26
15
14
4
3
35
12
17
5
7
2
7
3
1
8
0
4
12
15
23
24
11
39
6
3
18
29
2
28
9
32
10
3
2
7
25
38
0
37
12
8
7
7
17
18
22
23
23
18
30
15
1
12
6
26
2
17
10
13
48
2
44
29
17
26
2
24
1
32
21
18
8
17
25
10
5
2
41
22
10
15
3
28
19
1
3
10
16
0
4
17
13
15
8
28
17
0
29
1
17
7
14
1
11
36
11
25
22
36
5
24
24
4
12
35
20
8
0
20
8
12
15
20
7
22
12
13
16
34
20
20
6
4
18
21
12
12
40
4
5
20
30
15
13
13
26
6
11
1
1
9
10
6
12
32
34
20
24
23
18
15
6
31
6
27
5
15
27
4
14
3
17
1
11
21
0
4
11
17
7
12
13
19
6
5
20
23
14
19
15
20
13
10
5
9
16
12
3
2
0
1
21
5
19
17
8
21
9
21
6
20
5
17
20
10
25
33
6
1
0
33
9
13
2
22
7
12
16
18
12
2
19
5
3
7
3
12
21
6
11
15
4
13
23
15
2
20
5
14
1
4
18
2
12
17
7
4
1
2
20
28
19
12
12
33
31
15
10
6
8
13
7
30
10
5
11
9
5
20
5
4
13
19
11
41
34
28
14
1
3
18
11
26
11
9
25
5
10
10
4
15
4
1
13
19
6
0
14
18
4
17
21
22
4
10
15
24
1
5
7
2
2
35
24
24
25
14
1
5
4
13
10
6
18
5
6
6
17
11
2
8
31
7
1
8
21
15
8
1
9
3
10
16
1
3
0
3
10
6
16
0
4
0
13
16
8
8
9
23
13
24
6
8
1
1
5
15
8
5
16
2
3
3
5
21
14
3
6
5
10
8
4
2
1
8
4
4
4
2
4
10
1
5
13
2
10
6
2
17
8
8
12
12
25
0
12
5
12
5
12
16
2
4
1
3
17
4
5
10
2
5
11
8
4
6
13
3
7
2
8
6
1
4
9
3
0
5
4
7
10
1
3
4
0
3
7
3
2
8
2
3
1
0
1
6
0
1
1
0
