15
12
2
8
3
14
32
20
4
23
0
15
8
11
2
8
2
22
54
11
11
27
16
5
12
12
10
16
23
18
4
15
29
7
16
6
29
25
8
49
16
20
24
38
20
42
44
38
1
27
17
4
2
36
29
16
21
21
1
37
19
16
57
34
11
65
9
7
1
6
19
18
38
12
5
31
10
7
21
25
16
2
11
3
17
43
17
10
21
25
30
14
1
33
17
43
12
74
9
36
3
6
31
1
6
13
18
49
20
23
17
29
4
40
1
23
29
23
1
2
16
13
7
17
12
25
58
11
5
12
37
13
1
31
9
24
26
12
1
10
21
3
13
29
22
8
27
60
65
12
3
2
16
24
22
35
22
3
24
42
19
32
41
8
13
15
6
19
29
23
18
31
50
3
40
33
20
6
5
10
12
23
9
3
12
28
4
7
20
33
58
7
29
6
9
6
0
10
17
18
2
9
13
13
23
26
1
8
32
14
15
24
37
8
16
27
10
15
53
25
20
8
33
3
12
0
22
12
34
12
56
1
39
5
40
11
24
1
19
5
6
23
31
19
20
34
14
6
11
0
41
18
25
3
3
7
11
1
4
12
2
33
34
22
3
4
6
34
7
4
51
8
6
22
48
23
33
51
0
37
2
27
18
6
13
19
9
14
41
13
9
2
33
16
8
9
38
9
15
11
1
49
32
19
9
36
38
17
10
22
19
1
1
8
2
33
24
14
14
8
3
3
13
3
5
22
16
2
14
17
17
62
24
24
14
12
56
8
5
17
26
1
4
22
14
23
8
8
15
2
11
11
45
38
2
21
31
3
5
18
23
11
26
4
15
39
2
30
13
6
20
13
29
6
4
9
4
9
5
7
16
11
7
39
4
14
33
10
22
7
19
17
20
20
11
17
2
28
2
8
17
10
1
12
27
20
27
17
10
3
11
18
22
4
4
21
17
25
2
6
35
14
41
3
22
14
12
5
17
2
2
6
37
12
26
34
26
32
16
19
12
0
19
14
27
15
2
9
9
2
3
8
43
3
34
12
7
8
12
7
7
3
16
2
9
10
22
11
20
47
30
16
9
6
14
3
0
32
1
4
6
1
11
33
33
11
24
2
4
15
28
7
16
20
11
30
4
26
16
8
19
13
1
1
19
5
15
35
6
25
16
43
3
7
18
4
3
22
9
22
18
14
9
33
5
12
7
26
0
12
31
25
25
17
12
8
0
11
18
28
6
29
7
10
2
21
6
32
1
17
9
7
22
17
3
6
11
30
14
17
8
1
7
2
29
17
6
5
21
19
4
12
9
11
17
21
5
22
5
23
16
2
14
3
2
12
19
6
8
4
9
5
2
1
17
2
21
12
3
14
22
13
4
0
4
6
8
5
7
2
0
5
10
5
12
11
2
2
10
4
26
1
1
15
1
5
9
5
9
12
6
13
4
17
7
6
0
3
1
8
23
7
9
1
27
9
16
13
16
12
4
6
3
5
1
12
9
3
6
6
18
4
8
18
13
6
10
0
5
8
14
16
3
13
5
9
2
9
15
3
8
10
1
11
11
2
11
8
8
12
10
9
1
4
4
3
9
12
4
2
10
2
0
5
0
1
13
8
5
9
12
14
0
4
5
1
5
1
6
8
2
1
15
5
5
2
13
6
6
16
8
1
6
5
6
8
5
4
6
9
3
5
0
0
9
1
1
8
4
3
1
2
1
3
1
3
2
1
1
0
