3
5
10
20
17
3
1
17
28
7
9
4
2
28
32
10
41
6
51
15
27
3
21
27
5
1
26
6
14
0
29
3
10
16
29
30
4
15
6
23
5
56
16
4
6
27
18
16
21
4
40
21
44
7
5
1
29
13
14
17
14
48
17
28
55
43
46
1
3
27
22
23
34
17
28
20
39
1
1
3
18
14
2
20
9
2
12
6
27
2
2
40
50
17
30
29
25
8
18
1
18
2
15
25
9
28
14
16
40
25
20
38
1
4
2
14
11
54
7
18
30
0
36
16
30
11
7
48
44
18
5
31
10
5
9
28
9
10
6
15
11
34
5
28
51
31
24
13
14
10
33
37
48
3
19
2
49
8
12
1
46
39
7
22
12
25
29
2
10
5
38
35
37
20
13
9
8
16
23
53
28
50
12
8
60
0
47
20
7
18
8
32
54
36
17
13
6
6
1
7
60
12
18
9
15
1
5
27
12
1
24
9
5
16
12
7
42
32
3
40
37
14
11
2
10
38
29
5
12
10
10
16
5
36
37
3
27
7
20
28
21
14
11
19
19
1
5
5
3
52
11
1
21
17
5
37
4
12
10
15
22
17
26
10
50
11
2
39
55
4
8
4
25
22
22
2
49
21
28
36
13
10
3
2
12
3
10
31
7
23
10
23
30
4
10
12
13
11
11
7
0
10
14
7
36
15
15
21
17
10
5
28
6
5
2
21
49
14
13
17
15
37
20
8
26
12
18
14
15
9
8
18
8
3
6
16
9
12
31
18
20
7
25
40
5
3
16
12
21
4
1
12
0
9
0
6
23
25
2
29
4
6
4
10
38
7
37
20
3
26
0
13
33
27
6
3
5
12
1
1
5
7
7
1
6
5
17
12
54
33
1
32
1
7
6
2
5
7
28
32
13
14
10
37
4
3
30
25
25
11
17
10
14
17
4
36
7
26
6
5
10
21
11
25
18
19
1
2
4
2
11
37
22
5
0
18
23
19
20
23
25
34
3
46
8
4
17
31
17
31
33
16
6
8
6
4
7
12
1
5
32
3
15
9
5
14
29
4
0
17
3
9
13
2
2
20
6
11
23
12
4
5
25
33
4
20
8
27
35
1
6
13
1
1
3
5
13
23
25
29
3
1
19
9
17
28
0
38
27
7
9
2
17
14
6
21
25
2
12
7
22
4
12
1
19
2
27
9
1
40
10
11
5
1
23
0
18
9
4
3
10
10
25
5
5
17
11
23
1
11
8
5
38
12
10
26
5
3
3
7
6
0
25
30
3
14
11
18
4
6
4
15
4
8
12
11
1
19
6
9
11
22
7
13
19
9
6
14
6
11
1
11
21
0
18
22
20
20
15
14
6
4
3
23
14
6
8
3
13
9
17
0
9
19
6
8
14
4
1
4
11
7
12
8
2
9
10
2
4
1
14
5
9
4
14
20
4
6
13
11
5
1
7
4
6
12
12
0
3
4
2
8
2
2
9
19
13
11
13
14
3
12
3
2
12
3
11
3
8
15
4
1
8
2
26
6
20
9
14
13
1
9
3
5
1
18
4
6
2
8
2
5
9
2
9
10
9
7
1
5
5
6
6
3
0
7
7
5
2
20
16
3
3
2
9
2
6
7
3
7
0
3
3
6
0
9
2
5
7
10
3
10
1
3
1
5
1
3
1
3
9
4
6
2
6
2
5
1
4
6
4
2
0
5
1
9
6
3
2
2
1
0
3
1
0
4
3
1
1
3
