18
4
2
2
8
42
2
10
33
5
41
24
44
15
34
0
4
22
9
5
5
0
4
8
2
18
33
16
20
5
11
28
2
31
29
3
74
13
14
10
17
29
41
30
13
35
7
14
13
9
23
4
8
32
5
39
11
3
22
27
5
1
12
27
9
10
20
30
23
10
28
34
3
29
33
23
18
34
7
1
74
20
1
6
30
40
2
19
37
10
3
5
0
47
6
31
6
15
5
10
4
35
20
44
19
27
12
31
64
1
28
25
4
30
20
20
38
53
17
22
43
3
13
17
7
6
8
27
17
26
29
59
2
6
13
2
23
14
35
7
11
24
10
18
10
30
4
7
28
8
23
23
7
4
61
14
8
10
8
25
28
13
53
3
22
3
21
41
12
24
16
20
7
20
2
2
41
2
7
21
2
12
70
37
51
12
42
56
23
0
2
5
32
3
14
37
34
16
21
16
5
7
6
23
8
17
3
31
37
14
11
13
21
49
12
37
21
13
7
19
4
20
11
10
27
5
8
7
20
19
21
4
8
5
33
4
41
31
31
16
24
14
21
1
10
14
16
8
30
50
14
1
23
9
9
31
42
5
9
32
5
21
6
3
30
19
34
16
11
22
2
1
20
23
21
4
22
2
32
24
8
2
9
17
15
27
17
18
21
41
5
15
12
19
20
32
41
36
20
10
13
9
13
1
3
4
26
12
20
36
11
0
51
32
24
14
35
39
25
0
3
13
34
1
8
11
8
15
20
7
33
38
17
7
1
3
34
13
18
33
32
19
12
11
17
12
29
60
7
23
26
39
6
21
43
40
3
7
21
34
2
30
3
39
25
4
1
5
10
22
12
6
37
0
3
5
34
14
26
24
10
37
1
4
24
0
31
2
1
9
17
7
24
27
13
38
7
8
28
24
23
9
9
2
24
9
5
11
4
10
11
34
17
7
20
17
28
17
3
3
7
8
10
37
25
1
6
12
5
11
16
3
14
20
19
14
6
2
18
5
3
16
20
24
1
15
17
4
7
29
0
7
21
15
0
7
9
14
6
9
24
14
32
4
2
15
6
3
21
14
42
10
6
22
8
10
1
6
8
22
11
17
7
4
24
2
5
13
18
5
17
1
8
36
5
7
6
2
29
9
24
5
30
5
6
2
12
14
1
21
26
2
21
6
17
5
11
18
2
15
9
0
18
1
2
25
9
17
13
14
1
17
10
4
8
10
7
18
13
1
12
13
8
20
3
18
7
7
9
2
29
30
19
6
1
31
10
11
20
1
13
13
3
17
3
2
16
28
5
20
17
2
8
13
0
28
0
21
3
9
4
2
17
21
1
8
3
7
16
7
13
15
1
11
2
5
9
5
24
6
20
10
7
16
6
9
6
13
0
21
5
22
9
12
15
18
16
8
8
12
8
17
9
13
3
23
1
10
18
3
12
7
2
2
8
15
20
14
34
5
3
4
11
1
10
4
3
4
0
9
16
1
13
10
19
2
24
9
16
0
7
3
15
8
2
0
2
7
12
8
7
1
15
4
4
6
10
9
7
3
2
2
9
8
0
2
1
2
8
12
1
3
5
0
4
8
6
10
6
3
21
8
1
7
10
1
11
7
9
6
2
5
4
4
1
10
4
6
6
5
5
1
4
1
9
2
10
4
9
1
15
6
2
2
12
4
15
7
12
10
1
3
4
1
3
5
8
8
5
17
3
4
0
5
4
13
7
1
2
2
4
2
1
2
8
3
1
2
2
1
1
2
1
1
0
0
0
1
1
0
