10
20
41
1
9
0
6
26
50
31
57
9
9
7
27
29
19
7
20
0
14
5
8
21
2
24
9
16
0
11
2
8
24
26
8
5
13
6
9
14
24
8
6
34
17
20
18
0
23
2
2
28
20
1
85
18
4
11
2
44
14
49
11
6
20
42
38
40
3
34
13
6
16
18
19
16
13
19
20
30
1
15
2
2
39
2
10
39
17
3
27
28
42
23
32
13
3
0
15
6
0
6
32
13
10
31
59
20
13
49
32
1
47
65
22
26
8
6
54
8
48
5
0
7
3
15
11
42
26
4
13
30
26
18
1
5
12
7
5
12
16
23
67
41
38
38
20
8
17
3
17
1
55
35
34
23
21
10
32
11
4
21
30
25
12
46
24
38
20
20
9
57
24
45
21
39
31
23
3
30
1
18
5
12
27
12
57
25
7
4
1
10
29
25
1
21
10
22
35
5
24
21
25
10
18
3
57
9
21
49
13
1
9
32
10
41
11
17
2
15
18
39
40
30
1
7
12
29
55
12
6
36
1
6
3
15
15
5
14
4
18
13
25
28
4
1
13
50
7
8
1
31
4
25
42
21
13
19
44
11
19
31
2
3
22
6
40
31
22
6
15
52
41
19
36
28
4
4
9
32
37
16
14
6
16
8
8
37
15
5
10
13
17
12
36
21
5
2
9
4
14
11
48
42
7
10
18
5
14
31
38
10
6
30
31
6
17
2
2
7
3
18
10
19
29
24
14
6
20
13
23
3
35
30
18
1
23
9
18
10
17
16
12
16
1
33
24
17
42
8
27
7
6
22
18
1
9
5
3
21
8
16
31
2
5
17
37
6
31
14
17
25
8
13
10
24
7
2
20
12
9
15
17
26
22
11
12
5
53
19
17
3
16
8
13
72
21
16
6
2
0
17
12
46
26
17
33
10
3
10
27
14
24
10
12
1
4
22
8
8
22
11
23
25
35
4
1
1
47
5
21
27
15
46
12
15
2
11
22
21
3
24
56
33
29
7
10
6
4
18
0
18
11
12
1
7
16
22
3
12
15
31
46
48
10
8
37
6
22
1
34
3
14
14
10
9
13
3
13
5
28
17
3
0
4
1
13
6
27
7
3
22
10
52
0
31
5
2
8
8
28
4
1
25
35
13
19
1
16
32
2
8
2
7
0
5
27
21
18
6
15
4
5
17
2
9
26
1
5
0
2
28
2
36
25
16
12
14
4
5
19
1
15
4
12
13
8
21
3
12
12
13
9
3
6
2
7
10
31
9
26
20
4
11
1
5
11
13
37
28
8
12
2
2
28
2
11
8
7
22
10
5
3
6
2
2
7
21
3
18
25
18
8
13
2
3
6
9
7
2
22
3
8
31
5
5
15
19
1
9
10
6
9
1
10
19
4
6
17
21
4
8
27
16
8
3
1
3
8
21
11
2
9
6
31
31
18
18
9
6
9
2
2
28
16
7
5
25
10
4
1
3
24
5
12
1
5
20
1
11
13
13
1
17
4
9
23
12
6
15
5
12
8
5
7
7
1
4
16
13
11
8
8
4
2
6
1
7
13
11
8
8
3
6
11
7
11
3
1
0
4
9
11
10
0
2
11
12
6
0
2
0
0
16
8
4
6
1
3
13
2
7
2
7
0
0
2
4
11
2
4
4
11
8
2
7
4
7
0
5
7
2
4
12
7
2
4
5
6
13
3
6
4
6
5
0
5
4
14
1
7
4
1
2
8
7
4
4
2
5
6
2
6
5
1
6
7
2
2
11
1
1
5
1
0
0
0
0
1
1
