3
9
24
21
17
17
17
40
28
40
31
14
76
42
8
14
14
2
6
12
4
38
10
12
10
25
4
13
35
23
1
13
71
28
0
22
7
18
27
0
13
24
3
34
6
8
4
14
5
41
23
5
8
2
50
35
19
20
40
7
14
30
9
15
6
37
8
19
4
42
13
14
4
5
36
3
20
31
67
5
41
8
30
15
17
16
7
37
36
20
12
1
31
39
7
33
22
15
36
9
6
16
27
26
12
15
4
27
11
4
5
26
14
16
16
16
2
45
11
10
39
26
23
29
31
14
29
36
47
39
2
17
17
4
7
19
21
10
23
25
34
33
17
43
3
22
4
7
2
5
46
13
16
41
17
15
10
11
7
26
5
12
5
39
18
3
13
11
36
38
6
29
14
8
15
15
20
19
15
44
3
17
60
40
4
0
40
43
24
10
24
2
17
14
16
61
9
19
15
27
31
21
18
5
42
0
14
25
23
18
14
8
41
18
17
4
2
37
19
29
3
18
39
19
57
0
3
26
6
14
40
14
17
40
16
2
15
6
44
6
20
1
63
13
0
19
47
9
30
10
41
16
28
10
48
20
20
18
27
69
14
26
9
30
13
38
3
10
11
1
8
44
44
8
27
9
8
0
12
21
26
29
24
0
8
12
45
9
11
13
10
16
40
7
34
23
41
2
6
21
19
13
2
20
4
22
20
23
47
0
21
10
13
23
0
22
8
15
4
21
38
48
21
8
8
4
32
9
6
0
19
29
18
28
27
18
21
25
17
21
11
22
25
16
1
1
11
66
0
9
15
18
20
25
0
6
23
44
20
9
18
19
18
21
2
24
19
18
27
4
12
9
1
34
22
6
1
3
14
30
19
15
22
37
14
29
7
10
14
1
5
4
0
21
12
6
10
30
41
14
25
23
19
20
33
2
11
9
20
9
6
18
3
17
9
4
5
23
6
12
12
45
17
12
14
20
10
4
37
4
26
4
6
20
25
5
8
5
20
6
7
5
16
0
19
31
14
7
4
27
1
9
16
14
20
2
23
16
10
28
5
20
13
13
2
27
3
21
4
17
1
34
3
3
14
23
2
16
4
3
15
36
18
3
10
7
1
3
22
6
46
6
19
27
8
11
12
6
6
18
28
14
37
2
5
6
1
1
5
20
12
8
15
36
19
11
6
2
5
26
6
9
26
11
11
18
31
17
1
3
9
3
7
14
16
14
14
3
1
25
6
1
31
27
8
4
0
16
8
8
12
16
2
8
1
8
3
14
7
3
36
11
7
10
22
13
2
20
10
6
9
1
11
29
23
27
16
5
2
13
20
10
13
5
17
12
1
8
11
8
4
17
27
13
5
15
11
1
18
3
16
5
9
29
19
4
17
25
16
13
20
8
7
11
19
10
11
6
11
3
3
6
18
15
17
3
6
4
3
15
4
4
19
3
22
17
11
1
17
7
3
4
9
3
8
15
15
9
14
0
18
3
13
9
1
7
14
15
1
19
17
13
4
13
12
10
7
27
25
15
22
1
9
4
8
4
1
8
14
4
6
0
11
16
19
4
9
5
22
2
17
6
5
6
14
6
6
1
4
6
16
3
1
3
9
1
18
6
9
2
10
15
8
1
7
5
8
17
9
5
1
2
7
20
8
0
5
2
1
6
12
9
2
7
2
11
8
5
1
8
14
21
8
6
7
7
2
9
0
8
5
12
7
7
7
4
10
11
5
1
3
28
6
5
3
2
15
0
5
9
6
2
0
4
3
1
1
12
2
4
10
8
2
3
3
3
7
2
4
3
2
0
1
3
0
1
1
1
1
2
