33
14
21
2
17
5
48
12
12
7
27
10
10
28
1
3
56
5
14
11
8
39
34
14
14
11
13
0
21
19
41
20
29
9
17
1
11
5
4
20
9
28
2
11
41
1
3
29
13
42
2
13
21
39
4
3
17
6
4
48
35
21
28
6
9
19
17
3
62
20
6
42
42
6
51
6
9
3
13
17
12
55
15
5
46
32
2
26
12
19
32
4
26
12
17
6
34
53
29
21
12
8
3
0
10
13
20
54
30
5
16
36
3
1
12
49
39
10
23
36
20
10
16
43
24
10
16
51
13
3
85
12
23
3
10
25
8
27
22
52
8
28
11
8
27
2
25
32
32
38
27
53
15
9
3
8
41
24
19
4
15
12
23
65
12
9
10
63
39
67
36
23
59
41
8
7
30
10
9
4
19
8
6
20
35
48
40
36
6
27
20
17
4
35
10
9
26
32
26
2
46
5
2
18
38
2
18
2
43
26
2
5
13
8
4
17
57
10
7
11
29
40
9
33
31
53
34
12
6
8
35
36
15
31
28
2
29
18
5
25
42
9
17
37
9
17
14
37
14
3
8
1
7
4
10
3
16
2
50
4
46
41
17
16
13
11
3
26
30
4
2
12
5
1
44
27
5
38
26
20
27
6
4
8
1
42
7
17
33
7
14
10
22
27
3
24
27
77
8
33
44
9
31
16
20
10
3
3
5
11
19
4
51
32
11
3
44
37
44
3
31
4
35
18
30
46
38
27
30
18
2
28
31
6
18
6
0
11
27
9
68
12
4
12
12
13
11
10
6
25
35
1
12
15
7
28
33
7
19
2
18
53
42
20
33
40
13
3
4
35
6
2
6
15
5
21
8
29
29
41
23
1
6
26
35
31
12
25
21
6
12
47
41
1
19
9
15
2
8
32
15
36
21
7
1
12
14
28
16
19
20
31
52
13
3
13
8
20
27
14
19
13
9
22
3
7
3
40
32
10
41
13
22
18
8
18
3
12
23
2
8
11
21
7
22
7
23
4
34
37
29
14
23
3
22
10
6
17
13
10
2
12
36
11
2
8
42
16
13
22
14
12
5
7
10
14
21
31
0
11
24
34
5
26
14
11
4
6
20
6
14
9
0
32
7
26
15
6
22
27
15
16
4
16
23
22
27
3
20
15
6
9
7
10
44
2
6
19
31
28
11
3
5
24
5
18
14
16
14
1
2
3
6
35
11
0
5
17
3
13
26
17
2
31
12
19
9
6
15
17
1
7
20
5
11
24
19
10
13
26
13
31
5
30
25
4
2
29
8
8
11
1
27
11
13
19
19
27
27
3
34
7
4
18
1
26
12
2
13
27
13
9
6
1
5
9
18
7
2
12
6
4
16
6
9
7
26
0
5
1
6
8
14
11
11
5
25
27
1
8
13
13
6
2
5
4
4
5
6
10
5
16
15
24
11
10
5
6
0
14
6
23
0
3
3
8
4
30
8
1
5
27
2
4
18
4
22
0
7
3
10
5
10
5
3
5
3
12
5
11
24
0
3
17
2
5
13
5
25
8
3
15
8
8
8
21
13
11
2
8
7
2
27
26
6
1
4
5
9
4
15
10
5
19
12
13
4
2
4
5
9
6
3
9
17
1
2
11
9
2
1
8
9
9
2
0
18
3
5
8
5
11
1
9
6
1
2
11
8
5
3
1
1
9
1
10
4
11
1
8
6
1
18
14
7
2
2
0
1
8
3
1
6
2
2
1
5
2
11
4
2
1
5
7
5
9
1
8
2
2
2
1
8
6
3
1
3
0
5
3
4
0
0
3
6
4
2
2
2
2
3
1
1
2
2
1
1
2
2
1
