19
13
8
3
7
13
1
5
18
0
38
30
5
8
22
32
22
27
12
15
19
1
28
10
9
19
14
24
1
21
28
11
4
8
40
3
49
6
14
16
7
34
26
2
34
11
20
12
20
5
31
27
4
14
11
26
55
20
3
13
27
12
1
28
30
7
17
14
1
23
9
27
12
41
32
44
31
3
2
23
3
18
59
21
27
36
19
10
4
1
34
27
3
15
43
25
4
15
27
50
13
3
11
7
39
12
17
7
18
34
1
5
26
43
4
33
9
16
22
9
24
21
5
0
29
59
17
12
20
7
28
11
31
28
1
19
14
54
16
23
3
0
1
17
25
42
30
31
26
9
3
13
20
22
9
15
10
23
20
16
61
6
20
12
61
10
36
15
11
11
15
26
21
26
47
13
3
12
1
40
1
10
16
23
16
30
8
1
56
18
52
0
33
29
37
1
9
34
16
7
17
51
4
14
4
4
43
15
15
11
8
37
10
23
27
4
8
4
10
2
23
6
45
3
11
19
28
98
1
25
23
7
30
12
2
12
33
18
43
3
28
11
2
27
6
34
36
13
15
20
25
21
15
5
15
10
31
8
2
50
24
43
18
1
64
9
26
4
11
36
9
15
26
22
5
9
55
2
32
3
2
10
14
13
33
4
16
8
5
8
2
35
16
4
48
5
26
12
32
4
49
24
30
20
10
19
7
17
37
8
12
25
41
54
6
12
5
13
6
4
47
15
37
5
35
9
6
6
5
24
23
16
31
14
10
4
37
3
12
4
30
17
40
11
4
7
43
8
8
18
56
16
0
24
10
4
21
29
3
7
35
17
2
13
21
1
2
2
27
13
5
9
35
33
0
7
14
38
21
2
0
16
11
11
5
10
57
14
10
8
6
19
6
43
61
13
50
33
7
3
14
5
8
21
21
22
14
12
20
2
6
1
8
13
23
14
3
34
19
9
30
50
12
23
37
9
27
41
6
22
12
10
23
4
4
9
16
5
18
6
19
38
3
23
21
10
8
32
23
49
11
2
28
5
6
38
3
2
11
6
37
26
15
24
32
3
27
27
8
5
1
14
2
25
16
17
6
10
0
23
49
8
7
2
14
10
14
24
17
14
19
7
8
27
11
16
8
11
17
11
33
10
18
4
16
19
16
47
15
13
21
3
9
5
12
14
4
23
37
20
3
16
40
29
3
9
7
21
2
13
11
13
21
17
10
14
42
42
25
14
11
19
45
11
7
10
18
11
2
4
11
15
14
2
20
8
21
1
8
8
17
9
13
31
19
22
29
4
5
14
1
12
9
6
26
18
15
22
13
11
12
8
8
2
22
1
8
16
5
53
18
7
13
29
19
7
12
9
9
18
1
12
14
5
24
4
9
25
17
13
34
7
20
10
19
5
4
3
3
7
15
9
0
9
38
6
15
6
32
2
5
1
14
4
14
35
15
10
2
1
15
2
7
3
3
11
3
6
7
3
22
7
2
24
10
2
6
2
16
35
3
7
11
2
11
20
4
6
28
13
2
2
13
8
3
8
10
12
8
8
16
7
2
3
3
8
22
4
3
7
12
14
16
9
25
3
19
6
25
9
21
4
2
11
3
5
0
11
13
1
2
2
18
14
18
5
5
16
1
6
2
7
3
5
8
8
4
2
11
15
9
5
2
6
3
11
12
5
5
4
0
5
4
6
5
21
5
0
4
2
0
12
8
11
6
10
6
12
1
5
14
7
18
2
6
9
13
6
13
2
1
5
15
2
16
3
3
4
6
14
6
7
4
16
7
2
0
14
3
6
1
4
0
11
5
5
0
1
4
2
1
1
2
0
3
1
1
1
2
0
4
3
1
2
2
2
4
2
0
0
