18
9
26
40
25
22
13
24
18
15
10
19
27
2
26
3
21
19
5
5
3
21
18
25
17
10
36
41
20
24
24
9
2
40
50
3
34
21
7
14
16
20
35
1
0
44
8
12
32
2
37
16
81
50
21
19
5
14
35
7
9
29
3
11
8
27
31
58
26
6
49
22
9
32
7
26
19
22
2
25
19
11
46
19
9
7
26
23
9
30
14
11
3
5
53
1
46
51
38
31
2
6
18
34
11
3
34
22
55
25
1
16
12
6
8
28
30
8
7
2
6
38
40
46
25
1
9
2
15
2
39
25
28
1
23
36
2
2
2
36
32
14
16
11
22
30
4
4
25
36
27
6
36
10
10
19
30
43
1
9
14
30
29
19
8
47
67
26
13
19
35
15
12
22
30
5
9
33
1
31
10
20
20
4
15
7
24
35
35
5
29
1
30
18
9
35
43
8
1
6
8
11
6
27
39
4
38
14
34
3
9
51
25
22
2
16
8
2
35
19
23
1
3
1
32
11
9
14
0
11
20
37
25
1
7
1
12
16
6
19
1
10
15
16
25
49
27
16
11
2
9
22
6
11
32
8
11
5
22
33
20
15
17
9
1
32
68
37
23
3
52
25
23
25
25
32
16
6
28
1
19
10
2
30
9
3
31
0
3
36
37
24
22
10
8
3
11
15
17
1
23
15
15
10
19
17
32
28
13
30
9
11
21
36
22
11
50
11
41
30
9
39
40
13
2
16
19
13
14
19
21
5
32
28
7
5
5
16
48
5
3
34
16
42
20
28
0
0
20
1
32
23
22
1
46
3
3
44
47
25
17
29
15
7
7
8
28
47
1
4
28
20
3
8
2
20
15
11
31
13
24
37
0
3
5
7
17
4
20
4
0
39
29
17
39
2
5
9
42
13
14
9
14
6
9
34
30
23
9
12
3
6
3
9
13
1
17
21
5
30
29
14
2
23
24
21
0
17
29
42
45
7
38
4
24
11
23
35
27
8
2
0
27
2
19
6
14
26
16
30
15
4
24
1
52
18
22
26
5
15
4
30
8
15
24
21
37
24
3
16
29
9
6
5
8
16
11
0
23
9
20
8
24
10
17
11
8
6
9
25
29
13
13
44
14
3
6
44
3
11
31
25
5
53
26
12
45
16
26
14
10
14
14
6
49
20
23
25
3
11
52
12
7
22
20
41
15
2
4
8
14
4
6
20
32
35
11
18
23
27
1
13
20
30
4
36
40
43
8
9
0
23
7
1
12
20
20
8
6
13
8
18
20
2
13
33
3
0
28
9
6
18
9
13
56
20
8
20
16
23
23
1
12
5
20
6
24
6
17
9
2
15
13
8
5
5
11
12
11
9
12
21
11
16
2
12
1
11
6
2
21
28
10
4
22
1
16
14
8
6
7
10
10
9
15
4
12
1
8
25
7
7
17
3
29
5
3
8
4
3
5
3
5
8
5
13
22
3
0
4
4
5
8
14
11
2
9
29
1
7
16
14
21
1
3
10
4
10
6
6
4
2
6
18
2
12
5
8
1
0
7
3
7
15
9
14
11
5
8
3
7
7
10
5
26
13
15
11
6
9
18
13
7
7
11
11
7
6
7
4
7
5
8
10
14
4
9
7
5
13
1
12
3
5
10
24
2
15
3
13
7
21
10
21
11
2
7
10
10
3
6
6
7
10
27
5
5
8
18
23
8
13
3
9
18
5
13
3
9
8
9
1
3
2
0
9
9
2
2
11
2
7
2
12
1
3
13
10
2
12
10
6
2
9
3
8
16
1
6
1
5
12
4
1
5
12
1
4
1
1
2
5
1
6
1
13
6
3
1
5
0
3
7
1
3
0
3
6
3
3
2
2
2
2
1
1
3
1
2
2
