9
13
1
12
17
6
21
31
8
56
19
21
7
10
11
2
12
25
49
14
13
29
8
1
13
9
0
26
35
27
10
51
13
6
3
36
43
15
3
29
40
28
15
62
0
3
10
2
42
37
26
43
9
40
7
3
38
2
19
49
12
50
34
17
16
42
7
26
32
20
8
7
16
21
4
14
40
44
42
6
30
30
42
29
18
9
9
0
28
29
15
8
23
20
18
6
7
6
19
13
14
18
40
58
21
42
0
1
20
27
23
12
42
31
12
0
35
14
11
27
28
37
24
27
11
51
8
37
14
8
40
9
10
33
25
3
7
30
8
26
16
37
11
35
47
32
1
10
4
8
9
7
30
26
6
19
17
31
3
28
13
39
12
45
16
37
22
2
30
35
38
5
20
22
29
19
5
15
13
11
9
12
31
37
29
2
25
3
3
14
34
64
23
14
69
36
24
26
22
16
51
58
3
14
35
16
12
38
43
16
1
6
0
3
14
15
52
16
22
17
57
3
42
13
38
7
29
13
9
6
21
12
12
15
12
1
26
49
0
33
6
22
39
1
27
2
23
20
9
10
14
67
6
20
13
18
2
36
9
33
11
0
3
25
8
13
25
1
27
31
1
8
11
1
45
5
16
17
2
29
25
43
5
6
28
17
33
12
3
10
13
17
10
9
26
6
56
19
6
39
1
4
34
38
11
1
5
3
3
3
26
13
20
33
13
19
5
10
4
7
2
2
9
11
3
8
16
11
27
27
40
2
25
5
4
10
7
28
7
32
18
5
56
10
23
14
1
14
2
13
25
9
18
14
7
3
21
13
14
12
12
9
25
14
12
32
12
14
38
50
1
9
20
23
4
10
8
16
27
12
3
8
6
43
17
21
23
3
42
16
3
9
8
7
9
18
14
10
1
20
21
12
38
1
4
9
11
6
42
37
16
4
25
35
40
12
8
15
6
17
2
14
25
32
9
23
25
5
12
26
4
7
21
8
14
7
8
20
29
0
22
12
11
17
27
8
15
3
3
3
14
8
32
5
11
17
14
1
33
13
3
7
15
37
7
9
19
13
49
0
3
22
49
3
17
2
10
18
5
5
4
6
33
33
24
1
17
1
6
15
6
28
0
4
8
26
7
22
3
6
46
11
4
24
3
23
21
1
18
0
18
13
5
22
16
3
38
10
4
23
14
7
4
27
25
44
36
17
9
11
15
8
19
20
9
15
0
2
7
16
15
9
9
32
6
16
31
1
28
2
1
27
6
26
2
18
8
13
1
3
12
4
2
9
3
24
11
6
22
20
5
13
29
1
28
6
19
33
14
10
14
5
3
5
9
14
11
12
5
7
22
13
19
26
4
12
20
35
11
14
9
10
3
21
11
22
14
3
45
15
12
31
5
5
26
5
20
17
12
11
6
21
1
15
35
2
9
16
16
4
6
28
3
15
5
12
10
30
8
2
24
14
14
9
4
16
4
3
11
16
4
6
3
22
1
5
5
12
5
15
10
16
9
9
5
7
1
13
0
3
28
9
8
17
11
11
11
7
1
12
2
12
18
11
8
12
11
5
1
28
0
5
3
6
13
7
18
6
0
5
8
1
9
2
12
19
9
14
10
4
34
2
31
1
5
11
1
34
12
4
18
11
3
4
3
2
6
14
16
18
6
3
2
0
11
1
14
2
4
4
11
10
17
11
5
2
9
8
18
3
1
7
15
7
1
7
6
5
18
1
8
7
1
2
9
6
9
9
12
6
1
1
13
1
4
10
1
2
5
15
5
1
17
3
0
5
7
9
7
1
3
2
1
2
0
3
16
1
2
3
6
8
1
1
1
7
5
9
0
5
4
14
6
6
9
2
1
3
4
2
10
2
2
2
3
1
3
0
5
2
0
1
4
0
1
1
3
1
1
1
