9
1
2
13
30
17
11
46
17
62
27
5
17
2
1
14
13
3
13
1
1
10
19
4
23
11
7
12
5
15
58
23
27
21
12
25
12
14
25
36
1
9
14
11
40
3
22
68
18
41
19
44
29
12
8
55
1
31
22
50
25
24
50
20
15
25
1
7
28
42
25
2
22
3
33
41
24
22
41
3
15
20
3
11
20
27
25
5
38
13
15
13
6
1
17
57
45
36
24
51
44
35
20
10
20
12
14
10
6
8
4
11
34
40
23
59
61
30
77
39
31
35
17
40
40
3
47
28
42
1
9
34
21
8
2
4
14
1
32
7
8
7
7
7
56
42
6
29
13
34
12
3
25
8
11
2
5
17
0
34
44
53
25
9
1
19
20
45
2
10
41
6
7
22
46
33
51
14
16
6
4
34
38
11
2
10
18
30
65
7
30
24
5
22
49
29
40
33
18
10
71
13
15
0
7
42
37
29
27
17
24
21
5
3
15
27
13
4
5
3
2
7
3
70
6
19
37
8
13
12
25
22
16
13
24
30
1
29
29
15
7
4
41
38
12
6
48
5
46
45
27
13
12
3
1
33
1
8
39
33
22
18
54
42
36
21
5
13
37
12
30
42
22
25
15
7
3
18
29
17
8
3
45
9
9
6
35
23
1
6
32
22
0
15
43
17
20
7
5
13
9
20
6
19
2
33
40
34
4
39
25
0
14
12
5
41
39
9
14
17
14
53
18
6
10
65
26
38
1
32
12
26
12
2
6
11
12
14
4
38
18
21
3
8
16
10
13
4
18
16
36
2
37
23
21
14
14
4
15
23
61
16
28
4
3
26
32
21
4
2
18
12
9
2
20
5
2
30
1
29
12
14
2
11
32
7
24
2
13
10
9
5
16
4
11
23
23
13
27
29
9
2
22
3
4
12
2
30
6
6
53
9
25
16
17
30
3
19
24
24
16
5
1
6
36
14
15
7
30
7
11
1
1
15
4
2
19
28
31
12
37
32
21
18
12
33
8
4
14
13
1
8
30
14
14
17
20
17
14
2
3
4
16
10
7
30
3
3
11
25
10
19
36
31
12
25
29
17
20
9
7
7
9
2
12
19
18
5
4
37
42
8
14
24
14
0
9
17
5
9
11
2
11
22
4
18
22
5
38
7
4
11
28
38
17
14
30
16
4
9
13
6
2
14
13
32
1
8
8
10
27
18
20
1
10
14
3
13
9
9
12
23
8
12
6
35
13
20
3
6
39
15
11
22
11
12
7
9
11
15
4
10
15
5
19
4
2
12
2
7
16
4
13
1
8
17
13
17
9
37
2
24
14
16
7
3
0
16
12
13
37
4
2
12
1
3
16
24
2
11
19
10
18
18
11
15
16
29
14
6
11
14
2
6
10
6
15
20
12
11
3
25
6
5
6
9
3
5
15
0
5
23
6
9
22
14
25
3
3
14
2
7
15
23
10
14
21
14
7
15
4
9
0
3
9
4
20
5
14
21
13
2
4
8
21
5
7
10
19
6
19
32
29
17
5
2
15
9
4
40
8
14
2
9
7
10
21
9
2
4
6
6
9
11
13
11
2
2
10
20
6
22
6
3
5
22
13
33
1
11
6
6
2
2
1
9
1
1
8
10
5
19
0
11
14
11
2
8
20
23
30
5
11
1
6
11
4
7
17
14
1
11
8
6
17
21
3
16
15
4
8
9
3
15
0
16
9
1
1
8
5
13
9
1
13
5
16
5
15
2
4
5
15
12
19
5
4
1
9
7
17
8
7
8
6
2
12
0
8
10
9
7
4
1
2
4
1
3
7
9
4
2
17
6
8
1
12
0
11
4
3
0
4
12
3
5
14
7
7
4
3
7
3
1
9
6
4
5
4
8
3
5
3
2
6
1
4
4
2
0
2
4
4
3
3
2
2
2
0
0
