14
5
29
18
5
18
4
15
25
40
14
16
23
13
22
15
6
16
6
28
53
3
15
23
16
22
22
22
23
12
9
5
52
13
11
24
40
9
34
20
30
17
11
1
12
3
8
10
15
8
16
19
45
24
41
39
24
5
19
1
41
25
22
9
49
25
2
42
13
0
4
28
24
47
45
3
37
8
14
9
19
1
15
18
32
9
36
12
23
2
31
2
18
18
31
38
28
18
3
24
22
27
21
6
66
14
17
11
25
38
2
20
37
43
9
6
50
17
37
17
1
18
20
54
10
19
42
25
17
12
32
19
16
27
10
0
4
33
2
1
55
13
16
8
8
30
2
10
7
1
6
25
18
35
20
16
53
21
28
3
22
44
35
29
18
8
4
14
1
32
6
64
3
13
15
1
20
30
35
25
15
33
44
18
23
13
6
20
1
24
27
19
56
29
1
49
41
11
19
12
6
2
34
32
3
54
77
2
17
64
29
12
43
29
3
12
33
12
33
4
14
10
11
45
62
35
5
19
10
3
33
12
12
31
4
35
27
44
4
1
12
35
30
0
40
17
7
3
1
8
8
46
27
8
48
11
3
41
27
34
50
40
9
28
13
9
26
23
11
7
10
39
45
26
41
14
4
31
10
4
3
16
58
35
14
16
28
9
33
4
3
37
14
26
19
11
22
26
3
10
28
3
38
11
1
31
31
25
19
19
39
0
10
6
2
15
3
5
15
11
14
27
13
64
0
27
14
19
2
38
29
12
16
37
17
36
16
25
18
8
25
3
17
21
32
2
22
10
10
14
2
0
39
24
21
6
24
6
13
11
0
19
41
43
26
31
6
19
29
15
8
33
38
0
21
0
26
12
16
8
32
2
41
5
40
26
56
3
14
9
6
36
11
10
12
10
19
0
3
33
5
10
33
23
16
16
1
16
17
17
4
15
16
13
15
7
24
7
13
4
13
2
23
14
25
7
13
19
7
27
0
38
17
6
17
19
2
8
1
9
4
5
10
19
3
21
26
10
17
31
36
8
6
16
0
4
20
23
48
9
9
5
2
1
25
18
15
12
0
12
3
14
3
20
13
9
13
15
34
5
29
3
25
38
6
9
45
0
15
1
19
25
10
22
17
27
14
17
15
15
4
8
6
2
33
8
27
16
43
8
7
17
14
13
1
32
11
8
7
15
29
7
5
24
9
11
16
14
17
5
11
5
37
34
64
5
3
11
15
10
6
2
17
25
9
13
12
3
15
3
12
31
1
19
10
13
13
0
12
3
6
18
2
2
9
14
36
10
26
1
14
9
10
8
28
12
20
4
28
10
12
5
4
18
13
7
11
8
2
15
12
11
9
27
6
24
10
2
3
8
0
16
35
24
6
2
3
9
3
12
6
7
2
6
16
22
19
7
10
7
7
18
7
6
2
19
10
26
3
5
28
20
12
14
9
36
13
11
2
7
14
14
34
5
5
15
6
2
3
3
15
5
3
12
14
13
1
24
19
17
14
32
0
20
2
4
6
18
9
15
5
2
9
23
10
8
17
3
5
15
0
1
2
13
8
6
1
11
13
7
4
0
11
5
10
21
7
8
8
16
2
21
2
8
10
27
7
0
2
1
5
4
17
16
25
5
1
6
9
5
26
9
10
4
9
2
6
14
17
6
3
13
7
2
4
1
4
11
23
17
15
1
14
17
10
24
5
4
11
19
9
7
16
1
4
2
6
4
28
1
13
10
3
14
2
7
2
4
10
6
9
1
5
3
3
4
8
4
17
10
0
2
5
2
0
9
2
4
14
7
3
5
16
4
8
4
15
5
11
11
10
4
8
3
1
5
5
0
11
11
6
1
14
10
1
4
15
2
4
2
4
7
5
2
6
1
1
3
2
11
7
3
3
1
0
4
5
2
5
0
2
5
2
0
2
3
6
3
1
4
6
3
5
2
6
4
3
0
0
0
