6
1
23
28
4
32
26
6
43
19
4
51
0
16
4
18
1
14
3
1
3
26
1
7
5
43
10
26
10
20
42
28
10
7
10
31
2
18
43
3
35
13
7
14
4
11
5
18
46
36
5
1
41
33
33
48
8
11
12
19
16
1
9
32
14
35
18
50
26
6
32
28
12
34
1
40
17
3
4
9
22
2
33
22
18
18
13
21
1
62
20
23
13
25
12
8
31
1
14
21
31
22
2
2
27
36
30
34
46
10
13
14
60
16
18
13
16
43
38
2
12
19
2
33
30
63
13
18
36
58
4
12
15
3
23
44
16
30
22
32
9
5
43
22
2
2
4
12
6
16
5
16
8
5
9
33
45
75
20
10
2
38
11
24
7
17
2
28
5
32
6
11
38
36
8
14
8
4
25
18
84
7
23
8
9
1
3
17
12
19
13
25
15
21
23
3
2
18
35
7
13
22
3
16
24
20
13
27
11
30
32
9
18
6
21
5
52
4
30
62
20
11
6
11
26
18
42
31
9
34
3
20
8
2
13
45
18
33
2
20
29
2
22
10
11
81
17
9
9
44
0
16
28
54
11
43
11
4
44
18
9
17
40
19
59
7
5
1
23
1
19
16
30
47
22
3
8
20
42
13
2
27
36
36
25
36
4
12
12
3
5
31
8
31
48
42
44
8
44
11
23
54
8
25
12
10
27
33
23
24
7
10
2
30
8
29
16
6
14
7
17
65
19
7
18
4
7
14
53
56
4
4
3
26
33
3
29
2
24
8
27
19
4
30
1
5
20
2
22
20
9
16
40
5
29
31
8
34
21
7
3
7
24
1
18
22
2
14
20
29
19
7
30
10
38
33
13
20
4
37
3
6
21
28
31
0
2
31
17
17
31
20
2
17
5
3
12
17
18
12
7
8
26
0
0
29
12
18
24
6
7
5
36
18
6
14
3
33
21
7
6
9
22
42
1
28
19
8
32
0
3
4
35
3
5
2
1
15
6
9
31
13
4
21
6
28
29
29
43
14
37
4
10
12
30
2
16
2
2
8
2
27
13
29
14
30
23
8
14
58
39
18
1
12
43
6
24
28
6
9
39
9
10
1
5
9
9
15
7
4
3
25
16
35
34
1
10
45
15
19
1
27
10
4
30
19
4
11
5
12
12
15
12
7
3
5
48
10
4
15
3
23
8
25
11
8
15
18
6
14
5
15
26
2
22
14
7
5
15
4
2
9
3
6
15
9
5
7
6
33
13
25
25
9
7
25
29
20
5
2
2
3
2
8
29
19
9
2
0
7
0
27
15
6
13
2
4
10
13
30
14
11
0
9
32
18
8
16
7
2
11
2
9
6
4
7
10
8
17
12
17
23
5
9
33
3
4
11
8
4
16
8
38
7
8
15
21
41
15
16
2
8
29
5
10
2
5
18
18
22
6
9
10
8
13
12
32
19
17
8
24
10
1
5
1
4
8
6
12
4
9
10
20
17
28
2
12
18
16
25
8
14
16
9
19
4
10
1
12
2
10
25
7
7
4
13
22
8
10
16
19
4
9
4
5
1
8
8
2
15
6
27
0
22
4
4
13
5
5
4
20
20
8
3
15
4
6
12
17
14
19
6
3
16
17
3
8
12
4
8
4
5
16
16
8
14
8
1
36
21
17
21
18
22
4
2
1
16
6
19
5
2
3
10
2
7
19
4
20
13
6
11
7
12
4
5
1
13
4
11
11
14
1
11
3
19
12
6
2
10
1
24
9
4
2
8
1
3
2
3
4
17
7
2
3
15
0
6
9
11
10
1
1
4
6
3
2
12
4
4
1
6
9
7
1
1
5
1
12
12
1
5
7
8
4
8
0
3
6
2
7
6
7
1
17
13
14
10
3
1
2
11
1
7
1
1
7
9
0
7
2
4
6
9
0
2
7
3
13
0
3
2
7
5
0
1
5
4
1
4
5
1
4
3
4
2
2
2
0
0
