13
4
9
12
3
5
4
18
9
15
7
33
15
1
58
16
59
13
8
10
6
15
33
15
18
7
6
19
5
8
1
20
3
15
0
2
6
30
5
17
8
22
10
25
4
12
4
10
12
12
3
6
36
10
4
14
47
24
8
28
5
33
48
17
19
62
13
11
29
53
8
46
42
33
25
21
1
15
18
7
1
1
8
36
37
19
16
5
28
5
23
34
3
44
0
28
0
21
34
2
29
11
33
44
7
0
36
44
2
1
54
34
14
17
36
17
1
8
68
10
21
31
33
5
11
43
14
8
10
36
11
30
41
60
19
28
34
52
53
56
18
5
5
1
34
67
14
27
28
7
28
27
9
1
29
22
17
2
29
25
24
28
41
2
10
17
38
67
32
63
19
14
12
13
5
21
14
20
2
18
21
32
51
28
17
22
23
51
0
9
23
6
10
27
14
26
6
16
23
23
27
31
21
11
0
5
34
13
4
4
36
34
35
21
16
34
12
31
6
20
18
28
13
2
18
15
11
2
57
13
13
32
13
1
34
2
1
19
7
9
20
33
11
17
11
34
9
6
5
20
45
15
2
22
5
11
20
28
6
10
2
10
1
19
2
9
2
16
26
8
11
48
12
24
15
48
17
20
18
12
6
16
36
17
4
8
24
15
6
10
14
21
22
3
21
25
18
25
0
13
3
9
48
23
11
18
10
0
37
0
14
58
11
9
7
2
7
13
18
16
18
4
31
26
18
37
35
47
12
24
61
4
3
9
6
29
27
9
22
3
27
20
10
14
8
34
38
28
73
5
13
14
20
8
23
0
3
14
19
15
33
25
21
29
37
23
24
1
29
28
30
54
24
7
27
25
1
1
25
27
12
55
0
13
13
34
6
16
10
16
6
58
4
34
20
33
38
10
22
14
44
2
38
4
25
3
20
3
5
14
35
27
3
3
10
4
22
15
7
43
31
40
20
1
22
7
24
21
11
23
28
2
5
21
5
8
5
7
29
23
40
25
9
31
11
26
12
26
12
14
1
23
47
8
31
2
8
2
2
27
29
6
12
6
15
8
21
28
3
22
13
6
2
11
30
26
5
9
6
3
17
23
10
40
52
5
15
7
18
10
12
9
1
22
2
25
4
4
36
24
11
6
1
10
16
23
13
15
6
12
16
10
16
15
36
41
6
3
21
3
21
17
22
7
16
2
41
33
19
3
19
13
1
16
14
26
17
32
12
14
34
10
13
0
28
5
34
12
1
16
13
16
29
36
13
21
6
15
19
11
15
3
16
39
22
2
12
12
5
1
5
1
15
12
14
23
6
18
7
15
12
2
13
21
0
2
5
9
35
8
11
39
17
6
14
29
3
3
9
19
21
11
28
8
10
8
1
7
1
8
7
13
0
2
36
10
11
15
2
13
11
12
36
9
24
14
12
17
10
10
37
5
14
8
27
2
24
24
1
5
15
13
10
23
28
10
6
10
3
2
14
17
30
1
10
12
3
28
7
8
17
19
1
12
0
35
12
5
1
19
9
5
23
26
1
4
6
15
6
12
27
25
16
1
10
3
7
3
3
2
8
4
10
12
16
6
15
17
3
4
23
4
4
20
0
3
3
13
4
5
24
7
16
16
7
2
3
7
2
4
2
11
15
3
30
17
23
1
12
18
11
14
3
1
7
10
9
15
18
11
9
4
6
3
3
2
20
11
18
10
1
18
15
11
25
5
18
9
14
3
29
0
13
10
2
7
3
7
29
4
10
1
1
10
19
11
1
9
0
2
2
26
7
26
3
1
9
11
19
24
19
8
4
2
8
5
2
12
6
1
8
2
4
6
5
4
8
1
3
1
6
13
1
7
9
6
20
6
15
7
5
9
7
3
7
17
7
9
1
2
15
3
4
7
12
12
3
1
6
13
1
3
7
5
7
6
2
1
8
6
5
2
2
0
7
4
4
7
6
2
2
6
4
1
1
0
3
0
3
1
12
5
1
3
2
0
1
3
0
0
