10
0
11
3
8
47
2
32
37
7
11
9
30
36
1
16
14
12
11
38
34
30
8
13
37
12
21
5
0
12
4
40
36
33
1
30
27
7
8
24
17
19
1
19
18
29
35
21
15
31
12
32
26
50
45
28
23
34
19
6
12
13
37
13
39
7
4
17
18
3
40
68
16
69
13
96
6
16
10
15
9
14
41
28
9
13
10
28
17
23
17
7
8
53
35
2
4
37
38
34
5
21
33
13
49
10
23
13
23
27
36
2
1
12
8
5
11
7
4
11
6
21
15
17
8
21
45
10
55
1
31
15
13
32
25
7
15
13
11
8
4
6
11
33
4
43
29
31
20
26
7
32
2
13
4
14
17
24
12
45
36
40
10
7
50
13
39
35
50
0
27
22
45
9
10
1
30
22
31
1
7
6
44
20
10
43
43
8
1
27
23
40
14
31
24
35
12
23
6
8
11
6
23
5
7
40
18
42
6
32
29
21
9
28
2
19
7
10
3
11
34
77
37
8
21
0
27
8
20
32
43
2
6
20
32
9
21
37
16
3
16
31
25
19
9
25
8
7
11
1
5
12
11
19
6
19
30
10
23
27
11
9
27
21
61
12
23
16
45
0
1
19
42
19
28
16
47
3
27
34
16
20
14
4
28
42
29
24
45
6
12
3
8
6
8
14
6
9
40
8
16
3
15
21
27
3
31
2
1
33
25
15
41
15
49
18
51
2
29
7
9
3
10
13
31
32
9
7
10
26
14
10
6
7
23
8
8
43
8
13
2
23
6
18
2
6
1
33
42
10
16
11
1
13
9
5
4
38
17
24
36
8
14
18
27
9
4
20
42
28
5
23
22
2
18
53
29
40
20
25
9
3
11
9
13
35
20
5
11
17
12
37
24
10
45
9
2
5
35
26
1
12
27
16
4
11
8
17
29
8
16
33
46
14
7
0
8
17
3
43
17
36
43
16
10
14
38
21
3
1
6
3
18
13
8
21
14
26
0
27
0
24
3
35
13
36
32
14
1
6
32
2
34
1
31
2
15
3
26
41
7
10
27
38
5
1
11
34
19
4
20
20
2
9
6
21
5
11
2
44
5
22
9
20
11
47
7
5
16
25
13
17
41
34
3
22
5
9
30
6
25
1
3
5
14
21
5
33
12
0
0
34
31
11
10
2
1
25
35
10
32
0
2
12
10
18
2
9
5
17
11
5
27
39
21
13
2
6
19
21
3
17
21
37
14
6
5
9
3
12
41
4
27
2
10
5
11
16
25
19
14
14
4
19
5
16
18
51
15
27
11
13
16
5
20
25
2
6
11
14
12
5
6
7
12
20
18
10
39
9
20
6
14
31
12
14
4
0
3
20
1
8
6
14
1
23
19
5
9
2
19
12
7
13
4
21
8
15
38
28
5
11
6
2
10
8
13
2
9
11
27
11
10
3
10
1
14
19
15
16
2
24
1
36
3
15
7
30
24
1
18
20
4
43
29
19
21
7
0
17
20
1
16
12
7
16
7
22
11
6
12
8
9
6
19
13
24
7
17
1
18
8
3
9
18
12
32
13
19
3
1
21
1
21
9
16
0
7
12
5
6
11
15
4
3
19
12
0
7
14
9
7
10
5
5
2
0
6
18
1
7
16
1
17
4
8
1
10
7
3
8
8
2
1
1
6
6
6
14
18
5
18
16
7
0
19
3
9
11
22
12
0
9
12
8
1
1
4
4
16
3
13
12
6
4
11
27
20
3
19
3
10
5
2
4
4
8
11
20
10
4
9
2
8
3
0
6
7
10
7
10
6
10
3
4
13
13
9
12
8
8
15
1
15
1
6
11
30
4
4
1
7
1
11
2
3
5
4
1
5
5
2
5
9
7
21
7
3
2
9
10
3
4
4
9
12
2
5
16
4
1
10
3
2
8
8
2
7
0
0
8
8
1
3
2
5
1
1
7
3
5
3
3
6
7
2
5
0
2
9
1
8
0
5
1
2
2
5
8
3
1
1
5
1
2
0
3
0
0
0
