7
5
31
12
5
3
19
42
8
2
5
10
16
24
20
13
23
24
5
37
59
22
6
5
44
23
9
8
16
1
27
7
6
60
6
35
44
14
17
23
2
6
13
10
2
16
14
3
26
4
19
29
25
43
22
18
4
7
54
0
36
21
49
0
17
18
19
47
29
45
4
2
15
61
61
53
11
14
8
17
66
29
15
5
7
2
50
8
44
11
34
10
16
20
43
17
5
22
40
27
11
7
30
19
12
50
35
9
19
96
56
21
24
14
1
6
3
31
5
46
14
21
41
36
55
8
13
33
21
27
47
27
10
30
16
15
56
27
9
5
9
12
13
45
23
4
22
9
65
29
25
9
15
27
60
19
51
40
1
13
1
14
17
1
27
25
23
37
28
17
0
32
15
20
20
6
48
31
6
29
14
30
33
7
14
4
15
44
72
16
22
42
7
50
8
33
6
61
54
31
10
35
23
3
5
12
20
2
25
5
46
18
17
33
14
7
15
20
29
12
82
38
11
41
26
49
6
33
12
10
2
10
17
11
68
8
6
21
50
21
35
8
9
11
2
25
23
10
19
11
12
93
28
5
45
38
12
49
8
24
21
21
24
9
9
9
18
23
13
31
49
20
7
17
12
30
9
43
44
18
19
20
29
36
15
32
3
9
32
6
8
3
6
17
51
2
19
40
25
8
33
38
17
39
26
3
27
9
5
28
1
3
20
8
1
37
29
46
0
7
7
42
14
12
27
15
27
3
24
11
0
11
17
1
16
7
20
32
6
4
22
12
25
4
23
7
28
60
7
24
34
68
18
12
12
6
10
19
2
4
22
22
36
20
27
6
8
10
27
20
32
22
50
7
5
26
3
8
12
0
9
22
10
9
16
10
38
17
32
1
4
8
6
3
63
31
29
27
21
11
11
20
19
49
2
18
3
24
5
9
32
4
20
46
42
10
22
16
10
10
29
23
12
1
12
3
12
48
2
19
53
19
20
6
6
52
23
18
3
9
43
18
15
25
2
29
12
30
3
15
15
25
1
4
5
11
5
11
13
12
3
24
8
3
50
50
31
17
14
19
27
17
3
27
3
6
13
5
14
20
32
25
8
32
6
20
23
7
40
15
26
24
29
5
21
18
35
3
28
19
11
15
11
29
46
8
4
10
48
16
4
8
30
30
29
14
9
55
20
32
2
25
32
15
45
10
31
18
28
9
11
29
3
1
9
8
13
4
5
8
17
17
32
3
13
9
12
10
16
16
2
9
6
23
15
15
13
15
20
4
12
5
18
22
11
18
5
7
46
31
9
6
10
10
30
4
21
18
2
6
13
7
28
12
14
17
10
0
7
21
28
14
23
9
8
20
6
1
9
2
1
18
10
19
19
4
9
15
22
24
3
44
15
4
20
7
20
14
25
3
29
15
27
12
6
4
48
7
29
22
2
25
20
1
7
14
1
11
2
6
14
17
18
9
13
15
6
1
20
12
27
0
27
19
21
13
17
2
8
14
22
17
3
17
11
18
4
6
6
18
1
2
27
3
8
31
11
16
1
1
13
10
18
0
0
22
4
9
1
7
5
9
2
12
15
7
1
5
5
9
18
13
22
17
0
7
1
5
7
1
18
0
9
12
12
17
25
22
21
10
4
26
9
11
16
8
5
12
11
6
39
1
4
6
14
6
17
0
16
3
22
3
11
36
10
11
0
12
0
2
10
8
2
8
10
7
4
12
6
16
12
10
4
6
3
10
8
6
3
11
5
1
9
1
25
19
13
9
15
13
2
5
5
17
23
11
3
12
4
1
5
18
9
6
15
9
6
4
20
8
8
1
7
16
1
7
4
14
5
12
6
15
6
1
9
3
20
1
7
2
2
6
10
18
13
7
32
11
2
5
10
4
10
0
3
6
8
7
3
8
6
1
3
15
1
10
3
1
3
4
3
1
2
5
3
0
3
3
1
7
3
5
0
1
3
3
6
10
7
4
2
2
1
3
1
3
4
3
6
2
3
1
3
10
8
2
5
5
5
3
0
6
3
5
0
2
1
1
2
0
