8
18
5
14
21
16
8
55
7
7
18
7
1
14
36
3
18
13
17
5
18
10
18
14
5
41
16
7
35
6
29
41
17
35
19
9
3
5
26
28
18
38
29
27
3
19
14
42
42
20
20
33
5
8
2
37
58
57
25
11
1
24
26
17
29
22
15
84
19
36
48
38
26
6
27
70
3
24
35
19
29
7
7
3
12
0
32
55
6
37
17
4
16
31
18
7
41
24
38
18
23
12
33
19
39
17
85
30
0
31
34
11
9
16
34
5
17
22
56
4
8
10
27
7
1
9
35
7
8
4
36
52
44
29
7
17
19
6
3
49
2
23
38
4
2
68
11
50
62
30
32
20
46
5
31
23
16
36
10
1
37
6
56
5
12
7
3
8
18
8
32
5
9
5
33
18
23
8
36
25
26
23
13
13
11
14
9
31
12
19
0
5
8
67
35
46
56
9
11
5
35
14
13
5
1
24
28
26
43
8
9
28
39
21
2
15
17
6
9
52
33
42
46
43
3
10
10
4
5
13
1
35
29
42
3
10
23
7
23
22
32
21
24
11
16
5
1
22
10
11
9
23
30
5
0
31
10
1
4
2
7
18
24
32
20
6
11
53
3
37
15
1
44
33
5
15
6
55
29
36
17
75
1
10
58
40
8
12
14
1
14
2
45
29
7
6
16
55
23
19
27
3
22
18
25
11
3
11
0
41
5
1
43
30
23
7
42
19
43
6
4
4
22
26
11
18
12
19
3
14
2
17
40
7
15
10
47
45
34
16
29
2
10
18
41
33
8
13
8
2
31
40
11
2
21
29
6
27
16
15
1
26
28
5
16
16
3
8
1
4
6
3
10
12
4
21
12
24
5
30
18
9
18
16
14
14
9
23
31
45
17
28
26
8
8
32
0
11
19
6
8
6
8
4
10
33
54
21
17
6
6
22
1
27
3
6
25
3
4
7
23
28
7
26
15
57
20
32
4
6
3
25
19
4
23
31
10
31
11
43
30
5
12
25
1
33
4
7
7
39
39
26
23
10
19
19
24
26
8
15
1
8
0
5
24
52
13
20
13
26
3
17
4
34
26
11
24
51
3
7
9
3
2
17
37
28
30
22
25
44
16
18
13
7
16
30
8
4
52
14
8
18
29
9
4
13
12
39
17
32
11
14
2
2
24
30
24
9
15
14
15
4
26
29
3
24
30
17
6
31
11
8
8
3
2
15
21
35
16
21
3
12
15
16
11
2
10
5
19
13
11
7
14
6
0
5
19
49
33
4
1
5
13
12
13
6
6
17
8
17
1
2
6
5
20
14
5
30
7
15
5
17
13
18
1
6
19
17
14
9
25
22
8
5
1
5
14
1
4
21
21
2
18
25
5
4
23
15
10
4
23
5
4
10
4
16
4
3
14
3
1
3
14
26
13
2
14
0
3
10
11
6
12
1
17
5
26
11
13
8
29
19
9
2
6
2
12
2
16
14
13
1
5
15
6
22
3
12
10
8
6
3
10
8
11
8
5
14
20
25
8
29
9
19
46
14
23
21
8
3
34
16
1
7
10
3
5
6
18
5
11
14
46
21
8
9
11
18
3
14
35
14
7
23
1
3
8
6
9
3
11
19
16
6
9
0
4
5
29
19
11
10
24
9
3
9
3
31
22
11
13
17
8
4
8
18
6
27
2
8
5
15
9
10
5
10
2
6
8
34
15
26
18
5
18
24
8
5
8
5
6
2
13
4
7
11
5
4
13
7
20
3
20
4
14
7
13
8
25
10
8
0
4
12
9
1
13
15
19
11
3
9
14
6
24
4
3
3
3
10
12
22
4
23
4
7
4
11
12
4
4
4
15
2
3
6
19
14
4
6
4
12
4
13
9
21
9
8
6
3
12
6
2
5
10
19
11
18
2
11
6
19
18
4
3
16
3
2
1
8
16
3
6
11
4
4
4
6
2
10
4
1
9
6
4
0
4
6
3
10
2
8
1
1
10
8
1
5
0
1
3
6
7
6
3
9
0
1
4
4
4
6
1
3
9
3
0
2
3
1
2
0
2
3
1
2
1
1
0
0
