1
6
0
18
28
0
30
4
61
53
112
2
10
21
24
15
5
14
0
10
4
18
16
29
0
1
107
16
66
10
40
26
18
7
6
0
16
7
34
10
13
20
34
2
45
1
1
14
25
37
15
6
33
37
44
2
8
19
79
19
12
5
49
49
22
50
33
16
8
11
11
27
24
36
20
0
3
38
74
12
1
10
26
34
2
17
53
63
33
1
65
7
25
49
15
18
3
16
81
19
8
55
1
38
16
33
19
18
0
35
30
1
14
30
21
9
20
54
6
23
59
16
5
26
5
2
58
32
21
22
23
50
12
32
11
30
71
14
17
9
12
20
8
31
45
18
32
43
8
8
19
3
23
49
8
25
40
1
11
22
0
63
2
3
78
65
7
8
0
57
18
13
23
19
4
43
5
1
35
10
57
14
40
54
1
6
40
29
6
17
12
12
6
16
25
23
21
2
20
50
6
55
46
5
19
44
15
20
26
3
3
1
29
21
19
12
7
52
3
8
23
28
41
25
42
14
11
17
39
6
26
35
4
3
14
39
11
23
30
10
31
41
45
38
30
14
39
25
20
2
15
32
4
19
0
29
18
25
57
4
20
0
22
7
27
23
10
9
18
4
29
12
26
36
31
22
1
27
0
9
35
29
3
18
27
17
3
13
4
16
39
6
4
31
51
9
32
10
36
9
18
7
29
39
17
24
0
25
10
13
17
9
37
53
19
1
11
9
19
11
5
43
19
21
49
10
15
20
9
7
18
17
19
22
37
6
13
20
28
11
57
10
48
3
5
12
26
7
1
12
19
8
11
7
16
30
18
22
17
6
2
7
6
31
14
13
6
34
15
8
42
11
4
12
50
16
6
25
25
20
22
6
34
8
51
3
4
23
5
52
1
1
25
58
8
9
9
34
0
18
38
23
18
19
3
9
26
25
44
5
15
17
36
36
2
12
7
12
30
2
26
36
2
15
5
15
34
26
1
6
24
27
2
15
21
16
3
13
32
6
40
2
25
3
27
3
20
21
16
5
17
30
16
22
20
44
19
11
14
34
5
2
29
16
23
14
32
29
15
7
12
56
7
13
18
2
18
3
21
10
23
18
9
6
7
0
25
17
6
1
29
22
18
4
1
42
20
12
27
3
22
25
10
39
8
15
2
29
11
20
7
27
2
8
8
37
11
0
18
24
11
2
27
16
4
5
12
29
0
10
15
28
12
12
23
2
18
9
35
38
16
21
2
8
23
16
30
1
7
2
13
19
44
12
3
8
20
7
31
16
26
1
9
8
16
1
20
13
30
16
1
13
1
20
10
4
2
0
14
11
12
54
5
13
28
3
16
45
23
15
8
55
11
20
11
12
6
3
2
24
3
11
7
6
21
4
34
1
4
15
10
20
2
22
15
27
7
25
2
13
8
0
15
14
10
6
27
10
17
11
24
12
14
38
2
16
6
36
24
17
4
8
24
12
29
4
6
14
21
15
18
6
11
5
22
29
9
1
11
18
0
30
22
9
32
26
28
0
13
16
12
27
17
14
16
10
26
14
16
6
12
11
23
25
18
7
4
21
1
14
26
8
31
30
10
2
8
13
12
20
3
10
15
3
1
6
8
33
43
29
2
5
5
18
10
18
0
8
3
12
19
6
15
20
10
12
16
8
2
10
12
7
16
13
7
15
21
9
16
14
10
17
10
6
5
9
1
18
8
14
6
1
1
9
1
4
9
4
13
13
14
4
8
22
8
4
14
26
8
1
2
17
20
7
7
8
7
0
4
8
15
3
7
2
6
21
10
3
0
7
11
5
19
6
13
16
5
17
1
4
2
8
6
3
10
5
17
22
3
6
8
2
2
7
2
11
2
2
12
2
15
9
13
0
1
15
5
14
8
3
18
7
4
1
10
1
8
10
1
12
3
8
21
3
22
6
4
14
4
19
5
8
7
2
4
6
6
1
4
6
0
6
21
6
8
1
2
4
9
1
8
4
1
8
0
5
7
5
0
5
4
2
7
5
11
2
1
8
2
3
9
2
6
6
6
8
9
7
3
5
9
5
4
4
7
1
1
3
0
4
8
3
1
4
2
0
0
0
0
0
