0
11
0
13
19
10
1
30
7
5
2
5
16
28
4
28
7
51
7
31
31
58
5
10
21
21
36
50
14
7
20
38
2
2
7
14
16
11
27
22
23
12
35
8
24
26
20
7
24
10
6
43
22
14
21
23
48
8
59
14
10
20
16
3
48
15
28
11
24
16
27
18
7
43
27
1
5
20
11
15
27
23
1
13
12
12
39
23
13
14
54
15
22
0
2
13
8
21
8
45
9
31
18
38
18
16
40
5
44
36
5
8
11
31
24
11
8
22
0
18
36
8
12
30
24
39
13
72
20
19
46
16
8
5
14
4
49
46
8
40
47
22
44
16
33
16
16
12
26
54
8
41
30
15
49
28
1
7
23
57
9
10
26
46
21
33
3
18
5
39
9
50
5
11
20
48
1
18
59
40
22
86
27
23
6
20
26
13
24
39
11
11
17
2
2
23
22
64
32
19
1
12
15
28
54
39
35
54
3
4
40
18
27
14
21
11
26
23
21
25
21
15
36
35
19
55
11
11
4
55
18
39
12
27
20
11
28
14
15
32
17
16
23
46
3
56
53
8
41
3
22
1
42
32
20
10
21
28
6
37
18
28
17
12
8
16
40
1
10
32
9
5
16
29
14
7
17
2
12
30
7
18
33
14
18
7
0
23
3
45
16
3
21
31
11
24
15
7
16
2
23
19
19
2
11
7
16
21
19
20
6
8
14
15
16
26
43
15
11
65
24
3
4
17
29
39
9
27
54
2
5
22
30
8
11
6
44
14
28
39
50
5
5
4
3
37
31
8
2
14
11
24
29
6
20
15
30
6
29
16
52
12
53
7
38
13
28
23
35
3
21
14
4
2
4
6
27
10
21
23
16
39
6
33
36
31
6
22
4
17
1
19
9
35
18
5
1
30
21
0
23
4
47
38
10
3
46
49
23
19
68
21
3
30
35
11
5
20
4
26
28
14
24
13
20
5
43
9
39
21
9
7
11
12
17
4
1
4
0
22
15
11
34
14
22
26
4
12
43
35
3
5
18
35
41
8
15
17
14
20
17
2
16
6
2
7
5
33
31
24
38
1
11
7
12
15
3
21
10
6
33
43
1
6
3
18
31
25
13
3
5
27
34
19
3
25
2
43
20
3
16
3
13
34
18
9
24
42
45
8
28
20
2
4
11
23
33
23
33
23
38
24
16
2
56
18
39
30
0
10
17
43
5
43
38
24
36
31
33
4
6
18
8
8
10
4
7
29
39
28
2
18
3
6
23
6
10
17
22
15
28
17
5
20
5
19
37
34
10
9
8
28
0
32
30
13
30
7
19
1
29
8
18
11
28
3
23
35
50
3
19
0
2
9
1
29
2
12
2
18
8
14
2
14
6
14
3
21
11
7
31
30
17
10
1
40
10
3
28
4
5
10
15
4
27
20
3
13
4
11
19
11
15
25
12
2
5
20
4
18
10
11
3
11
29
7
14
1
5
6
6
10
40
3
1
22
20
9
25
28
25
15
28
23
29
31
3
23
11
2
12
1
34
14
16
5
22
1
10
16
15
2
2
18
20
10
14
13
26
16
7
1
3
17
8
0
2
0
1
20
6
13
21
10
12
22
6
16
33
8
2
9
5
42
3
11
14
14
10
20
16
12
9
2
2
41
8
20
3
3
33
10
18
10
10
37
4
22
15
21
8
9
10
6
10
12
0
9
3
20
17
35
17
1
4
1
7
10
10
4
14
19
20
6
0
20
23
4
2
7
13
9
7
6
13
14
32
19
8
4
18
28
5
10
6
26
4
11
6
37
5
12
7
8
13
22
12
1
2
2
19
26
14
12
9
5
2
13
16
2
4
5
12
11
9
0
7
6
14
12
1
1
1
6
17
11
1
14
4
1
18
13
5
0
1
11
2
2
10
10
4
2
8
4
7
13
1
11
5
1
10
15
10
1
7
12
8
14
6
16
11
2
6
3
9
3
18
10
5
0
5
2
10
11
4
8
2
3
1
6
11
7
7
11
3
3
4
1
9
2
14
1
8
4
8
7
3
3
3
3
2
2
4
2
7
4
3
0
9
3
4
7
2
5
2
0
3
0
3
1
6
4
3
0
2
5
2
1
1
0
