11
11
2
2
37
2
45
4
9
1
6
7
9
9
23
1
57
17
10
39
12
31
3
15
4
20
7
2
18
20
3
22
7
24
6
0
21
32
5
48
58
34
16
24
42
1
2
24
35
8
13
41
2
23
35
19
23
19
2
15
41
19
22
1
22
39
7
2
62
38
7
7
25
18
9
33
20
51
23
20
13
14
24
2
32
1
2
53
17
30
24
70
20
10
44
25
11
52
38
11
9
33
41
10
58
38
32
83
29
7
9
15
51
32
36
33
25
23
18
33
5
28
4
11
34
6
5
9
28
18
7
14
38
13
29
23
12
23
6
37
25
7
7
8
3
28
9
28
19
22
34
43
44
56
23
35
4
0
34
29
21
24
9
1
34
21
12
45
3
11
34
18
11
9
15
25
22
10
15
54
46
52
49
17
4
42
14
3
20
49
17
16
18
24
59
9
26
55
20
10
41
2
21
11
7
6
11
28
0
11
9
8
2
2
27
12
6
6
34
14
15
19
9
24
3
19
13
13
8
34
14
23
11
51
12
14
7
46
30
9
15
29
12
19
6
39
10
4
11
14
78
14
18
42
5
39
6
13
3
1
3
1
14
31
36
34
4
22
35
41
11
6
17
0
7
4
34
3
12
9
1
50
52
5
25
11
22
15
9
2
11
34
2
9
16
11
11
1
16
7
12
19
36
39
8
26
8
8
60
74
6
20
55
30
32
14
41
7
25
33
31
16
17
6
12
4
10
32
59
3
30
4
25
28
16
12
9
9
25
7
82
7
7
8
22
30
35
3
5
16
10
24
39
14
0
9
22
13
17
40
5
20
10
21
34
1
14
10
25
2
12
9
3
43
51
4
10
24
29
42
4
11
11
34
40
3
13
15
47
16
0
7
18
26
7
7
3
14
15
16
11
16
22
3
28
49
2
65
51
0
16
12
20
5
59
18
4
11
4
24
5
12
4
33
2
12
36
19
14
34
0
32
13
3
38
1
24
32
49
0
49
23
7
18
21
3
18
20
45
39
7
11
28
22
16
24
2
2
6
12
48
31
12
10
6
6
35
31
13
14
19
35
6
24
35
46
6
1
6
45
24
40
3
39
16
18
2
7
7
7
13
27
18
26
11
4
7
9
8
27
15
28
14
22
38
2
53
32
12
26
9
3
26
11
3
7
11
4
39
20
0
28
33
2
32
11
28
20
23
12
2
55
8
13
1
40
5
19
26
31
3
11
19
17
44
35
18
3
9
0
22
27
11
18
2
32
18
2
31
37
16
27
33
12
27
1
2
10
12
16
6
10
2
5
31
27
26
32
15
3
6
23
4
21
5
8
4
4
42
20
24
24
8
20
33
3
8
15
25
12
43
20
17
16
12
1
22
2
2
8
17
19
6
48
5
12
19
23
10
9
18
28
5
24
7
4
7
21
6
11
7
10
12
23
10
13
11
26
6
13
7
1
6
21
37
22
9
2
26
14
6
3
6
5
6
40
10
10
12
9
9
17
23
2
12
8
16
5
21
39
35
18
18
11
3
1
18
0
14
16
17
15
2
10
10
3
17
26
5
6
19
5
21
10
6
7
37
1
19
24
2
20
22
12
19
4
4
20
29
2
3
7
13
22
8
11
0
6
10
15
1
17
15
18
7
4
1
5
20
9
16
11
0
10
19
8
21
4
12
0
19
17
30
3
0
15
16
11
3
2
1
1
4
10
21
26
13
17
0
5
4
4
20
7
3
10
8
0
8
12
13
22
1
7
9
12
8
9
7
8
4
21
8
6
6
30
19
17
6
10
18
5
4
7
12
6
17
6
18
2
5
7
6
5
11
13
8
3
7
4
16
15
6
6
15
9
9
14
7
7
3
1
2
18
15
2
10
4
8
8
11
1
10
7
3
10
13
17
3
16
8
8
22
9
6
6
18
1
1
10
16
8
2
21
2
2
12
8
12
2
3
1
5
6
2
7
4
0
19
3
19
3
3
8
6
4
3
4
4
11
17
3
1
8
7
7
1
11
7
3
7
2
4
5
4
11
2
8
1
1
4
8
4
0
3
5
4
2
9
4
0
0
0
5
7
9
2
1
5
0
5
1
3
5
2
1
2
6
1
3
4
4
1
3
3
2
1
1
0
0
