19
7
10
23
20
24
4
1
6
24
4
71
1
8
50
5
1
14
14
30
46
20
13
1
30
0
3
11
24
32
3
14
35
40
2
22
17
59
0
3
0
11
14
43
39
43
41
13
41
53
7
40
27
9
13
7
33
6
34
41
14
19
6
23
10
34
17
32
53
4
0
7
9
54
37
36
26
18
7
5
25
12
18
20
16
43
9
35
28
15
27
4
16
5
30
53
1
9
16
14
42
29
1
22
1
6
62
2
25
41
2
54
67
23
29
36
17
48
16
50
15
74
12
16
6
1
33
12
8
12
7
1
14
4
59
19
2
22
44
27
16
56
19
20
25
0
28
0
11
7
56
31
25
106
10
3
13
3
15
3
35
39
2
40
20
34
11
35
11
9
30
29
14
6
2
27
5
11
25
12
12
32
2
31
13
6
3
15
2
44
17
11
7
49
24
27
16
22
7
24
38
16
6
16
14
11
24
25
15
5
9
52
3
5
26
4
20
14
4
25
33
23
9
48
54
7
3
8
4
28
2
10
12
44
26
21
18
38
13
28
39
35
42
21
0
13
12
17
11
0
9
11
15
43
1
10
9
11
32
34
2
11
23
17
33
18
18
22
41
3
34
1
20
44
52
32
16
10
29
7
65
20
12
12
9
20
59
21
7
4
79
11
43
16
60
2
8
2
7
19
6
11
17
18
30
30
9
30
2
11
9
20
13
14
45
1
20
17
45
3
11
8
31
1
4
7
18
24
30
9
3
49
20
22
11
38
23
27
9
3
12
5
3
47
4
15
37
3
26
23
2
39
9
7
25
55
6
17
26
15
16
5
7
14
27
42
9
4
13
46
19
37
50
3
9
9
26
54
36
8
4
47
10
36
13
24
19
14
10
14
39
32
10
5
1
26
55
12
23
47
5
11
24
20
4
5
0
5
8
46
1
34
26
14
34
34
31
23
9
13
17
12
5
7
2
26
8
34
26
48
62
4
8
20
24
16
32
1
42
37
5
14
15
1
34
21
26
24
12
30
21
2
13
5
9
27
12
2
4
9
35
30
30
20
34
13
1
33
8
27
39
22
11
48
9
34
11
13
6
11
24
5
2
10
4
16
20
13
18
8
6
45
26
15
6
29
34
18
23
22
11
25
11
2
0
31
4
22
15
26
9
0
0
6
11
25
17
6
7
3
3
38
28
32
27
37
17
6
26
0
21
6
19
14
12
25
2
1
14
25
9
12
5
48
22
13
1
6
33
23
11
2
8
21
13
1
9
20
16
39
10
29
17
1
16
10
2
15
33
30
1
13
45
13
28
23
5
49
9
22
4
24
19
40
15
34
16
9
28
17
28
19
3
19
9
7
3
0
16
14
22
25
8
30
4
12
8
24
28
23
17
9
10
2
22
8
11
18
6
30
1
30
12
38
1
24
16
5
24
16
19
7
18
24
7
2
20
8
1
7
32
13
12
7
6
3
9
25
5
29
10
6
41
0
5
11
6
26
3
20
25
20
17
20
0
3
10
2
1
40
18
19
8
7
22
12
2
9
11
16
33
12
9
29
14
25
2
5
10
31
15
20
3
3
2
7
11
8
27
27
16
3
8
26
10
13
0
24
5
10
9
9
26
13
0
36
9
26
10
22
2
9
27
3
7
5
20
6
25
23
15
16
12
5
6
12
19
18
14
10
1
9
6
7
15
15
13
20
14
10
23
14
25
6
18
7
29
14
4
2
6
19
7
28
1
8
13
3
8
15
2
15
6
2
31
5
5
6
3
14
7
23
19
4
7
7
4
12
5
3
17
21
10
23
6
2
16
23
9
1
13
2
19
7
20
3
3
19
10
14
19
4
10
19
4
10
10
10
10
1
3
2
14
12
20
7
4
13
4
5
15
22
2
0
3
16
14
8
20
16
2
4
4
4
4
6
4
12
7
6
4
6
10
5
10
12
9
8
0
4
16
1
12
7
3
5
2
9
1
4
11
14
20
8
3
3
2
11
6
2
3
8
2
4
9
2
0
9
5
1
7
3
3
14
4
12
14
7
6
8
0
15
3
3
1
2
2
2
4
7
2
1
11
5
3
18
1
4
5
2
6
3
3
4
2
2
4
1
8
10
4
1
4
7
9
0
5
8
0
4
3
3
1
3
2
0
1
1
0
0
