10
1
7
4
3
11
15
29
3
13
7
20
29
27
30
19
7
5
12
44
10
53
5
10
3
21
24
13
17
24
37
33
8
38
52
4
10
42
20
20
18
8
4
51
10
20
24
18
27
29
22
5
4
11
5
26
20
31
10
9
25
53
13
6
17
46
21
15
53
0
15
51
35
22
23
15
33
24
14
4
18
15
9
10
4
5
25
55
20
29
17
14
74
21
26
5
4
58
27
14
19
31
13
9
11
47
21
11
1
59
30
5
25
28
62
9
32
12
40
46
25
16
8
24
27
21
2
11
5
45
14
34
14
23
32
25
27
4
1
18
5
43
0
12
8
19
50
42
49
50
37
1
24
4
25
4
3
40
13
45
12
33
43
41
5
19
13
24
18
48
33
37
10
70
8
10
14
23
10
37
24
26
15
17
23
77
16
27
47
28
20
27
14
10
39
13
4
6
12
25
32
69
12
2
7
45
3
27
32
21
1
41
27
12
37
32
28
36
45
7
43
50
5
13
6
20
5
52
15
11
12
36
19
9
26
16
12
9
12
18
23
20
7
30
33
52
23
18
33
30
9
14
54
11
5
0
50
56
32
21
27
17
35
2
2
43
32
35
16
49
11
14
72
18
21
5
8
8
10
15
4
22
48
27
19
22
19
23
13
31
25
49
25
4
17
26
10
51
23
17
42
13
48
19
9
6
32
14
16
4
6
20
1
4
18
15
21
30
60
22
26
9
47
15
52
11
12
16
10
47
9
48
20
9
28
0
27
12
12
6
22
18
35
2
18
26
18
36
21
4
21
16
22
19
19
31
24
28
48
4
34
1
33
46
25
3
27
20
11
8
37
23
16
19
25
17
25
13
21
15
11
22
31
33
8
11
11
3
11
13
24
5
5
28
24
12
27
9
16
15
20
7
17
22
54
33
11
18
34
38
5
0
9
37
20
9
4
24
50
1
6
16
20
33
2
3
31
23
23
19
5
4
14
15
34
10
24
39
6
22
39
1
11
3
32
1
17
8
21
12
48
1
26
15
1
22
3
9
11
38
6
9
2
8
17
16
58
4
5
21
15
35
10
34
12
12
12
48
6
0
50
14
39
3
9
9
6
6
25
24
28
12
18
24
5
26
18
14
45
26
28
6
28
14
8
5
6
55
27
5
33
10
11
9
12
39
35
11
2
16
9
12
16
4
17
10
17
9
37
24
0
11
12
1
16
14
21
8
9
8
3
35
3
24
18
7
8
13
51
14
6
11
44
18
6
9
38
12
0
23
10
14
7
2
41
41
17
39
9
17
2
18
6
16
58
9
15
18
4
17
10
17
17
10
6
5
14
0
28
25
15
4
0
21
7
4
20
5
28
32
19
13
1
9
19
16
13
10
15
5
16
18
2
9
20
44
11
6
21
40
3
23
13
24
4
17
14
12
35
16
36
2
7
19
4
7
34
6
1
21
8
13
3
19
38
9
2
6
9
16
30
8
1
8
30
9
6
4
51
21
4
13
16
12
10
30
11
0
14
2
24
16
14
2
14
26
21
8
10
9
8
8
28
18
25
12
26
4
3
14
12
16
7
11
20
2
12
21
2
13
10
5
23
12
4
26
32
14
9
4
23
17
20
2
33
9
17
19
5
0
14
3
30
10
6
3
2
7
1
2
23
36
0
10
18
4
10
9
5
4
36
25
5
3
13
18
2
12
16
13
11
14
3
2
6
8
15
12
0
8
2
11
33
9
22
15
15
22
24
23
20
4
15
17
1
21
2
2
9
9
10
22
8
12
15
15
8
8
11
9
5
1
5
11
10
27
5
15
5
4
10
15
0
3
21
4
1
3
4
20
6
2
7
29
3
8
20
9
9
14
2
2
7
3
4
9
4
9
3
12
6
5
18
27
1
4
14
3
6
8
11
5
3
16
8
9
5
9
27
12
7
7
5
5
22
12
12
8
8
3
14
4
6
6
5
0
2
6
13
1
7
18
0
0
3
0
12
3
3
0
10
10
5
9
2
10
16
3
5
3
12
2
2
4
9
7
2
7
2
3
3
4
1
12
5
17
10
1
1
0
2
15
6
5
9
1
3
3
7
9
5
3
3
9
19
4
1
10
3
1
3
10
4
10
0
1
1
5
5
0
3
1
9
5
6
5
2
6
1
4
2
5
3
1
1
0
0
1
1
0
