10
21
13
1
46
4
7
16
9
6
32
7
8
93
5
19
13
8
30
16
6
0
11
14
16
14
20
13
24
10
14
45
46
33
15
32
8
8
32
47
33
25
37
10
17
15
47
24
36
5
23
52
5
12
11
19
3
6
4
5
36
24
4
58
32
0
14
10
37
11
7
44
24
25
9
37
45
21
3
16
27
47
46
11
2
25
2
8
12
20
35
51
40
34
24
28
27
42
40
39
22
10
32
11
5
17
43
34
9
12
1
35
33
45
29
3
14
23
24
0
54
12
6
22
27
21
32
13
9
9
3
89
19
3
45
13
46
31
51
31
14
23
61
5
49
5
22
17
5
18
6
11
19
8
18
27
31
8
6
33
39
8
10
41
8
40
15
10
38
1
14
12
5
44
13
40
12
6
31
10
6
51
67
23
11
50
6
51
33
26
8
8
26
15
8
33
2
2
8
28
59
15
6
28
37
8
8
31
7
50
3
14
21
8
14
4
6
26
9
22
28
10
10
27
19
37
19
12
36
50
10
13
29
32
21
2
27
1
14
42
17
15
10
26
3
48
17
37
1
64
22
21
6
9
23
5
19
3
3
19
18
38
4
1
11
3
1
19
26
3
4
32
38
0
15
5
19
30
30
8
15
1
3
12
36
8
17
31
37
2
20
8
46
43
4
6
8
19
4
15
54
44
5
47
21
35
0
5
16
13
15
35
21
23
5
1
25
2
1
10
2
32
1
0
11
7
24
27
15
24
1
46
21
6
54
3
44
7
6
56
6
21
24
6
40
15
10
40
17
24
23
14
19
23
3
64
13
2
28
31
18
52
20
37
6
49
2
20
11
21
4
31
44
30
40
23
6
14
17
22
3
2
26
28
28
6
19
17
1
17
4
39
28
8
40
6
4
16
7
22
10
12
27
1
23
21
18
10
11
14
32
4
16
22
4
22
17
37
7
38
45
21
10
11
4
3
5
47
46
19
18
2
2
36
4
15
1
11
33
33
23
35
2
52
35
53
7
44
9
4
25
4
11
7
6
15
5
17
9
14
32
2
2
56
8
18
34
5
16
26
34
46
29
12
2
9
29
32
10
2
0
39
10
21
7
24
28
15
38
0
21
42
26
4
27
21
38
11
21
16
67
7
12
35
17
6
19
23
29
4
6
15
36
31
51
3
30
7
41
12
27
4
44
6
21
26
6
34
15
16
49
15
35
6
12
22
2
13
10
1
5
29
11
20
8
4
14
3
42
35
12
37
6
1
17
13
19
7
9
7
41
18
1
18
43
26
18
12
5
25
7
7
0
7
11
29
31
10
15
5
4
13
10
27
53
31
37
19
14
20
11
5
3
8
8
5
26
15
10
29
29
12
7
19
13
14
12
10
10
0
10
36
2
30
26
0
9
5
13
19
10
11
9
11
8
11
23
28
15
18
7
40
16
7
20
8
9
27
20
11
2
17
1
11
11
1
29
18
21
7
22
30
13
10
19
28
18
11
16
8
7
4
5
14
2
5
14
48
34
10
37
21
13
6
12
1
28
34
17
33
11
7
5
1
2
11
27
10
8
20
3
25
22
4
36
6
4
2
25
9
17
4
10
9
14
5
25
1
30
5
11
14
7
66
21
18
26
1
10
22
2
6
2
27
1
7
28
20
9
2
16
2
1
7
14
14
24
21
35
18
10
7
2
21
0
7
3
20
10
10
5
22
5
27
2
34
18
14
4
25
1
14
1
6
6
7
1
12
6
16
19
19
14
37
9
9
21
10
7
20
4
5
6
17
16
8
13
22
11
11
1
9
10
1
13
24
15
11
1
3
19
10
4
8
2
23
9
2
2
15
6
14
5
8
0
29
1
16
5
20
19
1
13
10
3
4
10
21
12
18
27
12
10
5
0
17
24
13
1
8
4
15
12
1
6
1
1
15
1
17
3
5
11
1
16
7
1
21
1
9
6
3
5
2
7
4
6
6
5
26
6
10
4
2
9
24
1
3
4
13
3
9
5
3
2
0
2
12
17
5
12
11
3
2
4
23
17
13
5
2
0
5
1
10
4
2
1
4
10
3
2
6
9
17
4
4
12
0
5
5
11
3
2
7
5
2
11
5
2
4
5
3
0
8
6
2
8
6
2
1
2
2
5
4
6
2
2
1
3
0
1
1
4
5
3
1
1
2
2
6
4
2
3
3
2
4
2
0
1
1
