7
16
9
32
10
36
27
6
3
19
7
55
4
30
4
3
7
23
6
13
5
1
10
16
22
42
7
11
8
29
7
39
17
9
5
21
2
16
9
6
82
5
2
5
40
32
8
65
51
25
24
11
7
4
21
30
5
27
5
13
6
52
9
24
15
14
7
57
8
2
5
71
22
21
6
7
6
24
5
13
25
50
55
19
13
9
3
3
36
3
16
12
15
24
8
1
5
41
22
25
23
4
11
25
11
24
15
11
33
9
41
39
14
35
25
53
9
9
23
34
16
10
40
33
1
24
29
18
2
2
20
3
28
19
8
47
17
4
9
27
31
48
2
8
33
11
27
10
5
62
34
21
0
42
8
24
22
43
14
44
15
25
33
2
21
5
48
16
36
22
5
20
8
23
7
15
13
11
19
52
7
3
24
21
27
21
10
4
29
35
3
21
41
24
19
4
13
33
3
27
25
27
19
23
26
24
30
17
19
13
16
13
11
26
7
19
28
44
59
53
38
30
3
45
9
23
34
22
28
28
31
11
69
13
37
19
17
1
0
10
3
22
3
38
26
35
38
22
36
7
2
15
12
5
19
35
15
11
42
16
35
15
2
15
32
3
11
20
36
2
34
31
2
19
31
8
58
58
19
8
15
36
8
9
11
21
28
12
9
8
36
22
16
4
22
10
43
6
27
13
21
17
7
15
19
4
30
4
12
25
3
27
0
63
1
87
14
23
20
13
17
28
12
14
20
48
3
31
14
6
50
14
50
10
4
8
18
4
15
11
47
1
24
13
24
6
2
38
22
52
68
9
28
36
2
31
5
38
30
2
29
3
3
4
19
32
6
12
58
47
4
24
21
23
3
19
12
31
5
2
11
32
33
39
51
20
24
7
37
10
18
28
16
31
17
11
18
28
27
15
16
29
0
29
5
8
1
4
39
8
30
22
12
31
16
20
24
21
39
44
44
31
10
11
7
21
3
4
8
14
10
27
29
22
15
39
37
9
21
2
18
3
58
1
38
6
22
9
7
16
5
30
19
4
27
15
49
5
15
11
6
32
25
1
3
1
16
28
27
15
10
21
11
12
2
13
13
1
43
15
11
22
22
7
35
6
11
34
20
12
14
12
15
18
26
20
1
9
16
13
4
47
16
22
9
10
20
7
3
34
28
51
13
4
7
29
14
12
41
30
13
3
19
13
45
3
23
14
6
4
17
23
9
9
1
37
18
21
1
20
8
7
11
1
11
15
7
30
8
2
5
61
12
15
14
7
10
14
8
26
18
59
34
13
37
13
37
14
10
8
0
61
5
9
9
15
1
44
11
9
8
18
5
29
11
28
2
14
9
3
23
7
11
3
3
28
35
31
12
16
20
26
28
2
15
0
34
35
2
7
7
3
20
19
14
4
9
26
31
20
12
24
30
14
31
5
29
7
4
47
17
30
30
7
3
2
9
33
32
10
27
9
6
14
3
20
31
1
30
4
6
11
12
31
37
7
12
2
4
21
9
3
25
35
29
12
4
22
1
6
38
1
39
7
6
12
37
23
13
5
7
2
6
24
30
4
26
7
5
6
2
30
6
11
28
20
6
7
28
3
22
0
1
40
26
10
35
15
1
19
4
5
13
28
16
10
35
12
10
14
0
8
4
26
16
20
1
26
13
17
18
21
15
2
15
20
11
13
33
16
56
10
10
4
7
12
10
2
16
15
12
9
16
4
4
1
4
19
10
0
7
17
0
26
14
19
5
3
10
13
5
3
6
21
11
27
17
11
1
4
7
9
3
13
1
12
6
18
21
0
10
5
14
5
22
16
11
8
3
14
14
3
13
5
5
5
25
12
2
18
7
27
10
1
27
2
4
3
17
8
4
7
11
2
17
4
10
16
6
15
1
11
9
22
8
5
2
19
3
2
8
12
2
27
3
6
27
8
4
15
0
10
16
7
21
2
26
3
9
25
2
7
5
6
5
17
21
4
12
3
0
3
5
18
12
4
4
1
3
8
3
16
20
7
6
4
8
4
17
9
3
3
6
2
16
5
4
2
9
3
14
6
4
6
8
8
7
3
7
1
2
15
5
28
5
1
5
12
3
16
11
1
4
4
1
16
3
3
10
4
9
3
10
3
0
6
11
5
6
15
0
6
2
2
7
2
7
8
2
1
2
6
2
2
5
2
7
3
1
3
4
1
4
3
3
2
2
5
2
0
1
4
7
9
1
1
1
1
1
1
