11
3
0
28
4
4
12
6
28
29
46
55
6
3
13
42
44
6
37
29
1
23
6
5
5
1
25
22
45
6
4
12
17
59
1
9
5
23
13
18
6
24
22
2
2
24
24
12
19
29
47
4
12
48
88
16
49
8
21
36
31
34
20
0
6
33
36
3
17
3
30
59
24
20
31
67
3
21
19
27
2
31
1
16
36
10
2
16
57
47
2
20
38
21
27
53
30
8
8
87
23
52
62
9
14
52
2
24
14
3
17
49
63
45
48
29
29
17
44
21
9
11
68
12
9
64
22
65
48
1
28
12
15
10
58
17
5
33
12
20
1
25
56
28
14
38
6
10
24
36
11
40
43
2
5
56
13
2
1
6
29
29
28
42
8
19
26
13
36
13
5
33
9
8
3
40
51
51
1
22
32
29
16
16
11
56
43
31
41
37
19
6
12
6
1
10
2
52
26
28
3
35
18
47
8
10
40
7
24
14
27
32
83
45
15
39
31
3
16
14
31
18
34
9
38
18
48
50
7
28
40
24
16
18
3
24
11
31
4
20
23
17
58
35
31
21
72
13
82
2
37
41
30
5
9
25
21
37
46
6
4
13
11
11
38
28
14
4
44
25
15
70
34
25
7
12
2
23
51
66
26
6
22
1
12
4
54
49
26
33
20
48
24
24
9
12
56
69
9
30
21
8
11
24
43
12
14
15
36
4
22
14
21
1
33
0
3
48
52
16
34
4
14
55
28
60
2
45
16
10
12
7
21
57
10
36
2
10
4
38
50
8
20
26
12
8
14
54
41
33
27
25
15
10
26
2
74
7
10
8
17
18
4
21
10
11
12
69
36
8
14
35
19
27
15
24
30
22
10
9
50
50
1
2
12
5
9
21
30
13
15
5
43
2
21
45
34
14
6
20
59
23
27
16
10
6
38
10
19
38
19
17
3
39
47
21
38
24
4
32
37
20
7
20
15
9
1
29
18
4
7
34
18
12
14
12
38
25
12
20
2
28
10
1
39
13
3
1
23
18
2
13
32
46
1
39
4
53
25
34
5
12
32
23
12
44
10
22
5
21
9
8
2
12
33
25
28
11
6
53
33
4
2
28
25
3
8
25
7
62
12
23
0
8
43
3
33
9
31
0
9
33
33
24
9
4
31
6
24
13
12
5
25
21
5
25
4
7
18
8
32
35
36
15
19
8
2
26
29
26
8
16
1
26
1
24
3
40
18
0
1
20
1
17
19
22
28
3
0
4
3
19
16
20
8
10
4
27
34
1
3
44
13
7
13
6
24
15
24
15
40
18
17
9
2
8
14
11
19
4
11
7
13
2
12
4
7
8
12
10
29
9
2
6
34
13
18
38
27
3
55
3
8
20
7
1
3
4
1
28
30
7
13
12
1
19
3
0
14
10
34
22
8
16
9
8
15
18
23
19
10
9
27
19
18
4
15
15
72
21
17
18
14
17
6
13
34
23
21
21
13
2
12
50
7
19
14
9
14
13
20
11
0
2
20
16
7
7
1
6
10
18
5
15
8
4
8
45
7
7
13
27
35
12
17
9
12
11
0
16
12
8
3
4
7
21
14
3
7
0
12
8
22
7
24
29
29
35
18
2
0
16
15
23
1
8
23
33
26
4
9
15
4
24
10
29
7
19
12
29
23
8
28
12
3
10
6
16
21
6
8
3
5
41
11
17
5
1
33
3
6
31
11
9
18
8
15
8
5
7
12
2
14
6
13
10
8
12
10
23
3
11
7
5
5
9
11
22
5
36
8
12
4
33
23
15
4
29
2
22
5
10
28
4
1
7
11
3
2
2
8
10
22
3
10
5
9
4
13
4
15
15
14
8
33
9
4
6
11
3
16
35
3
11
15
33
7
15
7
17
2
4
14
4
2
4
2
17
2
18
16
7
2
4
14
22
4
2
1
8
4
34
7
1
14
5
5
2
5
5
17
11
1
1
6
3
32
11
3
4
12
9
3
1
8
8
20
6
9
12
4
9
19
2
18
8
7
4
6
3
5
3
7
7
8
19
7
21
7
4
7
8
2
4
22
18
2
13
11
0
1
4
0
12
8
2
16
19
8
6
4
0
1
5
3
6
4
11
6
1
1
11
5
4
9
3
3
9
3
3
1
19
8
0
5
3
2
7
20
2
2
8
7
4
1
1
5
0
6
9
10
8
0
2
6
4
0
11
1
2
3
3
5
10
1
4
0
4
2
7
2
0
1
1
0
0
1
1
0
0
